0  83  143  0  10919  1829  139  12  0  12  3  103  0  63  9256  2888  2  13  87  136  0  37  50  15089  8  2  91  18  28  90  3046  44  0  285  41  0  82  157  0  0  1  247  1052  11  30  14  1  18  1  8  2  118  9512  73  0  3  64  38  0  8  10  33  596  3464  20  492  4  37  1  127  5  14  16  0  2492  5  68  0  392  561  0  7  1  9  2  11  36  47  191  684  7  15  2  19  9  84  18  396  7  2  20  7  46  20  5  1  0  6  12  2  16  9  9  4  0  32  31  12  5  2  1  3  1  0  0  5  265  30  0  6  2  1  1  2  7  82  5  12  6  1131  7  7  8  1  1  5  5  0  
122  0  9  0  29  4  0  0  0  18  3  5  2  1  22  60  2  13  21580  3334  9348  869  223  150  10  0  889  2  2  146  3  5  0  1541  178  0  2975  1315  0  0  0  16212  762  22  2  3  20  59  1  817  3845  3  38  1  0  12  2486  1436  3525  362  758  15  151  160  341  23  1  4  0  1  0  30  121  0  12  18  1  0  2  0  0  0  0  0  2  0  0  0  2  5  3  6  26  42  9  9  10  1  0  0  16  0  0  23  0  0  0  1  10  0  0  1  0  0  0  5  7  18  0  0  0  1  0  0  0  0  0  0  0  0  4  2  0  1  2  0  0  0  19  23  0  0  0  0  0  0  0  0  
714  35  0  21  117  35  13  2835  526  5  1  243  15  311  329  22448  186  296  92  232  0  9  530  825  33  11  5043  9844  8090  14088  59  86  1  492  938  4  67  82  2  1  4  173  279  7  5254  8818  32  1260  16  17  0  47  106  47  0  2  9  16  1  17  1  369  732  371  15  161  3769  83  71  1  721  30  145  1  52  6  1331  2  14  0  0  14  2  3  1  15  4  18  23  848  9  26  14  15  12  80  18  20  18  25  128  98  196  172  3  1  5  199  51  38  44  137  2  4  2  38  96  26  16  44  0  70  3  0  9  3  5  29  0  16  4  0  0  3  20  4  5  11  19  20  381  6  98  0  10  70  151  3  
18  5  86  0  1  4  6  0  0  0  0  6666  141  1406  73  66  3655  1055  17  33  1  2  2  156  893  16899  370  6412  3280  42  0  1  203  2870  160  4744  76  375  10  22  7176  55  3  0  3592  7  30  623  8844  0  0  22  11  2  10  147  4  4  1  13  2  186  1  70  0  3  2169  919  4  1  0  368  925  435  1  1  1  0  0  0  0  0  0  0  0  1  1  1  4  12  0  3  1  3  1  0  1  0  0  0  5  0  0  3  0  0  0  0  2  0  0  1  0  0  0  0  3  1  1  0  0  0  0  0  0  0  1  3  0  1  0  1  0  0  1  0  0  0  1  1  0  0  0  0  0  0  0  0  
8046  27  41  0  0  4080  8  1  0  1  1  154  0  106  3695  11179  0  1  27  50  0  11  7  553  5  0  27  5  15  30  1952  5  0  54  15  0  17  38  0  0  0  98  98  6  7  5  0  7  0  1  0  351  5604  50  0  2  25  16  0  1  0  51  26  1  7  479  3  19  0  3794  1  2  4  0  2618  1  8  0  1176  962  29  0  0  6  0  8  21  25  79  1062  1  4  6  3  0  12  8  232  2  1  4  0  7  5  9  3  0  0  8  1  7  3  6  3  0  14  9  1  3  0  0  0  0  1  1  2  79  7  0  1  1  0  1  2  7  65  2  1  2  338  1  4  2  34  0  0  0  0  
1698  0  35  0  4259  0  15771  835  31  71  2  9  0  42  675  36913  10  5  1  1  0  0  58  1104  2  0  5  2  3  1025  4111  1162  0  20  279  0  2  4  0  0  0  1  67  235  1  72  3  46  0  3  0  33  269  1  0  0  0  0  0  0  1  48  554  52  475  11302  0  1  0  14995  417  1  1  0  641  0  128  1  472  7938  488  54  0  0  1  77  7  40  187  2401  4  45  2  8  0  6  14  32  26  1  7  4  127  9  35  51  0  7  10  0  5  1  7  17  1  2  6  4  4  4  0  2  0  0  0  8  218  185  0  1  2  0  0  1  1  37  26  2  4  1449  4  2  17  6  0  0  3  0  
216  0  186  0  234  15597  0  10900  289  130  0  44  0  187  1338  27824  0  2  0  4  0  1  5  67  2  0  7  2  5  1545  113  1  0  13  5  0  0  4  0  0  0  3  7  244  2  95  0  2  0  0  0  138  422  16  0  1  0  0  0  1  0  73  39  3  522  8717  1  15  0  178  645  1  0  0  90  4  7  2  49  35  853  88  1  1  0  90  1  21  152  2620  10  89  5  4  1  14  21  12  34  0  16  0  17  8  0  0  0  1  10  0  11  0  2  11  0  9  14  2  7  1  1  4  0  1  0  9  136  536  1  7  4  1  3  2  1  6  0  2  0  270  3  32  5  0  0  2  2  0  
21  2  7730  0  73  1881  10563  0  3672  518  7  151  0  82  125  20809  0  2  1  4  0  0  24  16  0  0  17  0  1  6242  8  1  0  11  5  0  2  2  0  0  0  2  2  691  2  9633  0  3  0  0  0  93  51  1  0  0  0  1  0  0  8  26  7  2  616  6470  0  20  0  18  1696  0  1  0  11  7  1824  0  3  0  213  626  58  55  0  17  1  3  6  3493  8  30  37  10  0  5  15  3  8  1  149  49  334  690  0  1  0  10  6  1  7  1  2  2  0  3  6  14  5  521  0  3  0  1  0  1  4  111  0  25  2  0  3  3  1  2  0  0  55  529  74  22  115  0  83  1  4  0  
0  0  88  0  9  311  288  3629  0  4015  1  0  0  2  3  410  0  0  0  0  0  126  1  0  0  0  0  0  0  6231  0  0  0  2  0  0  1  0  0  0  0  0  0  717  0  1815  0  0  0  0  0  1  1  0  0  0  0  0  0  0  0  0  1  0  148  4518  0  0  0  0  5849  1  2  0  1  0  8  0  0  0  2  69  541  1  0  0  0  0  0  10  0  0  0  0  0  0  0  0  0  0  6  0  0  248  0  0  0  0  0  0  0  0  0  0  0  0  0  0  0  10  0  0  0  0  0  0  0  0  0  0  0  0  0  0  0  0  0  0  1  359  0  0  0  0  30  0  0  0  
176  15  5  0  22  305  250  465  3058  0  291  42  1  25  59  1900  2  2  23  1515  2  333  3467  365  2  0  205  1  5  1898  62  418  0  145  78  0  93  97  0  0  0  258  570  4167  0  5  5  14  0  198  0  37  25  1  0  2  2  7  2  6  650  10  270  45  434  12014  0  16  0  70  147  7  25  0  7  13  31  1  1  0  1  1  34  1047  38  5  0  2  4  42  3  13  10  83  29  92  1078  9  5  1  67  2  2  65  17  0  0  8  21  0  12  2  0  2  0  37  121  72  2  3  2  7  0  0  4  0  1  24  0  2  3  0  0  3  56  1  3  8  73  5422  5  11  0  0  1  5  6  0  
31  14  7  0  4  0  0  0  0  746  0  5  0  0  12  16  0  4  42  30968  1  5391  87  34  0  0  17  1  0  2379  2  7  0  218  35  1  32  61  0  0  0  4141  36  18438  0  0  4  19  0  6  0  1  2  0  0  0  0  11  0  3  225  7  12  17  14236  167  0  0  0  3  14  3  38  0  9  14  4  0  0  0  0  0  57  44  261  0  0  0  4  6  4  9  22  83  22  127  146  6  0  0  33  2  1  342  1  0  0  2  7  0  6  3  0  0  0  33  35  114  0  1  1  2  0  0  3  0  0  1  0  2  9  0  0  4  33  0  1  2  67  296  0  0  0  0  0  1  1  0  
72  10  173  5854  16  4  3  22  1  2  0  0  187  9269  148  5517  4034  2844  42  87  2  7  13  332  718  1470  389  290  179  336  0  1  174  387  188  75  76  179  36  2161  71  134  11  4  113  48  28  1036  17803  1  0  7916  41  14  5  192  5  12  0  15  3  334  11  97  9  22  345  4152  9  2  12  202  335  5  10  2  14  1  4  0  1  1  0  0  0  29  2  5  18  394  11  41  1  5  0  7  17  3  6  2  12  4  9  2  0  0  0  3  6  0  5  0  0  8  0  8  5  0  1  2  0  0  0  0  0  4  4  78  0  1  0  1  0  0  1  0  0  1  2  1  3  51  3  0  1  2  0  0  
5  4  31  23  2  1  1  1  0  0  0  471  0  1974  30  62  47  7080  26  32  0  1  3  7517  110  36  66  40  41  38  0  1  2  29  212  0  8  37  3529  79  0  43  2  3  37  4  7636  224  530  0  0  5  6  0  0  8  4  5  0  1  1  548  6  404  0  1  15  32  1  0  0  30  65  0  1  0  0  0  1  0  0  0  0  0  0  1  0  1  3  6  0  1  1  1  1  1  1  0  0  0  2  0  0  0  0  0  0  0  0  0  1  1  0  0  0  0  3  0  1  0  0  0  0  0  0  1  0  0  0  1  1  0  0  1  0  0  0  0  1  1  1  0  0  0  0  0  0  0  
95  17  209  75  48  65  58  26  1  0  1  5288  2907  0  408  3948  86  1383  65  75  0  2  18  738  1007  502  470  300  198  331  7  1  1  122  56  1  52  220  5325  5027  0  108  36  7  172  32  40  417  5743  0  0  7608  102  14  17  258  6  19  0  4  1  3526  23  88  15  101  282  216  3  2  41  211  325  0  26  1  7  11  38  1  6  2  0  3  0  124  8  51  345  986  5  253  6  8  2  19  12  15  86  4  18  2  16  11  2  1  0  1  22  2  35  12  4  49  1  19  33  6  7  0  4  4  2  1  0  18  74  71  1  8  0  2  0  1  3  14  1  1  2  8  2  7  2  0  0  4  2  0  
9908  13  283  2  3600  506  1190  116  3  4  0  209  0  575  0  30194  6  19  29  93  0  16  59  6297  42  1  212  222  7666  226  14  12  0  335  77  0  40  76  0  0  0  156  222  13  658  41  2  21  3  4  0  42873  42849  32353  0  37  5  24  0  12  3  6416  45  31  15  467  83  8943  3726  9  32  15  38  0  219  1  44  7  328  3  2  3  0  6  0  62  11  130  751  2629  4  51  5  8  3  50  13  65  30  1  25  3  32  22  1  0  1  8  22  0  10  3  12  16  0  21  29  5  6  1  0  3  1  2  1  27  335  68  0  6  3  0  0  2  10  86  1  4  4  14  7  34  4  0  1  3  9  1  
2672  64  19015  17  12232  27771  11433  9836  796  20  5  5075  29  5769  24956  0  14  265  109  232  1  41  212  1998  86  20  479  155  1484  1368  819  90  0  433  281  1  76  144  3  3  0  339  203  123  153  638  14  175  10  11  0  12501  2931  44858  2  35  48  54  4  7  3  1752  553  190  192  4074  62  4654  2967  4590  156  32  67  0  868  34  1110  92  1486  2674  107  176  24  13  8  1965  97  527  2557  20929  135  1512  94  91  20  231  268  222  687  60  244  44  1119  334  4  0  1  61  112  7  211  56  64  258  6  190  228  60  93  124  12  48  18  11  20  120  1227  3073  7  140  15  15  6  17  35  199  9  18  29  112  75  710  647  4  55  33  29  3  
8  2  155  3140  0  9  1  0  0  1  0  3007  28  127  15  17  0  11110  23  36  0  0  723  621  807  1228  356  612  60  36  31  23  310  1343  3272  575  218  703  4  4  892  15  26  0  133  5  575  9042  6839  1  0  3  2  0  5  152  1  6  0  24  1  42  1392  259  0  3  306  68  0  12  0  1125  1697  26  1  0  3  0  0  0  0  0  0  0  0  0  0  0  0  4  0  1  2  0  0  3  2  1  0  0  2  0  0  0  0  0  0  0  0  0  1  2  0  0  0  3  0  1  0  0  0  1  0  0  0  0  0  0  0  1  1  0  0  0  0  0  0  1  0  0  0  0  0  0  0  0  0  0  
37  15  108  517  5  16  4  1  0  4  0  2970  3713  2260  45  156  8303  0  59  80  0  7  624  4011  410  809  225  166  94  61  49  42  6  573  2324  71  110  237  328  138  4  117  96  3  108  7  9132  2841  11460  3  0  10  10  1  2  59  8  14  3  9  3  890  3993  2690  5  7  75  302  3  33  0  226  432  2  5  1  9  0  1  2  0  0  0  0  1  1  0  1  2  18  0  3  2  1  0  1  0  0  0  0  7  0  1  4  2  1  0  3  2  0  1  2  0  1  0  2  2  0  1  0  0  0  0  0  0  1  0  0  0  0  0  0  0  0  0  0  2  0  3  1  2  0  0  0  0  1  0  0  
159  24282  163  7  40  5  1  0  0  13  6  35  6  49  99  863  42  57  0  10311  106  6  235  188  6012  12  11422  9  157  450  6  9  3  2439  211  7  6352  2663  0  0  0  9733  677  27  24  8  15  349  8  289  0  93  35  14  0  963  20671  17546  6600  762  197  61  130  132  840  12  11  162  1  1  0  974  10657  3  7  40  2  0  4  0  1  0  0  1  4  0  0  0  3  14  7  18  48  69  30  29  21  10  1  0  79  0  2  53  1  0  0  1  19  0  5  0  0  0  0  19  30  27  0  0  4  8  0  2  2  0  2  2  0  2  20  6  0  10  10  2  1  3  45  22  0  1  1  0  0  1  4  0  
241  1946  119  5  47  6  4  0  0  3473  26107  31  1  26  83  489  6  44  6169  0  72  2810  413  291  699  17  5550  11  21  3383  12  55  0  3118  426  22  1934  1625  0  0  5  7111  647  7884  7  14  34  255  3  236  0  15  57  3  0  2409  331  8173  106  740  573  88  201  140  4324  950  10  29  0  6  1  488  1774  3  23  148  21  0  2  3  0  0  0  300  124  0  4  0  5  35  35  63  188  380  108  449  1003  42  6  2  228  7  7  156  4  0  0  36  74  3  33  16  1  0  1  140  194  412  1  0  2  23  0  7  16  0  3  5  0  8  63  12  7  23  259  4  7  12  381  1305  9  4  0  0  0  14  10  1  
13  13085  1  0  2  0  0  0  0  7  0  0  0  0  1  1  0  0  261  248  0  2379  3787  5  0  0  26  0  0  1  0  3  0  49  7  0  139  36  0  0  0  391  61  6  0  0  0  1  0  6933  2066  0  0  0  0  0  311  94  3977  7441  18213  0  6  3  11  4  0  0  0  1  0  1  4  0  0  0  0  0  0  0  0  0  0  0  0  0  0  0  0  0  0  0  0  1  0  0  2  0  0  0  0  0  0  0  0  0  0  0  0  0  0  0  0  0  0  0  0  2  0  0  0  0  0  0  0  0  0  0  0  0  0  0  0  0  1  0  0  0  2  1  0  0  0  0  0  0  0  0  
127  609  17  0  35  3  0  0  120  847  4570  11  0  2  14  52  0  0  17  3833  1888  0  1980  133  0  0  21  3  2  3854  1  13  0  1248  165  0  185  756  0  0  0  8251  375  18940  0  3  23  20  0  101  3971  2  37  0  0  0  4  9  0  3  15301  8  115  149  229  88  0  2  0  0  112  3  15  0  1  1  3  0  0  0  0  0  46  28  33  0  0  0  0  2  0  2  0  1  5  68  110  5  0  0  4  2  1  38  1  0  0  1  0  0  0  2  0  0  0  7  21  6  0  0  0  0  0  0  1  0  0  1  0  0  0  0  0  0  8  0  1  0  5  165  0  1  0  0  1  1  2  0  
109  161  212  0  10  18  1  3  0  2262  48  28  0  11  30  788  345  270  57  295  3303  2282  0  887  5  0  285  22  21  2064  13  82  0  637  7186  0  598  84  0  0  0  139  17170  2395  32  27  14  694  1  9096  1  25  14  2  0  2  27  31  1  11  10171  8  2604  287  254  417  12  7  0  27  57  10  59  0  3  0  31  0  2  3  0  0  0  46  0  6  0  1  0  39  4  3  4  6  1  10  23  1  3  0  39  1  4  10  3  1  0  2  6  0  3  2  1  1  0  2  7  7  0  0  1  2  0  0  1  0  0  15  0  2  4  0  0  1  6  0  1  0  4  257  2  10  0  0  0  2  2  0  
18999  97  305  11  54  624  3  4  0  46  5  324  6259  1083  3281  1072  972  4317  123  260  0  27  790  0  117  33  266  72  43  135  7616  538  0  388  2721  1  148  265  38  10  0  387  929  19  58  20  13732  820  5  36  2  237  40  6  3  65  78  67  3  24  22  8114  18131  36669  26  543  71  54  1  323  5  60  44  0  344  9  148  4  90  145  0  9  0  4  2  40  9  21  64  295  8  94  11  21  10  91  25  106  26  3  24  5  61  26  350  5  0  7  12  0  11  11  1  9  1  48  38  17  16  6  1  6  2  1  4  5  69  25  0  4  2  1  0  0  9  24  90  4  5  107  3  11  5  34  0  2  9  0  
243  57  150  77  36  11  6  5  0  3  4  488  207  4902  302  463  309  444  5083  699  0  4  49  638  0  12716  9172  243  450  100  1  3  2  419  302  26  9513  6298  22  33  1  75  118  2  73  9  44  466  358  42  0  517  75  12  8192  28243  55  1483  462  819  2  659  54  126  33  17  636  348  0  1  2  1418  31102  0  6  1  3  0  3  1  0  0  0  1  3  8  0  2  21  82  4  9  2  4  3  2  4  2  3  0  12  1  2  15  0  0  0  0  3  0  1  2  0  4  0  5  6  3  2  0  0  0  0  0  1  2  6  10  0  2  2  0  1  1  1  1  0  0  8  3  0  2  1  0  0  1  1  0  
29  11  109  15521  1  3  3  0  0  0  0  2538  112  4569  78  256  372  753  50  63  1  1  5  453  20462  0  602  2564  47  76  0  1  8  2288  47  9541  404  3285  27  60  13560  59  12  1  31  15  20  478  1177  5  0  21  8  0  6015  9624  5  15  2  19  0  285  5  34  1  2  23628  617  1  1  1  2658  5481  77  1  2  2  1  1  0  0  0  0  0  0  0  0  1  7  35  2  7  1  1  0  2  3  1  4  1  10  0  3  2  0  0  0  3  2  1  5  1  0  0  0  0  5  0  0  0  0  1  0  0  0  1  1  0  0  0  0  0  0  0  0  1  0  0  3  1  2  0  0  0  0  3  1  0  
282  518  4246  90  41  10  11  4  0  15  16  188  38  1103  283  856  656  488  6298  7106  18  5  487  490  6646  155  0  1688  809  15094  3  27  18  5469  591  64  3621  2224  8  3  90  168  629  20  131  69  33  4417  343  185  0  371  58  7  12  39962  214  468  181  840  18  349  275  222  3750  21  11296  238  1  3  0  1251  6540  12  14  193  9  3  5  2  0  1  0  1  34  3  2  6  6  54  39  103  181  185  110  78  37  12  7  1  182  2  7  113  0  0  0  9  83  0  23  11  0  0  0  88  113  164  0  0  9  25  0  7  5  0  2  5  0  8  72  14  3  28  45  3  1  9  206  37  4  2  0  0  0  6  5  1  
293  10  9952  7021  44  14  20  6  0  1  0  697  191  3235  616  637  1589  1126  46  67  0  5  125  667  983  2600  2867  0  8717  260  6  7  5  245  1038  10  208  550  26  29  165  99  68  3  35901  12  51  4451  1190  4  0  1530  57  14  5  522  8  10  0  161  2  812  146  132  7  24  42723  1142  3  1  2  568  755  3  36  2  4  0  18  2  2  0  0  0  0  5  0  5  31  98  0  4  0  2  0  10  3  6  1  1  11  0  2  1  0  0  0  3  5  0  8  5  0  1  0  2  5  1  0  0  0  2  0  0  0  1  14  3  0  1  0  0  0  0  1  5  0  2  2  5  1  2  1  0  0  2  5  0  
837  63  9192  3254  176  35  15  4  0  4  0  294  100  1132  8168  3546  296  414  104  170  0  18  71  1074  724  16  1422  11180  0  120  12  9  0  172  613  0  466  526  14  9  6  230  74  2  48369  30  110  541  105  6  1  6998  198  4878  0  396  46  44  0  89  1  763  188  390  18  34  2496  17352  17515  5  1  164  556  1  38  2  4  0  12  1  0  0  0  0  0  4  1  2  14  101  1  7  4  3  2  12  2  3  3  0  11  2  14  3  1  0  0  0  4  0  3  4  0  3  0  9  3  6  4  0  1  2  0  0  0  0  7  5  0  1  0  2  1  2  4  2  0  1  7  5  1  3  1  0  0  1  2  0  
255  61  14400  5  59  446  324  987  3378  1050  1264  183  2  111  164  2628  20  86  157  3001  0  4529  2084  313  10  9  15518  30  79  0  21  38  1  1774  505  1  709  385  0  0  0  127  384  4336  16  9499  8  488  2  32  0  106  57  3  0  12  7  31  14  105  775  126  185  112  12761  781  62  73  0  9  18049  194  552  2  115  889  327  8  20  1  1  10  4  6  73  12  8  11  21  327  266  490  1464  1025  380  151  131  95  36  8  2402  33  42  3268  7  2  1  98  498  3  269  58  2  1  1  204  536  317  7  14  31  108  0  33  17  2  14  46  0  88  485  107  24  166  130  14  20  27  435  193  72  4  14  0  9  46  46  1  
1908  3  88  0  2398  6762  6  0  0  6  1  1  0  0  3  423  9  3  2  3  0  0  27  6529  0  0  3  1  0  1  0  3265  0  9  81  0  1  1  0  0  0  1  23  2  0  0  1  10  0  2  0  2  3  0  0  1  0  0  0  0  5  0  16319  115  1  1347  0  0  0  17573  0  1  0  0  115  1  401  0  9  1410  3  34  0  0  1  0  0  1  7  309  0  0  0  6  0  2  10  36  0  0  15  4  266  25  1190  14  1  12  11  0  0  1  0  0  0  3  9  5  6  15  1  1  1  0  0  2  3  3  0  2  0  0  0  0  0  2  208  4  3  148  3  2  29  613  1  0  4  2  
162  2  271  0  3  1021  1  0  0  36  0  2  0  1  11  181  21  81  4  31  1  1  167  3089  1  0  43  8  4  30  4124  0  0  77  647  0  8  15  0  0  0  15  384  21  11  10  51  57  0  14  1  0  1  1  0  0  0  2  0  0  10  1  9347  225  1  449  1  0  0  1514  0  3  1  0  30  4  868  0  7  14  0  28  1  1  1  1  1  2  8  238  4  11  3  19  4  35  47  41  2  1  32  32  266  69  89  4  0  62  38  1  12  9  1  1  0  24  36  19  20  28  2  15  0  0  0  2  4  2  0  5  0  1  0  2  2  4  106  11  10  5  8  5  13  0  6  3  22  4  
5  0  231  358  1  0  1  0  0  0  0  196  0  17  10  10  796  38  0  5  0  0  5  13  4  188  401  76  3  20  0  0  0  13580  1015  836  10  83  0  0  5427  2  2  0  1  2  1  9797  662  0  0  0  1  0  0  10  0  0  0  0  0  15  5  7  0  1  485  4  0  0  0  83  213  8390  0  0  0  0  0  0  0  0  0  0  0  0  0  0  0  2  0  0  0  1  0  0  0  0  0  0  1  0  0  0  0  0  0  0  0  0  0  1  0  0  0  0  0  0  0  0  0  0  0  0  0  0  0  0  0  0  0  0  0  0  0  0  0  0  1  1  0  0  0  0  0  0  0  0  
303  270  886  252  38  2  0  1  0  17  11  995  109  441  76  326  714  568  657  1172  4  166  398  273  124  2939  2486  62  58  626  5  28  7345  0  9129  10052  411  3077  15  22  1133  1587  4932  18  26  115  20  8953  1437  29  5  9  40  1  142  43  127  236  8  49  12  81  319  137  66  11  264  119  1  15  0  1346  29632  3767  17  14  36  0  1  0  0  0  0  1  1  2  0  3  7  26  2  10  23  20  10  33  34  8  3  3  89  9  4  31  0  0  0  10  16  3  25  29  0  0  0  14  34  29  1  1  1  10  0  1  1  0  1  2  0  13  8  3  2  3  12  1  1  2  17  10  11  2  1  0  0  13  16  0  
176  75  688  3  19  30  0  0  0  9  1  133  65  25  59  214  2265  624  146  427  2  41  10415  1151  78  6  623  174  137  418  11  88  1718  14014  0  0  63  140  0  0  60  391  6366  17  372  84  240  14969  5  8  1  6  13  1  0  28  15  66  2  14  4  34  2628  211  9  38  41  4  0  15  0  82  194  0  7  7  38  0  1  4  0  0  0  4  1  2  0  1  4  17  3  7  7  14  5  25  12  5  2  0  39  10  12  26  7  1  0  10  6  2  8  9  0  1  0  12  16  10  3  0  1  3  0  0  1  0  1  2  0  8  5  0  3  4  6  1  4  2  7  19  5  1  0  0  0  4  7  1  
16  6  274  3421  2  3  1  0  0  0  0  1426  28  436  19  68  967  614  36  44  0  0  20  54  82  17458  416  35  13  97  1  6  1193  13126  38  0  225  1112  1  10  9480  14  12  0  5  42  7  644  2389  3  0  4  4  0  10  15  0  6  2  26  0  37  14  13  0  3  122  110  0  0  0  1380  1611  8929  1  1  16  0  1  0  0  0  0  0  0  2  0  0  1  12  2  2  0  0  1  3  4  4  0  1  6  2  3  2  0  0  0  6  2  3  3  6  0  2  0  2  7  3  1  0  1  1  0  0  0  0  0  0  0  0  0  0  0  0  0  0  0  0  2  0  1  0  0  0  0  4  7  0  
167  2628  886  23  20  8  1  1  0  24  2  48  15  182  94  129  123  149  2294  1106  86  26  261  253  521  50  2262  78  125  1527  6  5  0  1166  158  0  0  10940  2  1  0  498  8800  25  49  205  15  677  59  10811  2  68  25  5  0  194  72  225  4814  17586  11  118  299  138  77  32  157  69  0  4  0  21156  324  0  13  56  12  1  1  1  0  1  0  0  19  2  1  3  8  23  9  21  96  202  24  17  19  12  3  1  189  2  1  122  2  0  0  2  19  0  40  10  0  0  0  9  27  33  0  0  1  5  0  2  0  0  1  2  0  17  28  5  2  15  11  0  3  2  43  33  3  1  0  0  1  6  4  0  
238  430  982  120  46  9  7  1  0  28  8  232  79  959  144  221  225  307  1553  2315  3  76  137  359  3431  2941  2703  145  251  1095  3  10  1  3004  307  209  12068  0  12  8  75  1354  5833  45  65  224  31  657  364  66  6  221  52  1  637  1102  300  467  4590  562  16  267  281  183  197  22  259  208  1  7  1  32861  32788  0  11  16  12  0  6  0  0  0  0  0  11  5  0  3  7  41  4  11  22  35  11  17  21  4  5  4  124  2  2  46  0  0  0  2  11  2  21  15  0  0  0  22  21  31  2  0  0  6  0  0  0  0  6  2  0  16  11  1  1  4  7  0  0  4  35  19  6  1  1  0  0  13  3  0  
7  3  68  32  3  0  2  0  0  0  0  722  4586  13104  20  147  53  3809  14  30  1  1  5  1099  622  414  134  81  112  50  0  0  0  42  19  0  33  114  0  1970  0  47  8  0  93  5  1979  213  5325  0  0  2  3  2  2  47  2  7  2  6  1  249  3  36  0  1  34  143  3  0  2  108  218  0  1  1  0  0  1  0  1  0  0  0  0  0  0  1  3  18  0  2  0  1  0  4  1  0  1  0  4  0  1  4  0  0  0  0  0  1  2  2  0  1  0  0  0  3  0  0  0  0  0  0  0  0  1  3  0  0  0  0  0  0  0  0  0  0  1  0  0  1  0  0  0  0  0  0  
8  2  49  40  2  1  1  1  0  0  1  3558  415  8005  39  141  34  436  21  25  0  2  1  390  241  100  100  37  68  35  2  0  2  37  15  0  19  47  2010  0  0  53  4  0  52  3  11  175  4158  0  0  5  7  0  3  29  0  6  0  5  0  138  4  30  0  0  23  58  1  0  0  59  116  0  1  1  0  0  0  0  0  1  0  0  1  2  0  1  1  10  0  8  1  2  1  1  3  1  2  0  3  0  0  0  1  0  0  0  2  0  1  3  0  1  0  0  0  1  0  0  0  1  0  0  0  0  2  1  0  1  0  0  0  0  0  0  1  0  1  1  0  0  0  0  0  1  1  0  
3  0  115  9384  2  0  0  0  0  0  0  1051  10  60  8  3  5015  642  10  5  0  0  4  11  23  12466  213  411  1  38  0  0  2432  7197  7  16628  57  486  1  2  0  2  4  0  2  12  2  5921  12613  1  0  2  1  0  7  63  0  1  1  6  0  13  5  2  0  1  469  20  0  0  0  491  1347  5273  1  0  4  0  0  0  0  0  0  0  0  1  0  0  0  3  0  0  0  0  0  0  1  1  0  0  2  1  0  0  0  0  0  0  0  0  0  1  0  0  0  0  0  0  0  0  0  1  0  0  0  0  0  0  0  0  0  0  0  0  0  0  0  0  0  0  0  0  0  0  0  0  1  0  
281  14477  42  0  80  5  0  1  0  345  3979  19  0  6  66  135  2  39  9765  6048  374  7737  433  366  1  0  57  4  2  48  6  22  0  3819  508  0  302  1388  0  0  0  0  552  3904  5  6  29  282  1  249  478  1  90  0  0  1  3045  220  1  23  827  77  188  193  9  35  0  0  0  4  0  42  401  0  12  8  4  0  2  0  0  0  0  11  5  2  0  1  3  5  2  2  4  21  8  19  45  2  0  0  5  2  1  1  0  0  0  0  1  0  1  0  0  0  0  4  11  12  0  0  1  1  0  0  1  0  2  2  0  0  3  1  0  0  5  2  0  1  13  71  0  1  0  0  1  1  0  1  
360  212  303  0  11  8  1  1  0  167  6  23  0  12  58  231  17  44  211  529  14  39  11261  395  4  1  543  57  25  259  28  185  0  5268  4881  0  9349  8497  0  0  0  226  0  15  13  33  2  32  0  6409  1  8  10  0  0  2  83  137  25  107  81  11  908  78  123  101  17  1  0  90  0  23  40  0  3  8  16  1  0  1  0  0  0  13  2  4  0  0  3  18  4  12  12  14  10  29  16  2  1  0  26  4  1  14  3  0  0  11  17  1  7  9  0  0  0  14  25  16  2  1  0  6  0  0  6  1  1  1  0  2  4  1  0  0  15  2  0  1  5  34  5  1  0  0  0  4  6  0  
193  31  22  0  23  126  106  129  58  7326  22871  44  0  23  79  822  0  10  72  15575  0  26863  3211  193  0  0  70  2  7  7197  40  114  0  1088  210  0  84  272  0  0  0  8251  232  0  0  25  13  87  0  28  0  16  46  2  0  1  8  24  1  2  5235  40  132  76  21706  1516  0  6  0  14  345  13  159  0  48  59  227  1  11  3  0  0  2  259  68  8  2  2  14  63  12  36  38  268  110  516  897  58  3  4  47  53  12  76  1  1  1  112  46  6  27  56  1  1  1  125  264  264  10  2  9  49  1  0  24  3  7  15  0  9  10  12  0  4  251  2  8  28  240  1309  36  9  0  0  1  28  75  2  
771  57  8411  8210  146  41  20  5  1  1  1  656  586  4015  1142  881  1903  2050  95  160  0  11  182  1487  707  121  1330  60497  77522  142  12  11  3  278  3452  0  364  523  65  52  4  221  87  9  0  29  238  2965  927  4  2  2314  172  39  5  355  22  29  0  71  1  1525  297  517  13  46  3750  1577  41  3  5  204  496  1  40  1  12  0  18  4  0  1  0  0  0  6  0  4  35  164  1  11  4  5  1  4  5  5  3  1  12  2  4  6  0  0  0  4  5  0  5  2  1  2  0  4  4  3  3  0  0  1  0  0  0  0  18  10  0  0  0  0  0  0  2  6  0  1  1  14  3  8  0  0  0  2  1  0  
134  2  16958  4  32  241  146  8253  2075  6  2  409  1  141  171  4448  6  38  14  51  0  3  259  132  5  5  1045  4  44  20512  7  34  0  238  285  0  118  50  0  0  0  33  152  20  12  0  5  182  1  13  0  268  64  2  0  2  2  8  0  27  1  85  142  58  22  634  5  67  0  4  659  51  75  0  41  33  2355  5  19  0  1  8  2  7  2  16  2  25  15  467  14  28  57  19  18  31  12  16  16  29  950  101  55  307  1  0  5  72  43  16  56  105  1  3  0  28  75  27  10  42  1  45  0  1  2  1  2  69  0  36  10  3  6  16  2  10  2  7  35  103  365  17  29  0  15  64  63  6  
25  40  20  15  1  28  0  0  0  1  0  103  9116  1213  8  34  1771  18384  48  83  1  25  65  15466  46  23  35  9  16  28  63  42  0  520  1635  0  34  156  1451  21  0  141  72  1  10  2  0  830  1636  1  2  0  1  1  0  6  11  14  1  5  2  263  379  8835  5  13  5  11  0  32  0  30  52  0  2  0  5  0  0  0  0  0  0  0  0  0  0  1  0  4  0  0  1  0  1  4  1  1  1  0  1  0  1  2  0  0  0  0  0  0  0  0  0  0  0  0  3  0  0  0  0  0  0  0  0  1  0  0  0  1  2  0  0  0  1  1  0  0  2  4  0  1  0  0  0  1  0  0  
312  128  2664  598  60  42  13  1  1  6  5  538  53  782  319  505  11234  3314  748  1196  5  40  1252  1929  542  719  5268  2197  193  1454  19  32  9050  19109  20812  240  378  859  1  7  3905  1325  139  23  560  189  976  0  374  14  3  38  80  5  8  259  61  220  11  78  7  830  814  950  19  43  2318  103  1  11  5  1075  3709  177  34  28  26  1  5  8  1  0  1  0  5  6  2  5  9  74  13  25  44  27  14  36  41  15  5  2  192  3  10  73  0  2  0  12  18  2  63  41  1  3  0  17  62  52  0  0  1  14  0  2  0  1  11  6  0  29  6  1  2  15  15  6  2  6  46  16  10  1  0  0  2  21  12  0  
17  2  153  12068  0  0  2  0  0  0  0  33357  1239  11992  38  204  13022  24187  34  55  0  1  4  684  1037  2941  311  565  156  59  0  0  182  2529  39  2158  151  533  4951  4377  5909  59  9  0  179  7  2210  1701  0  1  0  8  5  1  4  106  1  6  0  20  0  429  11  41  0  2  217  348  2  0  2  671  1737  237  1  0  1  0  0  0  0  0  0  0  0  4  0  0  2  17  0  3  0  1  0  1  1  0  5  0  8  0  1  4  0  0  0  1  1  0  2  4  0  0  0  2  4  2  0  0  0  0  0  0  0  0  1  1  0  2  0  0  0  0  0  0  0  0  0  0  0  0  0  0  0  1  0  0  
75  2568  66  0  3  0  0  0  0  147  4  3  0  3  6  27  4  6  544  924  8988  96  7556  92  2  0  945  7  3  127  5  22  0  631  30  0  14254  306  0  0  0  453  10801  37  4  10  1  22  0  0  1  2  6  0  0  2  536  387  541  9418  2408  1  566  39  224  31  9  0  0  8  0  15  18  0  0  5  2  0  1  1  0  0  0  6  4  0  0  0  0  4  2  4  7  6  3  3  14  0  0  0  11  0  0  14  0  0  0  1  1  0  0  2  0  0  0  1  5  7  0  0  0  0  0  1  0  0  0  0  0  2  2  0  0  1  5  0  0  0  8  24  1  0  1  0  0  0  1  0  
104  4889  8  0  24  2  0  0  0  18  1  5  0  1  19  11  0  2  20  34  3514  7967  119  90  0  2  8  2  2  5  5  4  0  966  112  1  126  594  0  0  0  2029  232  5  1  3  14  19  0  69  0  0  38  0  0  0  3  12  1  2  3879  6  80  97  0  1  1  0  0  0  0  1  8  0  2  0  1  0  1  0  0  0  0  0  0  0  0  0  1  2  0  0  0  0  0  0  4  1  0  0  2  1  0  2  0  0  0  0  0  0  1  1  0  0  0  0  2  0  0  0  0  0  0  0  0  0  0  2  0  0  0  0  0  0  1  0  0  0  1  6  0  1  0  0  0  0  0  0  
154  1  114  2  76  113  143  44  0  0  1  12230  0  11694  42363  20073  6  8  6  6  0  1  7  359  141  0  363  440  1833  188  4  0  0  14  14  0  88  62  0  0  0  9  9  4  350  17  0  4  2  0  0  0  6307  7542  0  142  1  1  0  16  0  2312  3  4  6  139  319  12751  395  4  22  24  75  0  7  1  5  3  26  0  1  0  0  0  0  74  1  21  175  662  3  46  3  0  1  3  7  3  17  1  2  3  4  2  1  0  0  0  5  0  5  2  2  15  0  3  8  2  2  0  1  1  0  0  0  13  28  60  1  5  0  0  0  1  2  6  0  0  0  2  2  42  0  0  0  0  1  0  
10058  21  62  0  4776  48  292  66  0  0  0  97  0  280  73826  6884  0  9  44  63  0  16  19  933  8  0  63  19  43  159  7  4  0  79  22  0  28  49  0  0  0  129  65  12  19  10  0  8  0  2  1  6057  0  21931  2  6  32  18  0  1  3  118  17  8  16  100  3  32  14  3  18  3  13  0  399  2  12  0  133  1  0  0  0  2  1  50  7  29  195  589  5  50  4  5  1  14  8  35  16  2  7  2  12  3  2  0  0  1  9  0  4  6  5  11  0  16  12  2  1  0  0  5  0  0  0  6  111  95  0  1  1  0  0  0  2  35  1  1  3  11  3  44  2  0  0  3  1  0  
469  0  259  0  82  11  49  9  0  0  0  177  1  473  47984  61763  0  11  6  9  0  2  5  74  13  0  47  37  4849  32  1  0  0  10  4  0  7  18  1  1  0  17  2  1  123  3  2  14  0  0  0  14005  25222  0  0  14  2  2  0  4  1  244  5  2  3  14  10  6046  7459  0  2  7  10  0  13  0  2  0  8  1  0  0  0  0  0  4  1  4  20  92  0  1  0  0  0  6  0  2  2  0  1  0  1  1  0  0  0  0  1  1  1  0  1  1  0  0  3  2  0  0  0  0  0  0  0  0  13  9  0  0  0  0  0  0  0  0  0  0  1  1  1  1  0  0  0  0  0  0  
3  0  6  23  0  1  0  0  0  0  0  54  23  615  15  27  11  24  1  3  0  0  0  58  16307  15777  145  18  4  3  0  0  0  56  4  12  7  1982  5  2  1  0  1  0  0  0  2  5  22  0  0  8  1  0  0  671  1  1  1  0  0  48  0  7  0  1  80  9  0  0  0  140  8873  0  0  0  1  0  0  0  0  0  0  0  0  0  0  0  0  7  0  0  0  0  0  1  0  0  0  0  0  0  0  0  0  0  0  0  0  0  0  0  0  0  0  0  0  0  0  0  0  0  0  0  0  0  0  5  0  0  0  0  0  0  0  0  0  0  0  0  0  1  0  0  0  0  0  0  
192  67  197  111  31  17  7  4  0  0  5  306  66  4467  304  371  339  241  5276  3968  0  2  42  602  46625  10351  57208  828  614  94  3  3  3  783  205  12  3470  4550  9  8  37  59  79  3  105  16  21  1107  333  14  0  651  47  8  901  0  367  7199  178  607  0  553  41  68  9  11  12644  327  2  0  1  3538  6852  2  7  4  5  0  9  1  0  0  0  0  1  4  1  8  24  91  2  7  2  9  2  6  4  3  2  0  12  1  4  6  0  0  0  1  3  0  1  2  0  1  0  1  2  4  0  0  0  0  0  0  0  0  11  8  0  1  3  0  1  0  1  4  0  0  9  4  0  1  2  0  0  0  0  0  
71  4099  10  1  16  2  0  1  0  2  0  3  0  9  13  41  4  9  37273  1010  127  4  63  78  245  5  1680  3  6  44  2  2  0  1297  58  4  1069  1134  0  0  0  3652  316  5  3  1  15  54  0  295  0  5  23  1  0  124  0  3439  346  274  83  9  63  81  22  1  5  4  0  1  0  240  3164  0  4  5  0  0  1  1  0  0  0  1  1  0  0  0  0  2  2  4  10  4  2  3  1  0  1  0  6  0  0  10  0  0  0  0  1  0  0  0  0  0  0  2  1  0  0  0  0  0  0  0  0  0  0  0  0  0  0  1  0  0  2  0  0  0  3  1  0  0  0  0  0  0  0  0  
57  1320  38  0  14  1  0  0  0  25  3  9  1  9  23  125  3  21  21931  16309  47  9  130  88  2169  5  6179  3  21  120  0  4  0  1068  115  7  1099  602  0  0  2  192  248  40  3  2  12  103  1  137  0  9  17  1  0  8802  544  0  257  326  67  25  52  61  44  21  3  9  1  1  0  286  653  1  3  34  1  0  0  0  0  0  0  0  11  1  0  1  1  2  10  18  19  50  18  51  48  2  1  0  26  0  2  21  0  0  0  0  11  0  4  0  0  0  0  11  7  72  0  0  2  4  0  1  3  0  0  0  0  1  11  2  1  4  18  0  0  1  48  17  0  0  0  0  0  0  1  0  
33  3881  30  1  6  0  1  0  0  3  0  7  2  35  23  103  9  10  10185  644  4147  2  45  55  2311  2  2256  4  53  172  0  2  0  649  42  0  7156  5773  0  0  0  64  836  7  8  3  3  57  0  895  1  35  8  1  0  637  141  336  0  3139  18  25  142  46  203  13  3  49  0  0  1  62  7075  0  3  36  0  1  0  0  0  0  0  0  4  1  0  0  1  7  9  16  32  37  15  8  6  3  2  0  37  0  0  33  0  0  0  0  14  0  3  0  0  0  0  18  14  14  0  0  1  2  0  0  2  1  1  0  0  1  14  2  0  1  9  1  0  0  18  3  0  1  0  0  0  0  1  0  
17  1629  99  0  3  0  0  0  0  2  2  3  4  8  12  21  12  13  382  658  9422  2  43  45  4  1  593  6  6  185  0  0  0  492  31  0  13682  664  0  0  0  51  1222  1  4  24  0  42  0  8207  0  8  2  0  0  4  146  358  5701  0  89  12  202  26  188  2  9  2  0  0  0  150  62  0  1  1  1  0  1  0  0  0  0  1  2  0  0  0  0  2  1  3  6  9  4  6  1  0  1  0  25  0  1  13  0  0  0  0  5  0  5  6  0  0  0  3  6  6  0  0  0  1  0  1  0  0  0  0  0  3  4  0  0  3  0  0  0  3  7  2  2  0  0  0  0  4  0  0  
52  2254  13  0  4  1  0  0  0  1413  817  0  0  1  9  61  1  10  119  3950  19526  23718  11149  78  1  0  163  1  1  1683  12  68  0  488  39  0  790  463  0  0  0  1930  2649  2754  1  0  3  9  0  5994  3699  0  5  0  0  3  109  39  3  5  0  6  262  105  1107  407  1  1  0  7  25  4  35  0  3  3  7  0  0  0  0  0  0  121  2  1  0  0  0  7  2  6  2  6  6  27  202  2  1  0  7  0  0  4  3  0  0  3  5  0  2  2  0  0  0  9  28  5  0  1  1  1  0  1  1  0  0  1  0  1  0  1  0  1  15  1  1  2  9  369  0  2  0  0  0  0  1  0  
138  25  177  9  34  51  59  6  0  2  2  289  717  5242  7686  1717  45  760  106  184  0  6  25  9697  95  17  225  126  73  143  4  6  1  256  47  0  26  89  51  6  0  352  155  7  72  23  15  248  7  3  0  1771  55  48  2  77  13  33  0  7  0  0  40  12  7  51  93  44  5  0  7  31  76  0  29  8  11  4  106  1  0  0  0  3  5  26  7  57  403  1325  6  52  4  9  3  27  8  14  18  2  17  0  6  7  1  0  0  6  11  0  16  3  5  8  0  15  22  9  5  0  2  4  2  0  3  19  115  28  0  6  1  0  0  3  8  37  1  2  3  11  3  7  2  0  0  3  1  0  
426  265  516  1  135  1361  2  0  0  64  3  7  0  20  28  147  1497  3456  150  391  0  38  4267  26305  9  0  566  46  84  236  14163  8168  0  883  4514  0  903  361  0  0  0  182  1485  22  79  43  274  814  0  503  1  2  9  0  0  1  79  131  39  86  20  13  0  6131  104  342  19  2  0  2832  1  26  32  0  40  2  236  0  8  49  0  8  0  0  3  1  1  2  7  82  1  6  4  19  10  26  23  30  1  2  26  8  91  28  261  6  1  15  12  2  3  5  1  0  0  14  18  14  4  0  1  4  1  0  2  0  0  1  0  3  0  2  0  0  0  1  143  10  12  29  2  0  5  32  1  4  14  1  
2814  199  146  4  4  72  0  0  0  15  4  64  323  28  15  110  148  2141  230  379  0  57  91  37457  15  6  223  19  49  102  157  109  0  638  326  0  265  659  2  0  1  488  337  5  41  18  8578  764  0  13  5  2  3  0  0  11  111  99  4  40  3  8  1488  0  51  34  12  4  0  150  0  65  50  0  74  4  22  0  18  12  0  0  0  2  3  3  1  9  12  70  4  8  8  11  5  84  8  17  1  0  17  12  21  7  6  0  0  5  7  0  9  7  1  1  0  36  24  33  2  0  0  5  0  0  4  5  3  3  0  7  5  0  0  0  9  8  3  2  5  27  3  6  2  0  0  4  5  0  
49  206  76  1  14  39  30  37  27  4048  20985  16  0  12  18  254  0  14  301  14092  5  3186  1597  55  7  4  5463  1  6  35715  0  13  0  545  67  0  411  342  0  0  0  87  219  25915  1  43  1  54  1  79  0  6  13  0  0  6  6  66  18  52  2262  18  48  26  0  1451  0  14  0  0  360  96  183  1  28  217  25  2  3  0  0  2  0  75  197  5  0  3  6  25  34  72  238  612  113  325  342  34  9  0  341  3  7  530  1  2  0  16  76  1  43  3  0  1  0  107  107  441  1  2  5  13  0  13  10  0  1  4  0  6  91  23  5  38  146  2  8  4  380  1179  4  0  1  1  1  9  4  0  
2145  20  1251  0  487  19840  6280  5610  6641  17545  95  92  1  193  1291  11302  14  14  46  676  4  61  761  2536  2  4  353  5  7  4076  1541  1070  1  210  204  0  114  110  0  0  0  187  566  2996  6  440  4  41  1  153  0  175  334  7  0  2  6  9  4  8  207  77  406  69  2023  0  2  20  0  210  965  10  65  0  898  28  1841  3  923  3881  131  292  295  579  15  160  16  148  676  11299  32  93  81  72  10  49  382  63  34  8  1027  76  166  2320  21  6  1  11  46  1  85  26  14  19  0  28  79  64  17  282  4  14  1  3  3  18  302  458  0  80  16  6  2  27  26  71  22  8  115  10288  138  21  12  5  138  21  10  1  
162  2  3905  4367  18  6  13  6  0  0  0  725  79  4298  314  418  743  555  41  58  0  3  63  530  5120  37591  21521  45592  1151  54  4  7  18  360  272  23  345  1085  13  24  168  54  30  3  917  36  15  2751  1021  5  1  682  36  6  368  19686  4  9  0  242  1  541  80  84  9  10  0  427  2  1  3  1048  1685  8  17  0  3  0  9  1  0  0  0  0  0  3  0  6  23  88  0  5  3  3  1  8  5  6  0  1  4  1  2  3  0  0  0  0  2  0  2  2  1  1  0  5  3  1  0  0  0  0  0  0  0  1  13  1  0  1  0  0  0  1  0  2  0  0  0  0  0  1  0  0  0  4  1  0  
40  11  167  1299  7  1  4  6  0  1  0  8277  22  468  14977  9755  113  134  14  20  0  3  0  47  304  105  277  485  18666  165  0  0  0  30  63  1  145  144  1  5  0  41  4  0  959  31  12  146  16  0  0  19423  22  10946  0  102  3  4  0  30  0  91  5  30  0  5  209  0  2926  1  4  57  179  0  2  0  6  1  2  0  0  1  0  0  0  4  0  1  2  271  6  6  0  2  0  2  6  1  1  0  3  0  2  1  0  0  0  0  1  0  2  2  0  0  0  0  1  3  1  1  0  0  0  0  0  0  0  15  0  2  0  0  0  0  1  3  0  1  0  1  0  3  0  0  0  0  0  0  
82  17  1489  11  17  5  9  2  0  0  0  117  2  240  11238  7039  6  29  13  19  0  4  4  96  23  0  72  52  32271  18  2  0  0  25  20  0  24  31  4  5  0  35  7  1  362  1  10  41  4  0  1  3027  39  15136  0  15  5  10  0  5  0  87  9  24  2  6  14  7638  0  0  0  10  29  0  1  1  0  0  2  0  0  0  0  0  0  4  0  1  7  24  1  0  1  1  1  2  0  3  0  0  5  0  1  1  0  0  0  0  0  0  1  0  0  2  0  0  1  0  0  0  0  1  0  0  0  0  2  0  0  0  0  0  0  0  0  1  0  0  0  0  0  0  0  0  0  0  0  0  
184  1  8  0  7934  16931  7  0  0  14  0  3  0  2  3  5166  4  1  2  1  0  0  34  776  0  0  6  0  1  6  21831  1314  0  13  183  0  1  3  0  0  0  3  153  4  1  1  1  9  0  5  0  3  5  0  0  0  1  0  0  0  9  0  4313  189  0  86  1  1  0  0  1  0  0  0  120  0  98  0  17  1820  8  11  0  0  0  0  2  0  2  127  1  2  0  7  0  6  17  35  2  1  5  6  78  10  131  76  0  16  13  0  5  2  0  1  0  3  13  5  5  3  1  1  0  0  1  2  4  1  0  0  0  1  0  1  0  4  90  4  3  35  0  1  9  123  0  0  3  4  
17  2  2219  0  26  323  174  515  3170  75  5  31  0  25  30  1002  1  1  1  8  0  271  643  14  1  0  18  0  2  27659  1  1  0  93  12  0  19  15  0  0  0  5  20  592  1  595  1  13  0  1  0  22  11  2  0  0  1  1  0  5  188  7  5  2  313  280  1  12  0  4  0  6  17  0  18  73  68  1  4  0  0  6  1  1  3  1  3  2  3  101  21  45  106  68  39  18  23  17  6  1  500  4  1  714  3  1  0  7  48  3  55  11  0  0  0  19  60  52  0  4  4  15  0  2  2  1  3  13  0  26  33  5  4  14  8  3  2  3  47  18  17  2  0  0  7  6  3  0  
49  62  1071  130  8  3  3  0  0  2  0  142  32  325  33  86  156  174  486  670  0  5  68  117  183  1297  994  58  25  952  0  1  1  594  124  158  22698  36152  4  8  77  182  132  2  16  295  14  427  417  20  0  13  14  1  6  195  12  132  12  382  0  51  36  53  6  5  134  33  0  0  0  0  944  2  11  13  10  0  1  0  0  0  0  0  0  3  0  6  2  14  4  6  15  8  6  4  8  2  1  0  79  2  2  30  1  0  0  11  8  3  25  26  0  0  1  1  27  12  0  0  0  8  0  0  0  1  0  1  0  8  3  1  1  8  3  1  0  0  14  3  11  2  0  0  1  13  8  0  
331  170  805  207  53  18  17  6  0  6  5  1002  283  3059  283  394  601  864  15564  1564  3  26  133  534  43890  18400  6263  153  429  673  3  7  5  45010  453  1428  7161  49935  35  41  278  780  249  15  66  145  77  1697  1157  34  0  453  81  7  10891  4083  2215  259  16690  688  10  634  94  217  34  22  299  408  3  1  1  4217  0  39  29  16  24  1  8  0  1  0  0  1  2  7  0  2  14  66  7  15  24  21  7  21  19  9  2  1  117  11  2  49  0  0  0  13  9  0  26  26  0  0  0  9  25  36  1  2  0  9  0  0  1  0  3  5  0  10  10  0  0  5  5  1  0  7  30  11  10  1  1  0  2  13  6  0  
6  1  321  446  3  0  0  0  0  0  0  146  4  29  6  20  1300  297  13  17  0  0  22  19  18  286  508  38  4  50  0  0  11061  7369  29  10578  12  114  1  1  6192  6  6  0  3  7  2  735  1112  0  0  2  1  0  1  6  1  1  0  3  0  15  7  7  0  0  390  7  0  0  0  81  418  0  0  0  0  0  0  0  0  0  0  0  0  0  0  0  1  2  0  1  0  1  0  1  1  0  0  0  1  0  0  0  0  0  0  0  1  0  1  0  0  0  0  0  0  0  0  0  0  1  0  0  0  1  0  0  0  0  0  0  0  0  0  0  0  0  1  0  0  0  0  0  0  0  0  0  
2466  6  30  0  221  30  0  1  0  5  0  2  1  3  195  99  0  3  6  8  0  2  10  400  0  1  32  3  2  33  42  9  0  28  20  0  6  10  0  0  0  17  14  1  2  9  0  9  0  1  0  1  239  3  0  0  5  5  0  0  0  9  33  50  2  44  0  1  0  21  0  0  3  0  0  27  43  6  9232  3381  40  19  1  24  5  36  222  307  1769  1678  18  91  51  108  8  270  215  13498  387  37  165  75  145  274  3319  19  1  37  483  5  274  52  44  17  1  288  749  54  338  2  77  28  0  5  2  19  10198  55  5  47  9  14  5  18  18  2025  231  956  14  436  213  58  10  423  7  34  29  1  
12  4  9  0  2  0  0  0  0  37  3  3  0  1  8  32  0  2  7  87  0  0  13  12  0  0  106  1  0  106  1  3  0  79  11  0  19  19  0  0  0  11  18  17  0  8  0  10  0  0  0  0  5  0  0  0  0  6  2  2  0  6  2  4  5  10  0  0  0  0  0  4  22  0  81  0  5  20  9  2  0  0  0  3  1  7  28  51  24  58  633  1174  19058  1313  10684  178  195  126  846  8  816  16  19  522  3  2  1  167  1541  0  16653  277  12  0  1  4556  1968  12  18  0  62  420  2  259  1064  6  5  7  1  171  1517  283  2749  2397  524  15  11  43  73  30  18  4  1  0  0  32  124  1  
146  2  2890  0  11  9  2  3  2  6  0  20  0  19  39  689  5  9  7  41  1  1  100  90  0  0  389  13  23  441  59  109  0  32  202  2  11  4  0  0  0  21  53  7  4  312  0  69  1  4  0  8  11  0  0  0  0  1  0  2  0  19  301  25  5  29  38  15  0  19  3  7  12  0  116  3  0  4  62  10  8  623  25  2  2  38  42  69  113  16755  26  34  8  30  5  69  31  76  26  42  5567  3791  6003  6440  26  34  8  113  56  32  70  91  10  7  0  47  72  23  2318  7776  2  54  0  1  1  26  53  132  1  22  2  2  0  14  2  19  26  19  23  37  3040  29  4  0  35  67  63  9  
11  0  2  0  1  0  0  0  0  1  0  0  0  0  3  42  0  0  1  0  0  0  2  8  0  0  1  0  2  6  1  0  0  4  3  0  2  1  0  0  0  1  1  0  1  0  0  1  0  0  0  0  3  1  0  1  0  1  0  1  0  1  1  3  0  3  0  0  0  1  0  0  0  0  536  8  14  0  203  5  1  0  0  0  0  8890  875  2422  861  2666  3726  1894  30  52  3  59  1936  553  1176  9469  238  3965  6724  20  2  1  966  271  977  344  452  211  498  359  3885  105  177  19  5469  0  73  699  5147  21  4  123  92  1538  145  156  8  2  3  4  8  261  14  141  5  6  999  6177  2  0  1  193  142  15  
2013  4  18  0  683  135  6  0  0  0  1  0  0  14  450  612  0  0  4  5  0  1  3  203  0  0  6  1  1  10  17  4  0  8  5  0  1  5  0  0  0  12  8  0  2  3  0  2  0  0  0  7  419  4  0  1  3  1  0  0  0  42  25  13  0  185  2  1  0  6  0  2  4  0  7845  7  31  12  0  4140  251  144  2  27  2  384  455  2694  7877  25515  66  161  22  61  3  91  155  636  182  24  90  20  71  999  667  16  0  25  223  0  89  19  388  61  0  150  303  26  53  18  12  25  1  4  5  489  7301  154  6  31  12  10  3  5  12  2088  71  12  6  1109  39  51  5  327  56  17  17  1  
1609  4  11  0  1547  10605  23  1  0  2  0  0  0  18  143  6990  0  1  5  4  0  2  2  404  1  1  19  0  0  38  1850  2  0  11  9  0  8  14  0  0  0  8  6  0  1  1  0  2  0  0  0  15  92  0  0  0  0  1  1  1  0  7  82  40  1  2729  1  0  0  2686  1  1  2  0  4738  4  56  2  3932  0  15397  3650  477  348  2  12  14  22  23  40457  4  18  11  53  1  16  122  2007  30  0  56  9  80  4424  3682  4209  1  8  47  0  18  3  7  0  0  14  41  49  14  106  24  4  0  0  0  0  16  3  0  9  1  3  0  5  1  21  2052  32  58  14539  13  3  5  14029  469  3  4  0  
101  0  25  0  91  1531  1007  366  3  0  0  56  0  58  89  4786  0  3  0  3  0  0  1  15  0  0  13  2  0  55  1  0  0  4  5  0  1  2  0  0  0  2  5  1  0  9  0  1  0  0  0  51  60  4  0  0  0  1  0  0  0  7  1  2  2  1799  2  11  0  98  2  1  9  0  401  3  102  0  1791  15414  0  14376  439  419  0  55  10  38  86  31446  2  63  2  16  2  26  31  23  23  3  47  3  55  2378  60  12  0  2  10  1  10  4  4  7  0  26  11  13  6  249  0  4  1  0  0  2  69  56  0  12  1  1  1  0  2  22  27  1  32  7434  9  19  1  52  362  1  2  0  
45  1  1329  0  8  124  269  278  105  5  0  12  0  3  17  3198  0  0  1  2  0  0  4  13  0  0  14  0  3  35  35  16  0  6  5  0  4  2  0  0  0  0  1  0  0  4  0  3  0  1  0  3  9  0  0  0  1  0  0  1  1  4  13  0  0  561  0  5  0  2  0  2  6  0  420  1  410  1  1732  1948  13008  0  3549  378  0  66  3  36  144  23930  2  11  4  4  4  2  7  10  15  0  190  3  187  3637  23  2  0  1  7  0  5  2  3  10  0  7  11  12  2  9206  0  3  0  0  0  14  126  68  0  23  0  1  0  1  1  17  10  2  66  4582  2  3  8  21  371  1  0  0  
5  0  100  0  2  3  0  97  667  18  21  0  0  1  1  117  0  0  0  1  0  36  1  2  0  0  13  0  0  38  3  0  0  6  1  0  2  1  0  0  0  2  1  1  0  25  1  0  0  0  0  0  5  0  0  0  0  0  0  0  0  0  3  1  0  644  1  0  0  0  1  0  3  0  69  0  32  0  227  597  628  2676  0  5188  10  2  0  2  4  1025  1  0  4  1  0  4  1  8  0  0  21  0  1  8156  34  0  0  0  2  1  3  7  0  0  0  0  5  4  1  3374  0  1  0  1  0  0  3  3  0  1  1  1  0  2  0  2  8  0  32  8136  5  1  0  34  10689  4  2  0  
20  0  43  0  9  3  0  0  0  92  2  3  0  4  7  165  0  0  2  36  0  1  13  4  0  0  28  0  1  58  1  0  0  20  6  0  5  6  0  0  0  3  8  18  0  9  0  3  0  0  0  1  2  0  0  0  1  0  0  0  6  1  2  1  1  54  1  0  0  1  0  0  7  0  126  7  4  0  221  1296  222  53  2838  0  80  4  2  4  15  749  6  12  13  130  5  303  2337  21  3  1  246  1  2  4273  89  2  0  4  22  0  9  1  1  0  0  11  37  4350  2  41  0  0  0  2  2  0  12  26  0  14  7  1  1  1  34  2  18  3  328  4967  1  1  0  77  182  0  2  0  
31  12  4  0  6  1  0  1  0  211  352  7  0  0  11  32  0  3  16  336  1  40  28  38  0  0  93  0  0  115  4  4  0  124  33  0  33  37  0  0  0  30  37  51  0  1  1  16  0  8  0  0  8  0  0  0  0  13  0  4  2  2  17  11  21  28  0  0  0  4  0  7  26  0  117  4  2  1  10  6  0  0  24  58  0  4  6  10  12  29  2  23  1  12949  2  8792  447  227  1  2  34  0  4  2755  26  13  0  6  73  0  8  4  1  0  0  12773  83  26087  1  0  8  10  0  0  1  1  5  0  0  2  0  487  0  2  645  7  72  67  11336  128  1  3  0  0  3  1  6  0  
1  0  1  0  0  0  2  1  0  0  0  5  0  15  6  428  0  0  0  1  0  0  0  1  0  0  2  0  1  3  0  0  0  2  1  0  1  0  0  0  0  0  0  0  0  0  0  0  0  0  0  7  7  2  0  0  0  0  0  0  0  2  0  0  0  2  0  0  0  0  0  0  0  0  17  15  1  9191  66  1  4  1  0  0  1  0  467  7983  478  10776  3063  9144  19  11  1  15  189  39  2034  1572  159  70  496  9  1  0  157  428  667  115  921  315  898  3164  76  36  122  8  145  1  45  878  11174  4  0  2173  60  1720  390  118  2  1  0  27  0  35  1  6  0  6  162  11483  3  0  0  264  155  0  
10  0  4  1  3  0  0  0  0  2  0  0  0  0  1  34  0  1  0  0  0  0  9  9  0  0  7  0  1  8  1  0  0  5  7  0  0  1  0  0  0  1  3  0  1  0  1  2  0  0  0  0  1  1  0  0  0  0  0  0  0  5  7  3  0  2  0  0  0  0  0  0  3  0  95  26  8  174  97  5  0  0  0  3  0  185  0  2091  43  506  28  4907  109  247  9  100  45  4526  221  62  64  43  57  27  12  0  1  490  729  22  236  37  5814  10  80  616  178  17  72  1  5274  2047  916  3  7  22  16  31  2  40  52  85  17  12  6  2864  6  220  2  8  133  16  0  0  4  38  65  0  
42  0  16  0  8  6  0  0  0  2  0  1  0  11  34  169  0  1  0  0  0  0  1  42  0  0  10  1  2  9  2  4  0  3  8  0  3  0  0  0  0  0  9  0  1  0  0  1  0  1  0  3  10  0  0  0  0  1  0  0  0  16  11  9  0  10  1  0  0  0  0  0  0  0  198  16  34  886  408  5  1  1  0  6  2  8575  2051  0  2403  7752  38  4408  59  461  9  73  100  895  1331  742  135  127  167  35  21  2  7  115  193  14  561  327  7223  6931  25  740  230  40  155  1  85  132  5080  14  4  11965  198  635  57  94  12  50  2  18  13  5460  10  29  4  42  366  1332  10  0  0  291  47  2  
101  0  50  0  17  18  1  1  0  8  0  11  0  55  249  1446  0  0  1  8  0  1  7  33  1  0  21  1  3  38  9  12  0  19  16  1  5  3  0  0  0  1  7  2  3  2  0  3  0  0  0  25  87  4  0  0  0  0  0  1  0  29  16  14  1  53  1  2  0  5  0  0  4  0  1938  23  64  95  5997  2  17  25  0  11  5  1719  78  7931  0  23643  80  238  51  143  13  169  279  4563  2223  354  409  50  10120  229  32  2  1  55  591  5  848  253  136  554  0  166  1066  67  308  9  11  56  3  3  4  42860  50621  53548  49  261  14  16  0  23  18  4276  19  19  19  190  116  19209  5290  1  9  146  24  4  
1734  6  1535  0  1802  1880  181  148  27  11  1  296  0  458  3161  29804  4  16  5  25  0  3  31  516  5  4  79  6  45  178  218  66  0  46  106  0  13  11  1  1  0  15  44  9  7  30  1  24  0  5  0  313  900  34  0  6  3  3  0  4  1  362  126  36  4  4790  9  96  1  104  6  4  20  0  2240  63  12356  387  20168  33755  15093  17466  676  113  16  13206  781  12781  17288  0  3588  8365  120  415  50  724  5285  1152  1160  175  1289  200  7762  1913  1158  79  1  131  705  19  529  115  725  2860  8  873  1039  193  296  3039  78  161  18  120  3  3730  1731  34796  22  472  28  43  8  49  42  1819  280  180  45  4545  525  2846  3928  2753  254  75  66  3  
1  1  14  0  1  0  0  0  0  1  0  0  0  1  5  18  0  0  1  3  0  0  10  4  0  0  15  0  0  21  0  0  0  6  10  0  2  0  0  0  0  2  5  1  0  6  0  5  0  0  0  1  0  0  0  0  0  0  0  0  0  0  1  2  0  5  0  0  0  0  0  3  3  0  35  142  12  3440  6  1  0  0  0  1  0  579  114  291  19  145  0  11839  366  276  44  34  1369  1044  421  238  189  32  52  103  0  0  249  349  3858  144  412  140  37  56  3596  123  105  9  60  4  25  10883  3848  214  5  11  7  11  1  72  84  46  22  42  17  12  4  79  3  17  82  27  0  0  3  134  250  19  
10  0  21  0  0  0  1  0  0  2  1  0  0  4  1  46  0  0  1  7  0  0  16  10  1  0  31  0  1  28  0  1  0  17  11  0  10  5  0  0  0  1  6  7  0  2  0  3  0  0  0  1  4  0  0  0  0  1  0  1  1  4  4  3  0  4  2  0  0  0  0  2  6  0  94  219  12  1975  35  5  0  0  0  3  5  3680  1814  4157  141  625  10174  0  490  623  123  496  3673  6166  395  279  140  13  34  88  13  0  2  399  2959  100  470  264  815  366  619  1035  334  53  50  1  7261  1300  15670  671  40  103  26  28  5  59  201  100  49  43  93  75  66  235  3  14  61  17  0  0  4  177  293  3  
55  11  43  1  2  2  0  0  1  38  8  4  0  7  17  135  0  7  27  178  0  1  45  40  5  1  689  2  1  588  7  5  0  300  66  1  128  47  0  0  0  39  39  31  3  8  2  31  0  6  0  0  7  1  0  0  1  12  1  16  0  15  15  8  13  11  0  0  0  1  1  18  92  1  380  13742  16  36  63  11  0  1  1  14  5  49  167  306  165  253  1183  2652  0  10812  593  62  484  530  8633  89  8001  18  91  5053  17  4  2  1132  2076  29  5455  1138  40  17  9  10833  1997  25  56  2  150  2164  12  128  247  36  22  38  14  4472  32530  13138  5703  815  355  50  65  151  94  123  34  36  2  2  1  611  9214  1  
146  36  221  0  14  5  1  0  0  250  10  18  0  11  61  526  1  5  39  618  2  2  57  86  2  2  495  1  7  648  33  22  0  369  86  0  164  104  0  0  0  48  78  86  0  21  2  56  0  11  0  5  16  0  0  1  1  44  1  22  2  24  62  33  46  41  5  3  0  10  0  31  88  0  976  1594  32  10  116  24  0  2  0  63  11789  58  258  301  292  571  316  886  5397  0  521  3952  2142  1602  183  36  7139  14  77  4415  60  43  4  383  666  21  316  130  52  16  4  16391  432  2205  20  1  76  652  6  20  1611  70  78  122  0  3344  817  16439  9  82  1250  120  264  336  9899  318  39  21  1  1  2  95  126  4  
21  3  4  0  3  0  0  0  0  24  3  1  0  0  7  18  0  0  5  80  0  0  14  16  1  0  30  0  0  32  0  2  0  51  10  0  16  12  0  0  0  8  7  11  0  1  1  5  0  1  0  0  3  0  0  0  0  4  0  4  2  5  7  3  4  4  0  0  0  2  0  3  8  0  447  12677  2  5  41  3  0  0  0  6  3  1  17  13  17  32  206  540  1452  838  0  1899  9959  433  1  3  53  1  4  211  8  2  0  65  412  1  1535  12  7  1  0  2195  2047  46  2  0  81  86  0  7087  4489  5  2  0  0  9  352  125  0  13916  20934  16  19  219  96  32  5  3  0  0  0  14  16  0  
49  5  17  0  5  3  1  0  0  79  49  6  0  4  21  64  1  3  8  297  1  76  34  33  1  0  84  1  1  92  3  7  0  133  47  0  39  32  0  0  0  26  39  40  0  0  1  16  0  2  0  0  4  0  0  1  1  9  2  5  3  11  17  11  13  12  0  0  0  4  0  15  28  0  1365  122  2  0  169  14  0  0  98  862  6648  5  96  30  44  136  98  776  46  5026  865  0  3233  1564  11  3  83  8  14  1796  52  9  0  225  434  0  158  52  8  0  1  13293  315  20311  10  0  179  226  0  5  5120  12  16  8  1  5  16  99  0  96  21969  106  194  773  1068  205  12  10  0  2  3  19  76  0  
115  7  106  1  15  0  0  0  0  160  10  24  0  12  31  251  2  3  8  579  0  3  65  79  0  1  70  1  2  151  10  16  0  211  88  1  44  66  0  0  1  60  60  151  0  14  4  41  1  4  0  2  10  0  0  0  3  10  2  20  8  12  37  18  6  35  1  3  0  7  3  17  59  0  768  259  18  227  24  57  2  12  1  2843  144  9  9  16  21  220  1542  2891  246  1061  6764  3552  0  7129  133  34  274  10  25  289  161  37  0  25  4701  4  381  55  3  0  4  722  13660  3930  32  2  747  39  0  7509  58  5  12  14  0  49  84  25  5  112  10295  4  1489  404  620  1291  49  5  0  3  0  55  22  1  
222  0  25  0  16  9  0  2  0  11  0  6  0  1  19  67  1  1  2  16  0  1  10  75  0  0  28  0  1  53  16  10  0  21  35  0  9  7  0  0  0  6  17  4  1  7  0  9  0  0  0  3  14  0  0  0  1  1  0  5  1  12  27  15  1  16  1  1  0  6  0  1  8  0  19805  134  59  40  1654  738  5  7  1  13  14  51  6756  4666  6233  1078  396  6253  208  759  82  1117  7520  0  932  180  290  171  183  103  2558  182  1  563  4949  9  890  188  437  62  0  1059  951  278  581  0  8703  2965  8  252  24  8  315  44  11  119  70  55  9  65  68  5969  21325  44629  19  130  501  29  3  37  3  162  72  4  
26  1  67  0  3  2  0  0  0  5  0  3  0  7  9  126  0  1  3  38  0  0  22  23  0  1  53  0  6  86  6  4  0  51  26  0  20  3  0  0  0  8  17  6  0  6  0  16  0  1  0  1  6  0  0  0  0  4  0  3  0  15  9  11  0  10  1  0  0  3  1  2  18  0  1004  531  142  155  253  19  0  2  0  8  2  1561  421  4780  2249  834  208  450  10857  803  5  34  631  1130  0  12008  8020  284  1168  552  23  6  0  1607  408  1366  12115  9012  370  487  19  54  784  17  659  15  23  226  276  46  1  998  96  205  9557  26697  125  34  64  1368  2  415  83  231  9  47  773  696  26  1  4  4068  32677  0  
5  0  57  0  1  2  0  0  0  0  0  0  0  2  6  57  0  0  0  1  0  0  7  8  0  0  11  1  0  21  2  5  0  5  7  0  0  1  0  0  0  0  2  1  1  3  0  4  0  0  0  0  3  0  0  0  0  0  0  1  0  2  8  2  0  0  2  0  0  0  0  0  1  0  553  17  159  9755  151  13  0  0  0  1  0  1979  933  2689  583  680  245  611  66  43  3  25  497  816  12319  0  11097  4724  339  152  22  7  2078  1590  442  12705  1854  2809  442  827  13691  76  589  13  211  10  37  1608  599  3  0  137  53  58  8293  6251  4  12  3  63  2  243  87  125  5  11  33169  1371  6  0  9  1399  2318  255  
133  9  506  0  15  3  3  0  0  27  6  34  2  33  79  745  3  19  22  236  0  1  174  124  1  3  423  9  24  581  9  17  0  350  179  1  206  71  0  0  1  45  109  36  5  88  3  143  0  15  0  9  20  0  0  0  3  10  1  47  1  42  79  38  7  54  12  7  0  3  4  36  127  1  974  752  4811  209  154  37  9  159  3  26  21  544  142  493  652  3864  282  490  3926  5281  118  56  536  749  2423  3250  0  616  1808  21476  50  8  5  132  515  45  2605  499  97  92  20  91  623  37  181  113  22  223  52  43  3  74  107  1263  141  37247  2182  202  162  790  26  74  165  173  1466  127  11047  339  98  0  71  335  116  9  
26  1  461  0  0  1  2  1  0  3  0  9  0  5  16  102  1  0  0  8  0  1  3  17  0  0  18  0  0  26  8  8  0  4  15  0  1  1  0  0  0  4  6  1  1  21  0  3  0  0  0  1  7  0  0  0  0  0  0  1  0  2  32  6  0  6  2  0  0  1  0  0  1  0  351  5  3868  4826  130  6  0  27  0  0  4  663  472  1759  823  1047  77  339  13  66  4  82  208  348  896  8105  1248  0  11535  17  17  3  4  110  100  18  38  52  377  165  1  77  83  32  38698  0  18  65  197  3  1  438  39  170  59  417  2  2  0  5  2  100  48  47  3  4  36306  796  14  0  0  31  67  9  
59  0  48  0  5  2  0  1  0  2  0  8  0  22  28  241  0  1  0  2  0  0  7  66  1  0  12  2  22  14  14  18  0  9  32  0  2  3  0  0  0  1  11  3  8  3  1  5  0  0  0  6  6  2  0  0  0  0  0  1  0  13  23  25  0  5  1  2  1  2  0  1  3  0  1306  20  5374  6725  341  16  2  29  0  2  3  826  436  2351  11096  11803  268  430  87  98  5  60  441  845  3035  2576  2638  8623  0  172  23  8  0  15  149  3  143  23  303  172  1  98  92  23  37308  137  19  27  23  3  3  452  104  10004  162  1007  6  10  0  19  3  203  30  245  3  11  2351  23034  15545  0  0  15  8  0  
155  32  1201  1  21  15  5  12  184  159  340  75  1  28  83  1464  7  36  108  369  0  28  259  144  17  1  2662  14  20  5088  7  20  0  1114  239  3  488  227  0  0  0  59  177  34  6  297  2  200  0  20  2  23  31  3  0  11  3  25  11  94  2  62  96  55  50  351  11  17  0  7  197  115  723  2  499  406  4477  5  1273  880  289  421  3678  4261  1053  97  39  76  200  3976  155  268  705  983  267  1000  149  164  86  75  23681  10  60  0  43  3  1  103  271  31  512  896  7  11  1  190  614  2246  12  8096  19  187  1  14  9  17  90  360  0  65  365  24  17  180  54  55  51  52  9528  4212  86  24  3  19  19806  427  83  2  
155  0  3  0  9  72  0  0  0  12  0  0  0  0  15  11  0  1  0  3  0  0  13  859  0  0  3  1  0  4  1594  19  0  3  136  0  6  3  0  0  0  1  45  1  0  1  0  4  0  0  0  0  7  0  0  0  0  0  0  0  1  0  444  7  0  24  0  0  0  92  0  1  1  0  5218  3  146  1  1069  5665  21  19  2  4  1  7  3  6  10  1570  2  4  9  125  3  45  304  3375  13  2  16  6  223  52  0  4979  0  15  167  1  21  8  0  0  0  48  150  86  19  0  44  3  0  0  0  3  8  2  0  3  3  1  0  1  7  10  19517  82  17  98  19  2  21  16596  2  6  8  1  
127  0  4  0  17  119  0  0  0  0  1  0  0  1  17  16  0  0  0  3  0  0  13  52  0  0  3  0  0  3  53  26  0  2  92  0  1  1  0  0  0  5  21  1  0  2  0  5  0  1  0  0  1  0  0  0  1  0  0  0  1  1  122  9  0  36  0  0  0  101  0  0  2  0  1132  3  594  1  159  4714  3  78  0  3  3  2  24  16  33  620  6  18  7  104  1  51  443  1597  8  5  27  12  883  29  6894  0  1  40  119  1  15  6  0  0  1  63  80  83  16  8  98  20  0  0  0  4  55  1  0  2  0  1  0  1  0  32  8737  141  40  1888  13  3  34  745  0  2  21  6  
3  0  33  0  1  0  0  0  0  1  0  0  0  2  1  12  0  3  0  0  0  1  8  6  0  0  7  0  1  9  0  2  0  6  2  0  2  0  0  0  0  1  2  4  0  0  1  2  0  0  0  1  0  0  0  0  0  0  0  0  0  0  12  0  0  2  0  0  0  1  0  3  3  0  81  5  22  1293  6  3  0  1  0  0  1  1077  158  52  15  57  505  74  27  6  1  4  45  62  8  1588  142  8  6  57  6  2  0  7000  3531  49  52  40  65  2  11313  4  26  1  2  3  9  9490  46  0  0  6  3  3  0  44  2  0  2  12  1  10  9  12  1  9  99  1  1  0  2  22  20  7364  
65  4  704  0  7  2  1  0  0  13  0  19  1  11  28  153  3  9  6  28  0  0  184  89  1  2  136  11  17  120  1  12  0  83  165  0  29  24  0  0  0  11  56  27  4  26  4  108  1  9  0  3  7  0  0  2  5  5  0  4  2  18  102  39  3  15  14  4  0  0  0  23  32  0  217  55  52  213  43  6  0  2  2  2  2  1111  1669  831  133  229  82  361  260  280  11  88  139  530  1834  2449  533  39  25  295  9  2  5890  0  8077  11967  352  2773  446  262  1244  319  2948  42  18  4  34  12332  583  20  4  26  18  7  32  196  101  45  37  34  15  65  27  46  21  35  127  74  1  0  18  181  33599  4699  
18  1  34  0  4  1  0  1  0  16  0  3  0  2  4  35  4  4  6  25  0  0  21  13  0  0  67  2  0  76  3  7  0  38  32  0  19  15  0  0  0  3  10  10  0  9  0  12  0  0  0  1  2  0  0  0  1  0  0  4  1  6  27  5  1  9  1  1  0  3  1  8  10  0  414  137  27  864  62  30  0  2  1  8  24  1208  2423  118  75  133  4225  2506  304  1223  60  2243  5337  2662  291  178  166  26  24  108  78  17  2169  13446  0  268  849  438  705  30  235  2388  7256  922  47  0  97  23283  43  781  31  12  59  4  7  84  112  41  32  51  80  25  186  499  17  34  123  17  2  2  3  203  241  138  
4  0  139  0  0  2  0  0  0  2  0  1  0  1  1  35  2  2  0  2  0  0  9  9  0  0  17  0  1  16  0  4  0  4  6  0  1  1  0  0  0  1  3  1  0  5  0  12  0  0  0  0  1  1  0  0  0  0  0  0  0  1  13  4  0  3  1  0  0  0  0  0  1  0  145  3  153  371  20  9  0  0  0  0  0  1666  286  1042  69  229  193  301  11  21  0  10  119  201  1511  16556  260  57  5  162  8  1  109  16825  669  0  229  1375  149  612  18354  28  657  5  5  24  16  2151  694  0  0  12  8  5  1  37  4  1  1  7  3  52  19  34  6  5  334  63  0  0  6  877  2718  3559  
17  1  77  0  2  1  0  0  0  3  0  6  0  6  3  75  1  0  3  15  0  0  15  12  1  0  60  1  3  161  1  2  0  24  11  0  11  6  0  0  0  2  6  2  2  15  1  6  0  2  0  2  4  1  0  2  0  1  0  0  1  5  13  6  1  28  1  0  0  1  4  1  9  1  715  10062  284  37  124  22  1  4  1  7  6  235  561  1189  317  473  242  662  1574  202  657  271  385  587  1263  36  1225  421  58  567  22  1  0  105  1480  3  0  10493  390  171  1  278  14748  32  82  26  44  263  369  17781  9  48  26  23  9  283  262  8  971  13652  48  99  59  181  22  101  744  18  3  1  17  24498  152  0  
9  0  39  0  2  0  0  0  0  1  0  3  0  6  8  21  0  1  0  5  0  0  18  12  0  0  15  2  1  20  1  0  0  12  15  1  5  5  0  0  0  3  3  3  0  7  0  5  0  1  0  0  2  0  0  0  0  0  0  2  0  2  8  8  0  4  1  0  0  1  0  8  9  0  111  92  25  19  52  2  0  0  0  0  1  559  172  1524  321  173  80  290  1154  82  13  150  63  250  9448  1528  373  26  11  101  7  1  0  1718  1141  431  11366  0  148  434  2  450  9866  17  14  6  19  284  200  39  9  43  11  12  179  138  114  17  485  39  20  128  13  65  5  10  88  47  0  0  12  35006  39367  0  
9  0  2  0  0  0  0  0  0  0  0  2  0  5  3  61  0  0  0  1  0  0  2  10  0  0  6  0  1  3  1  2  0  2  4  0  0  0  0  0  0  0  0  1  0  0  0  2  0  0  0  1  0  0  0  0  0  0  0  0  0  5  2  3  0  1  0  0  0  0  0  0  0  0  40  13  8  265  38  0  0  0  0  5  0  506  5553  12011  109  815  29  2510  41  155  4  24  42  111  449  60  90  68  105  18  5  1  3  254  281  20  384  75  0  41  70  273  70  6  168  0  759  262  6663  7  2  51  16  59  3  33  9  28  3  21  6  154  7  13  0  1  263  19  3  0  0  71  38  3  
6  0  4  1  0  0  0  0  0  0  0  0  0  13  9  234  0  0  0  1  0  0  0  1  0  0  1  0  0  3  1  1  0  0  0  0  0  0  0  0  0  1  1  0  0  0  1  0  0  0  0  13  9  0  0  0  0  0  0  0  0  5  1  1  1  1  0  0  0  1  0  0  0  0  15  2  3  118  35  1  0  0  0  0  1  5244  68  9440  115  3076  28  1089  14  66  3  6  10  35  527  407  30  10  61  11  3  0  0  25  38  23  307  286  26  0  19  57  74  3  39  0  48  29  1729  2  0  45  57  143  30  16  5  5  1  10  2  23  1  3  0  6  34  16  1  0  0  264  45  0  
8  0  240  0  1  1  0  0  0  0  0  2  0  1  6  48  0  0  1  2  0  0  6  3  0  0  10  1  2  13  0  3  0  3  8  0  0  2  0  0  0  1  0  1  2  15  0  7  0  1  0  0  2  0  0  0  0  1  0  0  0  1  6  4  0  5  0  0  0  0  0  0  3  0  437  11  27  8947  132  10  0  0  0  2  1  1555  2051  1170  219  562  6643  2206  57  91  3  21  508  621  296  20959  178  32  26  42  8  1  6464  11218  1375  17058  159  411  509  364  0  97  258  10  16  0  231  16030  5777  9  1  77  62  16  0  49  5  15  4  18  4  159  56  104  5  5  239  42  1  1  2  286  2137  7969  
26  0  19  0  3  3  1  0  0  28  12  1  0  4  19  25  0  1  6  66  0  6  7  17  0  0  55  0  0  63  2  6  0  36  22  0  18  7  0  0  0  10  9  7  0  1  0  15  0  0  0  1  6  0  0  0  0  3  0  1  1  6  9  1  6  8  0  0  0  1  0  3  5  0  1253  4649  28  10  388  14  0  1  0  5  11263  14  658  236  232  319  447  2385  13265  18436  1262  14869  720  1378  51  42  123  12  20  210  25  15  0  1778  1336  12  110  154  104  3  0  0  538  11049  24  1  264  1993  1  4  9505  55  82  5  2  69  7425  852  2  27  1465  344  127  527  82  18  43  5  6  0  2  101  758  1  
16  1  18  0  5  2  0  0  0  13  0  6  0  0  9  18  0  1  6  27  0  0  14  17  1  1  49  1  2  70  1  3  0  42  27  0  19  6  0  0  0  3  16  10  0  6  0  6  1  1  0  0  5  0  0  1  0  2  0  1  1  7  11  2  0  10  1  0  0  1  0  4  14  0  177  335  7  2  31  8  1  0  0  13  11  54  31  115  67  75  12  65  396  226  329  1082  10334  177  241  193  174  2  4  70  24  4  0  2739  5625  79  12114  6885  12  31  2  1081  0  365  7  0  11  29  19  14431  24  7  30  1  12  40  126  27  38  99  564  13  34  30  5  37  12  4  0  0  0  2054  2358  1  
218  46  58  0  27  5  1  0  0  614  67  19  0  6  52  240  2  13  69  1719  1  18  148  178  2  1  947  1  6  819  12  28  0  722  219  2  227  221  0  0  0  156  173  308  2  7  10  81  1  19  0  4  17  1  0  2  5  76  4  40  13  34  106  52  50  124  2  2  0  9  1  33  163  0  431  24  9  0  69  126  4  2  8  4558  27275  3  30  30  50  259  14  49  41  7329  19  29883  4572  531  9  1  293  3  15  3054  118  114  0  21  216  0  28  13  5  0  0  9513  127  0  5  0  25  28  1  1  21  10  47  17  0  13  15  127  0  2  612  22  314  138  13287  2407  4  4  1  6  28  6  11  0  
56  1  81  0  7  4  2  0  0  3  0  3  1  8  35  189  0  0  1  3  0  1  5  40  0  0  8  1  11  16  2  16  0  1  26  0  0  2  0  0  0  2  17  0  6  3  0  1  0  0  0  4  7  0  0  0  0  0  0  0  0  12  26  17  0  10  0  0  0  5  0  1  3  0  2038  24  3656  8659  437  39  0  21  0  1  2  735  660  3330  1758  2258  300  560  171  171  3  97  598  1398  1539  1750  1402  59966  59785  37  66  3  0  77  273  2  143  28  495  213  1  135  155  35  0  0  34  100  158  6  0  818  128  561  77  701  11  6  7  68  3  296  134  380  0  13  5300  2484  199  5  1  19  29  0  
72  0  2633  0  3  13  7  22  22  3  0  57  0  20  51  3922  1  6  8  30  0  0  31  53  0  0  195  4  6  402  80  86  0  30  64  0  11  6  0  0  0  5  18  6  2  202  0  21  0  0  0  25  13  2  0  0  1  2  0  3  0  12  143  8  5  454  7  20  0  13  1  2  19  0  169  8  12868  1  551  184  541  13680  4176  73  3  88  7  49  155  7594  15  56  27  19  1  10  30  26  22  25  688  7  135  17948  10  4  0  27  18  8  84  149  3  9  0  15  57  17  8  0  0  28  0  0  0  18  137  247  1  9  8  0  3  8  3  12  11  4  488  793  78  9  5  5  958  97  18  0  
28  0  9  0  5  0  0  0  0  7  0  2  0  0  6  12  0  1  3  17  0  0  10  13  0  2  24  1  1  31  0  2  0  24  17  0  7  7  0  0  0  3  12  2  0  0  1  9  0  1  0  0  4  0  0  0  0  1  0  1  0  2  7  6  0  0  0  0  0  1  0  2  7  0  1187  113  9  55  124  21  0  0  0  1  5  29  6997  299  41  120  14  15002  216  157  95  544  720  13918  64  14  60  5  17  33  43  21  0  132  203  11  81  105  1457  8  30  720  248  61  28  0  0  104  1883  252  29  10  4  15  0  13  81  58  15  14  93  104  313  8100  5  10  35  3  1  2  0  44  88  0  
34  2  163  0  11  7  0  0  0  4  0  15  1  8  25  115  0  10  4  20  0  1  114  48  0  1  76  1  6  105  2  16  0  53  116  2  31  22  0  0  0  12  38  13  0  25  3  61  0  2  0  1  12  1  0  0  0  5  0  11  1  15  64  16  2  18  4  5  0  2  1  20  26  0  558  370  102  873  123  17  0  1  2  6  2  716  4778  687  227  593  12429  6387  1221  1106  48  369  473  3925  598  1383  1193  60  49  574  29  5  6183  14804  18206  1623  1529  1320  189  128  8009  1301  326  121  39  14  409  0  246  23  13  40  33  22  19  636  545  150  287  104  58  133  85  243  41  59  377  37  0  0  32  557  1006  183  
1  0  9  0  0  0  0  0  0  0  0  0  0  0  2  121  0  1  0  0  0  0  1  4  0  0  3  0  2  4  0  0  0  0  2  0  0  0  0  0  0  0  1  0  0  2  1  2  0  0  0  1  2  1  0  0  0  1  0  0  0  1  0  0  0  1  0  0  0  0  0  1  0  0  41  13  11  7373  59  0  0  1  0  1  0  23775  2733  14651  166  1270  8966  27466  27  104  6  10  224  238  1158  1864  40  51  51  16  2  0  87  1013  680  629  1123  836  8245  3015  4356  143  403  4  152  3  3276  487  0  5  3  78  24  41  8  35  9  12  1  43  4  177  5  50  0  4  127  67  1  0  0  705  966  10  
1  1  1  0  0  0  0  0  0  1  0  1  0  1  2  3  0  0  0  4  0  0  0  3  0  0  11  0  0  10  0  0  0  10  1  0  4  1  0  0  0  0  1  1  0  0  0  2  0  1  0  0  0  0  0  0  0  0  0  0  0  0  2  2  2  1  0  0  0  0  0  1  0  0  41  1125  0  13  1  1  0  0  0  0  0  1  0  3  3  4  192  1231  690  133  11815  118  8491  270  26  2  81  2  1  59  1  0  0  41  1727  0  21134  62  2  0  1  447  34007  25  2  0  486  13  0  0  48  1  1  0  0  9  208  27  9  16694  2445  3  8  64  2  6  1  0  0  0  0  20  3  0  
14  1  7  0  7  1  1  0  0  18  0  5  0  3  7  24  0  2  3  31  0  0  5  10  0  0  11  1  5  10  0  4  0  25  6  1  2  9  0  0  0  3  6  11  1  0  0  1  0  0  0  0  3  0  0  0  0  0  0  0  0  3  3  1  0  3  0  0  0  1  1  3  8  0  459  2045  3  3  33  8  0  0  0  9  2  1  23  20  10  35  287  1264  278  2741  6592  12737  186  652  4  7  15  1  2  80  7  3  0  218  387  1  61  51  3  0  0  21861  243  38  0  0  123  414  1  7  0  3  1  0  1  14  121  802  0  1  7033  20  50  535  32  20  1  1  1  0  0  78  96  0  
18  0  5  0  1  6  0  0  0  0  0  1  0  2  28  184  0  1  0  0  0  0  0  17  0  0  4  0  0  3  2  4  0  0  3  0  0  0  0  0  0  0  3  2  0  0  0  0  0  0  0  8  5  0  0  0  0  0  0  0  0  4  9  2  0  14  0  0  0  1  0  1  1  0  68  3  12  43  611  1  2  0  0  3  2  4433  12  19810  53497  7869  8  41  12  61  2  38  49  34  670  311  82  66  323  27  6  0  0  16  84  1  75  23  4  128  0  101  142  18  89  1  4  16  0  2  1  0  2870  3537  30  138  2  0  0  2  9  2642  5  7  2  35  82  18820  4  0  1  27  6  1  
211  1  24  1  18  49  3  2  0  2  0  4  0  42  291  2387  0  0  2  1  0  0  5  46  1  0  14  2  0  21  3  5  0  10  9  0  1  2  0  0  0  3  7  0  1  6  1  5  0  0  0  32  114  2  0  0  0  2  0  0  0  29  9  2  1  56  1  1  0  2  1  0  2  0  10700  11  59  16  11424  4  25  22  1  8  3  543  90  3434  62941  5127  16  180  24  60  3  77  117  1028  339  67  137  35  98  221  4  2  1  35  253  2  83  25  63  161  1  110  450  41  40  9  7  25  2  1  5  7318  0  5238  7  63  5  6  2  15  11  1272  10  11  5  455  48  330  0  1  6  14  13  4  
15  0  4  0  8  2  2  1  0  1  0  7  0  25  43  1532  0  1  0  1  0  0  1  8  0  0  3  1  1  15  0  5  0  1  4  0  0  0  0  0  0  1  3  1  0  1  0  2  0  0  0  12  21  0  0  0  0  0  0  0  0  5  4  6  0  17  0  2  0  4  1  0  0  0  191  7  23  870  924  3  7  12  0  1  2  3705  62  3156  57347  55191  1057  1261  17  32  6  50  896  115  261  215  243  19  10092  78  8  0  0  9  34  0  48  12  32  533  1  74  29  10  218  10  7  10  7  13  1  2834  8854  0  18  98  1  2  1  3  4  147  4  20  8  44  59  8591  8341  0  1  19  4  0  
1  0  0  0  0  0  0  0  0  0  0  0  0  0  0  3  0  0  0  0  0  0  0  0  0  0  0  0  0  0  0  0  0  0  0  0  0  0  0  0  0  0  0  0  1  0  0  0  0  0  0  0  1  0  0  0  0  0  0  0  0  0  0  0  0  0  0  0  0  0  0  0  0  0  32  6  6  109  19  0  0  0  0  0  0  457  27  605  156  84  5  28  47  3  0  1  14  41  12402  11567  1720  45  90  3  3  0  0  1  10  3  571  164  22  123  0  3  44  0  63  0  2  1  17  1  0  97  6  29  0  6711  3  0  0  29  0  64  1  4  0  1  1132  585  0  0  0  232  44  0  
26  2  38  0  3  2  0  0  0  6  0  14  0  7  17  413  1  3  2  36  0  0  29  23  1  0  67  1  4  107  5  3  0  67  20  0  24  12  0  0  0  8  18  7  1  10  0  15  0  0  0  5  3  1  0  1  0  0  0  3  1  8  7  9  0  19  2  6  0  1  1  8  16  0  520  430  86  195  125  13  6  19  0  16  2  396  67  824  684  2200  139  210  9166  8800  15  24  245  398  50726  13985  62798  168  2356  1064  13  2  3  58  179  12  1605  207  54  89  6  36  224  15  1592  7  8  99  26  21  2  426  50  442  6516  0  2205  9815  90  482  2  88  75  83  257  50  8106  934  111  4  1  112  159  3  
4  3  4  0  1  0  0  0  0  13  0  2  0  1  3  22  0  2  4  24  0  0  4  6  1  1  71  0  1  77  0  0  0  38  3  0  17  8  0  0  1  3  3  3  0  0  0  6  0  0  0  0  2  0  0  0  0  3  2  0  0  3  3  4  1  4  0  0  0  0  0  5  18  0  91  2023  3  10  20  1  0  0  0  0  4  8  42  64  24  49  444  972  30386  5573  136  19  120  130  71  19  1652  5  9  571  2  1  1  420  850  6  1166  522  16  8  0  8217  768  8  3  0  41  897  7  49  41  3  5  3  1  315  0  4292  1190  263  89  13  14  38  23  20  4  0  0  0  0  255  1607  2  
31  10  22  1  6  3  0  0  0  85  4  6  0  3  15  68  0  7  26  242  0  1  35  27  2  1  512  0  1  481  1  6  0  264  34  0  133  59  0  0  0  34  32  34  0  3  2  37  0  6  0  1  4  0  0  0  0  19  1  8  4  10  18  8  15  6  0  1  0  1  0  11  66  0  303  1689  11  8  43  4  0  2  0  3  1107  6  96  128  64  122  277  627  18297  24642  327  394  457  450  74  19  5012  4  17  1922  12  4  0  255  366  11  301  42  19  6  3  1560  266  365  7  4  67  561  3  9  924  20  17  10  0  7404  6283  0  4  43  288  39  45  108  128  175  14  3  0  2  0  57  70  0  
5  0  1  0  0  1  0  0  0  1  0  0  0  0  3  20  0  0  2  5  0  0  2  3  1  0  18  0  0  21  1  0  0  12  1  0  4  0  0  0  0  0  2  3  0  3  0  2  0  1  0  0  1  0  0  0  0  0  1  0  0  0  0  2  0  0  0  0  0  0  0  1  5  0  39  4398  0  1  9  2  0  0  0  1  0  10  12  59  14  29  54  98  10835  26  2  4  15  29  682  8  676  5  5  190  1  0  0  114  360  0  3585  2157  6  7  0  8  241  1  3  0  7  388  7  14  0  7  3  3  8  120  3462  2  0  49  0  10  1  7  2  7  4  4  0  0  0  5231  6114  0  
4  0  15  0  0  0  0  0  0  0  0  0  0  2  0  22  1  1  0  10  0  0  4  3  0  0  49  0  0  71  0  0  0  25  6  0  9  5  0  0  0  3  3  1  0  3  0  2  0  0  0  1  2  0  0  1  0  1  0  2  1  2  1  2  2  6  0  0  0  0  0  2  7  0  67  3371  22  6  13  1  0  3  0  7  0  2  12  30  14  56  285  709  1003  83  16673  458  225  129  93  4  385  17  6  279  1  3  0  61  991  2  20468  22  7  1  0  304  1965  15  7  0  107  115  2  11933  3  1  1  0  1  73  167  6  20  0  208  8  8  44  11  27  24  3  0  0  1  19  47  0  
67  2  30  0  10  0  0  1  0  69  5  11  0  5  28  84  0  0  2  175  0  0  31  47  1  1  16  4  2  14  2  5  0  93  26  2  23  22  0  0  0  27  30  52  1  1  1  13  0  3  0  3  10  0  0  0  0  4  0  9  5  13  17  15  2  4  1  0  0  4  0  17  13  0  385  1481  0  13  11  3  0  1  0  67  367  2  13  5  8  42  509  2285  745  1494  26918  31183  12698  751  2  5  29  0  2  35  19  6  0  110  974  2  276  53  1  2  0  4057  5379  568  1  0  434  426  0  802  6916  2  5  0  0  5  247  180  1  118  0  6  67  618  149  126  6  0  0  0  0  89  37  0  
55  0  8  0  5  1  0  0  0  0  0  0  0  8  28  50  0  0  1  1  0  0  3  11  0  0  3  0  1  9  0  2  0  5  5  0  2  0  0  0  0  2  3  0  1  1  0  0  0  0  0  0  8  1  0  0  0  0  0  0  1  7  6  4  0  7  0  0  0  2  0  1  0  0  1104  4  18  7  1022  18  0  1  0  5  3  36  5259  9685  4954  984  2  49  14  55  4  79  74  6940  305  37  61  10  35  33  12  0  0  24  221  0  214  79  346  22  1  117  321  24  26  0  11  28  9  0  0  4474  123  26  16  12  6  5  2  3  9  0  10  114  4  30  36  24  3  1  0  35  15  0  
193  0  4  0  6  26  0  0  0  6  0  0  0  0  12  9  1  2  0  9  0  0  7  203  0  0  12  1  1  19  140  25  0  9  76  0  5  6  0  0  0  3  11  2  0  2  0  4  0  1  0  0  5  0  0  0  2  0  0  0  0  2  97  12  0  29  0  0  0  8  0  1  2  0  1291  26  264  4  232  3179  6  28  0  3  19  1  8  8  18  445  14  260  43  408  21  198  2488  31541  69  36  61  28  319  52  21763  4672  2  37  591  2  132  12  0  1  0  268  251  305  53  4  1633  25  1  35  3  4  13  4  0  21  11  7  3  13  11  14  0  1175  32  104  94  3  19  1967  4  16  20  5  
68  0  9  0  6  3  0  0  0  13  0  1  0  0  2  11  0  1  1  15  0  0  13  32  0  1  44  0  0  56  2  4  0  22  17  0  6  2  0  0  0  5  7  3  1  6  0  3  0  1  0  1  1  0  0  0  0  0  0  2  0  2  9  6  0  6  1  0  0  3  0  2  12  0  3486  58  10  13  74  62  0  0  0  3  8  5  744  31  18  160  122  276  103  315  58  986  588  50901  460  35  105  87  85  29  45  16  0  56  1979  2  253  76  9  1  0  784  242  207  430  1  5819  65  7  65  19  3  10  20  2  43  32  23  10  18  54  43  541  0  0  23  172  6  5  0  0  53  51  1  
178  66  219  0  20  6  1  0  0  1098  53  16  0  9  56  301  1  17  65  1721  5  10  130  153  3  2  588  2  1  820  9  14  0  665  176  1  244  235  0  0  0  122  172  177  5  54  8  89  0  34  0  8  24  0  0  3  7  94  2  43  5  36  83  47  91  225  3  2  0  8  4  35  166  0  130  231  24  2  34  31  5  2  14  963  17325  62  15  19  111  370  52  79  82  11157  222  1137  437  145  5  13  3638  4  17  17931  88  64  1  25  120  3  65  122  2  8  0  256  143  19520  1  28  3  31  0  2  5  6  29  172  0  14  34  26  1  22  118  14  184  27  0  2589  18  12  1  0  46  58  17  1  
1636  57  3249  1  151  6722  119  188  219  4149  37  38  0  112  120  7170  3  10  88  1114  0  24  291  277  5  1  1064  10  7  3225  95  13  0  589  98  2  346  259  0  0  0  166  168  352  5  559  3  87  1  15  0  98  80  2  0  2  7  33  4  27  92  24  56  62  138  19210  9  19  0  24  27  40  258  0  3438  135  1152  5  1824  15856  6794  4139  8380  13997  433  104  30  151  445  13080  24  85  164  1816  104  536  1907  523  22  5  1464  5  76  8165  194  2003  0  23  73  0  125  35  13  16  0  145  302  1418  12  448  4  22  0  6  23  21  208  226  0  50  64  12  1  39  340  68  145  28  1102  0  17  9  1  114  913  21  4  3  
28  0  157  0  3  1  0  0  0  3  0  2  0  13  8  90  0  1  0  6  0  0  8  27  0  0  29  4  3  23  4  6  0  9  31  0  3  1  1  0  0  0  12  1  2  18  1  11  0  3  0  4  5  0  0  0  0  1  0  1  0  9  21  2  0  5  5  1  0  0  0  1  3  0  753  9  2504  5365  178  28  0  1  0  0  1  897  505  1262  447  1406  95  324  15  46  6  47  235  628  3030  56139  21514  40423  2148  17  28  4  7  105  240  46  718  206  313  254  31  64  176  12  1970  0  14  67  227  1  1  226  43  163  1005  14339  0  1  2  100  4  123  111  146  1  10  0  1169  47  2  0  141  93  7  
1  0  2  0  0  0  0  0  0  0  0  4  0  1  1  38  0  0  1  0  0  0  0  0  0  0  0  0  0  0  0  0  0  0  2  0  0  0  0  0  0  0  1  0  0  0  0  0  0  0  0  1  0  0  0  0  0  0  0  0  0  0  1  1  0  1  0  1  0  0  0  0  0  0  15  0  1  5527  21  0  0  0  0  0  0  20206  8  2070  20423  4051  11  29  11  2  0  4  17  9  681  1545  195  113  26947  2  0  0  1  1  3  3  32  9  10  146  0  3  7  2  520  0  2  3  4  0  0  12738  185  10776  230  111  0  0  0  5  0  15  0  1  0  0  238  0  446  0  0  11  3  0  
25  0  25  0  0  5  1  0  0  1  0  0  0  5  17  111  1  0  0  0  0  0  1  15  1  0  3  1  10  2  12  2  0  1  2  0  1  0  0  0  0  1  1  0  2  1  0  1  0  0  0  2  2  0  0  0  0  0  0  0  0  6  1  5  0  1  0  2  0  0  0  0  2  0  265  1  19  123  79  2  0  4  1  0  0  98  54  492  11561  11366  214  290  8  18  1  15  277  199  76  26  185  45  33510  11  9  2  0  4  16  0  26  3  34  22  0  14  17  5  660  0  4  3  0  0  0  154  24  19623  3  63  4  1  0  2  0  60  8  26  0  4  62  2428  0  0  1  5  3  0  
34  0  0  0  54  61  0  0  0  0  0  0  0  1  5  6  0  0  0  1  0  0  0  166  0  0  3  0  0  1  1012  1  0  1  2  0  0  0  0  0  0  0  0  0  0  0  0  0  0  0  0  0  3  0  0  0  0  0  0  0  0  0  76  0  0  18  0  0  0  68  0  0  0  0  2286  2  2  2  780  15025  8  10  8  19  0  2  1  0  0  3542  0  3  3  16  0  4  17  80  5  1  5  0  5  41  17430  601  0  1  14  0  4  0  0  0  0  3  8  2  5  4  13  0  0  1  0  0  0  0  0  2  0  0  0  1  0  0  2951  4  1  35  9  2  1  0  5  1  0  0  
45  4  149  0  6  5  2  14  71  7  1  12  0  10  17  438  0  3  12  18  0  5  36  19  3  2  243  0  0  506  0  4  0  126  18  1  64  22  0  0  0  1  18  7  1  37  1  19  0  1  0  12  15  0  0  3  0  0  0  6  4  8  6  3  4  102  0  7  0  0  33  3  95  0  220  11  27  1  1175  1531  430  120  20710  1026  3  17  2  20  33  2110  14  26  17  13  2  5  16  10  8  0  1523  0  2  48937  49  0  0  3  10  2  11  24  3  3  0  2  25  126  0  1141  2  6  0  0  0  7  33  69  0  3  5  2  0  3  0  8  16  2  145  1122  2  7  0  57  0  9  2  0  
8  1  23  0  1  1  0  0  0  4  0  2  0  3  1  22  0  1  1  3  0  0  11  9  0  1  10  1  0  20  0  0  0  4  9  0  1  1  0  0  0  1  5  1  0  5  1  6  0  0  0  1  0  0  0  0  0  0  0  0  1  3  5  7  0  4  1  0  0  0  0  1  4  0  121  63  39  19  49  1  0  0  0  2  0  318  216  1067  205  154  63  226  1658  69  9  116  65  185  1955  409  187  55  10  116  2  1  0  121  634  117  28721  37780  154  243  1  297  7917  16  6  4  17  135  250  86  11  19  4  9  56  50  416  10  3150  12  36  104  19  40  7  7  146  17  2  0  6  0  2091  0  
65  1  281  0  6  3  0  0  0  19  2  19  1  15  27  90  3  8  2  26  0  1  183  78  1  1  77  9  7  71  0  10  0  78  175  2  27  31  0  0  1  17  45  18  1  19  5  92  2  4  0  1  8  0  0  0  2  3  0  3  1  19  94  39  1  8  10  6  0  0  1  30  32  0  176  1322  59  79  41  5  0  1  0  1  0  992  314  1598  280  246  78  312  21010  98  4  71  88  248  67380  6194  1233  74  44  275  6  3  1  41559  1168  4389  5109  59668  152  494  46  250  5472  20  48  7  20  1863  328  21  5  68  16  20  356  841  1974  24  7114  268  3  115  23  44  22  23  189  129  2  0  30  5347  0  8  
15  1  229  0  0  1  1  0  0  5  0  4  0  2  11  43  1  6  1  10  1  0  32  14  0  2  24  1  2  35  1  13  0  18  49  0  3  3  0  0  1  4  13  6  0  11  0  16  0  2  0  1  2  0  0  0  0  1  0  1  2  7  54  7  1  3  1  0  0  1  0  1  4  0  183  6  45  100  24  1  1  0  2  2  0  61  208  131  33  105  136  183  47  17  3  11  64  140  25  945  241  16  8  165  7  2  7199  10876  114  4028  54  33  78  14  6303  18  40  2  4  4  16  2102  176  2  1  5  9  8  1  64  1  1  2  26  1  24  19  15  8  20  131  2  0  0  7  28  51  0  
