0  335  540  1  16178  4000  286  28  3  91  39  306  9  202  16741  6150  183  1032  308  605  10  111  509  24692  27  12  472  72  128  395  5308  310  0  1454  943  1  648  849  4  1  0  844  3449  55  93  56  654  332  3  111  8  280  19268  214  1  16  220  161  10  97  32  105  3581  10542  116  1380  28  89  4  920  18  44  38  0  
637  0  77  0  91  16  2  1  0  81  255  12  5  5  49  129  13  78  34189  7292  14977  2028  1399  819  45  1  2177  16  8  693  21  29  0  3735  782  1  4429  3062  0  0  0  29902  2362  109  2  13  49  187  0  2251  5349  5  91  0  0  77  5557  2973  5312  1113  2002  42  399  525  870  65  5  6  0  13  0  61  290  0  
2535  106  0  94  433  1281  491  7763  4091  78  287  1066  192  1105  1083  41798  905  1223  320  944  8  166  3238  3753  125  48  11012  16255  11270  45981  398  372  51  4438  5638  27  836  581  44  14  39  494  1537  342  8783  18077  230  4841  157  94  1  329  355  193  1  45  42  74  14  199  113  1036  2275  1271  276  950  6261  389  205  522  3519  322  915  15  
68  15  374  0  6  12  13  4  1  1  7  14559  499  3712  183  279  15386  5179  87  83  0  5  30  738  2093  33703  2750  12265  4319  173  17  3  1148  12420  908  22111  399  1757  106  139  26164  117  25  5  5252  34  312  2942  16889  4  0  89  27  9  85  956  7  15  1  48  1  477  29  460  3  6  6624  1173  5  4  3  1380  3617  2715  
11081  135  178  3  0  13671  198  47  3  13  17  544  1  465  5097  22328  10  34  122  174  6  52  62  2508  8  2  137  30  44  174  3218  48  0  230  147  0  87  198  0  0  0  399  335  25  49  25  6  46  2  12  1  1025  9051  145  0  10  92  54  1  11  5  158  354  38  34  3294  8  92  3  7892  23  16  18  0  
3704  26  1320  0  16378  0  53304  8552  542  998  207  192  7  219  1621  85748  299  119  24  61  2  444  741  7977  5  0  50  21  18  5443  19070  3399  0  178  2632  0  24  15  0  0  0  32  966  2627  10  507  89  339  1  53  0  166  594  18  0  7  9  7  3  31  13  148  7430  841  2234  23238  6  81  1  40723  2224  5  6  0  
691  6  1799  2  1231  35479  0  20268  1120  1198  136  396  5  698  3344  62467  97  51  11  36  0  365  184  1392  8  0  42  23  27  5074  2988  907  0  69  709  0  6  9  0  0  0  14  246  2045  10  413  29  95  2  15  0  465  1102  42  0  2  3  5  1  7  9  242  1389  169  1366  15086  4  145  1  6267  1852  3  11  0  
192  8  23057  1  530  12206  20763  0  7636  2706  501  583  1  504  629  52722  36  32  10  118  6  717  367  743  8  0  130  32  64  24483  980  508  1  117  326  0  23  24  0  1  0  19  154  3934  14  19588  16  73  2  12  0  387  214  17  0  3  0  3  4  9  76  101  678  133  1928  11530  3  104  0  3101  5495  9  23  0  
10  1  503  0  30  2712  1122  6098  0  8756  84  8  0  17  34  1378  4  2  3  18  1  3645  30  81  0  0  3  3  3  11030  173  60  0  9  38  0  0  0  0  0  0  0  19  2309  0  1939  2  8  0  2  0  17  9  0  0  0  0  1  0  1  4  2  75  16  330  6049  0  1  0  305  9622  0  0  0  
350  60  124  1  108  3024  809  1391  5671  0  1621  135  2  100  219  5706  56  53  55  3922  59  943  6750  1494  5  1  449  7  2  3812  518  1192  0  412  776  0  300  220  1  0  0  769  3525  5613  0  25  34  77  1  541  0  123  83  9  0  1  6  24  3  39  1434  26  1344  202  1578  18153  1  36  0  511  409  14  70  0  
153  150  138  0  30  20  2  7  16  3307  0  18  2  9  55  256  5  22  162  62743  77  24517  1027  194  11  1  271  5  5  6682  20  34  0  1103  357  2  275  422  0  0  0  6750  315  34139  5  38  11  109  0  64  0  8  30  1  0  7  12  56  5  61  1547  40  101  69  22253  1018  1  9  0  11  155  58  298  1  
220  40  719  9027  38  38  36  58  12  4  20  0  1078  16841  428  14514  10707  15601  142  234  0  23  64  1339  1948  4537  1584  1644  567  888  11  7  678  2757  1522  812  380  911  405  3017  354  345  42  31  310  193  410  3426  30042  6  0  10913  125  127  31  560  23  46  3  48  2  984  50  593  29  39  1170  6192  18  10  40  904  1678  60  
45  18  224  131  7  4  5  3  1  2  8  2306  0  5747  96  338  462  19297  71  136  0  11  298  12408  591  258  331  271  344  153  10  19  6  272  1010  4  84  210  3991  1132  3  202  33  13  301  22  16074  977  2673  2  0  13  26  5  1  75  15  27  2  21  0  1386  80  1483  5  5  73  193  4  1  2  145  346  1  
290  29  751  434  138  205  205  120  5  5  31  9377  6369  0  1088  11509  400  8224  152  249  3  23  88  2693  3309  1893  1877  1400  820  824  13  10  14  694  652  11  244  768  10000  7883  5  325  90  41  644  82  971  1450  14169  4  1  10288  261  75  46  872  16  48  7  45  3  4348  73  397  44  299  912  888  17  14  98  684  1153  4  
18340  61  1156  13  4441  1411  3183  511  16  26  41  1366  14  2116  0  83227  51  109  108  285  1  54  237  13800  178  11  727  1072  23585  864  93  31  0  868  410  1  166  264  0  3  0  405  553  70  3146  115  30  131  14  6  2  78194  82599  73975  0  113  28  48  2  21  7  9520  191  120  57  1211  297  15745  6860  97  127  67  140  1  
7799  156  35016  43  24073  52986  20994  20647  2994  185  337  16275  122  18294  67858  0  95  684  290  663  4  256  834  7935  266  80  1270  802  4345  9651  5486  478  2  1423  1561  3  223  425  34  25  1  884  825  962  496  3605  158  547  40  30  6  38940  7560  76746  5  122  90  131  8  38  29  5108  2308  691  926  15548  201  13380  3666  12373  1700  84  201  3  
252  18  639  9756  8  151  14  2  3  9  6  7606  164  468  46  103  0  15291  87  126  1  3  1215  3880  1940  3553  1281  1963  197  189  505  665  1094  6500  5932  2876  849  2273  18  31  2171  82  209  4  278  19  3079  11411  12124  18  0  21  18  1  102  388  5  22  9  97  2  159  2504  3018  15  54  868  177  1  143  2  2539  4828  330  
2608  119  472  2023  19  290  16  2  0  19  25  13396  8334  7062  148  438  12858  0  182  398  1  31  1638  14914  1260  2287  925  822  402  291  680  760  174  3345  9672  331  801  1119  1041  995  78  432  1005  25  416  34  14056  5884  17094  70  1  43  31  8  9  155  30  92  16  91  11  2176  5869  10595  51  78  270  753  4  260  5  647  1577  9  
566  39145  497  11  98  21  6  3  1  82  525  143  15  188  280  1933  87  188  0  22354  297  174  765  860  10780  50  29546  111  354  1963  28  31  14  6651  1058  33  16365  7438  7  5  6  13642  2155  166  55  27  51  892  42  926  3  267  97  105  6  4486  27461  27457  9617  1873  465  178  392  452  2134  69  66  364  4  17  2  2374  17384  8  
854  4577  408  9  147  40  5  4  5  9643  47694  146  10  80  249  1298  43  151  12816  0  318  15125  1819  1244  1891  56  10470  51  103  8526  53  166  2  7795  1860  46  5861  4247  2  0  4  12051  2059  22474  23  42  76  679  15  788  5  73  130  17  2  3627  907  11588  428  1722  2211  208  618  532  8198  3578  16  109  3  33  30  1383  4128  7  
79  25440  11  0  9  4  1  1  1  162  192  5  0  2  4  15  3  11  1385  1067  0  6831  8897  118  2  0  178  1  1  450  7  20  0  310  67  0  656  208  0  0  0  1163  1506  553  0  2  5  14  0  10042  2930  1  10  1  0  3  922  297  4788  10282  27622  1  73  62  335  73  1  0  0  6  6  8  13  0  
532  1192  162  0  89  374  208  366  1966  2057  20128  26  2  13  58  511  12  31  66  13355  4286  0  2816  611  2  0  64  8  5  10599  37  40  0  2802  633  0  439  1608  0  0  0  14177  1133  27749  4  154  55  67  0  468  4596  8  52  0  0  2  16  36  1  20  20918  16  297  385  1256  698  4  8  1  84  2585  5  47  0  
1009  1236  1207  4  40  292  10  23  7  6436  503  173  10  76  141  3882  570  814  313  2017  6014  4503  0  4109  24  4  1178  299  86  7270  333  1018  1  1864  9016  2  1908  244  0  1  0  506  39584  7551  107  146  171  1027  2  17432  0  97  80  13  0  14  141  150  140  657  19483  41  5642  1284  1451  1798  76  38  0  200  239  50  198  0  
29682  604  1582  65  359  4398  130  48  9  199  98  1179  9093  4316  5841  4141  9312  18749  757  1549  12  170  5889  0  363  72  1686  633  282  1026  22278  5218  4  4379  19010  1  1445  1985  102  91  1  2046  4969  128  264  151  32703  5674  75  340  14  842  135  25  2  237  323  362  49  245  112  11105  38967  60643  248  1551  255  155  1  3729  22  227  335  0  
694  287  417  277  130  45  42  14  1  15  30  1824  873  13042  861  1321  830  1412  7687  1717  4  28  213  1997  0  25020  22349  1531  1324  446  24  12  11  1799  1077  86  24376  18913  199  249  11  202  472  16  220  29  250  1168  1018  175  0  1380  151  47  12048  49284  206  1940  1334  1985  10  1613  151  482  98  40  2449  981  9  9  7  3733  51937  4  
154  23  397  30688  17  9  17  8  1  1  6  8800  572  11786  195  627  1649  2994  145  152  1  7  39  1275  41991  0  6544  5831  123  330  6  5  153  8946  738  22752  1815  10299  356  289  24643  187  52  3  64  91  216  1810  4512  4  0  70  28  6  9486  20476  11  35  6  93  0  790  33  286  3  15  38691  1496  2  3  1  7043  10270  435  
1088  1429  9635  877  193  63  23  28  4  77  176  1357  208  4625  889  2445  2869  1685  15795  14581  58  51  1880  2280  17187  1235  0  9252  2337  21023  60  90  333  22508  4281  209  11633  7907  61  42  347  447  2311  82  431  199  184  13648  1077  607  0  1332  171  43  138  62221  1065  1598  558  2426  129  1193  846  763  4765  115  22458  742  24  29  12  3905  20185  93  
1322  48  20696  20467  219  84  73  53  6  5  19  5486  1384  16125  2370  2875  6338  5031  244  335  0  22  1015  3956  7852  5944  16287  0  29876  4857  49  68  265  3525  6195  85  1796  3036  312  349  638  402  416  15  54407  562  486  15277  5125  19  1  5267  232  86  131  4788  32  60  28  691  3  3083  677  922  24  94  93432  3545  29  22  56  2734  4563  21  
2722  213  13819  4389  530  165  71  50  11  10  26  1342  845  4998  23127  12693  1417  2142  358  456  5  66  372  4354  2079  141  4726  39280  0  898  115  40  10  924  3060  11  1355  1504  145  161  19  526  324  21  80189  116  687  2064  655  17  3  20117  567  14123  1  1141  101  109  20  266  6  2501  584  1702  70  128  8352  28864  25271  42  11  509  1468  1  
990  278  28812  24  250  2231  977  2667  6174  2142  4079  745  25  483  584  8189  120  329  560  7387  199  14358  7736  1558  54  35  22504  761  441  0  286  304  5  6109  3352  10  2070  1233  3  7  5  433  2073  11868  91  13053  88  1822  13  259  1  274  193  16  0  48  41  132  38  331  3222  471  1003  538  17534  2268  205  215  2  632  25526  507  1645  5  
4423  15  347  0  7630  22381  202  32  13  42  4  29  14  16  41  3423  1539  891  13  39  2  6  541  21955  1  0  32  6  7  60  0  4804  0  140  2348  0  25  19  0  0  0  30  509  22  6  17  835  328  0  45  1  18  7  0  0  0  6  14  1  16  9  11  32409  1107  12  3394  1  2  0  30393  15  1  4  0  
445  44  567  2  29  1563  38  12  7  97  9  12  36  5  19  360  2458  1563  24  94  6  7  2635  12797  5  0  147  49  26  129  6645  0  0  904  7064  0  107  53  0  0  0  58  1958  30  17  21  977  777  0  144  0  1  6  1  0  2  14  26  12  71  28  9  15539  1125  19  602  12  1  0  2942  3  5  20  0  
32  4  1270  2435  8  4  0  0  0  0  0  901  6  92  33  37  4134  340  30  35  0  1  83  81  65  1765  1875  1239  15  149  1  1  0  41865  1999  3031  68  624  3  2  16002  21  33  0  11  24  13  14643  7558  1  0  2  6  0  54  23  2  5  0  3  0  50  24  37  1  3  1819  9  0  1  0  450  1648  11718  
1266  713  4912  1692  114  39  9  15  6  73  200  4699  411  1506  342  1016  3889  2559  2149  3777  23  422  1499  1971  857  9529  11155  2074  232  3267  64  122  16554  0  14128  14281  1444  9957  91  135  6995  3990  7521  109  117  564  277  27247  5976  107  22  50  118  6  671  273  347  719  49  157  39  427  1145  1094  220  55  2125  257  3  45  11  4434  49558  7164  
2417  400  4885  90  111  209  8  7  6  60  108  383  174  291  287  937  3166  3733  1015  2236  16  188  20450  9627  299  138  4480  2017  668  3300  779  1833  2482  21176  0  55  442  864  1  2  634  2692  9509  81  1146  543  3527  28357  160  57  6  25  108  3  4  130  194  368  22  71  18  372  10741  5529  78  145  807  55  3  259  10  420  1057  15  
46  13  870  12274  12  2  5  3  0  0  2  7253  142  1286  63  139  3731  3232  87  135  1  2  96  227  189  30263  1368  463  38  450  8  15  3476  21747  445  0  688  3775  62  76  16921  69  57  3  20  123  47  2185  7556  1  0  9  9  2  164  59  6  31  2  42  0  154  63  94  2  4  711  263  1  2  1  3010  4942  10730  
1001  4362  3416  80  109  29  6  8  2  106  165  275  76  517  249  410  424  563  4785  3754  255  97  972  1532  1359  315  6723  962  394  5205  42  66  14  4040  1169  34  0  23679  25  22  6  1439  19867  108  118  717  73  1881  197  19056  4  188  102  9  0  815  259  920  5458  36416  230  312  941  848  380  124  463  170  2  24  16  34985  1042  2  
1224  1154  4523  429  139  34  23  13  2  86  253  1511  419  2869  441  721  957  1342  4782  6611  24  257  627  1896  11002  10711  9245  1517  760  5032  43  32  19  6854  1709  733  25447  0  94  108  247  3369  8284  121  218  898  209  2285  1405  230  4  578  129  15  2301  3233  823  1339  6122  1873  66  774  765  1114  573  78  927  504  3  33  10  61554  53303  31  
66  8  233  196  7  7  9  6  0  1  7  3133  7232  23458  82  468  209  9665  55  98  0  1  20  2402  1788  1213  389  358  429  126  7  6  11  292  304  15  143  378  0  3916  2  117  14  4  302  14  3949  722  11070  2  0  9  20  4  13  147  12  17  1  16  2  665  18  150  2  10  104  392  10  0  1  353  644  1  
34  3  132  146  3  1  12  4  1  0  4  5309  2745  12617  90  333  170  2550  43  51  0  2  11  1092  881  330  281  207  232  92  4  2  6  183  175  8  89  229  3263  0  5  69  8  1  150  15  254  446  6224  2  0  6  22  4  6  84  4  9  4  17  1  523  12  113  0  2  64  169  9  1  2  178  372  1  
6  3  420  32785  2  1  0  1  0  0  1  7142  49  270  21  27  21065  3854  25  42  0  1  19  62  108  21890  633  894  13  152  0  1  5899  25903  1173  37500  227  1722  17  22  0  10  11  1  15  38  20  12850  30669  0  0  0  5  0  101  130  2  9  1  6  0  68  12  28  0  0  860  34  0  0  1  1108  4015  11593  
923  25075  108  0  201  20  6  2  0  1167  6355  39  9  23  204  297  11  119  14352  9200  943  12801  1279  1325  8  3  116  25  11  129  45  81  0  9204  2091  2  820  3297  0  0  1  0  1738  6178  4  14  119  608  1  698  1267  4  196  0  0  6  3379  520  17  88  1810  171  480  662  40  256  8  4  0  27  2  115  927  0  
2257  736  967  5  86  140  4  6  6  1035  122  102  4  48  175  898  69  344  580  1601  301  165  23929  3432  43  0  1832  306  71  1220  301  868  0  7858  5799  1  24177  12466  1  0  0  607  0  169  44  138  66  132  3  20326  4  16  50  3  1  40  239  407  302  1373  1927  63  2884  1310  415  678  56  5  1  404  12  92  134  0  
703  174  792  0  115  771  332  446  434  14221  53501  127  6  62  257  2237  28  56  218  47423  1135  51668  11373  1013  6  2  361  15  14  26285  244  386  0  2860  1227  0  337  707  0  0  0  15742  1602  0  11  162  55  300  0  351  4  58  98  7  0  1  14  106  4  36  20018  105  645  287  46476  4048  4  13  0  224  1917  52  375  0  
2428  152  15142  18766  492  170  95  46  6  11  28  2960  2642  13123  3752  2871  5060  6646  320  450  6  58  754  6081  1729  313  3971  129335  165547  1236  109  58  29  1746  11071  9  938  1389  567  488  42  599  379  31  0  83  1334  7779  2896  19  5  7368  456  233  3  982  70  95  23  178  7  4338  724  2236  65  136  12856  4939  166  42  16  557  1286  3  
589  28  41077  3  159  1105  473  13388  3288  49  148  1478  10  588  509  15246  29  138  112  307  3  85  1401  920  14  12  3452  395  249  42432  168  160  2  1434  1940  6  474  221  1  1  1  128  822  163  56  0  43  721  5  47  4  803  191  24  0  6  8  23  3  125  46  272  726  288  155  1660  90  218  1  319  2139  119  307  2  
986  107  238  63  18  344  15  4  2  12  12  847  19017  4346  57  225  5336  32526  175  296  0  54  768  34621  265  116  290  165  145  197  1017  865  3  2687  11547  5  103  439  2359  301  1  601  258  12  179  26  0  5503  2305  14  5  13  10  4  1  29  47  65  2  24  7  1180  2366  21677  14  86  49  70  2  320  3  106  264  1  
1323  349  9727  1949  185  184  53  19  2  19  136  1610  207  2114  754  1208  17925  6985  1659  2816  13  111  2568  6727  1477  2459  16275  10230  630  4856  433  599  13790  81947  44833  1113  1340  3209  19  17  7227  2877  851  83  1432  637  3040  0  2336  56  8  82  241  8  87  672  172  462  36  183  23  1887  2377  4742  75  99  7464  253  4  128  7  2771  11686  473  
61  19  792  24421  12  9  8  1  0  1  9  84387  8348  30605  147  679  33506  58377  136  179  0  6  34  2039  2742  8417  1392  2235  588  256  7  5  2462  11279  1603  9166  681  1949  11485  9008  10285  187  32  4  516  35  3855  7736  0  6  1  32  28  5  99  367  15  29  3  69  1  1296  33  236  7  7  1002  821  10  3  2  1988  5712  2218  
708  7891  236  0  17  18  2  1  1  546  189  12  0  12  36  98  42  197  2201  3441  13311  397  12687  1241  38  2  3421  49  21  742  67  180  2  1640  165  3  24438  632  0  0  0  1269  31678  196  19  29  14  60  1  0  8  3  6  3  0  106  1542  1757  2394  20209  5995  12  1649  462  1050  182  13  4  0  45  3  53  87  0  
324  7230  16  0  61  2  0  0  0  79  15  8  2  4  23  43  4  23  42  81  6823  13219  371  379  0  0  19  2  5  19  11  11  0  1914  426  0  271  1166  0  0  0  5099  615  32  5  0  43  29  0  278  0  2  56  0  0  0  9  23  5  4  5143  13  170  262  5  19  2  1  0  4  1  4  25  0  
398  2  452  19  259  329  419  165  5  3  16  22473  6  23850  64153  51883  14  36  15  22  0  7  15  843  341  18  1077  1680  5045  450  16  3  2  57  50  1  189  193  5  0  0  22  27  23  946  65  8  47  11  1  0  0  16338  15971  0  349  2  4  0  28  2  3757  20  16  20  327  816  19055  1492  27  71  77  180  0  
16707  70  170  5  6225  179  762  214  8  10  24  347  2  772  141887  19486  3  25  97  139  0  49  68  2738  30  2  134  62  217  392  23  8  1  181  101  0  63  115  2  0  0  295  144  47  58  36  2  39  1  5  1  17668  0  43132  0  15  68  37  1  8  5  282  48  27  46  261  29  89  84  20  44  12  21  0  
1427  7  961  9  260  49  206  47  3  5  4  1041  1  1554  122726  109586  8  31  20  19  1  0  16  308  49  4  142  173  13753  92  15  3  0  54  54  0  30  35  4  2  0  37  28  10  521  10  13  35  5  2  0  34373  57814  0  0  25  4  3  4  10  0  587  23  41  5  50  58  14551  10942  2  17  10  35  0  
11  0  14  50  2  0  2  2  0  0  0  122  38  1099  31  43  31  60  7  10  0  0  0  72  28494  31181  681  93  4  11  0  0  0  439  13  65  33  5099  23  12  6  3  1  0  2  3  9  24  64  0  0  20  10  0  0  1204  0  1  0  5  0  73  0  11  0  1  219  23  0  0  0  282  13992  0  
533  353  561  753  108  31  36  17  0  19  50  1245  264  12466  786  990  986  853  14162  9035  4  24  186  1875  96485  28833  106976  4570  1582  460  10  12  45  3505  921  81  9530  14814  79  74  93  135  364  24  277  44  142  2670  827  85  0  1687  121  25  2924  0  1464  12978  607  1697  24  1415  119  325  46  54  23358  767  13  9  7  9110  18139  12  
350  8885  80  1  53  3  1  0  0  5  52  17  4  18  40  164  11  43  60192  2914  288  23  272  452  1417  18  5934  13  26  285  11  11  0  3043  249  14  3641  2727  0  0  2  4570  1025  18  6  8  27  125  1  844  0  14  43  4  0  801  0  7583  837  681  258  32  175  292  141  6  8  35  0  2  1  595  5984  2  
247  3160  179  3  52  15  3  0  0  106  457  39  6  58  105  479  30  74  37111  32979  78  147  537  375  6398  29  18675  44  97  630  8  21  7  3573  591  27  3415  1915  0  0  3  513  851  242  20  9  34  374  13  398  1  56  40  27  3  18747  2167  0  973  841  254  85  182  189  238  91  32  67  1  6  2  764  2060  4  
356  6043  117  5  20  6  1  0  0  14  65  40  11  103  75  253  53  113  16967  1787  5112  25  158  480  6876  10  4966  29  108  587  14  15  2  1759  173  2  10613  8413  1  4  1  153  2721  39  18  5  15  175  14  2290  0  114  15  11  0  1895  476  792  0  4294  57  47  413  271  402  24  12  93  0  4  0  171  10237  0  
414  4108  336  3  6  5  0  3  1  9  45  12  1  28  14  43  41  161  1112  1677  13856  20  537  655  38  4  1393  70  23  623  22  31  0  1300  124  0  22379  1599  2  0  0  152  4785  25  5  77  1  87  7  12609  0  10  6  0  0  55  474  975  9561  0  431  21  765  337  392  9  19  10  0  3  0  558  120  0  
367  5315  173  1  18  25  2  5  4  3728  6566  13  1  5  38  185  23  109  416  12347  30754  40080  24126  689  7  1  650  8  3  6308  73  236  0  1233  282  1  4101  1008  0  0  0  5328  15305  8204  3  19  20  53  0  20962  4612  4  15  2  0  9  333  125  79  313  0  10  622  314  4932  1259  0  2  0  47  114  27  117  0  
307  40  413  26  88  117  119  24  5  2  31  738  1058  7804  10809  3498  97  1405  208  390  1  25  103  14099  190  45  611  390  192  333  18  16  3  683  369  1  105  230  109  134  0  657  321  23  182  47  67  510  92  10  0  2474  94  125  1  161  27  52  2  28  3  0  90  69  13  95  176  95  6  10  18  69  128  0  
12158  838  1549  3  1116  7139  84  16  4  223  76  35  67  50  85  957  6833  6688  555  1307  19  145  14198  67932  44  4  1833  302  291  903  29214  18184  0  4966  21402  2  2887  1280  1  1  0  591  7422  70  220  125  2268  2806  6  1382  5  12  23  3  0  57  249  384  169  728  68  36  0  15246  417  1509  65  8  5  8412  8  59  105  0  
9949  579  484  25  30  551  14  3  2  91  84  204  1256  117  51  365  5942  18917  697  1339  11  259  1233  69952  97  25  896  136  169  509  1464  659  0  6029  15044  4  1181  2361  4  3  1  1947  1822  57  165  49  32211  9228  12  112  15  10  17  3  1  45  366  316  31  141  30  81  5369  0  226  167  29  11  1  542  4  181  295  0  
373  755  722  2  74  218  72  94  69  11534  41338  92  3  39  142  1082  15  68  826  39011  596  10799  7944  524  33  8  10762  31  29  76719  52  89  2  2929  790  8  1490  1630  0  0  0  702  1803  61131  11  128  34  300  3  567  0  34  44  11  1  23  46  221  57  281  9749  115  265  228  0  4060  12  67  1  80  837  349  1087  2  
4686  73  3014  4  2036  42954  9815  8759  10940  42730  700  187  0  565  2949  26387  121  113  97  2273  34  1262  4258  7481  9  1  744  28  29  10349  7805  2504  0  588  1356  1  310  272  2  0  0  478  2809  12342  15  1123  70  234  0  370  0  435  731  19  0  4  12  42  8  35  595  168  2580  471  4680  0  7  51  0  2870  2175  29  141  0  
469  21  7530  15715  68  34  24  12  1  1  9  3535  370  13253  792  1069  2682  1739  117  194  1  7  312  1847  18592  76966  62778  80204  2780  474  13  13  207  2375  1563  174  1760  3810  146  116  505  132  132  4  1995  123  163  6803  2492  13  0  1475  61  16  1487  43765  7  22  26  636  4  1259  183  312  11  29  0  928  6  6  5  3405  5205  25  
113  14  963  1601  16  30  36  39  3  1  4  12061  87  1248  33313  25421  212  323  34  54  0  10  19  266  576  215  692  1380  34179  400  6  2  3  174  293  2  335  332  17  22  3  78  13  4  2990  97  95  294  68  3  0  34850  86  27336  3  228  2  7  6  47  2  202  29  174  4  18  412  0  6784  4  13  150  416  0  
316  29  4384  28  64  14  18  10  3  3  2  281  21  618  25841  14632  19  78  44  76  1  9  24  350  58  5  205  361  61320  99  9  2  1  112  148  0  90  92  7  8  0  107  28  1  1435  14  47  121  21  3  0  8477  160  31649  0  20  23  16  0  11  0  242  40  140  9  12  75  19310  0  6  3  17  57  0  
1506  16  170  1  19981  33263  936  207  10  49  8  19  0  13  52  11236  168  90  12  33  1  14  466  7367  1  0  39  12  8  225  40868  2455  0  198  2054  0  24  16  0  0  0  17  912  55  5  22  73  197  0  44  0  19  7  1  0  1  2  9  6  21  6  1  12275  884  56  1048  2  3  0  0  71  5  2  0  
64  6  7542  0  71  1600  700  1647  4363  208  483  126  0  82  103  2996  9  15  7  126  45  8485  1876  157  1  0  59  6  20  42242  136  89  0  198  197  0  55  38  0  0  0  33  220  2570  5  2001  7  39  0  20  0  36  34  1  0  0  0  4  0  10  676  30  146  45  907  982  2  17  0  406  0  8  38  0  
131  163  3091  330  29  14  3  1  3  2  45  799  151  651  104  191  387  541  1271  1718  0  10  219  348  486  3040  2570  760  127  3003  9  12  10  1571  561  349  33682  56069  36  40  135  409  402  28  72  765  44  1004  838  89  1  34  31  3  25  532  64  298  31  1098  7  143  103  142  37  15  361  51  2  6  17  0  2959  5  
1019  503  2812  681  205  49  26  9  3  22  151  4041  1074  8226  769  1214  1961  2787  36629  4130  11  83  525  2092  79100  45115  16817  1316  1158  2380  39  26  80  85069  2287  4209  17582  101788  263  336  922  1506  748  65  213  528  390  4380  3326  111  1  1072  186  35  21090  10145  3022  971  35532  1611  36  1645  297  821  154  51  1002  1008  5  13  13  11405  0  115  
33  6  1060  3484  6  2  5  1  0  0  0  1406  31  143  26  46  5922  1391  35  47  0  0  65  79  60  1656  1762  644  19  193  2  2  17084  19113  304  14859  53  523  8  11  13665  21  30  0  15  47  15  2581  7117  2  0  4  9  1  17  12  4  5  0  7  0  62  28  27  1  5  1007  12  1  0  0  311  1116  0  
