0  0  0  0  0  0  0  0  1  3  0  0  0  0  0  0  0  14719  11  7784  4838  1  0  1  0  0  0  0  0  0  0  2  0  0  1  809  0  0  728  0  0  0  0  0  0  10570  0  0  0  0  1  11873  44  7273  680  1129  0  0  0  4  0  0  1  0  0  0  0  0  0  0  0  0  0  0  0  0  7  0  0  0  0  0  0  0  0  0  13  20  0  0  0  0  0  0  0  0  0  0  0  0  0  0  0  0  0  0  0  0  0  0  0  0  1  0  0  0  0  0  0  1  0  0  3  0  0  0  0  0  0  0  0  0  0  0  
0  0  0  0  3  2  1307  50  0  0  0  0  0  0  16624  0  1  0  0  0  0  0  0  0  0  4105  4494  7072  2040  0  0  0  0  0  0  0  0  0  0  6545  7697  0  0  2  0  0  0  0  2  0  0  0  0  0  0  0  0  0  0  0  18  3193  0  0  0  118  0  0  285  0  0  0  0  3  1  0  0  0  0  0  0  30  0  0  0  0  0  0  0  0  0  0  0  0  1  328  0  0  0  0  0  0  0  0  0  0  0  306  0  0  0  0  0  0  0  0  0  0  0  0  0  0  0  0  0  0  0  0  0  0  0  0  4  0  
0  0  0  0  2  3  1  0  0  0  8718  0  5  0  1  79  56  0  0  0  0  0  0  0  17201  1  5480  2603  0  0  0  126  134  0  24  0  14  0  2  9610  0  0  56  9244  0  0  4  0  5  0  13  0  1  0  0  0  0  0  0  5  8  1955  763  11  0  0  0  0  0  0  0  0  0  0  0  0  0  0  0  0  0  0  0  0  0  0  0  0  0  0  0  0  0  0  0  0  0  0  0  0  0  0  0  0  0  0  0  0  0  0  0  0  0  0  0  0  0  0  0  0  0  0  0  0  0  0  0  0  0  0  0  0  0  0  
0  0  0  0  3663  3  0  0  0  0  1  0  1  2104  10583  1  54  0  0  0  0  0  725  0  0  0  0  0  0  7189  34  0  0  0  0  0  0  2  0  3  0  6  2  385  0  0  625  5266  5  0  0  0  0  0  0  0  439  544  1594  0  10  0  2  0  3852  0  0  0  0  0  6  15  0  0  0  0  0  0  0  0  0  64  0  0  0  0  0  0  0  2  0  0  0  0  0  0  10  1  0  0  0  0  0  0  0  0  0  0  0  0  0  0  0  0  0  0  0  0  0  0  0  0  0  0  5  0  0  14  0  0  0  6  0  0  
0  0  0  8178  0  6454  442  92  1  0  26  0  1  756  16007  9  571  0  0  0  0  0  334  1  6  1  5  21  0  136  4261  0  0  0  6  0  0  1  7  141  2  77  19  1920  0  1  5448  1217  2100  0  13  18  6  0  0  0  27  2702  872  114  10939  21  356  15  14830  5  0  0  0  0  2  2233  57  7  0  0  0  0  0  0  0  154  0  0  0  0  0  0  0  0  0  0  0  0  0  0  4  14  0  0  0  0  0  0  0  0  0  0  0  0  0  0  0  0  1  0  0  0  0  0  0  0  0  0  0  0  0  3218  0  0  0  7  0  0  
0  0  0  0  6913  0  12327  1610  0  0  0  0  0  18  21830  3  98  0  0  0  0  0  0  0  1  9  9  42  0  0  3  0  0  0  0  0  0  0  1  165  35  5  9  493  0  0  155  3  9559  0  94  0  0  0  0  0  0  0  0  3  9942  46  191  56  0  20  0  0  0  0  0  174  340  534  3  0  0  0  0  0  0  4  0  0  0  0  0  0  0  0  0  0  0  0  0  0  0  1  0  0  0  0  0  0  0  0  0  0  0  0  0  0  0  0  0  0  0  0  0  0  0  0  0  0  0  0  0  943  0  0  0  0  0  0  
0  1130  0  0  859  10279  0  7707  0  0  0  0  0  0  11764  7  22  0  0  0  0  0  0  0  1  3  7  9091  0  0  0  0  0  0  0  0  0  0  0  3622  6708  0  6  101  0  0  1  0  4188  0  38  0  0  0  0  0  0  0  0  0  7461  38  3  809  0  32  0  0  24  0  0  3  11  133  42  0  0  0  0  0  0  19  0  1  0  0  0  0  0  0  0  0  0  0  0  0  0  0  0  0  0  0  0  0  0  0  0  13  0  0  0  0  0  0  0  0  0  0  0  0  0  0  0  0  0  0  0  147  0  0  0  0  16  0  
0  13  0  0  109  360  4501  0  2348  0  0  0  0  0  14  0  28  0  0  0  47  1  0  34  9  9  8  9  2055  0  0  3  0  0  5  0  0  0  147  313  5108  0  10  20  0  0  3  0  23  0  391  0  1  0  0  0  0  0  0  161  8803  177  8  14  0  12391  0  0  2  0  0  4  0  2  3764  59  0  0  0  0  0  1  0  1  0  0  0  1  4  0  0  1  0  0  0  91  0  0  0  0  0  0  0  0  0  0  0  23  0  0  0  0  0  0  0  0  0  0  0  0  0  0  0  0  0  0  0  420  0  0  0  0  290  0  
0  0  0  0  0  2  2  3284  0  0  1  0  0  0  0  1  961  0  0  0  429  2666  2  6  6  4  3  2  3171  0  73  7  2  0  14  0  10  0  4654  20  0  1  298  61  0  0  0  0  1  0  21  0  0  64  0  113  0  8  0  404  13125  108  2  1  0  5  0  0  0  0  0  0  0  0  113  3318  0  0  0  0  0  0  0  67  0  0  3  22  15  0  0  4  0  0  0  0  1  1  1  0  0  1  0  0  0  0  1  0  1  6  23  0  0  0  0  0  0  10  0  0  0  0  4  0  0  0  0  4004  7  3  1  0  12  0  
13  0  0  0  0  0  0  0  0  0  0  0  0  0  0  0  0  1  35706  0  684  0  0  0  0  187  0  0  3685  0  0  0  0  0  0  0  0  0  24176  0  0  0  0  0  0  149  0  0  0  0  0  106  738  0  0  0  0  0  0  15111  0  0  0  0  0  0  0  0  0  0  0  0  0  0  0  0  2221  0  0  0  0  0  0  0  0  6  0  182  0  0  0  0  0  0  0  219  0  0  0  0  0  0  0  0  0  0  0  0  0  0  0  0  0  0  0  0  0  0  1  25  0  0  0  0  0  0  249  0  0  0  0  0  0  0  
0  0  9703  0  38  1  0  0  0  0  0  9  4513  69  1  19  399  1  0  0  0  0  10  1  135  0  0  1817  0  0  1  16  67  0  1  0  1  120  2  890  0  223  11  14868  0  1  13717  36  1  0  1  2  1  0  0  0  3  0  54  6  3  14  12284  0  4  0  0  0  0  0  0  0  0  0  0  0  0  0  0  0  0  0  0  0  0  0  0  0  0  0  0  0  0  0  0  0  0  0  0  0  0  0  0  0  0  0  0  0  0  0  0  0  0  0  0  0  0  0  0  0  0  0  0  0  0  0  0  0  0  0  0  0  0  0  
0  0  0  1  0  0  0  0  0  0  14  0  2548  0  0  4  99  0  0  0  0  0  10931  0  0  0  0  0  0  0  1  0  3  0  0  0  0  6272  0  0  0  1543  0  100  0  0  25  2  0  0  0  0  0  0  0  0  804  0  424  0  0  0  0  0  4  0  0  0  0  0  0  0  0  0  0  0  0  0  0  0  0  0  0  0  0  0  0  0  0  0  0  0  0  0  0  0  0  0  0  0  0  0  0  0  0  0  0  0  0  0  0  0  0  0  0  0  0  0  0  0  0  0  0  0  0  0  0  0  0  0  0  0  0  0  
0  0  2  2  6  0  0  0  0  0  6238  2703  0  309  2  0  158  0  0  0  0  0  943  0  14  0  0  1  0  0  7  0  0  0  0  0  0  8735  0  2  0  367  0  5726  0  0  11778  6  0  0  0  0  0  0  0  0  8744  2  567  1  0  1  65  1  17  0  0  0  0  0  0  0  0  0  0  0  0  0  0  0  0  0  0  0  0  0  0  0  0  0  0  0  0  0  0  0  0  0  0  0  0  0  0  0  0  0  0  0  0  0  0  0  0  0  0  0  0  0  0  0  0  0  0  0  0  0  0  1  0  0  0  0  0  0  
0  0  0  2394  2651  10  0  0  0  0  203  0  201  0  8846  2  11  0  0  0  0  0  5014  0  1  0  1  1494  0  0  0  0  0  0  0  0  0  0  0  75  0  3  0  133  0  0  50966  42009  23592  0  0  0  1  0  0  0  6158  0  5  2  80  1  7613  5122  0  0  0  0  0  0  0  0  0  0  0  0  0  0  0  0  0  0  0  0  0  0  0  0  0  0  0  0  0  0  0  0  0  0  0  0  0  0  0  0  0  0  0  0  0  0  0  0  0  0  0  0  0  0  0  0  0  0  0  0  0  0  0  2  0  0  0  0  0  0  
0  16448  0  12248  20297  17842  12578  16  0  0  0  0  0  9093  0  2  13  0  0  0  0  0  0  0  0  0  0  5695  0  1  1  0  0  0  0  0  0  0  0  91  1742  4  1  57  0  0  110  1678  37042  0  3  0  0  0  0  0  0  1  26  1  42  5  15  2816  1785  1  0  0  704  0  7  2284  243  132  6  0  0  0  0  0  0  4968  0  0  0  0  0  0  0  0  0  0  0  0  2  0  0  0  0  0  0  0  0  0  0  0  0  42  0  0  0  0  0  0  0  0  0  0  0  0  0  0  0  0  0  0  0  35  0  0  0  0  1  0  
0  0  41  0  1  0  1  0  2  0  11  6  0  0  0  0  15802  0  0  0  0  1766  173  12  12  1  22  21  0  0  756  22  10  4052  1  0  2  0  8  39  0  20  11348  9845  0  0  0  0  1  1  14  1  0  1  0  1  0  6  0  3  9  236  2  5  0  0  0  0  0  0  0  0  0  0  0  0  0  0  0  0  0  0  0  0  0  0  0  0  0  0  0  0  0  0  0  0  0  0  0  0  0  0  0  0  0  0  0  0  0  0  0  0  0  0  0  0  0  0  0  0  0  0  0  0  0  0  0  0  0  0  0  0  0  0  
0  0  8  20  25  1  0  0  24  0  378  49  71  0  0  10146  0  0  0  0  0  491  3287  11  2  0  6  21  0  1  7223  6  13  254  0  0  0  8  5  10  0  8585  5232  13783  0  0  16  17  1  0  9  1  1  2  0  1  1  713  90  3  44  28  12  2  5  0  0  0  0  0  0  0  0  0  0  1  0  0  0  0  0  0  0  0  0  0  0  0  0  0  0  0  0  0  0  0  0  0  0  0  0  0  0  0  0  0  0  0  0  0  0  0  0  0  0  0  0  0  0  0  0  0  0  0  0  0  0  3  0  0  0  0  0  0  
14794  0  0  0  0  0  0  0  0  232  0  0  0  0  0  0  0  0  2273  147  4  3  0  9168  5  0  0  0  0  0  0  35  0  0  7  101  2  0  496  8  0  0  31  1  0  128  0  0  0  0  7  46622  25045  8891  34  68  0  0  0  32  0  1  1  0  0  3  0  0  0  0  0  0  0  0  0  0  1  0  0  0  0  0  0  0  0  0  0  0  0  0  0  0  0  0  0  0  0  0  0  0  0  0  0  0  0  0  0  0  0  0  0  0  0  0  0  0  0  0  0  0  0  0  0  0  0  0  0  0  0  0  0  0  0  0  
1  0  0  0  0  0  0  0  0  36429  0  0  0  0  0  0  0  1268  0  0  15  0  0  111  0  4353  0  0  283  0  0  0  0  0  1  0  0  0  7716  0  0  0  0  0  0  113  0  0  0  0  1777  361  18876  0  0  0  0  0  0  7757  0  0  0  0  0  1  0  0  0  0  0  0  0  0  0  0  144  0  0  0  0  0  0  0  0  0  0  0  0  0  0  0  0  0  0  9  0  0  0  0  0  0  0  0  0  0  0  0  0  0  0  0  0  0  0  0  0  0  0  0  0  0  0  0  0  0  15  0  0  0  0  0  0  0  
8191  0  0  0  0  0  0  0  0  0  0  0  0  0  0  0  0  63  0  0  56  1478  0  0  1  0  0  0  0  0  0  5  0  1  0  12645  1  0  66  2  0  0  2  2  15548  2840  0  0  0  0  1  862  21  4086  17532  30337  0  0  0  19  1  0  2  0  0  0  0  0  0  0  0  0  0  0  0  0  0  0  0  0  0  0  0  0  0  0  5  2  0  0  0  0  0  0  0  0  0  0  0  0  0  0  0  0  0  0  0  0  0  0  0  0  0  0  0  0  0  0  0  0  0  0  2  0  0  0  0  0  0  0  0  0  0  0  
4962  0  0  0  0  0  0  111  725  1054  0  0  0  0  0  0  0  15  7  82  0  1381  0  3  1  0  0  0  2912  0  0  1  0  0  1  3  0  0  37525  1  0  0  1  0  0  19582  0  0  0  1  11  325  7  223  2  27231  0  0  0  3433  0  0  0  0  0  0  0  0  0  0  0  0  0  0  14  31  38  0  0  0  0  0  0  0  0  0  10  924  0  0  0  0  0  0  0  148  0  1  0  0  0  0  0  0  0  0  0  0  0  0  0  0  1  0  0  0  0  0  0  0  0  0  15  0  1  0  164  10  0  0  0  0  10  0  
4  0  0  0  0  0  0  3  2542  0  0  0  0  0  0  2263  638  0  0  1264  1055  0  68  14  2  0  0  0  0  0  2139  2  20  5176  2  91  204  0  1016  1  0  0  4760  4  688  0  0  0  0  0  34  3  1  750  5  22582  0  17  0  3  182  3  1  0  0  1  0  0  0  0  0  0  0  0  0  1  0  0  0  0  0  0  0  0  0  0  2  6  2  0  0  0  0  0  0  0  3  6  1  0  0  0  0  0  0  0  0  0  0  0  0  0  0  0  0  0  0  0  0  0  0  0  1  0  0  0  0  1  0  0  0  0  0  0  
0  0  0  491  175  0  0  0  1  0  2  9578  1588  4547  5  34  3757  0  0  0  0  97  0  0  0  0  0  0  0  9141  2696  0  1  77  0  0  0  5248  0  0  0  10693  301  79  0  0  1258  100  0  0  0  1  0  0  0  4  15355  20279  31602  0  4  0  1  0  2942  0  1  0  0  0  0  41  0  0  0  0  0  0  0  0  0  0  0  0  0  0  0  0  0  9  0  0  0  0  0  0  30  5  0  0  0  0  0  0  0  0  0  0  0  0  0  0  0  0  0  0  0  0  0  0  0  0  0  0  7  0  0  0  0  0  0  80  0  0  
13  0  0  0  3  1  0  170  6  0  0  0  1  1  0  0  9  8244  39  2  4  18  0  0  8753  638  0  3  2  0  0  67  1685  0  2256  0  15  0  335  16  0  0  182  8  0  19  1  0  0  8326  21581  1019  2807  375  0  9  0  0  0  32  104  87  0  0  0  23  0  0  0  0  0  0  0  0  0  0  0  0  0  0  0  0  0  0  0  0  0  0  0  0  0  0  0  0  0  0  0  0  0  0  0  0  0  0  0  0  0  0  0  0  0  0  0  0  0  0  0  0  0  0  0  0  0  0  0  0  0  1  0  0  0  0  0  0  
2  0  15613  0  6  11  0  45  2  0  165  0  46  0  0  102  69  0  0  1  1  3  0  9875  0  186  4738  14  1  0  0  94  1342  0  21480  0  3  7  59  1101  0  4  79  3554  0  10  54  1  40  7668  8367  9  75  1  0  0  0  0  1  119  43  43304  1090  19  0  18  0  0  0  0  0  0  0  0  0  0  0  0  0  0  0  0  0  0  0  0  0  0  0  0  0  0  0  0  0  0  0  0  0  0  0  0  0  0  0  0  0  0  0  0  0  0  0  0  0  0  0  0  0  0  0  0  0  0  0  0  0  1  0  0  0  0  0  0  
0  3391  0  0  0  0  0  27  0  98  0  0  0  0  0  0  0  0  4742  0  0  0  0  2929  1945  0  1  0  29916  0  0  0  0  0  15  0  0  0  0  1  3664  0  0  1  0  0  0  0  0  0  47833  0  48  0  0  0  0  0  0  8356  19  17834  0  1  0  3635  0  0  0  0  0  0  0  0  0  0  2  0  0  0  0  0  0  0  0  2  0  0  0  0  0  0  0  0  0  52  0  0  0  0  0  0  0  0  0  0  0  0  0  0  0  0  0  0  0  0  0  0  0  0  0  0  0  0  0  0  13  0  0  0  0  0  0  0  
0  4418  6294  0  40  12  2  274  0  0  0  0  0  0  0  2  27  0  0  0  0  0  0  2  8359  3  0  1529  0  0  0  1  0  0  65  0  0  0  1  33603  1069  0  32  129  0  0  1  0  15  0  7  0  1  0  0  0  0  0  0  6  123  38661  24  8  0  547  0  0  0  0  0  0  0  0  0  0  0  0  0  0  0  0  0  0  0  0  0  0  0  0  0  0  0  0  0  0  0  0  0  0  0  0  0  0  0  0  0  0  0  0  0  0  0  0  0  0  0  0  0  0  0  0  0  0  0  0  0  0  0  0  0  0  0  0  
0  8850  2787  0  23  75  10392  289  1  0  2303  0  1  561  6752  38  111  0  0  0  0  0  0  0  4  11  2565  0  0  0  1  0  0  0  0  0  0  0  1  38398  183  5  17  3541  0  0  226  3  519  0  773  0  0  0  0  0  0  0  0  2  214  104  19863  21856  0  7  0  0  0  0  0  0  0  0  0  0  0  0  0  0  0  0  0  0  0  0  0  0  0  0  0  0  0  0  0  0  0  0  0  0  0  0  0  0  0  0  0  0  0  0  0  0  0  0  0  0  0  0  0  0  0  0  0  0  0  0  0  3  0  0  0  0  0  0  
0  1748  0  0  0  0  1  2748  4704  2158  0  0  0  0  0  0  5  0  56  0  5741  1  0  20  5  29247  1  0  0  0  0  4  0  1  2  0  1  0  3098  18  9052  0  3  7  0  0  0  0  0  0  2306  0  2  0  0  0  0  0  0  26146  241  69  3  1  0  15566  0  0  0  0  0  0  0  0  360  25  949  0  0  0  0  0  0  0  0  4  0  4  0  0  0  0  0  0  0  4254  0  0  0  0  0  0  0  0  0  0  0  0  0  0  0  0  0  0  0  0  0  0  0  0  0  0  0  0  0  0  370  1  0  0  0  0  1112  0  
0  0  0  5884  233  0  0  0  0  0  0  0  0  0  0  0  20  0  0  0  0  4  10471  0  0  0  0  0  0  0  7168  0  0  0  0  0  0  0  0  0  0  10  1  5  0  0  0  0  0  0  0  0  0  0  0  1  0  13950  74  0  2  0  0  0  12663  0  67  0  0  0  17  1179  0  0  0  0  0  0  0  0  0  528  0  0  0  0  0  0  1  51  0  0  0  0  0  0  370  119  0  0  0  0  0  0  0  0  0  0  0  0  0  0  0  0  0  0  0  0  0  0  0  0  0  0  29  0  0  374  0  0  0  1114  0  0  
2  0  0  15  3799  1  0  0  25  0  0  4  4  0  2  943  10424  0  0  1  2  1650  2919  6  2  0  0  0  0  4224  0  1  1  370  0  0  0  3  14  1  0  1954  1279  566  0  0  23  5  0  0  3  0  0  1  0  2  14  13100  906  0  5449  0  1  0  6501  1  0  0  0  0  0  64  0  0  0  0  0  0  0  0  0  1  0  0  0  0  0  0  0  0  0  0  0  0  0  0  20  57  0  0  1  0  0  1  0  0  0  0  2  0  0  0  0  0  0  0  0  0  0  0  0  0  0  0  0  0  0  92  0  0  0  78  0  0  
0  0  101  0  0  0  0  11  4  0  22  0  0  0  0  75  21  4  0  0  1  2  0  16  69  0  1  0  0  0  0  0  12730  0  1130  1  589  0  10  2  0  0  21325  16  0  0  1  0  0  0  25  48  57  2  0  2  0  0  0  21  69  15  4  0  0  4  0  0  0  0  0  0  0  0  0  0  0  0  0  0  0  0  0  0  0  0  0  0  0  0  0  0  0  0  0  0  0  0  0  0  0  0  0  0  0  0  0  0  0  0  0  0  0  0  0  0  0  0  0  0  0  0  0  0  0  0  0  0  0  0  0  0  0  0  
1  0  95  0  2  1  0  5  8  0  46  29  3  0  0  37  99  1  0  0  0  58  5  1828  1334  0  0  0  0  0  3  14654  0  5685  13933  36  5435  2  14  3  0  2  22222  29  374  1  6  0  0  2  15  16  21  593  383  37  0  1  0  13  44  19  3  0  0  2  0  0  0  0  0  0  0  0  0  1  0  0  0  0  0  0  0  0  0  0  0  0  0  0  0  0  0  0  0  0  0  0  0  0  0  0  0  0  0  0  0  0  0  0  0  0  0  0  0  0  0  0  0  0  0  0  0  0  0  0  0  0  0  0  0  0  0  0  
0  0  0  0  0  0  0  0  0  0  0  2  0  0  0  4037  44  0  0  0  0  4967  68  4  0  0  0  0  0  0  294  2  3716  0  0  7  1228  0  1  0  0  0  12496  0  16  0  0  0  0  0  2  0  0  136  63  12  0  1  0  0  0  0  0  0  0  0  0  0  0  0  0  0  0  0  0  0  0  0  0  0  0  0  0  0  0  0  0  0  0  0  0  0  0  0  0  0  0  0  0  0  0  0  0  0  0  0  0  0  0  0  0  0  0  0  0  0  0  0  0  0  0  0  0  0  0  0  0  0  0  0  0  0  0  0  
0  0  43  0  3  0  0  151  3  0  3  0  0  0  0  1  35  0  0  0  0  0  0  5796  19807  4  2  1  5  0  3  2237  12663  0  0  0  97  0  33  27  0  0  712  34  0  0  7  1  0  28  220  20  26  1  0  0  0  0  1  39  1032  2140  14  1  0  12  0  0  0  0  0  0  0  0  0  1  0  0  0  0  0  0  0  0  0  0  0  0  1  0  0  0  0  0  0  0  0  0  0  0  0  0  0  0  0  0  0  0  0  0  0  0  0  0  0  0  0  0  0  0  0  0  0  0  0  0  0  0  0  0  0  0  0  0  
622  0  0  0  0  0  0  0  1  0  0  0  0  0  0  0  0  24  0  6186  2  132  0  0  0  0  0  0  0  0  0  2  10  9  0  0  10010  0  12  0  0  0  298  0  16667  0  0  0  0  0  0  37  0  14402  20059  167  0  0  0  2  0  0  0  0  0  0  0  0  0  0  0  0  0  0  0  0  0  0  0  0  0  0  0  0  0  0  0  0  0  0  0  0  0  0  0  0  0  0  0  0  0  0  0  0  0  0  0  0  0  0  0  0  0  0  0  0  0  0  0  0  0  0  0  0  0  0  0  0  0  0  0  0  0  0  
6  0  0  0  0  0  0  2  36  0  0  0  0  0  0  9  4  1  0  3  53  317  0  16  1  0  0  0  0  0  0  385  4065  610  367  11005  0  0  393  0  0  0  9720  1  2079  0  0  0  0  0  15  9  3  7237  3032  2599  0  0  0  3  2  0  0  0  0  0  0  0  0  0  0  0  0  0  0  0  0  0  0  0  0  0  0  0  0  0  0  0  0  0  0  0  0  0  0  0  0  0  0  0  0  0  0  0  0  0  0  0  0  0  0  0  0  0  0  0  0  0  0  0  0  0  0  0  0  0  0  0  0  0  0  0  0  0  
0  0  0  9  4  0  0  0  0  0  85  5401  8623  0  0  0  10  0  0  0  0  0  4178  0  0  0  0  0  0  0  4  0  0  0  0  0  0  0  0  0  0  1675  1  4007  0  0  362  5  0  0  0  0  0  0  0  0  1771  8  6074  0  0  0  9  0  22  0  0  0  0  0  0  0  0  0  0  0  0  0  0  0  0  0  0  0  0  0  0  0  0  0  0  0  0  0  0  0  0  0  0  0  0  0  0  0  0  0  0  0  0  0  0  0  0  0  0  0  0  0  0  0  0  0  0  0  0  0  0  0  0  0  0  0  0  0  
1865  0  5  1  14  1  0  184  4464  28890  56  0  25  1  1  3  36  81  5818  679  39238  1289  0  207  168  4  7  4  4351  0  1  65  17  0  41  9  23  4  0  68  0  1  135  201  0  9683  81  5  6  13  405  7489  4390  1585  6  1806  0  0  0  20754  1307  288  71  1  0  24  0  0  0  0  0  0  0  0  0  0  40  0  0  0  0  0  0  0  0  0  0  108  1  0  0  0  0  0  0  2  0  0  0  0  0  0  0  0  0  0  0  0  0  0  0  0  0  0  0  0  0  0  0  2  0  0  0  0  0  0  4  0  0  0  0  0  0  0  
1  8496  10292  0  164  136  5860  566  1  0  602  0  5  48  122  35  365  2  0  1  0  1  0  31  4286  51  34922  38960  1  0  2  13  0  0  82  0  0  1  42  0  10445  18  126  5670  0  19  69  8  1108  1  1117  172  195  1  0  1  0  0  0  810  939  19984  2528  10119  0  200  0  0  0  0  0  1  0  1  1  0  0  0  0  0  0  0  0  0  0  0  0  0  0  0  0  0  0  0  0  0  0  0  0  0  0  0  0  0  0  0  0  0  0  0  0  0  0  0  0  1  0  0  0  0  0  0  0  0  0  0  0  15  0  0  0  0  1  0  
0  6580  0  0  13  16  5792  4339  0  0  0  0  0  0  893  0  1  0  0  0  0  0  0  0  0  4533  822  268  8045  0  0  0  0  0  0  0  0  0  0  7019  0  0  0  1  0  0  0  0  63  0  437  0  0  0  0  0  0  0  0  14  42  11821  0  63  0  10334  0  0  3  0  0  0  0  0  84  0  0  0  0  0  0  0  0  0  0  0  0  0  0  0  0  0  0  0  0  39  0  0  0  0  0  0  0  0  0  0  0  40  0  0  0  0  0  0  0  0  0  0  0  0  0  0  0  0  0  0  0  0  0  0  0  0  55  0  
0  0  0  41  53  1  0  0  0  0  64  1277  154  0  7  1  7051  0  0  0  0  3  9552  0  0  1  0  0  0  3  2397  0  0  0  0  0  0  2174  0  1  0  0  676  1489  0  0  143  21  2  0  0  0  0  0  0  0  55  624  6153  0  42  0  5  0  26  0  0  0  0  0  0  0  0  0  0  0  0  0  0  0  0  0  0  0  0  0  0  0  0  0  0  0  0  0  0  0  0  0  0  0  0  0  0  0  0  0  0  0  0  0  0  0  0  0  0  0  0  0  0  0  0  0  0  0  0  0  0  1  0  0  0  0  0  0  
0  0  8  0  2  5  0  26  135  0  25  1  3  0  0  8659  6453  1  0  1  2  1522  469  155  25  2  50  22  2  0  849  11064  12108  9300  157  143  5977  0  122  71  0  746  0  1767  149  0  6  1  0  4  135  26  15  2000  85  1399  0  32  2  51  60  627  6  1  0  6  0  0  0  0  0  0  0  0  0  2  0  0  0  0  0  0  0  0  0  0  0  5  2  0  0  0  0  0  0  0  0  2  0  0  0  0  0  0  0  0  0  0  0  0  1  0  0  0  0  0  0  0  0  0  0  0  0  0  0  0  0  0  0  0  0  0  0  0  
0  0  11122  776  2667  226  27  5  9  0  12604  45  6146  312  406  8612  11453  0  0  0  0  0  26  8  3070  3  578  2449  1  2  159  21  39  0  20  0  2  3608  62  6307  1  1422  1836  0  0  4  14216  2017  479  2  205  16  14  0  0  1  41  30  140  142  549  6134  10165  1361  29  3  0  0  0  0  0  0  0  0  0  1  0  0  0  0  0  0  0  0  0  0  0  0  0  0  0  0  0  0  0  0  0  0  0  0  0  0  0  0  0  0  0  0  0  0  0  0  0  0  0  0  0  0  0  0  0  0  0  0  0  0  0  31  0  0  0  0  0  0  
6  0  0  0  0  0  0  0  0  0  0  0  0  0  0  0  0  3  0  8555  1  772  0  0  0  0  0  0  0  0  0  0  52  1  0  19045  1172  0  1  0  0  0  474  0  0  0  0  0  0  0  1  1  0  2916  2440  5917  0  0  0  0  0  0  0  0  0  0  0  0  0  0  0  0  0  0  0  0  0  0  0  0  0  0  0  0  0  0  0  0  0  0  0  0  0  0  0  0  0  0  0  0  0  0  0  0  0  0  0  0  0  0  0  0  0  0  0  0  0  0  0  0  0  0  0  0  0  0  0  0  0  0  0  0  0  0  
12828  0  0  0  0  0  0  0  0  1  0  0  0  0  0  0  0  184  1  2601  14531  2  0  1  0  0  0  0  0  0  0  0  0  0  0  1  0  0  4973  0  0  0  0  0  0  0  0  0  0  0  3  5957  2  36  16  4544  0  0  0  2  0  0  0  0  0  0  0  0  0  0  0  0  0  0  0  0  0  0  0  0  0  0  0  0  0  0  4  4  0  0  0  0  0  0  0  0  0  0  0  0  0  0  0  0  0  0  0  0  0  0  0  0  0  0  0  0  0  0  0  0  0  0  0  0  0  0  0  0  0  0  0  0  0  0  
0  0  7  1060  5266  472  0  0  0  0  14850  27  16549  44812  186  10  180  0  0  0  0  0  172  1  10  0  2  1230  0  0  28  0  2  0  6  0  0  146  4  142  0  255  5  11655  0  0  0  10886  3885  0  2  21  5  0  0  0  3279  11  327  91  409  39  16764  17  51  0  0  0  0  0  0  0  0  2  0  0  0  0  0  0  0  0  0  1  0  0  0  0  0  0  0  0  0  0  0  0  0  0  0  0  0  0  0  0  0  0  0  0  0  0  0  0  0  0  0  0  0  0  0  0  0  0  0  0  0  0  0  23  0  0  0  0  0  0  
0  0  1  6681  7355  24  0  0  0  0  6  0  1  38853  1843  9  180  0  0  0  0  0  68  0  1  0  0  2  0  0  52  0  0  0  2  0  0  1  2  35  0  36  3  2484  0  0  11793  0  10364  0  0  3  1  0  0  0  92  2  30  25  1131  6  120  0  7  0  0  0  0  0  0  0  0  0  0  0  0  0  0  0  0  0  0  0  0  0  0  0  0  0  0  0  0  0  0  0  0  0  0  0  0  0  0  0  0  0  0  0  0  0  0  0  0  0  0  0  0  0  0  0  0  0  0  0  0  0  0  8  0  0  0  0  0  0  
0  0  7  1  4034  9553  2489  26  1  0  2  0  0  23585  42827  7  183  0  0  0  0  0  0  0  5  5  9  84  0  0  2  0  0  0  2  0  0  0  0  823  17  8  7  926  0  0  9679  8098  0  0  78  0  0  0  0  0  2  0  1  6  1755  175  2804  9747  0  16  0  0  0  0  0  1  3  6  0  0  0  0  0  0  0  0  0  0  0  0  0  0  0  0  0  0  0  0  0  0  0  0  0  0  0  0  0  0  0  0  0  0  0  0  0  0  0  0  0  0  0  0  0  0  0  0  0  0  0  0  0  28  0  0  0  0  0  0  
0  0  0  0  0  0  0  20  0  0  0  0  0  0  0  0  0  0  0  0  0  0  0  12530  9469  0  0  0  1  0  0  0  0  0  158  0  0  0  0  0  0  0  1  0  0  0  0  0  0  0  1949  0  0  0  0  0  0  0  0  7  4  49  0  0  0  0  0  0  0  0  0  0  0  0  0  0  0  0  0  0  0  0  0  0  0  0  0  0  0  0  0  0  0  0  0  0  0  0  0  0  0  0  0  0  0  0  0  0  0  0  0  0  0  0  0  0  0  0  0  0  0  0  0  0  0  0  0  0  0  0  0  0  0  0  
10  0  0  0  15  11  13  2730  18  0  2  0  0  0  2  9  125  6  2261  2  6  32  0  25859  10385  50410  38  530  2873  0  3  160  39  0  247  0  77  0  1710  376  272  1  600  97  0  45  3  0  4  1018  0  25  7379  30  0  8  0  1  0  9041  3498  17113  8  54  0  7251  0  0  0  0  0  0  0  0  0  0  0  0  0  0  0  0  0  0  0  0  0  0  0  0  0  0  0  0  0  0  0  0  0  0  0  0  0  0  0  0  0  0  0  0  0  0  0  0  0  0  0  0  0  0  0  0  0  0  0  0  0  1  0  0  0  0  0  0  
6825  0  0  0  2  0  0  7  3  492  1  0  4  0  0  0  7  36628  1741  2483  21  3  0  542  9  0  0  1  6  0  0  420  8  0  73  6  9  0  4926  86  0  0  115  10  0  8364  4  0  0  0  20  0  16543  6686  69  1140  0  0  0  1299  7  2  53  0  0  4  0  0  0  0  0  0  0  0  0  0  2  0  0  0  0  0  0  0  0  0  0  0  0  0  0  0  0  0  0  0  0  0  0  0  0  0  0  0  0  0  0  0  0  0  0  0  0  0  0  0  0  0  0  0  0  0  0  0  0  0  0  0  0  0  0  0  0  0  
152  0  0  0  0  0  0  23  0  367  9  0  4  0  0  0  9  18805  20623  27  27  3  0  1497  69  10  0  0  4  0  3  492  9  0  141  0  47  1  4946  195  0  0  460  42  0  1798  11  0  0  0  5867  11377  0  36  5  27  1  0  0  6972  8  34  70  0  0  52  0  0  0  0  0  0  0  0  0  0  0  0  0  0  0  0  0  0  0  0  0  0  0  0  0  0  0  0  0  0  0  0  0  0  0  0  0  0  0  0  0  0  0  0  0  0  0  0  0  0  0  0  0  0  0  0  0  0  0  0  0  0  0  0  0  0  0  0  
8329  0  0  0  0  0  0  5  38  0  2  0  0  0  0  3  5  7331  0  3460  106  369  0  173  2  0  0  0  1  0  1  88  36  9  12  10279  3394  0  2443  9  0  0  1314  1  135  47  2  0  0  1  22  13068  83  0  8770  5663  0  0  0  178  6  0  3  0  0  0  0  0  0  0  0  0  0  0  0  0  0  0  0  0  0  0  0  0  0  0  0  0  0  0  0  0  0  0  0  0  0  0  0  0  0  0  0  0  0  0  0  0  0  0  0  0  0  0  0  0  0  0  0  0  0  0  0  0  0  0  0  0  0  0  0  0  0  0  
551  0  0  0  0  0  0  0  0  0  0  0  0  0  0  0  0  18  0  20217  4  8  0  0  0  0  0  0  0  0  0  4  58  1  1  22578  2425  0  20  1  0  0  43  0  1795  4  0  0  0  0  0  177  19  10556  0  7574  0  0  0  39  1  0  3  0  0  0  0  0  0  0  0  0  0  0  0  0  0  0  0  0  0  0  0  0  0  0  0  0  0  0  0  0  0  0  0  0  0  0  0  0  0  0  0  0  0  0  0  0  0  0  0  0  0  0  0  0  0  0  0  0  0  0  0  0  0  0  0  0  0  0  0  0  0  0  
1981  0  0  0  0  0  0  8  207  0  0  0  0  0  0  0  1  132  0  26613  27588  15694  0  5  3  0  0  0  1  0  0  13  32  5  3  175  318  0  4363  7  0  0  3031  2  7116  5966  2  0  0  1  28  1451  12  12426  2553  0  0  0  0  267  0  1  9  0  0  1  0  0  0  0  0  0  0  0  0  0  0  0  0  0  0  0  0  0  0  0  10  5  0  0  0  0  0  0  0  0  0  0  0  0  0  0  0  0  0  0  0  0  0  0  0  0  0  0  0  0  0  0  0  0  0  0  9  0  0  0  0  0  0  0  0  0  0  0  
0  0  0  281  18  0  0  0  0  0  2  663  10878  5801  1  0  2  0  0  0  0  0  13128  0  0  0  0  0  0  1  5  0  0  0  0  0  0  1967  0  0  0  64  0  42  0  0  3889  209  0  0  0  0  0  0  0  0  0  1  749  0  1  0  1  0  14  0  0  0  0  0  0  0  0  0  0  0  0  0  0  0  0  0  0  0  0  0  0  0  0  0  0  0  0  0  0  0  0  0  0  0  0  0  0  0  0  0  0  0  0  0  0  0  0  0  0  0  0  0  0  0  0  0  0  0  0  0  0  0  0  0  0  0  0  0  
1  0  0  305  1431  0  0  0  0  0  0  1  3  0  0  6  836  0  0  0  1  66  17732  0  0  0  0  0  0  10435  13699  0  0  6  0  1  0  6  0  0  0  1242  35  33  1  0  29  4  0  0  1  0  0  0  0  6  7  0  4766  0  2  1  1  0  3936  0  0  0  0  0  0  1  0  0  0  0  0  0  0  0  0  0  0  0  0  0  0  0  0  0  0  0  0  0  0  0  1  3  0  0  0  0  0  0  0  0  0  0  1  0  0  0  0  0  0  0  0  0  0  0  0  0  0  0  0  0  0  0  0  0  0  0  0  0  
0  0  0  329  509  0  0  0  0  0  1  671  2799  0  9  7  328  0  0  0  0  9  33135  0  0  0  0  0  0  100  2023  0  0  9  0  0  0  4401  0  0  0  6106  16  165  0  0  2801  23  0  0  1  0  1  0  0  0  2285  5045  0  0  25  0  2  0  1567  0  0  0  0  0  0  0  0  0  0  0  0  0  0  0  0  0  0  0  0  0  0  0  0  0  0  0  0  0  0  0  0  0  0  0  0  0  0  0  0  0  0  0  0  0  0  0  0  0  0  0  0  0  0  0  0  0  0  0  0  0  0  2  0  0  0  0  0  0  
37  0  8  2  30  1  0  115  210  15334  60  0  25  4  8  2  44  17  14538  73  1562  10  0  81  95  10319  4  5  25004  0  1  311  9  0  92  0  32  2  14330  2120  22  2  532  199  0  189  190  11  9  1  8196  2895  11960  149  1  26  0  0  0  0  245  392  438  5  0  4407  0  0  0  0  0  0  0  0  0  0  87  0  0  0  0  0  0  0  0  0  0  4  1  0  0  0  0  0  0  80  0  0  0  0  0  0  0  0  0  0  0  0  0  0  0  0  0  0  0  0  0  0  0  0  0  0  0  0  0  0  62  0  0  0  0  0  0  0  
0  0  0  1  17466  9835  7299  15505  12127  0  7  0  0  72  42  15  2220  0  0  0  2  307  4  32  17  15  147  461  405  49  6620  3  1  0  23  0  0  0  374  556  27  63  170  1212  0  0  635  334  307  0  847  1  1  0  0  0  3  12  5  487  0  1425  93  279  0  341  0  0  0  1  2  1701  28  68  956  2743  0  0  0  0  1  0  0  15  0  0  0  1  0  0  0  0  0  0  0  0  15  22  1  0  0  0  0  0  0  0  4  1  1  2  5  0  0  3  5  4  0  12  0  0  0  0  0  0  2  0  0  14714  4  1  1  0  11  0  
0  2118  734  0  159  48  10  2197  7  0  7  0  1  0  3  51  415  3  0  0  0  2  0  209  44252  16539  34941  83  67  0  2  22  3  0  3530  0  2  0  36  13003  10212  5  267  1161  0  5  12  0  57  6  12337  4  68  1  0  0  0  2  0  691  2875  0  419  317  0  3387  0  0  0  0  0  0  0  0  0  0  0  0  0  0  0  0  0  0  0  0  0  0  0  0  0  0  0  0  0  0  0  0  0  0  0  0  0  0  0  0  0  0  0  0  0  0  0  0  0  0  0  0  0  0  0  0  0  0  0  0  0  1  0  0  0  0  0  0  
0  0  1204  2  307  166  1  0  0  0  11923  0  493  6427  14  6  125  0  0  0  0  0  2  2  286  0  9  25451  0  0  1  0  0  0  1  0  0  27  7  2142  0  39  5  6802  0  4  14868  139  1045  0  13  7  12  0  0  0  2  1  17  16  256  67  0  2675  1  1  0  0  0  0  0  0  0  0  0  0  0  0  0  0  0  0  0  0  0  0  0  0  0  0  0  0  0  0  0  0  0  0  0  0  0  0  0  0  0  0  0  0  0  0  1  0  0  0  0  0  0  0  0  0  0  0  0  0  0  0  0  22  0  0  0  0  0  0  
0  0  0  0  120  81  1754  16  1  0  0  0  0  5249  2695  92  434  0  0  0  0  0  0  0  10  6  57  21936  1  0  11  0  0  0  0  0  0  0  0  11876  11  3  50  1398  0  0  29  1  8513  0  102  0  0  0  0  0  0  2  0  2  807  450  3522  0  0  5  0  0  0  0  0  0  0  0  0  0  0  0  0  0  0  0  0  0  0  0  0  0  0  0  0  0  0  0  0  0  0  1  0  0  0  0  0  0  0  0  0  0  0  0  0  0  0  0  0  0  0  0  0  0  0  0  0  0  0  0  0  8  2  0  0  0  0  0  
0  0  0  4887  13829  0  0  0  0  0  2  0  2  0  1947  0  61  0  0  0  0  0  2908  0  0  0  0  0  0  13517  7660  0  0  0  0  0  0  2  0  0  0  18  0  29  0  0  67  14  1  0  0  0  0  0  0  0  25  6190  1546  0  3  0  0  0  0  0  1  0  0  0  0  361  0  0  0  0  0  0  0  0  0  353  0  0  0  0  0  0  1  0  0  0  0  0  0  0  7  63  0  0  0  0  0  0  0  0  0  0  0  0  0  0  0  0  0  0  0  0  0  0  0  0  0  0  0  0  0  115  0  0  0  171  0  0  
0  25  0  0  52  25  9  14011  1  0  0  0  0  0  1  1  10  0  0  0  0  7  0  99  6  3776  29  19  17724  0  3  41  1  0  12  0  1  0  241  83  8010  0  63  20  0  0  2  0  27  0  7871  1  20  0  0  1  0  0  0  3944  880  929  8  10  0  0  0  0  0  0  0  0  0  0  1262  1  0  0  0  0  0  0  0  0  0  0  0  0  0  0  0  0  0  0  0  432  0  0  0  0  0  0  0  0  0  0  0  9  0  0  0  0  0  0  0  0  0  0  0  0  0  0  0  0  0  0  0  0  0  0  0  0  972  0  
0  0  0  1  6  0  0  0  0  0  0  0  0  0  0  0  0  0  0  0  0  0  7  0  0  0  0  0  0  158  0  0  0  0  0  0  0  0  0  0  0  0  0  0  0  0  0  0  0  0  0  0  0  0  0  0  0  0  0  0  0  0  0  0  13  0  0  0  0  0  9411  7556  0  0  1  0  0  0  11  796  3116  3945  0  28  0  0  0  0  1  22484  0  0  0  0  1  0  859  49  0  0  0  0  0  0  12  0  3  0  98  1  288  0  0  1502  13855  4  0  2  0  0  0  0  0  9939  45  2700  2  75  2  16  0  7004  0  0  
0  0  0  0  0  0  0  0  0  0  0  0  0  0  0  0  0  0  0  0  0  0  0  0  0  0  0  0  0  0  0  0  0  0  0  0  0  0  0  0  0  0  0  0  0  0  0  0  0  0  0  0  0  0  0  0  0  0  0  0  0  0  0  0  0  0  0  0  0  0  0  0  0  0  1  0  0  0  0  0  0  0  0  0  13767  5  17210  170  7  0  1  0  0  0  0  0  0  2  0  1  0  0  4656  1  0  0  0  0  0  2  0  0  5335  0  0  0  2  0  4609  29  9289  13550  2523  0  0  0  1  0  0  0  0  0  0  2967  
0  83  0  0  0  0  12  1  0  0  0  0  0  0  119  0  0  0  0  0  0  0  0  0  0  0  0  0  0  0  0  0  0  0  0  0  0  0  0  0  10  0  0  0  0  0  0  0  0  0  0  0  0  0  0  0  0  0  0  0  0  0  0  0  0  0  0  0  0  0  0  0  0  35  9  0  0  0  0  0  0  11438  0  0  0  0  0  0  0  0  0  0  2055  4531  4999  1863  0  0  0  0  0  0  0  0  0  0  11839  11011  0  0  0  0  0  0  0  0  0  0  0  0  0  0  0  0  0  0  0  0  2779  0  0  0  7  0  
0  0  0  0  1  0  0  0  0  0  0  0  0  0  0  0  0  0  0  0  0  0  0  0  0  0  0  0  0  0  0  0  0  0  0  0  0  0  0  0  0  0  0  0  0  0  0  0  0  0  0  0  0  0  0  0  0  0  0  0  0  0  0  0  0  0  0  0  0  0  1  3  1  0  60  65  0  7897  0  3  3  0  70  186  0  0  0  0  1  2  0  14276  0  6688  6071  2  0  0  916  131  902  4  0  0  2  0  9799  0  1  533  13839  0  0  14  0  17  20  50  0  1  0  0  0  0  1  0  6  25  1808  1227  4  0  22  0  
0  0  0  12  18  0  0  0  0  0  0  0  0  0  67  0  0  0  0  0  0  0  1  0  0  0  0  0  0  104  0  0  0  0  0  0  0  0  0  0  0  0  0  0  0  0  0  0  0  0  0  0  0  0  0  0  0  0  0  0  0  0  0  0  9  0  7382  0  0  0  0  11426  2  1  0  0  0  0  0  0  7250  24704  0  8  0  0  0  0  1  16  0  0  0  0  0  0  11  4  0  0  0  0  0  0  0  0  0  0  9  1  202  0  0  135  17643  14  0  0  0  0  0  0  0  0  0  6  0  28  0  9  0  720  0  0  
0  0  0  2  2000  22  0  1  0  0  0  0  0  1  2277  0  0  0  0  0  0  0  29  0  0  0  0  0  0  845  32  0  0  0  0  0  0  0  0  0  0  0  0  16  0  0  7  1  0  0  0  0  0  0  0  0  0  2  0  0  1287  0  1  0  288  0  11661  0  0  1  17870  0  11366  41  40  11  0  0  3  17  1248  33932  24  410  0  0  0  0  37  6883  0  2  0  0  1  0  445  3781  0  0  0  1  0  0  19  0  38  7  147  63  1361  0  0  1764  4179  6708  3  76  1  0  1  1  0  33  3528  1904  2  23691  22  185  40  7841  11  0  
0  0  0  0  105  570  87  23  0  0  0  0  0  0  275  0  0  0  0  0  0  0  0  0  0  0  0  0  0  0  0  0  0  0  0  0  0  0  0  0  0  0  0  0  0  0  0  0  0  0  0  0  0  0  0  0  0  0  0  0  193  0  0  1  0  0  1  0  0  0  8  12892  0  11785  2096  15  0  0  0  0  18  20674  2  20  0  0  0  1  1  0  1  0  30  0  18  0  0  8  0  0  0  1  0  0  0  0  197  47  5  7  50  0  0  367  90  12341  2  113  0  0  0  0  1  0  0  1  4  15639  150  611  166  0  235  0  
0  2  0  0  11  372  590  42  0  0  0  0  0  0  352  0  6  0  0  0  0  0  0  0  0  0  2  1  0  0  0  0  0  0  0  0  0  0  0  4  5  0  1  1  0  0  0  0  0  0  3  0  0  0  0  0  0  0  0  0  461  0  0  0  0  0  0  0  9  0  0  138  12883  0  6764  3  0  0  0  0  0  18108  0  2  0  0  0  0  0  0  1  0  56  0  71  0  0  0  0  0  0  0  0  0  0  0  7966  8383  0  1  3  0  0  2  3  4348  0  79  0  0  0  0  0  0  0  0  1  6277  234  1  7955  0  848  0  
0  12  0  0  0  0  188  2331  70  0  0  0  0  0  29  0  6  0  0  0  40  0  0  0  0  0  1  0  145  0  1  0  0  0  0  0  0  0  2  2  29  0  1  1  0  0  0  0  0  0  2  0  0  0  0  0  0  0  0  0  373  1  0  0  0  736  0  1  9  1  0  23  657  3357  0  3166  0  0  0  0  0  13  3  15  2  2  0  70  42  0  26  21  44  0  1  2066  0  0  0  0  1  29  0  0  0  0  226  5996  1  29  28  0  0  1  0  66  29  725  0  36  38  10  24  0  0  0  481  11297  833  13  82  0  17600  0  
1  0  0  0  0  0  0  205  1948  0  0  0  0  0  0  0  23  0  0  0  37  0  0  0  0  0  0  0  32  0  3  0  0  0  2  0  0  0  3  0  0  0  8  0  0  0  0  0  0  0  2  0  0  0  0  0  0  1  0  0  1626  1  0  0  0  10  0  2  0  2  0  1  5  0  3132  0  0  0  0  0  3  0  8  205  3  1  0  1576  1107  1  6  82  0  0  7  3425  1  9  7  0  5  72  0  3  0  0  153  0  9  148  166  0  0  17  3  23  24  443  5  37  22  7  27  0  1  0  59  8587  278  55  15  0  238  0  
7  0  0  0  0  0  0  0  0  2894  0  0  0  0  0  0  0  0  78  0  35  0  0  0  0  1  0  0  699  0  0  0  0  0  0  0  0  0  34  0  0  0  0  0  0  2  0  0  0  0  0  1  0  0  0  0  0  0  0  11  0  0  0  0  0  0  0  0  0  0  0  0  0  0  0  0  0  0  0  0  0  0  0  0  0  15735  0  984  0  0  0  0  0  0  0  1514  0  0  0  0  0  2  0  0  0  0  0  0  0  0  0  0  0  0  0  0  0  13  1  4617  0  0  16  0  0  0  16284  0  0  0  0  0  0  0  
0  0  0  0  0  0  0  0  0  0  0  0  0  0  0  0  0  0  0  0  0  0  0  0  0  0  0  0  0  0  0  0  0  0  0  0  0  0  0  0  0  0  0  0  0  0  0  0  0  0  0  0  0  0  0  0  0  0  0  0  0  0  0  0  0  0  2  0  0  8655  0  1  0  0  0  1  0  0  6  3375  668  0  39  1343  0  0  0  0  0  9  0  6  0  0  1479  0  0  0  15  5  56  0  0  0  239  4467  585  0  540  28  15260  0  0  6831  21  5  0  0  0  0  0  0  0  0  0  0  0  0  2  11762  0  0  0  0  
0  0  0  0  0  0  0  0  0  0  0  0  0  0  0  0  0  0  0  0  0  0  0  0  0  0  0  0  0  0  0  0  0  0  0  0  0  0  0  0  0  0  0  0  0  0  0  0  0  0  0  0  0  0  0  0  0  0  0  0  0  0  0  0  0  0  18  0  0  0  0  26  0  0  0  0  0  14  0  4672  562  0  0  5  0  0  0  0  0  11213  0  0  0  0  0  0  1  3  0  0  0  0  0  0  6227  16  1  0  3935  0  7  0  0  20  2  1  0  0  0  0  0  0  0  4231  50  3675  0  0  0  0  0  0  0  0  
0  0  0  0  0  0  0  0  0  0  0  0  0  0  0  0  0  0  0  0  0  0  0  0  0  0  0  0  0  0  0  0  0  0  0  0  0  0  0  0  0  0  0  0  0  0  0  0  0  0  0  0  0  0  0  0  0  0  0  0  0  0  0  0  0  0  805  0  0  0  0  184  0  0  0  0  0  3540  3977  0  334  0  0  46  0  0  0  0  0  283  0  0  0  0  0  0  1  4  0  2  0  0  0  0  12437  6262  0  0  1424  0  3240  0  0  19519  417  0  0  0  0  0  0  0  0  6592  0  221  0  3  0  13  0  1  0  0  
0  0  0  0  0  0  0  0  0  0  0  0  0  0  0  0  0  0  0  0  0  0  0  0  0  0  0  0  0  0  0  0  0  0  0  0  0  0  0  0  0  0  0  0  0  0  0  0  0  0  0  0  0  0  0  0  0  0  0  0  0  0  0  0  0  0  3255  0  0  4  7706  2151  12  0  15  6  0  86  322  208  0  6730  0  5  0  0  0  0  0  2782  0  5  0  5  8594  0  0  0  0  0  0  0  0  0  0  0  2010  0  1  0  287  0  0  50627  63181  18197  1  48  0  1  0  0  0  9534  0  0  0  55  5  8947  7846  0  7  0  
0  13  0  38  666  3  60  3  0  0  0  0  0  0  6959  0  0  0  0  0  0  0  0  0  0  0  0  0  0  831  6  0  0  0  0  0  0  0  0  0  4  0  0  0  0  0  0  0  0  0  0  0  0  0  0  0  0  0  0  0  1  0  0  0  417  0  5978  0  9840  0  34270  40986  13245  15058  28  1  0  0  0  0  8838  0  0  4  0  0  0  0  0  89  0  0  1  0  5823  0  379  72  0  0  0  0  0  0  0  0  3476  2072  2  0  20  0  0  8  396  32536  0  7  0  0  0  0  0  0  241  47  2  493  12  9  11624  11619  0  0  
0  0  0  0  0  0  0  0  0  0  0  0  0  0  0  0  1  0  0  0  0  0  0  0  0  0  0  0  0  0  0  0  0  0  0  0  0  0  0  0  0  0  0  1  0  0  0  0  0  0  0  0  0  0  0  0  0  0  0  0  0  0  0  0  0  0  0  1  0  108  0  3  11  2  57  46  0  12  0  0  6  0  0  19565  1  0  0  0  2697  216  3  24  0  0  16  0  2  25  124  20  4401  20  0  0  0  0  93  0  480  11228  3998  0  0  1  0  51  11  90  1  14  5  1  11  0  12  1  9  58  18  2  58  0  26  0  
0  0  0  0  0  0  0  1  4  0  0  0  0  0  0  0  1  0  0  0  0  0  0  0  0  0  0  0  0  0  0  0  0  0  0  0  0  0  0  0  0  0  0  0  0  0  0  0  0  0  0  0  0  0  0  0  0  0  0  0  1  0  0  0  0  0  29  1  0  232  27  237  19  5  130  112  0  2867  43  127  4  1  12984  0  3  1  0  8  5880  4333  6  69  1  0  28  1  80  642  71  35  2547  72  0  6  5  436  179  0  8697  2939  12441  0  0  19  117  85  54  252  4  24  8  2  32  6  414  122  39  217  47  22  149  8  80  1  
0  0  0  0  0  0  0  0  0  0  0  0  0  0  0  0  0  0  0  0  0  0  0  0  0  0  0  0  0  0  0  0  0  0  0  0  0  0  0  0  0  0  0  0  0  0  0  0  0  0  0  0  0  0  0  0  0  0  0  0  0  0  0  0  0  0  0  11249  0  0  0  0  0  0  5  0  0  0  0  0  0  0  0  1  0  1291  14  24  25  0  3481  24  0  0  0  0  0  0  0  0  0  29  35  28  0  0  0  0  0  11  3  0  17  0  0  0  24  466  27643  13993  9429  281  388  0  0  0  6  3  1  0  0  0  2  5  
0  0  0  0  0  0  0  0  0  10  0  0  0  0  0  0  0  0  18  0  0  0  0  0  0  1  0  0  0  0  0  0  0  0  0  0  0  0  1  0  0  0  0  0  0  0  0  0  0  0  0  0  0  0  0  0  0  0  0  0  0  0  0  0  0  0  0  0  0  0  0  1  0  0  5  0  20313  0  0  0  0  0  0  1  1162  0  0  870  0  0  532  1  4166  0  0  1174  0  0  0  0  0  0  0  0  0  0  5  0  0  0  0  0  10  0  0  2  2  7153  983  19533  0  3  1360  0  0  0  6420  7  2  0  1  0  18  0  
26  0  0  0  0  0  0  0  2  0  0  0  0  0  0  0  0  0  0  1  18  3  0  0  0  0  0  0  0  0  1  0  0  0  0  0  0  0  2  0  0  0  1  0  0  0  0  0  0  0  0  0  0  0  0  5  0  0  0  0  0  0  0  0  0  0  0  16216  0  0  0  0  0  0  0  0  0  0  0  0  0  0  0  0  50  4  0  885  166  0  2  1  0  0  0  0  6  35  0  0  1  3  3483  7  0  0  0  0  2  0  1  6151  8326  0  0  0  0  0  990  403  8  28301  27482  0  1  0  4  1  0  0  0  0  0  23  
29  0  0  0  0  0  0  1  17  137  0  0  0  0  0  0  0  0  0  1  776  0  0  0  0  0  0  0  11  0  0  0  0  0  0  0  0  0  80  0  0  0  3  0  0  1  0  0  0  0  0  0  0  0  0  2  0  0  0  2  1  0  0  0  0  0  0  55  0  0  0  0  0  0  167  2802  2389  0  0  0  0  0  2  12  20  1439  663  0  3795  0  28  41  0  0  0  1033  0  14  0  2  1  116  0  1  0  0  21  0  2  31  17  0  9701  1  0  4  43  408  867  3178  205  172  20736  0  1  0  3208  172  92  3  3  0  476  2  
0  0  0  0  0  0  0  0  3  0  0  0  0  0  0  0  3  0  0  0  0  1  0  0  0  0  0  0  0  0  8  1  1  0  0  0  0  0  0  0  0  0  7  0  0  0  0  0  0  0  0  0  0  0  0  0  0  0  0  0  0  1  0  0  0  0  0  2  0  4  0  20  1  0  26  808  0  1  0  0  0  1  2372  11870  11  0  353  2558  0  2274  114  89  1  0  0  1  235  2742  23  63  3495  484  210  195  0  0  10  0  3008  3437  64  774  0  2  0  1  115  199  22  58  59  226  24818  0  2892  5  16  103  15  5  0  0  42  199  
0  0  0  0  4  0  0  0  0  0  0  0  0  0  0  0  0  0  0  0  0  0  10  0  0  0  0  0  0  54  0  0  0  0  0  0  0  0  0  0  0  0  0  0  0  0  0  0  0  0  0  0  0  0  0  0  0  1  0  0  0  0  0  0  7  0  21032  0  0  9  4  3341  0  0  1  0  0  38  14518  474  2774  25  58  6245  0  0  0  0  2577  0  0  2  0  0  0  0  4964  293  0  9  48  0  0  2  2247  0  0  0  9695  33  50  0  0  84  30  0  0  1  0  0  0  2  13  15438  22757  38461  0  81  0  0  0  5556  0  1  
0  0  0  0  0  0  0  0  1  0  0  0  0  0  0  0  0  0  0  0  0  0  0  0  0  0  0  0  0  0  0  0  0  0  0  0  0  0  0  0  0  0  0  0  0  0  0  0  0  0  0  0  0  0  0  0  0  0  0  0  0  0  0  0  0  0  0  0  0  0  0  0  0  0  46  20  1  0  0  0  1  0  12  13  3005  315  7  27  250  0  0  16840  2482  0  0  2  3  10  2  787  10  2837  0  36  0  0  11  0  0  273  13  2  0  1  0  2  19794  21443  7  2599  224  54  1502  0  1  0  17  61  9  0  1  0  21  1  
0  0  0  0  0  0  0  1  2  0  0  0  0  0  0  0  0  0  0  0  0  0  0  0  0  0  0  0  0  0  0  0  0  0  0  0  0  0  0  0  0  0  0  0  0  0  1  0  0  0  0  0  0  0  0  0  0  0  0  0  5  0  0  0  0  0  0  0  0  18414  2  7  7  0  560  397  0  3  0  0  17  0  22  243  1  58  0  194  110  0  15707  0  1839  3195  20  12  0  13  1094  1344  2  15311  0  6  0  0  3829  0  21  397  5348  0  0  61  18  43  15672  2588  6  217  7  0  80  0  1  0  161  285  22453  105  20  0  304  0  
0  0  0  0  0  0  0  0  0  0  0  0  0  0  0  0  0  0  0  0  0  0  0  0  0  0  0  0  0  0  0  0  0  0  0  0  0  0  0  0  0  0  0  0  0  0  0  0  0  0  0  0  0  0  0  0  0  0  0  0  0  0  0  0  0  0  0  0  1851  0  0  1  10  44  59  2  0  0  0  0  1  1  0  17  0  3980  0  2  2  0  2672  2108  0  3  6  34517  0  1  0  0  0  1  0  0  0  0  231  1147  0  4  10  0  0  0  0  7  1635  48343  0  1  1  0  1  0  0  0  727  86  22767  2  28  0  6057  0  
0  0  0  0  0  0  0  0  0  0  0  0  0  0  0  0  0  0  0  0  0  0  0  0  0  0  0  0  0  0  0  0  0  0  0  0  0  0  0  0  0  0  0  0  0  0  0  0  0  0  0  0  0  0  0  0  0  0  0  0  0  0  0  0  0  0  0  0  5135  7044  0  0  0  0  8  0  0  0  0  0  11  0  0  2  0  0  0  1  0  0  0  4517  2  0  12499  0  0  0  0  0  0  0  0  0  0  0  39733  391  0  1  11  0  0  0  0  1  0  3  0  0  0  0  0  0  0  0  0  2  30380  1  0  0  11  0  
0  0  0  0  0  0  0  0  0  0  0  0  0  0  0  0  0  0  0  0  0  0  0  0  0  0  0  0  0  0  0  0  0  0  0  0  0  0  0  0  0  0  0  0  0  0  1  0  0  0  0  0  0  0  0  0  0  0  0  0  0  0  0  0  0  0  0  0  5183  6199  0  4  7  507  33  14  0  1345  0  0  5602  5071  0  5  0  0  0  0  0  0  1  42  3  10941  0  0  0  1  0  0  0  0  0  0  0  0  46164  42  2  0  379  0  0  4341  3  166  8  85  0  0  0  0  0  0  0  0  1  50  101  21124  20470  0  10  0  
0  377  0  0  0  0  0  146  18  176  0  0  0  0  0  0  0  0  6  0  249  0  0  0  0  27  0  0  7514  0  0  0  0  0  0  0  0  0  3  0  51  0  0  0  0  0  0  0  0  0  0  0  0  0  0  0  0  0  0  84  0  0  0  0  0  327  0  0  1992  0  0  0  0  1  1901  3198  1273  0  0  0  0  0  1  1  0  1478  0  1139  0  0  1  7  39289  0  1  0  0  0  0  0  0  10  0  0  0  0  15  12000  0  1  2  0  1  0  0  0  6  10495  1  87  4  0  0  0  0  0  22907  29  432  0  4  0  24683  0  
0  0  0  2  27  0  0  0  0  0  0  0  0  0  0  0  0  0  0  0  1  0  79  0  0  0  0  0  0  469  27  0  0  0  0  0  0  0  0  0  0  0  0  0  0  0  0  0  0  0  0  0  0  0  0  0  0  2  0  0  0  0  0  0  26  0  1215  0  0  0  6  408  0  0  0  0  0  0  0  0  0  485  0  235  0  0  3  0  361  5769  0  0  0  0  0  0  0  4286  0  0  0  1  0  0  0  0  0  0  664  13  11  0  0  0  2  0  0  0  0  0  0  0  0  1  18556  27  1  41  0  0  0  16874  0  0  
0  0  0  0  31  0  0  0  0  0  0  0  0  0  0  0  4  0  0  0  2  0  0  0  0  0  0  0  0  36  169  0  0  0  0  0  0  0  0  0  0  1  1  0  0  0  0  0  0  0  0  0  0  0  0  0  0  0  0  0  0  0  0  0  14  0  26  0  0  0  0  2285  0  0  2  4  0  0  0  1  0  9  22  1067  0  0  15  8  1959  30  2  4  0  0  2  0  5484  0  1  2  1  3  0  3  1  0  3  0  1738  226  153  0  0  3  8  2  5  4  0  4  3  0  20  3  4321  107  0  3370  1  0  0  1679  3  2  
0  0  0  0  0  0  0  1  2  0  0  0  0  0  0  0  0  0  0  0  0  0  0  0  0  0  0  0  0  0  0  0  0  0  0  0  0  0  0  0  0  0  0  0  0  0  0  0  0  0  0  0  0  0  0  0  0  0  0  0  1  0  0  0  0  0  0  0  0  1917  0  0  0  0  6  7  0  3  0  0  0  0  269  98  0  0  0  2  41  0  0  1776  0  0  0  0  2  17  0  5545  2154  3875  1  25  0  0  1  0  2  10224  125  1  0  1  0  0  0  17  0  1  3  0  30  0  0  0  0  11  6  9  1  0  3  0  
0  0  0  0  0  0  0  0  0  0  0  0  0  0  0  0  0  0  0  0  0  0  0  0  0  0  0  0  0  0  0  0  0  0  0  0  0  0  0  0  0  0  0  0  0  0  0  0  0  0  0  0  0  0  0  0  0  0  0  0  0  0  0  0  0  0  0  0  0  192  0  0  0  0  1  0  0  8  2  6  0  0  8  39  0  0  0  3  140  6  1034  1141  0  0  0  0  2  9  6126  0  10213  19450  0  3830  0  0  1  0  4  9929  1  27  0  0  0  0  16  8  2  1  3  2  526  0  2  0  0  3  1  0  0  0  1  18  
0  0  0  0  0  0  0  0  0  0  0  0  0  0  0  0  0  0  0  0  0  0  0  0  0  0  0  0  0  0  0  0  0  0  0  0  0  0  0  0  0  0  0  0  0  0  0  0  0  0  0  0  0  0  0  0  0  0  0  0  0  0  0  0  0  0  0  0  0  570  0  0  0  0  1  0  0  36  0  2  0  0  4834  3202  1  0  2  2  3673  37  2  3  0  0  0  0  0  5  1877  13291  0  116  0  2187  0  0  0  0  5  16080  7  1040  0  0  0  0  4  10  0  3  4  1  31  0  0  0  1  1  0  0  0  0  1  343  
0  0  0  0  0  0  0  0  1  0  0  0  0  0  0  0  0  0  0  0  0  0  0  0  0  0  0  0  0  0  0  0  0  0  0  0  0  0  0  0  0  0  1  0  0  0  0  0  0  0  0  0  0  0  0  0  0  0  0  0  0  0  0  0  0  0  0  0  0  12  0  0  1  0  69  98  0  0  0  0  0  0  16  90  22  37  2  165  360  1  3017  15071  0  0  0  10  1  12  3949  21264  210  0  0  102  0  0  19  0  3  1692  31  9  1  0  1  1  7313  2163  45  801  75  5  734  0  2  0  120  58  63  5  0  0  72  5  
0  0  0  0  0  0  0  0  0  0  0  0  0  0  0  0  0  0  0  0  0  0  0  0  0  0  0  0  0  0  0  0  0  0  0  0  0  0  0  0  0  0  0  0  0  0  0  0  0  0  0  0  0  0  0  0  0  0  0  0  0  0  0  0  0  0  0  3622  0  0  0  0  0  0  0  0  0  0  0  0  0  0  0  0  1  0  2876  0  186  0  0  0  0  0  0  0  0  1  0  2  2  1  0  13735  0  0  0  0  0  1  0  19906  0  0  0  0  1  0  0  0  3216  15712  324  0  0  0  0  0  0  0  0  0  0  44962  
0  0  0  0  0  0  0  0  0  0  0  0  0  0  0  0  0  0  0  0  0  0  0  0  0  0  0  0  0  0  0  0  0  0  0  0  0  0  0  0  0  0  0  0  0  0  0  0  0  0  0  0  0  0  0  0  0  0  0  0  0  0  0  0  0  0  0  4  0  0  0  0  0  0  0  0  0  0  0  0  0  0  2  1  34  1  115  28  584  0  68  10  0  0  0  0  2  10  6  4446  1184  90  13192  0  0  0  0  0  0  2344  2  14044  0  0  0  0  30  16  18  154  4118  320  9019  0  2  0  0  4  0  0  0  0  2  40278  
0  0  0  0  0  0  0  0  0  0  0  0  0  0  0  0  0  0  0  0  0  0  0  0  0  0  0  0  0  0  0  0  0  0  0  0  0  0  0  0  0  0  0  0  0  0  0  0  0  0  0  0  0  0  0  0  0  0  0  0  0  0  0  0  0  0  808  0  0  0  18  573  1  0  0  0  0  44  6040  14499  0  0  0  10  0  0  0  0  1  2775  0  0  0  0  0  0  1  14  0  0  0  0  0  0  0  198  0  0  1576  2  6236  0  0  5750  465  1  1  0  0  0  0  0  0  1370  160  8406  0  11  0  8  0  3  0  0  
0  0  0  0  0  0  0  0  0  0  0  0  0  0  0  0  0  0  0  0  0  0  0  0  0  0  0  0  0  0  0  0  0  0  0  0  0  0  0  0  0  0  0  0  0  0  0  0  0  0  0  0  0  0  0  0  0  0  0  0  0  0  0  0  0  0  2  0  0  0  0  0  0  0  0  0  0  7542  14  8231  0  0  0  180  0  0  0  0  0  0  0  0  0  0  0  0  0  0  0  0  0  0  0  0  266  0  0  0  708  0  2380  0  0  1364  1  0  0  0  0  0  0  0  0  1  0  6  0  0  0  9  0  0  0  0  
0  0  0  0  4  0  0  0  0  0  0  0  0  0  0  0  0  0  0  0  0  0  0  0  0  0  0  0  0  0  0  0  0  0  0  0  0  0  0  0  0  0  0  1  0  0  2  1  0  0  0  0  0  0  0  0  0  0  0  0  12  0  0  0  0  0  0  0  13124  9166  0  55  166  6062  539  201  0  234  0  0  989  3759  3  187  0  3  0  12  4  0  2  9527  14  38377  38987  1  1  23  0  0  0  6  0  0  0  0  0  9579  44  26  4421  0  0  127  33  1636  435  4059  0  14  5  4  4  0  1  1  28  2010  17731  794  11373  0  176  0  
0  321  0  0  0  0  39  13  0  0  0  0  0  0  116  0  0  0  0  0  0  0  0  0  0  0  0  0  0  0  0  0  0  0  0  0  0  0  0  0  36  0  0  0  0  0  0  0  0  0  0  0  0  0  0  0  0  0  0  0  7  0  0  0  0  6  0  0  7655  0  0  34  101  7334  6950  9  0  0  0  0  0  1381  0  0  1  0  0  1  0  0  1  1  2679  47  11  12796  0  0  0  0  0  1  0  0  0  0  10500  0  0  1  0  0  0  0  1  49  0  173  0  0  1  1  0  0  0  0  3  946  5267  0  37  0  5664  0  
0  0  0  0  0  0  0  0  0  0  0  0  0  0  0  0  0  0  0  0  0  0  0  0  0  0  0  0  0  0  0  0  0  0  0  0  0  0  0  0  0  0  0  0  0  0  0  0  0  0  0  0  0  0  0  0  0  0  0  0  0  0  0  0  0  0  723  0  0  5  35  880  1  0  5  5  0  766  5692  617  0  2  8  7570  0  0  0  0  668  11252  0  0  0  0  0  0  129  952  1  1  1  0  0  0  2119  174  3  0  0  25  2455  0  0  151  723  1  1  5  0  0  0  0  1  78  1900  7032  1  60  0  38  1  42  1  1  
0  0  0  0  1  0  0  4  12  0  0  0  0  0  0  0  3  0  0  0  0  1  0  0  0  0  0  0  0  0  5  1  0  0  0  0  0  0  1  0  0  0  8  0  0  0  0  0  0  0  1  0  0  0  0  0  0  0  0  0  13  1  1  0  0  0  0  1  0  325  1  9  0  0  115  123  0  10  0  0  2  0  9850  7263  15  0  2  11  3220  30  91  199  0  0  4  1  11  108  7748  11265  18975  1260  1  2605  0  0  22  0  276  0  662  136  0  14  4  7  97  220  7  62  69  7  414  0  13  1  8  118  153  83  4  0  19  213  
0  0  0  0  0  0  0  1  2  0  0  0  0  0  0  0  0  0  0  0  0  0  0  0  0  0  0  0  0  1  2  0  0  0  0  0  0  0  0  0  0  0  0  0  0  0  0  0  1  0  0  0  0  0  0  0  0  0  0  0  7  0  0  0  0  0  661  1  0  11319  427  979  49  7  474  385  0  12753  2  2353  200  8  2395  11419  1  7  0  28  47  62  11  1426  0  8  3040  3  13  493  17  0  8  15  0  0  3496  1171  11304  0  2261  642  0  0  0  11808  4745  1184  272  1250  3  46  3  1  30  24  37  130  231  872  289  11398  287  8  321  0  
0  0  0  0  0  0  0  0  0  0  0  0  0  0  0  0  0  0  0  0  0  0  0  0  0  0  0  0  0  0  0  0  0  0  0  0  0  0  0  0  0  0  0  0  0  0  0  0  0  0  0  0  0  0  0  0  0  0  0  0  0  0  0  0  0  0  0  1  0  0  0  0  0  0  0  0  0  0  0  0  0  0  0  1  0  0  7599  1  983  0  5  0  0  0  0  0  0  1  0  5  2023  24  16477  9181  0  0  0  0  0  83  0  0  0  0  0  0  0  1  0  0  3  3295  7898  0  0  0  0  0  0  0  0  0  0  8024  
4  0  0  0  0  0  0  0  0  0  0  0  0  0  0  0  0  0  0  0  1  0  0  0  0  0  0  0  0  0  0  0  0  0  0  0  0  0  0  0  0  0  0  0  0  0  0  0  0  0  0  0  0  0  0  0  0  0  0  0  0  0  0  0  0  0  0  3357  0  0  0  0  0  0  0  0  19  0  0  0  0  0  0  0  298  60  7772  7801  0  0  1  1  0  0  0  0  0  0  0  0  0  0  0  0  0  0  0  0  0  0  0  0  0  0  0  0  1  1  1794  191  3  37  5637  0  0  0  0  0  0  0  0  0  0  0  
0  0  0  0  2  0  0  0  0  0  0  0  0  0  0  0  0  0  0  0  0  0  0  0  0  0  0  0  0  0  0  0  0  0  0  0  0  0  0  0  0  0  0  0  0  0  0  0  0  0  0  0  0  0  0  0  0  0  0  0  1  0  0  0  0  0  683  0  0  12  176  605  446  0  42  17  0  6990  3  20336  35680  2  3  26  0  0  0  0  1  14  0  6  0  0  6429  0  1  20  0  0  0  0  0  0  3605  608  229  0  160  5  6270  0  0  0  26904  7850  1  56  0  0  1  0  0  4903  0  52  1  442  34  15359  3  1  8  0  
0  0  0  0  0  0  0  0  0  0  0  0  0  0  0  0  0  0  0  0  0  0  0  0  0  0  0  0  0  0  0  0  0  0  0  0  0  0  0  0  0  0  0  0  0  0  0  0  0  0  0  0  0  0  0  0  0  0  0  0  4  0  0  0  0  0  11156  0  0  1  16719  4143  30  0  2  6  0  3  2  1630  51107  484  1  352  0  0  0  0  5  103  0  0  0  0  8  0  6  209  0  0  0  0  0  0  9  0  54  0  1426  6  4978  0  0  38196  0  11379  1  19  0  0  0  0  0  6758  12  31  1  577  11  272  4  2  1  0  
0  0  0  0  0  0  0  0  0  0  0  0  0  0  0  0  0  0  0  0  0  0  0  0  0  0  0  0  0  0  0  0  0  0  0  0  0  0  0  0  0  0  0  0  0  0  0  0  1  0  0  0  0  0  0  0  0  0  0  0  6  0  0  0  0  0  1  0  0  2  50  7592  17255  3281  565  125  0  0  0  0  15359  41397  5  52  0  3  0  4  4  0  0  41  5  0  220  2  0  7  0  0  0  1  0  0  0  0  1204  8  40  9  496  0  0  8153  10645  0  40  751  0  4  1  1  4  0  0  0  12  2183  717  3839  7010  0  115  0  
0  0  0  0  0  0  0  0  0  0  0  0  0  0  0  0  0  0  0  0  0  0  0  0  0  0  0  0  0  0  0  0  0  0  0  0  0  0  0  0  0  0  0  0  0  0  0  0  0  0  0  0  0  0  0  0  0  0  0  0  0  0  0  0  0  0  0  0  0  2  0  3  5  0  185  64  1  0  0  0  9  0  1  20  23  13  3  159  304  0  19535  15466  955  1  3  10  1  9  0  6  5  8790  0  63  0  0  134  0  7  212  207  0  0  3  0  56  0  10064  4  161  65  7  948  0  1  0  77  112  1659  32  14  0  108  2  
0  0  0  0  0  0  0  0  1  0  0  0  0  0  0  0  0  0  0  0  0  0  0  0  0  0  0  0  0  0  0  0  0  0  0  0  0  0  0  0  0  0  0  0  0  0  0  0  0  0  0  0  0  0  0  0  0  0  0  0  2  0  0  0  0  0  0  5  0  6  0  59  76  59  3632  1043  17  0  0  0  64  0  19  512  235  8593  2  221  243  0  24662  2385  43321  13  68  4997  1  35  1  0  6  2667  0  5  0  0  2770  524  36  281  886  0  0  13  4  804  14483  0  20  10873  120  33  691  0  1  3  3648  3382  20796  170  268  0  8140  1  
0  0  0  0  0  0  0  0  0  1  0  0  0  0  0  0  0  0  0  0  0  0  0  0  0  0  0  0  0  0  0  0  0  0  0  0  0  0  0  0  0  0  0  0  0  0  0  0  0  0  0  0  0  0  0  0  0  0  0  0  0  0  0  0  0  0  0  4062  0  0  0  0  0  0  16  5  5  0  0  0  0  0  0  1  28487  2109  704  2468  6  0  53  14  0  0  0  0  0  0  0  0  1  61  0  51  0  0  1  0  0  11  3  0  914  0  0  0  70  33  0  4443  3303  2389  9909  0  0  0  11  5  1  0  0  0  2  0  
0  0  0  0  0  0  0  0  1  35  0  0  0  0  0  0  0  0  0  0  0  0  0  0  0  0  0  0  0  0  0  0  0  0  0  0  0  0  0  0  0  0  0  0  0  0  0  0  0  0  0  0  0  0  0  0  0  0  0  0  0  0  0  0  0  0  0  53  0  0  0  0  1  0  60  28  3490  0  0  0  0  0  0  6  13934  23647  365  2258  8  0  1766  266  0  1  0  16  0  1  0  0  2  2014  0  23  0  0  28  1  2  39  11  0  69  0  0  5  150  8645  6960  0  526  29  2398  0  0  0  3522  186  168  1  1  0  49  0  
0  0  0  0  0  0  0  0  0  0  0  0  0  0  0  0  1  0  0  0  0  0  0  0  0  0  0  0  0  0  0  0  0  0  0  0  0  0  0  0  0  0  0  0  0  0  0  0  0  0  0  0  0  0  0  0  0  0  0  0  0  0  0  0  0  0  0  11017  0  0  0  0  0  0  31  9  0  0  0  0  0  0  5  3  8133  1  66  330  85  0  149  13  0  0  0  0  0  1  0  6  2  61  4239  3668  0  0  0  0  0  71  4  0  2  0  0  0  199  142  4187  1027  0  8772  1820  0  0  0  35  16  0  0  1  0  3  3263  
0  0  0  0  0  0  0  0  0  0  0  0  0  0  0  0  0  0  0  0  0  0  0  0  0  0  0  0  0  0  0  0  0  0  0  0  0  0  0  0  0  0  0  0  0  0  0  0  0  0  0  0  0  0  0  0  0  0  0  0  0  0  0  0  0  0  0  19508  0  0  0  0  1  0  5  2  0  0  0  0  0  0  0  1  177  1  22544  303  62  0  9  0  0  0  0  0  0  4  0  1  1  5  16991  23  0  0  0  0  0  5  5  1772  37  0  0  1  11  47  572  32  3194  0  16679  0  0  0  0  6  3  0  0  0  3  4334  
5  0  0  0  0  0  0  0  2  0  0  0  0  0  0  0  0  0  0  0  11  2  0  0  0  0  0  0  0  0  0  0  0  0  0  0  0  0  0  0  0  0  0  0  0  0  0  0  0  0  0  0  0  0  0  0  0  0  0  0  0  0  0  0  0  0  0  1774  0  0  0  0  0  0  38  15  8  0  0  0  1  0  0  6  181  208  24647  23616  21324  0  184  41  0  0  0  0  2  37  3  72  299  447  350  1498  0  0  7  0  3  566  25  6753  7400  1  0  2  236  456  5673  736  148  22429  0  0  0  0  12  50  15  2  0  0  19  3749  
0  0  0  0  0  0  0  0  0  0  0  0  0  0  0  0  0  0  0  0  0  0  0  0  0  0  0  0  0  0  0  0  0  0  0  0  0  0  0  0  0  0  0  0  0  0  0  0  0  0  0  0  0  0  0  0  0  0  0  0  0  0  0  0  0  0  4131  0  0  0  0  75  0  0  0  0  0  0  7106  11341  6464  0  0  0  0  0  0  0  0  9479  0  0  0  0  0  0  0  1  0  0  0  0  0  0  1873  0  0  0  20  0  2  0  0  5561  3757  0  0  0  0  0  0  0  0  0  0  5711  0  1  0  1  0  0  0  0  
0  0  0  0  0  0  0  0  0  0  0  0  0  0  0  0  0  0  0  0  0  0  0  0  0  0  0  0  0  4  2  0  0  0  0  0  0  0  0  0  0  0  0  0  0  0  0  0  0  0  0  0  0  0  0  0  0  0  0  0  0  0  0  0  0  0  337  0  0  0  7  4964  0  0  0  0  0  0  4  2  0  95  7  1403  0  0  1  0  3302  20342  0  0  0  0  0  0  18416  3981  0  1  0  1  0  0  46  0  0  0  2038  36  43  0  0  1  3  1  1  1  0  0  0  2  1  7  0  3676  0  11  0  0  0  5953  0  1  
0  0  0  0  0  0  0  0  0  0  0  0  0  0  0  0  0  0  0  0  0  0  0  0  0  0  0  0  0  0  0  0  0  0  0  0  0  0  0  0  0  0  0  0  0  0  0  0  0  0  0  0  0  0  0  0  0  0  0  0  0  0  0  0  0  0  3537  0  0  0  4  6221  0  0  0  1  0  0  4472  2243  0  2  4  261  0  0  0  0  21  38669  0  1  0  0  0  0  69  600  0  0  1  0  0  0  8310  0  2  0  4584  12  171  0  0  54  9  1  0  4  0  0  0  0  2  9808  4656  0  0  76  1  19  0  378  1  0  
0  0  0  0  0  0  0  0  0  387  0  0  0  0  0  0  0  0  1  0  86  0  0  0  0  4  0  0  378  0  0  0  0  0  0  0  0  0  12  0  0  0  0  0  0  0  0  0  0  0  0  0  0  0  0  0  0  0  0  24  0  0  0  0  0  0  0  0  0  0  0  0  2  0  362  122  17356  0  0  0  0  0  1  16  19  7966  27  3837  2  0  45  76  504  0  2  22500  0  1  1  0  1  213  0  2  0  0  114  0  2  7  24  0  1  1  1  10  48  7167  91  11236  24  5  116  0  0  0  0  499  328  6  7  0  3610  0  
0  0  0  0  2100  802  631  982  3923  0  0  0  0  3  47  0  54  0  0  0  1  1  0  0  0  0  5  13  1  25  51  0  0  0  0  0  0  0  2  10  0  0  10  41  0  0  18  4  4  0  3  0  0  0  0  0  0  0  0  0  12253  17  8  3  19  4  44  0  0  1  85  20405  14053  4601  11297  8402  0  2  0  2  44  55  15  861  2  12  0  87  177  11  20  35  15  1  9  7  266  3036  6  1  0  31  0  3  0  0  1165  56  60  161  388  1  0  541  253  499  28  896  3  66  13  9  29  3  2  68  133  0  801  245  110  3  559  2  
0  0  0  0  0  0  0  0  0  0  0  0  0  0  0  0  0  0  0  0  0  0  0  0  0  0  0  0  0  0  0  0  0  0  0  0  0  0  0  0  0  0  0  0  0  0  0  0  0  0  0  0  0  0  0  0  0  0  0  0  0  0  0  0  0  0  0  0  2556  1613  0  5  20  63  807  113  0  0  0  0  39  1  3  179  0  2  0  51  18  0  5  32292  18483  31792  39  55  1  9  0  0  0  6  0  0  0  0  19989  2680  11  40  809  0  0  8  2  310  1557  21956  2  26  4  2  7  0  1  0  69  1577  0  66  48  0  2447  0  
0  0  0  0  1  0  0  0  0  0  0  0  0  0  0  0  0  0  0  0  0  0  0  0  0  0  0  0  0  0  0  0  0  0  0  0  0  0  0  0  0  0  0  0  0  0  0  0  0  0  0  0  0  0  0  0  0  0  0  0  4  0  0  0  0  0  16  0  0  2349  9  317  960  0  118  50  0  14367  0  18  9641  3  1  50  0  0  0  1  0  0  2  30  0  0  27253  0  0  4  0  0  0  1  0  0  23  3  1373  0  130  3  7616  0  0  18553  264  5628  9  149  0  0  0  0  1  0  1  2  7  941  138  0  232  0  30  0  
0  0  0  0  0  0  0  0  0  0  0  0  0  0  0  0  0  0  0  0  0  0  0  0  0  0  0  0  0  0  0  0  0  0  0  0  0  0  0  0  0  0  0  0  0  0  0  0  0  0  0  0  0  0  0  0  0  0  0  0  1  0  0  0  0  0  0  0  0  5  1  35  187  2828  487  198  0  0  0  0  10102  7489  3  63  0  5  0  6  3  0  2  32  6  2  24162  2  0  5  0  0  0  8  0  0  0  0  15616  242  5  3  939  0  0  13  7  7927  53  1006  2  9  2  0  4  0  0  0  50  591  669  1554  0  0  207  0  
0  0  0  3  13  0  0  0  0  0  0  0  0  0  0  0  0  0  0  0  0  0  83  0  0  0  0  0  0  671  45  0  0  0  0  0  0  0  0  0  0  0  0  0  0  0  0  0  0  0  0  0  0  0  0  0  0  1  0  0  1  0  0  0  114  0  4494  0  0  0  931  11514  0  0  0  0  0  0  0  1  1  9406  1  36  0  0  0  0  1  7120  0  0  0  0  0  0  11492  1695  0  0  0  0  0  0  0  0  0  0  31  1  20  0  0  0  1  0  0  0  0  0  0  0  1  5  5163  129  0  67  0  0  0  0  0  0  
0  8  0  0  0  0  27  493  5  0  0  0  0  0  3  0  0  0  0  0  11  0  0  0  0  0  0  0  992  0  0  0  0  0  0  0  0  0  0  0  54  0  0  0  0  0  0  0  0  0  0  0  0  0  0  0  0  0  0  2  48  0  0  0  0  402  0  0  1  0  0  36  140  433  23036  99  1  0  0  0  1  0  0  15  3  106  0  36  6  0  40  14  7834  3  18  22430  0  1  0  1  0  17  0  0  0  0  686  6346  0  11  17  0  0  2  1  61  30  14895  1  189  20  4  15  0  0  0  3221  693  9475  3  170  0  0  0  
0  0  0  0  0  0  0  0  0  0  0  0  0  0  0  0  0  0  0  0  0  0  0  0  0  0  0  0  0  0  0  0  0  0  0  0  0  0  0  0  0  0  0  0  0  0  0  0  0  0  0  0  0  0  0  0  0  0  0  0  0  0  0  0  0  0  0  2306  0  0  0  0  0  0  1  0  0  0  0  0  0  0  0  0  0  0  371  12  208  0  20  4  0  0  0  0  0  4  0  36  290  15  39827  47322  0  0  0  0  0  491  1  8109  0  0  0  0  7  8  1  6  3351  4117  4610  0  0  0  1  1  0  0  0  0  1  0  
