0  0  0  0  10414  2525  0  0  0  0  0  20  0  513  3501  399  0  34  1  0  0  0  0  7362  0  1  0  0  0  0  2748  268  0  0  0  0  0  0  222  201  5  0  0  1  0  0  142  0  1805  0  0  6965  6043  2  0  0  0  0  0  0  0  1743  10  1584  0  66  2  12  0  4108  0  0  0  0  0  0  0  0  0  0  0  0  0  0  0  0  0  0  0  0  0  0  0  0  0  0  0  0  0  0  0  0  0  0  0  0  0  0  0  0  0  0  0  0  0  0  0  0  0  0  0  0  0  0  0  0  0  0  0  0  0  0  0  0  0  0  0  0  0  8  0  0  0  0  0  0  0  0  
0  0  0  0  0  1  0  0  0  0  0  0  0  0  0  0  0  0  6101  0  13452  2402  0  0  0  0  0  0  0  0  0  0  0  0  0  0  1615  828  0  0  0  12483  0  27  4  0  0  1  0  0  16702  0  0  1  5  0  12836  2  12155  5761  1619  0  0  0  0  0  0  2  0  0  0  0  20  0  0  0  0  0  0  0  0  0  0  0  0  0  0  0  0  0  0  0  0  0  0  2  0  0  0  0  0  0  0  0  0  0  0  0  0  0  0  0  0  0  0  0  0  0  0  0  0  0  0  0  0  0  0  0  0  0  0  0  0  0  0  0  0  0  0  0  0  0  0  0  0  0  0  0  
0  0  0  0  0  3  0  2617  34  0  0  0  0  0  0  12370  0  1  0  0  0  0  0  0  0  0  3316  6651  3970  2202  0  0  0  0  0  0  0  0  0  0  0  0  0  0  8993  12335  0  1  30  0  0  0  0  7  0  0  0  0  0  0  0  0  0  0  0  0  2266  0  2716  0  3  0  0  0  0  0  84  0  0  0  0  10  24  0  0  0  0  0  0  65  0  0  0  0  0  0  0  0  0  0  0  0  0  60  0  0  0  0  0  0  0  0  0  0  0  0  0  0  0  292  0  0  0  0  0  0  0  0  0  0  0  0  0  0  0  0  0  0  0  0  0  0  0  0  11  0  0  0  
5  0  0  0  22  48  56  50  23  0  0  7750  3  15  19  4  64  189  59  0  0  2  0  1  1  17841  0  9250  3211  0  0  1  2528  47  10  6  0  0  1  107  7360  0  0  48  10579  0  28  38  15741  0  17  178  22  51  111  1  139  14  3  8  16  0  2  0  10  47  1978  2221  180  0  6  0  79  26  0  0  0  0  0  0  0  0  0  0  0  0  0  0  0  0  0  0  0  0  0  0  0  0  0  0  0  0  0  0  0  0  0  0  0  0  0  0  0  0  0  0  0  0  0  0  0  0  0  0  0  0  0  0  0  0  0  0  0  0  0  0  0  0  0  1  0  0  0  0  0  0  0  0  
9361  0  0  0  0  1920  0  0  0  0  0  9  0  36  1610  8940  1  3  0  0  0  0  0  185  0  0  0  0  0  0  907  39  0  0  0  0  0  0  13  199  4  0  0  0  0  0  7  0  419  0  0  618  3750  6  0  0  0  0  0  0  0  0  2  128  0  12  1  10  0  662  0  0  0  0  0  0  0  0  0  3  0  0  0  0  0  0  0  0  0  0  0  0  0  0  0  0  0  0  0  0  0  0  0  0  0  0  0  0  0  0  0  0  0  0  0  0  0  0  0  0  0  0  0  0  0  0  0  0  0  0  0  0  0  0  0  0  0  0  0  0  0  0  0  0  0  0  0  0  
3775  0  1  20  3073  0  7941  162  271  2  0  19  0  155  999  20273  4  439  7  0  0  0  0  2333  0  29  0  0  1  0  870  5377  0  0  0  0  0  0  31  227  37  0  0  11  66  0  171  27  2049  0  0  1257  474  1795  19  6  1  2  0  0  0  2  583  1251  41  12402  146  125  249  12663  3  0  33  0  10  0  0  0  0  786  19  2  1  0  0  0  0  0  0  142  0  0  0  0  0  0  0  0  0  0  0  0  0  0  113  71  0  0  0  0  0  0  0  0  0  0  0  0  0  0  0  0  0  0  0  0  0  1  0  0  0  0  0  0  0  1  0  0  0  2127  0  0  0  95  0  0  0  0  
0  0  0  100  9  11277  0  11874  2485  0  0  6  0  0  15  23514  0  40  13  0  0  0  0  0  0  44  0  0  2  22  0  8  0  0  0  0  0  0  0  26  14  0  0  43  377  0  13  4  463  0  1  441  8  2121  102  9  9  2  1  1  1  0  1  1  929  9372  169  526  1067  1  28  0  9  0  0  0  0  0  0  63  127  132  20  0  0  0  0  0  0  23  0  0  0  0  0  0  0  0  0  0  0  0  0  0  0  0  0  0  0  0  0  0  0  0  0  0  0  0  0  0  0  0  0  0  0  0  0  0  0  0  0  0  0  0  0  0  0  0  0  82  0  0  0  0  2  0  0  0  
0  0  1249  175  4  352  10850  0  10478  0  0  3  0  0  2  13768  0  17  10  0  0  0  0  0  0  54  0  2  1657  6  0  3  0  0  0  0  0  0  0  79  10  0  0  12  2409  6221  5  6  101  0  0  177  9  6233  65  10  21  2  0  0  1  0  0  0  172  6449  446  70  5524  0  71  0  9  0  0  0  4  0  0  3  3  1304  100  0  0  0  0  0  0  912  0  0  0  0  0  0  0  0  0  0  0  0  0  0  0  0  0  0  0  0  0  0  0  0  0  0  0  0  0  30  0  0  0  0  0  0  0  0  0  0  0  0  0  0  0  0  0  0  0  146  0  0  0  0  0  0  0  0  
0  0  3  2  0  92  341  4531  0  487  0  0  0  0  0  16  2  43  66  1  0  0  0  0  1  73  0  7  8  1259  0  9  0  0  0  0  0  0  0  1  90  0  0  71  107  4557  0  28  90  0  0  4  0  123  272  251  35  2  0  0  0  0  0  0  1162  9263  533  12  25  0  8553  0  11  0  0  0  2  0  0  0  0  92  1560  6  1  0  0  0  0  15  0  0  0  0  0  0  0  0  0  0  0  0  0  137  0  0  0  0  0  0  0  0  0  0  13  0  0  0  0  50  0  0  0  0  0  0  0  0  0  0  0  0  0  0  0  0  0  0  0  2251  0  0  0  0  2965  0  0  0  
3  0  0  6  31  24  7  10  602  0  1  10  0  0  13  0  9  1443  14  0  0  143  1246  0  1  95  1  0  2  3264  0  159  0  0  0  0  0  0  0  79  1325  0  1  9702  48  0  22  471  1015  0  28  38  43  20  331  19  19  6  6  2  7  0  2  0  423  16171  50  106  4  3  4  0  657  37  0  0  0  7  3  1  7  0  111  20  0  2  0  1  0  0  0  8  2  0  0  6  3  0  0  18  0  0  2  3  1  5  0  0  0  9  0  0  2  0  195  0  0  0  31  3  2  2  47  0  0  13  1  2  0  34  2  0  0  0  0  0  0  0  0  5051  12  16  0  0  5  0  16  0  
0  0  0  0  0  0  0  0  0  0  0  0  0  0  0  0  0  0  32  31052  0  2070  0  0  4  0  7  0  0  1808  0  0  0  0  0  0  0  0  0  0  2  2493  0  30843  0  0  0  0  0  0  0  0  0  0  2  2  135  12295  0  0  4  0  0  0  14643  0  0  1  0  0  1  0  5  0  0  0  0  0  0  0  0  0  0  0  4589  0  0  0  0  0  0  0  0  23  0  129  0  0  0  0  0  0  0  30  0  0  0  0  0  0  0  0  0  0  0  15  0  66  0  0  0  0  0  0  0  0  0  0  0  0  0  0  0  0  0  0  0  0  0  0  0  0  0  0  0  0  0  0  
33  0  0  16438  213  97  0  0  0  1  0  0  91  2640  129  3  18  657  0  0  0  0  0  5  0  0  0  0  2818  0  0  1  117  18  8  0  0  0  12  9518  1  0  0  0  1269  0  233  10  7820  0  0  11190  284  11  0  0  0  0  0  0  0  0  1  20  0  2  2  10362  2  0  0  0  0  0  0  0  0  0  0  0  0  0  0  0  0  0  0  0  0  0  0  0  0  0  0  0  0  0  0  0  0  0  0  0  0  0  0  0  0  0  0  0  0  0  0  0  0  0  0  0  0  0  0  0  0  0  0  0  0  0  0  0  0  0  0  0  0  0  0  0  0  0  0  0  0  0  0  0  
1  0  0  3  0  4  0  0  0  0  0  37  0  1187  0  0  0  62  0  0  0  0  0  4989  0  0  0  0  0  0  0  1  0  0  2  0  0  0  4575  5  0  0  0  0  0  0  5445  0  27  0  0  0  0  0  0  0  0  0  0  0  0  1034  1  546  0  0  0  0  0  1  0  0  0  0  0  0  0  0  0  0  0  0  0  0  0  0  0  0  0  0  0  0  0  0  0  0  0  0  0  0  0  0  0  0  0  0  0  0  0  0  0  0  0  0  0  0  0  0  0  0  0  0  0  0  0  0  0  0  0  0  0  0  0  0  0  0  0  0  0  0  0  0  0  0  0  0  0  0  
423  0  0  0  212  334  0  0  0  0  0  3069  1703  0  299  4  0  12  0  0  0  0  0  99  0  0  0  0  3  0  0  14  0  0  0  0  0  0  6194  8071  0  0  0  0  0  0  288  0  3530  0  0  9828  297  1  0  0  0  0  0  0  0  1833  1  459  0  2  0  5  0  2  0  0  1  0  0  0  0  0  0  0  0  0  0  0  0  0  0  0  0  0  0  0  0  0  0  0  0  0  0  0  0  0  0  0  0  0  0  0  0  0  0  0  0  0  0  0  0  0  0  0  0  0  0  0  0  0  0  0  0  0  0  0  0  0  0  0  0  0  0  0  0  0  0  0  0  0  0  0  
4730  0  0  1  1653  655  3  0  3  0  0  375  0  61  0  10295  1  10  1  0  0  0  0  2  0  18  0  0  2959  0  0  12  0  0  0  0  0  0  1  51  5  0  0  0  75  0  7  1  230  0  0  41112  22090  28515  3  1  0  0  0  0  0  4600  1  1  0  20  8  7983  1932  0  0  0  0  0  0  0  0  0  0  0  0  0  0  0  0  0  0  0  0  0  0  0  0  0  0  0  0  0  0  0  0  0  0  0  0  0  0  0  0  0  0  0  0  0  0  0  0  0  0  0  0  0  0  0  0  0  0  0  0  0  0  0  0  0  0  0  0  0  0  2  0  0  0  0  0  0  0  0  
873  0  14457  4  12365  18996  19186  14762  35  0  0  1  0  2  10061  0  0  25  2  0  0  0  0  67  0  9  0  1  1615  0  1338  162  0  0  0  0  0  0  1  14  1  0  0  0  900  688  3  1  167  0  0  159  3972  30945  2  1  0  0  0  0  0  0  1  56  4  505  36  35  5774  4276  1  0  8  0  0  0  44  0  0  231  106  539  10  0  0  0  0  0  0  1001  0  0  0  0  0  0  0  0  0  0  0  0  1  0  0  15  0  0  0  0  0  0  0  0  1  0  0  0  0  20  0  0  0  0  0  0  0  0  0  0  0  0  0  0  0  0  0  0  0  18  0  0  0  0  2  0  0  0  
0  0  0  200  0  2  0  1  5  9  0  17  0  0  0  3  0  13206  153  0  0  1  1097  143  0  48  0  0  5  0  0  1175  141  0  2408  0  0  0  0  2  1514  0  880  15  154  0  864  13880  8028  4  4  0  0  1  13  3  7  57  0  0  1  0  3  0  9  13  78  3  127  2  0  0  534  3  0  0  0  0  0  0  0  0  0  0  0  0  0  0  0  0  0  0  0  0  0  0  0  0  0  3  0  0  0  0  0  0  0  0  0  0  0  0  0  0  6  0  0  0  0  0  0  3  0  0  0  0  0  0  0  2  0  0  0  0  1  0  0  0  0  4  0  0  0  0  0  0  0  0  
36  0  0  312  7  108  0  0  2  20  0  782  127  17  0  1  7454  0  7  0  0  0  787  1572  0  38  0  0  2  1  31  5837  79  9  440  0  0  1  18  1  304  0  486  40  7  0  12336  3416  13438  0  6  13  0  4  50  2  10  0  0  0  2  0  108  36  14  29  7  2  8  85  0  0  811  7  0  0  0  0  0  0  0  0  2  0  0  0  0  0  0  0  0  0  0  0  1  0  0  0  0  0  0  0  0  0  0  3  0  0  0  0  0  0  0  0  13  0  0  0  0  0  0  3  1  0  0  0  0  0  0  0  0  0  0  0  0  0  0  0  0  11  0  0  0  0  0  0  1  0  
0  5452  0  9  0  1  0  0  1  0  2  0  0  0  0  0  0  5  0  1890  1  387  2  0  9572  4  0  0  0  0  0  0  0  0  0  0  2  274  0  0  14  6270  1  483  76  0  1  15  10  0  1011  1  0  0  22  65  50379  24664  11546  37  1037  0  0  0  635  2  0  538  1  0  0  0  17310  0  0  0  0  0  0  0  0  0  0  0  0  0  0  0  0  0  0  0  0  0  0  0  0  0  0  0  0  0  0  0  0  0  0  0  0  0  0  0  0  0  0  0  0  0  0  0  0  0  0  0  0  0  0  0  0  0  0  0  0  0  0  0  0  0  0  0  0  0  0  0  0  0  0  0  
0  2  0  0  0  0  0  0  40  0  33667  0  0  0  0  0  0  2  1323  0  0  9  0  0  190  1  3737  0  0  311  0  0  0  0  0  0  0  0  0  0  1  4228  0  8379  2  0  0  1  0  0  0  0  0  0  2  2523  213  18838  0  0  1  0  0  0  11591  0  0  6  0  0  149  0  9  0  0  0  0  0  0  0  0  0  0  0  703  0  0  0  0  0  0  0  0  4  0  0  0  0  0  0  0  0  0  23  0  0  0  0  0  0  0  0  0  0  0  0  0  1  0  0  0  0  0  0  0  0  0  0  0  0  0  0  0  0  0  0  0  0  0  0  0  0  0  0  0  0  0  0  
0  9790  0  0  0  0  0  0  0  0  0  0  0  0  0  0  0  0  3  0  0  1444  3813  0  0  0  0  0  0  0  0  0  0  0  0  0  5242  85  0  0  0  0  3  1  0  0  0  0  0  12338  3883  0  0  1  0  0  0  0  578  12614  20420  0  0  0  0  0  0  1  0  0  0  0  19  0  0  0  0  0  0  0  0  0  0  0  0  0  0  0  0  0  0  0  0  0  0  0  0  0  0  0  0  0  0  0  0  0  0  0  0  0  0  0  0  0  0  0  0  0  0  0  0  0  0  0  3  0  0  0  0  0  0  0  0  0  1  0  1  0  0  1  0  0  0  0  0  0  0  0  
1  4922  0  4  1  0  0  1  4  1748  1420  2  0  0  2  0  0  2  93  6  1375  0  4407  0  1  10  0  0  0  130  0  0  0  0  0  0  0  3  0  5  133  13799  0  39141  19  0  0  1  11  0  3999  0  2  1  66  0  3620  1565  40  3  45764  0  0  0  184  12  0  22  1  0  0  0  35  0  0  0  0  0  0  0  0  0  1  7  951  0  0  0  0  0  0  0  0  0  9  957  0  0  0  2  0  0  0  0  0  0  0  0  0  0  0  0  0  0  3  3  0  310  0  0  0  2  0  0  8  0  0  0  0  0  0  0  0  0  0  0  0  0  0  2  0  0  0  0  1  0  0  0  
1  0  0  5  1  12  7  6  36  1315  0  0  0  0  1  1  1203  1446  10  0  3532  4690  0  33  43  239  1  0  0  3  0  2713  0  0  4226  0  89  747  0  4  1242  0  14283  5006  12  0  14  1126  50  9552  10  2  4  8  448  4  8  2  338  733  12262  0  5  1  155  17  0  75  1  0  1  16  3257  1  0  0  0  0  0  0  0  0  0  0  0  0  0  0  0  0  0  0  0  0  0  0  0  0  0  0  0  0  0  0  0  0  0  0  0  0  0  0  0  0  0  0  0  0  0  0  0  0  0  0  13  0  0  0  0  0  0  0  0  0  4  0  0  0  0  2  1  0  0  0  0  0  1  0  
7278  0  0  1  220  1126  0  0  0  0  0  18  5406  632  9  42  17  1203  0  0  0  0  3  0  0  0  0  0  0  0  6773  1816  3  22  174  0  0  0  1605  53  2  0  278  1  0  0  9430  176  295  0  0  286  67  0  0  0  0  0  0  0  0  7560  13588  29231  0  20  1  4  1  5603  0  0  5  0  0  0  0  0  0  0  0  0  0  0  0  0  0  0  0  0  0  0  0  0  0  0  0  3  0  0  0  0  0  0  4  0  0  0  0  0  0  0  0  0  0  0  0  0  0  0  0  0  0  0  0  0  0  0  0  0  0  0  0  0  0  0  1  0  0  0  0  0  0  0  0  0  0  0  
0  0  0  1  0  0  2  0  37  0  0  0  0  0  0  0  0  15  6342  348  0  0  14  0  0  5626  301  0  4  1  0  1  0  0  0  0  0  0  0  0  17  0  0  46  73  0  0  12  22  0  21  0  0  5  10957  21553  1465  1262  71  0  16  0  0  0  277  17  3  546  1  0  3  0  31923  0  0  0  0  0  0  0  0  0  0  0  0  0  0  0  0  0  0  0  0  0  0  0  0  0  0  0  0  0  0  0  0  0  0  0  0  0  0  0  0  0  0  0  0  0  0  0  0  0  0  0  0  0  0  0  0  0  0  0  0  0  0  0  0  0  0  0  0  0  0  0  0  0  0  0  
0  0  1  12946  1  22  14  15  88  15  0  0  0  1  3  2  8  91  19  0  0  1  7  0  4628  0  11  1674  8  47  0  6  90  4115  0  8060  0  617  0  3  18635  0  0  317  1870  0  4  77  522  0  10  25  6  35  11034  5986  26  10  0  2  12  0  0  0  213  387  22784  423  177  0  38  0  2513  100  0  0  0  1  0  0  0  0  0  0  0  0  0  0  0  0  0  0  0  0  0  0  0  0  0  0  0  0  0  0  0  1  0  0  0  0  0  0  0  0  0  0  0  0  1  0  0  0  0  0  0  0  0  0  0  0  0  0  0  0  0  0  0  0  0  8  0  0  0  0  0  0  0  0  
0  0  3460  0  0  0  0  0  29  0  8  0  0  0  0  0  0  0  1  5762  0  0  0  0  172  18  0  2  3  37411  0  0  0  0  0  0  0  0  0  0  1  0  0  0  40  253  0  1  0  0  0  0  0  0  53  40104  0  1  0  0  0  0  0  0  9729  4  11596  0  1  0  4949  0  0  0  0  0  0  0  0  0  0  0  0  0  1  0  0  0  0  0  0  0  0  5  0  0  0  0  0  0  1  0  0  89  0  0  0  0  0  0  0  0  0  0  0  0  0  0  0  0  0  0  0  0  0  0  0  0  0  0  0  0  0  0  0  0  0  0  0  0  0  0  0  0  3  0  0  0  
0  0  5246  7823  0  0  1  0  20  0  0  0  0  0  0  0  0  0  0  0  0  0  0  0  0  2550  2  0  3662  0  0  0  0  0  0  0  0  0  0  0  4  0  0  0  24658  4510  0  0  3  0  0  0  0  0  0  14  0  0  0  0  0  0  0  0  0  0  19950  0  5  0  3  0  0  0  0  0  0  0  0  0  0  0  0  0  0  0  0  0  0  0  0  0  0  0  0  0  0  0  0  0  0  0  0  0  0  0  0  0  0  0  0  0  0  0  0  0  0  0  0  0  0  0  0  0  0  0  0  0  0  0  0  0  0  0  0  0  0  0  0  0  0  0  0  0  0  0  0  0  
0  0  4799  3471  1  12  2  3681  142  3  0  1846  1  1  2937  1358  14  63  11  1  0  0  0  0  0  45  0  1684  0  0  0  13  0  0  0  0  0  0  0  1  40  1  0  8  31985  698  11  206  152  0  0  387  1  151  4  3  4  3  0  0  0  0  0  0  15  251  803  17546  20688  0  34  0  7  0  0  0  0  0  0  0  0  0  1  0  0  0  0  0  0  0  0  0  0  0  0  0  0  0  0  0  0  0  0  0  0  0  0  0  0  0  0  0  0  0  0  0  0  0  0  0  0  0  0  0  0  0  0  0  0  0  0  0  0  0  0  0  0  0  0  1  0  0  0  0  0  0  0  0  
0  0  2603  0  0  0  1  0  1300  2900  1122  0  0  0  0  0  0  110  7  274  0  115  0  0  0  31  29299  0  3  0  0  12  0  0  0  0  0  0  0  0  36  0  0  1065  33  11222  0  19  70  0  1  0  0  0  25  1795  16  1  0  0  0  0  0  0  18046  1595  1314  2  1  1  14958  0  54  0  0  0  0  0  0  0  0  0  309  18  1135  0  0  0  0  0  0  0  0  16  0  157  0  0  0  1  13  0  0  3425  0  0  0  0  0  0  0  0  0  0  4  0  0  1  0  2  0  0  0  0  0  1  0  0  0  0  0  0  0  0  0  0  0  0  24  133  0  0  0  0  990  0  0  0  
2879  0  0  0  1911  1553  0  0  0  0  0  0  0  0  0  1634  0  5  0  0  0  0  1  5735  0  0  0  0  0  0  0  1126  0  0  0  0  0  0  0  0  0  0  0  0  0  0  10  0  1  0  0  0  0  0  0  0  0  0  0  0  0  0  10632  33  0  0  0  0  0  10944  0  0  0  0  0  0  0  0  0  9  0  0  0  0  0  0  0  0  0  13  0  0  0  0  0  0  0  38  0  0  0  0  0  0  803  8  0  0  0  0  0  0  0  0  0  0  0  0  0  0  0  0  0  0  0  0  0  0  0  0  0  0  0  0  0  0  18  0  0  2  0  0  0  17  0  0  0  0  
17  0  0  0  4  4936  1  0  2  13  0  0  0  2  1  52  1672  14121  3  0  0  2  2815  1243  0  41  0  0  1  0  1499  0  0  0  1044  0  0  1  11  1  118  0  544  68  7  0  959  1193  1601  2  0  6  0  0  12  1  4  0  0  0  1  0  8419  291  8  3165  4  3  3  6242  0  0  846  1  0  0  0  0  0  84  0  0  8  1  0  0  0  0  0  37  0  0  0  0  0  0  0  0  0  6  2  0  0  0  28  2288  0  0  0  3  0  0  0  0  8  0  0  0  0  0  0  1  0  0  1  0  0  0  0  2  0  0  0  0  2  0  0  0  0  61  1  0  0  25  0  0  1  0  
0  0  0  3220  0  0  0  0  0  0  0  22  0  0  0  0  86  87  0  0  0  0  0  0  0  28  0  0  0  0  0  2  0  5796  1367  476  0  0  0  0  1932  0  0  1  1  0  12  10213  115  0  0  0  0  0  3  1  0  0  0  0  0  0  0  0  1  0  0  0  0  0  0  0  789  10973  0  0  0  0  0  0  0  0  0  0  0  0  0  0  0  0  0  0  0  0  0  0  0  0  0  0  0  0  0  0  0  0  0  0  0  0  0  0  0  0  0  0  0  0  0  0  0  0  0  0  0  0  0  0  0  0  0  0  0  0  0  0  0  0  0  0  0  0  0  0  0  0  0  0  
0  0  0  100  0  0  0  0  0  0  0  14  0  0  0  0  3  12  0  0  0  0  0  31  0  3130  0  0  0  0  0  0  8660  0  18001  10631  3  12791  0  0  452  0  4291  0  0  0  19  2596  0  0  0  0  0  0  5  0  0  0  0  0  0  0  0  0  0  0  0  0  0  0  0  58  21352  3408  0  0  0  0  0  0  0  0  0  0  0  0  0  0  0  0  0  0  0  0  0  0  0  0  0  0  0  0  0  0  0  0  0  0  0  0  0  0  0  0  0  0  0  0  0  0  0  0  0  0  0  0  0  0  0  0  0  0  0  0  0  0  0  0  0  0  0  0  0  0  0  0  0  0  
0  0  0  24  0  0  0  0  2  1  0  11  2  0  0  0  1707  510  3  0  0  0  3795  106  0  7  0  0  0  0  0  947  1556  19015  0  0  18  1549  0  0  15  0  12589  10  0  0  40  11467  4  94  1  0  0  0  2  1  0  0  30  6  64  0  0  6  0  1  0  0  0  1  0  2875  4813  4  0  0  0  0  0  0  0  0  0  0  0  0  0  0  0  0  0  0  0  0  0  0  0  0  0  0  0  0  0  0  0  0  0  0  0  0  0  0  0  0  0  0  0  0  0  0  0  0  0  0  0  0  0  0  0  0  0  0  0  0  0  0  0  0  0  0  0  0  0  0  0  0  0  0  
0  0  0  2  0  0  0  0  0  0  0  0  0  0  0  0  0  0  0  0  0  0  0  0  0  8837  0  0  0  0  0  0  669  12539  0  0  0  175  0  0  4797  0  0  0  0  0  0  829  3  0  0  0  0  0  116  0  0  0  0  0  0  0  0  0  0  0  0  0  0  0  0  0  1744  6431  0  0  0  0  0  0  0  0  0  0  0  0  0  0  0  0  0  0  0  0  0  0  0  0  0  0  0  0  0  0  0  0  0  0  0  0  0  0  0  0  0  0  0  0  0  0  0  0  0  0  0  0  0  0  0  0  0  0  0  0  0  0  0  0  0  0  0  0  0  0  0  0  0  0  
0  1574  0  0  0  0  0  0  0  0  0  0  0  0  0  0  2  0  0  0  3390  0  154  0  0  0  0  0  0  0  0  0  0  1  41  0  0  17901  0  0  0  0  6708  1  0  0  0  16  0  20102  0  0  0  0  0  0  0  0  4617  21096  159  0  0  0  0  0  0  0  0  0  0  32204  729  0  0  0  0  0  0  0  0  0  0  0  0  0  0  0  0  0  0  0  0  0  0  0  0  0  0  0  0  0  0  0  0  0  0  0  0  0  0  0  0  0  0  0  0  0  0  0  0  0  0  0  0  0  0  0  0  0  0  0  0  0  0  0  0  0  0  0  0  0  0  0  0  0  0  0  
0  942  0  0  0  0  0  0  0  0  0  0  0  0  0  0  0  0  674  0  6  6  78  0  1  31  0  0  0  0  0  0  0  12913  2178  6  16360  0  0  0  4  0  7626  319  3  0  0  231  0  1149  2  0  0  0  8  0  1  0  14672  2868  1697  0  0  0  0  0  0  1  0  0  0  34398  53716  0  0  0  0  0  0  0  0  0  0  0  0  0  0  0  0  0  0  0  0  0  0  0  0  0  0  0  0  0  0  0  0  0  0  0  0  0  0  0  0  0  0  0  0  0  0  0  0  0  0  0  0  0  0  0  0  0  0  0  0  0  0  0  0  0  0  0  0  0  0  0  0  0  0  0  
580  0  0  0  34  265  0  0  0  0  0  4  4389  7011  5  7  0  16  0  0  0  0  0  716  0  0  0  0  0  0  0  89  0  0  0  0  0  0  0  319  0  0  0  0  0  0  3207  0  3075  0  0  978  21  1  0  0  0  0  0  0  0  436  16  4543  0  8  0  2  0  23  0  0  1  0  0  0  0  0  0  0  0  0  0  0  0  0  0  0  0  0  0  0  0  0  0  0  0  0  0  0  0  0  0  0  0  0  0  0  0  0  0  0  0  0  0  0  0  0  0  0  0  0  0  0  0  0  0  0  0  0  0  0  0  0  0  0  0  0  0  1  0  0  0  0  0  0  0  0  
51  0  0  26  123  78  0  0  0  0  0  8874  40  9268  57  2  0  6  0  0  0  0  0  10  0  1  0  0  0  0  0  4  0  0  0  0  0  0  196  0  1  0  0  0  3  0  60  0  7750  0  0  1014  216  9  0  0  0  0  0  0  0  11  0  29  0  8  0  1257  0  0  0  0  0  0  0  0  0  0  0  0  0  0  0  0  0  0  0  0  0  0  0  0  0  0  0  0  0  0  0  0  0  0  0  0  0  0  0  0  0  0  0  0  0  0  0  0  0  0  0  0  0  0  0  0  0  0  0  0  0  0  0  0  0  0  0  0  0  0  0  0  0  0  0  0  0  0  0  0  
11  0  1  4901  77  70  19  33  109  770  0  9  0  9  46  10  1714  2405  584  2  0  6  130  3  0  15878  3  0  7  4  0  188  1683  467  0  4657  0  0  0  135  0  0  1  2129  306  0  28  9898  7590  0  9  78  74  63  5444  126  62  83  1  2  21  0  8  1  204  292  1746  255  27  7  10  0  3631  3486  0  0  0  0  0  0  4  0  5  0  0  0  0  0  0  0  0  1  1  0  0  0  0  0  0  10  2  0  0  0  2  2  0  0  0  0  0  0  0  0  25  0  0  0  0  3  0  4  1  0  0  1  0  1  0  3  0  0  0  0  0  0  0  0  0  23  3  1  0  0  1  0  0  0  
0  18319  0  0  0  1  0  0  0  0  3034  0  0  0  0  0  0  0  5170  4952  0  16576  0  0  0  0  0  0  0  0  0  0  0  0  0  0  0  0  0  0  0  0  0  6460  30  0  0  1  0  0  1853  0  0  1  0  0  28371  1281  64  0  390  0  0  0  1  0  1  7  0  0  0  0  1  0  0  0  0  0  0  0  0  0  0  0  13  0  0  0  0  0  0  0  0  0  0  0  0  0  0  0  0  0  0  0  0  0  0  0  0  0  0  0  0  0  0  0  0  0  0  0  0  0  0  0  0  0  0  0  0  0  0  0  0  0  0  0  0  0  0  0  0  0  0  0  0  0  0  0  
0  0  0  0  0  0  0  0  0  0  0  0  0  0  0  0  95  185  0  0  3  0  14015  128  0  14  0  0  0  0  0  65  0  6223  15401  0  5257  8262  0  0  33  0  0  7  0  0  0  2830  4  5158  1  0  0  0  7  0  0  0  355  17  235  0  0  17  2  0  0  1  0  0  0  5255  3542  0  0  0  0  0  0  0  0  0  0  0  0  0  0  0  0  0  0  0  0  0  0  0  0  0  0  0  0  0  0  0  0  0  0  0  0  0  0  0  0  0  1  0  0  0  0  0  0  1  0  0  0  0  0  0  0  1  0  0  0  0  0  0  0  0  0  0  0  0  0  0  0  0  0  0  
2  245  0  237  12  49  53  119  244  7537  31746  4  0  1  11  15  6  740  713  4062  0  33639  4498  0  27  690  2  0  2  702  0  87  0  0  0  0  0  36  0  47  3296  7158  1  0  906  0  56  139  904  10  1050  40  8  104  1187  30  4115  13526  201  22  6532  0  4  0  12769  553  24  479  100  1  9  0  1457  3  0  0  0  0  0  0  0  0  2  1  217  0  0  0  0  0  0  0  0  0  0  5  0  0  0  2  0  0  0  0  0  0  0  0  0  1  0  0  0  0  3  3  0  7  0  0  0  0  0  0  0  0  0  0  0  1  0  0  0  0  1  0  0  0  0  13  0  0  0  0  0  0  0  0  
7  0  7923  11735  13  257  82  2255  1283  13  0  205  0  4  31  1300  137  449  106  0  0  1  0  0  0  2317  2  26297  26025  2  1  53  0  0  0  0  0  0  1  21  208  0  0  55  0  13678  64  902  2871  0  17  144  20  275  41  50  235  5  1  1  11  0  5  2  75  927  17419  6210  8647  3  373  0  69  0  0  0  0  0  1  0  0  0  1  0  0  0  0  0  0  0  0  0  0  0  0  0  0  0  0  2  0  0  0  0  0  0  0  0  0  0  0  0  0  0  4  0  0  0  0  0  0  0  0  0  0  0  0  0  0  2  0  0  0  0  0  0  0  0  0  3  0  0  0  0  0  0  0  0  
0  0  9312  1  1  2  4  6827  5064  0  0  1  0  0  0  542  0  2  1  0  0  0  0  0  0  2  424  2851  66  9507  0  2  0  0  0  0  0  0  0  1  4  0  0  0  8350  0  0  3  19  0  0  2  0  14  0  5  0  0  0  0  0  0  0  0  1  14  5630  1  18  0  4120  0  0  0  0  0  12  0  0  0  0  2  119  0  0  0  0  0  0  11  0  0  0  0  0  0  0  0  0  0  0  0  0  30  0  0  0  0  0  0  0  0  0  0  0  0  0  0  0  158  0  0  0  0  0  0  0  0  0  0  0  0  0  0  0  0  0  0  0  0  0  0  0  0  342  0  0  0  
462  0  0  1  57  659  0  0  0  0  0  61  4482  152  21  2  8  7274  0  0  0  0  12  7337  0  5  0  0  0  0  64  1928  4  2  16  0  0  0  3159  17  10  0  8  11  4  0  0  118  2742  0  0  193  37  26  1  0  1  0  0  0  0  28  541  6171  1  26  7  12  11  93  0  0  25  0  0  0  0  0  0  0  0  0  0  0  0  0  0  0  0  0  0  0  0  0  0  0  0  0  0  0  0  0  0  0  0  0  0  0  0  0  0  0  0  0  0  0  0  0  0  0  0  0  0  0  0  0  0  0  0  0  0  0  0  0  0  0  0  0  0  3  0  0  0  0  0  0  0  0  
0  0  0  25  0  7  1  1  22  235  0  13  1  0  1  1  11594  7281  39  1  1  0  881  208  2  68  1  0  7  3  0  605  8546  1162  12799  342  8  872  0  5  7016  0  5135  127  149  0  1022  0  2642  56  5  3  3  0  322  33  20  3  74  4  33  0  10  0  63  120  270  9  6  8  3  471  24630  2884  0  0  0  1  0  0  0  0  5  0  0  1  0  2  0  0  0  4  0  0  1  0  1  0  0  7  1  0  0  0  0  5  0  0  0  2  0  0  0  0  46  0  1  0  1  1  0  7  0  0  0  1  0  0  0  2  1  0  0  0  2  0  0  0  0  54  7  0  0  0  2  0  1  0  
1913  0  80  16036  1448  1650  66  74  80  556  0  6388  169  3749  597  164  4584  10459  2011  0  0  1  4  147  0  294  1  0  58  6  6  1935  86  0  0  0  0  0  2875  8699  7971  0  3  383  4386  0  2874  1053  0  0  9  3285  1391  1280  208  47  908  240  4  3  5  45  157  559  111  557  511  6576  1044  181  8  0  196  3  0  0  0  0  0  0  0  0  3  0  0  0  0  0  0  0  0  1  0  0  0  0  1  0  0  6  0  0  0  0  0  8  0  0  0  2  0  0  0  0  7  0  0  0  0  0  1  1  3  0  0  1  0  0  0  0  0  0  0  0  1  0  0  0  0  36  2  0  1  0  0  0  3  0  
0  0  0  0  0  0  0  0  0  0  0  0  0  0  0  0  1  2  0  0  12336  0  8960  0  0  1  0  0  0  0  0  1  0  0  93  0  17749  4678  0  0  3  0  8699  25  0  0  0  191  0  0  1  0  0  0  3  0  0  0  2648  10415  2980  0  0  0  1  0  0  0  0  0  0  2671  5196  0  0  0  0  0  0  0  0  0  0  0  0  0  0  0  0  0  0  0  0  0  0  0  0  0  0  0  0  0  0  0  0  0  0  0  0  0  0  0  0  0  0  0  0  0  0  0  0  0  0  0  0  0  0  0  0  0  0  0  0  0  0  0  0  0  0  0  0  0  0  0  0  0  0  0  
0  10246  0  5  0  0  1  0  1  0  0  0  0  0  0  1  0  0  91  0  2058  4874  0  0  1  0  0  0  0  0  0  0  0  0  0  0  0  1  0  0  0  755  0  978  22  0  1  1  3  0  0  1  0  2  8  0  548  2  2117  103  8667  0  0  0  1  1  0  10  0  0  0  0  18  0  0  0  0  0  0  0  0  0  0  0  0  0  0  0  0  0  0  0  0  0  0  4  0  0  0  0  0  0  0  0  0  0  0  0  0  0  0  0  0  0  0  0  0  0  0  0  0  0  0  0  0  0  0  0  0  0  0  0  0  0  0  0  0  0  0  0  0  0  0  0  0  0  0  0  
4358  0  0  12  1682  2061  28  28  2  3  0  9809  1  11527  28015  125  4  118  26  0  0  0  0  70  1  47  0  0  1016  0  0  63  0  0  0  0  0  0  1786  3088  24  0  0  4  119  0  182  3  1882  0  3  0  8703  7482  44  5  50  5  1  0  0  1946  7  108  7  150  83  9341  209  10  1  0  10  0  0  0  0  0  0  0  0  0  0  0  0  0  0  0  0  0  0  0  0  0  0  0  0  0  0  1  0  0  0  0  0  0  0  0  0  1  0  0  0  0  0  0  0  0  0  0  0  0  0  0  0  0  0  0  0  0  0  0  0  0  0  0  0  0  0  15  0  0  0  0  0  0  0  0  
4998  0  0  0  4076  897  0  0  0  0  0  8  0  17  22829  2269  3  36  0  0  0  0  0  3  0  1  0  0  0  0  0  73  0  0  0  0  0  0  2  135  2  0  0  0  1  0  8  2  393  0  0  15008  0  2433  0  0  0  0  0  0  0  0  3  7  1  39  9  8  5  5  0  0  1  0  0  0  0  0  0  0  0  0  0  0  0  0  0  0  0  0  0  0  0  0  0  0  0  0  0  0  0  0  0  0  0  0  0  0  0  0  0  0  0  0  0  0  0  0  0  0  0  0  0  0  0  0  0  0  0  0  0  0  0  0  0  0  0  0  0  2  0  0  0  0  0  0  0  0  
21  0  0  156  180  3304  1583  4120  166  0  0  4  0  0  25977  28763  0  75  31  0  0  1  0  0  3  392  4  0  153  0  0  11  0  0  0  0  0  0  0  29  38  0  0  10  496  0  24  10  1648  0  5  12153  2952  0  102  12  18  4  1  1  1  0  0  0  48  651  657  6094  10309  1  8  0  32  0  0  0  0  0  0  0  0  0  0  0  0  0  0  0  0  0  0  0  0  0  0  0  0  0  0  0  0  0  0  0  0  1  0  0  0  0  0  0  0  0  0  0  0  0  0  0  0  0  0  0  0  0  0  0  0  0  0  0  0  0  0  0  0  0  0  7  0  0  0  0  0  0  0  0  
0  0  0  9  1  12  28  40  591  6  0  0  0  0  1  3  1  143  302  0  0  5  31  0  7809  12524  47  0  2  13  0  12  3  6  0  386  0  2  0  0  3934  0  0  1697  75  0  0  68  192  1  2  2  0  28  0  1319  279  51  7  0  67  0  0  0  1062  123  169  358  3  0  61  0  12417  6  0  0  0  0  0  0  0  0  0  0  0  0  0  0  0  0  0  0  0  0  0  0  0  0  0  0  0  0  0  0  0  0  0  0  0  0  0  0  0  0  2  0  0  0  0  0  0  0  1  0  0  0  0  0  0  0  0  0  0  0  0  0  0  0  0  1  1  0  0  0  0  0  0  0  
0  0  0  2  0  10  14  12  1530  2  0  0  0  0  0  0  3  103  393  4005  0  0  0  0  20681  9275  34242  11  194  745  0  14  0  0  0  0  0  0  0  2  310  0  0  454  1228  1  3  93  122  0  9  9  0  31  3944  0  480  4400  6  0  2  0  0  0  8238  348  9681  371  121  0  9922  0  1606  0  0  0  0  0  0  0  0  0  0  0  0  0  0  0  0  0  0  0  0  0  0  0  0  0  0  0  0  0  0  0  0  0  0  0  0  0  0  0  0  0  3  0  0  0  0  0  0  0  0  0  0  0  0  0  0  0  0  0  0  0  0  0  0  0  0  0  0  0  0  0  0  0  0  0  
0  15701  0  7  0  2  1  0  3  1  77  0  0  0  1  1  1  11  54179  77  0  7289  0  0  2041  4  0  0  2  0  0  0  0  0  0  0  0  0  0  0  39  23968  1  3283  203  0  0  7  31  0  1971  4  1  12  10  171  0  4585  6711  1  1212  0  0  0  901  1  5  1437  1  0  1  0  4923  0  0  0  0  0  0  0  0  0  0  0  0  0  0  0  0  0  0  0  0  0  0  0  0  0  0  0  0  0  0  0  0  0  0  0  0  0  0  0  0  0  0  0  0  0  0  0  0  0  0  0  0  0  0  0  0  0  0  0  0  0  0  0  0  0  0  0  0  0  0  0  0  0  0  0  
0  202  0  8  0  0  0  0  5  0  10261  0  0  0  0  0  0  5  23760  17968  0  1012  0  0  1915  11  0  0  0  1  0  1  0  0  0  0  0  0  0  0  4  2139  0  9758  288  0  1  15  23  0  451  1  0  10  44  4177  7374  0  102  0  113  0  0  0  7444  7  7  160  1  0  2  0  97  0  0  0  0  0  0  0  0  0  0  0  1  0  0  0  0  0  0  0  0  0  0  0  0  0  0  0  0  0  0  0  0  0  0  0  0  0  0  0  0  0  0  0  0  0  0  0  0  0  0  0  0  0  0  0  0  0  0  0  0  0  0  0  0  0  0  0  0  0  0  0  0  0  0  0  
0  11585  0  35  0  0  3  1  1  0  0  0  0  0  1  0  0  1  9487  0  240  466  60  0  10  3  0  0  0  0  0  0  0  0  0  0  4184  17047  0  0  22  14  3  1403  355  0  0  4  9  37  5685  0  0  12  33  0  5201  11  0  9129  4203  0  0  0  8  10  2  118  7  0  0  7  7723  0  0  0  0  0  0  0  0  0  0  0  0  0  0  0  0  0  0  0  0  0  0  0  0  0  0  0  0  0  0  0  0  0  0  0  0  0  0  0  0  0  0  0  0  0  0  0  0  0  0  0  0  0  0  0  0  0  0  0  0  0  0  0  0  0  0  0  0  0  0  0  0  0  0  0  
0  4703  0  7  0  0  0  0  0  0  0  0  0  0  0  0  0  0  6  0  16175  11  156  0  2  1  0  0  0  0  0  0  0  0  2  0  19372  4800  0  0  1  0  24  700  43  0  0  8  0  10302  2170  1  0  3  30  0  5  0  8918  0  7745  0  0  0  1  2  0  8  1  0  0  6221  1690  0  0  0  0  0  0  0  0  0  0  0  0  0  0  0  0  0  0  0  0  0  0  0  0  0  0  0  0  0  0  0  0  0  0  0  0  0  0  0  0  0  0  0  0  0  0  0  0  0  0  0  0  0  0  0  0  0  0  0  0  0  0  0  0  0  0  0  0  0  0  0  0  0  0  0  
0  2767  0  29  0  1  2  3  7  3  197  0  0  0  1  0  2  13  81  12  19723  35064  11716  0  48  7  0  0  0  3  0  1  0  0  1  0  54  3564  0  0  23  894  56  7893  215  0  1  9  25  2508  10138  1  0  19  542  1  883  238  3588  7156  0  0  0  0  10  8  4  273  6  0  2  27  2731  0  0  0  0  0  0  0  0  0  0  1  1  0  0  0  0  0  0  0  0  0  0  4  1  0  0  0  0  0  0  0  0  0  0  0  0  0  0  0  0  0  0  0  0  0  0  0  0  0  0  0  1  0  0  0  0  0  0  0  0  0  1  0  0  0  0  0  0  0  0  0  0  0  0  0  
3951  0  0  0  2  4  0  0  0  0  0  0  1554  1634  4218  0  0  0  0  0  0  0  0  7015  0  0  0  0  0  0  0  0  0  0  0  0  0  0  903  1  0  0  0  0  0  0  7  0  5  0  0  2961  0  0  0  0  0  0  0  0  0  0  1  2452  0  0  0  0  0  0  0  0  0  0  0  0  0  0  0  0  0  0  0  0  0  0  0  0  0  0  0  0  0  0  0  0  0  0  0  0  0  0  0  0  0  0  0  0  0  0  0  0  0  0  0  0  0  0  0  0  0  0  0  0  0  0  0  0  0  0  0  0  0  0  0  0  0  0  0  1  0  0  0  0  0  0  0  0  
0  0  0  0  0  1181  0  0  0  0  0  0  13  2  0  0  1  414  0  0  0  0  12  12841  0  6  0  0  0  0  10515  12376  0  0  0  0  0  0  40  0  15  0  1  10  0  0  1757  5  11  0  0  0  0  0  0  0  0  0  0  0  0  0  0  3614  7  0  0  0  0  3553  0  0  35  0  0  0  0  0  0  0  0  1  1  0  0  0  0  0  0  0  0  0  0  0  0  0  0  1  0  0  0  0  0  0  0  0  0  0  0  0  0  0  0  0  1  0  0  0  0  0  0  0  0  0  0  0  0  0  0  0  0  0  0  0  0  0  0  0  0  0  0  0  0  0  0  0  0  0  
1526  0  0  1  142  1086  0  0  0  1  0  8  1737  1597  5  55  0  157  0  0  0  0  3  29063  0  1  0  0  0  0  15  1016  0  1  1  0  0  0  7548  37  2  0  9  1  0  0  7742  2  540  0  0  116  26  0  2  0  0  0  0  0  0  3612  1583  0  0  55  1  7  0  523  0  0  16  0  0  0  0  0  0  0  0  0  0  0  0  0  0  0  0  0  0  0  0  0  0  0  0  0  0  0  0  0  0  0  0  0  0  0  0  0  0  0  0  0  0  0  0  0  0  0  0  0  0  0  0  0  0  0  0  0  0  0  0  0  0  0  0  0  0  4  0  0  0  0  0  0  0  0  
0  5  0  49  2  25  108  33  2087  232  14639  0  0  0  1  1  4  242  4759  23503  0  206  2  1  229  176  12572  0  39  29083  0  46  0  0  0  0  0  0  0  4  272  85  0  13149  901  1  17  117  266  0  237  13  3  44  1072  4156  4926  8268  100  4  179  0  0  0  0  1029  137  232  20  3  5458  0  1159  0  0  0  0  0  0  0  0  0  0  0  310  0  0  1  0  0  0  0  1  10  0  0  0  0  0  2  0  0  0  21  0  0  0  0  0  0  0  0  0  0  1  0  0  0  0  1  0  0  0  0  0  0  0  0  0  0  0  0  0  0  0  0  0  0  1  6  0  0  0  0  0  0  0  0  
22  0  1  27  19  16294  8445  7165  12622  13026  0  2  0  4  9  307  10  1590  124  1  0  2  5  14  0  299  6  0  80  2184  0  4073  1  0  0  0  0  0  0  17  673  0  4  839  479  0  45  382  1372  0  6  108  8  174  306  146  32  11  0  1  1  1  9  66  2024  0  287  112  163  10  26  0  708  14  56  0  0  0  12  783  73  126  163  8  0  0  0  0  1  9  0  8  0  0  0  2  3  0  0  29  5  0  8  1  2  132  0  0  0  3  0  0  2  0  52  0  0  0  117  12  4  0  1  0  0  4  9  7  0  32  0  0  0  0  1  4  2  2  0  16197  36  2  3  1  92  0  20  0  
0  0  2178  2140  2  75  115  16  998  1  0  0  0  0  5  56  17  157  65  1  0  0  0  0  2  30350  12252  16565  299  1389  0  16  2  0  0  0  0  0  0  1  1652  0  0  205  10783  5755  1  208  325  0  3  8  3  117  671  11514  11  59  1  0  2  0  1  0  332  1375  0  271  765  1  3978  0  14  0  0  0  0  0  0  0  0  0  0  0  0  0  0  0  0  0  0  0  0  0  0  0  0  0  0  1  0  0  0  0  0  0  0  0  0  0  0  0  0  0  2  0  0  0  0  0  0  0  0  0  0  0  0  0  0  0  0  0  0  0  1  0  0  0  0  3  0  0  0  0  0  0  2  0  
26  0  1  4502  77  267  43  2  34  0  0  7734  0  28  8334  25  2  155  90  0  0  0  1  3  7  340  0  0  14883  0  0  37  0  0  0  0  0  0  7  475  36  0  0  12  12519  0  265  4  5046  0  6  12604  81  4721  204  16  209  6  1  4  4  1  2  4  11  141  494  0  4169  2  23  0  52  0  0  0  0  0  0  0  0  0  0  0  0  0  0  0  0  0  0  0  0  0  0  0  0  0  0  0  0  0  0  0  0  0  0  0  0  0  0  0  0  0  0  0  0  0  0  0  0  0  0  0  0  0  0  0  0  0  0  0  0  0  0  0  0  0  0  5  0  0  0  0  0  0  0  0  
5  0  1707  318  18  395  412  5262  463  1  0  2  0  2  2243  5738  14  103  49  1  0  0  0  1  0  222  2  1  17037  0  0  20  0  0  0  0  0  0  1  30  50  0  0  7  7876  22  7  130  618  0  1  406  30  12579  16  16  80  6  0  0  2  0  2  0  13  885  1661  3798  0  0  360  0  15  0  0  0  0  0  0  0  0  0  0  0  0  0  0  0  0  0  0  0  0  0  0  0  0  0  0  0  0  0  0  0  0  0  0  0  0  0  0  0  0  0  0  0  0  0  0  0  0  0  0  0  0  0  0  0  0  0  0  0  0  0  0  0  0  0  0  1  0  0  0  0  0  0  1  0  
2803  0  0  0  2899  14737  0  0  0  0  0  0  0  1  1  5131  0  93  0  0  0  0  3  5696  0  0  0  0  0  0  12136  8036  0  0  0  0  0  0  6  1  5  0  0  7  0  0  61  2  22  0  0  2  0  0  0  0  0  0  0  0  0  0  3291  1014  0  5  1  0  0  0  0  0  20  0  0  0  0  0  0  84  0  0  1  0  0  0  0  0  0  45  0  0  0  0  0  0  0  2  0  1  0  0  0  0  145  20  0  0  0  0  0  0  0  0  0  0  0  0  0  0  0  0  0  0  0  0  0  0  0  0  0  0  0  0  0  0  1  0  0  4  0  0  0  55  0  0  0  0  
0  0  0  4  0  6  5  2  12959  1  0  0  0  0  1  1  1  38  99  33  0  0  0  0  2  93  1947  1  30  14808  0  5  0  0  0  0  0  0  0  0  114  0  0  31  197  4332  1  70  41  0  1  2  0  17  68  7579  52  11  0  0  1  0  1  0  3241  252  3529  8  39  0  0  0  13  0  0  0  0  0  0  0  0  0  161  0  0  0  0  0  0  0  0  0  0  0  0  0  0  0  0  0  0  0  0  790  0  0  0  0  0  0  0  0  0  0  2  0  0  0  0  1  0  0  0  0  0  0  0  0  0  0  0  0  0  0  0  0  0  0  0  4  0  0  0  0  6014  0  0  0  
0  0  0  0  0  0  0  0  0  0  0  0  0  0  0  0  1  0  0  0  0  0  38  0  0  0  0  0  0  0  0  1  0  13  1784  0  40155  32923  0  0  0  0  3058  2  1  0  0  98  0  3692  0  0  0  0  0  0  0  0  1125  6060  271  0  0  0  0  0  0  0  0  0  0  0  4781  0  0  0  0  0  0  0  0  0  0  0  0  0  0  0  0  0  0  0  0  0  0  0  0  0  0  0  0  0  0  0  0  0  0  0  0  0  0  0  0  0  0  0  0  0  0  0  0  0  0  0  0  0  0  0  0  0  0  0  0  0  0  0  0  0  0  0  0  0  0  0  0  0  0  0  
0  1  0  45  1  19  14  7  73  43  1  0  0  0  15  2  53  1320  13040  53  3  32  2118  3  33470  1693  0  0  1  8  0  504  1214  19190  6050  823  179  60513  0  0  1914  1  6560  3794  706  0  9  25421  256  2389  515  1  1  122  18154  2367  4171  107  6234  1225  4889  0  13  1  1729  77  7  3073  10  3  5  3847  0  652  0  0  0  0  0  1  0  0  3  0  0  0  0  0  0  0  0  0  1  0  0  0  0  0  0  3  0  0  0  0  0  1  0  0  0  0  0  0  0  0  13  0  0  0  0  1  0  0  1  0  0  0  0  0  0  1  0  0  0  0  0  0  0  0  0  12  1  0  0  0  0  0  0  0  
0  0  0  3  0  0  0  0  0  27  0  0  0  0  0  0  1  75  0  0  0  0  1  0  0  16  0  0  0  0  0  5  11581  2595  2  5840  0  0  0  0  2803  0  0  9  2  0  0  4578  45  0  1  0  0  0  18  1  0  0  0  0  1  0  0  0  1  12  0  0  0  0  0  0  1334  0  0  0  0  0  0  0  0  0  0  0  0  0  0  0  0  0  0  0  0  0  0  0  0  0  0  0  0  0  0  0  0  0  0  0  0  0  0  0  0  0  1  0  0  0  0  0  0  1  0  0  0  0  0  0  0  0  0  0  0  0  0  0  0  0  0  2  0  0  0  0  0  0  0  0  
0  0  0  0  0  1  0  0  0  0  0  0  0  0  0  0  0  0  0  0  0  0  0  0  0  0  0  0  0  0  7  0  0  0  0  0  0  0  0  0  0  0  0  0  0  0  0  0  0  0  0  0  0  0  0  0  0  0  0  0  0  0  0  0  0  1  0  0  0  5  0  0  0  0  0  0  0  1  6779  1801  7  0  7  1  0  5  163  223  1688  2350  0  1  0  0  0  0  1  14772  0  1  0  0  0  0  3488  299  0  0  0  0  0  0  2545  0  7  0  0  0  11  0  199  0  265  0  0  1128  9755  2  0  21  0  0  0  0  0  9977  177  586  2  163  1  2  1  2922  3  0  1  0  
0  0  0  0  0  0  0  0  0  0  0  0  0  0  0  0  0  0  0  0  0  0  0  0  0  0  0  0  0  0  0  0  0  0  0  0  0  0  0  0  0  0  0  0  0  0  0  0  0  0  0  0  0  0  0  0  0  0  0  0  0  0  0  0  0  0  0  0  0  0  0  0  0  0  0  0  0  0  0  0  0  0  0  0  0  0  0  0  0  0  0  0  21770  0  11583  1  1  0  0  0  0  0  0  0  0  0  0  0  0  0  45  220  0  0  0  8019  0  3  0  0  0  0  1  0  11410  0  0  0  0  0  416  0  6458  5991  221  0  0  0  0  0  0  0  0  0  0  26  9  0  
0  0  55  0  0  0  0  39  2  0  0  0  0  0  0  34  0  0  0  0  0  0  0  0  0  0  0  0  0  0  0  0  0  0  0  0  0  0  0  0  0  0  0  0  0  15  0  0  0  0  0  0  0  0  0  0  0  0  0  0  0  0  0  0  0  0  0  0  0  0  0  0  0  0  0  0  0  0  0  0  14  636  4  0  0  0  0  0  0  15721  0  0  0  0  0  0  0  0  0  0  3455  4340  9083  2051  0  0  0  0  0  0  0  0  0  0  0  0  0  0  13565  14094  0  0  0  0  0  0  0  0  0  0  0  0  0  0  0  0  0  0  0  0  4263  0  12  0  6  0  0  0  
0  0  0  0  0  0  0  0  0  0  0  0  0  0  0  0  0  0  0  0  0  0  0  0  0  0  0  0  0  0  0  0  0  0  0  0  0  0  0  0  0  0  0  0  0  0  0  0  0  0  0  0  0  0  0  0  0  0  0  0  0  0  0  0  0  0  0  0  0  0  0  0  0  0  0  0  0  0  1  12  24  0  105  3  0  13203  0  3  0  2  21  60  5  0  0  0  0  0  0  17154  2  4022  4320  0  0  1  758  11  8  165  0  0  1  3  3840  0  1  1  3699  14  25  25  17959  0  1  25  5  5  37  438  3  0  0  0  0  0  0  0  8  74  71  4402  42  0  102  0  10  0  
0  0  0  0  0  0  0  0  0  0  0  0  0  0  0  0  0  0  0  0  0  0  0  0  0  0  0  0  0  0  0  1  0  0  0  0  0  0  0  0  0  0  0  0  0  0  0  0  0  0  0  0  0  0  0  0  0  0  0  0  0  0  0  0  0  7  0  0  0  1  0  0  0  0  4775  0  0  2  0  10156  48  10  91  1  0  19  0  83  3263  17205  0  5  0  0  0  0  1  7  0  13  30  0  3  0  2  220  0  0  0  10  0  0  98  0  22  0  0  0  7  10  222  0  345  0  0  460  20296  91  0  477  0  0  0  0  0  472  9  50  4  217  80  7  14  1359  26  0  5  0  
0  0  0  0  2  429  14  0  0  0  0  0  0  0  0  102  0  1  0  0  0  0  0  0  0  0  0  0  0  0  3  41  0  0  0  0  0  0  0  0  1  0  0  0  0  0  0  0  0  0  0  0  0  0  0  0  0  0  0  0  0  0  0  0  0  670  0  0  0  34  0  0  0  0  1502  0  0  1  19534  0  12101  403  106  1  0  118  0  144  3958  27353  0  27  2  0  0  0  12  6062  0  4  5  0  2  0  219  8064  0  0  0  2  0  0  38  0  31  0  0  1  20  92  136  1  231  0  0  634  2363  3606  0  151  0  0  0  0  0  29  2883  2004  3  21674  20  2  53  7936  25  0  37  0  
0  0  0  0  0  13  205  4  0  0  0  0  0  0  0  143  0  0  0  0  0  0  0  0  0  0  0  0  0  0  0  0  0  0  0  0  0  0  0  0  0  0  0  0  0  0  0  0  0  0  0  0  0  0  0  0  0  0  0  0  0  0  0  0  0  16  0  0  0  0  0  0  0  0  2  0  0  5  22  15143  0  12898  1426  0  0  10  0  3  495  17256  0  14  2  0  0  0  6  1  0  40  7  0  29  0  0  6  0  0  0  5  0  0  0  0  30  0  0  0  56  300  17  0  41  0  0  420  119  13170  1  681  2  0  0  0  0  0  2  2  1  8943  20  49  392  0  1036  0  18  0  
0  0  0  0  0  2  96  1408  280  0  0  0  0  0  0  486  0  0  0  0  0  0  0  0  0  0  0  0  0  0  0  0  0  0  0  0  0  0  0  0  0  0  0  0  0  7  0  0  0  0  0  0  0  0  0  0  0  0  0  0  0  0  0  0  1  137  0  0  0  0  0  0  0  0  0  0  64  2  0  158  11247  0  4898  0  0  0  0  0  4  17678  0  73  1  0  0  0  36  1  1  19  1  0  5915  3  0  2  0  0  0  0  0  0  0  0  136  0  1  0  2330  7646  3  3  25  0  0  2  6  1053  0  177  0  0  1  0  1  0  5  0  11  9007  6  2  14847  0  180  0  90  0  
0  0  3  0  0  0  0  23  2548  4  0  0  0  0  0  4  0  0  0  0  0  0  0  0  0  0  0  0  0  824  0  0  0  0  0  0  0  0  0  0  0  0  0  3  0  94  0  0  0  0  0  0  0  0  0  0  0  0  0  0  0  0  0  0  0  80  0  0  0  0  372  0  0  0  0  0  9  22  1  2  2110  3480  0  2625  0  5  0  0  11  21  0  14  26  0  0  0  8  0  1  350  42  0  4  894  0  0  0  0  0  97  4  1  0  0  558  0  1  598  37  4912  6  1  64  0  0  2  7  34  0  98  21  1  1  2  13  0  1  0  267  11173  180  16  15  0  8300  0  24  0  
0  0  0  0  0  0  0  0  38  12  0  0  0  0  0  0  0  0  0  0  0  1  0  0  0  0  0  0  0  209  0  0  0  0  0  0  0  0  0  0  0  0  0  0  0  0  0  1  1  0  0  0  0  0  0  0  0  0  0  0  1  0  0  0  0  10  0  0  0  0  10  0  1  0  0  0  0  26  2  0  5  1  4016  0  0  0  0  0  0  0  0  3  13  0  0  206  794  0  3  636  7  0  1  1755  0  1  0  0  0  109  18  1  4  0  656  0  2  3934  15  12  3  24  61  0  3  1  3  3  0  65  3  1  0  28  191  0  1  1  68  3465  43  9  5  0  1021  0  15  0  
0  0  0  0  0  0  0  0  0  1  2897  0  0  0  0  0  0  0  0  507  0  563  0  0  0  0  0  0  0  1136  0  0  0  0  0  0  0  0  0  0  0  5  0  167  0  0  0  0  0  0  0  0  0  0  0  0  0  0  0  0  5  0  0  0  128  1  0  0  0  0  0  0  0  0  0  0  0  0  0  0  0  0  0  1  0  0  0  0  0  0  0  0  31  18638  0  3322  0  0  0  0  1  0  0  1180  0  0  0  0  0  0  0  0  0  0  0  5481  0  22795  0  0  0  0  0  0  0  0  0  0  0  0  8  5435  0  0  0  0  0  0  10095  0  0  0  0  0  0  0  0  0  
0  0  0  0  0  0  0  0  0  0  0  0  0  0  0  0  0  0  0  0  0  0  0  0  0  0  0  0  0  0  0  0  0  0  0  0  0  0  0  0  0  0  0  0  0  0  0  0  0  0  0  0  0  0  0  0  0  0  0  0  0  0  0  0  0  0  0  0  0  0  0  0  0  0  4  0  0  16731  19  55  21  1  5  0  0  0  21  5867  53  1  76  1005  0  0  0  0  1  52  0  78  0  0  138  0  0  6  411  34  162  3  0  0  292  5377  3  0  0  0  20  1  63  23  12846  0  0  3799  19  2  0  33  0  0  0  0  0  1  0  0  0  102  3  10293  0  0  4  0  0  1  
0  0  0  0  0  0  0  0  0  0  0  0  0  0  0  0  0  0  0  0  0  0  0  0  0  0  0  0  0  0  0  0  0  0  0  0  0  0  0  0  0  0  0  0  0  0  0  0  0  0  0  0  0  0  0  0  0  0  0  0  0  0  0  0  0  0  0  0  0  0  0  0  0  0  122  0  0  0  0  6  0  0  0  0  0  19  0  2169  111  0  0  0  0  0  0  0  0  6036  0  0  0  0  0  0  0  2  0  1  1  0  0  0  5781  0  3  0  0  0  0  0  5549  0  6  0  0  2  0  0  0  1  0  0  0  0  0  4894  138  2349  0  2  0  0  0  0  0  0  0  0  
0  0  0  0  0  0  0  0  0  0  0  0  0  0  0  0  0  0  0  0  0  0  0  0  0  0  0  0  0  0  0  0  0  0  0  0  0  0  0  0  0  0  0  0  0  0  0  0  0  0  0  0  0  0  0  0  0  0  0  0  0  0  0  0  0  1  0  0  0  0  0  0  0  0  319  0  0  3  249  220  14  0  13  0  0  10058  2142  0  1255  1  0  19  0  0  0  0  0  119  0  2  2  0  1  0  1  19  0  0  0  1  0  0  10684  3415  2  0  0  0  2  1  1163  0  6621  0  0  13428  169  5  0  57  0  0  0  0  0  1977  4  1  0  158  7  79  1  0  4  0  3  0  
0  0  0  0  0  0  1  0  0  0  0  0  0  0  0  0  0  0  0  0  0  0  0  0  0  0  0  0  0  0  0  0  0  0  0  0  0  0  0  0  0  0  0  0  0  0  0  0  0  0  0  0  0  0  0  0  0  0  0  0  0  0  0  0  0  4  0  0  0  0  0  0  0  0  1956  0  0  3  2632  3395  155  3  27  0  0  67  686  2759  0  3233  0  9  0  0  0  0  0  2944  0  11  4  0  6220  0  0  6  0  0  0  2  0  0  0  0  11  0  0  0  230  3  14  0  48  0  0  50043  65505  21463  1  263  0  0  0  0  0  5457  0  2  5  135  30  7369  8003  0  20  0  5  0  
0  0  6  0  1  138  10  747  2  0  0  0  0  0  0  940  0  0  0  0  0  0  0  0  0  0  0  0  0  0  56  27  0  0  0  0  0  0  0  0  0  0  0  0  0  13  0  0  0  0  0  0  0  0  0  0  0  0  0  0  0  0  0  0  0  4  0  0  0  71  0  0  0  0  2750  0  11189  1  22287  31487  23530  18309  41  0  0  0  0  0  4596  0  0  1  0  0  0  0  0  520  0  17  1  6  11184  12  2096  16  0  0  0  1  0  0  0  0  8  0  0  0  2860  2036  1  0  21  0  0  12  2856  31510  0  81  0  0  0  0  0  0  67  66  2  75  7  6  8252  11341  33  0  1  0  
0  0  0  0  0  0  0  0  0  0  0  0  0  0  0  0  0  0  0  0  0  0  0  0  0  0  0  0  0  0  0  0  0  0  0  0  0  0  0  0  0  0  0  0  0  0  0  0  0  0  0  0  0  0  0  0  0  0  0  0  0  0  0  0  0  2  0  0  0  0  0  0  0  0  0  0  0  24  1  0  3  0  22  8  0  117  0  0  0  1  0  14361  1  0  0  0  5519  334  0  104  2  0  3  0  0  3  906  2  4912  6  0  0  0  0  2349  0  1208  0  272  5  199  9206  2262  1  0  1  0  1  0  89  0  0  0  0  4  0  7  4  2  38  15  0  5  0  26  0  20  0  
0  0  0  0  0  0  0  0  0  0  0  0  0  0  0  0  0  0  0  0  0  0  0  0  0  0  0  0  0  0  0  1  0  0  0  0  0  0  0  0  0  0  0  0  0  0  0  0  0  0  0  0  0  0  0  0  0  0  0  0  0  0  0  0  0  2  0  0  0  0  0  0  0  0  9  0  0  75  11  62  51  0  83  7  0  773  0  27  46  0  10444  0  1  0  0  0  5939  6045  0  60  6  0  4  0  9  26  140  3  1086  7  1  0  1  14  503  0  504  0  269  12  7084  335  8064  0  0  29  25  4  0  463  1  1  0  2  2  0  227  72  10  80  20  1  14  0  64  1  38  0  
0  0  0  0  0  0  0  0  0  0  0  0  0  0  0  0  0  0  0  0  0  0  0  0  0  0  0  0  0  0  0  0  0  0  0  0  0  0  0  0  0  0  0  0  0  0  0  0  0  0  0  0  0  0  0  0  0  0  0  0  0  0  0  0  0  0  0  0  0  0  0  0  0  0  1  21633  0  69  0  4  21  6  14  0  26  5  0  2  13  2  1  9  0  2879  89  982  1  0  5559  109  14  1  9  2  0  0  0  0  0  0  6  1019  1  0  39  10953  0  4952  130  2  12  3  281  0  6352  24  40  56  0  4639  52495  29506  5996  19  3587  1  0  0  358  20  6  391  8  0  16  660  13396  0  
0  0  0  0  0  0  0  0  0  0  13  0  0  0  0  0  0  0  0  3  0  0  0  0  0  0  3  0  0  20  0  0  0  0  0  0  0  0  0  0  0  0  0  0  0  0  0  0  0  0  0  0  0  0  0  0  0  0  0  0  0  0  0  0  4  0  0  0  0  0  0  0  0  0  0  0  0  0  0  0  0  0  0  0  17955  0  0  0  0  0  0  0  3437  0  0  0  0  0  188  0  5470  0  0  1341  0  0  0  0  0  0  0  0  0  0  0  7292  0  8340  0  0  0  0  0  0  3  0  0  0  0  6318  833  15826  0  0  7  0  0  0  6529  0  0  0  0  0  4  0  0  0  
0  0  0  0  0  0  0  0  0  3  0  0  0  0  0  0  0  2  0  0  0  3  0  0  0  0  0  0  0  0  0  0  0  0  0  0  0  0  0  0  6  0  0  0  1  0  0  0  2  0  0  1  0  1  2  0  0  0  0  0  0  0  0  0  0  1  0  0  0  0  0  0  0  0  0  11677  0  3  0  0  0  0  4  3  0  0  0  0  0  0  0  0  126  0  0  253  6671  1  2  7  2  0  1  0  10  48  0  0  0  3  3849  60  0  0  42  554  79  2  0  0  1  9  7  14500  7815  0  0  0  0  2  2  0  4291  27864  30672  0  2  0  0  11  1  1  1  0  0  17  965  0  
0  1  0  0  0  0  0  0  0  11  125  0  0  0  0  0  0  0  0  0  0  721  0  0  0  0  0  0  0  49  0  0  0  0  0  0  0  0  0  0  2  1  0  16  0  0  0  0  0  0  0  0  0  0  0  0  0  0  0  0  3  0  0  0  0  17  0  0  0  0  0  0  0  0  0  0  0  0  0  0  0  0  4  165  1805  0  0  0  0  0  0  1  1118  13  369  0  2955  1  0  17  0  0  0  498  2  17  0  0  0  6  0  0  0  0  18  14797  0  33238  0  2  0  3  2  0  2303  0  0  0  0  3  1725  7  10  0  25630  0  1  0  33  5  2  0  0  0  1  0  10  0  
0  0  0  0  0  0  0  0  0  0  0  0  0  0  0  0  0  1  0  0  0  0  0  0  0  1  0  0  0  1  0  1  0  0  0  0  0  0  0  0  2  0  0  0  0  0  0  1  0  0  0  0  0  0  2  0  0  0  0  0  0  0  0  0  0  3  0  0  1  0  0  0  1  0  0  0  0  23  1  0  4  0  115  623  0  1  0  0  1  0  3080  6452  3  0  6142  1723  0  1354  7  361  6  0  4  0  11  64  0  1  8561  68  213  9  0  0  524  0  18497  3154  16  20  21  577  55  9183  17  2  2  4  0  121  7  1  10  237  21561  0  92  1  11  80  34  2  2  0  72  0  1092  2  
0  0  0  0  0  0  0  0  0  0  0  0  0  0  0  0  0  0  0  0  0  0  0  1  0  0  0  0  0  0  50  0  0  0  0  0  0  0  0  0  0  0  0  0  0  0  0  0  0  0  0  0  0  0  0  0  0  0  0  0  0  0  0  0  0  0  0  0  0  0  0  0  0  0  14113  0  0  1  31  2787  2  0  5  0  0  75  10883  190  3502  395  248  7396  0  0  0  0  2658  0  0  2  2  0  1  0  8809  826  1  76  132  0  0  0  5358  0  140  0  202  0  23  0  16941  21  39  0  0  7  4  3  0  27  0  0  0  0  0  9579  23134  42276  0  28  1  0  0  2677  3  0  13  0  
0  0  0  0  0  0  0  0  0  0  0  0  0  0  0  0  0  0  0  0  0  0  0  0  0  0  0  0  0  1  0  0  0  0  0  0  0  0  0  0  0  0  0  0  0  0  0  0  0  0  0  0  0  0  0  0  0  0  0  0  0  0  0  0  0  1  0  0  0  0  0  0  0  0  0  0  0  4  0  1  1  0  7  0  0  0  0  0  1  0  0  0  5244  24  19  1  2  0  0  17765  2828  0  0  1  0  0  1  1938  0  5790  19  61  0  0  274  0  0  127  6  1  3  3  19  0  157  5  4  3  5738  26047  4  397  81  53  261  0  0  0  8  0  25  9  0  0  3  1  35203  0  
0  0  0  0  0  0  0  0  0  0  0  0  0  0  0  0  0  0  0  0  0  0  0  0  0  0  0  0  0  0  0  0  0  0  0  0  0  0  0  0  0  0  0  0  0  0  0  0  0  0  0  0  0  0  0  0  0  0  0  0  0  0  0  0  0  5  0  0  0  0  0  0  0  0  5  0  1  11027  11  31  55  13  337  33  0  37  0  41  26  2  45  72  17  0  1  0  14  2  11319  0  783  7215  22  0  0  4  2862  803  0  22115  3  41  13  0  17380  0  0  18  5543  46  162  22  1357  0  4  68  27  160  6859  7327  6  7  4  13  20  2  5  2  7  815  18845  270  84  0  230  1  1354  70  
0  0  0  0  0  0  0  0  0  0  0  0  0  0  0  0  0  0  0  0  0  0  0  0  0  0  1  0  0  36  0  0  0  0  0  0  0  0  0  0  0  0  0  0  0  0  0  0  0  0  0  0  0  0  0  0  0  0  0  0  0  0  0  0  0  0  0  0  0  0  0  0  0  0  0  0  4738  0  6  6  9  2  25  0  0  0  0  0  1  1  0  2  5  5732  0  0  1  0  1190  2371  0  81  13  25856  0  0  0  0  0  20  0  0  0  0  144  0  0  1  24  3022  4  1  2  0  0  1  1  15  366  33539  2  21  0  0  1  0  1  0  2284  65  23320  1  28  0  4085  0  2  0  
0  0  0  0  0  0  0  0  0  0  0  0  0  0  0  0  0  0  0  0  0  0  0  0  0  0  0  0  0  0  0  0  0  0  0  0  0  0  0  0  0  0  0  0  0  0  0  0  0  0  0  0  0  0  0  0  0  0  0  0  0  0  0  0  0  0  0  0  0  0  0  0  0  0  0  0  4666  4601  0  0  2  1  2  0  0  2  0  0  0  114  0  1  0  0  0  0  0  0  0  9071  69  0  1949  0  0  0  0  0  0  0  0  0  0  0  8  0  0  0  38322  265  3  0  59  0  0  0  1  2  0  5  0  0  0  0  0  0  1  1  0  9  20481  22  2  0  4  0  1  0  
0  0  0  0  0  0  0  0  0  0  0  0  0  0  0  0  0  0  0  0  0  0  0  0  0  0  0  0  0  0  0  0  0  0  0  0  0  0  0  0  0  0  0  0  0  0  0  1  0  0  0  0  0  0  0  0  0  0  0  0  0  0  0  0  0  2  0  0  0  0  0  0  0  0  0  0  6154  5504  1  2  37  2950  56  0  0  413  0  0  5645  9716  0  9  0  0  0  0  2  0  0  11  5  2934  0  0  0  1  0  0  0  5  0  0  0  0  41  0  0  0  42659  354  9  0  144  0  1  230  0  111  0  137  1  0  0  0  0  0  1  0  11  18  67  15961  22924  0  24  0  12  0  
0  0  13  0  0  0  0  3  308  1  7  0  0  0  0  0  0  0  0  9  0  1  0  0  0  0  60  0  0  7218  0  0  0  0  0  0  0  0  0  0  0  0  0  0  0  42  0  0  0  0  0  0  0  0  1  0  0  0  0  0  0  0  0  0  5  0  0  0  0  0  478  0  0  0  0  0  2187  0  0  0  0  38  1203  1855  1669  0  0  0  0  23  0  0  0  1794  0  738  0  0  0  1  23478  0  0  0  0  0  0  0  0  0  0  0  0  0  2  0  0  1142  0  12846  0  0  0  0  0  0  0  0  0  4607  1  3  0  0  0  0  0  0  20819  2  21  0  0  0  16769  0  0  0  
0  0  0  0  0  62  0  0  0  0  0  0  0  0  0  1  0  0  0  0  0  0  0  7  0  0  0  0  0  0  845  14  0  0  0  0  0  0  0  0  0  0  0  1  0  0  0  0  0  0  0  0  0  0  0  0  0  0  0  0  0  0  1  0  0  2  0  0  0  219  0  0  0  0  2098  0  0  0  9  722  1  0  10  0  0  1  0  2  0  1567  5  109  0  0  0  0  191  8267  0  7  0  0  0  0  0  6183  0  0  1  0  0  0  2  0  32  0  0  0  47  1  16  5  2  0  0  1  0  0  0  20  0  0  1  0  0  5  13941  49  0  10  1  0  2  8416  5  0  9  0  
1  0  0  0  0  25  0  0  0  2  0  0  0  0  0  3  0  5  1  0  0  0  1  0  0  0  0  0  0  0  4  2033  0  0  0  0  0  0  0  0  4  0  0  0  0  0  0  1  11  0  1  0  1  0  0  0  0  0  0  0  0  0  0  1  0  38  0  0  0  8  0  0  2  0  160  0  0  1  42  5054  3  1  18  1  0  2  0  2  0  9  0  96  0  0  0  1  85  309  0  17  1  0  2  0  5416  0  0  0  0  3  0  0  10  0  67  0  1  1  70  1  55  26  14  0  3  12  2  1  0  67  1  0  0  0  5  14  7512  188  1  2863  6  0  3  1407  16  0  119  0  
0  0  0  0  0  0  0  0  0  0  0  0  0  0  0  0  0  0  0  0  0  0  0  0  0  0  0  0  0  0  0  0  0  0  0  0  0  0  0  0  0  0  0  0  0  0  0  0  0  0  0  0  0  0  0  0  0  0  0  0  0  0  0  0  0  0  0  0  0  0  0  0  0  0  0  0  0  461  0  0  0  0  0  0  0  248  0  0  0  0  930  50  0  0  0  0  0  0  0  1930  0  0  0  0  0  0  0  4237  5273  7874  0  0  0  0  7363  0  0  0  0  0  0  8356  116  0  0  0  0  0  0  0  0  0  0  0  0  0  0  0  0  0  0  0  0  0  0  0  0  7330  
0  0  0  0  0  0  0  0  0  0  0  0  0  0  0  0  0  0  0  0  0  0  0  0  0  0  0  0  0  0  0  0  0  0  0  0  0  0  0  0  0  0  0  0  0  0  0  0  0  0  0  0  0  0  0  0  0  0  0  0  0  0  0  0  0  0  0  0  0  0  0  0  0  0  0  0  0  45  0  0  0  0  0  0  0  95  5  0  0  0  1  1  0  0  0  0  2  119  1805  923  0  0  0  0  0  0  3703  0  29847  12719  1  3439  0  0  1176  0  7145  0  0  0  2  2154  1  1  0  0  0  0  0  1  0  0  1  1  6  0  0  13  0  0  0  0  0  0  0  6  31534  6216  
0  0  0  0  0  0  0  0  0  1  0  0  0  0  0  0  0  0  0  0  0  0  0  0  0  0  0  0  0  0  0  0  0  0  0  0  0  0  0  0  0  0  0  0  0  0  0  1  1  0  0  0  0  0  0  0  0  0  0  0  0  0  0  0  0  1  0  0  0  0  0  0  0  0  0  0  0  5  0  0  0  0  6  1  0  141  4  0  0  0  3517  1238  1  0  4  0  6780  178  0  10  0  0  0  0  0  0  5525  21815  0  5  5  1824  0  0  25  0  10871  0  0  1  39  15504  10  592  0  0  0  0  0  10  0  0  3  36  18  0  0  8  0  7  0  0  0  0  3  434  3793  2906  
0  0  0  0  0  0  0  0  0  0  0  0  0  0  0  0  0  0  0  0  0  0  0  0  0  0  0  0  0  0  0  0  0  0  0  0  0  0  0  0  0  0  0  0  0  0  0  0  0  0  0  0  0  0  0  0  0  0  0  0  0  0  0  0  0  0  0  0  0  0  0  0  0  0  0  0  0  125  4  7  20  1  23  1  0  1  0  1  22  3  2  4  15  0  4  2  15  0  2576  17107  3  0  1  0  0  0  4942  14587  0  0  33  8  0  0  14657  0  13  77  38  3  7  108  51  4  2  17  14  83  3325  581  6  3  16  79  143  0  0  0  1  25  228  20  17  0  10  7  6212  5932  
0  0  0  0  0  0  0  0  0  0  0  0  0  0  0  0  0  0  0  0  0  0  0  0  0  0  0  0  0  0  0  0  0  0  0  0  0  0  0  0  0  0  0  0  0  0  0  0  0  0  0  0  0  0  0  0  0  0  0  0  0  0  0  0  0  0  0  0  0  0  0  0  0  0  0  354  0  1  0  0  0  0  2  1  0  0  0  0  0  0  0  0  0  0  2368  0  279  0  0  2  0  0  0  0  0  0  0  1  0  2  0  14916  0  0  13  0  9239  1  0  0  0  5  2  10456  0  0  0  0  0  3  0  0  2107  21411  179  0  0  0  0  1  0  0  0  0  1  29201  264  0  
0  0  0  0  0  0  0  0  0  0  0  0  0  0  0  0  0  0  0  0  0  0  0  0  0  0  0  0  0  0  0  0  0  0  0  0  0  0  0  0  0  0  0  0  0  0  0  0  0  0  0  0  0  0  0  0  0  0  0  0  0  0  0  0  0  0  0  0  0  0  0  0  1  0  0  857  0  1  0  0  0  0  2  0  0  0  0  0  0  0  0  0  124  0  44  0  86  0  13  23  0  0  0  0  0  0  0  2675  1284  1  14198  0  0  0  13  0  10260  1  0  0  0  1630  1  4732  4  0  0  1  0  2  0  0  10364  1447  184  0  0  0  0  1  0  0  0  0  2  31690  50445  34  
0  0  0  0  0  0  0  0  0  0  0  0  0  0  0  0  0  0  0  0  0  0  0  0  0  0  0  0  0  0  0  0  0  0  0  0  0  0  0  0  0  0  0  0  0  0  0  0  0  0  0  0  0  0  0  0  0  0  0  0  0  0  0  0  0  0  0  0  0  0  0  0  0  0  3426  0  0  93  213  647  6  0  12  0  0  290  4767  10226  2  0  0  15  0  0  0  0  0  889  0  0  2  0  1  0  9  107  0  0  0  0  0  0  0  44  24  0  0  0  17  1  2835  0  6659  0  0  859  190  1  0  34  0  0  0  0  0  1347  539  2023  1  26  1  235  0  0  8  0  0  0  
0  0  0  0  0  0  0  0  0  0  0  0  0  0  0  0  0  0  0  0  0  0  0  0  0  0  0  0  0  0  0  0  0  0  0  0  0  0  0  0  0  0  0  0  0  0  0  0  0  0  0  0  0  0  0  0  0  0  0  0  0  0  0  0  0  0  0  0  0  0  0  0  0  0  0  0  0  215  0  0  0  0  0  0  0  8198  0  4230  0  0  0  11  0  0  0  0  0  0  0  0  0  0  0  0  0  0  0  0  0  0  0  0  131  0  0  0  0  0  0  0  47  0  2824  0  0  87  0  0  0  0  0  0  0  0  0  0  0  0  0  0  0  969  1  0  0  0  0  0  
0  0  0  0  0  0  0  0  4  15  0  0  0  0  1  0  0  7  0  0  0  0  1  0  0  0  0  0  0  4  0  5  0  0  0  0  0  0  0  0  11  0  0  9  0  0  0  18  2  0  0  0  0  0  0  0  1  0  0  0  0  0  0  0  2  24  0  0  0  0  2  0  10  0  8  0  1  4819  32  31  89  21  2476  395  0  12  0  11  29  7  2233  1286  353  0  4  1  1532  28  269  17442  107  4  84  1  6  48  6061  1172  17  12314  31  14  2  0  0  0  523  147  2696  212  99  9429  3648  13  12  46  82  103  1469  3208  161  15  28  94  453  1  178  5  54  5364  582  281  168  0  692  7  3000  3588  
0  0  0  0  0  0  0  0  0  0  3  0  0  0  0  0  0  0  0  1  0  8  0  0  0  0  0  0  0  0  0  0  0  0  0  0  0  0  0  0  0  1  0  1  0  0  0  0  0  0  0  0  0  0  0  0  0  0  0  0  0  0  0  0  0  0  0  0  0  0  0  0  0  0  0  5668  0  0  0  0  0  0  0  0  5698  0  0  0  0  0  0  0  11254  7585  370  16218  0  0  0  0  0  0  0  0  0  0  0  0  0  0  0  0  0  0  0  0  0  15323  0  0  0  0  1  0  13455  0  0  0  0  0  2309  129  4  0  2011  0  0  0  0  0  0  0  0  0  0  0  0  0  
0  0  0  0  0  0  0  0  0  0  0  0  0  0  0  0  0  3  0  0  0  0  0  0  0  0  0  0  0  0  0  0  0  0  0  0  0  0  0  0  0  0  0  1  0  0  0  1  1  0  0  0  0  0  0  0  0  0  0  0  0  0  0  0  0  0  0  0  0  0  0  0  0  0  0  0  0  1  0  0  0  0  4  1  0  0  0  0  0  0  70  132  0  0  3  0  16390  179  0  6  0  0  0  0  0  2  0  4985  9559  3  6197  11827  0  0  29  0  0  0  1  0  0  1127  1  9883  1  0  0  0  0  2  0  0  2  43  51  0  1  0  0  4  3  0  0  0  0  1569  1404  32  
0  0  0  0  0  0  0  0  0  0  70  0  0  0  0  0  0  2  0  2  0  198  0  0  0  1  0  0  0  2  0  0  0  0  0  0  0  0  0  0  1  0  0  23  0  0  0  1  0  0  0  0  0  0  0  0  0  0  0  0  1  0  0  0  0  0  0  0  0  0  0  0  2  0  2  3  1  112  8  3  8  0  1497  4757  24210  3  0  0  4  0  1  11  2975  3302  2  31070  1911  0  8  522  9  0  4  1628  0  0  0  0  0  23  1  0  1  0  314  9806  0  0  47  21  6  2  250  0  258  13  20  32  0  406  8800  11141  690  1  5552  0  1  0  12120  69  36  71  6  0  2001  2  465  0  
0  0  0  0  0  0  0  0  0  0  0  0  0  0  0  0  0  0  0  0  0  0  0  0  0  0  0  0  0  0  0  0  0  0  0  0  0  0  0  0  1  0  0  0  0  0  0  0  0  0  0  0  0  0  0  0  0  0  0  0  0  0  0  0  0  10  0  0  0  0  0  0  0  0  3  0  9250  3422  30  28  283  1495  456  7  0  39  0  25  150  3724  19  128  4  0  0  0  30  3  0  12221  38  35173  40039  0  0  5  0  0  0  64  0  0  3  0  749  0  0  1  0  4529  243  2  2489  0  3  159  271  525  7  928  2  0  2  0  1  1  22  2  24  601  20562  4666  11799  0  226  0  139  0  
0  0  52  0  0  0  0  100  27  1  0  0  0  0  0  22  0  0  0  0  0  0  0  0  0  0  0  0  0  0  0  0  0  0  0  0  0  0  0  0  0  0  0  0  0  149  0  0  0  0  0  0  0  0  0  0  0  0  0  0  0  0  0  0  0  2  0  0  0  0  2  0  0  0  0  0  9492  2  4  18  1169  7649  4771  6  0  0  0  0  4  1497  0  111  8  0  0  0  40  3  1  570  2429  194  135  14701  0  1  0  0  0  244  0  0  0  0  1138  0  1  1  7629  0  6  9  37  0  0  4  11  40  0  4549  6  0  0  0  0  0  8  0  53  1623  4213  5  157  0  6376  0  50  0  
0  0  0  0  0  0  0  0  0  0  0  0  0  0  0  0  0  0  0  0  0  0  0  0  0  0  0  0  0  0  0  0  0  0  0  0  0  0  0  0  0  0  0  0  0  0  0  0  0  0  0  0  0  0  0  0  0  0  0  0  0  0  0  0  0  1  0  0  0  0  0  0  0  0  761  0  0  1  751  413  71  0  82  0  0  182  3543  547  49  0  14  4779  1  0  0  0  15  12240  0  9  3  1  4  0  15  285  0  0  5  3  0  0  2482  17  262  0  0  1  394  11  0  6  2221  0  0  399  88  18  0  438  0  0  0  0  0  74  1636  7951  5  109  19  2  13  0  52  0  8  0  
0  0  0  0  0  0  0  0  1  20  0  0  0  0  0  0  0  13  1  0  0  0  0  0  0  1  0  0  0  3  0  6  0  0  0  0  0  0  0  0  7  0  0  7  0  0  0  31  7  0  0  1  0  0  3  0  1  0  0  0  0  0  0  0  4  23  0  0  0  0  0  0  16  0  1  0  0  57  0  1  0  0  45  52  0  51  0  0  0  0  9270  2708  10  0  2  0  1607  27  4  185  2  0  0  0  13  61  8788  2377  17424  84  10  3549  0  0  8921  0  5436  5  8  11  8  0  55  930  5  2  0  1  0  58  3  0  4  67  50  0  5  2  0  333  16  1  1  0  17  805  10512  10353  
0  0  0  0  0  1  0  0  0  0  0  0  0  0  0  0  0  0  0  0  0  0  0  0  0  0  0  0  0  0  0  0  0  0  0  0  0  0  0  0  0  0  0  0  0  0  0  0  0  0  0  0  0  0  0  0  0  0  0  0  0  0  0  0  0  3  0  0  0  0  0  0  0  0  638  0  0  19401  2013  1495  782  21  1710  94  0  14051  3  7074  395  8  2328  8708  17  0  0  0  67  40  0  2758  97  59  369  1  1  99  258  0  9  89  0  0  4589  1603  3273  0  0  8  3540  184  2474  29  0  0  0  2717  429  116  6  6121  14  3  1  0  1  49  69  19  132  1144  215  2420  216  2  857  0  44  0  
0  0  0  0  0  0  0  0  0  0  0  0  0  0  0  0  0  0  0  0  0  0  0  0  0  0  0  0  0  0  0  0  0  0  0  0  0  0  0  0  0  0  0  0  0  0  0  0  0  0  0  0  0  0  0  0  0  0  0  0  0  0  0  0  0  0  0  0  0  0  0  0  0  0  0  0  0  0  0  0  0  0  1  0  0  0  0  0  0  0  0  0  0  0  13298  0  8834  0  0  1  0  0  0  0  0  0  0  3  218  1  12727  4027  0  0  27  0  20420  0  0  0  0  161  1  0  0  0  0  0  0  1  0  0  6  11263  3528  0  0  0  0  2  0  0  0  0  0  2157  6288  12  
0  0  0  0  0  0  0  0  0  3  0  0  0  0  0  0  0  0  0  0  0  7  0  0  0  0  0  0  0  0  0  1  0  0  0  0  0  0  0  0  0  0  0  0  0  0  0  0  0  0  0  0  0  0  1  0  0  0  0  0  1  0  0  0  0  0  0  0  0  0  0  0  0  0  0  9630  0  4  0  0  0  0  0  1  0  0  0  0  0  0  0  1  3075  0  6771  1646  1  0  0  4  1  0  0  0  1  0  0  0  0  0  0  0  0  0  2  12801  0  11  0  0  0  0  6  0  0  0  0  0  0  3  1935  0  2175  350  13811  0  0  0  0  0  0  1  0  0  1  0  4  0  
0  0  0  0  0  3  0  0  0  0  0  0  0  0  0  0  0  0  0  0  0  0  0  0  0  0  0  0  0  0  0  0  0  0  0  0  0  0  0  0  0  0  0  0  0  0  0  0  0  0  0  1  0  0  0  0  0  0  0  0  0  0  0  0  0  15  0  0  0  0  0  0  0  0  788  0  0  297  2717  2460  1441  3  88  1  0  7753  0  23196  37144  84  0  58  1  0  0  0  5  31  0  16  16  0  305  0  0  127  0  0  0  1  0  0  508  80  31  0  0  1  57  4  153  0  1540  0  0  0  13736  17697  2  484  1  0  2  0  0  6134  8  13  10  1245  72  20143  23  0  61  0  20  0  
0  0  0  0  0  0  0  0  0  0  0  0  0  0  0  0  0  0  0  0  0  0  0  0  0  0  0  0  0  0  0  0  0  0  0  0  0  0  0  0  0  0  0  0  0  0  0  0  0  0  0  0  0  0  0  0  0  0  0  0  0  0  0  0  0  14  0  0  0  0  0  0  0  0  6148  0  0  4  17884  3110  150  28  144  1  0  49  0  574  72515  2561  0  12  2  0  0  0  3  4  0  20  16  0  4  0  1  148  0  0  0  3  0  0  448  0  30  0  0  1  50  6  32  0  87  0  1  20889  0  6844  0  692  2  1  0  0  0  11033  1  2  8  632  79  51  16  0  56  0  8  0  
0  0  0  0  0  0  0  0  0  0  0  0  0  0  0  0  0  0  0  0  0  0  0  0  0  0  0  0  0  0  0  0  0  0  0  0  0  0  0  0  0  0  0  0  0  0  0  0  0  0  0  0  0  0  0  0  0  0  0  0  0  0  0  0  0  9  0  0  0  0  0  0  0  0  4  0  0  10  43  3129  13811  2463  372  2  0  6  0  5  23868  37754  0  41  13  0  0  0  19  2  0  107  16  0  467  0  0  4  0  0  0  29  0  0  5  0  144  0  0  6  759  92  33  0  93  0  1  16699  2860  0  1  2320  3  3  2  0  0  10  4  1  68  534  154  2846  9972  0  277  0  57  0  
0  0  0  0  0  0  0  0  0  0  0  0  0  0  0  0  0  0  0  0  0  0  0  0  0  0  0  0  0  0  0  0  0  0  0  0  0  0  0  0  0  0  0  0  0  0  0  0  0  0  0  0  0  0  0  0  0  0  0  0  0  0  0  0  0  0  0  0  0  0  0  0  0  0  1  0  0  19  1  9  19  0  3  0  0  1  0  1  9  4  0  0  6  0  0  0  0  0  6697  8377  190  0  1  0  0  0  0  0  0  6919  0  0  0  0  2087  0  0  2  29  0  1  0  13  0  0  14  20  70  0  7107  0  0  0  0  0  1  0  0  1  6  639  14  10  0  2  0  1555  0  
0  0  0  0  0  0  0  0  0  0  0  0  0  0  0  0  0  0  0  0  0  0  0  0  0  0  0  0  0  1  0  0  0  0  0  0  0  0  0  0  0  0  0  0  0  0  0  0  0  0  0  0  0  0  0  0  0  0  0  0  0  0  0  0  0  7  0  0  0  0  0  0  1  0  4  0  41  197  237  214  474  41  907  8  1  15  0  15  172  38  0  46  4763  4381  14  0  17  3  21330  7963  31169  9  33  3631  1  5  0  0  0  889  4  2  3  0  2365  0  4  648  392  2372  45  25  651  0  156  279  545  1033  7302  0  505  9762  83  18  202  8  4  2  3852  636  10167  861  254  0  10651  0  4714  0  
0  0  0  0  0  0  0  0  0  0  0  0  0  0  0  0  0  0  0  0  0  0  0  0  0  0  0  0  0  0  0  0  0  0  0  0  0  0  0  0  0  0  0  0  0  0  0  0  0  0  0  0  0  0  0  0  0  0  0  0  0  0  0  0  0  0  0  0  0  0  0  0  0  0  1  80  0  85  7  14  29  2  25  1  94  12  0  2  30  4  0  11  53291  1343  11  521  0  0  11  153  5  2  9  0  0  2  0  0  0  1  0  0  1  0  36  2291  0  15249  132  4  18  1  316  0  2074  57  140  124  0  305  0  5179  1973  0  7237  4  2  1  262  30  9  462  4  0  27  0  3633  0  
0  0  0  0  0  0  0  0  0  0  0  0  0  0  0  0  0  0  0  0  0  0  0  0  0  0  0  0  0  0  0  0  0  0  0  0  0  0  0  0  0  0  0  0  0  0  0  0  0  0  0  0  0  0  0  0  0  0  0  0  0  0  0  0  0  0  0  0  0  0  0  0  0  0  1  0  0  12  8  9  13  0  6  0  5481  2  0  1  26  1  0  0  37938  14546  0  2  0  0  356  37  10  1  5  3  0  1  0  0  0  1  0  0  1  0  24  333  0  20191  28  2  8  0  30  0  31  37  81  66  0  9270  2738  0  14  0  38  0  0  0  10050  13  4  104  3  0  68  0  42  0  
0  0  0  0  0  0  0  0  0  1  0  0  0  0  0  0  0  0  0  0  0  0  0  0  0  0  0  0  0  0  0  0  0  0  0  0  0  0  0  0  0  0  0  0  0  0  0  0  0  0  0  0  0  0  0  0  0  0  0  0  0  0  0  0  0  1  0  0  0  0  0  0  0  0  0  4714  0  323  0  2  5  0  47  3  0  5  0  3  1  0  1  5  8865  0  2215  3  2  1  8  216  2  0  10  0  0  1  0  0  0  11  1726  11473  1  0  94  0  0  138  62  9  10  2  785  3  7555  11  3  5  0  110  1947  0  0  7359  3363  0  2  0  1  29  8  81  3  0  24  12477  7254  0  
0  0  0  0  0  0  0  0  0  1  0  0  0  0  0  0  0  0  0  0  0  0  0  0  0  0  0  0  0  0  0  0  0  0  0  0  0  0  0  0  0  0  0  0  0  0  0  0  0  0  0  0  0  0  0  0  0  0  0  0  0  0  0  0  0  1  0  0  0  0  0  0  0  0  0  6563  0  4  0  0  0  1  26  0  0  0  0  0  0  0  0  1  68  0  24758  2  255  0  3  43  1  0  0  0  0  0  0  0  0  15  16738  2266  0  0  113  0  62  1  0  0  0  4  8  13032  1179  1  1  0  0  18  1  0  7687  0  4861  0  0  0  1  10  9  3  1  0  7  12479  4806  0  
0  0  0  0  0  0  0  0  0  0  0  0  0  0  0  0  0  0  0  0  1  4  0  0  0  0  0  0  0  0  0  0  0  0  0  0  0  0  0  0  0  0  0  0  0  0  0  1  0  0  0  0  0  0  1  0  0  0  0  0  0  0  0  0  0  0  0  0  0  0  0  0  1  0  1  291  0  28  2  1  6  1  255  49  0  1  0  0  0  0  3  1  4207  3  27452  24091  17074  1  61  312  3  0  1  0  1  1  0  6  23  117  407  364  0  0  1086  1338  30  4676  8  21  1  14  75  2278  15410  3  3  5  0  126  5876  11  4326  4029  0  0  0  0  2  113  29  14  3  0  26  1  1690  0  
0  0  0  0  0  0  0  0  0  0  0  0  0  0  0  0  0  0  0  0  0  0  0  0  0  0  0  0  0  0  0  0  0  0  0  0  0  0  0  0  0  0  0  0  0  0  0  0  0  0  0  0  0  0  0  0  0  0  0  0  0  0  0  0  0  0  0  0  0  0  0  0  0  0  6274  0  0  1  319  329  3  0  6  0  0  2  8420  3277  4472  0  0  0  0  0  0  0  0  8217  0  2  0  0  0  0  0  33  0  0  0  0  0  0  5713  0  4  0  0  0  3  0  16  0  6  0  0  5915  6759  0  0  30  0  0  0  0  0  0  6  137  1  19  4  0  2  0  1  0  1  0  
0  0  0  0  0  0  0  0  0  2  0  0  0  0  0  0  0  1  0  0  0  0  1  0  0  1  0  0  0  0  35  1  0  0  0  0  0  0  0  1  1  0  0  0  0  0  0  0  1  0  0  0  0  0  0  0  0  0  0  0  0  0  1  0  0  3  0  0  0  1  0  0  0  0  531  0  0  1  45  2781  11  1  30  0  0  4  12  7  8  4  7  834  0  0  2  1  624  22730  0  10  0  0  1  0  12171  9614  0  0  1  3  0  0  64  0  413  0  2  0  262  4  791  10  43  0  1  20  9  8  0  193  0  0  0  0  1  66  0  4147  5  50  12  0  3  4115  25  0  32  0  
0  0  0  0  0  0  0  0  0  0  0  0  0  0  0  0  0  0  0  0  0  0  0  0  0  0  0  0  0  0  0  0  0  0  0  0  0  0  0  0  0  0  0  0  0  0  0  0  0  0  0  0  0  0  0  0  0  0  0  0  0  0  0  0  0  0  0  0  0  0  0  0  0  0  1580  0  0  0  94  3319  2  1  9  0  0  0  5721  8  4  21  16  100  0  0  0  0  48  40617  0  2  0  0  0  0  53  1317  0  5  4  0  0  0  13466  0  51  0  1  0  49  1  8826  0  11  0  0  19  4  1  0  46  0  0  0  0  1  381  7259  0  0  155  6  0  2  752  2  0  1  0  
0  0  0  0  0  0  0  0  0  0  4  0  0  0  0  0  0  0  0  0  0  0  0  0  0  0  0  0  0  200  0  0  0  0  0  0  0  0  0  0  0  0  0  0  0  0  0  0  0  0  0  0  0  0  0  0  0  0  0  0  0  0  0  0  0  0  0  0  0  0  0  0  0  0  0  0  0  22  6  14  29  5  527  40  15136  2  0  4  19  1  0  3  913  7803  1  28  1  0  63  117  3430  0  3  25745  0  1  0  0  0  11  1  0  1  0  79  0  0  13903  27  29  2  0  71  0  53  40  69  104  0  6432  762  14858  43  3  71  3  0  0  0  25  17  84  12  0  4218  0  346  0  
1  0  1  0  0  1586  79  114  1767  3223  0  0  0  0  0  9  4  263  2  0  0  0  1  2  0  12  1  0  4  454  0  101  0  0  0  0  0  0  0  1  59  0  2  198  8  0  4  302  133  0  0  0  3  0  89  5  4  0  0  0  0  0  1  7  130  10463  14  1  2  2  4  0  149  0  141  0  0  73  157  20520  10282  8339  14822  4988  0  119  0  130  589  111  4  133  13  0  0  2  63  10  1  2609  105  3  73  1  9  3847  0  0  0  700  5  5  9  0  10063  0  2  16  924  284  96  52  520  0  2  255  276  239  0  943  10  1  8  23  199  11  86  18  16  0  987  98  101  15  1281  0  192  0  
0  0  0  0  0  0  0  0  0  0  0  0  0  0  0  0  0  0  0  0  0  0  0  0  0  0  0  0  0  0  0  0  0  0  0  0  0  0  0  0  0  0  0  0  0  0  0  0  0  0  0  0  0  0  0  0  0  0  0  0  0  0  0  0  0  3  0  0  0  0  0  0  0  0  1  0  3836  109  129  118  269  10  278  3  0  6  0  5  61  56  0  16  1  0  0  0  7  0  0  23668  17730  20102  121  267  0  3  0  0  0  354  0  0  4  0  781  0  0  2  17337  5496  11  4  69  0  0  77  134  440  200  10511  2  0  0  0  2  0  3  0  9  483  0  88  1143  0  85  0  37  0  
0  0  0  0  0  0  0  0  0  0  0  0  0  0  0  0  0  0  0  0  0  0  0  0  0  0  0  0  0  0  0  0  0  0  0  0  0  0  0  0  0  0  0  0  0  0  0  0  0  0  0  0  0  0  0  0  0  0  0  0  0  0  0  0  0  4  0  0  0  0  0  0  0  0  12  0  0  8451  54  170  320  4  417  4  0  12194  0  121  8845  90  0  18  8  0  0  0  5  3  1  164  19  3  22069  0  1  21  0  0  1  31  0  0  184  300  108  0  0  1  7425  31  124  0  2673  0  1  20735  289  5652  5  1702  7  2  1  0  0  6  4  4  41  336  125  0  817  0  272  0  27  0  
0  0  0  0  0  0  0  0  0  0  0  0  0  0  0  0  0  0  0  0  0  0  0  0  0  0  0  0  0  0  0  0  0  0  0  0  0  0  0  0  0  0  0  0  0  0  0  0  0  0  0  0  0  0  0  0  0  0  0  0  0  0  0  0  0  8  0  0  0  0  0  0  0  0  1  0  0  6  6  18  1319  9920  297  1  0  0  0  2  6605  7007  1  11  2  0  0  0  5  1  0  66  20  1  29383  0  0  1  0  0  0  11  0  0  0  0  111  0  0  1  14203  669  14  0  53  0  0  11  27  8107  7  887  2  0  0  0  1  0  3  0  44  433  1309  335  0  0  191  0  45  0  
0  0  0  0  0  102  0  0  0  0  0  0  0  0  0  1  0  0  0  0  0  0  0  0  0  0  0  0  0  0  32  28  0  0  0  0  0  0  0  0  0  0  0  0  0  0  0  0  0  0  0  0  0  0  0  0  0  0  0  0  0  0  0  0  0  1  0  0  0  70  0  0  0  0  2817  0  0  0  4058  7982  0  0  0  0  0  0  0  0  0  12395  0  0  0  0  0  0  0  3274  0  0  0  0  0  0  8805  1718  0  0  0  0  0  0  4  0  0  0  0  0  0  0  1  0  0  0  0  0  0  0  0  1  0  0  0  0  0  1  4461  398  0  11  0  0  0  0  0  0  0  0  
0  0  2  0  0  0  0  0  2585  0  0  0  0  0  0  0  0  0  0  0  0  0  0  0  0  0  1  0  0  682  0  0  0  0  0  0  0  0  0  0  0  0  0  0  0  150  0  0  0  0  0  0  0  0  0  0  0  0  0  0  0  0  0  0  0  73  0  0  0  0  2829  0  0  0  1  0  2  31  6  8  852  77  9461  256  3  0  0  1  19  2  0  21  144  13  1  0  17  0  2  776  2588  0  36  14648  0  1  0  0  0  247  2  3  0  0  820  0  0  521  59  6782  11  0  106  0  8  21  42  86  0  17919  124  30  4  1  24  2  3  1  3976  1086  502  39  46  0  0  0  158  0  
0  0  0  0  0  0  0  0  0  0  0  0  0  0  0  0  0  0  0  0  0  0  0  0  0  0  0  0  0  0  0  0  0  0  0  0  0  0  0  0  0  0  0  0  0  0  0  0  0  0  0  0  0  0  0  0  0  0  0  0  0  0  0  0  0  0  0  0  0  0  0  0  0  0  0  104  0  2  0  0  0  0  1  0  0  0  0  0  0  0  0  0  111  0  62  0  30  0  0  1  0  0  0  0  0  0  0  22  204  0  25036  35783  0  0  2  0  2520  7  0  1  0  258  4  3904  6  0  0  0  0  0  2  0  12851  12065  24  0  0  0  0  2  0  0  0  0  0  0  7039  13  
0  0  0  0  0  0  0  0  0  0  0  0  0  0  0  0  0  0  0  0  0  0  0  0  0  0  0  0  0  0  0  0  0  0  0  0  0  0  0  0  1  0  0  0  0  0  0  1  0  0  0  0  0  0  0  0  0  0  0  0  0  0  0  0  0  4  0  0  0  0  0  0  1  0  0  8  0  466  12  14  66  11  132  2  0  19  0  10  32  3  28  27  12618  0  2351  9  1623  0  37771  4264  5  16  27  0  0  6  0  29712  2808  9641  421  53504  5  0  2217  0  3287  444  454  11  48  10638  1280  5128  1478  90  182  137  1099  11721  2429  31  7133  6736  5055  6  1  0  126  89  16  926  15  0  72  6703  0  3560  
0  0  0  0  0  0  0  0  0  0  0  0  0  0  0  0  0  0  0  0  0  0  0  0  0  0  0  0  0  0  0  0  0  0  0  0  0  0  0  0  0  0  0  0  0  0  0  0  0  0  0  0  0  0  0  0  0  0  0  0  0  0  0  0  0  0  0  0  0  0  0  0  0  0  0  0  0  1  0  0  0  0  0  0  0  0  0  0  0  0  1  1  0  0  0  0  9  0  1  49  0  0  0  0  0  0  6533  7703  1910  6917  0  49  0  0  3086  0  37  0  0  0  0  12683  0  19  0  0  0  0  0  0  0  0  0  2  2  0  0  0  0  0  0  1  0  0  0  13  4631  0  
