0  0  0  1  10509  2473  0  0  0  0  0  26  0  472  3402  373  1  42  0  0  0  0  0  7604  0  0  0  0  0  0  2789  244  0  0  0  0  0  0  216  205  2  0  0  0  1  0  130  0  1799  0  0  7108  6011  1  0  0  0  0  0  0  0  1637  9  1542  1  56  1  10  1  4133  0  0  0  0  0  0  0  0  0  0  0  0  0  0  0  0  0  0  0  0  0  0  0  0  0  0  0  0  0  0  0  0  0  0  0  0  0  0  0  0  0  0  0  0  0  0  0  0  0  0  0  0  0  0  0  0  0  0  0  0  0  0  0  0  0  0  0  0  0  5  0  0  0  0  0  0  0  0  
0  0  0  1  0  0  0  0  0  0  0  0  0  0  0  0  0  0  6152  0  13369  2305  0  0  0  0  0  0  0  0  0  0  0  0  0  0  1653  794  0  0  0  12384  0  34  7  0  0  1  0  0  16676  0  0  0  2  0  12675  1  12214  5744  1633  0  0  0  0  0  0  3  0  0  0  0  24  0  0  0  0  0  0  0  0  0  0  0  0  0  0  0  0  0  0  0  0  0  0  5  0  0  0  0  0  0  0  0  0  0  0  0  0  0  0  0  0  0  0  0  0  0  0  0  0  0  0  0  0  0  0  0  0  0  0  0  0  0  0  0  0  0  0  0  0  0  0  0  0  0  0  0  
0  0  0  2  0  6  0  2589  25  0  0  0  0  0  0  12404  1  1  0  0  0  0  0  0  0  2  3335  6726  4086  2220  0  0  0  0  0  0  0  0  0  0  0  0  0  0  9131  12352  0  0  25  0  0  0  0  3  0  0  0  0  0  0  0  0  0  0  0  0  2297  0  2730  0  0  0  0  0  0  0  79  0  0  0  0  7  21  0  0  0  0  0  0  62  0  0  0  0  0  0  0  0  0  0  0  0  0  66  0  0  0  0  0  0  0  0  0  0  0  0  0  0  0  291  0  0  0  0  0  0  0  0  0  0  0  0  0  0  0  0  0  0  0  0  0  0  0  0  10  0  0  0  
10  0  1  0  19  49  42  54  16  2  0  7878  3  11  14  6  68  192  55  0  0  0  0  4  1  17623  0  9327  3227  1  0  7  2445  23  6  0  0  1  6  93  7281  1  1  61  10593  0  19  26  15836  0  12  201  18  57  88  4  163  1  1  5  15  0  0  0  5  55  2014  2271  164  2  4  0  88  22  0  0  0  0  0  0  0  0  0  0  0  0  0  0  0  0  0  0  0  0  0  0  0  0  0  0  0  0  0  0  0  0  0  0  0  0  0  0  0  0  0  0  0  0  0  0  0  0  0  0  0  0  0  0  0  1  0  0  0  0  0  0  0  0  0  0  0  0  0  0  0  0  0  0  
9439  0  0  0  0  1944  0  0  0  0  0  7  0  35  1615  9009  0  10  0  0  0  0  0  199  0  0  0  0  0  0  915  42  0  0  0  0  0  0  7  201  0  0  0  1  0  0  6  0  446  0  0  609  3812  3  0  0  0  0  0  0  0  0  0  120  0  9  0  11  1  650  0  0  0  0  0  0  0  0  0  2  0  0  0  0  0  0  0  0  0  1  0  0  0  0  0  0  0  0  0  0  0  0  0  0  0  0  0  0  0  0  0  0  0  0  0  0  0  0  0  0  0  0  0  0  0  0  0  0  0  0  0  0  0  0  0  0  0  0  0  1  0  0  0  0  0  0  0  0  
3936  0  0  20  3120  0  7871  142  276  1  0  16  0  130  924  20475  3  447  7  0  0  0  1  2414  0  43  2  0  1  0  914  5326  1  0  0  0  0  0  25  236  34  0  0  10  53  0  169  26  1984  0  0  1258  520  1841  18  1  2  0  0  0  0  1  550  1253  36  12332  173  129  248  12668  2  0  48  0  8  0  0  0  1  782  19  3  2  0  0  0  0  0  0  142  0  0  0  0  0  0  0  0  0  0  0  0  0  0  103  62  0  0  0  0  0  0  0  0  1  0  0  0  0  0  0  0  1  0  0  1  1  0  0  1  0  0  0  0  2  1  0  0  0  2135  0  0  0  98  0  0  0  0  
0  0  1  107  6  11235  0  11984  2549  0  0  2  0  0  5  23423  0  35  17  0  0  0  0  0  0  38  2  0  2  9  0  7  0  0  0  0  0  0  0  19  21  0  0  43  370  0  7  5  457  0  1  440  9  2124  113  7  13  0  0  2  1  0  0  0  890  9243  193  520  1058  1  15  0  8  0  0  0  0  0  0  60  141  129  8  0  0  0  0  0  0  21  0  0  0  0  0  0  0  0  0  0  0  0  0  0  0  0  0  0  0  0  0  0  0  0  0  0  0  0  0  0  0  0  0  0  0  0  0  0  0  0  0  0  0  0  0  0  0  0  0  93  0  0  0  0  0  0  0  0  
1  0  1257  189  7  384  10780  0  10585  0  0  7  0  0  6  13993  1  14  11  0  0  0  0  0  0  42  1  2  1642  4  0  0  0  0  0  0  0  0  0  87  16  0  0  16  2417  6128  2  5  72  0  1  154  9  6349  67  12  24  0  0  1  0  0  0  0  174  6586  422  69  5656  0  95  0  6  0  0  0  6  0  0  0  8  1305  89  0  0  0  0  0  0  869  0  0  0  0  0  0  0  0  0  0  0  0  0  0  0  0  0  0  0  0  0  0  0  0  0  0  0  0  0  27  0  0  0  0  0  0  0  0  0  0  0  0  0  0  0  0  0  0  0  113  0  0  0  0  5  0  0  0  
0  0  5  2  1  90  298  4504  0  495  0  0  0  0  0  10  2  39  59  3  0  2  0  0  0  77  1  4  5  1286  0  8  0  0  0  0  0  0  0  0  129  0  0  89  99  4616  0  37  94  0  2  1  0  149  248  266  31  4  0  0  0  0  0  0  1152  9228  554  5  17  0  8646  0  9  0  0  0  0  0  0  0  0  95  1587  10  0  0  0  0  0  18  0  0  0  0  0  0  1  0  0  0  0  0  0  145  0  0  0  0  0  0  0  0  0  0  5  0  0  0  0  47  0  0  0  0  0  0  0  0  0  1  0  0  0  0  0  0  0  0  0  2262  0  0  0  0  2954  0  0  0  
1  0  0  9  25  25  7  8  606  0  3  1  0  1  15  6  11  1492  9  0  0  169  1294  1  3  91  0  0  0  3341  0  144  0  0  0  0  0  2  0  80  1372  0  4  9944  35  1  20  486  1043  0  22  44  25  10  317  22  20  3  7  0  2  0  1  0  395  16086  44  113  7  3  5  0  643  34  1  0  0  8  2  2  11  0  95  13  1  2  0  0  3  0  0  1  5  0  1  6  1  0  0  15  0  0  1  1  0  2  0  0  0  7  0  0  0  0  193  0  0  2  30  3  1  2  41  0  2  4  5  2  0  43  1  0  0  0  1  0  2  1  2  5081  12  8  1  0  8  0  13  0  
0  0  0  0  0  0  0  0  0  2  0  0  0  0  0  0  0  0  23  31003  0  2111  0  0  5  0  15  0  0  1816  0  0  0  0  0  0  0  0  0  0  0  2425  0  30912  1  0  0  0  0  0  0  0  0  0  0  1  124  12306  0  0  0  0  0  0  14681  0  0  1  0  0  0  0  6  0  0  0  0  0  0  0  0  0  0  0  4428  0  0  0  0  0  0  0  0  26  0  175  0  0  0  0  0  0  0  33  0  0  0  0  0  0  0  0  0  0  0  16  0  58  0  0  0  0  0  0  0  0  0  0  0  0  0  0  0  0  0  0  0  0  6  0  0  0  0  0  0  0  0  0  
36  0  0  16484  225  95  0  0  0  1  0  0  112  2649  129  4  19  679  0  0  0  0  0  4  0  1  0  0  2717  0  0  5  94  16  7  0  0  0  12  9477  0  0  0  0  1215  0  268  5  7743  0  0  11274  279  15  0  0  0  0  0  0  0  0  0  6  0  3  2  10230  3  0  0  0  0  0  0  0  0  0  0  0  0  0  0  0  0  0  0  0  0  0  0  0  0  0  0  0  0  0  0  0  0  0  0  0  0  0  0  0  0  0  0  0  0  0  0  0  0  0  0  0  0  0  0  0  0  0  0  0  0  0  0  0  0  0  0  0  0  0  0  0  0  0  0  0  0  0  0  0  
0  0  0  4  0  4  0  0  0  0  0  56  0  1206  0  0  1  81  0  0  0  0  0  5053  0  0  0  0  0  0  0  1  0  1  0  0  0  0  4551  5  0  0  0  0  0  0  5426  0  32  0  0  0  0  0  0  0  0  0  0  0  0  1025  0  583  0  0  0  0  0  1  0  0  0  0  0  0  0  0  0  0  0  0  0  0  0  0  0  0  0  0  0  0  0  0  0  0  0  0  0  0  0  0  0  0  0  0  0  0  0  0  0  0  0  0  0  0  0  0  0  0  0  0  0  0  0  0  0  0  0  0  0  0  0  0  0  0  0  0  0  0  0  0  0  0  0  0  0  0  
437  0  0  1  223  370  0  0  0  0  0  3137  1717  0  320  7  0  7  0  0  0  0  0  80  0  0  0  0  4  0  0  4  0  0  0  0  0  0  6231  8085  1  0  0  0  0  0  305  0  3583  0  0  9900  310  1  0  0  0  0  0  0  0  1832  2  468  1  4  0  5  0  4  0  0  0  0  0  0  0  0  0  0  0  0  0  0  0  0  0  0  0  0  0  0  0  0  0  0  0  0  0  0  0  0  0  0  0  0  0  0  0  0  0  0  0  0  0  0  0  0  0  0  0  0  0  0  0  0  0  0  0  0  0  0  0  0  0  0  0  0  0  0  0  0  0  0  0  0  0  0  
4654  0  0  1  1645  677  0  0  0  0  0  378  0  61  0  10068  0  12  1  0  0  0  0  2  0  16  0  0  3053  0  0  16  0  0  0  0  0  0  2  56  2  0  0  1  62  0  3  0  238  0  0  40973  22127  28669  3  2  0  0  0  0  0  4631  0  2  1  22  14  8022  1942  2  1  0  1  0  0  0  0  0  0  0  0  0  0  0  0  0  0  0  0  0  0  0  0  0  0  0  0  0  0  0  0  0  0  0  0  0  0  0  0  0  0  0  0  0  0  0  0  0  0  0  0  0  0  0  0  0  0  0  0  0  0  0  0  0  0  0  0  0  0  1  0  0  0  0  0  0  0  0  
777  0  14538  3  12508  19073  19061  14793  33  0  0  1  0  1  9978  0  0  31  1  0  0  0  0  56  0  4  0  0  1615  0  1287  150  0  0  0  0  0  0  2  11  4  0  0  0  830  691  2  4  148  0  1  178  4080  31266  5  0  0  1  0  0  0  0  1  50  4  520  44  29  5848  4337  0  0  16  0  0  0  38  0  0  200  119  520  10  0  0  0  0  0  0  1019  0  0  0  0  0  0  0  0  0  1  0  0  1  0  1  13  0  0  0  1  0  0  0  0  0  0  0  0  0  19  0  1  0  0  0  0  0  0  0  0  0  0  0  0  0  0  0  0  0  27  0  0  0  1  1  0  0  0  
0  0  2  201  0  5  1  1  4  11  0  16  1  0  0  3  0  13024  153  0  0  0  1066  138  0  49  0  0  10  0  0  1180  128  1  2467  0  0  0  0  1  1494  0  930  22  185  0  866  13837  8046  5  1  0  0  1  31  1  6  61  0  0  2  0  7  0  13  14  82  2  113  1  1  0  503  0  0  0  0  0  0  0  0  0  1  0  0  0  0  0  0  0  0  0  0  0  0  0  0  0  0  1  0  0  0  0  0  2  0  0  0  1  0  0  0  0  5  0  0  0  0  0  0  1  0  0  0  0  0  0  0  0  0  1  0  0  0  0  0  0  0  5  0  0  0  0  0  0  2  0  
31  0  0  291  12  119  1  0  4  16  0  797  106  11  0  1  7322  0  9  0  0  0  802  1599  0  42  0  0  1  0  39  5908  62  0  467  0  0  1  20  3  277  0  490  50  9  0  12222  3361  13400  3  1  26  3  2  43  5  5  0  0  0  1  0  107  40  12  35  6  2  4  92  1  0  801  2  0  0  0  0  0  0  0  0  2  0  0  0  0  0  0  0  0  0  0  0  0  0  1  0  0  2  0  0  0  0  0  2  0  0  0  1  0  0  0  0  6  0  0  0  0  0  0  0  0  0  1  1  0  0  0  0  0  0  0  0  0  0  0  0  0  15  0  1  0  0  1  0  1  0  
0  5484  0  6  0  0  0  0  3  0  2  0  0  0  0  0  0  1  0  1943  3  381  0  0  9646  3  0  0  0  0  0  1  0  0  0  0  0  319  0  0  15  6293  0  487  77  0  0  17  21  0  1055  0  0  6  17  60  50251  24670  11335  32  1037  0  0  0  659  1  1  536  0  0  0  0  17410  0  0  0  0  0  0  0  0  0  0  0  0  0  0  0  0  0  0  0  0  0  0  0  0  0  0  0  0  0  0  0  0  0  0  0  0  0  0  0  0  0  0  0  0  0  0  0  0  0  0  0  0  0  0  0  0  0  0  0  0  0  0  0  0  0  0  0  0  0  0  0  0  0  0  0  
0  2  0  0  0  0  0  0  48  0  33250  0  0  0  0  0  0  1  1291  0  0  8  0  0  171  0  3745  0  0  326  0  0  0  0  0  0  0  0  0  0  2  4175  0  8402  2  0  0  0  2  0  0  0  0  0  3  2590  203  18792  1  0  0  0  0  0  11580  0  0  3  0  0  141  0  15  0  0  0  0  0  0  0  0  0  0  0  684  0  0  0  0  0  0  0  0  4  0  0  0  0  0  0  0  0  0  19  0  0  0  0  0  0  0  0  0  0  0  0  0  1  0  0  0  0  0  0  0  0  0  0  0  0  0  0  0  0  0  0  0  0  0  0  0  0  0  0  0  0  0  0  
0  9739  0  0  0  0  0  0  0  0  0  0  0  0  0  0  0  0  4  0  0  1388  3801  0  0  0  0  0  0  0  0  0  0  0  0  0  5262  73  0  0  1  0  5  6  0  0  0  0  0  12298  3933  0  0  0  1  0  0  0  618  12758  20556  0  0  0  0  0  0  0  0  0  0  1  17  0  0  0  0  0  0  0  0  0  0  0  0  0  0  0  0  0  0  0  0  0  0  0  0  0  0  0  0  0  0  0  0  0  0  0  0  0  0  0  0  0  0  0  0  0  0  0  0  0  0  0  7  0  0  0  0  0  0  0  0  0  2  0  0  0  0  0  0  0  0  0  0  0  0  0  
0  4926  0  2  0  1  0  0  1  1695  1456  0  0  0  0  0  0  3  107  9  1375  0  4472  0  2  8  0  0  0  116  0  1  0  0  0  0  0  6  0  3  144  13835  1  39227  14  0  2  1  11  0  3994  2  3  0  72  0  3659  1566  38  0  45711  0  0  1  151  8  0  20  0  0  0  0  28  0  0  1  0  0  0  0  0  0  0  5  972  0  0  0  0  0  0  0  0  0  6  921  1  0  0  1  0  0  0  4  1  0  0  0  0  0  0  0  0  0  2  1  0  282  0  0  0  2  0  0  2  0  0  0  0  0  0  0  0  0  2  0  0  0  0  2  0  0  0  0  0  0  0  0  
1  0  0  6  0  5  5  13  16  1344  0  0  0  0  2  0  1188  1425  8  0  3466  4693  0  43  52  255  0  0  0  5  0  2748  0  0  4255  0  98  749  0  2  1273  0  14319  5031  13  0  9  1121  63  9600  11  3  1  4  422  3  9  1  355  761  12255  0  1  1  162  11  0  57  2  4  1  20  3181  0  0  0  0  0  0  0  0  0  1  1  0  0  0  0  0  0  0  0  0  0  0  0  0  0  0  0  0  0  0  0  0  0  0  0  0  0  0  0  0  0  1  1  0  0  0  0  0  0  0  0  5  0  0  0  0  0  0  0  0  0  1  0  0  0  0  1  0  0  0  0  0  0  0  0  
7436  0  0  1  191  1162  0  0  0  1  0  12  5507  548  3  40  26  1192  0  0  0  0  4  0  0  1  0  0  0  0  6782  1878  3  19  196  0  0  0  1609  42  4  0  283  0  0  0  9402  161  289  0  0  296  57  1  1  0  0  0  0  0  0  7514  13910  29189  0  15  0  3  1  5589  0  0  4  0  0  0  0  0  0  0  0  0  0  0  0  0  0  0  0  0  0  0  0  0  0  0  0  0  0  0  0  0  0  0  10  0  0  0  0  0  0  0  0  0  0  0  0  0  0  0  0  0  0  0  0  0  0  0  0  0  0  0  0  0  0  0  0  0  0  1  0  0  0  0  0  0  0  0  
0  0  0  1  0  0  1  0  55  0  1  0  0  0  2  0  0  14  6476  335  1  0  9  0  0  5661  291  0  4  0  0  0  0  0  0  0  0  0  0  0  25  0  0  46  73  0  1  1  19  0  16  2  0  10  10994  21578  1437  1288  68  0  21  0  0  0  246  19  6  521  0  0  9  0  32080  0  0  0  0  0  0  0  0  0  0  0  0  0  0  0  0  0  0  0  0  0  0  0  0  0  0  0  0  0  0  0  0  0  0  0  0  0  0  0  0  0  0  0  0  0  0  0  0  0  0  0  0  0  0  0  0  0  0  0  0  0  0  0  0  0  0  0  0  0  0  0  0  0  0  0  
0  0  0  13028  0  18  10  15  99  16  0  1  0  0  3  0  8  84  21  0  0  2  14  1  4661  0  11  1702  7  49  0  18  93  4126  0  8156  0  629  0  4  18390  0  0  318  1936  1  3  80  500  0  9  32  0  40  11091  5997  24  5  0  2  16  0  4  0  208  444  22970  463  189  1  39  0  2470  93  0  0  0  0  0  0  0  0  0  0  0  0  0  0  0  0  0  0  0  0  0  0  0  0  0  1  0  0  0  0  0  0  0  0  0  0  0  0  0  0  1  0  0  0  0  0  0  0  0  0  0  0  0  0  0  0  0  0  0  0  0  0  0  0  0  1  0  0  0  0  0  0  0  0  
0  0  3510  0  0  0  0  0  23  0  8  0  0  0  0  0  0  0  3  5730  0  0  0  0  151  11  0  1  2  37749  0  0  0  0  0  0  0  0  0  0  0  0  0  3  20  271  0  0  0  0  0  0  0  0  38  39829  0  3  0  0  0  0  0  0  9604  3  11490  0  0  0  5078  0  0  0  0  0  0  0  0  0  0  0  0  0  4  0  0  0  0  0  0  0  0  1  0  0  0  0  0  0  3  0  0  69  0  0  0  0  0  0  0  0  0  0  0  0  0  0  0  0  0  0  0  0  0  0  0  0  0  0  0  0  0  0  0  0  0  0  0  0  0  0  0  0  2  0  0  0  
0  0  5253  7968  0  0  0  0  27  0  0  0  0  0  0  0  0  0  0  0  0  0  0  0  0  2564  4  0  3691  0  0  0  0  0  0  0  0  0  0  0  1  0  0  0  24512  4468  0  1  3  0  0  0  0  0  0  19  0  0  0  0  0  0  0  0  1  0  19844  0  1  0  1  0  1  0  0  0  0  0  0  0  0  0  0  0  0  0  0  0  0  0  0  0  0  0  0  0  0  0  0  0  0  0  0  0  0  0  0  0  0  0  0  0  0  0  0  0  0  0  0  0  0  0  0  0  0  0  0  0  0  0  0  0  0  0  0  0  0  0  0  0  0  0  0  0  0  0  0  0  
1  0  4844  3388  0  8  1  3593  124  1  0  1826  2  0  2954  1406  22  87  17  0  0  0  0  0  0  34  0  1626  0  0  0  11  0  0  0  0  0  0  0  0  34  0  0  0  32156  673  12  247  176  0  0  423  2  176  8  2  1  4  0  0  0  0  0  0  10  262  818  17504  20759  0  26  0  8  0  0  0  0  0  0  0  0  0  0  1  0  0  0  0  0  0  0  0  0  0  0  0  0  0  0  0  0  0  0  0  0  1  0  0  0  0  0  0  0  0  1  0  0  0  0  0  0  0  0  0  0  0  0  0  0  1  0  0  0  0  0  0  0  0  0  4  0  0  0  0  0  0  0  0  
0  0  2627  0  0  2  0  0  1289  2883  1084  0  0  0  0  0  2  108  12  281  0  126  1  0  0  18  29144  1  2  0  0  10  0  0  0  0  0  0  0  0  37  0  0  1072  28  11258  0  23  69  0  1  2  0  0  23  1736  17  2  0  0  1  0  1  0  18035  1629  1310  1  4  0  15076  0  53  0  0  0  0  0  0  0  0  0  363  28  1119  0  0  0  0  0  0  0  0  19  0  151  0  0  0  1  10  0  0  3405  0  0  0  0  0  0  0  0  0  0  17  0  0  0  0  1  0  0  0  0  0  0  0  0  0  0  0  0  0  0  0  0  0  0  23  133  1  0  0  0  1023  0  1  0  
2855  0  0  0  1880  1589  0  0  0  0  0  0  0  0  0  1631  0  5  0  0  0  0  0  5676  0  0  0  0  0  0  0  1178  0  0  0  0  0  0  1  0  0  0  0  0  0  0  9  0  0  0  0  0  0  0  0  0  0  0  0  0  0  0  10428  18  0  0  0  0  0  10876  0  0  1  0  0  0  0  0  0  7  0  0  0  0  0  0  0  0  0  6  0  0  0  0  0  0  0  34  0  0  0  0  0  0  796  5  0  0  0  0  0  0  0  0  0  0  0  0  0  0  0  0  0  0  0  0  0  0  0  0  0  0  0  0  0  0  14  0  0  0  0  0  0  16  0  0  0  0  
24  0  0  0  2  5024  0  0  3  16  0  0  2  1  0  65  1654  14358  5  0  1  0  2796  1226  0  26  0  0  0  0  1549  0  1  0  989  0  0  1  11  0  98  0  539  69  13  0  1023  1148  1583  1  0  3  0  3  14  0  3  0  0  0  0  0  8376  251  10  3116  3  0  1  6195  1  1  786  1  0  0  0  0  0  83  0  0  3  1  0  0  0  0  1  32  0  1  0  0  0  0  0  0  0  3  1  0  0  0  13  2209  0  0  0  1  0  0  1  0  9  0  0  0  0  0  0  0  1  0  0  0  0  0  0  3  0  0  0  0  0  0  0  0  0  42  3  1  0  21  0  0  1  0  
0  0  0  3187  0  0  0  0  0  0  0  8  0  0  0  0  89  103  0  0  0  0  0  0  0  25  0  0  0  0  0  0  0  5925  1382  505  0  0  0  0  1952  0  0  1  0  0  11  10172  122  0  0  0  0  0  1  0  0  0  0  0  0  0  0  0  1  0  0  0  0  0  0  0  827  10954  0  0  0  0  0  0  0  0  0  0  0  0  0  0  0  0  0  0  0  0  0  0  0  0  0  1  0  0  0  0  0  0  0  0  0  0  0  0  0  0  0  0  0  0  0  0  0  0  0  0  0  0  0  0  0  0  0  0  0  0  0  0  0  0  0  0  0  0  0  0  0  0  0  0  
0  0  0  99  0  0  0  0  0  0  0  16  1  0  0  0  0  10  0  0  0  0  0  28  0  3157  0  0  1  0  0  0  8570  0  17950  10690  0  12703  0  0  480  0  4324  0  0  0  22  2582  2  1  0  0  0  0  3  0  0  0  0  0  0  0  0  1  0  0  0  0  0  0  0  66  21132  3332  0  0  0  0  0  0  0  0  0  0  0  0  0  0  0  0  0  0  0  0  0  0  0  0  0  0  0  0  0  0  0  0  0  0  0  0  0  0  0  0  0  0  0  0  0  0  0  0  0  0  0  0  0  0  0  0  0  0  0  0  0  0  0  0  0  0  0  0  0  0  0  0  0  0  
0  0  0  16  0  0  0  0  0  3  0  5  1  0  0  0  1737  509  1  0  0  0  3889  123  0  11  0  0  0  0  0  966  1559  18867  0  1  22  1621  0  0  29  0  12582  7  1  0  52  11444  7  77  0  0  0  0  1  0  0  0  46  8  51  0  0  4  1  1  0  1  0  0  0  2839  4856  3  0  0  0  0  0  0  0  0  0  0  0  0  0  0  0  0  0  0  0  0  0  0  0  0  0  0  1  0  0  0  0  0  0  0  0  0  0  0  0  0  2  0  0  0  0  0  0  0  0  0  0  0  0  0  0  0  0  0  0  0  0  0  0  0  0  0  0  0  0  0  0  0  0  0  
0  0  0  0  0  0  0  0  0  0  0  0  0  0  0  0  0  0  0  0  0  0  0  0  0  8770  0  0  0  0  0  0  617  12423  0  0  0  192  0  0  4834  0  0  0  0  0  0  844  3  0  0  0  0  0  111  0  0  0  0  0  0  0  0  0  0  0  0  0  0  0  0  0  1681  6310  0  0  0  0  0  0  0  0  0  0  0  0  0  0  0  0  0  0  0  0  0  0  0  0  0  0  0  0  0  0  0  0  0  0  0  0  0  0  0  0  0  0  0  0  0  0  0  0  0  0  0  0  0  0  0  0  0  0  0  0  0  0  0  0  0  0  0  0  0  0  0  0  0  0  
0  1622  0  0  0  0  0  0  0  0  0  0  0  0  0  0  1  0  0  0  3283  0  139  0  0  0  0  0  0  0  0  0  0  1  51  0  0  17827  0  0  0  0  6638  0  0  0  0  15  0  20042  0  0  0  0  0  0  0  0  4637  21276  155  0  0  0  0  0  0  0  0  0  0  32181  662  0  0  0  0  0  0  0  0  0  0  0  0  0  0  0  0  0  0  0  0  0  0  0  0  0  0  0  0  0  0  0  0  0  0  0  0  0  0  0  0  0  0  0  0  0  0  0  0  0  0  0  0  0  0  0  0  0  0  0  0  0  0  0  0  0  0  0  0  0  0  0  0  0  0  0  
0  878  0  0  0  0  0  0  0  1  0  0  0  0  0  0  0  1  612  0  14  14  91  0  0  42  0  0  0  0  0  1  0  12708  2144  7  16524  0  0  0  2  1  7669  312  1  0  0  220  0  1240  8  0  0  0  11  0  1  0  14596  2980  1673  0  0  0  0  0  0  2  0  0  0  34232  53989  0  0  0  0  0  0  0  0  0  0  0  0  0  0  0  0  0  0  0  0  0  0  0  0  0  0  0  0  0  0  0  0  0  0  0  0  0  0  0  0  0  0  0  0  0  0  0  0  0  0  0  0  0  0  0  0  0  0  0  0  0  0  0  0  0  0  0  0  0  0  0  0  0  0  0  
610  0  0  0  28  252  0  0  0  0  0  4  4432  6931  5  5  1  16  0  0  0  0  0  702  0  0  0  0  0  0  1  81  0  0  0  0  0  0  0  336  1  0  0  0  1  0  3270  1  3017  0  0  959  14  0  0  0  0  0  0  0  0  451  11  4478  0  10  1  3  0  18  0  0  2  0  0  0  0  0  0  0  0  0  0  0  0  0  0  0  0  0  0  0  0  0  0  0  0  0  0  0  0  0  0  0  0  0  0  0  0  0  0  0  0  0  0  0  0  0  0  0  0  0  0  0  0  0  0  0  0  0  0  0  0  0  0  0  0  0  0  0  0  0  0  0  0  0  0  0  
48  0  0  24  152  80  1  0  0  2  0  8988  46  9319  66  4  2  5  0  0  0  0  0  2  0  0  0  0  0  0  0  6  0  0  0  0  0  0  184  0  6  0  0  1  3  0  55  0  7836  0  0  979  184  9  0  0  0  0  0  0  0  6  0  35  0  5  2  1242  3  1  0  0  0  0  0  0  0  0  0  0  0  0  0  0  0  0  0  0  0  0  0  0  0  0  0  0  0  0  0  0  0  0  0  0  0  0  0  0  0  0  0  0  0  0  0  0  0  0  0  0  0  0  0  0  0  0  0  0  0  0  0  0  0  0  0  0  0  0  0  0  0  0  0  0  0  0  0  0  
11  0  0  4947  85  83  25  31  114  717  0  11  0  6  43  13  1703  2623  545  0  0  3  131  0  2  16061  3  0  3  2  2  184  1735  464  0  4729  0  0  1  131  0  0  2  2129  293  1  27  9733  7823  0  8  66  73  65  5351  122  66  106  1  3  26  0  6  1  209  278  1726  262  24  3  10  0  3637  3451  0  0  0  1  0  0  0  0  6  0  0  1  0  0  1  0  0  1  2  0  0  0  2  0  0  12  0  0  0  0  3  7  0  0  0  4  0  0  0  0  30  0  1  0  1  2  0  3  0  0  0  0  0  0  0  1  0  0  0  0  0  0  0  0  0  18  0  0  0  0  1  0  3  0  
0  18534  0  0  0  0  1  0  0  0  2970  0  0  0  0  0  0  0  5225  5024  0  16552  0  0  0  0  0  0  0  0  0  0  0  0  0  0  0  0  0  0  0  0  0  6628  21  0  0  1  0  0  1833  0  0  0  0  0  28457  1188  46  0  348  0  0  0  1  0  0  5  0  0  0  0  2  0  0  0  0  0  0  0  0  0  0  0  14  0  0  0  0  0  0  0  0  0  0  0  0  0  0  0  0  0  0  0  0  0  0  0  0  0  0  0  0  0  0  0  0  0  0  0  0  0  0  0  0  0  0  0  0  0  0  0  0  0  0  0  0  0  0  0  0  0  0  0  0  0  0  0  
0  0  0  0  0  2  0  0  0  3  0  0  0  0  0  0  102  189  0  0  2  1  14009  111  0  15  0  0  0  0  0  50  0  6203  15482  0  5268  8283  0  0  39  0  0  22  0  0  0  2905  1  5137  0  0  0  0  5  0  0  0  353  14  226  0  0  18  2  4  0  0  0  0  0  5247  3512  0  0  0  0  0  0  0  0  0  0  0  0  0  0  0  0  0  0  0  0  0  0  0  0  0  0  1  0  0  0  0  0  0  0  0  0  0  0  0  0  0  2  0  0  0  0  0  0  0  0  0  0  0  0  0  0  0  0  0  0  0  0  0  0  0  0  1  0  0  0  0  0  0  1  0  
1  236  0  229  12  62  55  128  228  7658  31446  4  0  0  5  8  0  703  720  3987  1  33584  4634  0  23  680  0  0  8  748  0  110  0  0  0  0  0  19  0  47  3258  7196  3  0  875  0  74  121  889  12  1079  34  16  101  1234  33  4046  13473  220  19  6580  0  2  0  12700  506  28  440  95  0  7  0  1308  2  0  0  0  0  0  0  0  0  0  1  202  0  0  0  0  0  0  0  1  0  0  11  0  0  0  0  0  0  0  1  0  3  0  0  0  0  0  0  0  0  2  3  0  12  0  0  0  1  0  0  0  0  0  0  0  1  0  0  0  0  0  0  0  0  0  9  0  0  0  0  0  0  0  0  
0  0  7855  11852  9  262  68  2342  1253  12  0  188  0  3  23  1330  130  413  81  1  0  0  3  0  0  2284  1  26296  25962  0  0  45  0  0  0  0  0  0  0  13  207  0  1  56  0  13667  68  881  2801  0  10  151  21  239  51  53  206  12  0  7  11  0  4  0  80  938  17448  6293  8396  5  353  0  90  0  0  0  0  0  1  0  0  0  0  0  0  0  0  0  0  0  0  0  0  0  0  0  0  0  0  2  0  0  0  0  0  0  0  0  0  0  0  0  0  0  2  0  0  0  0  0  0  0  0  0  0  0  0  0  0  0  0  0  0  0  0  0  0  0  0  4  0  0  0  0  0  0  0  0  
0  0  9335  1  0  0  3  6687  5082  0  0  0  0  0  0  509  1  4  0  0  0  0  0  0  0  2  435  2985  71  9575  0  1  0  0  0  0  0  0  0  0  4  0  0  0  8313  0  0  3  22  0  0  0  0  16  0  5  2  0  0  0  0  0  0  0  3  13  5621  0  16  0  4210  0  0  0  0  0  17  0  0  0  0  2  132  0  0  0  0  0  0  16  0  0  0  0  0  0  0  0  0  0  0  0  0  27  0  0  0  0  0  0  0  0  0  0  0  0  0  0  0  155  0  0  0  0  0  0  0  0  0  0  0  0  0  0  0  0  0  0  0  0  0  0  0  0  299  0  0  0  
491  0  0  1  39  618  0  0  0  0  0  60  4462  156  8  3  7  7262  1  0  0  0  13  7305  0  7  0  0  0  0  56  1947  4  2  18  0  0  0  3191  26  19  0  8  11  3  0  0  114  2751  0  0  201  35  22  3  1  0  0  0  0  0  27  552  6148  3  18  10  18  11  100  0  0  27  0  0  0  0  0  0  0  0  0  0  0  0  0  0  0  0  0  0  0  0  0  1  0  0  0  0  0  0  0  0  0  0  0  0  0  0  0  0  0  0  0  0  0  0  0  0  0  0  0  0  0  0  0  0  0  0  0  0  0  0  0  0  0  0  0  0  2  0  0  0  0  0  0  0  0  
0  0  0  19  0  12  2  1  21  193  0  7  0  0  0  1  11518  7152  23  1  0  0  920  201  3  71  4  0  5  3  0  634  8625  1139  12904  318  5  888  0  1  6985  0  5219  120  161  0  1003  0  2642  53  8  6  1  4  253  29  14  8  75  3  30  0  16  2  83  123  260  16  8  2  1  466  24701  2830  0  0  0  1  0  0  0  0  10  3  0  0  0  0  0  0  0  1  1  0  0  0  1  1  0  16  0  0  0  0  3  7  0  0  0  6  0  0  0  0  51  0  0  1  1  1  0  5  0  0  1  1  0  0  0  8  0  0  0  1  1  0  0  0  0  40  3  1  0  0  1  0  4  0  
1935  0  77  15905  1395  1687  57  59  73  521  0  6367  164  3773  644  148  4526  10481  2028  0  0  1  12  154  4  282  0  0  61  2  3  1869  70  0  0  0  0  0  2778  8741  8020  0  2  404  4350  0  2827  1072  0  0  9  3368  1394  1320  224  54  835  235  3  1  7  49  133  576  118  574  494  6638  1082  156  5  0  182  1  0  0  0  0  0  2  0  1  3  0  0  0  0  0  0  0  0  0  0  0  0  0  2  0  0  0  0  0  0  0  0  7  0  0  0  0  0  0  0  0  10  0  0  1  0  0  0  0  0  0  0  0  0  0  0  0  0  0  0  0  1  0  0  0  0  42  0  0  0  0  1  0  0  0  
0  0  0  0  0  0  0  0  0  0  0  0  0  0  0  0  1  3  0  0  12356  0  9021  0  0  0  0  0  0  0  0  2  0  0  96  0  17818  4652  0  0  0  0  8663  30  0  0  0  165  0  0  1  0  0  0  3  0  0  0  2773  10740  2901  0  0  0  0  0  0  0  0  0  0  2747  5025  0  0  0  0  0  0  0  0  0  0  0  0  0  0  0  0  0  0  0  0  0  0  0  0  0  0  0  0  0  0  0  0  0  0  0  0  0  0  0  0  0  0  0  0  0  0  0  0  0  0  0  0  0  0  0  0  0  0  0  0  0  0  0  0  0  0  0  0  0  0  0  0  0  0  0  
0  10159  0  4  0  0  0  1  1  0  0  0  0  0  0  0  0  1  104  0  2092  4840  0  0  1  0  0  0  0  0  0  0  0  0  0  0  0  1  0  0  1  771  0  889  22  0  0  0  4  0  0  0  0  0  6  0  577  3  2154  93  8572  0  0  0  2  4  1  6  1  0  0  0  11  0  0  0  0  0  0  0  0  0  0  0  0  0  0  0  0  0  0  0  0  0  0  8  0  0  0  0  0  0  0  0  0  0  0  0  0  0  0  0  0  0  0  0  0  0  0  0  0  0  0  0  1  0  0  0  0  0  0  0  0  0  0  0  0  0  0  0  0  0  0  0  0  0  0  0  
4258  0  0  13  1644  2094  22  38  2  1  0  9768  1  11467  28030  128  0  133  30  0  0  0  1  54  1  50  0  0  929  0  0  52  0  0  0  0  0  0  1850  3068  22  0  0  2  101  0  196  5  1998  0  3  0  8655  7594  40  7  66  5  1  1  0  1885  2  84  5  164  105  9405  214  10  0  0  7  0  0  0  0  0  0  0  0  0  0  0  0  0  0  0  0  0  0  0  0  0  0  0  0  0  0  0  0  0  0  0  0  0  0  0  0  0  0  0  0  0  0  0  0  0  0  0  0  0  0  0  0  0  0  0  0  1  0  0  0  0  0  0  0  0  0  6  0  0  0  0  0  0  0  0  
4973  0  0  0  3996  953  1  0  0  0  0  9  0  16  22768  2300  1  28  0  0  0  0  0  3  0  4  0  0  0  0  0  51  0  0  0  0  0  0  1  159  5  0  0  0  2  0  4  0  385  0  0  15180  0  2433  0  0  0  0  0  0  0  2  1  7  1  39  6  3  4  2  0  0  2  0  0  0  0  0  0  1  0  0  0  0  0  0  0  0  0  0  0  0  0  0  0  0  0  0  0  0  0  0  0  0  0  1  0  0  0  0  0  0  0  0  0  0  0  0  0  0  0  0  0  0  0  0  0  0  0  0  0  0  0  0  0  0  0  0  0  5  0  0  0  0  0  0  0  0  
23  0  2  186  155  3219  1618  4124  176  0  0  2  0  1  25860  28774  1  76  25  0  0  0  0  0  3  354  0  0  144  1  0  8  0  0  0  0  0  0  0  25  44  0  0  16  501  0  37  12  1721  0  8  12052  2923  0  117  24  20  1  0  0  5  0  2  0  52  609  592  6051  10331  2  11  0  38  0  0  0  0  0  0  0  0  0  0  0  0  0  0  0  0  0  0  0  0  0  0  0  0  0  0  0  0  0  0  0  0  1  0  0  0  0  0  0  0  0  0  0  0  0  0  0  0  0  1  0  0  0  0  0  0  0  0  0  0  0  0  0  0  0  0  4  0  0  0  0  0  0  0  0  
0  0  0  15  2  13  19  34  530  8  0  0  0  0  1  0  2  130  335  1  0  10  35  0  7730  12480  52  0  10  19  0  13  1  9  0  379  0  1  0  3  3954  0  0  1655  85  0  5  80  160  2  5  5  0  27  0  1305  279  52  6  2  67  0  0  0  1043  114  170  319  8  1  52  0  12530  5  0  0  0  0  0  0  0  0  0  0  0  0  0  0  0  0  0  0  0  0  0  0  0  0  0  0  0  0  0  0  0  0  0  0  0  0  0  0  0  0  1  0  0  0  1  0  0  0  0  0  0  0  0  0  0  1  0  0  0  0  0  0  0  0  0  0  0  0  0  0  0  0  0  0  
0  0  0  3  0  13  26  18  1536  1  2  0  0  0  1  0  3  92  372  4028  0  0  0  0  20748  9254  34428  12  184  738  0  13  0  0  0  0  0  0  0  2  275  0  0  444  1187  4  5  86  163  0  3  13  0  30  3808  0  464  4402  3  0  7  0  0  0  8493  360  9664  411  121  1  9817  0  1645  0  0  0  0  0  0  0  0  0  0  0  0  0  0  0  0  0  0  0  0  0  0  0  0  0  0  0  0  0  0  0  0  0  0  0  0  0  0  0  0  0  0  0  0  0  0  0  0  0  0  0  0  0  0  0  0  0  0  0  0  0  0  0  0  0  0  1  0  0  0  0  0  0  0  0  
0  15584  0  9  0  0  2  1  7  1  75  0  0  0  0  1  0  7  54106  55  0  7197  0  0  2135  3  0  0  0  0  0  1  0  0  0  0  0  0  0  0  18  24056  0  3308  201  0  0  7  42  0  1997  4  0  9  14  198  0  4396  6651  3  1286  0  0  0  941  4  5  1318  0  0  0  0  4994  0  0  0  0  0  0  0  0  0  0  0  0  0  0  0  0  0  0  0  0  0  0  0  0  0  0  0  0  0  0  0  0  0  0  0  0  0  0  0  0  0  0  0  0  0  0  0  0  0  0  0  0  0  0  0  0  0  0  0  0  0  0  0  0  0  0  0  0  0  0  0  0  0  0  0  
0  199  0  7  0  2  0  0  4  1  10426  0  0  0  1  0  0  10  23809  18095  0  1004  0  0  1785  8  0  0  1  0  0  0  0  0  0  0  0  0  0  0  6  2084  0  9791  283  0  0  5  34  0  436  0  0  6  59  4195  7296  0  77  0  118  0  0  0  7499  6  5  140  2  0  2  0  105  0  0  0  0  0  0  0  0  0  0  0  0  0  0  0  0  0  0  0  0  0  0  0  0  0  0  0  1  0  0  0  0  0  0  0  0  0  0  0  0  0  1  0  0  0  0  0  0  0  0  0  0  0  0  0  0  0  0  0  0  0  0  0  0  0  0  0  0  0  0  0  0  0  0  0  
0  11544  0  35  0  6  0  1  2  0  0  0  0  0  0  0  0  6  9511  1  170  501  57  0  10  3  0  0  0  0  0  0  0  0  0  0  4126  16982  0  0  10  25  16  1388  331  0  0  9  9  40  5853  0  0  12  31  1  5262  12  0  9073  4216  0  0  0  8  6  1  120  4  0  0  12  7849  0  0  0  0  0  0  0  0  0  0  0  0  0  0  0  0  0  0  0  0  0  0  0  0  0  0  0  0  0  0  0  0  0  0  0  0  0  0  0  0  0  0  0  0  0  0  0  0  0  0  0  0  0  0  0  0  0  0  0  0  0  0  0  0  0  0  0  0  0  0  0  0  0  0  0  
0  4703  0  11  0  0  0  1  0  0  0  0  0  0  1  0  0  3  5  0  15969  11  155  0  0  2  0  0  0  0  0  0  0  0  5  0  19207  4741  0  0  2  0  20  729  41  0  0  6  5  10287  2155  0  0  0  29  0  9  0  8952  0  7463  0  0  0  1  4  0  17  2  0  0  6151  1704  0  0  0  0  0  0  0  0  0  0  0  0  0  0  0  0  0  0  0  0  0  0  0  0  0  0  0  0  0  0  0  0  0  0  0  0  0  0  0  0  0  0  0  0  0  0  0  0  0  0  0  0  0  0  0  0  0  0  0  0  0  0  0  0  0  0  0  0  0  0  0  0  0  0  0  
0  2902  0  33  0  4  2  2  13  2  187  0  0  0  1  0  0  4  85  6  19635  35001  11850  0  31  10  0  0  0  0  0  0  0  0  2  0  76  3514  0  0  24  902  50  7806  200  0  0  19  14  2413  10061  0  0  20  576  4  883  257  3708  7070  0  0  0  0  8  6  2  287  7  0  0  23  2673  0  0  0  0  0  0  0  0  0  0  0  1  0  0  0  0  0  0  0  0  0  1  5  0  0  0  0  0  0  0  0  0  0  0  0  0  0  0  0  0  0  1  0  0  1  0  0  0  0  0  0  8  0  0  0  0  0  0  0  0  0  2  0  0  0  0  0  0  0  0  0  0  0  0  0  
3876  0  0  0  0  4  0  0  0  0  0  0  1560  1566  4182  0  0  0  0  0  0  0  0  7002  0  0  0  0  0  0  0  1  0  0  0  0  0  0  863  4  0  0  0  0  0  0  5  0  10  0  0  3049  0  0  0  0  0  0  0  0  0  0  0  2447  0  0  1  0  0  0  0  0  0  0  0  0  0  0  0  0  0  0  0  0  0  0  0  0  0  0  0  0  0  0  0  0  0  0  0  0  0  0  0  0  0  0  0  0  0  0  0  0  0  0  0  0  0  0  0  0  0  0  0  0  0  0  0  0  0  0  0  0  0  0  0  0  0  0  0  0  0  0  0  0  0  0  0  0  
3  0  0  0  0  1150  0  0  0  0  0  0  11  2  0  0  0  448  0  0  0  0  5  12874  0  3  0  0  0  0  10515  12399  0  0  1  0  0  1  41  0  21  0  3  20  0  0  1751  3  6  0  0  1  0  0  0  0  0  0  0  0  0  1  0  3664  0  2  0  1  0  3564  0  0  29  0  0  0  0  0  0  0  0  0  0  0  0  0  0  0  0  0  0  0  0  0  0  0  0  0  0  0  0  0  0  0  2  0  0  0  0  0  0  0  0  0  1  0  0  0  1  0  0  0  0  0  0  1  0  0  0  0  0  0  0  0  0  0  0  0  0  0  0  0  0  0  0  0  0  0  
1505  0  0  0  136  1120  0  0  0  0  0  11  1818  1624  9  40  4  155  0  0  1  0  1  29067  0  0  0  0  0  0  22  1071  0  0  1  0  0  0  7507  36  4  0  10  1  0  0  7778  3  537  0  0  113  30  0  1  0  0  0  0  0  0  3655  1540  0  0  48  0  1  1  461  0  0  8  0  0  0  0  0  0  0  0  0  0  0  0  0  0  0  0  0  0  0  0  0  0  0  0  0  0  0  0  0  0  0  0  2  0  0  0  0  0  0  0  0  1  0  0  0  0  0  0  0  0  0  0  0  0  0  0  0  0  0  0  0  0  0  0  0  0  6  0  0  0  0  0  0  0  0  
0  7  0  56  1  14  109  45  2102  235  14613  1  0  0  2  0  3  270  4666  23743  0  210  2  0  236  192  12516  0  39  29407  0  47  0  0  0  0  0  0  0  7  292  100  0  13139  925  0  15  126  313  1  234  19  2  41  1005  4271  4872  8333  108  2  192  0  0  1  0  1022  146  247  16  3  5492  0  1103  0  0  0  0  0  0  0  0  0  2  0  295  0  0  0  0  0  0  0  0  10  0  1  0  0  0  0  0  0  0  15  0  0  0  0  0  0  0  0  0  0  1  0  0  0  0  0  0  0  0  0  0  0  0  0  0  1  0  0  0  0  0  0  0  0  0  2  0  0  0  0  0  0  0  0  
36  0  0  30  15  16366  8439  7223  12688  12965  0  0  0  2  14  298  15  1561  109  1  0  2  1  18  1  321  9  0  63  2158  0  4084  0  0  0  1  0  0  4  15  660  0  2  778  489  2  38  330  1283  0  2  126  16  154  356  133  37  11  0  0  3  0  10  64  2060  0  278  115  156  5  21  0  727  28  47  0  0  0  9  764  80  123  159  9  0  0  0  0  4  1  0  8  0  0  0  4  9  1  0  22  3  0  12  5  3  132  0  0  0  4  0  0  2  0  74  0  0  0  102  11  3  3  5  0  0  2  9  6  0  23  0  0  1  0  0  2  2  3  0  16041  24  0  6  2  80  0  15  0  
0  0  2147  2153  1  68  105  19  1093  2  0  0  0  0  4  58  19  153  70  0  0  0  1  0  3  30142  12259  16597  243  1391  0  29  0  0  0  0  0  0  0  1  1647  0  0  206  10631  5763  0  224  377  0  3  6  1  107  712  11663  19  43  0  0  1  0  0  0  321  1374  0  282  773  1  4139  0  17  0  0  0  0  0  0  0  0  0  0  0  0  0  0  0  0  0  0  0  0  0  0  0  0  0  0  2  0  0  0  0  0  0  0  0  0  0  0  0  0  0  1  0  0  0  0  0  0  0  0  0  0  0  0  0  0  0  0  0  0  0  0  0  0  0  0  4  0  0  0  0  0  0  0  0  
21  0  0  4546  71  245  40  4  34  2  0  7765  0  27  8411  17  1  178  72  0  0  0  0  0  10  299  2  0  14811  0  0  27  0  0  0  0  0  0  12  460  37  0  0  12  12599  0  260  7  5075  0  6  12691  76  4722  224  26  181  6  1  6  5  0  4  5  12  151  501  0  4260  2  20  0  61  0  0  0  0  0  0  0  0  0  0  0  0  0  0  0  0  0  0  0  0  0  0  0  0  0  0  0  0  0  0  0  0  0  0  0  0  0  0  0  0  0  0  0  0  0  1  0  0  0  0  0  0  0  0  0  0  0  0  0  0  0  0  0  0  0  0  6  0  0  0  0  1  0  0  0  
2  0  1702  297  19  442  408  5217  465  1  0  3  0  2  2288  5746  8  98  48  0  0  0  0  1  0  206  1  2  16893  0  0  18  1  0  0  0  0  0  2  42  54  0  0  15  7914  20  4  118  624  0  1  411  37  12626  17  22  92  4  0  0  0  0  0  0  12  841  1691  3775  0  0  337  0  14  0  0  0  0  0  0  0  0  0  1  0  0  0  0  0  0  0  0  0  0  0  0  0  0  0  0  0  0  0  0  0  0  0  0  0  0  0  0  0  0  0  3  0  0  0  1  0  0  0  0  0  0  0  0  0  0  0  0  0  0  0  0  0  0  0  0  4  0  0  0  0  0  0  0  0  
2867  0  0  0  2821  14582  0  0  0  1  0  0  0  1  0  5120  0  75  0  0  0  0  6  5857  0  3  0  0  0  0  12268  8048  0  0  0  0  0  0  2  0  8  0  0  6  0  0  67  0  15  0  0  1  1  0  1  0  0  0  0  0  0  0  3316  1020  0  5  0  0  0  0  0  0  15  0  0  0  0  0  0  83  0  0  1  0  0  0  0  0  0  33  0  0  1  0  0  0  0  2  0  1  0  0  0  0  176  22  0  0  0  0  0  0  0  0  2  0  0  0  0  0  0  0  0  0  0  0  0  0  0  0  0  0  0  0  0  0  1  0  0  3  0  0  0  57  0  0  0  0  
0  0  0  0  0  2  2  4  12870  3  0  0  0  0  0  1  0  42  98  43  0  0  0  0  2  83  2022  5  23  14977  0  5  0  0  0  0  0  0  0  0  119  0  0  27  188  4430  1  65  46  0  1  4  0  8  53  7724  61  6  0  0  0  0  0  0  3174  256  3510  8  24  0  0  0  12  0  0  0  0  0  0  0  0  0  151  0  2  0  0  0  0  0  0  0  0  0  0  0  1  0  0  0  0  0  0  877  0  0  0  0  0  0  0  0  0  0  2  0  0  0  0  1  0  0  0  0  0  0  0  0  0  0  0  0  0  0  0  0  0  0  0  3  1  0  0  0  5850  0  0  0  
0  0  0  0  0  0  0  0  0  0  0  0  0  0  0  0  0  0  0  0  1  0  34  0  0  0  0  0  0  0  0  0  0  13  1836  0  40008  32982  0  0  0  0  3071  1  0  0  0  112  0  3696  1  0  0  0  0  0  0  0  1085  6129  271  0  0  0  0  0  0  0  0  0  0  0  4887  0  0  0  0  0  0  0  0  0  0  0  0  0  0  0  0  0  0  0  0  0  0  0  0  0  0  0  0  0  0  0  0  0  0  0  0  0  0  0  0  0  0  0  0  0  0  0  0  0  0  0  0  0  0  0  0  0  0  0  0  0  0  0  0  0  0  0  0  0  0  0  0  0  0  0  
0  2  0  73  0  18  11  11  47  59  1  0  0  0  8  1  51  1288  13171  44  9  33  2098  1  33185  1716  0  0  1  7  1  472  1218  19159  6235  903  181  61025  0  2  1882  2  6271  3717  743  0  12  25289  260  2451  539  6  1  135  18020  2466  4071  112  6351  1248  4940  0  4  1  1705  70  6  3179  8  6  3  3923  0  715  0  0  0  0  0  0  0  1  3  0  0  0  0  0  0  0  0  1  0  0  0  0  1  0  0  8  0  0  0  0  0  3  0  0  0  2  0  0  0  0  9  0  0  0  0  1  1  2  0  0  2  0  0  0  0  2  0  0  0  0  1  0  0  0  0  14  2  0  0  0  0  0  2  0  
0  0  0  13  0  1  0  0  0  38  0  0  0  0  0  0  1  74  0  0  0  0  0  0  0  19  0  0  0  0  0  1  11533  2684  1  5889  0  0  0  0  2794  0  0  14  0  0  1  4572  57  0  0  2  0  0  27  0  1  0  0  0  0  0  0  0  0  13  0  1  0  0  0  0  1372  0  0  0  0  1  0  0  0  0  0  0  0  0  0  0  0  0  0  0  0  0  0  0  0  0  0  0  0  0  0  0  0  0  0  0  0  1  0  0  0  0  4  0  0  0  0  1  0  0  0  0  0  0  0  0  0  0  0  0  0  0  0  0  0  0  0  2  1  0  0  0  2  0  0  0  
0  0  0  0  0  0  0  0  0  0  0  0  0  0  0  0  0  0  0  0  0  0  0  0  0  0  0  0  0  0  6  0  0  0  0  0  0  0  0  0  0  0  0  0  0  0  0  0  0  0  0  0  0  0  0  0  0  0  0  0  0  0  0  0  0  0  0  0  0  2  0  0  0  0  0  0  0  0  6708  1869  4  0  5  0  0  2  124  182  1658  2317  0  4  0  0  0  0  1  14668  0  2  0  0  0  0  3429  335  0  0  0  1  0  0  2507  0  8  0  0  0  10  2  170  0  237  0  0  1037  9929  3  0  19  0  0  0  0  0  9841  173  598  0  186  2  1  1  2903  1  0  1  0  
0  0  0  0  0  0  0  0  0  0  0  0  0  0  0  0  0  0  0  0  0  0  0  0  0  0  0  0  0  0  0  0  0  0  0  0  0  0  0  0  0  0  0  0  0  0  0  0  0  0  0  0  0  0  0  0  0  0  0  0  0  0  0  0  0  0  0  0  0  0  0  0  0  0  0  0  0  0  0  0  0  0  0  0  0  0  0  0  0  0  0  0  21862  0  11666  0  0  0  0  0  0  0  0  0  0  0  0  0  0  0  61  233  0  0  0  8075  0  0  0  0  0  0  1  0  11558  0  0  0  0  0  428  0  6481  6078  260  0  0  0  0  0  0  1  0  0  0  24  12  0  
0  0  51  0  0  0  0  28  1  0  0  0  0  0  0  25  0  0  0  0  0  0  0  0  0  0  0  0  0  1  0  0  0  0  0  0  0  0  0  0  0  0  0  0  0  19  0  0  0  0  0  0  0  0  0  0  0  0  0  0  0  0  0  0  0  0  0  0  0  0  0  0  0  0  0  0  0  0  0  0  14  624  7  0  0  0  0  0  0  15719  0  0  0  0  0  0  0  0  0  0  3509  4349  9088  2045  0  0  0  0  0  0  0  0  0  0  1  0  0  0  13596  14108  0  0  0  0  0  0  0  0  0  2  0  0  0  0  0  0  0  0  0  0  4164  0  13  0  2  0  0  0  
0  0  0  0  0  0  0  0  0  0  0  0  0  0  0  0  0  0  0  0  0  0  0  0  0  0  0  0  0  0  0  0  0  0  0  0  0  0  0  0  0  0  0  0  0  0  0  0  0  0  0  0  0  0  0  0  0  0  0  0  0  0  0  0  0  0  0  0  0  0  0  0  0  0  1  0  0  0  5  6  21  1  105  3  0  13016  0  3  7  3  20  37  6  0  0  0  1  1  0  17186  12  4099  4394  0  0  1  682  16  11  174  0  0  3  3  3865  0  0  2  3605  17  19  24  18068  0  0  21  5  11  37  453  2  0  0  0  0  0  0  1  4  94  74  4366  40  0  93  0  9  0  
0  0  0  0  0  1  0  0  0  0  0  0  0  0  0  0  0  0  0  0  0  0  0  0  0  0  0  0  0  0  0  0  0  0  0  0  0  0  0  0  0  0  0  0  0  0  0  0  0  0  0  0  0  0  0  0  0  0  0  0  0  0  0  0  0  8  0  0  0  0  0  0  0  0  4843  0  0  0  0  10329  36  8  85  0  0  12  0  82  3349  17121  0  3  2  0  0  0  4  3  0  14  19  0  5  0  1  231  0  0  0  5  0  0  113  0  45  0  0  0  15  11  265  0  372  0  0  454  20460  103  1  443  0  0  0  0  0  424  10  58  4  236  82  3  7  1284  33  0  2  0  
0  0  0  0  0  442  8  2  0  0  0  0  0  0  0  96  1  0  0  0  0  0  0  0  0  0  0  0  0  0  3  42  0  0  0  0  0  0  0  0  0  0  0  0  0  0  0  0  0  0  0  0  0  0  0  0  0  0  0  0  0  0  0  0  0  662  0  0  0  33  0  0  0  0  1503  0  0  0  19894  0  12141  411  121  0  0  122  0  119  4028  27308  0  22  0  0  0  0  12  5958  0  7  2  0  0  0  216  7892  0  0  0  3  0  0  41  0  33  0  0  0  35  95  141  1  200  0  1  651  2421  3561  0  145  0  0  0  0  0  29  2908  2065  1  21786  13  8  46  7857  23  0  30  0  
0  0  0  0  0  14  214  11  0  0  0  0  0  0  0  131  0  0  0  0  0  0  0  0  0  0  0  0  0  0  0  0  0  0  0  0  0  0  0  0  0  0  0  0  0  0  0  0  0  0  0  0  0  0  0  0  0  0  0  0  0  0  0  0  0  26  0  0  0  0  0  0  0  0  1  0  0  4  18  15128  0  12932  1358  1  0  12  0  9  469  17145  1  11  3  0  0  0  5  1  0  46  7  0  15  0  0  13  0  0  0  2  0  0  0  0  33  0  0  1  57  330  23  0  53  0  3  375  107  13216  0  641  2  0  1  0  2  1  2  1  4  8934  25  63  354  0  947  0  25  0  
0  0  1  0  0  2  86  1508  264  0  0  0  0  0  0  494  0  1  0  0  0  0  0  0  0  0  0  0  0  1  0  0  0  0  0  0  0  0  0  0  0  0  0  0  0  3  0  0  0  0  0  1  0  0  0  0  0  0  0  0  0  0  0  0  0  144  0  0  0  0  0  0  0  0  0  0  54  1  0  164  11295  0  4933  0  0  0  0  0  0  17740  0  82  2  0  0  0  31  3  0  13  1  0  5806  4  0  1  0  0  0  1  0  0  0  0  114  0  0  0  2403  7669  4  1  21  0  1  1  2  1037  0  184  3  1  0  0  0  0  6  0  15  9013  15  6  14750  0  199  0  75  0  
0  0  1  0  0  0  0  17  2632  2  0  0  0  0  0  5  0  2  0  0  0  0  0  0  0  0  0  0  0  863  0  0  0  0  0  0  0  0  0  0  0  0  0  1  0  84  0  0  1  0  0  0  0  0  0  0  0  0  0  0  0  0  0  0  1  84  0  0  0  0  380  0  0  0  2  0  8  29  1  6  2179  3425  0  2587  0  1  0  0  16  29  1  13  22  0  0  0  3  0  0  331  30  0  3  884  0  0  0  0  0  115  2  0  0  0  559  0  0  624  27  4989  2  1  66  0  1  5  6  21  0  91  19  2  2  2  22  0  1  0  279  11157  151  14  20  0  8193  0  33  0  
0  0  0  0  0  0  0  0  45  4  0  0  0  0  0  0  0  0  0  0  0  3  0  0  0  0  0  0  0  186  0  0  0  0  0  0  0  0  0  0  1  0  0  0  0  0  0  1  0  0  0  0  0  0  1  0  0  0  0  0  0  0  0  0  2  3  0  0  0  0  10  0  0  0  0  0  0  21  0  0  3  0  3969  0  0  0  0  1  2  1  1  11  18  0  2  194  792  0  1  642  14  0  3  1751  0  1  0  0  0  103  11  4  0  0  631  0  3  3936  11  21  6  20  67  0  2  3  2  8  0  54  5  1  2  21  167  0  2  1  61  3445  59  7  6  0  1041  0  29  0  
0  0  0  0  0  0  0  0  0  0  2903  0  0  0  0  0  0  0  0  504  0  590  0  0  0  0  1  0  0  1174  0  0  0  0  0  0  0  0  0  0  0  5  0  153  0  0  0  0  0  0  0  0  0  0  0  0  0  0  0  0  2  0  0  0  92  1  0  0  0  0  1  0  0  0  0  0  0  0  0  0  0  0  0  1  0  0  0  0  0  0  0  0  22  18749  0  3378  0  0  0  0  2  0  0  1212  0  0  0  0  0  0  0  0  0  0  0  5516  0  22884  0  0  0  0  0  0  0  0  0  0  0  0  5  5512  0  0  0  0  0  0  10031  0  0  0  0  0  0  0  0  0  
0  0  0  0  0  0  0  0  0  0  0  0  0  0  0  0  0  0  0  0  0  0  0  0  0  0  0  0  0  0  0  0  0  0  0  0  0  0  0  0  0  0  0  0  0  0  0  0  0  0  0  0  0  0  0  0  0  0  0  0  0  0  0  0  0  0  0  0  0  0  0  0  0  0  0  0  0  16891  26  75  13  0  6  0  0  0  33  5900  50  0  90  1043  0  0  0  0  0  40  0  93  1  0  154  0  0  9  407  26  157  1  0  0  268  5386  5  0  0  0  14  0  72  22  12568  0  0  3822  23  2  1  38  0  0  0  0  0  0  0  1  0  106  0  10287  0  0  2  0  0  0  
0  0  0  0  0  0  0  0  0  0  0  0  0  0  0  0  0  0  0  0  0  0  0  0  0  0  0  0  0  0  0  0  0  0  0  0  0  0  0  0  0  0  0  0  0  0  0  0  0  0  0  0  0  0  0  0  0  0  0  0  0  0  0  0  0  0  0  0  0  0  0  0  0  0  118  0  0  0  0  5  0  0  0  0  0  22  0  2237  155  0  0  2  0  0  0  0  0  6014  0  0  0  0  0  0  0  4  0  1  1  0  0  0  5778  0  3  0  0  0  0  0  5591  0  2  0  0  1  0  0  0  0  0  0  0  0  0  4897  137  2330  0  0  0  1  0  0  0  0  0  0  
0  0  0  0  0  0  0  0  0  0  0  0  0  0  0  0  0  0  0  0  0  0  0  0  0  0  0  0  0  0  0  0  0  0  0  0  0  0  0  0  0  0  0  0  0  0  0  0  0  0  0  0  0  0  0  0  0  0  0  0  0  0  0  0  0  2  0  0  0  0  0  0  0  0  310  0  0  1  264  223  11  0  10  0  0  10017  2143  0  1176  1  0  13  0  0  0  0  1  96  0  1  2  0  0  0  0  11  0  0  0  1  0  0  10587  3433  3  0  0  0  2  1  1227  0  6669  0  0  13387  168  7  0  54  0  0  0  0  0  1962  4  2  1  172  8  77  0  0  8  0  1  0  
0  0  0  0  0  0  0  0  0  0  0  0  0  0  0  0  0  0  0  0  0  0  0  0  0  0  0  0  0  0  0  0  0  0  0  0  0  0  0  0  0  0  0  0  0  0  0  1  0  0  0  0  0  0  0  0  0  0  0  0  0  0  0  0  0  1  0  0  0  0  0  0  0  0  1931  0  0  5  2638  3344  147  8  30  0  0  57  684  2642  0  3229  0  10  0  0  0  0  2  3007  0  14  6  0  6287  0  0  12  0  0  0  6  0  0  0  0  12  0  0  0  214  0  10  0  50  0  0  49771  65625  21443  1  256  1  1  0  0  0  5366  0  1  4  179  32  7419  8017  0  21  0  7  0  
0  0  12  0  1  161  9  745  3  0  0  0  0  0  0  894  0  0  0  0  0  0  0  0  0  0  0  0  0  0  49  19  0  0  0  0  0  0  0  0  0  0  0  0  0  9  0  0  0  0  0  0  0  0  0  0  0  0  0  0  0  0  0  0  0  1  0  0  0  70  0  0  0  0  2779  0  11359  2  22395  31641  23619  18250  36  0  0  3  0  2  4500  0  0  1  0  0  0  0  1  491  0  4  2  8  11303  12  2137  17  0  0  0  0  0  0  0  0  6  0  0  0  3006  2119  2  1  17  0  0  9  2916  31593  1  85  0  0  0  0  0  0  72  67  4  73  12  4  8340  11481  34  0  2  0  
0  0  0  0  0  0  0  0  0  1  0  0  0  0  0  0  0  0  0  0  0  0  0  0  0  0  0  0  0  0  0  0  0  0  0  0  0  0  0  0  0  0  0  0  0  0  0  0  0  0  0  0  0  0  0  0  0  0  0  0  0  0  0  0  1  0  0  0  0  0  0  0  1  0  0  0  0  24  1  0  1  0  27  7  0  94  0  0  0  0  0  14187  0  0  0  0  5475  292  0  77  3  0  5  0  0  3  894  0  4862  13  0  0  0  0  2364  0  1186  1  278  3  190  9276  2252  2  0  0  0  2  0  106  0  1  0  0  0  0  11  3  1  35  17  1  8  0  29  0  20  0  
0  0  0  0  0  0  0  0  0  0  0  0  0  0  0  0  0  2  0  0  0  0  1  0  0  0  0  0  0  0  0  0  0  0  0  0  0  0  0  0  0  0  0  0  0  0  0  1  0  0  0  0  0  0  0  0  0  0  0  0  0  0  0  0  0  3  0  0  0  0  0  0  0  0  5  0  1  70  21  47  54  1  91  5  0  686  1  21  47  0  10478  0  3  0  0  0  5868  6018  1  57  6  1  6  1  10  32  140  1  1086  9  0  1  2  17  533  0  540  2  242  13  7203  365  7986  0  0  23  23  12  0  442  0  0  0  0  7  2  233  76  10  86  18  3  16  0  54  0  30  0  
0  0  0  0  0  0  0  0  0  0  0  0  0  0  0  0  0  0  0  0  0  0  0  0  0  0  0  0  0  0  0  0  0  0  0  0  0  0  0  0  0  0  0  0  0  0  0  0  0  0  0  0  0  0  0  0  0  0  0  0  0  0  0  0  0  0  0  0  0  0  0  0  0  0  1  21791  0  65  6  6  23  5  11  0  39  5  0  4  11  3  1  8  0  2869  100  975  3  1  5550  111  7  2  5  0  0  0  0  0  0  3  5  1033  1  0  43  11093  1  4878  141  1  17  2  317  0  6227  13  54  46  0  4629  53007  29485  6013  11  3555  1  1  1  363  30  2  366  9  0  9  638  13330  0  
0  0  0  0  0  0  0  0  0  0  8  0  0  0  0  0  0  0  0  2  0  0  0  0  0  0  2  0  0  31  0  0  0  0  0  0  0  0  0  0  0  0  0  0  0  0  0  0  0  0  0  0  0  0  0  0  0  0  0  0  0  0  0  0  1  0  0  0  0  0  0  0  0  0  0  0  0  0  0  0  0  0  0  0  17849  0  0  0  0  0  0  0  3417  0  0  0  0  0  200  0  5367  0  0  1300  0  0  0  0  0  0  0  0  0  0  0  7182  0  8371  0  0  0  0  0  0  1  0  0  0  0  6216  846  15759  0  0  2  0  0  0  6475  0  0  0  0  0  9  0  0  0  
0  0  0  0  0  0  0  0  0  3  0  0  0  0  0  0  0  1  0  0  0  0  0  0  0  1  0  0  0  0  0  0  0  0  0  0  0  0  0  0  9  0  0  1  0  0  0  1  0  0  0  0  0  0  1  0  0  0  0  0  0  0  0  0  0  2  0  0  0  0  0  0  7  0  0  11608  0  1  0  1  0  0  9  0  0  0  0  1  0  0  0  1  122  0  0  269  6524  0  2  12  0  0  0  0  10  34  0  0  0  3  3873  56  0  0  33  561  68  1  0  3  1  10  8  14595  7775  0  0  0  0  6  7  0  4408  27580  30696  0  3  0  0  5  1  0  1  0  1  20  921  0  
0  0  0  0  0  0  0  0  0  14  112  0  0  0  0  0  0  0  0  0  0  744  0  0  0  0  0  0  0  42  0  0  0  0  0  0  0  0  0  0  2  3  0  14  0  0  0  0  0  0  0  0  0  0  0  0  0  0  0  0  0  0  0  0  2  14  0  0  0  0  0  0  1  0  0  2  0  1  0  0  0  0  2  166  1862  0  0  0  0  0  0  1  1132  8  357  0  2929  0  0  8  0  0  0  470  7  13  0  0  0  1  0  0  0  0  19  14809  1  32525  0  3  2  2  3  0  2322  0  0  1  0  1  1693  8  12  0  25893  0  0  0  38  2  0  2  0  0  0  0  12  0  
0  0  0  0  0  0  0  0  0  5  0  0  0  0  0  0  0  0  0  0  0  0  0  0  0  1  0  0  0  0  0  2  0  0  0  0  0  0  0  0  3  0  0  1  0  0  0  1  0  0  0  0  0  0  0  0  0  0  0  0  0  0  0  0  0  2  0  0  0  0  0  0  2  0  0  0  0  19  2  1  2  0  108  634  0  1  0  0  2  0  3087  6443  8  0  6201  1722  0  1323  4  379  14  0  2  0  11  58  0  0  8592  73  225  7  1  0  477  0  18467  3195  11  30  27  550  57  9173  10  1  3  1  0  133  7  1  8  250  21344  0  105  0  12  103  40  4  2  0  69  1  1183  1  
0  0  0  0  0  0  0  0  0  0  0  0  0  0  0  0  0  0  0  0  0  0  0  1  0  0  0  0  0  0  50  0  0  0  0  0  0  0  0  0  0  0  0  2  0  0  0  1  1  0  0  0  0  0  0  0  0  0  0  0  0  0  0  0  0  1  0  0  0  3  0  0  0  0  13868  0  0  0  37  2825  1  1  9  0  0  73  10856  176  3405  413  246  7370  0  0  0  1  2647  0  0  4  0  0  1  0  8814  921  0  70  134  1  0  0  5389  0  137  0  205  1  15  2  17055  22  21  0  0  13  6  0  0  32  0  0  0  0  1  9576  23233  42216  0  22  3  0  1  2713  2  0  11  0  
0  0  0  0  0  0  0  0  0  0  0  0  0  0  0  0  0  0  0  0  0  0  0  0  0  0  0  0  0  2  0  0  0  0  0  0  0  0  0  0  0  0  0  0  0  0  0  0  0  0  0  0  0  0  0  0  0  0  0  0  0  0  0  0  0  0  0  0  0  0  0  0  0  0  0  0  0  8  2  0  0  0  9  1  0  1  0  0  1  0  0  1  5119  26  33  1  6  0  0  17728  2880  0  0  0  0  0  0  1961  1  5816  12  34  0  0  251  0  0  117  3  0  1  2  19  0  167  3  5  2  5823  25639  9  424  83  36  266  1  0  0  6  4  23  9  2  0  3  3  35206  0  
0  0  0  0  0  0  0  0  0  0  0  0  0  0  0  0  0  0  0  0  0  0  0  0  0  0  0  0  0  0  0  0  0  0  0  0  0  0  0  0  0  0  0  0  0  0  0  0  0  0  0  0  0  0  0  0  0  0  0  0  0  0  0  0  0  7  0  0  0  0  0  0  0  0  4  0  0  11039  7  22  76  11  331  40  0  39  0  45  19  3  42  75  14  0  1  0  10  2  11336  0  834  7280  37  1  0  4  2944  796  0  22073  1  38  9  0  17458  0  0  10  5656  63  140  19  1458  0  2  73  36  179  6836  7341  9  6  1  3  15  1  2  4  10  830  18846  271  86  0  215  0  1337  65  
0  0  0  0  0  0  0  0  0  0  0  0  0  0  0  0  0  0  0  0  0  0  0  0  0  0  0  0  0  39  0  0  0  0  0  0  0  0  0  0  0  0  0  0  0  0  0  0  0  0  0  0  0  0  0  0  0  0  0  0  0  0  0  0  0  0  0  0  0  0  0  0  0  0  0  0  4861  1  10  5  12  3  30  0  0  0  0  0  0  0  1  1  4  5802  0  0  0  0  1153  2483  0  71  11  26077  0  0  0  0  0  17  0  0  0  0  118  0  0  0  19  2980  2  1  4  0  0  1  6  5  323  33585  1  22  0  0  0  0  0  0  2267  54  23249  0  28  0  4191  0  4  0  
0  0  0  0  0  0  0  0  0  0  0  0  0  0  0  0  0  0  0  0  0  0  0  0  0  0  0  0  0  0  0  0  0  0  0  0  0  0  0  0  0  0  0  0  0  0  0  0  0  0  0  0  0  0  0  0  0  0  0  0  0  0  0  0  0  0  0  0  0  0  0  0  0  0  0  0  4612  4589  1  1  1  0  3  1  0  3  0  0  0  141  0  0  0  0  0  0  1  0  0  9186  68  0  1997  0  0  1  0  0  0  0  0  0  0  0  2  0  0  0  38007  266  4  1  78  0  0  3  2  3  0  5  0  0  0  0  0  0  0  0  0  8  20534  18  0  0  3  0  0  0  
0  0  0  0  0  1  0  0  0  0  0  0  0  0  0  1  0  0  0  0  0  0  0  0  0  0  0  0  0  0  0  0  0  0  0  0  0  0  0  0  0  0  0  0  0  0  0  0  0  0  0  0  0  0  0  0  0  0  0  0  0  0  0  0  0  1  0  0  0  0  0  0  0  0  0  0  6199  5577  2  3  27  2962  54  0  0  397  0  1  5585  9669  0  7  2  0  0  0  2  0  0  9  8  2911  0  0  0  1  0  0  0  1  0  0  0  0  25  0  0  1  42732  332  6  0  141  0  0  210  1  116  0  148  0  0  0  0  0  0  0  0  6  19  56  15734  22970  0  22  0  12  0  
0  0  11  0  0  0  0  1  259  4  12  0  0  0  0  1  0  0  0  7  0  1  0  0  0  0  53  0  0  7215  0  0  0  0  0  0  0  0  0  0  0  0  0  0  0  43  0  0  0  0  0  0  0  0  0  0  0  0  0  0  0  0  0  0  12  1  0  0  0  0  497  0  0  0  0  0  2237  0  0  0  0  36  1201  1840  1609  0  0  0  0  20  0  0  0  1765  0  769  0  0  0  0  23513  0  0  0  0  0  0  0  0  0  0  0  0  0  3  0  0  1150  0  12890  0  0  0  0  0  0  0  0  0  4510  0  5  0  0  0  0  0  0  20689  1  43  0  0  0  16908  0  0  0  
0  0  0  0  0  42  0  0  0  2  0  1  0  0  0  0  0  0  0  0  0  0  0  2  0  0  0  0  0  0  897  21  0  0  0  0  0  0  0  0  0  0  0  0  0  0  0  0  0  0  0  0  0  0  0  0  0  0  0  0  0  0  1  0  0  3  0  0  0  245  0  0  0  0  2099  0  0  0  7  677  0  0  8  0  0  1  0  1  0  1557  4  103  1  0  0  0  183  8271  0  3  0  0  0  0  0  6219  0  0  0  1  0  0  3  0  37  0  0  0  43  0  14  5  5  0  0  3  1  1  0  18  0  0  0  0  1  2  13750  40  1  14  1  0  0  8491  3  0  9  0  
0  0  0  0  0  14  0  0  0  1  0  0  0  0  0  1  0  6  0  0  0  0  6  0  0  1  0  0  0  0  11  2127  0  0  0  0  0  0  0  0  2  0  0  3  0  0  3  3  9  0  0  0  0  0  0  0  0  0  0  0  0  0  0  2  0  25  0  0  0  6  0  0  4  0  150  0  0  1  41  5035  6  0  20  2  0  0  0  1  2  11  0  113  0  0  1  1  81  319  0  19  1  0  0  0  5417  0  0  0  0  2  0  0  6  0  64  0  1  0  89  2  58  20  17  0  0  9  4  1  0  63  0  0  0  0  0  13  7480  185  0  2953  6  0  2  1387  9  0  132  0  
0  0  0  0  0  0  0  0  0  0  0  0  0  0  0  0  0  0  0  0  0  0  0  0  0  0  0  0  0  0  0  0  0  0  0  0  0  0  0  0  0  0  0  0  0  0  0  0  0  0  0  0  0  0  0  0  0  0  0  0  0  0  0  0  0  0  0  0  0  0  0  0  0  0  0  0  0  506  0  0  0  0  0  0  0  282  0  0  0  0  872  49  0  0  0  0  0  0  1  1960  0  0  0  0  0  0  0  4263  5227  7888  0  0  0  0  7467  0  0  0  0  0  0  8311  109  0  0  0  0  0  0  0  0  0  0  0  0  0  0  0  0  0  0  0  0  0  0  0  0  7242  
0  0  0  0  0  0  0  0  0  0  0  0  0  0  0  0  0  0  0  0  0  0  0  0  0  0  0  0  0  0  0  0  0  0  0  0  0  0  0  0  0  0  0  0  0  0  0  0  0  0  0  0  0  0  0  0  0  0  0  0  0  0  0  0  0  0  0  0  0  0  0  0  0  0  0  0  0  45  0  0  0  0  0  0  0  89  7  0  0  0  0  0  0  0  0  0  3  118  1885  928  0  0  0  0  0  0  3672  0  30029  12887  0  3440  0  0  1107  0  7192  0  0  0  0  2162  1  3  0  0  0  0  0  0  0  0  0  0  6  0  0  10  0  0  1  0  0  0  0  4  31489  6111  
0  0  0  0  0  0  0  0  0  0  0  0  0  0  0  0  0  0  0  0  0  0  0  0  0  0  0  0  0  0  0  0  0  0  0  0  0  0  0  0  0  0  0  0  0  0  0  1  0  0  0  0  0  0  0  0  0  0  0  0  0  0  0  0  0  0  0  0  0  0  1  0  0  0  0  0  0  7  0  0  0  0  6  3  0  135  4  0  0  0  3612  1195  0  0  2  0  6929  196  0  13  0  0  0  0  0  5  5415  21823  0  3  6  1738  0  0  22  0  11047  2  0  1  47  15584  9  525  0  0  0  0  0  14  0  0  0  32  18  0  0  15  0  7  0  0  1  0  0  421  3610  2813  
0  0  0  0  0  0  0  0  0  0  0  0  0  0  0  0  0  0  0  0  0  0  0  0  0  0  0  0  0  0  0  0  0  0  0  0  0  0  0  0  0  0  0  0  0  0  0  0  0  0  0  0  0  0  0  0  0  0  0  0  0  0  0  0  0  0  0  0  0  0  0  0  0  0  0  0  0  142  1  8  18  2  24  2  0  2  0  2  14  2  1  5  14  0  5  2  15  0  2547  17017  4  0  3  0  0  1  5022  14358  0  0  36  7  1  0  14647  0  22  94  45  2  1  101  61  2  3  21  11  102  3242  587  6  0  27  87  157  1  0  0  0  28  196  31  25  0  7  7  6281  5915  
0  0  0  0  0  0  0  0  0  0  0  0  0  0  0  0  0  0  0  0  0  0  0  0  0  0  0  0  0  0  0  0  0  0  0  0  0  0  0  0  0  0  0  0  0  0  0  0  0  0  0  0  0  0  0  0  0  0  0  0  0  0  0  0  0  0  0  0  0  0  0  0  0  0  0  332  0  0  0  0  0  0  2  0  0  0  0  0  0  0  0  0  0  0  2369  0  238  0  1  1  0  0  0  0  0  0  0  4  0  1  0  14861  0  0  10  0  9285  1  0  0  0  4  0  10353  0  0  0  0  0  4  0  0  2143  21297  177  0  0  0  0  1  0  0  0  0  0  29021  225  0  
0  0  0  0  0  0  0  0  0  0  0  0  0  0  0  0  0  0  0  0  0  0  0  0  0  0  0  0  0  0  0  0  0  0  0  0  0  0  0  0  0  0  0  0  0  0  0  0  0  0  0  0  0  0  0  0  0  0  0  0  0  0  0  0  0  0  0  0  0  0  0  0  0  0  0  895  0  0  0  0  0  0  1  0  0  0  0  0  1  0  0  1  115  0  37  0  92  0  17  24  0  0  0  0  0  0  0  2700  1284  0  14323  0  0  0  12  0  10353  1  1  1  0  1703  2  4741  2  0  0  0  0  3  1  0  10457  1395  220  0  0  0  0  0  0  0  0  0  1  31787  50586  34  
0  0  0  0  0  0  0  0  0  0  0  0  0  0  0  0  0  0  0  0  0  0  0  0  0  0  0  0  0  0  0  0  0  0  0  0  0  0  0  0  0  0  0  0  0  0  0  0  0  0  0  0  0  0  0  0  0  0  0  0  0  0  0  0  0  0  0  0  0  0  0  0  0  0  3561  0  0  102  226  683  6  0  13  0  0  275  4838  10142  0  0  1  6  0  0  0  0  0  998  0  3  1  0  0  0  13  113  0  0  0  1  0  0  0  31  16  0  0  0  22  1  2735  0  6655  0  0  804  216  2  0  29  0  0  0  0  0  1275  488  1955  0  40  4  216  1  1  8  0  0  0  
0  0  0  0  0  0  0  0  0  0  0  0  0  0  0  0  0  0  0  0  0  0  0  0  0  0  0  0  0  0  0  0  0  0  0  0  0  0  0  0  0  0  0  0  0  0  0  0  0  0  0  0  0  0  0  0  0  0  0  0  0  0  0  0  0  0  0  0  0  0  0  0  0  0  0  0  0  245  1  0  0  0  0  0  0  8143  0  4309  0  0  0  15  0  0  0  0  0  0  0  0  0  0  0  0  0  0  0  0  0  0  0  0  147  0  0  0  0  0  0  0  54  0  2703  0  0  82  0  0  0  0  0  0  0  0  0  0  0  0  0  0  0  917  0  0  0  0  0  0  
0  0  0  0  0  0  0  0  1  19  0  0  0  0  0  0  0  8  0  0  0  0  1  0  0  3  0  0  0  4  0  1  0  0  0  0  0  0  0  0  6  0  0  7  0  0  0  22  4  0  0  0  0  0  4  0  1  0  1  0  0  0  0  0  1  32  1  0  0  0  0  0  9  0  7  0  1  4812  34  36  86  27  2607  362  0  17  0  6  22  7  2271  1304  330  0  6  5  1547  25  277  17468  109  1  92  0  8  44  6017  1287  13  12463  30  23  10  0  0  0  522  179  2707  197  114  9503  3586  10  12  38  77  96  1500  3070  178  20  21  97  434  1  165  9  62  5317  554  270  158  0  684  14  2915  3485  
0  0  0  0  0  0  0  0  0  0  6  0  0  0  0  0  0  0  0  0  0  9  0  0  0  0  0  0  0  0  0  0  0  0  0  0  0  0  0  0  1  0  0  0  0  0  0  0  0  0  0  0  0  0  0  0  0  0  0  0  0  0  0  0  0  0  0  0  0  0  0  0  0  0  0  5769  0  0  0  0  0  0  0  1  5709  0  0  0  0  0  0  0  11213  7453  363  16191  0  0  0  0  0  0  0  0  0  0  0  0  0  0  0  0  0  0  0  0  0  15329  0  0  0  0  0  0  13374  0  0  0  0  0  2181  127  1  0  1959  0  0  0  0  1  1  1  0  0  0  0  0  0  
0  0  0  0  0  0  0  0  0  0  0  0  0  0  0  0  0  0  0  0  0  0  0  0  0  0  0  0  0  0  0  0  0  0  0  0  0  0  0  0  0  0  0  0  0  0  0  0  0  0  0  0  0  0  0  0  0  0  0  0  0  0  0  0  0  0  0  0  0  0  0  0  0  0  0  0  0  1  0  0  0  0  1  1  0  0  0  0  0  0  78  167  0  0  4  0  16141  164  1  9  1  0  0  0  0  2  0  4978  9482  4  6123  11885  0  0  33  0  0  0  0  1  0  1107  4  9789  0  0  0  0  0  4  0  0  4  43  40  0  0  2  0  3  1  0  0  0  0  1494  1467  19  
0  0  0  0  0  0  0  0  0  0  54  0  0  0  0  0  0  0  0  0  0  180  0  0  0  0  0  0  0  0  0  0  0  0  0  0  0  0  0  0  1  0  0  26  0  0  0  0  1  0  0  0  0  0  0  0  0  0  0  0  1  0  0  0  0  0  0  0  0  0  0  0  0  0  1  5  0  110  5  5  5  0  1499  4901  24405  3  0  1  5  2  0  13  2975  3263  0  31110  1920  0  12  485  9  1  5  1681  0  0  0  0  0  32  0  0  0  0  296  9768  0  0  45  29  10  2  239  0  249  13  28  30  0  400  8784  11145  640  0  5519  0  1  0  12022  66  28  62  7  0  1964  1  455  0  
0  0  0  0  0  0  0  0  0  0  0  0  0  0  0  0  0  0  0  0  0  0  0  0  0  0  0  0  0  0  0  0  0  0  0  0  0  0  0  0  1  0  0  0  0  0  0  1  0  0  0  0  0  0  0  0  0  0  0  0  0  0  0  0  0  13  0  0  0  0  0  0  1  0  7  0  9185  3315  30  32  300  1543  430  9  0  44  0  23  136  3734  10  130  5  0  0  0  22  3  1  12102  33  35365  40101  1  0  2  0  0  0  62  0  0  7  0  674  0  0  3  0  4521  227  4  2518  0  1  171  253  538  10  916  3  1  0  0  2  5  23  3  21  617  20879  4563  11901  0  227  0  131  0  
0  0  50  0  0  0  0  107  21  0  0  0  0  0  0  14  0  0  0  0  0  0  0  0  0  0  0  0  0  0  0  0  0  0  0  0  0  0  0  0  0  0  0  0  0  136  0  0  0  0  0  0  0  0  0  0  0  0  0  0  0  0  0  0  0  1  0  0  0  0  6  0  0  0  0  0  9488  3  6  22  1146  7635  4658  4  0  0  0  0  2  1503  0  106  7  0  0  0  41  1  0  506  2470  226  168  14598  0  1  0  0  0  242  0  0  0  0  1098  0  1  1  7647  0  5  4  33  0  0  2  13  45  0  4520  5  2  0  0  1  0  13  0  50  1600  4208  7  172  0  6181  0  61  0  
0  0  0  0  0  0  0  0  0  0  0  0  0  0  0  0  0  0  0  0  0  0  0  0  0  0  0  0  0  0  0  0  0  0  0  0  0  0  0  0  0  0  0  0  0  0  0  0  0  0  0  0  0  0  0  0  0  0  0  0  0  0  0  0  0  1  0  0  0  0  0  0  0  0  733  0  0  0  748  407  75  3  102  2  0  229  3563  540  54  1  11  4732  1  0  0  0  17  12212  0  17  7  0  4  0  15  289  1  0  7  7  0  0  2499  19  266  0  0  0  321  9  0  4  2222  0  0  426  85  17  0  427  1  0  0  0  0  89  1561  7919  4  88  22  3  10  0  58  0  4  0  
0  0  0  0  1  0  0  0  1  26  0  0  0  0  1  0  1  19  0  0  0  0  1  0  0  0  0  0  0  2  0  5  0  0  0  0  0  0  0  0  10  0  0  7  0  0  1  26  4  0  0  0  0  0  2  1  0  0  0  0  0  0  0  0  2  27  0  0  1  0  0  0  15  0  0  0  0  73  1  1  1  0  70  39  0  63  0  0  2  0  9318  2666  11  0  1  1  1629  34  4  172  4  0  1  0  10  71  8759  2329  17294  84  18  3527  0  0  9015  0  5429  11  6  11  9  0  66  969  5  2  0  6  0  70  2  0  3  69  49  0  7  4  0  342  18  1  0  0  25  858  10530  10552  
0  0  0  0  0  0  0  0  0  0  0  0  0  0  0  0  0  0  0  0  0  0  0  0  0  0  0  0  0  0  0  0  0  0  0  0  0  0  0  0  0  0  0  0  0  0  0  0  1  0  0  0  0  0  0  0  0  0  0  0  0  0  0  0  0  6  0  0  0  0  0  0  0  0  636  0  0  19172  2020  1608  797  20  1702  85  0  13947  2  7072  383  13  2313  8716  14  0  0  0  65  48  0  2744  90  53  346  0  5  99  225  0  3  94  0  0  4541  1621  3319  0  0  12  3460  144  2433  24  0  0  1  2723  424  118  4  6112  15  1  0  0  0  42  63  14  119  1081  227  2435  199  4  850  0  32  0  
0  0  0  0  0  0  0  0  0  0  0  0  0  0  0  0  0  0  0  0  0  0  0  0  0  0  0  0  0  0  0  0  0  0  0  0  0  0  0  0  0  0  0  0  0  0  0  0  0  0  0  0  0  0  0  0  0  0  0  0  0  0  0  0  0  0  0  0  0  0  0  0  0  0  0  0  0  0  0  0  0  0  3  0  0  0  0  0  0  0  0  0  0  0  13443  0  8815  0  2  5  0  0  0  0  0  0  0  4  240  2  12730  4079  0  0  22  0  20510  1  0  0  0  166  0  0  0  0  0  0  0  1  0  0  2  11132  3542  0  0  0  0  0  0  1  0  0  1  2152  6217  6  
0  0  0  0  0  0  0  0  0  0  0  0  0  0  0  0  0  0  1  0  0  7  0  0  0  1  0  0  0  0  0  0  0  0  0  0  0  0  0  0  2  0  0  0  0  0  0  0  1  0  2  0  0  0  0  0  1  0  0  0  0  0  0  0  0  0  0  0  0  0  0  0  1  0  0  9462  0  5  0  0  0  0  1  0  0  0  0  0  0  0  0  1  3085  0  6890  1647  0  0  0  5  0  0  0  0  0  0  0  0  0  0  1  0  0  0  3  12834  0  19  0  0  0  0  6  0  0  0  0  0  0  1  1962  0  2216  380  13755  0  0  0  0  1  0  1  0  0  0  0  6  0  
0  0  0  0  0  1  1  0  0  0  0  0  0  0  0  0  0  0  0  0  0  0  0  0  0  0  0  0  0  0  0  0  0  0  0  0  0  0  0  0  0  0  0  0  0  0  0  0  0  0  0  0  0  0  0  0  0  0  0  0  0  0  0  0  0  18  0  0  0  0  0  0  0  0  808  0  0  276  2697  2579  1452  10  118  0  0  7662  0  23313  37008  76  0  48  2  0  1  0  3  26  0  20  14  0  288  0  1  110  0  0  0  6  0  0  543  67  40  0  0  2  55  10  172  0  1535  0  0  0  13775  17313  0  463  1  0  0  0  0  6107  9  10  7  1215  67  20144  24  0  60  0  27  0  
0  0  0  0  0  1  0  0  0  0  0  0  0  0  0  0  0  0  0  0  0  0  0  0  0  0  0  0  0  0  0  0  0  0  0  0  0  0  0  0  0  0  0  0  0  0  0  0  0  0  0  0  0  0  0  0  0  0  0  0  0  0  0  0  0  12  0  0  0  0  0  0  0  0  6167  0  0  4  17875  3201  125  21  145  1  0  52  0  525  72809  2542  0  9  2  0  0  0  1  12  0  20  14  0  5  0  0  141  0  0  0  5  0  0  425  0  35  0  0  2  36  8  18  0  100  0  0  20783  0  6769  0  627  2  0  0  0  0  11147  3  0  14  577  74  48  19  1  60  0  9  0  
0  0  0  0  0  0  0  0  0  0  0  0  0  0  0  0  0  0  0  0  0  0  0  0  0  0  0  0  0  0  0  0  0  0  0  0  0  0  0  0  0  0  0  0  0  0  0  1  0  0  0  0  0  0  0  0  0  0  0  0  0  0  0  0  0  12  0  0  0  0  0  0  0  0  6  0  0  7  52  3252  13930  2507  415  2  0  9  0  12  24060  37710  2  31  7  0  0  0  16  0  0  92  14  0  469  0  0  5  0  0  0  29  0  0  3  0  154  0  0  4  864  70  13  0  98  0  0  16803  2919  0  3  2384  1  1  0  0  1  14  2  1  44  563  169  2914  9848  0  290  0  51  0  
0  0  0  0  0  0  0  0  0  0  0  0  0  0  0  0  0  0  0  0  0  0  0  0  0  0  0  0  0  0  0  0  0  0  0  0  0  0  0  0  0  0  0  0  0  0  0  0  0  0  0  0  0  0  0  0  0  0  0  0  0  0  0  0  0  0  0  0  0  0  0  0  0  0  0  0  0  31  2  7  4  0  1  0  0  2  0  1  13  1  0  0  3  0  0  0  0  0  6605  8341  187  1  0  0  0  0  0  0  0  6899  0  0  0  0  2078  0  0  0  22  0  2  0  14  0  0  20  12  81  0  7047  1  2  0  0  0  1  0  0  0  6  684  20  13  0  0  0  1581  0  
0  0  0  0  0  0  0  0  0  0  0  0  0  0  0  0  0  0  0  0  0  0  0  0  0  0  0  0  0  1  0  0  0  0  0  0  0  0  0  0  0  0  0  0  0  0  0  0  0  0  0  0  0  0  0  0  0  0  0  0  0  0  0  0  0  14  0  0  0  0  0  0  0  0  4  0  45  185  226  211  477  22  929  3  1  8  0  10  171  19  0  50  4772  4335  7  0  12  1  21182  7910  31241  2  44  3664  0  5  0  0  0  883  9  2  6  0  2308  0  8  649  405  2325  64  34  636  0  149  249  575  1028  7171  0  536  9873  88  14  219  1  2  4  3664  628  10328  875  263  0  10688  0  4644  0  
0  0  0  0  0  0  0  0  0  0  0  0  0  0  0  0  0  0  0  0  0  0  0  0  0  0  0  0  0  0  0  0  0  0  0  0  0  0  0  0  0  0  0  0  0  0  0  0  0  0  0  0  0  0  0  0  0  0  0  0  0  0  0  0  0  0  0  0  0  0  0  0  0  0  1  82  0  104  7  21  28  4  19  1  91  3  0  1  30  1  0  6  53277  1348  10  534  0  0  9  119  1  2  9  0  0  2  0  0  0  1  0  0  2  0  46  2325  0  15164  122  5  18  1  318  0  2016  70  152  130  0  327  0  5170  1936  1  7358  4  0  0  329  31  12  439  8  0  30  0  3608  0  
0  0  0  0  0  0  0  0  0  0  0  0  0  0  0  0  0  0  0  0  0  0  0  0  0  0  0  0  0  0  0  0  0  0  0  0  0  0  0  0  0  0  0  0  0  0  0  0  0  0  0  0  0  0  0  0  0  0  0  0  0  0  0  0  0  0  0  0  0  0  0  0  0  0  0  0  0  14  13  10  12  2  6  0  5547  0  0  1  22  2  1  3  38068  14521  0  4  0  0  356  35  3  0  2  5  0  1  0  0  0  1  0  0  1  0  25  334  0  20256  35  1  1  0  33  0  19  27  70  75  0  9289  2832  0  10  0  40  2  1  0  10284  12  6  115  2  0  62  0  37  0  
0  0  0  0  0  0  0  0  0  0  0  0  0  0  0  0  0  0  0  0  0  0  0  0  0  0  0  0  0  0  0  0  0  0  0  0  0  0  0  0  0  0  0  0  0  0  0  0  0  0  0  0  0  0  0  0  0  0  0  0  0  0  0  0  0  0  0  0  0  0  0  0  0  0  1  4641  0  327  2  2  5  0  46  3  0  13  0  2  1  0  1  1  8922  0  2240  8  3  0  5  204  2  2  12  0  0  0  0  0  0  13  1755  11250  0  1  92  0  1  127  61  4  8  1  885  7  7563  19  3  1  0  109  1943  0  0  7495  3322  0  0  0  1  27  11  84  2  0  28  12518  7135  0  
0  0  0  0  0  0  0  0  0  0  0  0  0  0  0  0  0  0  0  0  0  0  0  0  0  0  0  0  0  0  0  0  0  0  0  0  0  0  0  0  0  0  0  0  0  0  0  1  0  0  0  0  0  0  0  0  0  0  0  0  0  0  0  0  0  0  0  0  0  0  0  0  0  0  0  6454  0  7  0  0  1  0  43  0  0  0  0  0  0  0  1  2  57  0  24497  1  280  0  4  39  3  0  1  0  0  0  0  1  1  9  16799  2359  0  0  100  0  53  5  1  2  0  4  19  12868  1160  0  0  1  0  15  3  0  7598  0  4861  0  0  0  0  9  3  3  0  0  5  12475  4874  1  
0  1  0  0  0  0  0  0  0  1  0  0  0  0  0  0  0  0  0  0  0  4  0  0  0  0  0  0  0  0  0  0  0  0  0  0  0  0  0  0  1  0  0  1  0  0  0  0  0  0  0  0  0  0  0  0  0  0  0  0  0  0  0  0  0  0  0  0  0  0  0  0  0  0  0  298  0  32  0  1  3  1  263  33  0  0  0  0  0  0  2  0  4228  3  27508  24118  17018  0  63  313  9  0  1  0  1  3  0  3  18  98  417  377  0  0  1084  1316  42  4680  7  15  1  19  60  2272  15522  0  0  6  0  110  5732  9  4264  3996  0  0  0  0  1  126  23  9  6  0  30  4  1680  0  
0  0  0  0  0  0  0  0  0  0  0  0  0  0  0  0  0  0  0  0  0  0  0  0  0  0  0  0  0  0  0  0  0  0  0  0  0  0  0  0  0  0  0  0  0  0  0  0  0  0  0  0  0  0  0  0  0  0  0  0  0  0  0  0  0  0  0  0  0  0  0  0  0  0  6340  0  0  3  318  323  6  0  8  0  0  2  8455  3369  4381  0  0  0  0  0  0  0  0  8153  0  3  1  0  0  0  0  26  0  0  0  1  0  0  5787  0  4  0  0  0  3  0  18  0  4  0  0  6077  6780  3  0  43  0  1  0  0  0  0  8  121  1  19  2  2  1  0  4  0  0  0  
0  0  0  0  0  0  0  0  0  2  0  0  0  0  0  0  0  0  0  0  0  0  1  0  0  0  0  0  0  0  22  2  0  0  0  0  0  0  0  0  0  0  0  1  0  0  0  1  0  0  0  0  0  0  0  0  0  0  0  0  0  0  0  0  0  0  0  0  0  1  0  0  1  0  563  0  0  1  37  2684  10  1  32  0  0  0  10  5  12  5  7  848  0  0  0  0  696  22760  0  17  4  1  1  0  12024  9707  0  0  0  3  0  0  86  0  398  0  1  1  274  7  818  7  53  0  0  31  7  5  0  190  1  0  0  0  4  78  0  4062  4  59  16  1  9  4059  25  0  40  0  
0  0  0  0  0  0  0  0  0  0  0  0  0  0  0  0  0  0  0  0  0  0  0  0  0  0  0  0  0  0  0  0  0  0  0  0  0  0  0  0  0  0  0  0  0  0  0  0  0  0  0  0  0  0  0  0  0  0  0  0  0  0  0  0  0  0  0  0  0  0  0  0  0  0  1596  0  0  0  133  3434  0  0  7  0  0  1  5686  5  7  27  15  118  0  0  0  0  42  40544  0  0  1  0  1  0  63  1325  0  5  3  0  0  0  13574  0  34  0  1  0  40  1  8983  0  14  0  0  21  6  1  0  38  0  0  0  0  0  421  7424  0  0  172  5  0  1  775  5  0  0  0  
0  0  0  0  0  0  0  0  0  0  9  0  0  0  0  0  0  0  0  0  0  0  0  0  0  0  0  0  0  190  0  0  0  0  0  0  0  0  0  0  0  0  0  0  0  0  0  0  0  0  0  0  0  0  0  0  0  0  0  0  0  0  0  0  1  0  0  0  0  0  0  0  0  0  0  0  0  21  7  18  26  2  486  47  15164  0  0  1  27  0  0  1  868  7822  2  30  0  0  44  118  3436  0  6  25867  0  0  0  0  0  13  1  0  0  0  65  0  0  13832  38  36  7  2  71  0  45  32  72  152  0  6372  768  14816  31  3  58  0  0  1  0  22  17  79  21  0  4223  0  363  0  
1  0  0  0  1  1666  71  123  1732  3106  0  1  0  0  0  6  7  226  2  1  0  0  1  0  0  16  1  0  1  482  0  131  0  0  0  0  0  0  0  1  67  0  0  212  10  0  3  276  130  0  1  5  0  1  97  2  2  1  0  0  0  0  2  1  144  10478  12  3  0  2  1  0  156  1  143  0  0  75  155  20592  10317  8460  14745  5120  0  92  0  108  599  96  2  157  11  0  0  1  70  8  1  2641  118  1  106  0  6  3767  0  0  0  736  5  2  8  0  9939  0  7  21  1010  292  122  69  515  0  2  273  287  257  0  944  6  2  4  10  180  14  82  26  13  0  1018  103  82  24  1263  0  199  0  
0  0  0  0  0  0  0  0  0  0  0  0  0  0  0  0  0  0  0  0  0  0  0  0  0  0  0  0  0  0  0  0  0  0  0  0  0  0  0  0  0  0  0  0  0  0  0  0  0  0  1  0  0  0  0  0  0  0  0  0  0  0  0  0  0  1  0  0  0  0  0  0  0  0  2  0  3800  101  148  98  240  14  275  3  0  4  0  3  70  54  1  24  5  0  0  0  8  2  2  23913  17827  19969  113  276  0  8  0  0  1  355  0  0  2  0  829  0  0  4  17382  5512  14  5  77  0  0  84  122  448  199  10475  8  3  1  0  2  2  5  0  6  478  0  84  1138  0  83  0  41  0  
0  0  0  0  0  0  1  0  0  0  0  0  0  0  0  0  0  0  0  0  0  0  0  0  0  0  0  0  0  0  0  0  0  0  0  0  0  0  0  0  0  0  0  0  0  0  0  0  0  0  0  0  0  0  0  0  0  0  0  0  0  0  0  0  0  5  0  0  0  0  0  0  0  0  12  0  0  8635  46  178  302  8  386  5  0  12241  0  138  8705  75  0  25  11  0  0  0  6  4  1  176  16  1  22169  0  0  16  0  0  0  33  0  0  173  351  124  0  0  4  7427  27  146  1  2663  0  2  20614  323  5434  2  1731  2  5  0  0  0  9  1  6  59  323  119  0  834  0  224  0  15  0  
0  0  0  0  0  0  0  0  0  0  0  0  0  0  0  0  0  0  0  0  0  0  0  0  0  0  0  0  0  0  0  0  0  0  0  0  0  0  0  0  0  0  0  0  0  0  0  0  0  0  0  0  0  0  0  0  0  0  0  0  0  0  0  0  0  8  0  0  0  0  0  0  0  0  1  0  0  6  17  23  1350  10081  271  1  0  0  0  1  6605  6973  1  21  4  0  0  0  9  0  0  77  18  0  29269  0  0  1  0  0  0  20  0  0  0  0  115  0  0  2  14226  629  13  0  45  0  1  7  26  8256  1  887  0  0  0  0  1  0  5  0  46  471  1359  328  0  0  172  0  37  0  
0  0  0  0  0  105  0  0  0  0  0  0  0  0  0  0  0  0  0  0  0  0  0  0  0  0  0  0  0  0  30  29  0  0  0  0  0  0  0  0  0  0  0  0  0  0  0  0  0  0  0  0  0  0  0  0  0  0  0  0  0  0  0  0  0  3  0  0  0  68  0  0  0  0  2886  0  0  0  4101  7950  0  0  0  0  0  0  0  0  0  12210  0  0  0  0  0  0  0  3188  0  0  0  0  0  0  8712  1745  0  0  0  0  0  0  0  0  0  0  0  0  0  0  1  0  1  0  0  0  0  0  0  0  0  0  0  0  0  1  4517  400  0  10  0  0  0  0  0  0  0  0  
0  0  1  0  0  0  0  2  2612  0  0  0  0  0  0  0  0  1  0  0  0  0  0  0  0  0  0  0  0  655  0  0  0  0  0  0  0  0  0  0  0  0  0  0  0  166  0  0  0  0  0  0  0  0  0  0  0  0  0  0  0  0  0  0  0  73  0  0  0  0  2761  0  0  0  2  0  2  37  9  11  906  73  9647  243  2  2  0  0  12  2  2  30  168  10  0  0  9  0  4  735  2624  1  40  14523  0  0  0  0  0  250  2  1  0  0  782  0  0  489  75  6748  9  5  119  0  6  28  44  89  0  17626  108  26  7  4  34  1  0  1  3931  1032  507  35  42  0  0  0  167  0  
0  0  0  0  0  0  0  0  0  0  0  0  0  0  0  0  0  0  0  0  0  0  0  0  0  0  0  0  0  0  0  0  0  0  0  0  0  0  0  0  0  0  0  0  0  0  0  0  0  0  0  0  0  0  0  0  0  0  0  0  0  0  0  0  0  0  0  0  0  0  0  0  0  0  0  79  0  2  0  0  0  0  2  0  0  0  0  0  0  0  0  0  117  0  69  0  30  0  0  1  0  0  1  0  0  0  0  19  194  3  25057  36001  0  0  4  0  2548  5  1  0  0  239  0  3930  5  0  0  1  0  4  1  0  13020  11843  25  0  0  0  0  0  1  1  0  0  0  0  6938  19  
0  0  0  0  0  1  0  0  0  0  0  0  0  0  0  0  0  1  0  0  0  0  0  0  0  0  0  0  0  0  0  0  0  0  0  0  0  0  0  0  0  0  0  0  0  0  0  2  0  0  0  0  0  0  0  0  0  0  0  0  0  0  0  0  0  4  0  0  0  0  0  0  1  0  3  6  0  447  12  23  49  4  142  9  0  26  0  11  30  4  31  25  12652  0  2468  8  1562  1  37904  4129  6  13  22  0  1  4  0  29529  2871  9771  430  53159  2  0  2271  0  3349  498  462  10  52  10660  1350  5132  1485  80  205  149  1116  11697  2350  23  7237  6835  5069  3  0  2  106  96  14  914  23  0  62  6858  0  3618  
0  0  0  0  0  0  0  0  0  0  0  0  0  0  0  0  0  0  0  0  0  0  0  0  0  0  0  0  0  0  0  0  0  0  0  0  0  0  0  0  0  0  0  0  0  0  0  0  0  0  0  0  0  0  0  0  0  0  0  0  0  0  0  0  0  0  0  0  0  0  0  0  0  0  0  0  0  0  0  0  0  0  0  0  0  0  0  0  0  0  0  0  0  0  0  0  10  0  1  48  0  0  0  0  0  0  6526  7742  1839  6927  1  64  0  0  3093  0  33  0  0  0  0  12476  0  18  0  0  0  0  0  0  0  0  0  4  1  0  0  0  0  1  0  1  0  0  0  14  4730  0  
