0  0  0  2  10496  2492  0  0  0  0  0  20  0  492  3440  372  1  40  0  0  0  0  1  7520  0  1  0  0  0  0  2752  245  0  0  0  0  0  0  252  217  3  0  0  0  1  0  122  1  1844  0  0  7180  5945  3  0  0  0  0  0  0  0  1703  11  1528  0  64  0  12  1  4061  0  0  3  0  0  0  0  0  0  0  0  0  0  0  0  0  0  0  0  0  0  0  0  0  0  0  0  0  0  0  0  0  0  0  0  1  0  0  0  0  0  0  0  0  0  0  0  0  0  0  0  0  0  0  0  0  0  0  0  0  0  0  0  0  0  0  0  0  0  3  0  0  0  0  0  0  0  0  
0  0  0  1  0  0  0  1  0  0  0  0  0  0  0  0  0  0  6196  0  13346  2343  0  0  0  0  0  0  0  0  0  0  0  0  0  0  1669  818  0  0  0  12466  0  17  11  0  0  1  0  0  16637  0  0  0  5  0  12971  1  12174  5737  1593  0  0  0  0  1  0  2  0  0  0  0  28  0  0  0  0  0  0  0  0  0  0  0  0  0  0  0  0  0  0  0  0  0  0  1  0  0  0  0  0  0  0  0  0  0  0  0  0  0  0  0  0  0  0  0  0  0  0  0  0  0  0  0  0  0  0  0  0  0  0  0  0  0  0  0  0  0  0  0  0  0  0  0  0  0  0  0  
0  0  0  0  0  3  0  2536  37  0  0  0  0  0  0  12317  0  0  0  0  0  0  0  0  0  0  3344  6649  3984  2178  0  0  0  0  0  0  0  0  0  0  2  0  0  0  8919  12336  0  1  29  0  0  0  0  6  0  1  1  0  0  0  0  0  0  0  0  5  2237  0  2799  0  0  0  1  0  0  0  84  0  0  0  0  7  14  0  0  0  0  0  0  66  0  0  0  0  0  0  0  0  0  0  0  0  1  71  0  0  0  0  0  0  0  0  0  0  0  0  0  0  0  283  0  0  0  0  0  0  0  0  0  0  0  0  0  0  0  0  0  0  0  0  0  0  0  0  6  0  0  0  
6  0  0  0  26  42  44  47  24  0  0  7914  4  9  16  2  64  193  58  0  0  2  1  3  0  17603  0  9268  3250  1  0  5  2435  28  17  3  0  0  4  99  7402  0  0  56  10599  0  28  36  15640  0  16  206  23  55  100  3  144  7  3  6  11  0  0  2  7  49  2010  2225  178  2  5  0  70  19  0  0  0  0  0  0  0  0  0  0  0  0  0  0  0  0  0  0  0  0  0  0  0  0  0  0  0  0  0  0  0  0  0  0  0  0  0  0  0  0  0  0  0  0  0  0  0  0  0  0  0  0  0  0  0  0  0  0  0  0  0  0  0  0  0  0  0  0  0  0  0  0  0  0  
9520  0  0  0  0  1975  1  0  0  0  0  7  0  37  1593  8890  0  10  0  0  0  0  0  187  0  0  0  0  0  0  941  32  0  0  0  0  0  0  12  213  1  0  0  0  0  0  13  0  455  0  0  599  3782  1  0  0  0  0  0  0  0  0  0  135  0  12  0  7  0  656  0  0  0  0  0  0  0  0  0  2  0  0  0  0  0  0  0  0  0  1  0  0  0  0  0  0  0  0  0  0  0  0  0  0  0  0  0  0  0  0  0  0  0  0  0  0  0  0  0  0  0  0  0  0  0  0  0  0  0  0  0  0  0  0  0  0  0  0  0  1  0  0  0  1  0  0  0  0  
3756  0  0  15  3082  0  7883  143  267  1  0  16  0  145  895  20354  8  416  6  0  0  0  1  2363  0  35  0  0  4  1  919  5341  0  0  0  0  0  0  40  255  45  0  0  7  59  0  165  24  2009  0  0  1220  535  1802  14  3  3  2  0  0  1  2  551  1288  55  12315  146  105  255  12561  2  0  38  0  5  0  0  1  2  792  14  1  4  0  0  0  0  0  1  134  0  1  0  0  0  0  0  0  0  0  0  0  0  0  117  84  0  0  0  0  0  0  1  0  1  0  0  0  0  0  0  1  0  0  0  0  0  0  0  0  0  0  0  0  0  0  0  0  0  2136  0  0  0  83  0  0  0  0  
2  0  0  92  4  11264  0  11955  2537  0  0  1  0  1  6  23365  1  32  12  0  0  0  0  0  0  41  1  0  3  17  0  4  1  0  0  0  0  0  0  22  17  0  0  48  395  1  8  8  412  0  2  411  9  2146  92  6  8  1  0  0  0  0  0  0  929  9198  156  549  1046  0  19  0  11  0  0  0  0  0  0  56  115  154  15  0  0  0  0  0  0  8  0  0  0  0  0  0  0  0  0  0  0  0  0  0  0  0  0  0  0  0  0  0  0  0  0  0  0  0  0  0  0  0  0  0  0  0  0  0  0  0  0  0  0  0  0  0  0  0  0  80  0  0  0  0  0  0  0  0  
1  0  1205  189  8  370  10762  0  10557  0  0  11  0  0  3  14102  0  14  13  0  0  0  0  0  0  45  0  2  1696  7  0  0  0  0  0  0  0  0  0  83  18  0  0  26  2395  6176  4  3  87  0  0  175  3  6271  58  14  19  1  0  0  1  0  0  0  162  6608  426  56  5569  0  80  0  5  0  0  0  5  0  0  1  3  1299  108  0  0  0  0  0  0  843  0  0  0  0  0  0  0  0  0  0  0  0  0  0  0  0  0  0  0  0  0  0  0  0  0  0  0  0  0  19  0  0  0  0  0  0  0  0  0  0  0  0  0  0  0  0  0  0  0  143  0  0  0  0  4  0  0  0  
0  0  4  1  0  73  328  4516  0  462  0  0  0  0  0  14  4  47  56  2  0  1  0  0  1  84  1  6  14  1254  0  6  0  0  0  0  0  0  0  0  122  0  0  62  97  4595  1  35  98  0  1  4  0  137  250  233  34  2  0  0  2  0  0  0  1127  9255  541  5  17  0  8537  0  9  0  0  0  2  0  0  0  0  81  1657  8  0  0  0  0  0  13  0  0  0  0  0  0  0  0  0  0  0  0  0  180  0  0  0  0  0  0  0  0  0  0  11  0  0  0  0  66  0  0  0  0  0  0  0  0  0  0  0  0  0  0  0  0  0  0  0  2171  0  0  0  0  2976  0  0  0  
2  0  0  7  28  15  9  3  590  0  2  10  0  4  16  1  8  1471  19  0  0  171  1286  1  3  81  1  0  0  3307  0  138  0  0  0  0  0  1  1  88  1313  0  1  9785  35  0  24  458  1042  1  34  49  32  14  319  22  14  1  7  1  5  0  2  1  394  15975  35  125  3  1  3  0  611  32  0  0  0  5  6  5  4  1  131  6  0  1  0  1  0  0  0  9  3  0  0  9  1  0  0  20  0  0  1  1  0  4  0  0  0  8  0  0  1  0  179  0  1  0  33  2  2  4  32  0  1  12  3  3  0  36  1  0  0  0  1  0  1  0  1  5133  4  12  1  0  10  0  14  0  
0  0  0  0  0  0  0  0  0  1  0  0  0  0  0  0  0  0  27  30994  0  2143  0  0  8  0  10  0  0  1857  0  0  0  0  0  0  0  0  0  0  0  2408  0  31037  0  0  0  0  0  0  0  0  0  0  0  2  135  12359  0  0  3  0  0  0  14610  1  0  2  0  0  1  0  3  0  0  0  0  0  0  0  0  0  0  0  4480  0  0  0  0  0  0  0  0  28  0  145  0  0  0  0  0  0  0  28  0  0  0  0  0  0  0  0  0  0  1  17  0  47  0  0  0  0  0  0  0  0  0  0  0  0  0  0  0  0  0  0  0  0  4  0  0  0  0  0  0  0  0  0  
42  0  0  16364  217  113  0  0  0  0  0  0  115  2693  137  6  18  656  0  0  0  0  0  10  0  2  0  0  2798  0  0  2  113  26  11  0  0  0  18  9558  0  0  0  0  1239  0  225  5  7762  0  0  11300  309  7  0  0  0  0  0  0  0  0  0  8  0  3  0  10191  3  0  0  0  0  0  0  0  0  0  0  0  0  0  0  0  0  0  0  0  0  0  0  0  0  0  0  0  0  0  0  0  0  0  0  0  0  0  0  0  0  0  0  0  0  0  0  0  0  0  0  0  0  0  0  0  0  0  0  0  0  0  0  0  0  0  0  0  0  0  0  0  0  0  0  0  0  0  0  0  
0  0  0  3  0  3  0  0  0  0  0  56  0  1184  0  0  0  72  0  0  0  0  0  4988  0  0  0  0  0  0  0  2  0  1  1  0  0  0  4655  5  0  0  0  0  0  0  5312  0  25  0  0  0  0  0  0  0  0  0  0  0  0  994  0  602  0  0  0  0  0  0  0  0  0  0  0  0  0  0  0  0  0  0  0  0  0  0  0  0  0  0  0  0  0  0  0  0  0  0  0  0  0  0  0  0  0  0  0  0  0  0  0  0  0  0  0  0  0  0  0  0  0  0  0  0  0  0  0  0  0  0  0  0  0  0  0  0  0  0  0  0  0  0  0  0  0  0  0  0  
379  0  0  0  230  347  0  0  0  0  0  3095  1660  0  334  8  0  10  0  0  0  0  0  86  0  0  0  0  1  0  0  11  0  0  0  0  0  0  6226  8074  0  0  0  0  0  0  275  0  3610  0  0  9800  298  1  0  0  0  0  0  0  0  1879  0  433  0  1  0  1  0  5  0  0  0  0  0  0  0  0  0  0  0  0  0  0  0  0  0  0  0  0  0  0  0  0  0  0  0  0  0  0  0  0  0  0  0  0  0  0  0  0  0  0  0  0  0  0  0  0  0  0  0  0  0  0  0  0  0  0  0  0  0  0  0  0  0  0  0  0  0  0  0  0  0  0  0  0  0  0  
4715  0  0  2  1675  712  1  0  0  0  0  382  0  67  0  10130  0  11  0  0  0  0  0  1  0  19  0  0  2959  0  0  19  0  0  0  0  0  0  0  36  1  0  0  0  60  0  1  0  262  0  0  41020  22168  28501  2  0  1  0  0  0  0  4676  0  1  1  17  7  8023  1926  1  0  0  0  0  0  0  0  0  0  0  0  0  0  0  0  0  0  0  0  0  0  0  0  0  0  0  0  0  0  0  0  0  0  0  0  1  0  0  0  0  0  0  1  0  0  0  0  0  0  0  0  0  0  0  0  0  0  0  0  0  0  0  0  0  0  0  0  0  0  4  0  0  0  0  0  0  0  0  
845  0  14482  0  12306  19013  19412  14791  28  0  0  1  0  1  9894  0  0  25  0  0  0  0  0  68  0  10  0  3  1684  0  1301  165  0  0  0  0  0  0  2  9  8  0  0  1  821  681  8  3  168  0  0  199  4111  31039  3  3  0  1  0  0  0  0  0  40  4  515  49  29  5755  4248  0  0  7  0  0  0  50  0  0  239  122  559  12  0  0  0  0  0  0  1038  0  0  0  0  0  0  0  0  0  0  0  0  1  4  0  16  0  0  0  0  0  0  0  0  1  0  0  0  0  19  0  0  0  0  0  0  0  0  0  0  0  0  0  0  0  0  0  0  0  24  0  0  0  2  1  0  0  0  
0  0  0  173  0  1  0  0  1  6  0  11  0  0  0  0  0  13306  166  0  0  0  1097  115  0  41  0  0  7  0  0  1163  145  1  2423  0  0  2  0  1  1506  0  936  22  172  0  820  13936  8120  5  0  0  0  1  28  3  7  53  0  0  1  0  7  0  20  5  69  0  115  1  0  0  505  2  0  0  0  0  0  0  0  0  1  0  0  0  0  0  0  0  0  0  0  0  0  0  0  0  0  1  0  0  0  0  0  0  0  0  0  0  0  0  0  0  3  0  0  0  0  1  0  0  0  0  0  0  0  0  0  0  0  0  0  0  0  0  0  0  0  4  0  0  0  0  0  0  0  0  
35  0  1  313  17  88  0  1  2  24  0  746  109  9  0  1  7448  0  14  0  0  2  807  1617  0  37  1  0  1  0  38  5865  70  4  439  0  0  1  22  1  288  0  495  50  11  0  12380  3408  13527  4  6  16  0  4  57  0  7  0  0  0  3  0  103  37  15  27  2  4  1  87  0  0  810  6  0  0  0  0  0  0  0  0  5  0  0  0  0  0  0  0  0  0  0  0  0  0  1  0  0  4  0  0  0  0  1  2  0  0  0  0  0  0  0  0  6  0  1  0  0  0  0  0  0  0  0  0  0  0  0  4  0  0  0  0  1  0  0  0  0  8  1  0  0  0  1  0  0  0  
0  5494  0  4  0  0  0  0  2  0  3  0  0  0  0  0  0  8  0  1960  5  420  3  0  9721  3  0  0  0  0  0  0  0  0  0  0  2  294  0  0  15  6322  0  513  70  0  0  19  13  0  1052  2  1  4  16  44  50464  24570  11436  44  991  0  0  0  707  0  2  525  0  0  0  0  17289  0  0  0  0  0  0  0  0  0  0  0  0  0  0  0  0  0  0  0  0  0  0  0  0  0  0  0  0  0  0  0  0  0  0  0  0  0  0  0  0  0  0  0  0  0  0  0  0  0  0  0  0  0  0  0  0  0  0  0  0  0  0  0  0  0  0  0  0  0  0  0  0  0  0  0  
0  2  0  0  0  0  0  0  34  0  33283  0  0  0  0  0  0  1  1341  0  0  11  0  0  200  1  3683  0  0  363  0  0  0  0  0  0  0  0  0  0  0  4280  0  8441  1  0  0  0  1  0  0  0  0  0  2  2527  212  18755  1  0  1  0  0  0  11425  0  0  2  0  0  157  0  8  0  0  0  0  0  0  0  0  0  0  0  721  0  0  0  0  0  0  0  0  4  0  0  0  0  0  0  0  0  0  16  0  0  0  0  0  0  0  0  0  0  0  1  0  2  0  0  0  0  0  0  0  0  0  0  0  0  0  0  0  0  0  0  0  0  0  0  0  0  0  0  0  0  0  0  
0  9778  0  0  0  0  0  0  0  0  0  0  0  0  0  0  0  0  3  0  0  1385  3847  0  0  0  0  0  0  0  0  0  0  0  0  0  5346  67  0  0  1  0  4  6  0  0  0  1  1  12387  3863  0  0  0  0  0  1  0  557  12630  20356  0  0  0  2  0  0  2  0  0  0  2  21  0  0  0  0  0  0  0  0  0  0  0  0  0  0  0  0  0  0  0  0  0  1  0  0  0  0  0  0  0  0  0  0  0  0  0  0  0  0  0  0  0  0  0  0  0  0  0  0  0  0  0  5  0  0  0  0  0  0  0  0  0  2  0  0  0  0  1  0  0  0  0  0  0  0  0  
0  4938  0  1  0  1  0  0  0  1710  1388  0  0  0  1  0  0  4  111  12  1370  0  4371  0  2  9  0  0  0  90  0  4  0  0  0  0  0  5  0  3  144  13906  0  39019  12  0  0  4  12  0  3938  1  0  1  64  1  3688  1539  32  1  45751  0  1  0  167  14  0  11  0  0  0  0  28  0  0  0  0  0  0  0  0  0  4  5  977  0  0  0  0  0  0  0  0  0  6  926  0  0  0  1  0  0  0  0  0  0  0  0  0  0  0  0  0  0  4  2  0  286  0  0  0  1  0  0  5  0  0  0  0  0  0  0  0  0  1  0  0  0  0  6  0  0  0  0  1  0  0  0  
0  0  0  3  1  8  10  12  31  1302  0  0  0  0  2  1  1184  1443  8  0  3534  4753  0  35  44  247  0  0  1  4  0  2786  0  0  4206  0  90  861  0  4  1262  0  14381  5101  9  0  8  1146  58  9667  24  2  1  4  415  3  10  0  382  750  12130  0  6  2  152  15  1  49  1  1  0  17  3172  1  0  0  0  0  0  0  0  0  0  1  0  0  0  0  0  0  0  0  0  0  1  2  0  0  0  0  0  0  0  0  0  0  0  0  0  0  0  0  0  0  0  0  0  0  0  0  0  1  0  0  6  0  0  0  0  0  0  0  0  0  4  0  0  0  0  1  0  0  0  0  0  0  0  0  
7312  0  0  1  197  1115  0  0  0  0  0  11  5380  585  9  33  24  1180  0  0  0  0  1  0  0  0  0  0  0  0  6702  1740  5  18  186  0  0  0  1580  39  2  0  261  1  1  0  9461  162  281  0  0  309  44  0  0  0  0  0  0  0  0  7530  13652  29308  0  19  0  3  0  5654  0  0  5  0  0  0  0  0  0  0  0  0  0  0  0  0  0  0  0  0  0  0  0  0  0  0  0  1  0  0  0  0  0  0  6  0  0  0  0  0  0  0  0  0  0  0  0  0  0  0  0  0  0  0  0  0  0  0  0  0  0  0  0  0  0  0  0  0  0  2  0  0  0  0  0  0  0  0  
0  0  0  4  0  0  1  1  31  1  0  0  0  0  0  0  0  10  6433  365  1  0  15  0  0  5735  316  0  7  0  0  2  0  0  0  0  0  1  0  0  28  0  0  52  68  0  0  5  17  0  17  0  0  12  10917  21629  1532  1281  64  1  30  0  0  0  285  16  4  520  2  0  5  0  32410  0  0  0  0  0  0  0  0  0  0  0  0  0  0  0  0  0  0  0  0  0  0  0  0  0  0  0  0  0  0  0  0  0  0  0  0  0  0  0  0  0  1  0  0  0  0  0  0  0  0  0  0  0  0  0  0  0  0  0  0  0  0  0  0  0  0  0  0  0  0  0  0  0  0  0  
0  0  1  13031  0  14  12  19  87  21  0  1  0  1  2  5  14  94  32  0  0  3  13  1  4658  0  6  1747  1  41  0  13  95  4148  0  8120  0  628  0  2  18421  0  1  328  1891  1  5  87  533  0  5  33  0  38  11028  5924  23  11  0  2  15  0  0  0  182  468  22848  455  179  0  29  0  2393  93  0  0  0  0  0  0  0  0  2  0  0  0  0  0  0  0  0  1  0  0  0  0  0  0  0  0  0  0  0  0  0  0  0  0  0  0  0  0  0  0  3  0  0  0  2  0  0  0  0  0  0  0  0  0  0  3  0  0  0  0  0  0  0  0  0  3  0  0  0  0  0  0  0  0  
0  0  3476  0  0  0  0  0  28  0  9  0  0  0  0  0  0  0  1  5736  0  0  0  0  165  13  0  0  3  37647  0  0  0  0  0  0  0  0  0  0  2  0  0  4  25  248  0  0  1  0  0  0  0  0  53  40154  0  1  0  0  0  0  0  0  9603  2  11590  0  2  0  5078  0  0  0  0  0  0  0  0  0  0  0  0  0  3  0  0  0  0  0  0  0  0  4  0  0  0  0  0  0  0  0  0  90  0  0  0  0  0  0  0  0  0  0  0  0  0  0  0  0  0  0  0  0  0  0  0  0  0  0  0  0  0  0  0  0  0  0  0  0  0  0  0  0  0  0  0  0  
0  0  5202  8001  0  0  0  0  14  0  0  0  0  0  0  1  0  1  1  0  0  0  0  0  0  2481  5  0  3686  0  0  0  0  0  0  0  0  0  0  0  0  0  0  0  24662  4396  0  2  0  0  0  0  0  0  0  17  0  0  0  0  0  0  0  0  0  0  19887  0  3  0  0  0  0  0  0  0  0  0  0  0  0  0  0  0  0  0  0  0  0  0  0  0  0  0  0  0  0  0  0  0  0  0  0  0  0  0  0  0  0  0  0  0  0  0  0  0  0  0  0  0  0  0  0  0  0  0  0  0  0  0  0  0  0  0  0  0  0  0  0  0  0  0  0  0  0  0  0  0  
0  0  4820  3456  1  7  2  3624  111  1  0  1861  0  2  2980  1348  25  94  14  0  0  0  0  0  0  44  0  1676  0  0  0  10  0  0  0  0  0  0  0  2  40  0  0  7  31950  658  10  217  175  0  0  386  0  183  7  4  1  0  0  0  0  0  1  0  10  243  787  17540  20657  1  33  0  8  0  0  0  0  0  0  0  0  0  1  0  0  0  0  0  0  0  0  0  0  0  0  0  0  0  0  0  0  0  0  0  0  0  0  0  0  0  0  0  0  0  0  0  0  0  0  0  0  0  0  0  0  0  0  0  0  0  0  0  0  0  0  0  0  0  0  0  0  0  0  0  0  0  0  0  
0  0  2586  0  0  0  0  1  1319  2875  1145  0  0  0  0  0  0  101  3  253  0  105  1  0  1  32  29156  0  4  0  0  16  0  0  0  0  0  0  0  0  42  0  0  1085  28  11269  1  25  55  0  0  1  1  0  26  1749  18  1  0  0  0  0  0  0  18044  1522  1371  2  4  0  14940  0  33  0  0  0  1  0  0  0  0  1  356  21  1141  0  0  0  0  0  0  0  0  19  0  178  0  0  0  0  16  0  0  3499  0  0  0  0  0  0  0  0  0  0  14  0  0  1  0  1  0  1  0  0  0  0  0  0  0  1  0  0  0  0  0  0  0  0  24  148  0  0  0  0  984  0  0  0  
2809  0  0  0  1874  1577  0  0  0  0  0  0  0  0  0  1598  0  8  0  0  0  0  0  5793  0  0  0  0  0  0  0  1104  0  0  0  0  0  0  0  0  0  0  0  0  0  0  9  0  0  0  0  0  0  0  1  0  0  0  0  0  0  0  10593  22  0  0  0  0  0  10855  0  0  0  0  0  0  0  0  0  5  0  0  0  0  0  0  0  0  0  6  0  0  0  0  0  0  0  51  0  0  0  0  0  0  758  13  0  0  0  0  0  0  0  0  0  0  0  0  0  0  0  0  0  0  0  0  0  0  0  0  0  0  0  0  0  0  22  0  0  0  0  0  0  11  0  0  0  0  
13  0  0  1  1  4995  0  0  4  11  0  2  3  4  1  68  1660  14464  6  0  0  0  2808  1192  0  17  0  0  3  0  1523  0  0  0  1003  0  0  0  16  2  131  0  521  75  9  0  987  1167  1640  0  0  3  3  0  18  0  2  1  0  0  0  1  8288  274  15  3127  5  2  3  6223  0  0  831  0  0  0  0  0  0  86  1  1  2  0  0  0  0  1  0  38  0  0  0  0  0  0  0  0  0  5  0  0  0  0  17  2247  0  0  0  1  0  0  0  0  8  0  0  0  0  0  0  0  1  0  0  0  1  0  0  3  0  0  0  0  0  0  1  0  0  60  1  0  0  17  0  0  2  0  
0  0  0  3208  0  0  0  0  0  0  0  12  0  0  0  0  65  101  0  0  0  0  0  2  0  25  0  0  0  0  0  3  0  5949  1379  477  0  0  0  0  1955  0  0  1  0  0  11  10160  112  0  0  0  0  0  1  0  0  0  0  0  0  0  0  0  2  1  1  0  0  1  0  0  831  11074  0  0  0  0  0  0  0  0  0  0  0  0  0  0  0  0  0  0  0  0  0  0  0  0  0  0  0  0  0  0  0  0  0  0  0  0  0  0  0  0  0  0  0  0  0  0  0  0  0  0  0  0  0  0  0  0  0  0  0  0  0  0  0  0  0  0  0  0  0  0  0  0  0  0  
0  0  0  99  0  0  0  0  0  0  0  15  3  0  0  0  2  3  0  0  0  0  0  29  0  3102  0  0  0  0  0  0  8436  0  18046  10580  4  12592  0  0  429  0  4349  0  0  0  16  2498  2  0  0  0  0  0  5  0  0  0  0  0  0  0  0  0  0  0  0  0  0  0  0  76  21161  3403  0  0  0  0  0  0  0  0  0  0  0  0  0  0  0  0  0  0  0  0  0  0  0  0  0  0  0  0  0  0  0  0  0  0  0  0  0  0  0  0  0  0  0  0  0  0  0  0  0  0  0  0  0  0  0  0  0  0  0  0  0  0  0  0  0  0  0  0  0  0  0  0  0  0  
0  0  0  41  0  0  0  0  0  0  0  6  0  0  0  0  1759  521  3  0  0  0  3859  94  0  5  0  0  0  0  0  951  1527  18945  0  0  16  1596  0  0  20  0  12508  3  0  0  43  11612  6  64  0  0  0  0  5  0  1  0  41  8  48  0  0  2  4  0  0  0  0  0  0  2911  4820  3  0  0  0  0  0  0  0  0  0  0  0  0  0  0  0  0  0  0  0  0  0  0  0  0  0  0  0  0  0  0  0  0  0  0  0  0  0  0  0  0  0  0  0  0  0  0  0  0  0  0  0  0  0  0  0  0  0  0  0  0  0  0  0  0  0  0  0  0  0  0  0  0  0  0  
0  0  0  2  0  0  0  0  0  0  0  0  0  0  0  0  0  0  0  0  0  0  0  0  0  8886  0  0  0  0  0  0  647  12416  0  0  0  187  0  0  4838  0  0  0  0  0  0  794  6  0  0  0  0  0  130  0  0  0  0  0  0  0  0  0  0  0  0  0  0  0  0  0  1739  6395  0  0  0  0  0  0  0  0  0  0  0  0  0  0  0  0  0  0  0  0  0  0  0  0  0  0  0  0  0  0  0  0  0  0  0  0  0  0  0  0  0  0  0  0  0  0  0  0  0  0  0  0  0  0  0  0  0  0  0  0  0  0  0  0  0  0  0  0  0  0  0  0  0  0  
0  1540  0  0  0  0  0  0  0  0  0  0  0  0  0  0  0  1  0  0  3269  0  182  0  0  0  0  0  0  0  0  1  0  2  61  0  0  17940  0  0  0  0  6652  2  0  0  0  18  0  20265  0  0  0  0  0  0  0  0  4576  20958  141  0  0  0  0  0  0  0  0  0  0  32144  692  0  0  0  0  0  0  0  0  0  0  0  0  0  0  0  0  0  0  0  0  0  0  0  0  0  0  0  0  0  0  0  0  0  0  0  0  0  0  0  0  0  0  0  0  0  0  0  0  0  0  0  0  0  0  0  0  0  0  0  0  0  0  0  0  0  0  0  0  0  0  0  0  0  0  0  
0  944  0  1  0  0  0  0  0  0  0  0  0  0  0  0  0  0  666  0  4  9  90  0  0  34  0  0  0  0  0  0  0  12729  2176  7  16535  0  0  0  0  0  7645  357  3  0  0  198  0  1220  3  0  0  0  7  0  2  0  14726  2973  1638  0  0  0  1  0  0  3  0  0  0  34043  54101  1  0  0  0  0  0  0  0  0  0  0  0  0  0  0  0  0  0  0  0  0  0  0  0  0  0  0  0  0  0  0  0  0  0  0  0  0  0  0  0  0  0  0  0  0  0  0  0  0  0  0  0  0  0  0  0  0  0  0  0  0  0  0  0  0  0  0  0  0  0  0  0  0  0  0  
607  0  0  0  30  274  0  0  0  0  0  2  4359  7025  7  6  0  22  0  0  0  0  0  775  0  0  0  0  0  0  0  92  0  0  0  0  0  0  0  332  0  0  0  0  0  0  3199  0  2994  0  0  1008  16  1  0  0  0  0  0  0  0  471  13  4515  0  12  0  3  0  14  0  0  1  0  0  0  0  0  0  0  0  0  0  0  0  0  0  0  0  0  0  0  0  0  0  0  0  0  0  0  0  0  0  0  0  0  0  0  0  0  0  0  0  0  0  0  0  0  0  0  0  0  0  0  0  0  0  0  0  0  0  0  0  0  0  0  0  0  0  1  0  0  0  0  0  0  0  0  
42  0  0  37  136  86  0  0  0  1  0  8860  43  9327  63  5  0  8  0  0  0  0  0  6  0  1  0  0  0  0  0  4  0  0  0  0  0  0  182  0  0  0  0  1  5  0  53  0  7862  0  0  1016  228  8  1  0  0  0  0  0  0  2  0  33  0  3  2  1303  1  0  0  0  0  0  0  0  0  0  0  0  0  0  0  0  0  0  0  0  0  0  0  0  0  0  0  0  0  0  0  0  0  0  0  0  0  0  0  0  0  0  0  0  0  0  0  0  0  0  0  0  0  0  0  0  0  0  0  0  0  0  0  0  0  0  0  0  0  0  0  0  0  0  0  0  0  0  0  0  
14  0  0  4927  75  78  21  38  96  760  0  10  0  2  44  9  1680  2517  562  0  0  2  142  1  0  15881  5  0  1  7  0  204  1675  429  0  4723  0  0  1  140  0  0  4  2121  317  1  20  9772  7753  0  6  76  71  51  5329  130  71  76  1  0  22  0  5  2  206  317  1713  282  32  7  9  0  3626  3496  0  0  0  0  0  0  0  1  6  2  0  0  0  0  0  0  0  0  0  0  0  0  2  0  0  10  0  0  0  0  4  5  0  0  0  2  0  0  0  0  18  0  1  1  1  1  0  8  3  0  0  1  1  1  0  1  0  0  0  0  0  0  0  0  1  17  1  0  1  0  2  0  2  0  
0  18280  0  0  0  0  0  0  0  0  2991  0  0  0  0  0  0  0  5196  4970  1  16546  0  0  0  0  0  0  0  0  0  0  0  0  0  0  0  0  0  0  0  0  0  6632  26  0  0  0  0  0  1850  0  0  1  1  0  28250  1152  32  0  372  0  0  0  1  1  1  3  0  0  0  0  1  0  0  0  0  0  0  0  0  0  0  0  7  0  0  0  0  0  0  0  0  0  0  2  0  0  0  0  0  0  0  0  0  0  0  0  0  0  0  0  0  0  0  6  0  0  0  0  0  0  0  0  0  0  0  0  0  0  0  0  0  0  0  0  0  0  0  0  0  0  0  0  0  0  0  0  
0  0  0  0  0  0  0  0  0  1  0  0  0  0  1  0  81  159  4  0  3  0  13977  138  1  16  0  0  0  0  0  45  0  6351  15384  0  5252  8243  0  0  38  0  0  17  0  0  0  2936  2  5152  0  0  0  0  3  0  1  1  380  14  255  0  0  16  6  2  0  1  0  0  0  5143  3613  0  0  0  0  0  0  0  0  0  0  0  0  0  0  0  0  0  0  0  0  0  0  0  0  0  0  1  0  0  0  0  0  0  0  0  0  0  0  0  0  0  2  0  0  0  0  0  0  0  0  0  0  0  0  0  0  0  0  0  0  0  0  0  0  0  0  1  0  0  0  0  0  0  0  0  
3  229  0  285  10  47  65  157  252  7701  31544  3  0  1  8  13  2  707  753  4052  0  33265  4490  0  27  670  0  1  5  730  0  96  0  0  0  0  0  31  0  57  3378  7152  2  0  973  0  76  127  917  8  1123  40  11  91  1197  31  4202  13184  207  19  6565  0  2  1  12809  519  26  433  117  3  10  1  1406  4  0  0  0  0  0  0  0  0  1  3  211  0  0  0  0  0  0  0  0  0  0  6  0  0  0  1  0  0  0  1  0  0  0  0  0  0  0  0  0  0  5  0  0  9  1  0  0  0  0  0  0  0  0  0  0  0  0  0  0  0  0  0  0  0  0  11  1  0  0  0  0  0  0  0  
0  0  7898  11827  21  240  82  2237  1252  7  0  183  0  4  22  1259  143  422  87  0  0  1  0  1  0  2342  1  26320  26142  3  0  39  0  0  0  0  0  0  0  23  196  0  1  51  0  13498  65  930  2832  0  7  139  18  258  51  35  207  11  3  3  6  0  6  0  79  975  17360  6235  8738  5  378  0  70  0  0  0  0  0  0  0  0  0  2  0  0  0  0  0  0  0  0  0  0  0  0  0  0  0  0  2  0  0  0  0  0  1  0  0  0  0  0  0  0  0  7  0  0  0  0  0  0  0  0  0  0  0  0  0  0  0  0  0  0  0  0  0  0  0  0  8  1  0  0  0  0  0  0  0  
0  0  9331  1  0  1  0  6760  5072  0  0  0  0  0  0  540  0  2  4  0  0  0  0  0  0  1  409  2883  74  9710  0  0  0  0  0  0  0  0  0  0  1  0  0  3  8455  0  0  3  18  0  0  0  0  15  1  9  1  0  0  0  0  0  0  0  5  10  5612  0  22  0  4192  0  0  0  0  0  8  0  0  0  0  2  137  0  0  0  0  0  0  16  0  0  0  0  0  0  0  0  0  0  0  0  0  30  0  0  0  0  0  0  0  0  0  0  0  0  0  0  0  193  0  0  0  0  0  0  0  0  0  0  0  0  0  0  0  0  0  0  0  0  0  0  0  0  320  0  0  0  
465  0  0  0  50  667  0  0  0  0  0  68  4585  169  15  6  8  7172  0  0  0  0  4  7307  0  7  0  0  0  0  55  1904  3  1  17  0  0  0  3212  21  17  0  9  20  2  0  0  115  2728  0  0  201  49  29  2  0  0  0  0  0  0  42  555  6180  3  18  6  11  9  125  0  0  27  0  0  0  0  0  0  1  0  0  0  0  0  0  0  0  0  0  0  0  0  0  0  0  1  0  0  0  0  0  0  0  0  0  0  0  0  0  0  0  0  0  1  0  0  0  0  0  0  1  0  0  0  0  0  0  0  1  0  0  0  0  0  0  0  0  0  3  0  0  0  0  0  0  0  0  
0  0  0  36  2  9  2  0  18  194  0  13  0  0  0  1  11578  7084  45  0  0  1  958  214  3  76  1  0  8  3  1  629  8592  1183  12842  369  12  883  0  1  7000  0  5245  107  141  0  1002  0  2712  50  9  8  1  2  271  31  26  8  65  6  31  0  3  2  71  131  260  6  8  4  3  487  24941  2798  0  0  0  0  0  0  0  0  13  0  0  0  0  0  0  0  0  5  0  0  1  0  2  0  0  9  1  0  0  0  1  7  0  0  0  4  0  0  0  0  60  0  0  0  3  0  0  5  0  0  0  4  0  0  0  4  0  0  0  0  0  0  0  0  1  46  8  2  0  0  0  0  2  0  
1902  0  68  15962  1374  1717  73  73  72  513  0  6389  168  3693  615  131  4601  10485  2032  0  0  1  4  139  6  288  1  0  60  2  9  1875  81  2  1  1  0  0  2826  8712  7905  0  0  374  4235  0  2862  1044  0  0  15  3336  1405  1269  225  61  858  220  1  3  4  46  143  538  117  583  524  6558  1043  158  8  0  192  3  0  0  0  0  0  0  0  0  4  0  0  0  0  0  0  0  0  0  0  0  0  0  0  0  0  0  0  0  0  0  0  5  0  0  0  0  0  0  0  0  12  0  0  0  0  0  0  1  0  0  0  0  0  0  0  3  0  0  0  0  0  0  0  0  0  43  0  0  0  0  0  0  1  0  
0  0  0  0  0  0  0  0  0  0  0  0  0  0  0  0  2  1  0  0  12399  0  9044  0  0  2  0  0  0  0  0  0  0  0  85  0  17771  4594  0  0  5  0  8601  23  2  0  0  176  1  0  0  0  0  0  2  0  0  0  2814  10597  2999  0  0  0  0  0  0  0  0  0  0  2593  4907  0  0  0  0  0  0  0  0  0  0  0  0  0  0  0  0  0  0  0  0  0  0  0  0  0  0  0  0  0  0  0  0  0  0  0  0  0  0  0  0  0  0  0  0  0  0  0  0  0  0  0  0  0  0  0  0  0  0  0  0  0  0  0  0  0  0  0  0  0  0  0  0  0  0  0  
0  10165  0  3  0  0  0  2  1  0  0  0  0  0  0  1  0  0  103  0  2089  4864  0  0  0  1  0  0  0  0  0  0  0  0  0  0  0  0  0  0  0  752  0  969  26  0  0  0  2  0  0  0  0  1  9  0  564  0  2092  88  8712  0  0  0  2  0  0  8  3  0  0  0  14  0  0  0  0  0  0  0  0  0  0  0  0  0  0  0  0  0  0  0  0  0  0  3  0  0  0  0  0  0  0  0  0  0  0  0  0  0  0  0  0  0  0  0  0  0  0  0  0  0  0  0  0  0  0  0  0  0  0  0  0  0  0  0  0  0  0  0  0  0  0  0  0  0  0  0  
4304  0  0  13  1635  2037  16  32  3  1  0  9699  2  11506  28148  120  1  118  17  0  0  0  0  48  1  43  1  0  1002  0  1  66  0  0  0  0  0  0  1892  3059  18  0  0  6  126  0  184  5  2000  0  3  0  8609  7516  30  2  44  3  0  0  1  1970  10  96  4  162  92  9453  199  11  0  0  4  0  0  0  0  0  0  0  0  0  0  0  0  0  0  0  0  0  0  0  0  0  0  0  0  0  0  0  0  0  0  0  0  0  0  0  0  0  0  0  0  0  0  0  0  0  0  0  0  0  0  0  0  0  0  0  0  0  0  0  0  0  0  0  0  0  0  3  0  0  0  0  0  0  0  0  
5056  0  0  0  4088  933  4  0  0  0  0  2  0  16  22836  2349  1  39  3  0  0  0  1  3  0  2  0  0  0  0  0  58  0  0  0  0  0  0  0  138  4  0  0  0  1  0  8  2  416  0  0  15011  0  2488  1  0  0  0  0  0  0  0  2  2  1  35  11  8  5  4  0  0  0  0  0  0  0  0  0  0  0  0  0  0  0  0  0  0  0  0  0  0  0  0  0  0  0  0  0  0  0  0  0  0  0  1  0  0  0  0  0  0  0  0  0  0  0  0  0  0  0  0  0  0  0  0  0  0  0  0  0  0  0  0  0  0  0  0  0  2  0  0  0  0  0  0  0  0  
25  0  0  163  150  3264  1646  4064  174  1  0  2  0  1  25958  28905  0  96  27  0  0  0  0  0  5  365  1  0  139  1  1  21  0  0  0  0  0  0  0  30  27  0  0  7  530  1  34  18  1676  0  6  12289  2906  0  136  9  26  0  0  0  4  0  0  1  38  565  609  5981  10405  3  11  0  33  0  0  0  0  0  1  0  0  0  0  0  0  0  0  0  0  0  0  0  0  0  0  0  0  0  0  0  0  0  0  0  0  0  0  0  0  0  0  0  0  0  0  0  0  0  0  0  0  0  0  0  0  0  1  0  0  0  0  0  0  0  0  0  0  0  0  1  0  0  0  0  0  0  0  0  
0  0  0  13  1  12  17  39  603  3  0  0  0  0  1  1  2  144  323  0  0  5  35  0  7759  12644  35  0  7  15  0  18  0  9  0  383  0  2  0  0  3884  0  1  1698  80  0  3  81  184  1  7  10  0  28  0  1367  294  55  4  0  70  0  0  0  1061  139  140  356  6  0  58  0  12501  2  0  0  0  0  0  0  0  0  0  0  0  0  0  0  0  0  0  0  0  0  0  0  0  0  0  0  0  0  0  0  0  0  0  0  0  0  0  0  0  0  1  0  0  0  0  0  0  0  0  0  0  0  0  0  0  0  0  0  0  0  0  0  0  0  0  3  0  0  0  0  0  0  0  0  
0  0  0  5  2  9  16  13  1519  3  0  0  0  0  3  0  7  93  408  3970  0  0  0  0  20780  9221  34214  6  188  719  0  18  0  0  0  0  0  0  0  1  297  0  0  463  1246  4  2  112  166  0  5  11  0  27  3941  0  467  4374  2  0  5  0  0  1  8412  355  9532  404  115  1  9811  0  1665  0  0  0  0  0  0  0  0  0  0  0  0  0  0  0  0  0  0  0  0  0  0  0  0  0  0  0  0  0  0  0  0  0  0  0  0  0  0  0  0  0  0  0  0  0  0  0  0  0  0  0  0  0  0  0  0  0  0  0  0  0  0  0  0  0  0  1  0  1  0  0  0  0  0  0  
0  15771  0  4  0  1  1  0  5  1  57  0  0  0  0  0  0  11  54049  54  1  7201  0  0  2125  1  0  0  0  0  0  0  0  0  0  0  0  0  0  0  25  23913  0  3379  210  0  0  9  36  0  1957  5  0  9  10  191  0  4442  6727  0  1257  0  0  0  956  1  6  1351  3  0  0  0  5020  0  0  0  0  0  0  0  0  0  0  0  0  0  0  0  0  0  0  0  0  0  0  0  0  0  0  0  0  0  0  0  0  0  0  0  0  0  0  0  0  0  0  0  0  0  0  0  0  0  0  0  0  0  0  0  0  0  0  0  0  0  0  0  0  0  0  1  0  0  0  0  0  0  0  0  
0  206  0  8  0  1  1  0  6  0  10323  0  0  0  1  0  0  6  23859  18065  0  1045  0  0  1859  17  0  0  0  0  0  1  0  0  0  0  0  0  0  0  7  2095  0  9947  261  0  0  12  34  0  514  4  1  4  60  4158  7419  0  94  0  119  0  0  0  7504  9  13  156  0  0  1  0  96  0  0  0  0  0  0  0  0  0  0  0  0  0  0  0  0  0  0  0  0  0  0  0  0  0  0  0  0  0  0  0  0  0  0  0  0  0  0  0  0  0  0  0  0  0  0  0  0  0  0  0  0  0  0  0  0  0  0  0  0  0  0  0  0  0  0  0  0  0  0  0  0  0  0  0  
0  11578  0  40  0  5  0  0  0  1  0  0  0  0  3  0  0  5  9699  1  214  474  52  0  8  9  0  0  0  0  0  1  0  0  0  0  4077  17046  0  0  24  11  11  1445  334  0  0  14  7  39  5874  0  0  8  32  0  5299  4  0  9130  4145  0  0  0  9  6  2  125  2  0  0  14  7833  0  0  0  0  0  0  0  0  0  0  0  0  0  0  0  0  0  0  0  0  0  0  0  0  0  0  0  0  0  0  0  0  0  0  0  0  0  0  0  0  0  0  0  0  0  0  0  0  0  0  0  0  0  0  0  0  0  0  0  0  0  0  0  0  0  0  0  0  0  0  0  0  0  0  0  
0  4817  0  10  0  0  0  0  0  0  0  0  0  0  0  0  0  2  4  0  16168  14  141  0  1  0  0  0  0  0  0  0  0  0  8  0  19419  4755  0  0  0  0  25  725  39  0  0  8  3  10256  2167  0  0  0  38  0  7  0  8909  0  7573  0  0  0  1  1  0  15  1  0  0  6088  1694  0  0  0  0  0  0  0  0  0  0  0  0  0  0  0  0  0  0  0  0  0  0  0  0  0  0  0  0  0  0  0  0  0  0  0  0  0  0  0  0  0  0  0  0  0  0  0  0  0  0  0  0  0  0  0  0  0  0  0  0  0  0  0  0  0  0  0  0  0  0  0  0  0  0  0  
0  2730  0  38  0  5  0  1  5  4  162  0  0  0  0  0  0  10  92  13  19507  35119  11717  0  38  12  0  0  0  0  0  2  0  0  3  0  81  3462  0  0  28  932  56  7781  214  0  0  14  25  2537  10124  1  0  24  552  1  909  293  3570  7028  0  0  0  0  12  14  4  304  8  0  0  35  2637  0  0  0  0  0  0  0  0  0  0  1  4  0  0  0  0  0  0  0  0  0  0  0  0  0  0  0  0  0  0  0  0  0  0  0  0  0  0  0  0  0  0  0  0  0  0  0  0  0  0  0  6  0  0  0  0  0  0  0  0  0  0  0  0  0  0  0  0  0  0  0  0  0  0  0  
3889  0  0  0  0  4  0  0  0  0  0  0  1595  1588  4269  0  0  0  0  0  0  0  0  7014  0  0  0  0  0  0  0  2  0  0  0  0  0  0  883  2  0  0  0  0  0  0  3  0  5  0  0  2948  1  0  0  0  0  0  0  0  0  0  0  2418  0  0  0  0  0  0  0  0  0  0  0  0  0  0  0  0  0  0  0  0  0  0  0  0  0  0  0  0  0  0  0  0  0  0  0  0  0  0  0  0  0  0  0  0  0  0  0  0  0  0  0  0  0  0  0  0  0  0  0  0  0  0  0  0  0  0  0  0  0  0  0  0  0  0  0  0  0  0  0  0  0  0  0  0  
2  0  0  0  0  1143  0  0  0  0  0  0  5  1  0  0  1  432  0  0  0  0  9  12838  0  3  0  0  0  0  10480  12379  0  0  1  0  0  0  39  0  17  0  0  18  0  0  1674  4  16  0  0  0  0  0  1  0  0  0  0  0  0  0  0  3648  3  0  0  0  0  3556  0  0  28  0  0  0  0  0  0  0  0  0  0  0  0  0  0  0  0  0  0  0  0  0  0  0  0  0  0  0  0  0  0  0  2  0  0  0  0  0  0  0  0  0  1  0  0  0  0  0  0  0  0  0  0  0  0  0  0  0  0  0  0  0  0  0  0  0  0  0  0  0  0  0  0  0  0  0  
1471  0  0  1  141  1101  0  0  0  0  0  9  1887  1625  7  31  0  153  0  0  0  0  0  28902  0  1  0  0  0  0  14  1101  0  0  2  0  0  0  7652  40  2  0  7  4  0  0  7617  2  525  0  0  115  35  1  0  0  0  0  0  0  0  3634  1598  0  0  58  0  3  1  466  0  0  9  0  0  0  0  0  0  0  0  0  0  0  0  0  0  0  0  0  0  0  0  0  0  0  0  0  0  0  0  0  0  0  0  0  0  0  0  0  0  0  0  0  1  0  0  0  0  0  0  0  0  0  0  0  0  0  0  0  0  0  0  0  0  0  0  0  0  4  0  0  0  0  0  0  0  0  
0  7  0  37  2  18  94  38  2085  249  14607  0  0  0  5  1  10  297  4780  23579  0  208  3  0  207  200  12551  0  52  29027  1  38  0  0  0  0  0  0  0  4  305  102  0  13335  934  0  14  131  315  0  239  12  1  50  1082  4170  4768  8230  117  4  159  0  1  0  0  1035  153  273  24  0  5410  0  1215  0  0  0  0  0  0  0  0  0  1  1  326  0  0  0  0  0  0  0  0  9  0  1  0  0  0  4  0  0  0  17  0  0  0  0  0  3  0  0  0  0  1  0  0  0  0  0  0  0  0  0  0  0  0  0  0  0  0  0  0  0  0  0  0  0  1  5  0  0  0  0  0  0  0  0  
39  0  1  22  12  16372  8459  7268  12676  13029  0  1  0  1  11  274  15  1494  93  1  0  3  3  16  0  300  5  0  71  2146  1  4213  2  0  1  0  0  0  1  18  673  0  5  767  476  0  39  379  1288  0  3  113  19  168  330  163  33  12  1  0  4  0  10  76  2068  0  273  125  153  13  25  0  671  21  48  0  0  3  9  802  68  123  166  7  0  0  0  0  2  15  0  3  0  0  0  5  6  1  0  21  4  0  14  0  1  135  0  0  0  2  0  0  1  0  62  0  0  0  121  9  4  1  1  0  0  5  9  5  0  33  0  0  0  0  0  4  3  1  1  15898  27  2  4  6  77  0  25  0  
0  0  2188  2224  2  85  119  18  991  3  0  0  0  1  7  63  19  166  57  0  0  0  0  0  4  30290  12127  16523  277  1392  0  25  0  0  0  0  0  0  0  1  1651  0  0  200  10590  5765  0  238  370  0  2  9  3  120  655  11496  9  52  0  0  2  0  0  0  328  1438  0  253  725  1  4018  0  31  0  0  0  0  0  0  0  0  0  0  0  0  0  0  0  0  0  0  0  0  0  0  0  0  0  0  0  0  0  0  0  0  0  0  0  0  0  0  0  0  0  1  0  0  0  0  0  0  0  0  0  0  0  0  0  0  1  0  0  0  0  0  0  0  0  0  0  0  0  0  0  0  0  0  0  
31  0  0  4605  81  293  54  3  30  0  0  7756  1  34  8397  26  1  162  93  0  0  0  0  2  2  298  1  0  14777  0  0  40  0  0  0  0  0  0  13  437  45  0  0  7  12698  0  265  1  5180  0  12  12703  72  4638  206  18  174  11  1  2  11  1  4  3  16  118  510  0  4213  5  22  0  54  0  0  0  0  0  0  0  0  0  0  0  0  0  0  0  0  0  0  0  0  0  0  0  0  0  0  0  0  0  0  0  0  0  0  0  0  0  0  0  0  0  0  0  0  0  0  0  0  0  0  0  0  0  0  0  0  0  0  0  0  0  0  0  0  0  0  6  0  0  0  0  0  0  0  0  
3  0  1704  330  20  408  437  5181  422  0  0  3  0  4  2342  5729  11  109  46  0  0  0  1  0  0  194  2  1  16789  0  0  16  0  0  0  0  0  0  0  41  57  0  0  9  7823  23  11  117  610  0  0  400  37  12471  15  18  81  2  0  0  1  0  0  1  11  896  1695  3828  0  2  342  0  13  0  0  0  0  0  0  0  0  0  0  0  0  0  0  0  0  0  0  0  0  0  0  0  0  0  0  0  0  0  0  0  0  0  0  0  0  0  0  0  0  0  1  0  0  0  0  0  0  0  0  0  0  0  0  0  0  0  0  0  0  0  0  0  0  0  0  2  0  0  0  0  0  0  0  0  
2789  0  0  0  2865  14795  0  0  0  0  0  0  0  0  0  5108  0  95  0  0  0  0  4  5772  0  4  0  0  0  0  12280  7980  0  0  0  0  0  0  3  0  17  0  0  4  0  0  76  1  20  0  0  2  0  0  0  0  0  0  0  0  0  0  3217  1034  1  1  0  0  0  0  0  0  24  0  0  0  0  0  1  94  0  0  0  0  0  0  0  0  0  40  0  0  0  0  0  0  0  1  0  1  0  0  0  0  177  16  0  0  0  0  0  0  0  0  2  0  0  0  0  0  0  0  0  0  0  0  0  0  0  0  0  0  0  0  0  0  2  0  0  1  0  0  0  79  0  0  0  0  
0  0  1  1  0  3  3  6  12987  1  0  0  0  0  0  0  3  43  94  39  0  0  0  0  1  71  1975  4  31  14845  0  4  0  0  0  0  0  0  0  1  114  0  0  28  207  4326  0  72  45  0  1  3  0  18  52  7623  60  2  0  0  2  0  0  0  3140  271  3647  8  43  0  0  0  18  0  0  0  0  0  0  0  0  0  179  0  1  0  0  0  0  0  0  0  0  0  0  0  0  0  0  0  0  0  0  873  0  0  0  0  0  0  0  0  0  0  0  0  0  0  0  0  0  0  0  0  0  0  0  0  0  0  0  0  0  0  0  0  0  0  0  1  0  0  0  0  5923  0  0  0  
0  0  0  0  0  0  0  0  0  0  0  0  0  0  0  0  0  1  0  0  0  0  37  0  0  0  0  0  0  0  0  1  0  13  1769  0  39970  32887  0  0  0  0  3019  6  0  0  0  110  0  3781  0  0  0  0  1  0  0  0  1092  6025  269  0  0  0  0  0  0  0  0  0  0  0  4766  0  0  0  0  0  0  0  0  0  0  0  0  0  0  0  0  0  0  0  0  0  0  0  0  0  0  0  0  0  0  0  0  0  0  0  0  0  0  0  0  0  0  0  0  0  0  0  0  0  0  0  0  0  0  0  0  0  0  0  0  0  0  0  0  0  0  0  0  0  0  0  0  0  0  0  
1  5  0  62  3  17  13  8  64  40  0  0  0  1  15  0  53  1290  13340  54  9  27  2214  2  33274  1638  0  0  0  4  0  453  1232  19071  6238  865  181  60734  0  2  1856  4  6504  3784  771  0  11  25195  238  2370  511  3  4  140  18005  2426  4227  112  6221  1138  4764  0  10  4  1671  62  6  3098  14  7  0  3980  0  642  0  0  0  0  0  0  0  0  2  0  0  0  0  0  0  0  0  0  0  0  0  0  0  0  0  4  0  0  0  0  0  2  0  0  0  3  0  0  0  0  17  0  0  0  1  0  0  2  1  0  0  0  0  0  0  3  0  0  0  0  0  0  0  0  0  9  3  0  0  0  1  0  0  0  
0  0  0  7  0  0  0  0  1  37  0  0  0  0  0  0  2  69  0  0  0  0  1  0  0  18  0  0  0  0  0  5  11488  2658  3  5928  0  0  0  0  2745  0  1  11  1  0  1  4667  44  0  0  0  0  0  26  0  0  0  0  0  0  0  0  0  2  16  0  1  0  0  0  0  1374  0  0  0  0  0  0  0  1  0  0  0  0  0  0  0  0  0  0  0  0  0  0  0  0  0  0  0  0  0  0  0  0  0  0  0  0  0  0  0  0  0  2  0  0  0  0  0  0  1  0  0  0  0  0  0  0  0  0  0  0  0  0  0  0  0  0  2  0  0  0  0  0  0  0  0  
0  0  0  0  0  0  0  0  0  0  0  0  0  0  0  0  0  0  0  0  0  0  0  0  0  0  0  0  0  0  9  0  0  0  0  0  0  0  0  0  0  0  0  0  0  0  0  0  0  0  0  0  0  0  0  0  0  0  0  0  0  0  0  0  0  0  0  0  0  5  0  0  0  0  0  0  0  1  6838  1862  9  0  4  0  0  4  148  218  1668  2377  0  2  0  0  0  0  0  14610  0  3  1  0  0  0  3392  314  0  0  0  0  0  0  2600  0  6  0  0  0  11  0  218  0  271  0  0  1126  9766  8  0  21  0  0  0  0  0  9774  160  567  0  197  0  3  3  2999  2  0  2  0  
0  0  0  0  0  0  0  0  0  0  0  0  0  0  0  0  0  0  0  0  0  0  0  0  0  0  0  0  0  0  0  0  0  0  0  0  0  0  0  0  0  0  0  0  0  0  0  0  0  0  0  0  0  0  0  0  1  0  0  0  0  0  0  0  0  0  0  0  0  0  0  0  0  0  0  0  0  0  0  0  0  0  0  0  0  0  0  0  0  0  0  0  21794  0  11684  1  0  0  0  1  0  0  0  0  0  0  0  0  0  1  69  203  0  0  0  7985  0  1  0  0  0  0  1  0  11652  0  0  0  0  0  414  0  6428  5992  221  0  0  0  0  0  0  0  0  0  0  17  7  0  
0  0  63  0  0  0  0  18  3  0  0  0  0  0  0  24  0  0  0  0  0  0  0  0  0  0  0  0  0  0  0  0  0  0  0  0  0  0  0  0  0  0  0  0  0  10  0  0  0  0  0  0  0  0  0  0  0  0  0  0  0  0  0  0  0  0  0  0  0  0  0  0  0  0  0  0  0  0  0  0  10  582  7  0  0  0  0  0  0  15740  0  0  0  0  0  0  0  0  0  0  3409  4302  9097  2010  0  0  0  0  0  0  0  0  0  0  1  0  0  0  13701  14143  0  0  0  0  0  0  0  1  0  0  0  0  0  0  0  0  0  0  0  0  4151  0  11  0  4  0  0  0  
0  0  0  0  0  0  0  0  0  0  0  0  0  0  0  0  0  0  0  0  0  0  0  0  0  0  0  0  0  0  0  0  0  0  0  0  0  0  0  0  0  0  0  0  0  0  0  0  0  0  0  0  0  0  0  0  0  0  0  0  0  0  0  0  0  1  0  0  0  0  0  0  0  0  1  0  0  0  3  7  17  2  112  4  0  13040  0  0  6  0  21  78  5  0  0  0  2  2  0  17156  7  4069  4371  0  0  1  718  22  7  181  0  0  2  6  3927  0  0  2  3629  18  17  30  17954  0  0  30  4  12  24  489  2  1  1  0  0  0  1  0  10  85  79  4402  49  0  97  0  6  0  
0  0  0  0  0  1  0  0  0  0  0  0  0  0  0  0  0  0  0  0  0  0  0  0  0  0  0  0  0  0  0  0  0  0  0  0  0  0  0  0  0  0  0  0  0  0  0  0  0  0  0  0  0  0  0  0  0  0  0  0  0  0  0  0  0  6  0  0  0  0  0  0  0  0  4781  0  0  0  0  10166  43  7  100  0  0  13  0  90  3259  17252  0  7  0  0  0  0  7  4  0  17  17  0  0  0  4  222  0  0  0  7  0  0  129  0  24  0  0  2  15  9  226  0  353  0  0  451  20421  112  0  443  0  0  0  0  0  445  8  51  2  243  79  5  13  1265  36  0  7  0  
0  0  0  0  0  421  11  4  1  0  0  0  0  0  0  93  0  2  0  0  0  0  0  0  0  0  0  0  0  0  5  41  0  0  0  0  0  0  0  0  0  0  0  0  1  0  0  1  0  0  0  0  0  0  0  0  0  0  0  0  0  0  0  0  0  703  0  0  0  20  0  0  0  0  1545  0  0  1  19757  0  12047  412  118  2  0  106  0  103  3920  27312  1  21  1  0  0  0  10  6061  0  7  8  1  0  0  224  7935  0  0  0  1  0  0  48  0  40  0  0  0  32  104  176  3  214  0  0  664  2312  3607  0  142  1  1  0  0  0  23  2979  2043  0  21707  23  5  34  7719  32  0  27  0  
0  0  0  0  0  17  208  8  0  0  0  0  0  0  0  139  0  0  0  0  0  0  0  0  0  0  0  0  0  0  0  0  0  0  0  0  0  0  0  0  0  0  0  0  0  0  0  0  1  0  0  0  0  0  0  0  0  0  0  0  0  0  0  0  0  21  0  0  0  0  0  0  0  0  1  0  0  6  19  15050  0  13023  1413  0  0  10  0  6  476  17208  0  10  1  0  0  0  6  0  0  57  8  0  23  0  0  6  0  0  0  2  0  0  1  0  35  0  0  0  57  320  23  0  52  0  0  423  115  13079  0  671  0  0  0  0  0  1  1  0  8  8932  18  51  382  0  985  0  22  0  
0  0  1  0  0  4  86  1455  308  0  0  0  0  0  0  409  0  0  0  0  0  0  0  0  0  0  0  0  0  0  0  0  0  0  0  0  0  0  0  0  0  0  0  0  0  2  0  0  0  0  0  0  0  0  0  0  0  0  0  0  0  0  0  0  0  126  0  0  0  0  0  0  1  0  0  0  72  1  0  177  11392  0  4916  0  0  0  0  0  3  17778  0  77  1  0  0  0  34  1  0  7  6  1  5829  2  0  1  0  0  0  1  0  0  0  0  111  0  1  0  2437  7576  4  1  30  0  0  0  4  1043  0  181  2  0  2  0  3  0  9  2  10  9057  7  2  14776  0  195  0  74  0  
0  0  2  0  0  0  0  21  2603  8  0  0  0  0  0  0  0  0  0  0  0  1  0  0  0  0  0  0  0  863  0  0  0  0  0  0  0  0  0  0  0  0  0  1  0  87  0  1  0  0  0  0  0  0  0  0  0  0  0  0  0  0  0  0  2  75  0  0  0  0  367  0  0  0  0  0  8  23  2  5  2134  3523  0  2558  0  1  0  0  7  37  0  12  11  0  0  0  4  0  2  361  47  1  3  895  0  0  0  0  0  102  1  1  1  0  531  0  0  539  33  4922  5  2  74  0  0  4  8  40  0  104  16  0  0  2  16  0  1  0  262  11143  153  11  20  0  8240  0  27  0  
0  0  0  0  0  0  0  0  53  9  0  0  0  0  0  0  0  0  0  0  0  0  0  0  0  0  0  0  0  215  0  0  0  0  0  0  0  0  0  0  1  0  0  0  0  0  0  0  0  0  0  0  0  0  0  0  0  0  0  0  0  0  0  0  2  9  0  0  0  0  6  0  2  0  0  0  0  31  1  0  4  1  4001  0  0  1  0  0  0  0  2  8  14  0  1  205  830  0  1  649  10  0  1  1709  0  0  0  0  0  102  12  2  1  0  643  0  0  3961  5  19  4  20  72  0  4  3  3  5  0  57  4  1  2  20  151  0  0  0  66  3476  55  12  6  0  974  0  18  0  
0  0  0  0  0  0  0  0  0  0  2793  0  0  0  0  0  0  0  0  481  0  617  0  0  0  0  1  0  0  1178  0  0  0  0  0  0  0  0  0  0  0  3  0  182  0  0  0  0  0  0  0  0  0  0  0  0  0  0  0  0  3  0  0  0  101  0  0  0  0  0  1  0  0  0  0  0  0  0  0  0  0  0  0  2  0  0  0  0  0  0  0  0  27  18910  0  3362  0  0  0  0  0  0  0  1244  0  0  0  0  0  0  0  0  0  0  0  5373  0  22788  0  0  0  0  0  0  0  0  0  0  0  0  11  5596  0  0  0  0  0  0  10120  0  0  0  0  0  0  0  0  0  
0  0  0  0  0  0  0  0  0  0  0  0  0  0  0  0  0  0  0  0  0  0  0  0  0  0  0  0  0  0  0  0  0  0  0  0  0  0  0  0  0  0  0  0  0  0  0  0  0  0  0  0  0  0  0  0  0  0  0  0  0  0  0  0  0  1  0  0  0  0  0  0  0  0  2  0  0  16646  28  73  14  0  8  1  0  0  27  5906  53  0  71  1021  0  0  0  0  0  61  0  74  2  0  157  0  0  6  396  37  157  0  0  0  290  5353  5  0  1  0  21  0  68  22  12727  0  0  3833  19  3  0  29  0  0  0  0  0  0  0  0  0  108  1  10212  1  0  8  0  1  0  
0  0  0  0  0  0  0  0  0  0  0  0  0  0  0  0  0  0  0  0  0  0  0  0  0  0  0  0  0  0  0  0  0  0  0  0  0  0  0  0  0  0  0  0  0  0  0  0  0  0  0  0  0  0  0  0  0  0  0  0  0  0  0  0  0  0  0  0  0  0  0  0  0  0  125  0  0  0  1  6  1  0  0  0  0  16  0  2230  127  0  0  6  0  0  0  0  0  5969  0  0  0  0  0  0  0  2  0  0  2  0  0  0  5857  0  0  0  0  0  0  0  5457  0  3  0  0  3  0  0  0  0  0  0  0  0  0  4863  151  2376  0  1  0  1  0  0  0  0  0  0  
0  0  0  0  0  0  0  0  0  0  0  0  0  0  0  0  0  0  0  0  0  0  0  0  0  0  0  0  0  0  0  0  0  0  0  0  0  0  0  0  0  0  0  0  0  0  0  0  0  0  0  0  0  0  0  0  0  0  0  0  0  0  0  0  0  0  0  0  0  0  0  0  0  0  289  0  0  3  252  236  12  0  18  0  0  9943  2101  0  1260  1  0  10  0  0  0  0  0  105  0  1  0  0  1  0  0  16  0  0  0  0  0  0  10621  3428  3  0  0  0  4  1  1240  0  6616  0  0  13394  165  6  0  59  0  0  0  0  0  1885  3  2  0  155  5  82  2  0  7  0  3  0  
0  0  0  0  0  0  0  0  0  0  0  0  0  0  0  0  0  0  0  0  0  0  0  0  0  0  0  0  0  0  0  0  0  0  0  0  0  0  0  0  0  0  0  0  0  0  0  0  0  0  0  0  0  0  0  0  0  0  0  0  0  0  0  0  0  2  0  0  0  0  0  0  0  0  1942  0  0  1  2677  3403  133  3  35  0  0  64  635  2646  0  3194  0  9  0  0  0  0  0  2958  0  8  3  0  6102  0  0  12  0  0  0  2  0  0  0  0  10  0  0  0  259  2  16  0  52  0  0  49821  65580  21358  1  268  1  0  0  0  0  5334  1  3  4  174  33  7338  7941  0  22  0  4  0  
0  0  15  0  3  135  9  744  4  0  0  0  0  0  0  918  0  0  0  0  0  0  0  0  0  0  0  0  0  0  63  18  0  0  0  0  0  0  0  0  0  0  0  0  0  11  0  0  0  0  0  0  0  0  0  0  0  0  0  0  0  0  0  0  0  2  0  0  0  73  0  0  0  0  2721  0  11357  1  22478  31680  23753  18468  35  1  0  0  0  0  4530  0  1  1  0  0  0  0  1  481  0  8  2  12  11171  6  2097  15  0  0  0  0  0  0  0  0  6  0  0  0  2931  2063  1  0  13  0  0  6  2766  31607  0  92  0  0  0  0  0  1  74  68  3  75  5  5  8303  11382  29  0  2  0  
0  0  0  0  0  0  0  0  0  2  0  0  0  0  0  0  0  0  0  0  0  0  0  0  0  0  0  0  0  0  0  0  0  0  0  0  0  0  0  0  1  0  0  0  0  0  0  3  0  0  0  0  0  0  0  0  0  0  0  0  0  0  0  0  0  0  0  0  0  0  0  0  0  0  1  0  0  23  1  0  1  0  23  3  0  112  0  0  0  0  0  14319  1  0  0  0  5517  325  0  79  2  0  5  0  0  5  893  2  4846  11  0  0  0  0  2395  0  1250  1  289  3  182  9248  2237  0  1  0  1  1  0  113  1  0  0  1  2  0  16  4  6  26  9  0  11  0  21  0  22  0  
0  0  0  0  0  0  0  0  0  1  0  0  0  0  0  0  0  2  0  0  0  0  0  0  0  0  0  0  0  0  0  0  0  0  0  0  0  0  0  0  1  0  0  0  0  0  0  0  3  0  0  0  0  0  0  0  0  0  0  0  0  0  0  0  0  1  0  0  0  0  0  0  2  0  7  0  0  61  14  47  51  1  108  9  0  708  2  26  43  1  10412  0  0  0  0  0  5915  6120  1  40  9  0  3  0  11  34  132  1  1096  9  0  0  1  11  507  0  523  1  261  17  7172  333  8000  2  0  22  17  15  0  422  1  0  0  1  1  0  222  63  9  83  23  1  10  0  66  0  28  0  
0  0  0  0  0  0  0  0  0  0  0  0  0  0  0  0  0  0  0  0  0  0  0  0  0  0  0  0  0  0  0  0  0  0  0  0  0  0  0  0  0  0  0  0  0  0  0  0  0  0  0  0  0  0  0  0  0  0  0  0  0  0  0  0  0  3  0  0  0  0  0  0  0  0  0  21720  0  73  5  5  30  9  14  1  43  5  0  4  16  2  1  13  0  2870  86  1037  2  0  5574  129  11  1  4  1  0  0  0  0  0  4  5  1004  0  0  33  11076  0  4863  123  1  13  3  242  0  6238  27  29  56  0  4801  52916  29577  6019  14  3616  1  2  0  316  27  3  394  14  0  15  632  13388  0  
0  0  0  0  0  0  0  0  0  0  13  0  0  0  0  0  0  0  0  1  0  0  0  0  0  0  1  0  0  20  0  0  0  0  0  0  0  0  0  0  0  0  0  0  0  0  0  0  0  0  0  0  0  0  0  0  0  0  0  0  0  0  0  0  7  0  0  0  0  0  0  0  0  0  0  0  0  0  0  0  0  0  0  0  17738  0  0  0  0  0  0  0  3485  0  0  3  0  0  184  0  5390  0  0  1296  0  0  0  0  0  0  0  0  0  0  0  7119  0  8356  0  0  0  0  0  0  4  0  0  0  0  6287  865  15970  0  0  5  0  0  0  6434  0  0  0  0  0  4  0  0  0  
0  0  0  0  0  0  0  0  0  3  0  0  0  0  0  0  0  1  0  0  0  2  0  0  0  0  0  0  0  0  0  0  0  0  0  0  0  0  0  0  7  0  1  0  0  0  0  1  0  0  0  0  0  0  1  0  0  0  0  0  0  0  0  0  0  2  0  0  0  0  0  0  1  0  0  11619  0  3  0  1  0  0  9  1  0  0  0  0  0  0  0  1  113  0  0  247  6584  3  1  15  0  0  0  0  14  45  0  0  0  3  3834  39  0  0  35  546  78  1  1  3  0  5  6  14630  7796  0  0  1  0  10  1  0  4438  27632  30807  0  3  0  0  4  0  0  0  0  0  23  972  0  
0  2  0  0  0  0  0  0  1  17  114  0  0  0  0  0  0  0  0  0  0  705  0  0  0  1  0  0  0  44  0  0  0  0  0  0  0  0  0  0  4  4  0  19  0  0  0  1  0  0  0  0  0  0  0  0  0  0  0  0  2  0  0  0  0  8  0  0  0  0  0  0  0  0  0  3  0  2  0  0  0  0  3  164  1868  0  0  0  0  0  0  0  1103  5  333  0  2945  0  0  10  0  0  0  470  4  13  0  0  0  1  0  0  0  0  11  14601  0  32731  0  0  1  3  0  0  2357  0  0  1  0  1  1635  12  14  1  25601  0  0  0  34  7  0  1  0  0  2  0  14  0  
0  0  0  0  0  0  0  0  0  5  0  0  0  0  0  0  0  2  0  0  0  0  0  0  0  0  0  0  0  1  0  0  0  0  0  0  0  0  0  0  4  0  0  0  0  0  0  3  1  0  0  0  0  0  0  0  0  0  0  0  0  0  0  0  1  3  0  0  0  0  0  0  4  0  0  0  0  19  0  0  0  0  131  620  0  2  0  0  0  0  3171  6474  3  0  6270  1706  0  1362  4  354  7  0  3  0  16  69  0  0  8490  61  216  5  0  0  531  0  18534  3107  3  17  31  572  39  9172  7  4  0  5  0  102  7  0  6  242  21462  0  99  1  13  78  34  4  4  0  54  2  1155  4  
0  0  0  0  0  0  0  0  0  0  0  0  0  0  0  0  0  1  0  0  0  0  0  1  0  0  0  0  0  0  48  0  0  0  0  0  0  0  0  0  0  0  0  1  0  0  0  0  0  0  0  0  0  0  0  0  0  0  0  0  0  0  0  0  0  0  0  0  0  1  0  0  0  0  14015  0  0  0  30  2762  6  1  5  0  0  64  10829  173  3536  416  241  7467  0  0  1  0  2679  0  0  3  0  0  0  0  8903  882  0  83  114  1  0  0  5385  0  116  0  179  1  20  0  17011  18  43  0  0  17  5  1  0  29  0  0  0  0  0  9527  23069  42073  0  19  6  0  2  2669  5  0  6  0  
0  0  0  0  0  0  0  0  0  0  0  0  0  0  0  0  0  0  0  0  0  0  0  0  0  0  0  0  0  0  0  0  0  0  0  0  0  0  0  0  0  0  0  0  0  0  0  0  0  0  0  0  0  0  0  0  0  0  0  0  0  0  0  0  0  0  0  0  0  0  0  0  0  0  0  0  0  13  1  1  2  0  10  0  0  1  0  1  0  0  0  0  5179  22  26  0  3  0  0  17910  2816  0  0  0  0  0  0  1922  0  5676  14  49  0  0  246  0  0  121  5  0  0  1  20  0  141  1  3  4  5816  26001  2  385  105  42  309  0  0  0  2  2  25  12  2  0  6  2  35195  0  
0  0  0  0  0  0  0  0  0  0  0  0  0  0  0  0  0  0  0  0  0  0  0  0  0  0  0  0  0  0  0  0  0  0  0  0  0  0  0  0  0  0  0  0  0  0  0  0  0  0  0  0  0  0  0  0  0  0  0  0  0  0  0  0  0  13  0  0  0  0  0  0  0  0  4  0  0  11096  12  27  81  9  320  40  0  49  0  43  18  2  53  63  14  0  1  1  10  2  11337  0  878  7281  33  0  0  5  2865  804  0  22071  1  42  9  0  17410  0  1  7  5476  59  156  10  1374  0  2  75  33  163  6799  7500  16  1  0  6  15  0  3  3  5  807  18848  293  83  0  201  0  1368  49  
0  0  0  0  0  0  0  0  0  0  0  0  0  0  0  0  0  0  0  0  0  0  0  0  0  0  0  0  0  24  0  0  0  0  0  0  0  0  0  0  0  0  0  0  0  0  0  0  0  0  0  0  0  0  0  0  0  0  0  0  0  0  0  0  0  0  0  0  0  0  0  0  0  0  1  0  4752  0  4  1  10  3  36  0  0  0  0  1  1  1  0  1  2  5713  0  0  1  0  1196  2434  0  79  19  25951  0  0  0  0  0  9  0  0  0  0  128  0  0  0  18  3018  2  0  3  0  0  0  3  10  323  33537  1  28  1  0  0  0  0  0  2268  59  23342  1  31  0  4084  0  1  0  
0  0  0  0  0  0  0  0  0  0  0  0  0  0  0  0  0  0  0  0  0  0  0  0  0  0  0  0  0  0  0  0  0  0  0  0  0  0  0  0  0  0  0  0  0  0  0  0  0  0  0  0  0  0  0  0  0  0  0  0  0  0  0  0  0  0  0  0  0  0  0  0  0  0  0  0  4550  4614  0  0  4  0  2  0  0  4  0  1  1  127  0  1  0  0  0  0  0  0  0  9241  75  0  1981  0  0  0  0  0  0  1  0  0  0  0  2  0  0  0  38023  269  2  0  67  0  0  1  4  1  1  10  0  0  0  0  0  0  1  0  0  10  20686  19  1  0  3  0  1  0  
0  0  0  0  0  0  0  0  0  0  0  0  0  0  0  0  0  0  0  0  0  0  0  0  0  0  0  0  0  0  0  0  0  0  0  0  0  0  0  0  0  0  0  0  0  0  0  0  0  0  0  0  0  0  0  0  0  0  0  0  0  0  0  0  0  0  0  0  0  0  0  0  0  0  1  0  6178  5450  1  4  30  2927  55  0  0  384  0  0  5595  9565  0  9  0  0  0  0  1  0  0  5  6  2975  0  0  0  0  0  0  0  2  0  0  0  0  38  0  0  0  42702  301  12  0  121  0  0  192  2  120  0  169  3  1  1  0  1  0  1  0  8  26  58  15721  23033  0  25  0  22  0  
0  0  16  0  0  0  0  2  305  5  10  0  0  0  0  0  0  0  0  3  0  1  0  0  0  0  42  0  0  7388  0  0  0  0  0  0  0  0  0  0  0  0  0  1  0  45  0  0  0  0  0  0  0  0  0  0  0  0  0  0  0  0  0  0  4  2  0  0  0  0  532  0  0  0  0  0  2144  0  0  0  0  38  1200  1855  1663  0  0  0  0  23  0  0  2  1768  0  700  0  0  0  0  23347  0  0  0  0  0  0  0  0  0  0  0  0  0  0  0  0  1144  0  12841  0  0  0  0  0  0  0  0  0  4588  0  9  0  0  0  0  0  0  20855  0  29  0  0  0  16573  0  0  0  
0  0  0  0  0  60  0  0  0  1  0  0  0  0  0  0  0  0  0  0  0  0  0  3  0  0  0  0  0  0  843  15  0  0  0  0  0  0  0  0  1  0  0  0  0  0  0  1  0  0  0  0  0  0  0  0  0  0  0  0  0  0  0  0  0  1  0  0  0  222  0  0  0  0  2160  0  0  0  10  671  0  0  6  0  0  0  0  0  0  1546  5  135  0  0  0  0  202  8211  0  4  0  0  1  0  0  6188  0  0  0  1  0  0  2  0  37  0  0  0  38  0  20  4  9  0  1  6  0  1  0  14  0  0  0  0  0  7  13897  45  1  12  3  0  4  8426  4  0  12  0  
1  0  0  0  0  20  0  0  0  0  0  0  0  0  0  1  0  7  0  0  0  0  3  2  0  0  0  0  0  0  8  2119  0  0  0  0  0  0  0  0  0  0  1  0  0  0  2  3  8  0  0  0  0  1  0  0  0  0  0  0  1  1  1  4  0  30  0  0  1  9  0  0  3  0  165  0  0  2  40  5032  4  4  18  1  0  0  0  4  1  7  1  92  1  0  1  0  64  288  0  33  0  0  3  0  5375  0  0  0  0  3  0  0  12  0  69  0  2  1  61  4  75  24  14  0  3  11  2  2  0  69  0  0  0  0  2  14  7616  189  1  2810  7  0  3  1399  16  0  148  0  
0  0  0  0  0  0  0  0  0  0  0  0  0  0  0  0  0  0  0  0  0  0  0  0  0  0  0  0  0  0  0  0  0  0  0  0  0  0  0  0  0  0  0  0  0  0  0  0  0  0  0  0  0  0  0  0  0  0  0  0  0  0  0  0  0  0  0  0  0  0  0  0  0  0  0  0  0  484  0  0  0  0  0  0  0  291  0  0  0  0  939  72  0  0  0  0  0  0  0  1957  0  0  0  0  0  0  0  4299  5217  8053  0  0  0  0  7381  0  0  0  0  0  0  8355  144  0  0  0  0  0  0  0  0  0  0  0  0  0  0  0  0  0  0  0  0  0  0  0  0  7270  
0  0  0  0  0  0  0  0  0  0  0  0  0  0  0  0  0  0  0  0  0  0  0  0  0  0  0  0  0  0  0  0  0  0  0  0  0  0  0  0  0  0  0  0  0  0  0  0  0  0  0  0  0  0  0  0  0  0  0  0  0  0  0  0  0  0  0  0  0  0  0  0  0  0  0  0  0  47  0  0  0  0  0  0  0  82  10  0  0  0  1  1  0  0  0  0  1  141  1871  909  0  0  0  0  0  0  3670  0  29850  12778  1  3507  0  0  1140  0  7232  0  0  0  0  2198  0  3  0  0  0  0  0  0  0  0  0  1  13  0  0  12  0  0  0  0  0  0  0  4  31688  6063  
0  0  0  0  0  0  0  0  0  1  0  0  0  0  0  0  0  0  0  0  0  0  0  0  0  0  0  0  0  0  0  0  0  0  0  0  0  0  0  0  0  0  0  0  0  0  0  0  0  0  0  0  0  0  0  0  0  0  0  0  0  0  0  0  0  1  0  0  0  0  0  0  0  0  0  0  0  7  0  0  0  1  6  2  0  137  5  0  0  0  3629  1206  0  0  1  0  6872  182  0  11  0  0  0  0  0  1  5459  21765  0  2  9  1801  0  0  34  0  11050  2  1  0  42  15516  10  496  0  0  0  0  0  15  0  0  1  24  16  0  0  9  0  6  2  0  0  0  0  394  3716  2858  
0  0  0  0  0  0  0  0  0  0  0  0  0  0  0  0  0  0  0  0  0  0  0  0  0  0  0  0  0  0  0  0  0  0  0  0  0  0  0  0  0  0  0  0  0  0  0  0  0  0  0  0  0  0  0  0  0  0  0  0  0  0  0  0  0  0  0  0  0  0  0  0  0  0  0  0  0  162  3  14  20  0  27  0  0  4  0  1  8  1  1  1  11  0  4  0  19  0  2477  17076  1  1  0  0  0  0  4963  14532  0  0  21  6  0  0  14589  0  16  74  24  2  2  104  58  0  2  14  21  104  3202  606  6  1  11  64  119  0  0  0  2  33  233  25  27  0  14  7  6362  5992  
0  0  0  0  0  0  0  0  0  0  0  0  0  0  0  0  0  0  0  0  0  0  0  0  0  0  0  0  0  0  0  0  0  0  0  0  0  0  0  0  0  0  0  0  0  0  0  0  0  0  0  0  0  0  0  0  0  0  0  0  0  0  0  0  0  0  0  0  0  0  0  0  0  0  0  359  0  0  0  0  0  0  7  1  0  0  0  0  0  0  0  0  0  0  2328  0  264  0  0  0  0  0  0  0  0  0  0  0  1  0  0  14777  0  0  12  0  9235  0  0  0  0  4  2  10426  0  0  0  0  0  2  1  0  2081  21412  206  0  0  0  0  2  0  0  0  0  0  29192  260  0  
0  0  0  0  0  0  0  0  0  0  0  0  0  0  0  0  0  0  0  0  0  0  0  0  0  0  0  0  0  0  0  0  0  0  0  0  0  0  0  0  0  0  0  0  0  0  0  0  0  0  0  0  0  0  0  0  0  0  0  0  0  0  0  0  0  0  0  0  0  0  0  0  0  0  0  864  0  1  0  0  0  0  4  0  0  0  0  0  0  0  0  1  112  0  39  0  90  0  21  18  0  0  0  0  0  0  0  2646  1182  3  14331  0  0  0  11  0  10346  0  0  0  0  1702  2  4705  2  0  0  0  0  2  2  0  10317  1460  193  0  0  0  0  1  0  0  0  0  0  31651  50565  35  
0  0  0  0  0  0  0  0  0  0  0  0  0  0  0  0  0  0  0  0  0  0  0  0  0  0  0  0  0  0  0  0  0  0  0  0  0  0  0  0  0  0  0  0  0  0  0  0  0  0  0  0  0  0  0  0  0  0  0  0  0  0  0  0  0  0  0  0  0  0  0  0  0  0  3438  0  0  92  223  629  6  1  7  1  0  227  4811  10087  1  0  0  16  0  0  0  0  1  902  0  4  0  0  2  0  5  116  0  0  0  0  0  0  0  31  15  0  0  0  20  3  2830  0  6786  0  0  809  170  3  0  36  0  0  0  0  0  1299  466  1889  2  37  2  210  0  2  0  0  0  0  
0  0  0  0  0  0  0  0  0  0  0  0  0  0  0  0  0  0  0  0  0  0  0  0  0  0  0  0  0  0  0  0  0  0  0  0  0  0  0  0  0  0  0  0  0  0  0  0  0  0  0  0  0  0  0  0  0  0  0  0  0  0  0  0  0  0  0  0  0  0  0  0  0  0  0  0  0  228  0  0  0  0  0  0  0  8094  1  4332  0  0  0  7  0  0  0  0  0  0  0  0  0  0  0  0  0  0  0  0  0  0  0  0  137  0  0  0  0  0  0  0  56  0  2764  0  0  89  0  0  0  0  0  0  0  0  0  0  0  0  0  0  0  930  0  0  0  0  0  0  
0  0  0  0  0  0  0  0  2  19  0  0  0  0  0  0  0  12  0  0  0  1  0  0  0  1  0  0  0  2  0  1  0  0  0  0  0  0  0  0  10  0  0  8  0  0  0  12  0  0  0  0  0  0  6  1  1  0  0  0  0  0  0  0  2  18  0  0  0  0  0  0  12  0  5  0  1  4772  38  24  79  17  2555  342  0  14  0  12  14  5  2228  1217  362  0  5  1  1530  34  247  17555  133  5  87  1  14  51  6051  1273  7  12270  34  13  7  0  0  0  520  171  2681  202  103  9459  3570  4  9  32  57  119  1460  3053  142  22  30  96  462  1  193  8  52  5231  548  266  173  0  640  9  2937  3607  
0  0  0  0  0  0  0  0  0  2  4  0  0  0  0  0  0  0  0  0  0  8  0  0  0  0  0  0  0  1  0  0  0  0  0  0  0  0  0  0  0  0  0  2  0  0  0  0  0  0  0  0  0  0  0  0  0  0  0  0  0  0  0  0  0  0  0  0  0  0  0  0  0  0  0  5743  0  0  0  0  0  0  0  0  5675  0  0  0  0  0  0  0  11399  7601  374  16166  0  0  0  0  0  0  0  0  0  0  0  0  0  0  0  0  0  0  0  0  0  15221  0  0  0  0  0  0  13286  0  0  0  0  0  2306  108  1  0  2008  0  0  0  0  0  0  0  0  0  1  0  0  0  
0  0  0  0  0  0  0  0  0  0  0  0  0  0  0  0  0  0  0  0  0  0  0  0  0  0  0  0  0  0  0  0  0  0  0  0  0  0  0  0  0  0  0  0  0  0  0  1  0  0  0  0  0  0  0  0  0  0  0  0  0  0  0  0  0  1  0  0  0  0  0  0  0  0  0  0  0  0  0  0  0  0  5  2  0  0  0  0  0  0  81  131  0  0  4  1  16112  151  0  6  0  0  0  0  0  3  0  4981  9617  3  6128  11820  0  0  32  0  0  1  0  1  0  1103  1  9895  1  0  0  0  0  4  2  0  0  43  48  0  0  1  0  9  2  0  0  0  1  1533  1290  21  
0  0  0  0  0  0  0  0  0  1  85  0  0  0  0  0  0  1  0  0  0  195  0  0  0  0  0  0  0  1  0  0  0  0  0  0  0  0  0  0  0  0  0  32  0  0  0  0  0  0  0  0  0  0  1  0  0  0  0  0  0  0  0  0  0  0  0  0  0  0  0  0  2  0  1  2  0  98  8  4  10  2  1491  4717  24342  5  0  4  8  0  0  15  3059  3268  3  31355  1951  0  10  478  9  0  4  1678  0  2  0  0  0  26  0  0  0  0  315  9977  0  0  48  16  10  2  267  0  266  16  23  33  0  434  8756  11177  656  2  5462  0  1  0  12028  78  37  60  7  0  2016  1  460  0  
0  0  0  0  0  0  0  0  0  0  0  0  0  0  0  0  0  0  0  0  0  0  0  0  0  0  0  0  0  0  0  0  0  0  0  0  0  0  0  0  0  0  0  0  0  0  0  0  0  0  0  0  0  0  0  0  0  0  0  0  0  0  0  0  0  8  0  0  0  0  0  0  1  0  10  0  9200  3314  26  49  308  1590  440  13  0  32  0  25  135  3744  12  118  4  0  0  0  21  5  1  12062  34  35596  39844  0  1  10  0  0  0  57  1  0  6  0  714  0  2  1  0  4621  234  2  2532  0  5  132  277  531  7  880  2  0  1  1  4  3  21  2  25  633  20594  4520  11850  0  247  0  142  0  
0  0  41  0  0  0  0  76  35  0  0  0  0  0  0  15  0  0  0  0  0  0  0  0  0  0  0  0  0  0  0  0  0  0  0  0  0  0  0  0  0  0  0  0  0  144  0  0  0  0  0  0  0  0  0  0  0  0  0  0  0  0  0  0  0  3  0  0  0  0  1  0  0  0  0  0  9553  5  7  12  1150  7618  4737  6  0  1  0  1  5  1503  1  100  5  0  0  0  44  2  0  550  2435  186  155  14670  0  1  0  0  0  254  0  0  0  0  1097  0  1  1  7670  0  8  2  44  0  0  4  11  38  0  4578  5  0  1  1  0  0  4  0  71  1660  4069  3  164  0  6268  0  49  0  
0  0  0  0  0  0  0  0  0  0  0  0  0  0  0  0  0  0  0  0  0  0  0  0  0  0  0  0  0  0  0  0  0  0  0  0  0  0  0  0  0  0  0  0  0  0  0  0  0  0  0  0  0  0  0  0  0  0  0  0  0  0  0  0  0  0  0  0  0  0  0  0  0  0  792  0  0  1  746  412  68  0  92  0  0  184  3641  569  63  0  11  4724  2  0  0  0  12  12305  0  17  8  0  5  0  20  263  0  1  9  2  0  0  2453  22  235  0  0  0  385  15  0  3  2215  0  0  402  89  12  0  376  0  0  0  0  0  85  1568  7922  10  106  15  2  15  3  49  0  3  0  
0  0  0  0  0  0  0  0  0  31  0  0  0  0  0  0  1  16  1  0  0  0  0  0  0  1  0  0  0  4  0  9  0  0  0  0  0  0  0  0  7  0  1  6  0  0  1  23  10  0  1  0  0  0  1  0  1  0  0  0  0  0  0  0  1  33  0  0  1  0  0  0  14  0  0  0  0  74  3  0  2  2  60  66  0  53  0  0  0  0  9194  2701  13  0  2  1  1657  33  0  202  6  0  1  0  12  77  8775  2371  17209  96  19  3505  0  0  8973  0  5535  7  11  6  7  0  79  977  2  0  1  2  0  57  2  0  5  62  56  0  4  3  2  384  18  2  2  0  13  777  10464  10503  
0  0  0  0  0  0  0  0  1  0  0  0  0  0  0  0  0  0  0  0  0  0  0  0  0  0  0  0  0  0  0  0  0  0  0  0  0  0  0  0  0  0  0  0  0  0  0  0  0  0  0  0  0  0  0  0  0  0  0  0  0  0  0  0  0  6  0  0  0  0  0  0  0  0  603  0  1  19178  2081  1522  746  23  1732  85  0  14059  4  7137  366  13  2247  8751  18  0  0  0  79  50  1  2883  91  54  326  1  1  105  254  1  9  95  0  0  4568  1637  3288  0  1  12  3539  135  2396  32  0  0  2  2798  459  117  2  6046  12  5  1  0  2  48  68  18  100  1006  191  2464  181  4  901  0  41  0  
0  0  0  0  0  0  0  0  0  0  0  0  0  0  0  0  0  0  0  0  0  0  0  0  0  0  0  0  0  0  0  0  0  0  0  0  0  0  0  0  0  0  0  0  0  0  0  0  0  0  0  0  0  0  0  0  0  0  0  0  0  0  0  0  0  0  0  0  0  0  0  0  0  0  0  0  0  0  0  0  0  0  3  0  0  0  0  0  0  0  0  0  0  0  13351  0  8713  0  2  3  0  0  0  0  0  0  0  1  265  2  12710  3994  0  0  25  0  20241  0  0  0  0  183  1  0  0  0  0  0  0  1  0  0  4  11130  3556  0  0  0  0  0  0  0  0  0  0  2171  6133  11  
0  0  0  0  0  0  0  0  0  0  0  0  0  0  0  0  0  1  0  0  0  11  0  0  0  0  0  0  0  0  0  0  0  0  0  0  0  0  0  0  0  0  0  0  0  0  0  0  1  0  1  0  0  0  0  0  0  0  0  0  0  0  0  0  0  0  0  0  0  0  0  0  0  0  0  9555  0  4  0  0  0  0  1  1  1  0  0  0  0  0  0  0  3120  1  6816  1638  1  0  0  5  0  0  0  0  0  0  0  0  0  0  0  0  0  0  4  12730  0  25  1  0  0  1  7  0  0  0  0  0  0  4  1908  0  2218  416  13795  0  0  0  0  1  0  2  0  0  0  0  6  0  
0  0  0  0  0  1  0  0  0  0  0  0  0  0  0  0  0  0  0  0  0  0  0  0  0  0  0  0  0  0  0  0  0  0  0  0  0  0  0  0  0  0  0  0  0  0  0  0  0  0  0  0  0  0  0  0  0  0  0  0  0  0  0  0  0  17  0  0  0  0  0  0  0  0  786  0  0  322  2759  2491  1501  9  92  0  0  7567  1  23027  37262  82  0  40  0  0  0  0  8  38  0  23  9  0  292  1  1  116  0  0  0  8  0  0  522  59  50  0  0  1  56  11  148  0  1533  0  0  0  13844  17350  0  517  1  1  0  0  0  6102  6  9  7  1301  89  20211  19  0  60  0  20  0  
0  0  0  0  0  0  0  0  0  0  0  0  0  0  0  0  0  0  0  0  0  0  0  0  0  0  0  0  0  0  0  0  0  0  0  0  0  0  0  0  0  0  0  0  0  0  0  0  0  0  0  0  0  0  0  0  0  0  0  0  0  0  0  0  0  19  0  0  0  0  0  0  0  0  6194  0  0  2  17866  3036  132  30  151  0  0  62  0  592  72594  2520  0  7  3  0  0  0  4  2  0  23  17  1  4  0  0  127  0  0  0  6  0  0  448  0  39  0  0  0  32  15  17  0  87  0  0  20714  0  6942  0  679  0  0  0  0  0  10954  5  4  14  586  73  45  15  0  74  0  5  0  
0  0  0  0  0  0  0  0  0  0  0  0  0  0  0  0  0  0  0  0  0  0  0  0  0  0  0  0  0  0  0  0  0  0  0  0  0  0  0  0  0  0  0  0  0  0  0  0  0  0  0  0  0  0  0  0  0  0  0  0  0  0  0  0  0  14  0  0  0  0  0  0  0  0  4  0  0  6  48  3203  14068  2620  370  0  0  4  0  8  23798  37715  0  35  8  0  0  0  9  0  0  112  15  0  508  0  0  8  0  0  0  35  0  0  7  0  172  0  0  3  814  80  26  2  98  0  0  16716  2867  0  6  2348  4  2  0  0  1  9  2  0  52  579  146  2907  9845  0  279  0  63  0  
0  0  0  0  0  0  0  0  0  0  0  0  0  0  0  0  0  0  0  0  0  0  0  0  0  0  0  0  0  0  0  0  0  0  0  0  0  0  0  0  0  0  0  0  0  0  0  0  0  0  0  0  0  0  0  0  0  0  0  0  0  0  0  0  0  0  0  0  0  0  0  0  0  0  1  0  0  24  2  8  17  0  0  0  0  0  0  1  12  2  0  1  4  0  0  0  0  0  6596  8285  188  0  0  0  0  0  0  0  0  6922  0  0  0  0  2118  0  0  1  30  0  1  0  21  0  0  14  20  68  0  7143  3  0  0  0  0  0  1  0  0  7  677  9  12  0  1  0  1591  0  
0  0  0  0  0  0  0  0  0  0  0  0  0  0  0  0  0  0  0  0  0  0  0  0  0  0  1  0  0  1  0  0  0  0  0  0  0  0  0  0  0  0  0  0  0  0  0  0  0  0  0  0  0  0  0  0  0  0  0  0  0  0  0  0  0  10  0  0  0  0  0  0  0  0  6  0  48  187  246  201  487  33  920  7  1  17  0  18  172  33  3  42  4776  4369  12  0  12  0  21219  8047  31333  9  42  3580  0  9  0  0  0  902  4  1  11  0  2453  0  3  600  364  2352  72  30  604  0  156  252  581  1028  7212  0  480  9894  77  8  221  4  2  2  3765  640  10252  867  264  0  10682  0  4666  0  
0  0  0  0  0  0  0  0  0  0  0  0  0  0  0  0  0  1  0  0  0  0  0  0  0  0  0  0  0  0  0  0  0  0  0  0  0  0  0  0  0  0  0  0  0  0  0  0  0  0  0  0  0  0  0  0  0  0  0  0  0  0  0  0  0  2  0  0  0  0  0  0  0  0  1  86  0  96  13  14  22  1  27  0  85  4  0  2  30  1  0  6  53309  1337  16  523  1  0  8  148  3  1  9  0  0  0  0  0  0  7  0  0  1  0  64  2347  0  15240  126  6  19  0  362  0  2071  58  157  125  1  285  0  5224  2006  0  7455  2  0  0  297  33  8  442  8  0  16  0  3599  0  
0  0  0  0  0  0  0  0  0  0  0  0  0  0  0  0  0  0  0  0  0  0  0  0  0  0  0  0  0  0  0  0  0  0  0  0  0  0  0  0  0  0  0  0  0  0  0  0  0  0  0  0  0  0  0  0  0  0  0  0  0  0  0  0  0  0  0  0  0  0  0  0  0  0  0  0  0  13  3  10  17  0  10  1  5423  0  0  0  22  0  0  1  37904  14509  1  2  0  0  346  32  12  0  3  4  0  0  0  0  0  1  0  0  1  0  13  316  0  20221  37  3  4  0  42  0  26  44  91  73  0  9290  2774  0  8  2  41  1  0  0  10288  9  3  131  6  0  67  0  36  0  
0  0  0  0  0  0  0  0  0  0  0  0  0  0  0  0  0  0  0  0  0  0  0  0  0  0  0  0  0  0  0  0  0  0  0  0  0  0  0  0  0  0  0  0  0  0  0  0  0  0  0  0  0  0  0  0  0  0  0  0  0  0  0  0  0  0  0  0  0  0  0  0  0  0  1  4705  0  331  1  1  9  0  36  4  0  10  0  0  1  0  0  12  8879  0  2352  1  4  0  9  221  8  0  9  0  0  1  0  0  0  12  1714  11550  1  0  77  0  1  100  53  3  10  1  781  2  7521  14  6  4  0  105  1972  0  0  7524  3315  0  0  0  3  15  13  90  6  0  18  12462  7121  0  
0  0  0  0  0  0  0  0  0  0  0  0  0  0  0  0  0  0  0  0  0  0  0  0  0  0  0  0  0  0  0  0  0  0  0  0  0  0  0  0  0  0  0  0  0  0  0  0  0  0  0  0  0  0  0  0  0  0  0  0  0  0  0  0  0  0  0  0  0  0  0  0  0  0  0  6462  0  12  0  0  1  0  34  7  0  0  0  0  0  0  0  0  71  0  24722  4  279  0  4  28  0  0  0  0  0  0  0  1  3  8  16596  2319  0  0  100  0  48  3  2  0  0  8  15  12999  1155  1  0  0  0  13  8  0  7638  0  4990  0  0  0  0  9  4  3  0  0  6  12457  4831  2  
0  1  0  0  0  0  0  0  0  2  0  0  0  0  0  0  0  0  0  0  0  3  0  0  0  0  0  0  0  0  0  0  0  0  0  0  0  0  0  0  1  0  0  0  0  0  0  0  0  0  0  0  0  0  0  0  1  0  0  0  1  0  0  0  0  1  0  0  0  0  0  0  1  0  0  294  0  34  1  0  4  1  248  36  0  2  0  0  1  0  1  3  4220  5  27571  23950  16958  0  61  324  9  0  0  0  0  3  0  4  14  104  364  363  0  0  1069  1352  30  4649  6  17  3  15  74  2277  15553  2  0  2  0  103  5611  6  4250  3953  0  0  0  0  1  111  20  8  2  0  31  2  1728  1  
0  0  0  0  0  0  0  0  0  0  0  0  0  0  0  0  0  0  0  0  0  0  0  0  0  0  0  0  0  0  0  0  0  0  0  0  0  0  0  0  0  0  0  0  0  0  0  0  0  0  0  0  0  0  0  0  0  0  0  0  0  0  0  0  0  0  0  0  0  0  0  0  0  0  6397  0  0  1  322  321  1  0  11  0  0  2  8353  3233  4449  0  0  0  0  0  0  0  0  8180  0  0  1  0  0  0  0  29  0  0  0  0  0  0  5846  0  2  0  0  0  2  0  16  0  5  0  0  5980  6892  3  0  33  0  0  0  0  0  0  5  127  1  27  1  3  2  0  3  0  0  0  
0  0  0  0  0  0  0  0  0  0  0  0  0  0  0  0  0  1  0  0  0  0  1  0  0  0  0  0  0  0  24  1  0  0  0  0  0  0  0  0  1  0  0  0  0  0  0  1  0  0  0  0  0  0  0  0  0  0  0  0  0  0  0  0  0  2  0  0  0  0  0  0  0  0  575  0  0  0  49  2769  7  0  26  0  0  2  10  4  11  3  4  833  0  0  2  1  673  22801  0  11  3  0  5  0  12127  9559  0  0  0  1  0  0  70  0  420  0  0  2  240  8  853  7  51  0  2  24  8  4  0  161  0  0  0  0  2  72  0  4012  1  50  18  0  2  4115  25  0  22  0  
0  0  0  0  0  0  0  0  0  0  0  0  0  0  0  0  0  0  0  0  0  0  0  0  0  0  0  0  0  0  0  0  0  0  0  0  0  0  0  0  0  0  0  0  0  0  0  0  0  0  0  0  0  0  0  0  0  0  0  0  0  0  0  0  0  0  0  0  0  0  0  0  0  0  1552  0  0  0  119  3379  2  0  9  0  0  0  5792  5  4  28  20  112  0  0  0  0  44  40630  0  1  0  0  0  0  51  1339  0  2  2  0  0  0  13583  0  45  0  4  0  41  2  8821  0  17  0  0  20  2  0  0  28  0  0  0  0  0  382  7261  0  1  139  0  0  1  746  2  0  2  0  
0  0  0  0  0  0  0  0  0  0  7  0  0  0  0  0  0  0  0  0  0  0  0  0  0  0  1  0  0  163  0  0  0  0  0  0  0  0  0  0  0  0  0  0  0  0  0  0  0  0  0  0  0  0  0  0  0  0  0  0  0  0  0  0  0  0  0  0  0  0  0  0  0  0  2  0  0  10  11  15  34  3  586  54  15130  1  0  2  22  5  0  5  825  7804  3  30  1  0  39  129  3403  0  3  26037  0  1  0  0  0  11  1  0  0  0  54  0  0  13869  33  35  3  1  76  0  50  37  61  136  0  6457  730  14630  34  0  67  0  0  0  0  32  19  71  10  0  4244  0  326  0  
1  0  0  0  0  1614  93  140  1663  3227  0  0  0  0  0  4  6  258  4  0  0  2  3  1  0  22  1  0  2  481  1  85  0  0  0  0  0  0  0  0  48  0  2  176  7  0  5  302  120  0  1  2  0  1  77  5  4  0  0  0  0  0  1  3  137  10458  18  1  2  3  3  0  151  1  153  0  0  62  156  20553  10332  8344  14619  5032  0  100  0  107  621  91  6  142  16  0  0  0  64  8  1  2747  109  2  91  1  6  3733  0  0  1  747  14  2  3  0  10139  0  2  18  988  293  105  42  510  0  5  253  314  254  0  981  7  0  7  26  248  20  81  13  12  0  934  75  86  20  1236  0  207  0  
0  0  0  0  0  0  0  0  0  0  0  0  0  0  0  0  0  0  0  0  0  0  0  0  0  0  0  0  0  0  0  0  0  0  0  0  0  0  0  0  0  0  0  0  0  0  0  0  0  0  0  0  0  0  0  0  0  0  0  0  0  0  0  0  0  1  0  0  0  0  0  0  0  0  0  0  3903  119  137  120  265  14  267  4  0  1  0  1  46  51  0  27  3  0  0  0  8  0  3  23606  17796  19895  106  290  0  2  0  0  0  390  0  0  1  0  820  0  0  4  17188  5531  13  4  78  0  0  87  111  453  187  10230  3  2  0  0  1  2  0  0  12  488  0  79  1134  0  73  0  34  0  
0  0  0  0  0  0  0  0  0  0  0  0  0  0  0  0  0  0  0  0  0  0  0  0  0  0  0  0  0  0  0  0  0  0  0  0  0  0  0  0  0  0  0  0  0  0  0  0  0  0  0  0  0  0  0  0  0  0  0  0  0  0  0  0  0  5  0  0  0  0  0  0  0  0  14  0  0  8492  39  200  319  2  414  3  0  12225  0  115  8713  91  0  14  10  0  0  0  5  2  0  176  17  0  22106  0  1  13  0  0  0  27  0  0  166  342  115  0  0  1  7335  32  141  0  2546  0  0  20514  291  5588  8  1689  5  1  0  0  0  8  0  7  43  306  120  0  804  0  243  0  32  0  
0  0  0  0  0  0  0  0  0  0  0  0  0  0  0  0  0  0  0  0  0  0  0  0  0  0  0  0  0  0  0  0  0  0  0  0  0  0  0  0  0  0  0  0  0  0  0  0  0  0  0  0  0  0  0  0  0  0  0  0  0  0  0  0  0  8  0  0  0  0  0  0  0  0  0  0  0  7  7  15  1350  9901  277  0  0  0  0  1  6632  6875  1  25  2  0  0  0  3  1  0  68  24  2  29350  0  0  0  0  0  0  28  0  0  0  0  100  0  0  2  14297  641  11  0  42  0  0  9  18  8213  4  863  1  3  1  0  0  1  1  1  43  435  1348  317  0  0  173  0  52  0  
0  0  0  0  0  96  0  0  0  0  0  0  0  0  0  0  0  0  0  0  0  0  0  0  0  0  0  0  0  0  13  30  0  0  0  0  0  0  0  0  0  0  0  0  0  0  0  0  0  0  0  0  0  0  0  0  0  0  0  0  0  0  0  0  0  2  0  0  0  60  0  0  0  0  2777  0  0  0  4113  7899  0  0  0  0  0  0  0  0  0  12361  0  0  0  0  0  0  0  3169  0  0  0  0  0  0  8706  1771  0  0  0  0  0  0  1  0  0  0  0  0  0  0  0  0  0  0  0  1  0  0  0  0  0  0  0  0  0  0  4412  386  0  12  0  0  0  0  0  0  0  0  
0  0  1  0  0  0  0  0  2563  1  0  0  0  0  0  0  0  0  0  0  0  0  0  0  0  0  0  0  0  699  0  0  0  0  0  0  0  0  0  0  0  0  0  0  0  141  0  0  0  0  0  0  0  0  0  0  0  0  0  0  0  0  0  0  0  75  0  0  0  0  2884  0  0  0  0  0  3  37  6  14  855  76  9539  225  3  1  0  2  11  4  0  33  155  9  0  0  13  0  2  736  2537  0  45  14461  0  1  0  0  0  220  1  2  0  0  787  0  1  497  68  6646  11  2  113  0  2  19  41  73  0  17669  148  27  8  2  27  3  2  0  4014  1120  529  32  47  0  0  0  168  0  
0  0  0  0  0  0  0  0  0  0  0  0  0  0  0  0  0  0  0  0  0  0  0  0  0  0  0  0  0  0  0  0  0  0  0  0  0  0  0  0  0  0  0  0  0  0  0  0  0  0  0  0  0  0  0  0  0  0  0  0  0  0  0  0  0  0  0  0  0  0  0  0  0  0  0  91  0  1  0  0  0  0  1  0  0  0  0  0  0  0  0  0  117  0  62  0  35  0  1  4  0  0  1  0  0  0  0  22  203  2  24851  36031  0  0  3  0  2477  2  1  0  0  232  4  3966  5  0  0  0  0  2  1  0  12897  11934  27  0  0  0  0  0  0  0  0  0  0  0  6959  14  
0  0  0  0  0  0  0  0  0  0  0  0  0  0  0  0  0  0  0  0  0  0  0  0  0  0  0  0  0  0  0  0  0  0  0  0  0  0  0  0  0  0  0  0  0  0  0  0  1  0  0  0  0  0  0  0  0  0  0  0  0  0  0  0  0  2  0  0  0  0  0  0  0  0  1  5  0  460  9  18  51  10  147  6  0  23  0  12  38  3  26  31  12563  0  2521  9  1657  0  37728  4152  10  21  36  0  0  5  0  29694  2776  9731  424  53578  3  0  2206  0  3480  500  459  12  55  10597  1328  4986  1479  117  188  159  1086  11593  2424  27  7095  6869  5142  4  3  1  93  88  20  936  13  0  69  6867  0  3610  
0  0  0  0  0  0  0  0  0  0  0  0  0  0  0  0  0  0  0  0  0  0  0  0  0  0  0  0  0  0  0  0  0  0  0  0  0  0  0  0  0  0  0  0  0  0  0  0  0  0  0  0  0  0  0  0  0  0  0  0  0  0  0  0  0  0  0  0  0  0  0  0  0  0  0  0  0  0  0  0  0  0  1  0  0  1  0  0  0  0  1  0  0  0  0  0  8  0  1  34  0  0  0  0  0  0  6464  7701  1803  6993  0  64  0  0  3090  0  34  0  0  0  0  12630  3  15  0  0  0  0  0  0  0  0  0  5  3  0  0  0  0  0  0  0  0  0  0  22  4687  0  
