0  0  0  0  10421  2461  0  0  0  0  0  17  0  493  3459  380  1  35  0  0  0  0  3  7482  0  1  0  0  0  0  2707  287  0  0  0  0  0  0  224  215  3  0  0  1  0  0  118  0  1739  0  0  7183  5944  4  0  0  0  0  0  0  1  1728  12  1572  0  67  0  14  1  4148  0  0  2  0  0  0  0  0  0  0  0  0  0  0  0  0  0  0  0  0  0  0  0  0  0  0  0  0  0  0  0  0  0  0  0  2  0  0  0  0  0  0  0  0  0  0  0  0  0  0  0  0  0  0  0  0  0  0  0  0  0  0  0  0  0  0  0  0  0  6  0  0  0  0  0  0  0  0  
0  0  0  0  0  1  0  0  0  0  0  0  0  0  0  0  0  0  6172  0  13305  2392  0  0  0  0  0  0  0  0  0  0  0  0  0  0  1628  828  0  0  1  12290  0  30  12  0  0  0  3  0  16646  0  0  0  2  0  12947  1  12094  5782  1582  0  0  0  0  0  0  1  1  0  0  0  24  0  0  0  0  0  0  0  0  0  0  0  0  0  0  0  0  0  0  0  0  0  0  7  0  0  0  0  0  0  0  0  0  0  0  0  0  0  0  0  0  0  0  0  0  0  0  0  0  0  0  0  0  0  0  0  0  0  0  0  0  0  0  0  0  0  0  0  0  0  0  0  0  0  0  0  
0  0  0  1  0  2  0  2659  45  0  0  0  0  0  0  12233  0  1  0  0  0  0  0  0  0  3  3326  6625  3994  2210  0  0  0  0  0  0  0  0  0  0  0  0  0  0  8962  12380  0  1  30  0  0  0  0  5  0  0  0  0  0  0  0  0  0  0  0  1  2245  0  2774  0  3  0  0  0  0  0  78  0  0  0  0  10  19  0  0  0  0  0  0  53  0  0  0  0  0  0  0  0  0  0  0  0  0  70  0  0  0  0  0  0  0  0  0  0  0  0  0  0  0  330  0  0  0  0  0  0  0  0  0  0  0  0  0  0  0  0  0  0  0  0  0  0  0  0  14  0  0  0  
5  0  0  0  29  48  33  68  19  1  0  7868  4  10  11  4  68  198  42  0  0  0  0  0  1  17843  0  9232  3203  0  0  6  2473  34  9  3  0  0  3  92  7442  0  0  62  10543  0  34  29  15817  0  23  195  13  59  83  8  162  3  3  5  15  0  0  3  14  59  1944  2246  172  0  3  0  70  24  0  0  0  0  0  0  0  0  0  0  0  0  0  0  0  0  0  0  0  0  0  0  0  0  0  0  0  0  0  0  0  1  0  0  0  0  0  0  0  0  0  0  0  0  0  0  0  0  0  0  0  0  0  0  0  0  0  0  0  0  0  0  0  0  0  1  0  0  0  0  0  0  0  0  
9484  0  0  0  0  1940  0  0  0  0  0  5  0  31  1601  8944  0  12  0  0  0  0  0  170  0  0  0  0  0  0  926  26  0  0  0  0  0  0  11  226  1  0  0  0  0  0  13  0  422  0  0  609  3766  1  0  0  0  0  0  0  0  0  2  128  0  10  2  5  0  644  0  0  0  0  0  0  0  0  0  6  0  0  0  0  0  0  0  0  0  0  0  0  0  0  0  0  0  0  0  0  0  0  0  0  0  0  0  0  0  0  0  0  0  0  0  0  0  0  0  0  0  0  0  0  0  0  0  0  0  0  0  0  0  0  0  0  0  0  0  1  0  0  0  0  0  0  0  0  
3721  0  0  11  2921  0  7974  173  266  1  0  25  0  151  960  20470  5  425  4  0  0  1  1  2352  0  28  1  0  3  0  912  5319  0  0  0  0  0  0  32  266  34  0  0  11  73  0  159  26  2027  0  0  1159  474  1787  20  4  4  0  0  0  0  1  601  1249  38  12281  120  108  221  12652  4  0  34  0  3  0  0  0  0  792  15  3  3  0  0  0  0  0  0  179  0  0  0  0  0  0  0  0  0  0  0  0  0  0  112  72  0  0  0  0  0  0  0  0  2  0  0  0  0  0  0  0  0  0  0  1  0  0  0  1  0  0  0  0  0  0  0  0  0  2126  0  0  0  96  2  0  0  0  
0  0  0  85  11  11210  0  11870  2490  0  0  6  0  0  12  23341  3  36  28  0  0  0  0  0  0  37  2  0  2  20  0  6  0  0  0  0  0  0  0  33  16  0  0  47  369  0  8  9  450  0  1  430  5  2035  114  10  10  3  0  0  3  0  0  0  884  9210  157  528  1018  0  20  0  5  0  0  0  0  0  1  62  128  113  15  0  0  0  0  0  0  12  0  0  0  0  0  0  1  0  0  0  0  0  0  0  0  0  0  0  0  0  0  0  0  0  0  0  0  0  0  0  0  0  0  0  0  0  2  0  0  0  0  0  0  0  0  0  0  0  0  93  0  0  0  0  0  0  0  0  
0  0  1187  199  8  408  10744  0  10431  1  0  5  0  0  6  14012  3  8  13  0  0  0  1  0  0  48  0  0  1685  7  0  4  0  0  0  0  0  0  0  73  14  0  0  22  2387  6104  5  9  89  0  2  165  11  6327  62  10  21  1  0  0  0  0  0  0  167  6550  416  56  5740  0  95  0  5  0  0  0  4  0  0  2  4  1291  93  0  0  0  0  0  0  875  0  0  0  0  0  0  0  0  0  0  0  0  0  0  0  0  0  0  0  0  0  0  0  0  0  0  0  0  0  17  0  0  0  0  0  0  0  0  0  0  0  0  0  0  0  0  0  0  0  128  0  0  0  0  4  0  0  0  
0  0  3  2  3  93  343  4509  0  488  0  0  0  0  0  15  6  43  61  2  0  0  0  0  2  81  2  6  1  1232  0  6  0  0  0  0  0  0  0  0  141  0  0  72  94  4700  2  45  88  0  0  2  1  134  288  225  43  3  0  0  0  0  0  0  1129  9139  535  8  17  0  8575  0  8  0  0  0  0  0  0  0  0  94  1657  4  0  0  0  0  0  10  0  0  0  0  0  0  0  0  0  0  0  0  0  164  0  0  0  0  0  0  0  0  0  0  6  0  0  0  0  51  0  0  0  0  0  0  0  0  0  0  0  0  0  0  0  0  0  0  0  2243  0  0  0  0  2824  0  0  0  
2  0  0  6  25  28  3  8  617  0  3  10  0  0  13  2  10  1476  19  0  0  157  1280  0  1  97  1  0  5  3333  0  166  0  0  0  0  0  0  0  84  1415  0  3  9756  47  0  25  481  1084  0  35  36  15  13  308  23  26  7  3  0  3  0  4  3  380  15951  43  119  7  3  4  0  637  43  0  0  0  8  3  1  5  0  132  13  0  3  0  0  0  0  0  7  2  0  0  8  3  0  0  14  4  0  0  1  0  3  0  0  0  2  0  0  2  0  184  0  0  0  30  0  6  0  34  0  0  12  3  0  0  50  1  0  1  0  2  0  1  0  1  5152  14  12  2  0  8  0  8  0  
0  0  0  0  0  0  0  0  0  0  0  0  0  0  0  0  0  0  20  30815  0  2123  0  0  3  0  11  0  0  1813  0  0  0  0  0  0  0  0  0  0  0  2506  0  30890  0  0  0  0  1  0  0  0  0  0  1  2  145  12283  0  0  0  0  0  0  14677  1  0  2  0  0  0  0  0  0  0  0  0  0  0  0  0  0  0  0  4434  0  0  0  0  0  0  0  0  30  0  172  0  0  0  0  0  0  0  28  0  0  0  0  0  0  0  0  0  0  0  16  0  47  0  0  0  0  0  0  0  0  0  0  0  0  0  0  0  0  0  0  0  0  7  0  0  0  0  0  0  0  0  0  
32  0  0  16413  205  106  0  0  0  0  0  0  115  2669  105  6  13  646  0  0  0  0  0  4  0  0  0  0  2761  0  0  1  123  14  9  0  0  0  14  9629  2  0  0  0  1275  0  207  5  7736  0  0  11097  228  12  0  0  0  0  0  0  0  0  0  9  0  4  1  10150  1  0  0  0  1  0  0  0  0  0  0  0  0  0  0  0  0  0  0  0  0  0  0  0  0  0  0  0  0  0  0  0  0  0  0  0  0  0  0  0  0  0  0  0  0  0  0  0  0  0  0  0  0  0  0  0  0  0  0  0  0  0  0  0  0  0  0  0  0  0  0  0  0  0  0  0  0  0  0  0  
2  0  0  3  0  4  0  0  0  0  0  59  0  1213  0  0  0  66  0  0  0  0  0  5086  0  0  0  0  0  0  0  0  0  1  2  0  0  0  4531  1  0  0  1  0  0  0  5450  0  32  0  0  0  0  0  0  0  0  0  0  0  0  1067  0  580  0  0  0  0  0  0  0  0  0  0  0  0  0  0  0  0  0  0  0  0  0  0  0  0  0  0  0  0  0  0  0  0  0  0  0  0  0  0  0  0  0  0  0  0  0  0  0  0  0  0  0  0  0  0  0  0  0  0  0  0  0  0  0  0  0  0  0  0  0  0  0  0  0  0  0  0  0  0  0  0  0  0  0  0  
395  0  0  0  232  328  0  0  0  0  0  3130  1697  0  329  3  0  8  0  0  0  0  0  95  0  0  0  0  1  0  0  10  0  0  0  0  0  0  6156  8262  1  0  0  0  1  0  327  0  3596  0  0  9785  278  0  0  0  1  0  0  0  0  1823  0  470  0  3  0  5  0  0  0  0  0  0  0  0  0  0  0  0  0  0  0  0  0  0  0  0  0  0  0  0  0  0  0  0  0  0  0  0  0  0  0  0  0  0  0  0  0  0  0  0  0  0  0  0  0  0  0  0  0  0  0  0  0  0  0  0  0  0  0  0  0  0  0  0  0  0  0  0  0  0  0  0  0  0  0  0  
4669  0  0  1  1679  747  1  0  1  0  0  375  0  55  0  10212  1  9  0  0  0  0  0  0  0  12  0  0  2934  0  1  13  0  0  0  0  0  0  0  42  4  0  0  0  57  0  3  1  212  0  0  41091  22153  28666  2  0  0  0  0  0  0  4654  2  1  0  17  10  7841  1945  3  1  0  0  0  0  0  0  0  0  0  0  0  0  0  0  0  0  0  0  0  0  0  0  0  0  0  0  0  0  0  0  0  0  0  0  0  0  0  0  0  0  0  0  0  0  0  0  0  0  0  0  0  0  0  0  0  0  0  0  0  0  0  0  0  0  0  0  0  0  0  0  0  0  0  0  0  0  0  
836  0  14345  3  12401  18861  19275  14559  27  0  0  1  0  0  9943  0  2  37  1  0  0  0  0  66  0  5  2  0  1658  0  1292  162  0  0  0  0  0  0  3  8  3  0  0  0  830  693  6  4  186  0  0  183  4041  31159  2  1  0  0  0  0  0  0  1  49  2  536  34  32  5747  4326  0  0  14  0  0  0  35  0  0  243  117  571  9  0  0  0  0  0  0  999  0  0  0  0  0  0  0  0  0  0  0  0  0  1  0  16  0  0  0  0  0  0  0  0  0  0  0  0  0  27  0  0  0  0  0  0  0  0  0  0  0  0  0  0  0  0  0  0  0  19  0  0  0  2  0  0  0  0  
0  0  2  202  0  2  3  1  3  8  0  15  0  0  1  1  0  13167  150  0  0  0  1143  107  1  42  0  0  6  0  0  1169  139  1  2467  0  0  0  0  1  1485  0  931  21  172  1  834  13940  7986  5  2  1  0  1  27  4  13  50  0  0  1  0  4  2  13  8  80  1  134  0  0  0  513  7  0  0  0  0  0  0  0  0  1  0  0  0  0  0  0  0  0  0  0  0  0  0  0  0  0  2  0  0  0  0  0  3  0  0  0  1  0  0  0  0  2  0  0  0  0  0  0  0  1  0  0  1  0  0  0  0  0  0  0  0  0  0  0  0  0  5  0  0  0  0  0  0  0  0  
29  0  0  274  6  99  0  0  2  14  0  757  101  4  1  1  7508  0  10  0  0  0  854  1568  1  39  0  0  1  2  33  5883  80  2  443  0  0  0  23  5  278  0  476  41  5  0  12208  3326  13484  4  1  11  1  0  42  0  9  1  0  0  1  0  107  42  12  29  6  4  7  85  0  0  780  7  0  0  0  1  0  0  0  0  2  0  0  0  0  0  0  0  0  0  0  0  0  0  0  0  0  4  2  0  0  0  1  3  0  0  0  1  0  0  0  0  8  0  0  0  1  0  1  0  1  0  0  0  0  0  0  1  0  0  0  0  0  0  0  0  0  9  4  0  0  0  0  0  0  0  
0  5587  0  4  0  1  0  0  2  0  4  0  0  0  0  0  1  5  0  1957  2  395  0  0  9550  1  0  0  0  0  0  1  0  0  0  0  0  282  0  0  8  6362  0  498  73  0  0  8  14  0  1077  0  0  4  17  50  50162  24669  11346  43  1048  0  0  0  696  1  1  533  1  0  0  0  17222  0  0  0  0  0  0  0  0  0  0  0  0  0  0  0  0  0  0  0  0  0  0  0  0  0  0  0  0  0  0  0  0  0  0  0  0  0  0  0  0  0  0  0  0  0  0  0  0  0  0  0  0  0  0  0  0  0  0  0  0  0  0  0  0  0  0  0  0  0  0  0  0  0  0  0  
0  1  0  0  0  0  0  0  44  0  33266  0  0  0  0  0  0  1  1340  0  0  13  0  0  188  0  3656  0  0  336  0  0  0  0  0  0  0  0  0  0  3  4194  0  8326  0  0  0  4  2  0  0  0  0  0  3  2516  227  18644  0  0  0  0  0  0  11530  0  0  1  0  0  149  0  12  0  0  0  0  0  0  0  0  0  0  0  700  0  0  0  0  0  0  0  0  6  0  0  0  0  0  0  1  0  0  24  0  0  0  0  0  0  0  0  0  0  0  1  0  1  0  0  0  0  0  0  0  0  0  0  0  0  0  0  0  0  0  0  0  0  2  0  0  0  0  0  0  0  0  0  
0  9892  0  0  0  0  0  0  0  0  0  0  0  0  0  0  0  0  4  0  0  1401  3822  0  0  0  0  0  0  0  0  0  0  0  0  0  5264  71  0  0  2  1  5  0  2  0  0  0  0  12434  3884  0  0  0  2  0  0  0  612  12839  20490  0  0  0  0  0  0  0  0  0  0  3  22  0  0  0  0  0  0  0  0  0  0  0  0  0  0  0  0  0  0  0  0  0  0  0  0  0  0  0  0  0  0  0  0  0  0  0  0  0  0  0  0  0  0  0  0  0  0  0  0  0  0  0  7  0  0  0  0  0  0  0  0  0  2  0  0  0  0  0  0  0  0  0  0  0  0  0  
1  5035  0  2  1  3  0  1  0  1777  1456  0  0  0  0  0  0  3  117  7  1341  0  4436  0  0  6  0  0  0  107  0  1  0  0  0  0  0  4  0  9  143  13838  0  39017  15  0  2  5  11  0  3987  1  4  2  67  0  3690  1510  31  1  45593  0  0  0  165  12  0  15  1  0  0  0  20  0  0  1  0  0  0  0  0  0  1  5  935  0  0  0  0  0  0  0  0  0  4  983  0  0  0  0  0  0  0  2  0  0  0  0  0  0  0  0  0  0  3  6  0  284  0  0  0  1  0  0  8  0  0  0  0  0  0  0  0  0  1  0  0  0  0  3  0  0  0  0  0  0  0  0  
0  0  0  5  0  5  4  8  21  1341  0  1  0  0  0  0  1167  1449  12  0  3492  4746  0  33  41  223  0  0  1  5  0  2758  0  0  4252  0  91  818  0  4  1293  0  14135  4964  20  0  9  1126  48  9562  9  3  0  7  411  3  23  2  356  750  12127  0  4  0  147  14  2  68  1  5  0  24  3253  0  0  0  0  0  0  0  0  0  1  0  0  0  0  0  0  0  0  0  0  0  0  0  1  0  0  0  0  0  0  0  0  2  0  0  0  0  0  0  0  0  3  0  0  0  0  0  0  0  0  0  9  0  0  0  0  0  0  0  0  0  2  0  0  0  0  2  0  0  0  0  0  0  0  0  
7271  0  0  1  204  1137  0  0  0  0  0  11  5429  589  7  39  38  1163  0  0  0  0  4  0  0  2  0  0  0  0  6760  1714  5  24  187  0  0  0  1586  47  2  0  284  3  0  0  9501  166  290  0  0  315  74  0  0  0  0  0  0  0  0  7744  13707  29218  0  20  0  1  0  5650  0  0  3  0  0  0  0  0  0  0  0  0  0  0  0  0  0  0  0  0  0  0  0  0  0  0  0  3  0  0  0  0  0  0  12  0  0  0  0  0  0  0  0  0  0  0  0  0  1  0  0  0  0  0  0  0  0  0  0  0  0  0  0  0  0  0  2  0  0  0  0  0  0  0  0  0  0  0  
0  0  0  2  0  1  0  0  35  3  0  0  0  0  0  0  0  8  6471  321  0  0  8  0  0  5677  272  0  8  0  0  0  1  0  0  0  0  0  0  0  22  0  0  46  68  0  1  9  19  1  13  0  0  12  11017  21549  1454  1265  91  2  24  0  0  0  267  20  10  559  4  0  3  0  32161  0  0  0  0  0  0  0  0  0  0  0  0  0  0  0  0  0  0  0  0  0  0  0  0  0  0  0  0  0  0  0  0  0  0  0  0  0  0  0  0  0  0  0  0  0  0  0  0  0  0  0  0  0  0  0  0  0  0  0  0  0  0  0  0  0  0  0  0  0  0  0  0  0  0  0  
0  1  1  12940  0  10  5  13  85  16  0  0  0  0  0  0  10  69  22  2  0  2  13  0  4606  0  5  1717  8  45  0  13  82  4184  0  8178  0  598  0  3  18684  1  0  281  1959  0  3  65  535  0  14  36  1  39  10966  5933  27  3  0  4  14  0  1  2  200  431  22968  428  165  0  44  0  2455  107  0  0  0  0  0  0  0  0  0  0  0  0  0  0  0  0  0  0  0  0  0  0  0  0  0  0  0  0  0  0  0  1  0  0  0  0  0  0  0  0  0  0  0  0  0  0  0  0  0  0  0  0  0  0  0  0  0  0  0  0  0  0  0  0  0  8  0  0  0  0  0  0  1  0  
0  0  3368  0  0  0  0  0  26  0  6  0  0  0  0  0  0  1  0  5754  0  0  0  0  164  20  0  0  8  37856  0  0  0  0  0  0  0  0  0  0  1  0  0  1  25  261  0  0  1  0  0  0  0  0  49  39835  1  2  0  0  0  0  0  0  9690  3  11541  0  4  0  5021  0  0  0  0  0  0  0  0  0  0  0  0  0  2  0  0  0  0  0  0  0  0  2  0  0  0  0  0  0  0  0  0  82  0  0  0  0  0  0  0  0  0  0  0  0  0  0  0  0  0  0  0  0  0  0  0  0  0  0  0  0  0  0  0  0  0  0  0  0  0  0  0  0  0  0  0  0  
0  0  5197  8043  0  0  0  0  27  0  0  0  0  0  0  0  0  0  0  0  0  0  0  0  0  2581  3  0  3667  0  0  0  0  0  0  0  0  0  0  0  0  0  0  0  24655  4419  0  0  2  0  0  1  0  1  0  21  0  0  0  0  0  0  0  0  0  0  20148  0  3  0  2  0  0  0  0  0  0  0  0  0  0  0  0  0  0  0  0  0  0  0  0  0  0  0  0  0  0  0  0  0  0  0  0  0  0  0  0  0  0  0  0  0  0  0  0  0  0  0  0  0  0  0  0  0  0  0  0  0  0  0  0  0  0  0  0  0  0  0  0  0  0  0  0  0  0  0  0  0  
1  0  4860  3455  0  7  2  3710  124  0  0  1850  1  2  2907  1429  22  101  11  0  0  0  0  0  0  40  0  1684  0  0  0  12  0  0  0  0  0  0  0  1  37  0  0  1  32002  741  17  189  147  0  0  399  1  164  5  2  2  4  0  0  0  0  0  0  12  229  826  17653  20913  0  27  0  5  0  0  0  0  0  0  0  0  0  0  0  0  0  0  0  0  0  0  0  0  0  0  0  0  0  0  0  0  0  0  0  0  0  0  0  0  0  0  0  0  0  1  0  0  0  0  0  0  0  0  0  0  0  0  0  0  0  0  0  0  0  0  0  0  0  0  1  0  0  0  0  0  0  0  0  
0  0  2551  0  0  2  1  0  1300  2831  1172  0  0  0  0  0  0  116  4  249  0  111  0  0  1  19  29124  0  2  0  0  13  1  0  0  0  0  0  0  0  30  0  1  1058  39  11290  1  18  57  0  0  0  0  1  27  1737  27  6  0  0  0  0  0  0  18169  1566  1324  0  2  0  15046  0  48  0  0  0  1  1  0  0  0  0  322  23  1124  0  0  0  0  0  0  0  0  20  0  162  0  0  0  0  10  0  0  3417  0  1  0  0  0  0  0  0  0  0  10  0  0  0  0  1  0  0  0  0  0  0  0  0  0  0  0  0  0  0  0  0  0  0  20  143  1  0  0  0  1029  0  0  0  
2865  0  0  0  1892  1574  0  0  0  0  0  0  0  0  0  1608  0  9  0  0  0  0  0  5657  0  0  0  0  0  0  0  1163  0  0  0  0  0  0  0  0  0  0  0  0  0  0  12  0  0  0  0  0  0  0  0  0  0  0  0  0  0  0  10516  37  0  0  0  0  0  10967  0  0  0  0  0  0  0  0  0  3  0  0  0  0  0  0  0  0  0  5  0  0  0  0  0  0  0  44  0  0  0  0  0  0  787  2  0  0  0  0  0  0  0  0  0  0  0  0  0  0  0  0  0  0  0  0  0  0  0  0  0  0  0  0  0  0  25  0  0  0  0  0  0  14  0  0  0  0  
24  0  0  0  5  4903  0  0  1  17  0  0  1  4  1  65  1671  14349  4  0  2  0  2824  1215  0  27  0  0  0  0  1537  0  0  0  972  0  0  0  13  2  129  0  545  58  12  1  1013  1151  1595  1  1  4  0  0  10  4  1  0  0  0  2  0  8428  283  12  3191  1  3  3  6158  0  1  840  0  0  0  0  0  0  56  0  0  5  1  0  0  0  0  0  23  0  0  0  0  0  0  0  1  0  8  0  0  0  0  15  2376  0  0  0  4  0  0  1  0  16  0  0  0  0  0  0  0  1  0  1  0  0  0  0  1  0  0  0  0  1  0  1  0  0  53  6  0  0  21  0  0  1  0  
0  0  0  3240  0  0  0  0  0  0  0  5  0  0  0  0  79  111  0  0  0  0  0  1  0  26  0  0  0  0  0  0  0  5781  1357  482  0  0  0  0  1973  0  0  1  0  0  11  10162  100  0  0  0  0  0  1  1  0  0  0  0  0  0  0  0  0  0  0  0  0  0  0  0  829  10927  0  0  0  0  0  0  0  0  0  0  0  0  0  0  0  0  0  0  0  0  0  0  0  0  0  0  0  0  0  0  0  0  0  0  0  0  0  0  0  0  0  0  0  0  0  0  0  0  0  0  0  0  0  0  0  0  0  0  0  0  0  0  0  0  0  0  0  0  0  0  0  0  0  0  
0  0  0  96  0  0  0  0  0  0  0  19  0  1  0  0  1  5  0  0  0  0  0  30  0  3081  0  0  0  0  0  0  8630  0  18144  10677  0  12584  0  0  451  0  4317  0  0  0  21  2548  1  0  0  0  0  0  5  0  0  0  0  0  0  0  0  0  0  0  0  0  0  0  0  64  21265  3377  0  0  0  0  0  0  0  0  0  0  0  0  0  0  0  0  0  0  0  0  0  0  0  0  0  0  0  0  0  0  0  0  0  0  0  0  0  0  0  0  0  0  0  0  0  0  0  0  0  0  0  0  0  0  0  0  0  0  0  0  0  0  0  0  0  0  0  0  0  0  0  0  0  0  
0  0  0  23  0  0  0  0  1  2  0  14  0  0  0  0  1743  480  0  0  0  0  3850  120  0  8  0  0  0  0  0  976  1526  18951  0  0  21  1581  0  0  19  0  12713  6  0  0  36  11540  6  92  0  0  0  0  3  0  1  0  38  14  48  0  0  6  2  3  0  0  0  0  0  2901  4755  0  0  0  0  0  0  0  0  0  0  0  0  0  0  0  0  0  0  0  0  0  0  0  0  0  0  0  0  0  0  0  0  0  0  0  0  0  0  0  0  0  0  0  0  0  0  0  0  0  0  0  0  0  0  0  0  0  0  0  0  0  0  0  0  0  0  1  0  0  0  0  0  0  0  0  
0  0  0  0  0  0  0  0  0  0  0  0  0  0  0  0  1  0  0  0  0  0  0  0  0  8850  0  0  0  0  0  1  666  12467  0  0  0  178  0  0  4877  0  0  0  0  0  0  820  4  0  0  0  0  0  136  0  0  0  0  0  0  0  0  0  0  0  0  0  0  0  0  0  1717  6527  0  0  0  0  0  0  0  0  0  0  0  0  0  0  0  0  0  0  0  0  0  0  0  0  0  0  0  0  0  0  0  0  0  0  0  0  0  0  0  0  0  0  0  0  0  0  0  0  0  0  0  0  0  0  0  0  0  0  0  0  0  0  0  0  0  0  0  0  0  0  0  0  0  0  
0  1535  0  0  0  0  0  0  0  0  0  0  0  0  0  0  0  0  1  0  3411  0  166  0  0  0  0  0  0  0  0  0  0  1  41  0  0  17897  0  0  0  0  6692  1  0  0  0  14  0  20344  0  0  0  0  0  0  0  0  4586  21063  148  0  0  0  0  0  0  0  0  0  0  32356  714  0  0  0  0  0  0  0  0  0  0  0  0  0  0  0  0  0  0  0  0  0  0  0  0  0  0  0  0  0  0  0  0  0  0  0  0  0  0  0  0  0  0  0  0  0  0  0  0  0  0  0  0  0  0  0  0  0  0  0  0  0  0  0  0  0  0  0  0  0  0  0  0  0  0  0  
0  881  0  1  0  0  0  0  0  0  0  0  0  0  0  0  1  1  666  0  5  8  86  0  0  38  0  0  0  0  0  0  0  12682  2253  6  16217  0  0  0  5  1  7683  346  4  0  0  201  1  1201  4  0  0  0  10  0  0  0  14478  3060  1672  0  0  0  1  0  0  0  0  0  0  34157  53675  0  0  0  0  0  0  0  0  0  0  0  0  0  0  0  0  0  0  0  0  0  0  0  0  0  0  0  0  0  0  0  0  0  0  0  0  0  0  0  0  0  0  0  0  0  0  0  0  0  0  0  0  0  0  0  0  0  0  0  0  0  0  0  0  0  0  0  0  0  0  0  0  0  0  0  
586  0  0  0  33  242  0  0  0  0  0  5  4435  6915  3  6  1  9  0  0  0  0  0  716  0  0  0  0  0  0  0  86  0  0  0  0  0  0  0  328  0  0  0  0  0  0  3269  0  3050  0  0  1030  14  0  0  0  1  0  0  0  0  456  10  4523  0  13  0  2  0  19  0  0  0  0  0  0  0  0  0  0  0  0  0  0  0  0  0  0  0  0  0  0  0  0  0  0  0  0  0  0  0  0  0  0  0  0  0  0  0  0  0  0  0  0  0  0  0  0  0  0  0  0  0  0  0  0  0  0  0  0  0  0  0  0  0  0  0  0  0  1  0  0  0  0  0  0  0  0  
37  0  0  27  132  83  0  0  1  0  0  8829  49  9331  73  7  0  6  0  0  0  0  0  8  0  0  0  0  0  0  0  4  0  0  0  0  0  0  172  0  4  0  0  0  1  0  47  0  7801  0  0  1029  210  6  0  0  0  0  0  0  0  9  0  29  0  2  2  1303  3  0  0  0  0  0  0  0  0  0  0  0  0  0  0  0  0  0  0  0  0  0  0  0  0  0  0  0  0  0  0  0  0  0  0  0  0  0  0  0  0  0  0  0  0  0  0  0  0  0  0  0  0  0  0  0  0  0  0  0  0  0  0  0  0  0  0  0  0  0  0  1  0  0  0  0  0  0  0  0  
15  0  0  4960  93  79  32  37  93  761  0  10  0  8  42  14  1728  2611  603  2  0  3  134  3  2  15993  8  1  3  6  0  208  1677  435  1  4844  0  0  1  132  0  0  3  2136  312  0  22  9858  7736  0  3  75  82  55  5520  108  68  83  1  1  22  0  5  4  201  266  1749  246  21  6  12  0  3627  3488  0  0  0  0  0  0  0  0  13  1  0  0  0  0  0  0  0  1  0  0  0  0  2  0  0  12  0  0  0  0  3  2  0  0  0  2  0  0  0  0  38  0  1  0  0  1  0  10  2  0  0  1  0  1  0  4  0  0  0  0  0  0  0  0  0  19  2  2  0  0  2  0  1  0  
0  18291  0  1  0  0  0  0  0  0  3015  0  0  0  0  0  0  0  5195  4943  0  16410  0  0  0  0  0  0  0  0  0  0  0  0  0  0  0  0  0  0  0  0  0  6500  24  0  0  0  0  0  1868  0  0  1  1  0  28360  1215  58  0  390  0  0  0  1  1  0  5  0  0  0  0  0  0  0  0  0  0  0  0  0  0  0  0  8  0  0  0  0  0  0  0  0  0  0  1  0  0  0  0  0  0  0  0  0  0  0  0  0  0  0  0  0  0  0  3  0  0  0  0  0  0  0  0  0  0  0  0  0  0  0  0  0  0  0  0  0  0  0  0  0  0  0  0  0  0  0  0  
0  0  0  0  0  0  0  0  1  3  0  0  0  0  0  0  118  199  3  0  2  1  14139  120  0  8  0  0  0  1  0  50  0  6239  15485  0  5251  8330  0  0  30  0  0  18  0  0  0  2902  1  5118  1  0  0  0  7  1  0  0  355  13  226  0  1  20  2  3  0  0  0  0  0  5196  3498  0  0  0  0  0  0  0  0  0  0  0  0  0  0  0  0  0  0  0  0  0  0  0  0  0  0  2  0  0  0  0  0  0  0  0  0  0  0  0  0  0  1  0  0  0  0  0  0  0  0  0  0  0  0  0  0  1  0  0  0  0  0  0  0  0  0  0  1  0  0  0  0  0  0  0  
2  248  0  280  4  58  50  135  206  7556  31594  6  0  0  12  12  2  743  767  3897  1  33432  4501  0  22  678  1  0  5  748  0  87  0  0  0  0  0  33  0  46  3350  7121  3  0  935  0  76  124  915  5  1054  40  18  78  1223  46  4145  13393  194  22  6579  0  2  1  12664  501  33  468  131  3  16  0  1389  5  0  0  0  0  0  0  0  0  0  1  190  0  0  0  0  0  0  0  0  0  0  8  0  0  0  1  0  0  0  0  0  0  0  0  0  0  0  0  0  0  8  2  0  5  1  0  0  2  1  0  2  0  0  0  0  1  0  0  0  0  0  0  0  0  0  10  1  0  0  0  0  0  1  0  
5  0  7906  11755  17  238  88  2227  1277  7  0  195  0  4  25  1354  135  372  81  0  0  1  0  0  0  2362  4  26050  25814  2  0  49  0  0  0  0  0  0  0  23  194  0  0  58  0  13677  45  870  2936  0  7  117  26  248  79  56  217  11  0  4  11  0  6  1  74  960  17464  6485  8716  5  352  0  78  0  0  0  0  0  0  0  0  0  2  0  0  0  0  0  0  0  0  0  0  0  0  0  0  0  0  0  0  0  0  0  0  0  0  0  0  0  0  0  0  0  0  0  0  0  0  0  0  0  0  0  0  0  0  0  0  1  0  0  0  0  0  0  0  0  0  4  1  0  0  0  0  0  0  0  
0  0  9289  5  0  5  1  6846  5116  0  0  0  0  0  0  551  1  3  0  0  0  0  0  0  0  3  419  2961  74  9682  0  1  0  0  0  0  0  0  0  1  1  0  0  0  8353  0  0  3  20  0  0  1  0  13  1  9  0  0  0  0  0  0  0  0  1  23  5592  0  10  1  4140  0  0  0  0  0  6  0  0  0  0  2  154  0  0  0  0  0  0  11  0  0  0  0  0  0  0  0  0  0  0  0  0  27  0  0  0  0  0  0  0  0  0  0  0  0  0  0  0  172  0  0  0  0  0  0  0  0  0  0  0  0  0  0  0  0  0  0  0  0  0  0  0  0  325  0  0  0  
429  0  0  0  55  636  0  0  1  1  0  65  4491  146  15  3  5  7248  0  0  0  0  13  7300  0  6  0  0  0  0  56  1890  1  1  16  0  0  0  3162  16  14  0  2  10  3  0  0  109  2734  0  0  195  45  30  4  0  0  0  0  0  0  32  506  6126  1  28  10  12  12  119  0  0  36  0  0  0  0  0  0  0  0  0  0  0  0  0  0  0  0  0  0  0  0  0  0  0  0  0  0  0  0  0  0  0  0  0  0  0  0  0  0  0  0  0  0  0  0  0  0  0  0  0  1  0  0  0  0  0  0  0  0  0  0  0  0  0  0  0  0  1  0  0  0  0  0  0  0  0  
0  0  0  34  1  13  4  2  16  209  0  11  0  0  1  0  11534  7034  30  1  1  0  881  185  2  73  2  0  3  2  0  599  8475  1179  12892  384  9  829  0  2  7008  0  5215  145  146  0  1072  0  2606  67  5  8  2  2  289  33  18  8  101  4  30  0  7  1  80  122  269  12  10  2  0  473  24727  2839  0  0  0  0  0  0  0  0  8  0  0  0  0  1  0  0  1  2  0  0  0  0  0  0  0  17  0  0  1  0  3  10  0  0  0  4  0  0  0  0  38  0  2  0  2  0  1  4  5  0  0  0  0  0  0  3  0  0  0  0  0  0  0  0  0  45  1  0  0  0  1  0  3  0  
1912  0  68  15980  1426  1619  74  61  76  496  0  6299  154  3727  593  144  4674  10552  1990  0  0  0  7  142  4  276  1  0  64  2  2  1892  69  1  2  1  0  1  2825  8716  8006  0  3  385  4197  0  2777  1059  0  0  6  3396  1391  1308  210  45  886  206  2  1  3  56  140  597  106  588  478  6563  1096  172  7  0  197  1  0  0  0  0  0  2  0  0  1  2  0  0  0  1  0  0  0  0  0  0  0  0  0  0  0  2  0  0  0  0  1  0  0  0  0  1  0  0  0  0  9  0  0  0  0  0  0  1  2  0  0  0  0  0  0  1  0  0  0  0  0  0  0  0  0  43  0  0  0  0  0  0  0  0  
0  0  0  0  0  0  0  0  0  0  0  0  0  0  0  0  4  0  0  0  12281  0  8911  0  0  1  0  0  0  0  0  1  0  0  86  0  17796  4687  0  0  2  0  8672  13  1  0  0  183  0  0  1  0  0  0  3  0  0  0  2809  10535  3043  0  0  0  2  0  0  0  0  0  0  2778  5051  0  0  0  0  0  0  0  0  0  0  0  0  0  0  0  0  0  0  0  0  0  0  0  0  0  0  0  0  0  0  0  0  0  0  0  0  0  0  0  0  0  0  0  0  0  0  0  0  0  0  0  0  0  0  0  0  0  0  0  0  0  0  0  0  0  0  0  0  0  0  0  0  0  0  0  
0  10181  0  5  0  0  0  0  0  0  0  0  0  0  0  0  0  0  99  0  2033  4756  0  0  0  1  0  0  0  0  0  0  0  0  0  0  0  2  0  0  0  759  0  986  22  0  0  0  3  0  0  0  0  1  8  0  565  3  2109  96  8671  0  0  0  2  0  0  11  2  0  0  0  8  0  0  0  0  0  0  0  0  0  0  0  0  0  0  0  0  0  0  0  0  0  1  8  0  0  0  0  0  0  0  0  0  0  0  0  0  0  0  0  0  0  0  0  0  0  0  0  0  0  0  0  1  0  0  0  0  0  0  0  0  0  1  0  0  0  0  0  0  0  0  0  0  0  0  0  
4360  0  0  9  1639  2085  35  27  1  2  0  9778  0  11629  28378  135  1  129  23  0  0  0  0  43  2  52  1  0  986  1  0  78  0  0  0  0  0  0  1860  2982  24  0  0  2  109  0  174  7  1972  0  3  0  8599  7582  28  2  30  2  1  2  1  1919  3  87  6  167  84  9511  198  7  1  0  5  0  0  0  0  0  0  0  0  0  0  0  0  0  0  0  0  0  0  0  0  0  0  0  0  0  0  0  0  0  0  0  0  0  0  0  0  0  0  0  0  0  1  0  0  0  0  0  0  0  0  0  0  0  0  0  0  0  0  0  0  0  0  0  0  0  0  10  0  0  0  0  0  0  0  0  
4933  0  0  0  4061  930  1  0  0  0  0  5  0  15  22753  2272  2  38  1  0  0  0  0  3  0  5  0  0  0  0  0  64  0  0  0  0  0  0  6  159  3  0  0  0  2  0  12  1  412  0  0  15026  0  2428  2  0  0  0  0  0  0  0  4  8  1  33  6  3  3  3  0  0  0  0  0  0  0  0  0  0  0  0  0  0  0  0  0  0  0  0  0  0  0  0  0  0  0  0  0  0  0  0  0  0  0  0  0  0  0  0  0  0  0  0  0  0  0  0  0  0  0  0  0  0  0  0  0  0  0  0  0  0  0  0  0  0  0  0  0  2  0  0  0  0  0  0  0  0  
37  0  2  157  186  3340  1656  4155  184  0  0  1  0  3  25781  28838  1  92  21  0  0  0  0  0  2  339  3  1  133  1  0  14  0  0  0  0  0  0  0  29  35  0  0  11  499  0  23  17  1672  0  3  12129  2915  0  101  7  33  3  1  0  2  0  2  1  38  619  622  6040  10325  0  9  0  41  0  0  0  0  0  0  1  0  0  0  0  0  0  0  0  0  0  0  0  0  0  0  0  0  0  0  0  0  0  0  0  0  0  0  0  0  0  0  0  0  0  0  0  0  0  0  0  0  0  0  0  0  0  0  0  0  0  0  0  0  0  0  0  0  0  0  4  0  0  0  0  0  0  0  0  
0  0  0  14  1  6  18  32  579  8  0  0  0  0  1  2  1  107  343  3  0  8  35  0  7750  12490  57  0  8  23  0  14  0  10  0  360  0  1  0  1  3828  0  0  1669  79  0  3  83  150  0  10  2  1  23  0  1343  291  53  7  0  58  0  1  0  1088  126  167  325  9  0  60  0  12549  7  0  0  0  0  0  0  0  0  0  0  0  0  0  0  0  0  0  0  0  0  0  0  0  0  0  0  0  0  0  0  0  0  0  0  0  0  0  0  0  0  1  0  0  0  1  0  0  0  0  0  0  0  0  0  0  0  0  0  0  0  0  0  0  0  0  4  0  0  0  0  0  0  0  0  
1  0  0  4  0  8  22  15  1481  1  1  0  0  0  1  0  3  99  374  4018  0  0  0  0  20651  9151  34281  9  175  712  0  15  0  0  0  0  0  0  0  1  301  0  0  464  1222  3  3  88  140  0  5  10  0  32  3905  0  454  4314  3  0  3  0  0  0  8484  369  9827  366  132  0  9876  0  1714  0  0  0  0  0  0  0  0  0  1  0  0  0  0  0  0  0  0  0  0  0  0  0  0  0  0  0  0  0  0  0  0  0  0  0  0  0  0  0  0  0  0  0  0  0  0  0  0  0  0  0  0  0  0  0  0  0  0  0  0  0  0  0  0  0  0  1  0  0  0  0  0  0  0  0  
0  15672  0  10  0  4  1  0  4  1  63  0  0  0  2  0  1  8  54222  48  0  7149  1  0  2101  1  0  0  0  0  0  2  0  0  0  0  0  0  0  0  35  23970  0  3372  205  0  1  8  38  0  2043  3  0  12  18  188  0  4531  6672  1  1215  0  0  0  945  3  2  1399  1  0  0  0  4927  0  0  0  0  0  0  0  0  0  0  0  0  0  0  0  0  0  0  0  0  0  0  0  0  0  0  0  0  0  0  0  0  0  0  0  0  0  0  0  0  0  0  0  0  0  1  0  0  0  0  0  0  0  0  0  0  0  0  0  0  0  0  0  0  0  0  0  0  0  0  0  0  0  0  0  
0  189  0  11  0  2  0  1  10  0  10339  0  0  0  1  0  0  9  23863  17997  0  1044  1  0  1796  6  0  0  0  0  0  2  0  0  0  0  0  0  0  0  7  2047  0  9794  248  0  0  13  30  0  410  2  0  6  63  4164  7301  0  101  0  117  0  0  0  7453  9  10  145  1  0  2  0  103  0  0  0  0  0  0  0  0  0  0  0  0  0  0  0  0  0  0  0  0  0  0  0  0  0  0  0  0  0  0  0  0  0  0  0  0  0  0  0  0  0  0  0  0  0  0  0  0  0  0  0  0  0  0  0  0  0  0  0  0  0  0  0  0  0  0  0  0  0  0  0  0  0  0  0  
0  11580  0  32  0  0  3  1  0  0  0  0  0  0  0  1  0  2  9510  0  223  483  53  0  6  3  0  0  0  0  0  0  0  0  0  0  4151  16929  0  0  17  12  10  1442  355  0  0  9  9  39  5668  0  0  8  34  0  5356  11  0  9123  4203  0  0  0  7  8  0  112  6  0  0  12  7681  0  0  0  0  0  0  0  0  0  0  0  0  0  0  0  0  0  0  0  0  0  0  0  0  0  0  0  0  0  0  0  0  0  0  0  0  0  0  0  0  0  0  0  0  0  0  0  0  0  0  0  0  0  0  0  0  0  0  0  0  0  0  0  0  0  0  0  0  0  0  0  0  0  0  0  
0  4717  0  8  0  2  0  0  0  0  0  0  0  0  0  0  0  2  4  0  16022  13  138  0  0  4  0  0  0  0  0  0  0  0  5  0  19458  4728  0  0  3  1  17  770  45  0  0  10  0  10272  2183  0  0  5  32  1  2  0  8957  0  7516  0  0  0  0  0  1  12  1  0  0  6123  1676  0  0  0  0  0  0  0  0  0  0  0  0  0  0  0  0  0  0  0  0  0  0  0  0  0  0  0  0  0  0  0  0  0  0  0  0  0  0  0  0  0  0  0  0  0  0  0  0  0  0  0  0  0  0  0  0  0  0  0  0  0  0  0  0  0  0  0  0  0  0  0  0  0  0  0  
0  2854  0  30  0  2  2  5  13  4  188  0  0  0  1  0  0  8  82  9  19547  34921  11697  0  47  10  0  0  0  0  0  0  0  0  1  0  74  3487  0  0  26  919  50  7704  222  0  1  13  16  2433  10018  0  0  11  625  2  883  247  3597  7180  0  0  0  0  12  6  3  286  7  0  1  20  2605  0  0  0  0  0  0  0  0  0  0  0  3  0  0  0  0  0  0  0  0  0  0  2  0  0  0  0  0  0  0  0  0  0  0  0  0  0  0  0  0  0  0  0  0  0  0  0  0  0  0  0  4  0  0  0  0  0  0  0  0  0  0  0  0  0  0  0  0  0  0  0  0  0  0  0  
3930  0  0  1  1  6  0  0  0  0  0  0  1588  1586  4279  0  0  1  0  0  0  0  0  7011  0  0  0  0  0  0  0  1  0  0  0  0  0  0  882  1  0  0  0  0  0  0  15  0  9  0  0  3020  1  0  0  0  0  0  0  0  0  0  0  2411  0  0  0  2  0  0  0  0  0  0  0  0  0  0  0  0  0  0  0  0  0  0  0  0  0  0  0  0  0  0  0  0  0  0  0  0  0  0  0  0  0  0  0  0  0  0  0  0  0  0  0  0  0  0  0  0  0  0  0  0  0  0  0  0  0  0  0  0  0  0  0  0  0  0  0  0  0  0  0  0  0  0  0  0  
0  0  0  0  1  1168  0  0  0  0  0  1  15  2  0  0  0  401  0  0  0  0  7  12844  0  5  0  0  0  1  10564  12354  0  0  0  0  0  0  40  0  14  0  0  19  0  0  1770  6  13  0  0  0  0  0  1  0  0  0  0  0  1  1  0  3603  3  2  0  0  0  3599  0  0  40  0  0  0  0  0  0  0  0  0  0  0  0  0  0  0  0  0  0  0  0  0  0  0  0  0  0  1  0  0  0  0  4  2  0  0  0  0  0  0  0  0  0  0  1  0  0  0  0  0  0  0  0  0  0  0  0  0  0  0  0  0  0  0  0  0  0  0  0  0  0  0  0  0  0  0  
1475  0  0  0  130  1103  0  0  0  0  0  13  1726  1627  5  46  1  145  0  0  0  0  1  28834  0  1  0  0  0  0  10  1030  0  0  1  0  0  0  7553  47  2  0  9  1  0  0  7790  2  518  0  0  120  40  1  0  0  0  0  0  0  0  3660  1591  0  0  79  0  4  0  518  0  0  9  0  0  0  0  0  0  0  0  0  0  0  0  0  0  0  0  0  0  0  0  0  0  0  0  0  0  0  0  0  0  0  0  0  0  0  0  0  0  0  0  0  0  0  0  0  0  0  0  0  0  0  0  0  0  0  0  1  0  0  0  0  0  0  0  0  0  3  0  0  0  0  0  0  0  0  
0  5  0  32  0  18  116  42  1949  237  14658  0  1  0  1  0  5  246  4739  23550  0  201  2  0  205  171  12619  0  35  29250  1  51  0  0  0  0  0  0  0  2  323  84  0  13292  910  0  13  140  281  0  218  22  2  48  1051  4242  4934  8444  106  4  151  0  2  0  0  1042  136  229  14  0  5378  0  1155  0  0  0  0  0  0  0  0  0  0  0  313  0  0  0  0  0  0  0  0  7  0  0  0  0  0  1  0  0  0  17  0  1  0  0  0  0  0  0  0  0  3  0  0  0  0  0  0  0  0  0  0  0  0  0  0  1  0  0  0  0  0  0  0  0  0  4  1  0  0  0  0  0  0  0  
28  0  1  24  14  16275  8521  7190  12523  12902  1  3  0  2  10  275  20  1578  125  0  0  1  3  10  1  340  13  1  65  2097  0  4159  0  0  0  0  0  0  4  16  688  0  1  767  479  3  31  340  1393  0  6  134  15  141  327  143  30  10  0  0  2  0  9  65  2061  0  254  149  155  9  25  0  710  19  42  0  0  0  9  815  72  129  151  11  0  0  0  0  4  4  0  8  1  0  0  2  6  1  0  17  2  0  11  0  1  139  0  0  0  4  0  0  1  0  72  0  0  0  117  9  0  1  4  0  1  4  9  4  0  35  0  0  0  2  0  8  2  3  0  15901  23  0  3  1  77  0  22  0  
0  0  2221  2097  2  91  112  14  1041  0  0  1  0  0  3  50  21  190  61  2  0  0  0  0  1  30120  12320  16463  243  1360  0  15  0  0  0  0  0  0  0  2  1694  0  0  183  10662  5833  1  213  396  0  3  11  1  112  698  11566  17  53  0  0  0  0  0  0  321  1379  0  254  793  0  4117  0  29  0  0  0  0  0  0  0  0  0  0  0  0  0  0  0  0  0  0  0  0  0  0  0  0  0  0  0  0  0  0  0  0  0  0  0  0  0  0  0  0  0  1  0  0  0  0  0  0  0  0  0  0  0  0  0  0  0  0  0  0  0  0  0  0  0  0  2  0  0  0  0  0  0  0  0  
33  0  0  4637  74  281  39  2  30  0  0  7655  0  30  8459  21  1  171  71  0  0  0  0  0  4  313  2  0  14665  1  0  30  0  0  0  0  0  0  10  468  30  0  0  8  12589  0  306  7  5155  0  23  12858  92  4721  227  19  203  13  1  5  11  1  2  3  13  141  563  0  4126  5  14  0  50  0  0  0  0  0  0  0  0  0  0  0  0  0  0  0  0  0  0  0  0  0  0  0  0  0  0  1  0  0  0  0  0  0  0  0  0  0  0  0  0  0  1  0  0  0  0  0  0  0  0  0  0  0  0  0  0  0  0  0  0  0  0  0  0  0  0  8  0  0  0  0  0  0  0  0  
4  0  1694  308  20  382  465  5276  458  1  0  1  0  0  2263  5790  13  128  47  0  0  0  2  1  0  231  0  1  16987  0  0  21  0  0  0  0  0  0  0  35  38  0  0  15  7823  18  10  118  619  0  0  432  35  12592  19  17  87  8  0  0  1  0  0  3  7  813  1766  3750  0  0  314  0  14  0  0  0  0  0  0  0  0  0  0  0  0  0  0  0  0  0  0  0  0  0  0  0  0  0  0  0  0  0  0  0  0  0  0  0  0  0  0  0  0  0  0  0  0  0  0  0  0  0  0  0  0  0  0  0  0  0  0  0  0  0  0  0  0  0  0  2  0  0  0  0  0  0  0  0  
2805  0  0  1  2811  14735  0  0  0  0  0  0  0  0  0  5079  0  84  0  0  0  0  2  5634  0  7  0  0  0  0  12176  7975  0  0  0  0  0  0  4  0  13  0  0  7  0  0  93  2  15  0  0  2  1  1  0  0  0  0  0  0  0  0  3305  1030  0  3  0  0  0  0  0  0  22  0  0  0  0  0  0  83  0  0  0  0  0  0  0  0  0  38  0  0  0  0  0  0  0  0  0  1  0  0  0  0  171  22  0  0  0  0  0  0  0  0  1  0  0  0  0  0  0  0  0  0  0  0  0  0  0  0  0  0  0  0  0  0  0  0  0  3  0  0  0  66  0  0  0  0  
0  0  1  0  0  2  3  2  12968  0  0  0  0  0  0  1  0  38  97  32  0  0  0  0  1  71  2021  2  27  14903  0  7  1  0  0  0  0  0  0  0  127  0  0  27  205  4390  1  72  50  0  1  2  0  19  54  7664  59  5  0  0  2  0  1  0  3231  233  3495  7  36  0  0  0  21  0  0  0  0  0  0  0  0  0  162  0  3  0  0  0  0  0  0  0  0  0  0  0  0  0  0  0  1  0  0  829  0  0  0  0  0  0  0  0  0  0  0  0  0  0  0  1  0  0  0  0  0  0  0  0  0  0  0  0  0  0  0  0  0  0  0  1  1  0  0  0  5798  0  0  0  
0  0  0  0  0  0  0  0  0  0  0  0  0  0  0  0  0  0  0  0  0  0  34  0  0  0  0  0  0  0  0  0  0  8  1802  0  40263  33013  0  0  0  0  3142  6  0  0  0  121  0  3721  0  0  0  0  0  0  0  0  1142  6161  268  0  0  0  0  0  0  0  0  0  0  0  4800  0  0  0  0  0  0  0  0  0  0  0  0  0  0  0  0  0  0  0  0  0  0  0  0  0  0  0  0  0  0  0  0  0  0  0  0  0  0  0  0  0  0  0  0  0  0  0  0  0  0  0  0  0  0  0  0  0  0  0  0  0  0  0  0  0  0  0  0  0  0  0  0  0  0  0  
0  6  0  53  1  16  8  9  70  52  0  0  0  0  8  1  62  1299  13266  35  2  40  2048  3  33459  1661  0  0  1  7  1  521  1209  19101  6138  860  182  60504  0  1  1858  0  6396  3880  732  0  10  25208  252  2380  523  2  0  128  18029  2306  4156  106  6268  1197  4794  0  14  1  1700  78  6  3053  11  3  3  3810  0  714  0  0  0  1  0  0  0  0  4  0  0  0  0  0  0  0  0  1  0  0  0  0  1  1  0  3  0  0  0  0  0  5  0  0  0  1  0  0  0  0  12  0  0  0  1  0  0  2  0  0  0  0  0  0  0  2  0  0  0  0  0  0  0  0  0  8  2  0  0  0  1  0  3  0  
0  0  0  2  0  0  0  0  0  40  0  0  0  0  0  0  1  71  0  0  0  0  3  0  0  18  0  0  0  0  0  1  11615  2653  1  5888  0  0  0  0  2787  0  0  20  1  0  0  4633  51  0  1  0  0  0  29  1  0  0  0  0  0  0  0  0  3  9  0  1  0  1  0  0  1364  0  0  0  0  0  0  0  0  0  0  0  0  0  0  0  0  0  0  0  0  0  0  0  0  0  0  0  0  0  0  0  0  0  0  0  0  0  0  0  0  0  2  0  0  0  0  0  0  0  0  0  0  0  0  0  0  0  0  0  0  0  1  0  0  0  0  1  0  0  0  0  0  0  0  0  
0  0  0  0  0  3  0  0  0  0  0  0  0  0  0  0  0  0  0  0  0  0  0  0  0  0  0  0  0  0  10  0  0  0  0  0  0  0  0  0  0  0  0  0  0  0  0  0  0  0  0  0  0  0  0  0  0  0  0  0  0  0  0  0  0  0  0  0  0  5  0  0  0  0  0  0  0  0  6803  1823  6  1  4  0  0  3  159  198  1662  2356  0  4  0  0  0  0  1  14647  0  1  0  0  0  0  3492  305  0  0  0  0  0  0  2526  0  8  0  0  0  9  0  175  0  256  0  0  1060  9811  3  0  33  0  0  0  0  0  9699  167  582  1  184  0  1  1  2948  1  0  1  0  
0  0  0  0  0  0  0  0  0  0  0  0  0  0  0  0  0  0  0  0  0  0  0  0  0  0  0  0  0  0  0  0  0  0  0  0  0  0  0  0  0  0  0  0  0  0  0  0  0  0  0  0  0  0  0  0  0  0  0  0  0  0  0  0  0  0  0  0  0  0  0  0  0  0  0  0  0  0  0  0  0  0  1  0  0  0  0  0  0  0  0  0  21821  0  11734  0  0  0  0  0  0  0  0  0  0  0  0  0  0  0  49  226  0  0  0  7885  0  0  0  0  0  0  0  0  11484  0  0  0  0  0  447  0  6519  5965  263  0  0  0  0  0  0  0  0  0  0  30  8  0  
0  0  36  0  0  0  0  50  0  0  0  0  0  0  0  22  0  0  0  0  0  0  0  0  0  0  0  0  0  0  0  0  0  0  0  0  0  0  0  0  0  0  0  0  0  16  0  0  0  0  0  0  0  0  0  0  0  0  0  0  0  0  0  0  0  0  0  0  0  0  0  0  0  0  0  0  0  0  0  0  9  640  2  0  0  0  0  0  0  15672  0  1  0  0  0  0  0  0  0  0  3461  4461  9174  2045  0  0  0  0  0  0  0  0  0  0  0  0  0  0  13623  14096  0  0  0  0  0  0  0  0  0  0  0  0  0  0  0  0  0  0  0  0  4224  0  14  0  2  0  0  0  
0  0  0  0  0  0  0  0  0  0  0  0  0  0  0  0  0  0  0  0  0  0  0  0  0  0  0  0  0  0  0  0  0  0  0  0  0  0  0  0  0  0  0  0  0  0  0  0  0  0  0  0  0  0  0  0  0  0  0  0  0  0  0  0  0  1  0  0  0  0  0  0  0  0  0  0  0  0  3  8  19  6  109  9  0  12915  0  2  1  4  22  54  4  0  0  0  1  0  0  17211  7  4041  4383  1  0  0  776  15  5  179  0  0  4  0  3849  0  0  0  3634  19  19  37  17924  0  0  25  5  14  27  474  2  0  0  0  0  1  0  0  9  86  78  4372  49  0  101  0  9  1  
0  0  0  0  0  1  0  0  0  0  0  0  0  0  0  0  0  0  0  0  0  0  0  0  0  0  0  0  0  0  0  0  0  0  0  0  0  0  0  0  0  0  0  0  0  0  0  0  0  0  0  0  0  0  0  0  0  0  0  0  0  0  0  0  0  5  0  0  0  0  0  0  0  0  4811  0  0  1  0  10255  47  10  71  2  0  19  0  90  3274  17111  0  1  1  0  0  0  1  7  0  15  17  0  3  0  1  216  0  0  0  9  0  0  132  0  24  0  0  2  3  8  242  0  369  0  0  454  20571  90  0  486  0  0  0  0  0  436  9  59  4  261  75  3  12  1263  35  0  4  0  
0  0  0  0  0  469  7  2  0  0  0  0  0  0  0  86  0  1  0  0  0  0  0  0  0  0  0  0  0  0  1  35  0  0  0  0  0  0  0  0  0  0  0  0  0  0  0  0  0  0  0  0  0  0  0  0  0  0  0  0  0  0  1  0  0  652  0  0  0  34  0  0  0  0  1477  0  0  2  20013  0  12122  429  139  0  0  104  0  119  3976  27239  1  18  2  0  0  0  15  5993  0  9  5  0  0  0  254  7888  0  0  0  3  0  0  42  0  35  0  0  0  23  108  166  1  204  0  0  665  2349  3610  0  164  0  0  1  0  0  32  2894  2050  2  21748  18  6  40  7832  25  0  28  0  
0  0  0  0  0  21  191  9  0  0  0  0  0  0  0  138  0  0  0  0  0  0  0  0  0  0  0  0  0  0  0  0  0  0  0  0  0  0  0  0  0  0  0  0  0  0  0  0  0  0  0  0  0  0  0  0  0  0  0  0  0  0  0  0  0  19  0  0  0  0  0  0  0  0  1  0  0  7  38  15124  0  13090  1389  0  0  19  0  11  487  17249  0  10  2  0  0  0  5  0  0  29  6  1  19  0  0  4  0  0  0  1  0  0  0  0  24  0  0  0  53  285  19  1  37  0  0  444  127  13037  0  599  0  0  0  0  1  0  1  1  5  8983  18  65  384  0  980  0  13  0  
0  0  0  0  0  3  95  1452  294  1  0  0  0  0  0  474  0  0  0  0  0  0  0  0  0  0  0  0  0  0  0  0  0  0  0  0  0  0  0  0  2  0  0  0  0  3  0  0  0  0  0  0  0  0  0  0  0  0  0  0  0  0  0  0  0  162  0  0  0  0  1  0  1  0  0  0  68  2  3  172  11333  0  4851  0  0  1  0  0  0  17575  0  77  1  0  0  0  23  2  0  17  1  0  5829  4  0  0  0  0  1  2  0  0  0  0  111  0  0  2  2436  7711  4  2  23  0  0  2  2  992  0  177  1  0  2  1  0  0  8  0  13  9003  11  1  14725  0  189  1  76  0  
0  0  0  0  0  0  0  25  2619  8  0  0  0  0  0  2  0  0  0  0  0  0  0  0  0  0  0  0  0  829  0  0  0  0  0  0  0  0  0  0  1  0  0  0  0  98  0  0  0  0  0  0  0  0  0  0  0  0  0  0  0  0  0  0  0  89  0  0  0  0  396  0  0  0  1  0  7  22  6  0  2197  3458  0  2555  0  0  0  1  5  31  1  11  24  0  0  0  6  1  0  327  51  1  2  934  1  2  0  0  0  94  1  0  0  0  554  0  0  625  20  5035  2  3  54  0  0  4  2  26  0  120  18  4  2  2  16  0  1  0  267  11122  164  19  16  0  8163  0  23  0  
0  0  0  0  0  0  0  0  56  9  0  0  0  0  0  0  0  0  0  0  0  0  0  0  0  0  0  0  0  235  0  0  0  0  0  0  0  0  0  0  0  0  0  1  0  0  0  0  0  0  0  0  0  0  1  0  0  0  0  0  0  0  0  0  0  11  0  0  0  0  9  0  2  0  0  0  0  23  2  1  5  0  3935  0  1  1  0  0  0  1  1  8  14  0  0  189  796  0  2  638  8  1  1  1707  0  0  0  0  0  94  7  1  0  0  638  0  2  3982  9  14  4  22  90  0  1  2  2  6  0  73  4  0  1  14  198  0  0  0  50  3420  41  4  6  0  1022  0  14  0  
0  0  0  0  0  0  0  0  0  0  2861  0  0  0  0  0  0  0  0  533  0  620  0  0  0  0  0  0  0  1153  0  0  0  0  0  0  0  0  0  0  0  4  0  153  0  0  0  0  0  0  0  0  0  0  0  0  0  0  0  0  1  0  0  0  92  1  0  0  0  0  0  0  0  0  0  0  0  0  0  0  0  0  0  0  0  0  0  0  0  0  0  0  23  18792  0  3372  0  0  0  0  0  0  0  1227  0  0  0  0  0  0  0  0  0  0  0  5520  0  22863  0  0  0  0  0  0  0  0  0  0  0  0  14  5674  0  0  0  0  0  0  10157  0  0  0  0  0  1  0  0  0  
0  0  0  0  0  0  0  0  0  0  0  0  0  0  0  0  0  0  0  0  0  0  0  0  0  0  0  0  0  0  0  0  0  0  0  0  0  0  0  0  0  0  0  0  0  0  0  0  0  0  0  0  0  0  0  0  0  0  0  0  0  0  0  0  0  2  0  0  0  0  0  0  0  0  3  0  0  16967  27  74  10  0  8  1  0  0  25  5878  62  0  70  1013  0  0  0  0  1  64  0  76  2  1  163  0  0  8  388  26  142  1  0  0  290  5371  6  0  0  0  21  2  58  24  12698  0  0  3866  21  3  0  24  0  0  0  0  0  0  0  1  1  99  3  10177  1  0  7  0  0  0  
0  0  0  0  0  0  0  0  0  0  0  0  0  0  0  0  0  0  0  0  0  0  0  0  0  0  0  0  0  0  0  0  0  0  0  0  0  0  0  0  0  0  0  0  0  0  0  0  0  0  0  0  0  0  0  0  0  0  0  0  0  0  0  0  0  0  0  0  0  0  0  0  0  0  94  0  0  0  0  6  0  0  0  0  0  25  0  2218  141  0  0  1  0  0  0  0  0  5994  0  0  0  0  0  0  0  1  0  0  0  0  0  0  5832  0  2  0  0  0  3  0  5527  0  4  0  0  3  0  0  0  0  0  0  0  0  0  4932  168  2389  0  0  1  0  0  0  0  0  0  0  
0  0  0  0  0  0  0  0  0  0  0  0  0  0  0  0  0  0  0  0  0  0  0  0  0  0  0  0  0  0  0  0  0  0  0  0  0  0  0  0  0  0  0  0  0  0  0  0  0  0  0  0  0  0  0  0  0  0  0  0  0  0  0  0  0  3  0  0  0  0  0  0  0  0  323  0  0  0  250  199  9  0  4  0  0  10008  2164  0  1278  1  0  14  0  0  0  0  1  118  0  2  2  0  1  0  0  8  0  0  1  0  0  0  10577  3448  3  0  0  0  1  2  1187  0  6690  0  0  13469  176  11  0  54  0  0  0  0  0  1898  0  2  1  176  4  75  1  1  0  0  3  0  
0  0  0  0  0  0  0  0  0  0  0  0  0  0  0  0  0  0  0  0  0  0  0  0  0  0  0  0  0  0  0  0  0  0  0  0  0  0  0  0  0  0  0  0  0  0  0  0  0  0  0  0  0  0  0  0  0  0  0  0  0  0  0  0  0  1  0  0  0  0  0  0  0  0  1941  0  0  2  2663  3416  188  6  36  0  0  58  691  2741  0  3293  0  9  0  0  0  0  2  2975  0  4  5  0  6132  0  0  16  0  0  0  1  0  0  1  0  13  0  0  0  222  4  10  0  55  0  0  50407  65566  21336  0  252  0  0  0  0  0  5386  0  2  7  162  33  7332  7998  0  26  0  8  0  
0  0  12  0  6  149  12  711  3  0  0  0  0  0  0  994  0  0  0  0  0  0  0  0  0  0  0  0  0  0  37  13  0  0  0  0  0  0  0  0  0  0  0  0  0  9  0  0  0  0  0  0  0  0  0  0  0  0  0  0  0  0  0  0  0  2  0  0  0  80  0  0  0  0  2780  0  11319  3  22282  31596  23716  18714  28  0  0  1  0  1  4549  0  0  2  0  0  0  0  0  489  0  19  0  14  11179  7  2153  23  0  0  0  1  0  0  0  0  12  0  0  0  2913  2113  1  0  19  0  0  13  2834  31721  0  72  0  0  0  0  0  0  75  82  1  50  6  3  8284  11219  32  0  1  0  
0  0  0  0  0  0  0  0  0  0  0  0  0  0  0  0  0  0  0  0  0  0  0  0  0  0  0  0  0  0  0  0  0  0  0  0  0  0  0  0  2  0  0  0  0  0  0  2  0  0  0  0  0  0  0  0  0  0  0  0  0  0  0  0  0  0  0  0  0  0  0  0  1  0  1  0  0  33  1  0  2  2  28  7  0  127  0  0  0  0  0  14223  0  0  0  0  5463  327  0  96  1  1  2  0  0  3  909  0  4945  9  0  0  0  0  2363  0  1214  3  319  6  190  9227  2239  0  0  0  0  2  0  109  0  0  0  0  2  0  11  3  2  39  10  0  6  0  19  0  27  0  
0  0  0  0  0  0  0  0  0  1  0  0  0  0  0  0  0  0  0  0  0  0  0  0  0  0  0  0  0  2  0  0  0  0  0  0  0  0  0  0  1  0  0  0  0  0  0  1  0  0  0  0  0  0  0  0  0  0  0  0  0  0  0  0  1  0  0  0  0  0  0  0  0  0  5  0  0  85  15  57  55  1  105  10  0  714  0  33  45  0  10454  0  2  0  0  0  5906  6008  0  63  4  0  3  0  13  28  128  0  1085  3  1  1  0  22  541  0  556  2  282  16  7244  303  7932  0  0  17  25  14  0  412  1  0  2  1  4  1  244  70  7  100  7  0  22  0  67  0  33  0  
0  0  0  0  0  0  0  0  0  0  0  0  0  0  0  0  0  0  0  0  0  0  0  0  0  0  0  0  0  0  0  0  0  0  0  0  0  0  0  0  0  0  0  0  0  0  0  0  0  0  0  0  0  0  0  0  0  0  0  0  0  0  0  0  0  2  0  0  0  0  0  0  0  0  1  21854  0  60  0  5  24  4  12  0  43  6  0  5  11  2  1  3  0  2838  106  1028  1  2  5493  124  6  2  6  0  0  1  0  0  0  2  2  1005  1  0  38  11112  0  4913  131  4  16  7  305  0  6335  26  41  55  0  4660  52664  29575  5970  20  3629  1  0  0  360  15  7  356  8  0  13  661  13344  0  
0  0  0  0  0  0  0  0  0  0  10  0  0  0  0  0  0  0  0  1  0  0  0  0  0  0  1  0  0  39  0  0  0  0  0  0  0  0  0  0  0  0  0  0  0  0  0  0  0  0  0  0  0  0  0  0  0  0  0  0  0  0  0  0  4  0  0  0  0  0  0  0  0  0  0  0  0  0  0  0  0  0  0  0  17772  0  0  0  0  0  0  0  3498  0  0  2  0  0  185  0  5463  0  0  1352  0  0  0  0  0  0  0  0  0  0  0  7310  0  8249  0  0  0  0  0  0  1  0  0  0  0  6274  887  15777  0  0  5  0  0  0  6567  0  0  0  0  0  3  0  0  0  
0  0  0  0  0  0  0  0  0  1  0  0  0  0  0  0  0  2  0  0  0  2  1  0  0  0  0  0  0  0  0  0  0  0  0  0  0  0  0  0  5  0  0  0  0  0  0  2  1  0  2  0  0  0  0  0  0  0  0  0  0  0  0  0  0  0  0  0  0  0  0  0  2  0  0  11564  0  4  0  0  0  0  7  0  0  0  0  0  0  0  1  5  109  0  0  284  6575  0  1  18  0  0  0  0  12  47  0  0  0  4  3785  36  0  0  29  594  68  1  0  1  0  13  7  14563  7799  1  0  0  0  6  3  0  4382  27638  30733  0  1  0  0  6  1  2  0  0  1  21  949  0  
0  2  0  0  0  0  0  0  1  13  132  0  0  0  0  0  0  0  0  0  0  710  0  0  0  0  0  0  0  59  0  0  0  0  0  0  0  0  0  0  1  3  0  12  0  0  0  1  0  0  0  0  0  0  0  0  0  0  0  0  0  0  0  0  0  5  0  0  0  0  0  0  0  0  0  1  0  0  0  0  0  0  5  175  1872  0  0  0  0  0  0  0  1123  9  316  0  2929  0  1  12  0  0  0  466  1  18  0  0  0  1  0  0  0  0  12  14743  0  32588  1  0  0  3  1  0  2290  0  0  0  0  3  1636  10  11  0  25633  0  1  0  38  11  0  0  0  0  0  0  8  0  
0  0  0  0  0  0  0  0  0  4  0  0  0  0  0  0  0  0  0  0  0  0  0  0  0  1  0  0  0  1  0  1  0  0  0  0  0  0  0  0  4  0  0  0  0  0  0  0  3  0  0  0  0  0  1  0  0  0  0  0  0  0  0  0  2  2  0  0  0  0  0  0  2  0  0  0  0  15  1  3  4  0  128  611  0  1  0  0  0  0  3148  6481  10  0  6173  1706  0  1339  7  386  6  0  1  0  12  60  0  0  8553  76  246  14  0  0  482  0  18443  3089  10  24  25  570  56  9115  20  1  0  6  0  105  10  0  10  206  21399  0  103  3  8  70  27  0  4  0  71  0  1145  1  
0  0  0  0  0  0  0  0  0  0  0  0  0  0  0  0  0  0  0  0  0  0  0  2  0  1  0  0  0  0  53  0  0  0  0  0  0  0  0  0  1  0  0  0  0  0  0  2  0  0  0  0  0  0  0  0  0  0  0  0  0  0  0  0  0  0  0  0  0  4  0  0  0  0  14090  0  0  1  32  2773  5  0  6  0  0  63  10925  196  3540  442  224  7448  0  0  0  1  2700  0  0  3  2  0  0  0  8834  953  1  82  117  1  0  0  5424  0  139  0  203  0  24  2  16950  23  45  0  1  10  4  1  0  36  0  0  0  0  0  9428  23388  41873  0  30  4  0  1  2668  6  0  11  0  
0  0  0  0  0  0  0  0  0  0  0  0  0  0  0  0  0  0  0  0  0  0  0  0  0  0  0  0  0  1  0  0  0  0  0  0  0  0  0  0  0  0  0  0  0  0  0  0  0  0  0  0  0  0  0  0  0  0  0  0  0  0  0  0  0  0  0  0  0  0  0  0  0  0  0  0  0  10  0  0  1  0  14  0  0  1  0  1  3  0  0  0  5257  22  16  0  2  0  0  17597  2804  0  1  0  0  0  0  1938  0  5742  17  40  0  0  267  0  1  128  5  0  0  2  19  0  138  3  2  1  5842  25917  3  405  73  41  246  0  0  0  5  4  31  13  0  0  3  1  35016  0  
0  0  0  0  0  0  0  0  0  0  0  0  0  0  0  0  0  0  0  0  0  0  0  0  0  0  0  0  0  0  0  0  0  0  0  0  0  0  0  0  0  0  0  0  0  0  0  1  0  0  0  0  0  0  0  0  0  0  0  0  0  0  0  0  0  4  0  0  0  0  0  0  0  0  9  0  0  11044  10  26  77  18  297  26  0  36  0  56  30  10  45  73  16  0  0  0  10  1  11397  0  833  7182  29  0  0  2  2896  803  0  22148  6  44  6  0  17367  0  0  12  5600  57  133  24  1372  0  0  70  28  173  6851  7292  10  1  3  10  16  0  4  1  15  875  18942  278  71  0  201  2  1369  62  
0  0  0  0  0  0  0  0  0  0  0  0  0  0  0  0  0  0  0  0  0  0  0  0  0  0  1  0  0  29  0  0  0  0  0  0  0  0  0  0  0  0  0  0  0  0  0  0  0  0  0  0  0  0  0  0  0  0  0  0  0  0  0  0  0  0  0  0  0  0  0  0  0  0  0  0  4830  1  6  2  15  0  35  0  1  0  0  0  4  1  0  1  2  5835  0  0  1  0  1165  2505  0  90  16  26006  0  0  0  0  0  12  0  0  0  0  129  0  0  1  18  3114  0  4  4  0  0  6  1  9  339  33323  0  33  0  0  0  0  0  0  2294  68  23305  0  22  0  4159  0  2  0  
0  0  0  0  0  0  0  0  0  0  0  0  0  0  0  0  0  0  0  0  0  0  0  0  0  0  0  0  0  0  0  0  0  0  0  0  0  0  0  0  0  0  0  0  0  0  0  0  0  0  0  0  0  0  0  0  0  0  0  0  0  0  0  0  0  0  0  0  0  0  0  0  0  0  0  0  4585  4681  0  0  4  0  2  0  0  0  0  0  0  115  0  2  1  0  0  0  0  0  0  9183  68  0  1995  0  0  0  0  0  0  1  0  0  0  0  2  0  0  0  37912  294  8  0  97  0  0  2  0  1  0  11  0  0  0  0  0  0  0  0  0  9  20676  20  1  0  2  0  0  0  
0  0  0  0  0  0  0  0  0  0  0  0  0  0  0  0  0  0  0  0  0  0  0  0  0  0  0  0  0  0  0  0  0  0  0  0  0  0  0  0  0  0  0  0  0  0  0  0  0  0  0  0  0  0  0  0  0  0  0  0  0  0  0  0  0  0  0  0  0  0  0  0  0  0  0  0  6133  5537  0  4  27  3006  49  0  0  394  0  0  5644  9573  0  9  0  0  0  0  2  0  0  7  2  3001  0  0  0  0  0  0  0  2  0  0  0  0  25  0  0  0  42812  322  12  1  132  0  0  210  0  115  0  140  0  0  0  0  1  0  2  1  8  22  54  15959  23204  0  23  0  11  0  
0  0  21  0  0  0  0  0  325  2  7  0  0  0  0  1  0  0  0  6  0  2  0  0  0  0  46  0  0  7329  0  0  0  0  0  0  0  0  0  0  0  0  0  0  0  23  0  0  0  0  0  0  0  0  0  0  0  0  0  0  0  0  0  0  10  2  0  0  0  0  510  0  0  0  0  0  2134  0  0  0  0  36  1208  1853  1617  0  0  0  0  20  0  0  0  1757  0  720  1  0  1  0  23740  0  0  0  0  0  0  0  0  0  0  0  0  0  3  0  0  1154  0  12875  0  0  1  0  0  0  0  0  0  4607  0  9  0  0  0  0  0  0  20777  3  30  0  0  0  16696  0  0  0  
0  0  0  0  0  71  0  0  0  1  0  0  0  0  0  1  0  1  1  0  0  0  0  4  0  0  0  0  0  0  875  20  0  0  0  0  0  0  0  0  0  0  0  0  0  0  0  1  2  0  0  0  0  0  0  0  0  0  0  0  0  0  0  0  0  2  0  0  0  227  0  0  1  0  2104  0  0  0  9  708  0  0  5  0  0  0  0  1  0  1605  3  117  0  0  0  0  198  8218  0  2  1  0  2  0  0  6115  0  0  0  0  0  0  2  0  29  0  1  0  43  0  20  9  9  0  1  5  0  0  0  17  0  0  0  0  0  6  13636  29  1  12  2  0  3  8387  5  0  18  0  
0  0  0  0  0  22  0  0  0  0  0  0  0  0  0  2  0  7  0  0  0  0  2  1  0  1  0  0  0  0  8  2083  0  0  0  0  0  0  0  0  2  0  0  5  0  0  0  0  9  0  0  0  0  0  0  0  0  0  0  0  0  0  0  2  2  26  0  0  0  10  0  0  2  0  190  0  0  5  38  4996  1  1  18  4  0  1  0  2  2  17  1  97  0  0  1  3  65  334  0  21  1  0  4  0  5400  0  0  0  0  1  0  0  11  0  78  0  1  0  84  6  53  17  18  0  6  12  7  1  0  57  0  0  0  1  5  13  7497  181  1  2817  9  1  0  1369  5  0  138  0  
0  0  0  0  0  0  0  0  0  0  0  0  0  0  0  0  0  0  0  0  0  0  0  0  0  0  0  0  0  0  0  0  0  0  0  0  0  0  0  0  0  0  0  0  0  0  0  0  0  0  0  0  0  0  0  0  0  0  0  0  0  0  0  0  0  0  0  0  0  0  0  0  0  0  0  0  0  536  0  0  0  0  0  0  0  305  0  0  0  0  876  59  0  0  0  0  0  0  0  1943  0  0  0  0  0  0  0  4297  5177  8035  0  0  0  0  7464  0  0  0  0  0  0  8237  132  0  0  0  0  0  0  0  0  0  0  0  0  0  0  0  0  0  0  0  0  0  0  0  0  7322  
0  0  0  0  0  0  0  0  0  0  0  0  0  0  0  0  0  0  0  0  0  0  0  0  0  0  0  0  0  0  0  0  0  0  0  0  0  0  0  0  0  0  0  0  0  0  0  0  0  0  0  0  0  0  0  0  0  0  0  0  0  0  0  0  0  0  0  0  0  0  0  0  0  0  0  0  0  40  0  0  0  0  0  0  0  83  19  0  0  0  0  0  0  0  0  1  5  109  1863  938  0  0  0  0  0  0  3722  0  29805  12783  1  3303  0  0  1073  0  7190  0  0  0  0  2221  0  1  0  0  0  0  0  0  0  0  0  1  9  0  0  9  0  0  0  0  0  0  0  4  31666  6074  
0  0  0  0  0  0  0  0  0  1  0  0  0  0  0  0  0  0  0  0  0  0  0  0  0  0  0  0  0  0  0  0  0  0  0  0  0  0  0  0  0  0  0  0  0  0  0  0  0  0  0  0  0  0  0  0  0  0  0  0  0  0  0  0  0  0  0  0  0  0  0  0  2  0  0  0  0  10  0  0  0  0  4  0  0  141  4  0  0  0  3489  1189  0  0  0  0  6856  168  0  10  1  0  2  0  0  2  5465  21724  0  2  7  1816  0  0  28  0  10971  0  0  2  42  15298  12  539  0  0  0  0  0  12  0  0  1  34  16  0  0  11  0  11  0  0  0  0  0  443  3622  2886  
0  0  0  0  0  1  0  0  0  0  0  0  0  0  0  0  0  0  0  0  0  0  0  0  0  0  0  0  0  0  0  0  0  0  0  0  0  0  0  0  0  0  0  0  0  0  0  0  0  0  0  0  0  0  0  0  0  0  0  0  0  0  0  0  0  0  0  0  0  0  0  0  0  0  1  0  0  147  2  7  20  0  27  2  0  3  0  0  14  1  2  1  11  0  4  2  16  0  2537  17142  3  0  2  0  0  0  5120  14483  0  0  34  2  1  0  14577  0  22  64  30  1  2  112  73  3  2  15  20  105  3270  602  12  1  18  82  116  0  0  0  0  29  245  25  24  0  12  10  6386  5865  
0  0  0  0  0  0  0  0  0  0  0  0  0  0  0  0  0  0  0  0  0  0  0  0  0  0  0  0  0  0  0  0  0  0  0  0  0  0  0  0  0  0  0  0  0  0  0  0  0  0  0  0  0  0  0  0  0  0  0  0  0  0  0  0  0  0  0  0  0  0  0  0  0  0  0  324  0  0  0  0  0  0  5  0  0  0  0  0  0  0  0  0  0  0  2375  0  264  0  1  2  1  0  0  0  0  0  0  0  2  0  0  14786  0  0  9  0  9184  1  1  0  0  4  1  10499  0  0  0  0  0  1  0  0  2090  21338  199  0  0  0  0  3  0  0  0  0  0  29332  236  0  
0  0  0  0  0  0  0  0  0  0  0  0  0  0  0  0  0  0  0  0  0  0  0  0  0  0  0  0  0  0  0  0  0  0  0  0  0  0  0  0  0  0  0  0  0  0  0  0  0  0  0  0  0  0  0  0  0  0  0  0  0  0  0  0  0  0  0  0  0  0  0  0  0  0  0  917  0  0  0  0  0  0  3  0  0  0  0  0  0  0  0  0  122  0  34  0  75  0  18  20  0  0  0  0  0  0  0  2692  1285  2  14424  0  0  0  15  0  10520  0  0  0  0  1708  1  4771  3  0  0  0  0  1  2  0  10450  1439  205  0  0  0  1  1  0  0  0  0  1  31634  50496  32  
0  0  0  0  0  0  0  0  0  0  0  0  0  0  0  0  0  0  0  0  0  0  0  0  0  0  0  0  0  0  0  0  0  0  0  0  0  0  0  0  0  0  0  0  0  0  0  0  0  0  0  0  0  0  0  0  0  0  0  0  0  0  0  0  0  0  0  0  0  0  0  0  0  0  3410  0  0  95  215  667  4  0  8  0  0  268  4819  10076  2  1  0  8  0  0  0  0  0  932  0  5  1  0  1  0  12  109  0  0  0  0  0  0  0  40  23  0  0  0  30  2  2858  0  6808  0  0  842  206  2  0  34  0  0  0  0  0  1314  530  2011  0  41  1  268  0  0  1  0  0  0  
0  0  0  0  0  0  0  0  0  0  0  0  0  0  0  0  0  0  0  0  0  0  0  0  0  0  0  0  0  0  0  0  0  0  0  0  0  0  0  0  0  0  0  0  0  0  0  0  0  0  0  0  0  0  0  0  0  0  0  0  0  0  0  0  0  0  0  0  0  0  0  0  0  0  0  0  0  233  0  0  0  0  0  0  0  8146  1  4352  0  0  0  8  0  0  0  0  0  0  0  0  0  0  0  0  0  0  0  0  0  0  0  0  141  0  0  0  0  0  0  0  53  0  2830  0  0  91  0  0  0  0  0  0  0  0  0  0  0  0  0  0  0  960  0  0  0  0  0  0  
0  0  0  0  0  0  0  0  3  25  0  0  0  0  0  0  1  11  1  0  0  0  1  0  0  2  0  0  0  2  0  3  0  0  0  0  0  0  1  1  5  0  0  10  0  0  0  5  7  0  0  0  0  0  7  1  0  0  0  0  0  0  0  0  3  33  0  0  0  0  0  0  19  0  3  0  1  4875  35  33  89  19  2532  365  0  14  0  9  18  6  2272  1241  357  0  4  1  1597  32  212  17401  114  2  81  2  6  25  6057  1234  9  12318  36  15  1  0  0  0  514  165  2615  186  129  9505  3605  11  11  44  62  104  1531  3072  169  23  29  121  445  2  205  8  45  5267  557  263  157  0  750  9  2909  3565  
0  0  0  0  0  0  0  0  0  1  3  0  0  0  0  0  0  0  0  1  0  12  1  0  0  0  0  0  0  0  0  0  0  0  0  0  0  0  0  0  0  0  0  4  0  0  0  0  0  0  1  0  0  0  0  0  0  0  1  0  0  0  0  0  0  0  0  0  0  0  0  0  0  0  0  5706  0  0  0  0  0  0  0  0  5612  0  0  0  0  0  0  0  11199  7576  365  16263  0  0  0  0  0  0  0  0  0  0  0  0  0  0  0  0  0  0  1  0  0  15182  0  0  0  0  0  0  13347  0  0  0  0  0  2227  131  0  0  1980  0  0  0  0  0  0  0  0  0  0  0  0  0  
0  0  0  0  0  0  0  0  0  0  0  0  0  0  0  0  0  0  0  0  0  0  0  0  0  0  0  0  0  0  0  0  0  0  0  0  0  0  0  0  0  0  0  0  0  0  0  0  0  0  0  0  0  0  0  0  0  0  0  0  0  0  0  0  0  1  0  0  0  0  0  0  1  0  0  0  0  0  0  0  0  0  2  1  0  0  0  0  0  0  79  140  0  0  0  0  16037  157  0  10  0  0  0  0  1  0  0  5047  9553  2  6144  11774  0  0  38  0  0  0  2  0  1  1124  1  9947  0  0  0  2  0  6  0  0  0  42  35  0  0  0  0  3  0  0  0  0  1  1515  1404  23  
0  0  0  0  0  0  0  0  0  1  66  0  0  0  0  0  0  0  0  0  0  158  0  0  0  0  0  0  0  0  0  0  0  0  0  0  0  0  0  0  2  0  0  26  0  0  0  1  1  0  0  0  0  0  0  0  0  0  0  0  0  0  0  0  0  1  0  0  0  0  0  0  1  0  1  0  0  91  9  0  5  0  1543  4685  24155  3  0  4  12  0  1  10  2971  3219  3  30956  1952  0  12  564  12  1  4  1607  0  0  0  0  0  24  0  0  1  0  311  9897  0  0  42  17  11  3  254  0  268  16  36  29  0  387  8709  11302  727  2  5518  2  0  0  12132  65  28  68  5  0  1994  3  458  0  
0  0  0  0  0  0  0  0  0  0  0  0  0  0  0  0  0  1  0  0  0  0  0  0  0  0  0  0  0  0  0  0  0  0  0  0  0  0  0  0  0  0  0  0  0  0  0  0  0  0  0  0  0  0  1  0  0  0  0  0  0  0  0  0  0  4  0  0  0  0  0  0  0  0  5  0  9192  3335  33  36  303  1582  466  15  0  37  0  25  147  3648  10  148  6  0  0  0  31  4  0  12182  44  35381  39880  0  0  8  0  0  0  64  0  0  2  0  692  0  0  4  0  4497  207  4  2616  0  1  143  286  552  6  905  4  1  3  0  2  2  30  4  26  624  20647  4604  11783  0  259  0  121  0  
0  0  42  0  0  0  0  107  27  0  0  0  0  0  0  20  0  0  0  0  0  0  0  0  0  0  0  0  0  1  0  0  0  0  0  0  0  0  0  0  0  0  0  0  0  132  0  0  0  0  0  0  0  0  0  0  0  0  0  0  0  0  0  0  0  1  0  0  0  0  4  0  2  0  0  0  9498  2  4  12  1188  7531  4779  8  0  1  0  0  7  1490  0  121  10  0  0  0  56  2  0  549  2493  193  152  14567  0  0  0  0  0  247  0  1  0  0  1034  0  0  1  7716  0  5  1  40  0  1  2  5  53  0  4555  6  0  1  0  1  0  12  0  58  1660  4036  7  185  0  6372  0  65  0  
0  0  0  0  0  0  0  0  0  0  0  0  0  0  0  0  0  0  0  0  0  0  0  0  0  0  0  0  0  0  0  0  0  0  0  0  0  0  0  0  0  0  0  0  0  0  0  0  0  0  0  0  0  0  0  0  0  0  0  0  0  0  0  0  0  1  0  0  0  0  0  0  0  0  773  0  1  0  734  432  62  3  81  0  0  186  3586  590  44  3  13  4679  1  0  0  0  24  12283  0  10  5  0  8  1  10  257  0  0  5  4  0  0  2490  23  251  0  0  0  384  20  0  3  2185  0  0  404  90  14  0  408  0  2  0  0  0  91  1592  7867  6  105  28  3  16  1  46  0  6  0  
0  0  0  0  0  0  0  0  2  26  0  0  0  0  0  0  0  17  0  0  0  0  0  0  0  1  0  0  0  4  0  7  0  0  0  0  0  0  0  0  3  0  0  4  1  0  0  20  6  0  0  0  0  0  3  0  1  0  0  0  0  0  0  0  4  26  0  0  0  0  1  0  12  0  0  0  0  56  0  1  1  0  58  48  0  67  0  0  0  0  9286  2635  6  0  3  0  1583  29  7  212  2  0  1  0  10  63  8732  2367  17273  97  8  3516  0  0  8851  0  5596  7  8  12  16  0  71  1005  5  1  1  0  0  73  2  0  2  62  54  0  5  3  0  368  13  3  1  0  16  789  10386  10332  
0  0  0  0  0  0  0  0  0  0  0  0  0  0  0  0  0  0  0  0  0  0  1  0  0  0  0  0  0  0  0  0  0  0  0  0  0  0  0  0  0  0  0  0  0  0  0  0  0  0  0  0  0  0  0  0  0  0  0  0  0  0  0  0  0  9  0  0  0  0  0  0  0  0  646  0  1  19266  2009  1572  761  28  1747  75  0  14127  1  7165  389  10  2274  8618  29  0  0  0  64  41  0  2782  97  73  370  2  4  106  266  0  13  107  1  0  4618  1645  3192  0  0  12  3489  166  2439  39  0  0  1  2706  385  118  4  5855  13  4  2  1  4  39  54  20  131  1020  238  2407  231  1  824  0  41  0  
0  0  0  0  0  0  0  0  0  0  0  0  0  0  0  0  0  0  0  0  0  0  0  0  0  0  0  0  0  0  0  0  0  0  0  0  0  0  0  0  0  0  0  0  0  0  0  0  0  0  0  0  0  0  0  0  0  0  0  0  0  0  0  0  0  0  0  0  0  0  0  0  0  0  0  0  0  0  0  0  0  0  0  0  0  0  0  0  0  0  0  0  0  0  13437  0  8710  0  1  6  0  0  0  0  0  0  0  3  250  1  12742  4008  0  0  30  0  20654  0  0  0  0  177  1  0  0  0  0  0  0  0  0  0  7  11182  3573  0  0  0  0  0  0  0  0  0  0  2172  6317  12  
0  1  0  0  0  0  0  0  0  0  0  0  0  0  0  0  0  0  0  0  0  5  0  0  0  0  0  0  0  0  0  0  0  0  0  0  0  0  0  0  1  0  0  0  0  0  0  0  0  0  0  0  0  0  0  0  0  0  0  0  0  0  0  0  0  0  0  0  0  0  0  0  0  0  0  9493  0  5  0  0  0  0  0  0  0  0  0  0  0  0  0  0  3131  0  6835  1623  1  0  0  1  0  0  2  0  1  0  0  0  0  0  0  0  0  0  1  12838  0  25  1  0  0  0  10  0  0  0  0  1  0  1  1919  0  2121  400  13896  0  0  0  0  0  0  2  0  0  0  0  6  0  
0  0  0  0  0  1  0  0  0  0  0  0  0  0  0  0  0  0  0  0  0  0  0  0  0  0  0  0  0  0  0  0  0  0  0  0  0  0  0  0  0  0  0  0  0  0  0  0  0  0  0  0  0  0  0  0  0  0  0  0  0  0  0  0  0  14  0  0  0  0  0  0  0  0  775  0  0  292  2698  2478  1443  7  75  1  0  7626  2  23304  36939  90  0  31  2  0  0  0  2  24  0  22  19  0  278  0  0  117  0  0  0  8  0  0  519  80  31  0  0  0  54  5  173  0  1498  0  0  0  13608  17431  0  474  0  0  0  0  0  6194  12  7  5  1242  69  20209  29  0  40  0  23  0  
0  0  0  0  0  0  1  0  0  0  0  0  0  0  0  0  0  0  0  0  0  0  0  0  0  0  0  0  0  0  0  0  0  0  0  0  0  0  0  0  0  0  0  0  0  0  0  0  0  0  0  0  0  0  0  0  0  0  0  0  0  0  0  0  0  13  0  0  0  0  0  0  0  0  6157  0  0  4  18093  3076  179  27  162  1  0  63  0  569  72438  2589  0  18  0  0  0  0  2  4  0  26  17  0  3  0  0  135  0  0  0  7  0  0  445  0  36  0  0  2  37  21  24  0  98  0  0  20664  0  6841  1  671  0  0  0  0  0  10995  9  1  11  608  84  66  18  1  70  0  5  0  
0  0  0  0  0  0  0  0  0  0  0  0  0  0  0  0  0  1  0  0  0  0  0  0  0  0  0  0  0  0  0  0  0  0  0  0  0  0  0  0  0  0  0  0  0  0  0  0  1  0  0  0  0  0  0  0  0  0  0  0  0  0  0  0  0  15  0  0  0  0  0  0  0  0  8  0  0  5  54  3141  13853  2555  406  2  0  9  0  15  23765  37910  1  32  7  0  0  0  17  0  1  111  18  1  516  0  0  7  0  0  0  33  0  0  6  0  167  0  0  3  828  69  23  1  102  0  1  16741  2983  0  4  2318  6  2  0  0  0  8  1  0  55  571  144  2865  9768  0  295  0  44  0  
0  0  0  0  0  0  0  0  0  0  0  0  0  0  0  0  0  0  0  0  0  0  0  0  0  0  0  0  0  0  0  0  0  0  0  0  0  0  0  0  0  0  0  0  0  0  0  0  0  0  0  0  0  0  0  0  0  0  0  0  0  0  0  0  0  0  0  0  0  0  0  0  0  0  0  0  0  30  3  10  16  0  0  0  0  0  0  0  12  0  0  1  4  0  0  0  0  0  6451  8497  181  3  1  0  0  0  0  0  0  6925  0  0  0  0  2081  0  0  1  24  0  0  0  13  0  0  16  24  81  0  7061  1  0  0  0  0  0  0  0  2  3  678  17  18  0  2  0  1566  0  
0  0  0  0  0  0  0  0  0  0  0  0  0  0  0  0  0  0  0  0  0  0  0  0  0  0  0  0  0  0  0  1  0  0  0  0  0  0  0  0  0  0  0  0  0  0  0  0  0  0  0  0  0  0  0  0  0  0  0  0  0  0  0  0  0  6  0  0  0  0  0  0  0  0  6  0  48  186  233  220  486  28  1005  7  2  17  0  11  195  49  2  46  4812  4295  14  2  18  2  21300  8069  31292  10  34  3588  0  13  0  0  0  919  5  2  6  0  2386  0  3  642  412  2296  50  30  617  0  130  278  583  1062  7156  0  503  9812  74  15  177  9  5  2  3754  611  10242  879  265  0  10416  0  4693  0  
0  0  0  0  0  0  0  0  0  0  0  0  0  0  0  0  0  0  0  0  0  0  0  0  0  0  0  0  0  0  0  0  0  0  0  0  0  0  0  0  0  0  0  0  0  0  0  0  0  0  0  0  0  0  0  0  0  0  0  0  0  0  0  0  0  0  0  0  0  0  0  0  0  0  3  84  0  99  10  8  28  5  25  1  79  5  0  3  31  3  1  9  53422  1343  16  549  2  0  5  134  0  0  9  0  0  1  0  0  0  3  0  0  1  0  40  2276  0  15280  140  6  13  0  310  0  1922  74  147  121  0  287  0  5214  1947  0  7396  1  0  0  317  24  7  479  7  0  28  0  3711  0  
0  0  0  0  0  0  0  0  0  0  0  0  0  0  0  0  0  0  0  0  0  0  0  0  0  0  0  0  0  1  0  0  0  0  0  0  0  0  0  0  0  0  0  0  0  0  0  0  0  0  0  0  0  0  0  0  0  0  0  0  0  0  0  0  0  0  0  0  0  0  0  0  0  0  1  0  0  10  5  11  12  0  4  0  5459  2  0  2  28  1  1  2  38048  14490  1  4  0  1  324  44  8  0  3  2  0  1  0  0  0  1  0  0  0  0  10  326  0  20397  34  2  1  0  38  0  26  41  95  76  0  9285  2769  0  16  0  47  0  0  0  10061  8  1  135  4  0  40  0  40  0  
0  0  0  0  0  0  0  0  0  0  0  0  0  0  0  0  0  0  0  0  0  0  0  0  0  0  0  0  0  0  0  0  0  0  0  0  0  0  0  0  0  0  0  0  0  0  0  0  0  0  0  0  0  0  0  0  0  0  0  0  0  0  0  0  0  1  0  0  0  0  0  0  0  0  0  4670  0  327  0  0  5  1  53  2  0  6  0  0  0  0  0  9  8874  0  2214  1  4  0  9  214  5  3  16  0  0  1  0  0  0  5  1716  11452  2  0  89  0  0  121  51  2  9  2  860  2  7476  9  0  4  0  108  1904  1  0  7508  3293  0  1  0  5  28  15  95  2  0  14  12483  7270  0  
0  0  0  0  0  0  0  0  0  0  0  0  0  0  0  0  0  0  0  0  0  0  0  0  0  0  0  0  0  0  0  0  0  0  0  0  0  0  0  0  0  0  0  0  0  0  0  0  0  0  0  0  0  0  0  0  0  0  0  0  0  0  0  0  0  0  0  0  0  0  0  0  0  0  0  6445  0  7  0  0  1  0  38  5  0  0  0  0  0  0  1  1  82  0  24794  5  279  0  4  33  4  0  0  0  0  0  0  1  1  13  16825  2235  0  0  101  0  50  7  1  0  1  8  9  12939  1149  0  0  0  0  10  5  0  7722  0  4881  0  0  0  0  7  5  1  3  0  7  12464  4880  2  
0  1  0  0  0  0  0  0  0  3  0  0  0  0  0  0  0  0  0  0  0  5  0  0  0  0  0  0  0  0  0  0  0  0  0  0  0  0  0  0  0  0  0  0  0  0  0  2  0  0  0  0  0  0  1  0  0  0  0  0  1  0  0  0  0  3  0  0  0  0  0  0  2  0  0  309  0  23  1  0  9  1  259  37  0  2  0  0  0  0  3  2  4197  4  27393  24086  17136  0  55  311  7  0  2  0  0  1  0  4  17  97  399  340  0  0  1087  1352  33  4706  11  17  2  16  62  2245  15463  2  2  5  0  90  5722  6  4277  3825  0  0  1  0  2  96  33  12  5  0  23  2  1647  0  
0  0  0  0  0  0  0  0  0  0  0  0  0  0  0  0  0  0  0  0  0  0  0  0  0  0  0  0  0  0  0  0  0  0  0  0  0  0  0  0  0  0  0  0  0  0  0  0  0  0  0  0  0  0  0  0  0  0  0  0  0  0  0  0  0  0  0  0  0  0  0  0  0  0  6389  0  0  1  267  349  5  0  8  0  0  0  8281  3339  4415  0  0  1  0  0  0  0  0  8265  0  0  0  0  0  0  0  23  0  0  0  0  0  0  5737  0  5  0  0  0  2  0  16  0  1  0  0  6015  6824  1  0  32  0  0  0  0  0  0  5  140  0  18  4  1  1  0  7  0  0  0  
0  0  0  0  0  0  0  0  0  0  0  0  0  0  0  0  0  1  0  0  0  0  0  1  0  0  0  0  0  0  35  3  0  0  0  0  0  0  0  0  2  0  0  0  0  0  0  1  1  0  0  0  0  0  0  0  0  0  0  0  0  0  0  0  0  0  0  0  0  2  0  0  0  0  501  0  0  0  47  2774  7  1  39  0  0  0  17  6  21  5  3  923  0  0  1  1  613  22722  0  10  3  0  3  0  12144  9653  0  0  0  1  0  0  73  0  391  0  0  0  226  4  827  10  53  0  0  23  13  1  0  194  0  0  0  0  0  66  0  4077  5  46  15  1  10  4133  24  0  28  0  
0  0  0  0  0  0  0  0  0  0  0  0  0  0  0  0  0  0  0  0  0  0  0  0  0  0  0  0  0  0  0  0  0  0  0  0  0  0  0  0  0  0  0  0  0  0  0  0  0  0  0  0  0  0  0  0  0  0  0  0  0  0  0  0  0  1  0  0  0  0  0  0  0  0  1509  0  0  0  102  3379  2  1  12  1  0  0  5737  6  6  28  20  97  0  0  0  0  51  40718  0  2  0  0  2  0  41  1330  0  2  2  1  0  0  13405  0  40  0  2  0  49  2  8770  2  10  0  0  22  4  2  0  47  0  0  0  0  0  403  7128  0  0  163  2  0  1  750  3  0  1  0  
0  0  0  0  0  0  0  0  0  0  8  0  0  0  0  0  0  0  0  0  0  0  0  0  0  0  0  0  0  189  0  0  0  0  0  0  0  0  0  0  0  0  0  0  0  0  0  0  0  0  0  0  0  0  0  0  0  0  0  0  0  0  0  0  1  0  0  0  0  0  0  0  0  0  2  0  0  20  10  13  26  4  532  51  15234  0  0  1  25  4  0  6  871  7790  4  37  0  0  56  133  3390  0  3  25753  0  1  0  0  0  10  0  0  1  0  78  0  0  13960  40  30  7  1  62  0  52  35  81  136  0  6351  760  14506  31  2  43  0  1  0  0  24  22  70  18  0  4224  0  360  0  
2  0  0  1  0  1615  84  118  1765  3185  0  0  0  0  0  4  1  253  1  0  0  0  1  4  0  14  0  0  2  472  0  119  0  0  0  0  0  0  0  0  66  0  2  199  6  0  5  309  130  0  1  6  1  5  84  7  1  0  0  0  0  0  1  5  150  10512  15  3  0  5  3  0  145  0  140  0  0  68  141  20775  10286  8435  14701  5059  0  102  0  119  570  89  1  155  16  0  1  1  64  16  0  2694  111  2  84  1  10  3721  0  0  0  789  8  5  9  0  9970  0  1  11  1003  321  106  43  559  0  2  245  301  248  1  961  9  2  6  19  196  15  80  16  14  0  973  82  81  17  1304  0  200  0  
0  0  0  0  0  0  0  0  0  0  0  0  0  0  0  0  0  0  0  0  0  0  0  0  0  0  0  0  0  0  0  0  0  0  0  0  0  0  0  0  0  0  0  0  0  0  0  0  0  0  0  0  0  0  0  0  0  0  0  0  0  0  0  0  0  3  0  0  0  0  0  0  0  0  2  0  3884  83  156  119  258  7  271  3  0  5  0  5  63  53  1  24  9  0  0  0  3  1  8  23684  17789  19922  120  272  1  4  0  0  0  328  0  0  1  0  858  0  0  1  17431  5475  11  6  69  0  1  85  124  425  201  10421  5  1  0  0  0  2  0  0  8  479  0  100  1230  0  94  0  38  0  
0  0  0  0  0  0  0  0  0  0  0  0  0  0  0  0  0  0  0  0  0  0  0  0  0  0  0  0  0  0  0  0  0  0  0  0  0  0  0  0  0  0  0  0  0  0  0  0  0  0  0  0  0  0  0  0  0  0  0  0  0  0  0  0  0  4  0  0  0  0  0  0  0  0  10  0  0  8577  47  204  300  8  457  5  0  12196  0  121  8866  83  0  11  8  0  1  0  3  1  0  200  15  3  21866  0  0  15  0  0  0  39  0  0  191  335  110  0  1  6  7497  32  123  2  2602  0  0  20407  302  5607  4  1745  5  0  0  0  1  4  0  2  39  345  125  0  840  0  270  0  22  0  
0  0  0  0  0  0  0  0  0  0  0  0  0  0  0  0  0  0  0  0  0  0  0  0  0  0  0  0  0  0  0  0  0  0  0  0  0  0  0  0  0  0  0  0  0  0  0  0  0  0  0  0  0  0  0  0  0  0  0  0  0  0  0  0  0  7  0  0  0  0  0  0  0  0  0  0  0  5  9  19  1327  9818  277  4  0  0  0  0  6675  6969  1  20  2  0  0  0  10  1  0  77  24  1  29265  0  0  3  0  0  0  21  0  0  1  0  95  0  0  1  14367  665  9  0  41  0  0  5  28  8220  4  827  1  2  0  0  0  0  2  1  51  426  1352  344  0  0  176  0  40  0  
0  0  0  0  0  86  0  0  0  0  0  0  0  0  0  3  0  0  0  0  0  0  0  1  0  0  0  0  0  0  16  33  0  0  0  0  0  0  0  0  0  0  0  0  0  0  0  0  0  0  0  0  0  0  0  0  0  0  0  0  0  0  0  0  0  3  0  0  0  63  0  0  0  0  2837  0  0  0  3990  7873  0  0  0  0  0  0  0  0  0  12425  0  0  0  0  0  0  0  3129  0  0  0  0  0  0  8828  1734  0  0  0  0  0  0  2  0  0  0  0  0  0  0  0  0  0  0  0  0  0  0  0  1  0  0  0  0  0  0  4425  382  0  11  0  0  0  0  0  0  0  0  
0  0  1  0  0  0  0  2  2551  0  0  0  0  0  0  0  0  0  0  0  0  0  0  0  0  0  0  0  0  627  0  0  0  0  0  0  0  0  0  0  0  0  0  0  0  150  0  0  0  0  0  0  0  0  0  0  0  0  0  0  0  0  0  0  0  52  0  0  0  0  2852  0  0  0  1  0  0  39  7  12  875  84  9461  246  4  1  0  1  15  2  0  28  190  17  0  0  18  0  11  749  2565  1  37  14520  0  1  0  0  0  238  4  0  1  0  770  0  0  486  73  6809  7  4  115  0  6  19  49  96  0  17706  123  40  6  6  18  1  0  0  3898  1055  539  44  59  0  0  0  166  0  
0  0  0  0  0  0  0  0  0  0  0  0  0  0  0  0  0  0  0  0  0  0  0  0  0  0  0  0  0  0  0  0  0  0  0  0  0  0  0  0  0  0  0  0  0  0  0  0  0  0  0  0  0  0  0  0  0  0  0  0  0  0  0  0  0  0  0  0  0  0  0  0  0  0  0  83  0  1  0  0  0  0  2  0  0  0  0  0  0  0  0  0  112  0  66  0  38  0  0  1  0  0  0  0  0  0  0  20  199  0  24947  36088  0  0  7  0  2462  7  0  1  0  242  9  4022  2  0  0  0  0  1  5  0  13053  11873  40  0  0  0  0  0  0  0  0  0  0  0  7008  13  
0  0  0  0  0  0  0  0  0  0  0  0  0  0  0  0  0  1  0  0  0  0  0  0  0  0  0  0  0  0  0  0  0  0  0  0  0  0  0  0  0  0  0  0  0  0  0  1  1  0  0  0  0  0  0  0  0  0  0  0  0  0  0  0  0  2  0  0  0  0  0  0  0  0  1  7  0  451  24  18  61  7  122  7  0  25  0  8  43  3  25  29  12636  0  2460  10  1609  0  37705  4234  6  11  33  0  1  7  1  29550  2866  9675  464  53557  4  0  2262  0  3494  508  460  6  47  10680  1340  5195  1427  109  184  156  1102  11763  2378  41  7111  6869  4960  4  1  1  108  86  27  981  25  0  74  6742  0  3586  
0  0  0  0  0  0  0  0  0  0  0  0  0  0  0  0  0  0  0  0  0  0  0  0  0  0  0  0  0  0  0  0  0  0  0  0  0  0  0  0  0  0  0  0  0  0  0  0  0  0  0  0  0  0  0  0  0  0  0  0  0  0  0  0  0  0  0  0  0  0  0  0  0  0  0  0  0  1  0  0  0  0  0  0  0  0  0  0  0  0  1  0  0  0  0  0  7  0  0  42  0  0  0  0  0  0  6508  7678  1870  7014  0  56  0  0  3077  0  47  0  0  0  0  12704  0  19  0  0  0  0  0  0  0  0  0  2  6  0  0  0  0  0  0  0  0  0  0  18  4774  0  
