0  0  0  1  10529  2643  0  0  0  0  0  19  0  487  3441  382  1  35  0  0  0  0  0  7362  0  0  0  0  0  0  2726  259  0  0  0  0  0  0  259  187  2  0  0  1  0  0  141  0  1808  0  0  7103  5970  1  0  0  0  1  0  0  0  1743  14  1571  0  60  3  15  1  4155  0  0  3  0  0  0  0  0  0  0  0  0  0  0  0  0  0  0  0  0  0  0  0  0  0  0  0  0  0  0  0  0  0  0  0  0  0  0  0  0  0  0  0  0  1  0  0  0  0  0  0  0  0  0  0  0  0  0  0  0  0  0  0  0  0  0  0  0  0  5  0  0  0  0  0  0  0  0  
0  0  0  0  0  0  0  1  0  0  0  0  0  0  0  0  0  0  6130  0  13288  2416  0  0  0  0  0  0  0  0  0  0  0  0  0  0  1593  804  0  0  0  12451  0  27  10  0  0  1  0  0  16562  0  0  0  3  0  12972  5  11993  5865  1617  0  0  0  0  0  0  4  0  0  0  0  21  0  0  0  0  0  0  0  0  0  0  0  0  0  0  0  0  0  0  0  0  0  0  9  0  0  0  0  0  0  0  0  0  0  0  0  0  0  0  0  0  0  0  0  0  0  0  0  0  0  0  0  0  0  0  0  0  0  0  0  0  0  0  0  0  0  0  0  0  0  0  0  0  0  0  0  
0  0  0  0  0  3  1  2618  34  0  0  0  0  0  0  12178  0  0  0  0  0  0  0  0  0  0  3348  6697  3953  2183  0  0  0  0  0  0  0  0  0  0  1  0  0  0  9068  12236  0  2  20  0  0  0  0  5  0  0  0  0  0  0  0  0  0  0  0  0  2248  0  2793  0  1  0  0  0  0  0  91  0  0  0  0  9  21  0  0  0  0  0  0  53  0  0  0  0  0  0  0  0  0  0  0  0  0  62  0  0  0  0  0  0  0  0  0  0  0  0  0  0  0  306  0  0  0  0  0  0  0  0  0  0  0  0  0  0  0  0  0  0  0  0  0  0  0  0  7  0  0  0  
9  0  0  0  34  37  30  50  20  1  0  7906  3  6  16  3  53  158  47  0  0  1  0  2  1  17734  0  9206  3176  0  0  5  2449  27  14  4  0  0  3  111  7427  0  0  53  10605  0  18  24  15873  0  25  193  20  39  85  3  154  5  0  5  13  0  1  1  17  57  2000  2212  175  0  3  0  77  21  0  0  0  0  0  0  0  0  0  0  0  0  0  0  0  0  0  0  0  0  0  0  0  0  0  0  0  0  0  0  0  0  0  0  0  0  0  0  0  0  0  0  0  0  0  0  0  0  0  0  0  0  0  0  0  0  0  0  0  0  0  0  0  0  0  1  0  0  0  0  1  0  1  0  
9439  0  0  1  0  1899  0  0  0  0  0  3  0  32  1579  8951  0  8  0  0  0  0  0  170  0  2  0  0  0  0  944  38  0  0  0  0  0  0  8  209  2  0  0  0  0  0  8  0  437  0  0  592  3743  7  0  0  0  0  0  0  0  0  0  119  0  5  3  9  1  639  0  0  0  0  0  0  0  0  0  2  0  0  0  0  0  0  0  0  0  0  0  0  0  0  0  0  0  0  0  0  0  0  0  0  0  0  0  0  0  0  0  0  0  0  1  0  0  0  0  0  0  0  0  0  0  0  0  0  0  0  0  0  0  0  0  0  0  0  0  1  0  0  0  0  0  0  0  0  
3715  0  1  15  3099  0  7908  154  274  2  0  25  0  137  1000  20436  5  425  6  0  0  0  2  2207  2  35  2  0  2  1  888  5316  0  0  0  0  0  0  34  259  44  0  0  10  76  0  166  28  2088  0  0  1205  487  1887  19  4  3  2  0  0  0  0  586  1213  42  12303  134  92  265  12644  0  0  44  0  3  0  0  0  1  817  12  4  3  0  0  0  0  1  0  150  0  1  0  0  0  0  0  0  0  1  0  0  0  0  119  81  0  0  0  0  0  0  1  0  2  0  0  0  0  0  0  0  0  0  0  1  0  0  0  0  0  0  0  0  0  1  0  0  0  2164  0  0  0  95  0  0  0  0  
0  0  0  104  5  11431  0  11935  2509  0  0  2  0  0  16  23457  1  43  16  0  0  0  0  0  0  35  0  0  3  21  0  1  0  0  0  0  0  0  0  26  15  0  0  37  411  0  14  5  443  0  1  420  15  2090  114  14  11  0  0  0  1  0  1  0  880  9286  153  490  1087  0  22  0  8  0  0  0  0  0  0  54  137  108  13  0  0  0  0  0  0  23  0  0  0  0  0  0  0  0  0  0  0  0  0  0  0  0  0  0  0  0  0  0  0  0  0  0  0  0  0  0  0  0  0  0  0  0  0  0  0  0  0  0  0  0  0  0  0  0  0  86  0  0  0  0  0  0  0  0  
4  0  1228  184  7  413  10775  0  10526  0  0  7  0  0  1  13908  1  10  20  0  0  0  1  0  0  51  1  3  1702  8  0  3  0  0  0  0  0  0  0  63  9  0  0  15  2383  6211  7  6  91  0  0  169  5  6198  79  10  21  0  0  0  1  0  0  0  141  6552  426  86  5646  0  85  0  5  0  0  0  3  0  0  2  2  1281  92  0  0  0  0  0  0  876  0  0  0  0  0  0  0  0  0  0  0  0  0  1  0  0  0  0  0  0  0  0  0  0  0  0  0  0  0  28  0  0  0  0  0  0  0  0  0  0  0  0  0  0  0  0  0  0  0  159  0  0  0  0  3  0  0  0  
0  0  2  3  0  77  327  4576  0  475  0  0  0  0  0  11  1  43  63  2  0  0  0  0  1  84  3  7  12  1296  0  7  0  0  0  0  0  0  0  0  119  0  0  70  90  4534  0  42  88  0  0  4  1  107  262  234  33  7  0  0  0  0  0  0  1152  9268  566  9  17  0  8557  0  7  0  0  0  0  0  0  0  0  82  1696  4  0  0  0  0  0  14  0  0  0  0  0  0  0  0  0  0  0  0  0  150  0  0  0  0  0  0  0  0  0  0  11  0  0  0  1  53  0  0  0  0  0  0  0  0  0  0  0  0  0  0  0  0  0  0  0  2165  0  0  0  0  2890  0  0  0  
1  0  0  4  28  24  8  10  589  0  3  9  0  2  10  1  6  1474  14  0  0  164  1284  0  5  101  0  0  2  3323  0  171  1  0  0  0  0  0  0  103  1401  0  7  9762  33  1  17  461  1059  0  40  43  23  13  347  28  23  5  3  0  3  0  2  0  386  16088  46  136  4  4  11  0  611  35  1  0  0  10  1  1  3  1  122  16  0  2  0  0  0  1  0  2  4  0  0  12  0  0  0  18  1  0  1  7  0  5  0  0  0  7  0  0  0  0  174  0  0  3  29  1  3  1  30  0  0  15  7  2  0  39  2  0  0  0  2  0  2  0  3  5052  6  18  1  0  12  0  13  0  
0  0  0  0  0  0  0  0  1  2  0  0  0  0  0  0  0  0  30  31270  0  2094  0  0  11  0  16  0  0  1789  0  0  0  0  0  0  0  0  0  0  0  2485  0  30793  0  0  0  0  0  0  0  0  0  1  0  1  127  12207  0  0  2  0  0  0  14650  0  0  1  0  0  0  0  4  0  0  0  0  0  0  0  0  0  0  0  4568  0  0  0  0  0  0  0  0  33  0  167  0  0  0  0  0  0  0  33  0  0  0  0  0  0  0  0  0  0  0  21  0  55  0  0  0  0  0  0  0  0  0  0  0  0  0  0  0  0  0  0  0  0  8  0  0  0  0  0  0  0  0  0  
38  0  0  16413  194  108  1  1  0  0  0  0  146  2729  131  2  14  664  0  0  0  0  0  7  0  1  0  0  2850  0  0  3  98  14  10  0  0  0  12  9576  3  0  0  0  1312  0  179  4  7859  0  0  11100  268  11  0  0  0  0  0  0  0  1  0  10  0  2  3  10247  3  0  0  0  0  0  0  0  0  0  0  0  0  0  0  0  0  0  0  0  0  0  0  0  0  0  0  0  0  0  0  0  0  0  0  0  0  0  0  0  0  0  0  0  0  0  0  0  0  0  0  0  0  0  0  0  0  0  0  0  0  0  0  0  0  0  0  0  0  0  0  0  0  0  0  0  0  0  0  0  
0  0  0  2  0  3  0  0  0  0  0  56  0  1182  0  0  0  72  0  0  0  0  0  4975  0  0  0  0  0  0  0  0  0  1  3  0  0  0  4598  3  0  0  2  0  0  0  5408  0  31  0  0  0  0  0  0  0  0  0  0  0  0  997  3  598  0  0  0  0  0  0  0  0  0  0  0  0  0  0  0  0  0  0  0  0  0  0  0  0  0  0  0  0  0  0  0  0  0  0  0  0  0  0  0  0  0  0  0  0  0  0  0  0  0  0  0  0  0  0  0  0  0  0  0  0  0  0  0  0  0  0  0  0  0  0  0  0  0  0  0  0  0  0  0  0  0  0  0  0  
411  0  0  0  206  349  0  0  0  0  0  3144  1706  0  273  7  0  11  0  0  0  0  0  101  0  0  0  0  1  0  0  13  0  0  0  0  0  0  6207  8130  2  0  0  0  0  0  290  0  3590  0  0  9958  293  2  0  0  0  0  0  0  0  1845  0  453  0  6  0  7  0  2  0  0  1  0  0  0  0  0  0  0  0  0  0  0  0  0  0  0  0  0  0  0  0  0  0  0  0  0  0  0  0  0  0  0  0  0  0  0  0  0  0  0  0  0  0  0  0  0  0  0  0  0  0  0  0  0  0  0  0  0  0  0  0  0  0  0  0  0  0  2  0  0  0  0  0  0  0  0  
4658  0  0  0  1619  744  2  0  2  0  0  355  0  63  0  10194  0  17  0  0  0  0  0  0  0  14  0  0  3004  0  0  18  0  0  0  0  0  0  2  42  1  0  0  0  76  0  7  2  225  0  0  40906  22116  28525  1  0  1  0  0  0  0  4625  1  2  1  23  8  7970  1990  1  2  0  1  0  0  0  0  0  0  0  0  0  0  0  0  0  0  0  0  0  0  0  0  0  0  0  0  0  0  0  0  0  0  0  0  0  0  0  0  0  0  0  0  0  0  0  0  0  0  0  0  0  0  0  0  0  0  0  0  0  0  0  0  0  0  0  0  0  0  1  0  0  0  0  0  0  0  0  
870  0  14424  3  12541  19130  19397  14749  38  1  0  0  0  4  9975  0  0  33  1  0  0  0  0  65  0  5  0  0  1706  0  1316  178  0  0  0  0  0  0  1  12  5  0  0  1  838  703  14  1  161  0  0  177  4009  30806  2  1  0  1  0  0  0  0  1  38  3  502  32  32  5766  4287  1  0  8  0  0  0  57  0  0  210  114  542  12  0  0  0  0  0  0  1030  0  0  0  0  0  0  0  0  0  1  0  0  0  2  1  22  0  0  0  0  0  0  0  0  0  0  0  0  0  26  0  0  0  0  0  0  0  0  0  0  0  0  0  0  0  0  0  0  0  14  0  0  0  1  0  0  0  0  
0  0  4  162  0  2  0  1  2  4  0  13  0  0  0  2  0  13145  174  0  0  0  1065  124  0  40  0  0  6  1  0  1227  161  0  2410  1  0  0  0  2  1520  0  887  18  148  0  839  13877  8051  3  2  1  1  1  23  7  13  44  1  0  1  0  7  3  9  12  65  3  128  2  0  0  516  0  0  0  0  1  0  0  0  0  1  1  0  0  0  0  0  0  0  0  0  0  0  0  0  0  0  1  0  0  0  0  0  2  0  0  0  0  0  0  0  0  7  0  0  0  0  0  0  1  1  0  0  0  0  0  0  0  0  0  0  0  0  0  0  0  0  8  0  0  0  0  0  0  0  0  
27  0  1  308  17  106  0  1  2  22  0  794  93  10  1  0  7367  0  15  0  0  0  860  1603  0  40  0  0  3  0  41  5976  74  6  461  0  0  0  15  3  287  0  499  39  8  0  12267  3380  13376  4  3  11  1  6  49  2  10  1  0  0  1  0  98  51  19  32  4  4  6  103  0  0  807  5  0  0  0  0  0  0  0  0  2  0  0  0  0  0  0  0  0  0  0  0  0  1  1  0  0  3  0  0  0  0  0  1  0  0  0  1  0  0  0  0  5  0  0  0  0  0  0  1  0  0  1  1  0  0  0  1  0  0  0  0  1  0  0  0  1  10  0  2  0  0  0  0  0  0  
0  5527  0  2  0  1  0  0  1  1  3  0  0  0  0  0  0  6  0  1950  5  405  0  0  9637  4  0  0  0  0  0  0  0  0  0  0  0  272  0  0  14  6253  0  494  90  0  0  10  12  0  1003  1  1  2  12  55  50152  24620  11376  30  1035  0  0  0  655  3  2  507  0  0  0  0  17197  0  0  0  0  0  0  0  0  0  0  0  0  0  0  0  0  0  0  0  0  0  0  0  0  0  0  0  0  0  0  0  0  0  0  0  0  0  0  0  0  0  0  0  0  0  0  0  0  0  0  0  0  0  0  0  0  0  0  0  0  0  0  0  0  0  0  0  0  0  0  0  0  0  0  0  
0  1  0  0  0  0  0  0  44  0  33340  0  0  0  0  0  0  0  1348  0  0  3  0  0  174  1  3778  0  0  342  0  0  0  0  0  0  0  0  0  0  1  4234  0  8309  1  0  0  1  0  0  0  0  0  0  4  2584  216  18837  0  0  0  0  0  0  11609  0  0  2  0  0  140  0  11  0  0  0  0  0  0  0  0  0  0  0  684  0  0  0  0  0  0  0  0  3  0  0  0  0  0  0  0  0  0  22  0  0  0  0  0  0  0  0  0  0  0  0  0  1  0  0  0  0  0  0  0  0  0  0  0  0  0  0  0  0  0  0  0  0  0  0  0  0  0  0  0  0  0  0  
0  9785  0  1  0  0  0  0  0  0  0  0  0  0  0  0  0  0  6  0  0  1416  3776  0  0  0  0  0  0  0  0  1  0  0  0  0  5251  69  0  0  2  0  5  6  1  0  0  0  1  12336  3867  0  0  0  1  0  0  0  554  12794  20422  0  0  0  1  0  0  1  0  0  0  2  12  0  0  0  0  0  0  0  0  0  0  0  0  0  0  0  0  0  0  0  0  0  2  2  0  0  0  0  0  0  0  0  0  0  0  0  0  0  0  0  0  0  0  0  0  0  0  0  0  0  0  0  4  0  0  0  0  0  0  0  0  0  4  0  0  0  0  0  0  0  0  0  0  0  0  0  
0  5059  0  1  2  3  0  1  0  1750  1382  1  0  0  0  0  0  6  91  4  1329  0  4341  0  1  14  0  0  0  109  0  0  0  0  0  0  0  7  0  2  141  13854  0  39052  9  0  2  2  10  0  3989  1  2  2  55  0  3661  1530  36  0  45690  0  0  0  174  21  0  12  0  0  0  0  32  0  0  0  0  0  0  0  0  0  0  4  912  0  0  0  0  0  0  0  0  0  2  890  0  0  0  1  1  0  0  0  0  0  0  0  0  0  0  0  0  0  3  1  0  266  0  0  0  0  0  0  12  0  0  0  0  0  0  0  0  0  1  0  0  0  0  3  1  0  0  0  0  0  0  0  
0  1  0  6  1  7  6  8  25  1316  0  0  0  0  1  0  1213  1408  12  0  3553  4579  0  29  38  228  0  0  0  6  0  2711  0  0  4273  0  89  781  0  5  1235  0  14278  5093  14  0  13  1140  41  9541  16  5  0  6  453  3  12  2  333  745  12284  0  3  0  153  12  1  60  1  3  2  23  3189  0  0  0  0  0  0  0  0  0  0  0  0  0  0  0  0  0  0  0  0  0  0  0  0  1  0  0  0  0  0  0  0  0  0  0  0  0  0  0  0  0  0  0  0  0  0  0  0  0  0  0  9  0  0  0  0  0  0  0  0  0  5  0  0  0  0  1  0  0  0  0  0  0  1  0  
7278  0  0  1  192  1092  0  0  0  0  0  12  5501  601  8  38  26  1184  0  0  0  0  5  0  0  1  0  0  0  0  6712  1798  2  17  213  0  0  0  1613  56  1  0  247  1  0  0  9417  174  297  0  0  291  64  3  0  0  0  0  0  0  0  7512  13801  28967  0  22  0  1  1  5643  0  0  0  0  0  0  0  0  0  0  0  0  0  0  0  0  0  0  0  0  0  0  0  0  0  0  0  2  0  0  0  0  0  0  6  0  0  0  0  0  0  0  0  0  0  0  0  0  0  0  0  0  0  0  0  0  0  0  0  0  0  0  0  0  0  0  0  0  0  1  0  0  0  0  0  0  0  0  
0  0  0  2  0  1  2  1  49  1  0  0  0  0  1  0  0  10  6322  335  0  0  16  0  0  5655  319  0  6  0  0  1  0  0  0  0  0  1  0  0  26  0  0  63  83  0  0  10  13  0  20  1  0  10  10913  21600  1469  1252  82  2  12  0  0  0  248  17  3  567  4  0  8  0  32074  0  0  0  0  0  0  0  0  0  0  0  0  0  0  0  0  0  0  0  0  0  0  0  0  0  0  0  0  0  0  0  0  0  0  0  0  0  0  0  0  0  0  0  0  0  0  0  0  0  0  0  0  0  0  0  0  0  0  0  0  0  0  0  0  0  0  0  0  0  0  0  0  0  0  0  
0  0  0  13089  3  21  19  19  85  28  0  0  0  0  2  2  16  92  28  0  0  1  7  0  4687  0  16  1718  6  55  0  15  89  4110  0  8156  0  607  0  1  18361  0  0  287  1938  0  1  69  490  0  15  33  3  44  11092  5937  25  4  2  2  17  0  0  0  205  458  23341  448  174  0  37  0  2503  85  0  0  0  0  0  0  0  0  1  0  0  0  0  0  0  0  0  0  0  0  0  0  0  0  0  0  0  0  0  0  0  0  0  0  0  0  0  0  0  0  3  0  0  0  0  0  0  0  0  0  0  0  0  0  0  0  0  0  0  0  0  0  0  0  0  6  0  0  0  0  0  0  0  0  
0  0  3452  1  0  0  0  0  28  0  3  0  0  0  0  0  0  1  3  5710  0  0  0  0  126  14  0  1  5  37521  0  0  0  0  0  0  0  0  0  0  1  0  0  1  14  237  0  1  1  0  0  0  0  0  48  39869  0  3  0  0  0  0  0  0  9554  1  11533  0  5  0  4968  0  0  0  0  0  0  0  0  0  0  0  0  0  0  0  0  0  0  0  0  0  0  3  0  0  0  0  0  0  0  0  0  80  0  0  0  0  0  0  0  0  0  0  0  0  0  0  0  1  0  0  0  0  0  0  0  0  0  0  0  0  0  0  0  0  0  0  0  0  0  0  0  0  2  0  0  0  
0  0  5173  8076  0  0  0  0  19  0  0  0  0  0  0  0  0  0  0  0  0  0  0  0  0  2578  3  0  3604  0  0  0  0  0  0  0  0  0  0  0  0  0  0  0  24514  4375  0  0  0  0  0  0  0  1  0  18  0  0  0  0  0  0  0  0  0  0  20015  0  4  0  2  0  0  0  0  0  0  0  0  0  0  0  0  0  0  0  0  0  0  0  0  0  0  0  0  0  0  0  0  0  0  0  0  0  0  0  0  0  0  0  0  0  0  0  0  0  0  0  0  0  0  0  0  0  0  0  0  0  0  0  0  0  0  0  0  0  0  0  0  0  0  0  0  0  0  0  0  0  
0  0  4790  3457  2  14  0  3728  114  1  0  1912  0  3  2937  1364  17  94  12  0  0  0  0  0  0  31  0  1645  0  1  0  6  0  0  0  0  0  0  0  1  32  0  0  5  31961  746  7  215  182  0  0  373  0  168  11  3  1  1  0  0  1  0  0  1  13  240  829  17553  20695  1  27  0  16  0  0  0  0  0  0  0  0  0  0  0  0  0  0  0  0  0  0  0  0  0  0  0  0  0  0  1  0  0  0  0  0  0  0  0  0  1  0  0  0  0  0  0  0  0  0  0  0  0  0  0  0  0  0  0  0  0  0  0  0  0  0  0  0  0  0  0  0  0  0  0  0  0  0  0  
0  0  2554  1  0  0  1  1  1327  2862  1149  0  0  0  0  0  1  116  5  275  0  117  0  0  0  23  29282  0  1  0  0  18  0  0  0  0  0  0  0  0  44  0  0  1059  25  11203  0  19  75  0  0  1  0  3  32  1870  16  1  0  0  0  0  0  0  18045  1611  1312  2  6  1  14913  0  36  1  0  0  1  0  0  0  0  0  342  20  1124  0  0  0  0  0  0  1  0  13  0  163  0  0  0  1  13  0  0  3497  0  0  0  0  0  0  0  0  0  0  7  0  0  0  0  1  0  0  1  0  0  0  0  0  0  0  0  0  0  0  1  0  0  0  29  136  0  0  0  0  1021  0  0  0  
2842  0  0  0  1884  1575  0  0  0  0  0  0  0  0  0  1615  0  11  0  0  0  0  0  5646  0  0  0  0  0  0  0  1151  0  0  0  0  0  0  1  0  1  0  0  0  0  0  10  0  2  0  0  0  0  0  0  0  0  0  0  0  0  0  10528  12  0  0  0  0  0  10931  0  0  1  0  0  0  0  0  0  5  0  0  0  0  0  0  0  0  0  5  0  0  0  0  0  0  0  41  0  0  0  0  0  0  850  3  0  0  0  0  0  0  0  0  0  0  0  0  0  0  0  0  0  0  0  0  0  0  0  0  0  0  0  0  0  0  18  0  0  0  0  0  0  11  0  0  0  0  
24  0  0  0  6  5040  1  0  4  17  0  0  1  1  0  74  1693  14193  4  0  2  1  2755  1174  0  34  0  0  2  3  1538  0  0  0  997  0  0  0  15  1  119  0  527  65  9  0  1010  1210  1601  1  1  2  1  1  10  4  2  1  0  0  1  1  8316  295  15  3169  2  3  2  6191  1  0  830  1  0  0  0  0  0  80  0  0  1  1  0  0  0  0  0  38  0  0  0  0  0  0  0  1  0  8  0  0  0  0  10  2248  0  0  0  1  0  0  0  0  14  0  0  0  0  0  1  0  1  0  0  2  0  0  0  1  0  0  0  0  0  0  0  0  0  47  0  0  0  25  0  0  0  0  
0  0  0  3221  0  0  0  0  0  0  0  17  0  0  0  0  76  97  0  0  0  0  0  1  0  24  0  0  0  0  0  1  0  5858  1374  480  0  0  0  0  1944  0  0  0  0  0  7  10379  117  0  0  0  0  0  1  0  0  0  0  0  0  0  0  0  0  0  0  0  0  0  0  0  825  10874  0  0  0  0  0  0  0  0  0  0  0  0  0  0  0  0  0  0  0  0  0  0  0  0  0  0  0  0  0  0  0  0  0  0  0  0  0  0  0  0  0  0  0  0  0  0  0  0  0  0  0  0  0  0  0  0  0  0  0  0  0  0  0  0  0  0  0  0  0  0  0  0  0  0  
0  0  0  82  0  0  0  0  0  0  0  17  0  0  0  0  1  9  0  0  0  0  0  27  0  3092  0  0  1  0  0  0  8546  0  18084  10788  1  12610  0  0  442  0  4283  0  0  0  18  2511  1  0  0  0  0  0  3  0  0  0  0  0  0  0  0  1  0  0  0  0  0  0  0  58  21226  3349  0  0  0  0  0  0  0  0  0  0  0  0  0  0  0  0  0  0  0  0  0  0  0  0  0  0  0  0  0  0  0  0  0  0  0  0  0  0  0  0  0  0  0  0  0  0  0  0  0  0  0  0  0  0  0  0  0  0  0  0  0  0  0  0  0  0  0  0  0  0  0  0  0  0  
0  0  0  27  0  0  0  0  0  0  0  10  0  0  0  0  1738  507  0  0  1  0  3890  107  0  8  0  0  0  0  0  949  1557  19089  0  0  25  1604  0  0  20  0  12456  5  0  0  35  11571  6  87  0  0  0  0  3  2  0  0  42  7  55  0  0  4  0  0  0  0  0  0  0  2921  4692  1  0  0  0  0  0  0  0  0  0  0  0  0  0  0  0  0  0  0  0  0  0  0  0  0  0  0  0  0  0  0  0  1  0  0  0  0  0  0  0  0  0  0  0  0  0  0  0  0  0  0  0  0  0  0  0  0  0  0  0  0  0  0  0  0  0  1  0  0  0  0  0  0  0  0  
0  0  0  1  0  0  0  0  0  0  0  0  0  0  0  0  0  0  0  0  0  0  0  0  0  8729  0  0  0  0  0  0  630  12498  0  0  0  170  0  0  4864  0  0  0  0  0  0  803  1  0  0  0  0  0  124  0  0  0  0  0  0  0  0  0  0  0  0  0  0  0  0  0  1705  6467  0  0  0  0  0  0  0  0  0  0  0  0  0  0  0  0  0  0  0  0  0  0  0  0  0  0  0  0  0  0  0  0  0  0  0  0  0  0  0  0  0  0  0  0  0  0  0  0  0  0  0  0  0  0  0  0  0  0  0  0  0  0  0  0  0  0  0  0  0  0  0  0  0  0  
0  1524  0  0  0  0  0  0  0  0  0  0  0  0  0  0  0  0  1  0  3353  0  139  0  0  0  0  0  0  0  0  0  0  2  52  0  0  17942  0  0  0  0  6784  2  0  0  0  14  0  20081  0  0  0  0  0  0  0  0  4711  21164  169  0  0  0  0  0  0  0  0  0  0  32381  706  0  0  0  0  0  0  0  0  0  0  0  0  0  0  0  0  0  0  0  0  0  0  0  0  0  0  0  0  0  0  0  0  0  0  0  0  0  0  0  0  0  0  0  0  0  0  0  0  0  0  0  0  0  0  0  0  0  0  0  0  0  0  0  0  0  0  0  0  0  0  0  0  0  0  0  
0  931  0  1  0  0  0  0  0  0  0  0  0  0  0  0  0  1  680  0  5  8  99  0  1  25  0  0  0  0  0  0  0  12715  2283  9  16424  0  0  0  3  0  7600  355  4  0  0  222  0  1273  3  0  0  0  5  0  1  0  14575  2901  1641  0  0  0  0  0  0  2  0  0  0  34011  53881  0  0  0  0  0  0  0  0  0  0  0  0  0  0  0  0  0  0  0  0  0  0  0  0  0  0  0  0  0  0  0  0  0  0  0  0  0  0  0  0  0  0  0  0  0  0  0  0  0  0  0  0  0  0  0  0  0  0  0  0  0  0  0  0  0  0  0  0  0  0  0  0  0  0  0  
651  0  0  0  44  269  0  0  0  0  0  2  4405  7073  6  9  0  13  0  0  0  0  1  740  0  0  0  0  0  0  0  102  0  0  0  0  0  0  0  330  0  0  0  1  0  0  3269  0  3037  0  0  1026  11  0  0  0  0  0  0  0  0  448  20  4457  0  11  0  4  0  12  0  0  0  0  0  0  0  0  0  0  0  0  0  0  0  0  0  0  0  0  0  0  0  0  0  0  0  0  0  0  0  0  0  0  0  0  0  0  0  0  0  0  0  0  0  0  0  0  0  0  0  0  0  0  0  0  0  0  0  0  0  0  0  0  0  0  0  0  0  0  0  0  0  0  0  0  0  0  
28  0  0  31  149  93  0  0  0  1  0  8919  51  9249  61  2  0  11  0  0  0  0  0  6  0  2  0  0  0  0  0  4  0  0  0  0  0  0  190  0  6  0  0  0  2  0  46  0  7782  0  0  1008  204  10  0  0  0  0  0  0  0  8  0  29  0  11  5  1268  4  1  0  0  0  0  0  0  0  0  0  0  0  0  0  0  0  0  0  0  0  0  0  0  0  0  0  0  0  0  0  0  0  0  0  0  0  0  0  0  0  0  0  0  0  0  0  0  0  0  0  0  0  0  0  0  0  0  0  0  0  0  0  0  0  0  0  0  0  0  0  1  0  0  0  0  0  0  0  0  
8  0  0  4936  72  76  25  33  102  758  0  14  0  1  49  11  1659  2495  584  2  0  5  129  0  0  15898  10  0  3  3  0  190  1690  434  0  4740  0  0  1  140  0  0  2  2175  280  0  19  9710  7650  0  7  72  85  78  5391  101  66  76  2  0  19  0  3  0  204  313  1724  227  34  8  10  0  3700  3434  0  0  0  0  0  0  1  0  4  1  0  0  0  0  0  0  0  1  2  0  0  1  1  0  0  7  1  0  0  0  1  1  0  0  0  1  0  0  0  0  46  0  0  0  2  0  0  5  2  0  0  0  0  0  0  5  1  0  0  0  0  0  0  0  0  25  1  0  1  0  3  0  0  0  
0  18271  0  1  0  0  0  0  1  1  3043  0  0  0  0  0  0  0  5125  4971  0  16509  0  0  0  0  0  0  0  0  0  0  0  0  0  0  0  0  0  0  0  0  0  6635  16  0  0  0  1  0  1838  0  0  0  0  0  28334  1250  41  0  346  0  0  0  0  0  1  4  0  0  0  0  0  0  0  0  0  0  0  0  0  0  0  0  8  0  0  0  0  0  0  0  0  0  0  1  0  0  0  0  0  0  0  0  0  0  0  0  0  0  0  0  0  0  0  2  0  0  0  0  0  0  0  0  0  0  0  0  0  0  0  0  0  0  0  0  0  0  0  0  0  0  0  0  0  0  0  0  
0  0  0  0  0  1  0  0  2  1  0  0  0  0  0  0  95  155  2  0  2  0  14011  104  0  15  0  0  0  0  0  55  0  6218  15356  0  5283  8248  0  0  30  0  0  16  0  0  3  2962  0  5153  0  0  0  0  8  0  0  0  370  15  250  0  0  17  6  2  0  0  0  0  0  5170  3584  0  0  0  0  0  0  0  0  0  0  0  0  0  0  0  0  0  0  0  0  0  0  0  0  0  0  0  0  0  0  0  0  0  0  0  0  0  0  0  0  0  0  0  0  0  0  0  0  0  0  0  0  0  0  0  0  0  0  0  0  0  0  0  0  0  0  3  0  0  0  0  1  0  0  0  
0  250  0  254  8  42  44  132  252  7756  31434  2  0  1  14  16  2  670  775  3963  1  33455  4525  0  25  673  1  0  8  774  0  93  0  0  0  0  0  38  0  44  3364  7153  1  0  882  0  102  94  900  17  1078  32  13  102  1186  37  4071  13298  204  28  6571  0  2  1  12694  550  18  487  116  2  7  0  1366  5  0  0  0  0  0  0  0  0  3  0  196  0  0  0  0  0  0  0  0  1  0  8  0  0  0  0  0  0  0  0  0  1  0  0  0  0  0  0  0  0  4  2  0  9  0  0  0  0  0  0  0  0  0  0  0  2  0  0  0  0  0  0  0  0  0  11  0  0  0  0  0  0  0  0  
4  0  7932  11800  14  235  82  2345  1227  12  0  198  0  3  24  1287  117  405  87  0  0  0  0  1  2  2298  4  26454  25918  2  1  66  0  0  0  0  0  0  0  23  179  0  0  36  0  13643  68  881  2743  0  10  123  19  209  57  49  214  6  1  5  19  0  11  0  67  967  17443  6279  8519  8  332  0  98  0  0  0  0  0  0  1  0  0  1  0  0  0  0  0  0  0  0  0  0  0  0  0  0  0  0  0  1  0  0  0  0  0  0  0  0  0  0  0  0  0  1  0  0  0  0  0  0  0  0  0  0  0  0  0  0  1  0  0  0  0  0  0  0  0  0  6  1  0  0  0  1  0  0  0  
0  0  9245  0  0  1  0  6753  5050  0  0  0  0  0  0  537  0  1  1  0  0  0  0  0  0  1  438  3002  68  9665  0  0  0  0  0  0  0  0  0  0  1  0  0  0  8422  0  0  3  19  0  0  0  0  19  0  11  0  0  0  0  0  0  0  0  0  17  5691  0  14  0  4171  0  0  0  0  0  7  0  0  0  0  2  131  0  0  0  0  0  0  10  0  0  0  0  0  0  0  0  0  0  0  0  0  38  0  0  0  0  0  0  0  0  0  0  0  0  0  0  0  175  0  0  0  0  0  0  0  0  0  0  0  0  0  0  0  0  0  0  0  0  0  0  0  0  322  0  0  0  
466  0  0  3  58  601  0  0  2  0  0  61  4578  155  21  8  4  7197  0  0  0  1  12  7314  0  7  0  0  0  0  73  1836  1  3  19  0  0  0  3062  17  19  0  9  5  0  0  0  104  2787  0  1  186  56  27  2  0  0  0  0  0  1  33  527  6218  2  14  8  14  17  99  0  0  32  0  0  0  0  0  0  0  0  0  0  0  0  0  0  0  0  0  0  0  0  0  0  0  0  0  0  0  0  0  0  0  0  0  0  0  0  0  0  0  0  0  0  0  0  0  0  0  0  0  0  0  1  0  0  0  0  0  0  0  0  0  0  0  0  0  0  2  0  0  0  0  0  0  0  0  
0  0  0  46  0  16  2  1  20  196  0  13  1  0  1  1  11485  7224  38  0  0  2  875  198  4  79  1  0  9  4  2  656  8484  1192  12963  369  4  824  0  1  7043  0  5119  131  135  0  1076  0  2606  51  10  8  0  3  290  22  16  3  80  1  28  0  5  2  76  134  289  8  15  5  2  464  24813  2814  0  0  0  0  0  0  1  1  11  0  0  0  0  0  0  0  1  3  1  0  1  0  3  0  0  7  2  0  1  1  0  4  0  0  1  4  0  0  0  0  46  0  0  1  0  3  0  9  0  0  0  1  0  0  0  3  0  0  1  0  1  0  0  0  0  49  5  1  0  0  0  0  2  0  
1861  0  63  15966  1466  1641  63  59  89  528  0  6367  156  3711  624  161  4588  10569  2009  0  0  0  10  140  7  281  1  0  57  0  6  1869  73  0  2  0  0  0  2867  8791  8008  0  2  380  4285  0  2858  1066  0  0  16  3391  1423  1275  218  55  835  242  0  4  4  35  141  619  105  607  517  6596  1078  158  3  0  219  3  0  0  0  0  0  0  1  1  2  0  0  0  0  0  0  0  0  0  0  0  0  0  0  0  0  1  1  0  0  0  0  2  0  0  0  0  0  0  0  0  4  0  0  0  0  1  0  1  0  0  0  0  0  0  0  2  0  0  0  0  1  0  0  0  0  27  0  0  1  0  1  0  0  0  
0  0  0  0  0  0  0  0  0  0  0  0  0  0  0  0  3  1  0  0  12278  0  9090  0  0  1  0  0  0  0  0  1  0  0  98  0  17873  4756  0  0  2  0  8730  20  0  0  0  160  0  0  0  0  0  0  0  0  0  0  2672  10553  2993  0  0  0  0  0  0  0  0  0  0  2623  5114  0  0  0  0  0  0  0  0  0  0  0  0  0  0  0  0  0  0  0  0  0  0  0  0  0  0  0  0  0  0  0  0  0  0  0  0  0  0  0  0  0  0  0  0  0  0  0  0  0  0  0  0  0  0  0  0  0  0  0  0  0  0  0  0  0  0  0  0  0  0  0  0  0  0  0  
0  10220  0  7  0  1  0  0  0  0  0  0  0  0  0  0  0  2  119  0  2068  4787  0  0  2  2  0  0  0  0  0  0  0  0  0  0  0  0  0  0  2  718  0  918  31  0  1  0  5  0  0  0  0  2  2  0  553  1  2120  93  8624  0  0  0  0  1  0  9  1  0  0  0  15  0  0  0  0  0  0  0  0  0  0  0  0  0  0  0  0  0  0  0  0  0  0  2  0  0  0  0  0  0  0  0  0  0  0  0  0  0  0  0  0  0  0  0  0  0  0  0  0  0  0  0  0  0  0  0  0  0  0  0  0  0  0  0  0  0  0  0  0  0  0  0  0  0  0  0  
4346  0  0  20  1686  2038  36  28  4  1  0  9791  0  11554  28246  117  2  127  23  0  0  0  0  61  1  63  0  0  1011  0  0  79  0  0  0  0  0  0  1819  3073  19  0  0  6  118  0  204  5  1887  0  2  0  8515  7574  39  7  43  3  0  1  2  1904  3  106  7  140  92  9415  228  16  0  0  5  0  0  0  0  0  0  1  0  0  0  0  0  0  0  0  0  0  0  0  0  0  0  0  0  0  0  0  0  0  0  0  0  0  0  0  0  0  0  0  0  0  0  0  0  0  0  0  0  0  0  0  0  0  0  0  0  0  0  0  0  0  0  0  0  0  0  10  0  0  0  0  0  0  0  0  
4881  0  0  0  4059  990  1  0  0  1  0  7  0  12  22813  2330  1  47  1  0  0  0  0  2  0  1  0  0  1  0  0  51  0  0  0  0  0  0  1  144  6  0  0  1  0  0  10  2  419  0  0  14960  0  2429  0  2  0  0  0  0  0  0  3  7  0  53  3  5  4  3  0  0  1  0  0  0  0  0  0  0  0  0  1  0  0  0  0  0  0  0  0  0  0  0  0  0  0  0  0  0  0  0  0  0  0  0  0  0  0  0  0  0  0  0  0  0  0  0  0  0  0  0  0  0  0  0  0  0  0  0  0  0  0  0  0  0  0  0  0  4  0  0  0  0  0  0  0  0  
23  0  0  159  197  3247  1705  4156  180  0  0  5  0  2  26136  28994  0  75  22  0  0  0  0  0  1  325  2  0  155  2  0  9  0  0  0  0  0  0  0  38  26  0  0  8  504  2  35  17  1667  0  4  12375  2920  0  120  13  34  6  2  2  1  0  2  1  42  601  641  6191  10445  0  14  0  41  0  0  0  0  0  0  0  0  0  0  0  0  0  0  0  0  0  0  0  0  0  0  0  0  0  0  0  0  0  0  0  0  0  0  0  0  0  0  0  0  0  0  0  0  0  0  0  0  0  0  0  0  0  0  0  0  0  0  0  0  0  0  0  0  0  0  6  0  0  0  0  0  0  0  0  
0  0  0  14  1  4  25  36  559  6  0  0  0  0  0  0  0  133  296  1  0  4  36  0  7817  12442  53  0  5  17  0  8  2  13  0  400  0  2  0  1  3821  0  1  1711  73  0  0  84  185  1  6  3  0  23  0  1320  289  65  7  0  43  0  0  0  1027  146  172  343  9  0  69  0  12502  3  0  0  0  0  0  0  0  0  0  0  0  0  0  0  0  0  0  0  0  0  0  0  0  0  0  0  0  0  0  0  0  0  0  0  0  0  0  0  0  0  1  0  0  0  2  0  0  0  0  0  0  0  0  0  0  0  0  0  0  0  0  0  0  0  0  3  1  0  0  0  0  0  0  0  
0  0  0  3  1  9  24  21  1582  1  0  0  0  0  0  0  4  88  414  3960  0  0  1  0  20833  9230  34363  5  200  731  0  15  1  0  0  0  0  0  0  0  290  0  0  445  1206  6  1  93  160  0  8  9  1  37  3790  0  437  4418  4  0  6  0  0  0  8463  337  9551  377  123  1  9851  0  1672  0  0  0  0  0  0  0  0  0  0  0  0  0  0  0  0  0  0  0  0  0  0  0  0  0  0  0  0  0  0  0  0  0  0  0  0  0  0  0  0  0  1  0  0  0  0  0  0  0  0  0  0  0  0  0  0  0  0  0  0  0  0  0  0  0  0  0  0  0  0  0  0  0  0  0  
0  15822  0  10  0  1  1  0  1  0  60  0  0  0  0  0  2  6  54336  75  0  7216  0  0  2098  0  0  0  0  0  0  1  0  0  0  0  0  0  0  0  38  23771  0  3407  192  0  0  15  40  0  1967  4  0  9  23  161  0  4531  6705  2  1272  0  0  0  895  4  6  1366  1  0  0  0  5006  0  0  0  0  0  0  0  0  0  0  0  0  0  0  0  0  0  0  0  0  0  0  0  0  0  0  0  0  0  0  0  0  0  0  0  0  0  0  0  0  0  0  0  0  0  0  0  0  0  0  0  0  0  0  0  0  0  0  0  0  0  0  0  0  0  0  0  0  0  0  0  0  0  0  0  
0  200  0  11  0  0  0  0  11  0  10315  0  0  0  0  0  0  11  24108  18228  0  1050  0  0  1822  14  1  0  0  1  0  1  0  0  0  0  0  0  0  0  10  2165  0  9978  251  0  0  7  33  0  442  1  0  9  39  4145  7213  0  85  0  106  0  0  0  7568  5  9  181  2  0  0  0  101  1  0  0  0  0  0  0  0  0  0  0  0  0  0  0  0  0  0  0  0  0  0  0  0  0  0  0  0  0  0  0  0  0  0  0  0  0  0  0  0  0  0  0  0  0  0  0  0  0  0  0  0  0  0  0  0  0  0  0  0  0  0  0  0  0  0  1  0  0  0  0  0  0  0  0  
1  11576  0  37  0  1  0  1  0  2  0  0  0  0  0  0  0  6  9594  0  229  456  52  0  10  2  0  0  0  0  0  0  0  0  0  0  4144  17007  0  1  19  16  9  1449  319  0  0  12  17  31  5819  1  0  14  25  1  5325  11  0  9097  4098  0  0  0  10  4  1  146  5  0  0  11  7762  0  0  0  0  0  0  0  0  0  0  0  0  0  0  0  0  0  0  0  0  0  0  0  0  0  0  0  0  0  0  0  0  0  0  0  0  0  0  0  0  0  0  0  0  0  0  0  0  0  0  0  0  0  0  0  0  0  0  0  0  0  0  0  0  0  0  0  0  0  0  0  0  0  0  0  
0  4755  0  6  0  0  0  0  0  0  0  0  0  0  0  0  0  1  7  0  15963  15  133  0  1  3  0  0  0  0  0  0  0  0  5  0  19546  4699  0  0  4  1  22  734  44  0  0  4  1  10316  2201  0  0  1  27  0  4  0  9069  0  7639  0  0  0  1  2  0  17  1  0  0  6293  1734  0  0  0  0  0  0  0  0  0  0  0  0  0  0  0  0  0  0  0  0  0  0  0  0  0  0  0  0  0  0  0  0  0  0  0  0  0  0  0  0  0  0  0  0  0  0  0  0  0  0  0  0  0  0  0  0  0  0  0  0  0  0  0  0  0  0  0  0  0  0  0  0  0  0  0  
0  2667  0  34  0  0  1  2  7  2  222  0  0  0  0  0  2  8  91  13  19679  35050  11748  0  53  8  0  0  0  0  0  0  0  0  4  0  72  3490  0  0  21  876  67  7753  204  0  2  16  24  2543  9976  1  0  10  563  2  878  250  3514  7083  0  0  0  0  16  18  4  277  11  0  0  19  2700  0  0  0  0  0  0  0  0  0  0  0  3  0  0  0  0  0  0  0  0  0  0  2  0  0  0  0  0  0  0  0  1  0  0  0  0  0  0  0  0  0  0  0  0  0  0  0  0  0  0  0  5  0  0  0  0  0  0  0  0  0  4  0  0  0  0  0  0  0  0  0  0  0  0  0  
3930  0  0  0  2  4  0  0  0  0  0  0  1541  1599  4217  0  0  0  0  0  0  0  0  6890  0  0  0  0  0  0  0  2  0  0  0  0  0  0  954  3  0  0  0  0  0  0  6  0  11  0  0  3035  1  0  0  0  0  0  0  0  0  0  0  2414  0  1  0  0  0  0  0  0  0  0  0  0  0  0  0  0  0  0  0  0  0  0  0  0  0  0  0  0  0  0  0  0  0  0  0  0  0  0  0  0  0  0  0  0  0  0  0  0  0  0  0  0  0  0  0  0  0  0  0  0  0  0  0  0  0  0  0  0  0  0  0  0  0  0  0  0  0  0  0  0  0  0  0  0  
1  0  0  0  0  1139  0  0  0  1  0  0  9  1  0  0  0  459  0  0  0  0  5  12933  0  7  0  0  0  0  10544  12400  0  0  0  0  0  0  46  0  22  0  0  11  1  0  1705  9  13  0  0  0  0  0  2  0  0  0  0  0  0  0  0  3605  2  2  0  1  0  3588  0  0  34  0  0  0  0  0  0  0  0  0  0  0  0  0  0  0  0  0  0  0  0  0  0  0  0  1  0  0  0  0  0  0  2  1  0  0  0  0  0  0  0  0  0  0  0  0  0  0  0  0  0  0  0  0  0  0  0  0  0  0  0  0  1  0  0  0  0  0  0  0  0  0  0  0  0  0  
1531  0  0  0  147  1165  0  0  0  0  0  17  1717  1615  8  49  1  158  0  0  0  0  1  29222  0  0  0  0  0  0  22  1056  0  0  4  0  0  0  7528  35  1  0  8  1  1  0  7801  5  526  0  0  120  29  1  1  0  0  0  0  0  0  3692  1614  0  0  71  0  1  2  477  0  0  12  0  0  0  0  0  0  0  0  0  0  0  0  0  0  0  0  0  0  0  0  0  0  0  1  0  0  0  0  0  0  0  0  1  0  0  0  0  0  0  0  0  0  0  0  0  0  0  0  0  1  0  0  0  0  0  0  0  0  0  0  0  0  0  0  0  0  5  0  0  0  0  0  0  1  0  
0  14  0  47  0  17  107  54  2033  256  14570  0  0  0  1  0  2  240  4624  23510  0  204  5  0  216  145  12613  0  40  29123  0  59  1  0  0  0  0  0  1  5  316  123  0  13145  936  1  17  136  286  0  239  17  1  36  1092  4182  4839  8227  107  2  163  0  3  1  0  1036  149  249  18  0  5430  0  1073  0  0  0  0  0  0  0  0  0  1  0  328  0  0  0  0  0  0  0  0  4  0  0  0  0  0  0  0  0  0  11  0  1  0  0  0  0  0  0  0  0  3  0  0  0  0  0  0  0  0  0  0  0  0  0  0  1  0  0  0  0  0  0  0  0  0  6  1  0  0  0  0  0  0  0  
34  0  1  24  12  16213  8479  7140  12717  13036  0  2  0  2  13  312  16  1513  116  0  0  2  5  17  0  297  15  0  78  2159  1  4157  0  0  0  0  0  1  6  17  653  0  4  824  478  3  46  364  1343  0  3  123  11  176  329  141  33  12  0  0  1  0  8  89  2037  0  286  132  159  11  23  0  690  22  49  0  0  2  11  782  67  144  154  5  0  1  0  1  5  11  0  9  0  0  0  3  9  0  0  20  1  0  9  0  2  150  0  0  0  4  0  0  0  0  60  0  0  1  96  9  3  2  1  0  0  5  12  2  0  51  0  0  1  0  0  6  4  2  1  15958  20  1  8  3  66  0  14  0  
0  0  2211  2090  2  63  109  23  1024  0  0  0  0  0  7  73  27  176  49  1  0  0  0  0  8  30048  12318  16435  264  1429  0  28  0  0  0  0  0  0  0  0  1606  0  0  203  10815  5851  1  233  387  0  1  12  6  129  695  11606  12  53  0  0  2  0  1  0  301  1376  0  243  758  2  3989  0  15  0  0  0  0  0  0  1  0  0  0  0  0  0  0  0  0  0  0  0  0  0  0  0  0  0  0  1  0  0  0  0  0  1  0  0  0  0  0  0  0  0  1  0  0  0  0  0  1  0  0  0  0  0  0  0  0  0  0  0  0  0  0  0  0  0  0  3  0  0  0  0  0  0  0  0  
29  0  0  4522  75  247  41  5  27  0  0  7753  0  29  8419  25  0  157  77  0  0  0  0  2  5  292  1  0  14778  0  0  21  0  0  0  0  0  0  10  467  46  0  0  8  12530  0  263  4  5109  0  20  12894  67  4713  233  14  191  6  0  3  5  1  1  2  13  148  550  0  4238  4  16  0  65  0  1  0  0  0  0  1  0  0  0  0  0  0  0  0  0  0  0  0  0  0  0  0  0  0  0  0  0  0  0  0  0  1  0  0  0  0  0  0  0  0  0  0  0  0  0  0  0  0  0  0  0  0  0  0  0  0  0  0  0  0  0  0  0  0  0  9  0  0  0  0  0  0  0  0  
5  0  1751  320  22  395  479  5288  475  0  0  1  0  3  2262  5817  11  92  56  0  0  0  0  0  0  206  1  1  16746  0  0  10  0  0  0  0  0  0  0  44  55  0  0  10  7751  15  11  129  591  0  0  422  49  12645  14  19  81  6  0  0  0  0  1  0  9  796  1656  3810  0  0  332  0  18  0  0  0  0  0  0  0  0  0  2  0  0  0  0  0  0  0  0  0  0  0  0  0  0  0  0  0  0  0  0  0  0  0  0  0  0  0  0  0  0  0  1  0  0  0  0  0  0  0  0  0  0  0  0  0  0  0  0  0  0  0  0  0  0  0  0  2  0  0  0  0  0  0  0  0  
2838  0  0  0  2941  14805  0  0  0  0  0  0  0  1  0  5154  1  63  0  0  0  0  7  5719  0  3  0  0  0  0  12208  7952  0  0  0  0  0  0  4  1  6  0  0  4  0  0  80  3  34  0  0  2  0  0  0  0  0  0  0  0  0  1  3320  963  0  3  0  0  0  0  0  0  27  0  0  0  0  0  0  84  0  0  0  0  0  0  0  0  0  37  0  0  0  0  0  0  0  1  0  0  0  0  0  0  164  23  0  0  0  0  0  0  0  0  1  0  0  0  0  0  0  0  0  0  0  0  0  0  0  0  0  0  0  0  1  0  0  0  0  2  0  0  0  72  0  0  0  0  
0  0  0  0  0  2  3  7  12941  2  0  0  0  0  0  1  0  37  76  39  0  0  0  0  2  94  1933  3  32  14777  0  4  0  0  0  0  0  0  0  0  144  0  0  27  205  4371  2  59  50  0  0  1  0  12  74  7604  54  14  0  0  2  0  0  0  3130  270  3490  6  36  0  0  0  7  0  0  0  0  0  0  0  0  0  154  2  1  0  0  0  0  0  0  0  0  0  0  0  0  0  0  1  0  0  0  835  0  0  0  0  0  0  0  0  0  0  0  0  0  0  0  5  0  0  0  0  0  0  0  0  0  0  0  0  0  0  0  0  0  0  0  2  0  0  0  0  5825  0  0  0  
0  0  0  0  0  0  0  0  0  0  0  0  0  0  0  0  0  0  0  0  0  0  41  0  0  0  0  0  0  0  0  0  0  10  1796  0  40098  32976  0  0  0  0  3060  4  0  0  0  131  0  3720  0  0  0  0  0  0  0  0  1054  6114  248  0  0  0  0  0  0  0  0  0  0  0  4816  0  0  0  0  0  0  0  0  0  0  0  0  0  0  0  0  0  0  0  0  0  0  0  0  0  0  0  0  0  0  0  0  0  0  0  0  0  0  0  0  0  0  0  0  0  0  0  0  0  0  0  0  0  0  0  0  0  0  0  0  0  0  0  0  0  0  0  0  0  0  0  0  0  0  0  
0  6  0  41  1  19  11  9  57  41  0  0  0  0  6  3  43  1359  13125  38  13  23  2130  1  33285  1631  0  0  3  9  0  463  1214  18951  6138  877  194  60696  2  4  1815  1  6566  3772  727  0  7  25358  261  2438  546  4  0  145  18091  2444  4217  117  6271  1213  4820  0  7  2  1702  72  8  3156  9  2  1  3894  0  647  0  0  0  0  0  0  0  0  4  0  0  1  0  0  0  0  0  0  0  0  0  0  0  0  0  10  0  0  0  0  0  1  0  0  0  1  0  0  0  0  13  0  0  0  0  0  0  2  0  0  1  1  0  1  0  2  0  0  0  0  0  0  0  0  0  10  2  1  1  0  0  0  1  0  
0  0  0  5  0  0  0  0  0  38  0  0  0  0  0  0  4  82  1  0  0  0  1  0  0  14  0  0  0  0  0  3  11590  2618  0  5907  0  0  0  0  2765  0  0  18  1  0  0  4653  56  0  0  0  0  0  32  0  0  0  0  0  0  0  0  0  1  11  0  0  0  0  0  0  1381  0  0  0  0  0  0  0  0  0  0  0  0  0  0  0  0  0  0  0  0  0  0  0  0  0  0  0  0  0  0  0  0  0  0  0  0  0  0  0  0  0  1  0  0  0  0  0  0  0  0  0  0  0  0  0  0  0  0  0  0  0  0  0  0  0  0  4  0  0  0  0  0  0  0  0  
0  0  0  0  0  1  0  0  0  0  0  0  0  0  0  0  0  0  0  0  0  0  0  0  0  0  0  0  0  0  8  0  0  0  0  0  0  0  0  0  0  0  0  0  0  0  0  0  0  0  0  0  0  0  0  0  0  0  0  0  0  0  0  0  0  0  0  0  0  6  0  0  0  0  0  0  0  3  6851  1873  7  0  4  0  0  4  149  198  1650  2363  0  3  0  0  0  0  0  14757  0  0  0  0  0  0  3455  316  0  0  0  0  0  0  2617  0  8  0  0  0  11  0  206  0  232  0  0  1094  9868  2  0  25  0  0  0  0  0  9767  167  554  0  186  1  1  0  2906  1  0  2  0  
0  0  0  0  0  0  0  0  0  0  0  0  0  0  0  0  0  0  0  0  0  0  0  0  0  0  0  0  0  0  0  0  0  0  0  0  0  0  0  0  0  0  0  0  0  0  0  0  0  0  0  0  0  0  0  0  0  0  0  0  0  0  0  0  0  0  0  0  0  0  0  0  0  0  0  0  0  0  0  0  0  0  0  0  0  0  0  0  0  0  0  0  21898  0  11693  0  0  0  0  0  0  0  0  0  0  0  0  0  0  0  60  197  0  0  0  8046  0  0  0  0  0  0  1  0  11541  0  0  0  0  0  445  0  6500  5997  259  0  0  0  0  0  0  0  0  0  0  19  14  0  
0  0  44  0  0  0  0  26  1  0  0  0  0  0  0  21  0  0  0  0  0  0  0  0  0  0  0  0  0  0  0  0  0  0  0  0  0  0  0  0  0  0  0  0  0  9  0  0  0  0  0  0  0  0  0  0  0  0  0  0  0  0  0  0  0  0  0  0  0  0  0  0  0  0  0  0  0  0  0  0  10  601  4  0  0  0  0  0  0  15682  0  0  0  0  0  0  0  0  0  1  3430  4382  9124  2039  0  0  0  0  0  0  0  0  0  0  0  0  0  0  13814  14053  0  0  0  0  0  0  0  0  0  0  0  0  0  0  0  0  0  0  0  0  4271  0  15  0  1  0  0  0  
0  0  0  0  0  0  0  0  0  0  0  0  0  0  0  0  0  0  0  0  0  0  0  0  0  0  0  0  0  0  0  0  0  0  0  0  0  0  0  0  0  0  0  0  0  0  0  0  0  0  0  0  0  0  0  0  0  0  0  0  0  0  0  0  0  1  0  0  0  0  0  0  0  0  0  0  0  0  1  10  24  1  120  1  0  13118  0  6  5  0  12  56  5  0  0  0  0  2  1  17304  8  4022  4316  0  0  3  708  23  8  159  0  0  2  3  3983  0  0  1  3571  15  10  29  17982  0  0  12  2  10  29  442  1  0  0  0  0  0  3  0  10  72  83  4411  56  0  100  0  11  0  
0  0  0  0  0  1  0  0  0  0  0  0  0  0  0  1  0  0  0  0  0  0  0  0  0  0  0  0  0  0  0  0  0  0  0  0  0  0  0  0  0  0  0  0  0  0  0  0  0  0  0  0  0  0  0  0  0  0  0  0  0  0  0  0  0  6  0  0  0  0  0  0  0  0  4782  0  0  2  0  10158  69  10  80  0  0  18  0  104  3335  17094  0  6  0  0  0  0  1  6  1  16  13  0  0  0  2  211  0  0  0  5  0  0  117  0  22  0  0  0  8  5  236  0  379  0  0  493  20350  94  1  453  0  1  0  0  0  421  7  66  6  223  83  1  13  1280  27  0  5  0  
0  0  0  0  1  477  12  0  1  0  0  0  0  0  0  98  0  0  0  0  0  0  0  0  0  0  0  0  0  0  2  38  0  0  0  0  0  0  0  0  0  0  0  0  0  0  0  0  0  0  0  0  0  0  0  0  0  0  0  0  0  0  0  0  0  644  0  0  0  26  0  0  0  0  1532  0  0  2  19743  0  12105  433  113  1  0  118  0  130  3934  27299  1  25  0  0  1  0  10  6039  0  5  6  0  1  0  242  7862  0  0  0  1  0  0  30  0  35  0  0  0  31  106  158  1  225  0  1  686  2311  3558  0  169  0  0  0  0  2  29  2932  2009  4  21589  10  11  42  7884  23  0  30  0  
0  0  0  0  0  21  214  7  0  0  0  0  0  0  0  131  0  0  0  0  0  0  0  0  0  0  0  0  0  0  0  0  0  0  0  0  0  0  0  0  0  0  0  0  0  0  0  0  0  0  0  0  0  0  0  0  0  0  0  0  0  0  0  0  0  35  0  0  0  0  0  0  1  0  2  0  0  10  11  14969  0  12992  1438  1  0  12  0  8  441  17149  0  15  1  0  0  0  4  0  0  44  5  0  29  0  0  13  0  0  0  3  0  0  0  0  38  0  0  0  44  287  21  0  54  0  1  430  107  13275  0  628  2  0  0  0  2  0  4  1  7  8884  14  49  334  0  980  0  26  0  
0  0  0  0  0  2  99  1432  282  0  0  0  0  0  0  464  0  0  0  0  0  0  0  0  0  0  0  0  0  1  0  0  0  0  0  0  0  0  0  0  0  0  0  0  0  2  0  0  0  0  0  0  0  0  0  0  0  0  0  0  0  0  0  0  0  149  0  0  0  0  0  0  0  0  0  0  66  2  1  161  11201  0  4884  0  0  0  0  0  1  17680  0  70  2  0  0  0  36  1  0  13  6  0  5855  0  0  1  0  0  0  2  0  0  0  0  137  0  0  0  2472  7610  9  1  17  0  1  0  3  1044  0  190  1  0  1  0  2  0  10  0  17  8996  9  5  14684  0  201  0  82  0  
0  0  2  0  0  0  1  23  2534  5  0  0  0  0  0  0  0  1  0  0  0  0  0  0  0  0  0  0  0  815  0  0  0  0  0  0  0  0  0  0  0  0  0  0  0  82  0  0  1  0  0  0  0  0  0  0  0  0  0  0  0  0  0  0  0  76  0  0  0  0  362  0  0  0  0  0  8  22  1  6  2082  3442  0  2582  0  2  0  0  8  39  0  13  21  0  0  0  6  0  0  329  41  0  6  877  0  0  0  0  0  110  0  1  0  0  522  0  0  626  32  5000  1  3  64  0  1  5  8  27  0  101  23  1  2  1  15  0  1  0  237  11186  175  9  13  0  8110  0  17  0  
0  0  0  0  0  0  0  0  49  8  0  0  0  0  0  0  0  0  0  0  0  1  0  0  0  1  0  0  0  230  0  0  0  0  0  0  0  0  0  0  2  0  0  1  0  0  0  2  1  0  0  0  0  0  1  0  0  0  0  0  0  0  0  0  1  10  0  0  0  0  7  0  0  0  0  0  0  28  0  1  8  1  3999  0  0  1  0  0  2  0  2  7  15  0  1  187  784  0  4  625  6  0  2  1771  0  0  0  0  0  87  11  3  1  0  678  0  0  3935  11  13  2  19  70  0  5  5  0  7  0  54  3  1  8  28  200  0  0  1  54  3388  42  6  6  0  980  1  22  0  
0  0  0  0  0  0  0  0  0  1  2831  0  0  0  0  0  0  0  0  530  0  588  0  0  0  0  0  0  0  1162  0  0  0  0  0  0  0  0  0  0  0  7  0  157  0  0  0  0  0  0  0  0  0  0  0  0  0  0  0  0  2  0  0  0  114  1  0  0  0  0  0  0  0  0  0  0  0  0  0  0  0  0  0  1  0  0  0  0  0  0  0  0  26  18857  0  3400  0  0  0  0  1  0  0  1304  0  0  0  0  0  0  0  0  0  0  0  5540  0  22505  0  0  0  0  0  0  0  0  0  0  0  0  17  5480  0  0  0  0  0  0  10106  0  0  0  0  0  0  0  0  0  
0  0  0  0  0  0  0  0  0  0  0  0  0  0  0  0  0  0  0  0  0  0  0  0  0  0  0  0  0  0  0  0  0  0  0  0  0  0  0  0  0  0  0  0  0  0  0  0  0  0  0  0  0  0  0  0  0  0  0  0  0  0  0  0  0  0  0  0  0  0  0  0  0  0  0  0  0  16784  29  69  11  0  6  1  0  0  24  5905  58  0  71  957  0  0  0  0  2  51  1  81  0  1  170  0  0  5  384  40  154  2  0  0  273  5349  7  0  0  0  21  0  72  36  12832  0  0  3858  27  4  0  31  0  0  0  0  1  0  1  1  2  103  4  10178  0  0  4  0  2  0  
0  0  0  0  0  0  0  0  0  0  0  0  0  0  0  0  0  0  0  0  0  0  0  0  0  0  0  0  0  0  0  0  0  0  0  0  0  0  0  0  0  0  0  0  0  0  0  0  0  0  0  0  0  0  0  0  0  0  0  0  0  0  0  0  0  0  0  0  0  0  0  0  0  0  124  0  0  0  0  6  0  0  0  0  0  27  0  2198  128  0  0  5  0  0  0  0  0  6026  0  0  0  0  0  0  0  2  0  0  1  0  0  0  5780  2  1  0  0  0  0  0  5520  0  0  0  0  2  0  0  0  1  0  0  0  0  0  4809  146  2380  0  0  0  0  0  0  0  0  0  0  
0  0  0  0  0  0  0  0  0  0  0  0  0  0  0  0  0  0  0  0  0  0  0  0  0  0  0  0  0  0  0  0  0  0  0  0  0  0  0  0  0  0  0  0  0  0  0  0  0  0  0  0  0  0  0  0  0  0  0  0  0  0  0  0  0  1  0  0  0  0  0  0  0  0  326  0  0  3  264  246  18  1  13  0  0  10112  2167  0  1264  2  0  23  0  0  0  0  2  105  0  0  1  0  2  0  0  14  0  0  0  1  0  0  10680  3389  5  0  0  0  2  1  1238  0  6628  0  0  13454  171  10  0  45  0  0  0  0  0  1918  2  1  0  169  4  81  3  0  5  0  2  0  
0  0  0  0  0  0  0  0  0  0  0  0  0  0  0  0  0  0  0  0  0  0  0  0  0  0  0  0  0  0  0  0  0  0  0  0  0  0  0  0  0  0  0  0  0  0  0  0  0  0  0  0  0  0  0  0  0  0  0  0  0  0  0  0  0  0  0  0  0  0  0  0  0  0  1971  0  0  4  2679  3361  163  4  28  0  0  55  665  2640  0  3208  0  8  0  0  0  0  3  2913  0  12  3  0  6265  0  0  12  0  0  0  4  0  0  1  0  14  0  0  2  231  1  8  0  66  0  0  50041  65548  21402  1  266  0  0  0  0  0  5360  0  1  6  148  30  7525  8012  0  24  0  5  0  
0  0  15  0  1  158  11  755  5  0  0  0  0  0  0  854  0  0  0  0  0  0  0  0  0  0  0  0  0  0  48  23  0  0  0  0  0  0  0  0  0  0  0  0  0  13  0  0  0  0  0  0  0  0  0  0  0  0  0  0  0  0  0  0  0  0  0  0  0  65  0  0  0  0  2774  0  11258  1  22263  31685  23475  18450  22  0  0  0  0  1  4494  0  0  1  0  0  0  0  1  486  0  8  1  16  11395  7  2159  20  0  0  0  0  0  0  1  0  9  0  0  0  2816  2123  1  1  9  0  0  11  2883  31461  0  86  0  0  0  0  0  1  73  57  2  74  9  3  8203  11392  34  0  1  0  
0  0  0  0  0  0  0  0  0  0  0  0  0  0  0  0  0  0  0  0  0  0  0  0  0  0  0  0  0  0  0  1  0  0  0  0  0  0  0  0  0  0  0  0  0  0  0  1  0  0  0  0  0  0  0  0  0  0  0  0  0  0  0  0  0  0  0  0  0  0  0  0  0  0  0  0  0  29  0  0  3  0  21  7  0  106  0  0  0  1  0  14211  1  0  0  0  5481  289  1  96  2  0  6  0  1  5  901  0  4882  8  0  0  0  0  2477  0  1225  2  270  3  162  9284  2199  0  0  0  0  2  0  117  0  0  0  0  2  0  7  3  1  45  10  0  7  0  16  0  24  1  
0  0  0  0  0  0  0  0  0  0  0  0  0  0  0  0  0  0  0  0  0  0  0  0  0  0  0  0  0  0  0  0  0  0  0  0  0  0  0  0  0  0  0  0  0  0  0  4  1  0  0  0  0  0  1  0  0  0  0  0  0  0  0  0  0  0  0  0  0  0  0  0  0  0  5  0  0  67  21  50  67  2  85  8  0  759  0  30  40  0  10536  0  1  0  0  1  5820  6085  0  54  4  0  4  0  7  34  145  3  1082  7  0  0  0  18  522  0  506  3  228  16  7064  355  7889  2  0  34  23  10  0  447  0  0  0  0  3  0  221  73  13  96  24  0  16  0  59  0  36  1  
0  0  0  0  0  0  0  0  0  0  0  0  0  0  0  0  0  0  0  0  0  0  0  0  0  0  0  0  0  0  0  0  0  0  0  0  0  0  0  0  0  0  0  0  0  0  0  0  0  0  0  0  0  0  0  0  0  0  0  0  0  0  0  0  0  1  0  0  0  0  0  0  0  0  0  21897  0  80  2  5  30  7  20  0  44  4  0  5  13  3  0  3  0  2979  102  1043  3  0  5487  109  7  2  10  1  0  1  0  0  0  4  3  1002  1  0  33  11261  0  4906  142  3  13  3  315  0  6129  17  40  42  0  4730  52859  29736  5941  16  3511  0  1  0  374  26  8  358  12  0  21  640  13270  0  
0  0  0  0  0  0  0  0  0  0  13  0  0  0  0  0  0  0  0  1  0  0  0  0  0  0  0  0  0  21  0  0  0  0  0  0  0  0  0  0  0  0  0  0  0  0  0  0  0  0  0  0  0  0  0  0  0  0  0  0  0  0  0  0  6  0  0  0  0  0  0  0  0  0  0  0  0  0  0  0  0  0  0  0  17819  0  0  0  0  0  0  0  3417  0  0  1  0  0  192  0  5452  0  0  1348  0  0  0  0  0  0  0  0  0  0  0  7267  0  8368  0  0  0  0  0  0  3  0  0  0  0  6362  867  15731  0  0  6  0  0  0  6602  0  0  0  0  0  3  0  0  0  
0  0  0  0  0  0  0  0  0  1  0  0  0  0  0  0  0  0  0  0  0  3  1  0  0  0  0  0  0  0  0  0  0  0  0  0  0  0  0  0  2  0  0  0  0  0  0  3  0  0  0  0  0  0  0  0  0  0  0  0  1  0  0  0  0  2  0  0  0  0  0  0  0  0  0  11617  0  1  0  1  0  0  6  2  0  0  0  0  0  0  0  2  121  0  0  263  6660  0  1  13  0  0  0  0  10  41  0  0  3  5  3738  42  0  0  35  552  76  0  0  0  0  14  8  14580  7890  0  0  0  0  12  0  0  4240  27445  30758  0  2  0  0  9  0  0  0  0  1  22  1018  1  
0  1  0  0  0  0  0  0  0  15  107  0  0  0  0  0  0  0  0  1  1  736  0  0  0  0  0  0  0  50  0  0  0  0  0  0  0  0  0  0  1  0  0  27  0  0  0  0  0  0  0  0  0  0  0  0  0  0  0  0  1  0  0  0  1  12  0  0  0  0  0  0  1  0  0  1  0  1  0  0  2  0  4  171  1807  0  0  0  0  0  0  0  1161  12  347  0  2875  0  0  12  0  0  0  506  5  19  0  0  0  2  0  0  0  0  23  14648  2  32764  0  0  0  3  2  0  2338  0  0  0  0  1  1604  7  9  0  25756  0  0  0  50  5  0  1  0  0  1  0  19  0  
0  0  0  0  0  0  0  0  0  3  0  0  0  0  0  0  0  1  0  0  0  0  0  0  0  1  0  0  0  0  0  0  0  0  0  0  0  0  0  0  3  0  0  3  0  0  0  4  3  0  0  0  0  0  0  0  0  0  0  0  0  0  0  0  0  0  0  0  0  0  0  0  1  0  0  0  0  17  2  2  6  0  101  619  0  0  0  0  0  0  3167  6430  12  0  6154  1732  0  1332  6  341  9  0  3  0  7  71  0  0  8550  61  206  9  0  0  507  0  18594  3191  10  19  17  582  48  9197  18  0  4  2  0  112  3  1  4  217  21481  0  82  2  19  77  32  2  3  0  59  0  1128  0  
0  0  0  0  0  0  0  0  0  0  0  0  0  0  0  0  0  0  0  0  0  0  1  0  0  0  0  0  0  0  58  0  0  0  0  0  0  0  0  0  0  0  0  0  0  0  0  0  0  0  0  0  0  0  0  0  0  0  0  0  0  0  1  0  0  0  0  0  0  3  0  0  0  0  14006  0  0  0  48  2704  5  2  8  0  0  51  10852  191  3522  403  267  7533  0  0  0  1  2655  0  0  2  0  0  1  0  8778  943  0  61  104  0  0  0  5488  1  136  0  201  1  24  1  17142  19  41  0  0  8  11  0  0  31  0  0  0  0  0  9710  23085  42144  1  40  1  0  0  2547  4  0  14  0  
0  0  0  0  0  0  0  0  0  0  0  0  0  0  0  0  0  0  0  0  0  0  0  0  0  0  0  0  0  1  0  0  0  0  0  0  0  0  0  0  0  0  0  0  0  0  0  0  0  0  0  0  0  0  0  0  0  0  0  0  0  0  0  0  0  0  0  0  0  0  0  0  0  0  0  0  0  4  0  1  0  0  9  1  0  1  0  0  0  0  0  1  5080  21  27  0  5  0  0  17899  2814  0  3  1  0  2  0  1965  0  5736  17  46  0  0  259  0  0  89  9  0  2  3  22  0  142  1  4  4  5774  25807  8  384  90  39  270  0  0  0  4  1  31  18  0  0  4  3  35122  0  
0  0  0  0  0  0  0  0  0  0  0  0  0  0  0  0  0  0  0  0  0  0  0  0  0  0  0  0  0  0  0  0  0  0  0  0  0  0  0  0  0  0  0  0  0  0  0  0  1  0  0  0  0  0  0  0  0  0  0  0  0  0  0  0  0  7  0  0  0  0  0  0  0  0  7  0  1  10998  6  27  75  20  305  43  0  54  0  52  31  7  42  77  16  0  0  0  10  3  11241  0  798  7282  30  1  0  5  2846  808  0  22162  1  39  6  0  17455  0  0  8  5468  64  166  15  1426  0  2  89  35  157  6814  7417  10  1  2  6  22  1  2  0  14  833  18831  275  78  0  191  1  1372  59  
0  0  0  0  0  0  0  0  0  0  0  0  0  0  0  0  0  0  0  0  0  0  0  0  0  0  1  0  0  21  0  0  0  0  0  0  0  0  0  0  0  0  0  0  0  0  0  0  0  0  0  0  0  0  0  0  0  0  0  0  0  0  0  0  0  0  0  0  0  0  0  0  0  0  0  0  4701  1  9  6  9  4  23  0  0  0  0  0  1  1  0  1  3  5674  0  0  0  0  1172  2428  0  84  17  26053  0  0  0  0  0  17  0  0  0  0  97  0  0  0  26  3057  4  0  4  0  0  3  7  11  335  33553  0  23  0  1  0  0  0  0  2365  56  23410  2  35  0  4220  0  4  0  
0  0  0  0  0  0  0  0  0  0  0  0  0  0  0  0  0  0  0  0  0  0  0  0  0  0  0  0  0  0  0  0  0  0  0  0  0  0  0  0  0  0  0  0  0  0  0  0  0  0  0  0  0  0  0  0  0  0  0  0  0  0  0  0  0  0  0  0  0  0  0  0  0  0  0  0  4661  4654  0  0  1  0  2  0  0  0  0  1  0  112  0  0  0  0  0  0  0  0  0  9260  76  0  2022  0  0  0  0  0  0  0  0  0  0  0  5  0  0  0  37937  279  7  0  82  0  0  1  2  3  0  13  0  0  0  0  0  0  1  0  0  8  20766  24  2  0  3  0  1  0  
0  0  0  0  0  0  0  0  0  0  0  0  0  0  0  0  0  0  0  0  0  0  0  0  0  0  0  0  0  0  0  0  0  0  0  0  0  0  0  0  0  0  0  0  0  0  0  0  0  0  0  0  0  0  0  0  0  0  0  0  0  0  0  0  0  0  0  0  0  0  0  0  0  0  0  0  6134  5480  1  0  33  3009  47  1  0  393  0  0  5590  9668  1  5  0  0  0  0  3  0  0  3  1  2941  0  0  0  0  0  0  0  1  0  0  0  0  39  0  0  0  42711  312  10  0  134  0  0  194  0  106  0  150  0  0  0  0  0  0  2  0  10  24  70  15649  23121  0  19  0  12  0  
0  0  16  0  0  0  0  0  335  2  7  0  0  0  0  0  0  0  0  5  0  2  0  0  0  0  48  0  0  7293  0  0  0  0  0  0  0  0  0  0  0  0  0  1  0  31  0  0  0  0  0  0  0  0  0  0  0  0  0  0  0  0  0  0  3  5  0  0  0  0  517  0  0  0  0  0  2222  0  0  0  0  44  1242  1832  1653  0  0  0  0  21  0  0  0  1788  0  761  0  0  3  0  23312  0  0  0  0  0  0  0  0  0  0  0  0  0  2  0  0  1142  0  12871  0  0  2  0  0  0  0  1  0  4556  0  5  0  0  0  0  0  0  20764  1  27  0  0  0  16862  0  0  0  
0  0  0  0  0  67  0  0  0  0  0  0  0  0  0  1  0  1  0  0  0  0  0  8  0  0  0  0  0  0  806  19  0  0  0  0  0  0  0  0  0  0  0  0  0  0  0  0  0  0  0  0  0  0  0  0  0  0  0  0  0  0  2  0  0  1  0  0  0  236  0  0  2  0  2156  0  0  0  6  717  0  0  5  0  0  2  0  1  0  1535  2  108  0  0  0  1  195  8245  0  9  0  0  0  0  0  6119  0  0  0  3  0  0  1  0  33  0  0  0  43  0  21  9  4  0  0  5  0  0  0  21  0  0  0  0  0  1  13956  45  1  10  3  0  4  8428  2  0  13  0  
0  0  0  0  0  21  0  0  0  1  0  0  0  0  1  3  0  7  0  0  0  0  1  0  0  0  0  0  0  0  6  2070  0  0  0  0  0  0  0  0  4  0  0  1  0  0  0  1  8  0  0  0  0  0  0  0  0  0  0  0  0  0  0  1  0  27  0  0  0  13  0  0  2  0  167  0  0  3  39  5022  6  2  16  2  0  0  0  1  6  10  2  90  0  0  6  1  68  285  0  16  1  0  0  0  5385  0  0  0  1  4  0  0  10  0  78  0  1  1  63  2  51  19  18  0  4  20  9  0  0  66  1  0  1  1  6  23  7562  215  1  2866  9  0  4  1392  9  0  139  0  
0  0  0  0  0  0  0  0  0  0  0  0  0  0  0  0  0  0  0  0  0  0  0  0  0  0  0  0  0  0  0  0  0  0  0  0  0  0  0  0  0  0  0  0  0  0  0  0  0  0  0  0  0  0  0  0  0  0  0  0  0  0  0  0  0  0  0  0  0  0  0  0  0  0  0  0  0  479  0  0  0  0  0  0  0  292  0  0  0  0  856  65  0  0  0  0  0  0  0  1913  0  0  0  0  0  0  0  4246  5261  7958  0  0  0  0  7449  0  0  0  0  0  0  8295  113  0  0  0  0  0  0  0  0  0  0  0  0  0  0  0  0  0  0  0  0  0  0  0  0  7326  
0  0  0  0  0  0  0  0  0  0  0  0  0  0  0  0  0  0  0  0  0  0  0  0  0  0  0  0  0  0  0  0  0  0  0  0  0  0  0  0  0  0  0  0  0  0  0  0  0  0  0  0  0  0  0  0  0  0  0  0  0  0  0  0  0  0  0  0  0  0  0  0  0  0  0  0  0  46  0  0  0  0  1  0  0  91  12  0  0  0  0  0  0  0  0  0  4  107  1819  937  0  0  0  0  0  0  3735  0  29723  12865  0  3488  0  0  1097  0  7243  0  0  0  0  2200  0  0  0  0  0  0  0  0  0  0  0  1  7  0  0  10  0  0  0  0  0  0  0  2  31450  6182  
0  0  0  0  0  0  0  0  0  0  0  0  0  0  0  0  0  1  0  0  0  0  0  0  0  0  0  0  0  0  0  0  0  0  0  0  0  0  0  0  0  0  0  0  0  0  0  1  0  0  0  0  0  0  0  0  0  0  0  0  0  0  0  0  0  0  1  0  0  0  0  0  0  0  0  0  0  6  0  0  0  0  7  0  0  153  6  0  0  0  3524  1241  0  0  0  0  6866  197  0  12  0  0  0  0  0  2  5472  21773  0  3  8  1768  0  0  37  0  11002  0  0  0  42  15558  9  593  0  0  0  1  0  11  1  0  2  26  23  0  0  13  0  5  0  1  0  0  1  423  3662  2893  
0  0  0  0  0  0  0  0  0  0  0  0  0  0  0  0  0  0  0  0  0  0  0  0  0  0  0  0  0  0  0  0  0  0  0  0  0  0  0  0  0  0  0  0  0  0  0  0  0  0  0  0  0  0  0  0  0  0  0  0  0  0  0  0  0  0  0  0  0  0  0  0  0  0  1  0  0  135  4  8  23  1  32  1  0  3  0  0  12  1  2  1  11  0  6  2  18  0  2585  17094  0  0  1  0  0  0  5128  14328  0  0  26  2  0  0  14607  0  20  76  26  4  2  103  54  2  1  23  18  73  3279  596  10  1  19  80  141  0  1  0  2  30  232  33  15  0  14  6  6187  5983  
0  0  0  0  0  0  0  0  0  0  0  0  0  0  0  0  0  0  0  0  0  0  0  0  0  0  0  0  0  0  0  0  0  0  0  0  0  0  0  0  0  0  0  0  0  0  0  0  0  0  0  0  0  0  0  0  0  0  0  0  0  0  0  0  0  0  0  0  0  0  0  0  0  0  0  314  0  1  0  0  0  0  2  0  0  0  0  0  0  0  0  0  0  0  2415  0  273  0  1  2  0  0  0  0  0  0  0  1  2  3  0  15046  0  0  7  0  9244  0  0  0  0  2  0  10342  0  0  0  0  0  0  0  0  2101  21402  211  0  0  0  0  1  0  0  0  0  3  29321  265  1  
0  0  0  0  0  0  0  0  0  0  0  0  0  0  0  0  0  0  0  0  0  0  0  0  0  0  0  0  0  0  0  0  0  0  0  0  0  0  0  0  0  0  0  0  0  0  0  0  0  0  0  0  0  0  0  0  0  0  0  0  0  0  0  0  0  0  0  0  0  0  0  0  0  0  0  915  0  0  0  0  0  0  3  0  0  0  0  0  0  0  0  0  124  0  38  0  88  0  21  26  0  0  0  0  0  0  0  2582  1248  1  14278  0  0  0  16  0  10333  1  0  0  0  1670  3  4640  8  0  0  0  0  2  2  0  10403  1397  195  0  0  0  0  0  0  1  0  0  0  31804  50395  32  
0  0  0  0  0  0  0  0  0  0  0  0  0  0  0  0  0  0  0  0  0  0  0  0  0  0  0  0  0  0  0  0  0  0  0  0  0  0  0  0  0  0  0  0  0  0  0  0  0  0  0  0  0  0  0  0  0  0  0  0  0  0  0  0  0  0  0  0  0  0  0  0  0  0  3377  0  0  87  220  644  4  0  7  1  0  272  4861  10085  0  0  0  6  0  0  0  0  0  926  0  2  1  0  2  0  9  102  0  0  0  0  0  0  0  38  21  0  0  0  21  2  2827  0  6799  0  0  818  201  2  0  36  0  0  0  0  0  1287  507  1962  2  33  2  254  1  0  3  0  0  0  
0  0  0  0  0  0  0  0  0  0  0  0  0  0  0  0  0  0  0  0  0  0  0  0  0  0  0  0  0  0  0  0  0  0  0  0  0  0  0  0  0  0  0  0  0  0  0  0  0  0  0  0  0  0  0  0  0  0  0  0  0  0  0  0  0  0  0  0  0  0  0  0  0  0  0  0  0  222  0  0  0  0  0  0  0  8184  0  4378  0  0  0  6  0  0  0  0  0  0  0  0  0  0  0  0  0  0  0  0  0  0  0  0  122  0  0  0  0  0  0  0  47  0  2716  0  0  87  0  0  0  0  0  0  0  0  0  0  0  0  0  0  0  946  0  0  0  0  0  0  
0  0  0  0  0  1  0  0  0  28  0  0  0  0  0  0  1  8  0  0  0  0  1  0  0  0  0  0  0  1  0  2  0  0  0  0  0  0  0  0  2  0  0  7  1  0  0  11  3  0  0  0  0  0  5  0  1  0  0  0  1  0  0  0  0  36  0  0  0  0  0  0  16  0  2  0  0  4831  39  23  101  19  2581  392  0  14  0  8  29  11  2289  1230  331  0  8  2  1559  37  263  17541  120  1  96  1  11  58  6152  1264  8  12399  36  27  2  0  0  0  511  153  2663  174  106  9517  3635  11  6  45  63  116  1475  3143  168  20  32  110  438  3  180  6  44  5352  523  269  160  0  696  7  2998  3502  
0  0  0  0  0  0  0  0  0  0  5  0  0  0  0  0  0  0  0  2  0  5  0  0  0  0  0  0  0  0  0  0  0  0  0  0  0  0  0  0  0  1  0  0  0  0  0  1  0  0  0  0  0  0  0  0  0  0  0  0  0  0  0  0  0  0  0  0  0  0  0  0  0  0  0  5748  0  0  0  0  0  0  0  0  5610  0  0  0  0  0  0  0  11311  7590  355  16306  0  0  0  0  0  0  0  0  0  0  0  0  0  0  0  0  0  0  0  0  0  15143  0  0  0  0  0  0  13279  0  0  0  0  0  2264  124  0  0  2023  0  0  0  0  0  0  0  0  0  0  0  0  0  
0  0  0  0  0  0  0  0  0  0  0  0  0  0  0  0  0  0  0  0  0  0  0  0  0  0  0  0  0  0  0  0  0  0  0  0  0  0  0  0  1  0  0  0  0  0  0  1  0  0  0  0  0  0  0  0  0  0  0  0  0  0  0  0  0  0  0  0  0  0  0  0  1  0  0  0  0  1  0  0  0  0  5  2  0  0  0  0  0  0  76  135  0  0  4  0  16195  135  1  10  0  0  1  0  0  1  0  5062  9441  3  6117  11887  0  0  24  0  0  0  3  0  0  1106  4  9894  0  0  0  1  0  1  0  0  1  46  50  0  0  0  0  5  1  0  0  0  1  1600  1356  25  
0  0  0  0  0  0  0  0  0  1  68  0  0  0  0  0  0  1  0  0  0  165  0  0  0  0  0  0  0  0  0  0  0  0  0  0  0  0  0  0  0  0  0  30  0  0  0  0  1  0  0  0  0  0  0  0  0  0  0  0  0  0  0  0  0  1  0  0  0  0  0  0  0  0  0  2  0  93  4  4  9  2  1525  4804  24267  6  0  5  4  3  0  9  2888  3251  3  31145  1947  2  13  533  11  0  5  1624  0  0  0  0  0  25  0  0  1  0  297  9858  0  0  58  14  10  8  255  0  272  13  26  32  0  432  8858  11260  682  1  5468  0  3  1  12037  58  31  63  12  0  1952  0  470  0  
0  0  0  0  0  0  0  0  0  0  0  0  0  0  0  0  0  0  0  0  0  0  0  0  0  0  0  0  0  0  0  1  0  0  0  0  0  0  0  0  0  0  0  0  0  0  0  0  0  0  0  0  0  0  0  0  0  0  0  0  0  0  0  0  0  10  0  0  0  0  0  0  1  0  4  0  9163  3349  27  47  306  1534  416  12  0  35  0  17  147  3653  20  146  3  0  1  0  27  4  1  12095  51  35401  39846  0  0  7  0  0  0  56  0  0  6  0  677  0  0  2  0  4564  235  2  2511  0  3  168  270  553  8  912  1  1  1  0  1  0  14  3  14  635  20891  4553  11925  0  239  0  125  0  
0  0  43  0  0  0  0  100  23  0  0  0  0  0  0  20  0  0  0  0  0  0  0  0  0  0  0  0  0  0  0  0  0  0  0  0  0  0  0  0  0  0  0  0  0  141  0  0  1  0  0  0  0  0  0  0  0  0  0  0  0  0  0  0  0  1  0  0  0  0  1  0  1  0  0  0  9609  4  2  29  1187  7635  4749  7  0  0  0  1  2  1518  1  99  4  0  0  0  42  0  0  554  2562  176  148  14752  0  1  0  0  0  231  0  0  1  0  1094  0  0  1  7602  0  9  11  30  0  1  3  4  30  0  4646  0  0  1  0  4  0  15  0  53  1704  4086  5  154  0  6395  0  46  0  
0  0  0  0  0  0  0  0  0  0  0  0  0  0  0  0  0  0  0  0  0  0  0  0  0  0  0  0  0  0  0  0  0  0  0  0  0  0  0  0  0  0  0  0  0  0  0  0  0  0  0  0  0  0  0  0  0  0  0  0  0  0  0  0  0  0  0  0  0  0  0  0  0  0  800  0  0  1  754  415  71  3  83  2  0  182  3564  591  54  2  11  4771  1  0  0  0  20  12237  0  14  7  1  5  0  13  270  0  0  2  3  0  0  2394  21  273  0  0  0  368  7  0  3  2217  0  1  410  89  16  0  432  1  1  1  0  0  83  1582  7867  5  123  23  4  10  2  54  0  11  0  
0  0  0  0  0  0  0  0  1  27  0  0  0  0  0  0  1  17  0  0  0  1  0  0  0  0  0  0  0  1  0  5  0  0  0  0  0  0  0  0  7  0  0  4  1  0  0  35  7  0  0  0  0  0  5  0  1  0  0  0  0  0  0  0  3  18  0  0  0  0  0  0  16  1  0  0  0  64  0  1  1  1  65  62  0  58  1  0  0  0  9217  2746  12  0  4  0  1626  21  3  176  4  0  0  0  14  54  8729  2332  17142  94  18  3583  0  0  8952  0  5456  10  6  15  7  0  78  999  2  0  0  1  0  69  2  0  7  68  66  0  3  0  5  322  21  1  2  0  11  852  10326  10636  
0  0  0  0  0  0  0  0  0  0  0  0  0  0  0  0  0  0  0  0  0  0  0  0  0  0  0  0  0  0  0  0  0  0  0  0  0  0  0  0  0  0  0  0  0  0  0  1  0  0  0  0  0  0  0  0  0  0  0  0  0  0  0  0  0  5  0  0  0  0  0  0  0  0  643  0  0  19229  2047  1579  771  13  1745  76  0  14016  6  7170  357  10  2333  8676  22  0  0  0  71  49  3  2869  90  55  360  1  3  118  210  2  5  105  1  0  4555  1618  3242  0  0  16  3434  162  2393  26  0  0  1  2788  445  123  2  6078  14  4  0  2  2  52  79  14  120  1094  241  2367  225  5  811  0  48  0  
0  0  0  0  0  0  0  0  0  0  0  0  0  0  0  0  0  0  0  0  0  0  0  0  0  0  0  0  0  0  0  0  0  0  0  0  0  0  0  0  0  0  0  0  0  0  0  0  0  0  0  0  0  0  0  0  0  0  0  0  0  0  0  0  0  0  0  0  0  0  0  0  0  0  0  0  0  1  0  0  0  0  1  0  0  0  0  0  0  0  0  0  0  0  13487  0  8730  0  0  2  0  0  0  0  0  0  0  1  278  2  12673  3996  0  0  24  0  20334  0  0  0  0  185  1  0  0  0  0  1  0  2  0  0  8  11094  3502  0  0  0  0  0  0  0  0  0  0  2167  6391  4  
0  0  0  0  0  0  0  0  0  0  0  0  0  0  0  0  0  0  0  0  0  10  0  0  0  0  0  0  0  0  0  0  0  0  0  0  0  0  0  0  2  0  0  2  0  0  0  0  0  0  1  0  0  0  0  0  0  0  0  0  0  0  0  0  0  0  0  0  0  0  0  0  0  0  0  9314  0  2  0  0  0  0  0  2  0  2  0  0  0  0  0  0  3076  1  6908  1638  0  0  0  2  0  0  0  0  1  0  0  0  0  0  0  0  0  0  1  12898  0  24  0  0  0  0  7  0  0  0  0  0  0  4  1956  0  2223  402  13780  0  0  0  0  0  0  0  0  0  0  0  10  0  
0  0  0  0  0  0  0  0  0  0  0  0  0  0  0  0  0  0  0  0  0  0  0  0  0  0  0  0  0  0  0  0  0  0  0  0  0  0  0  0  0  0  0  0  0  0  0  0  0  0  0  0  0  0  0  0  0  0  0  0  0  0  0  0  0  18  0  0  0  0  0  0  0  0  784  0  0  290  2652  2469  1477  8  103  1  0  7578  0  23192  37327  72  0  31  1  0  0  0  4  34  0  17  14  0  272  0  1  96  0  0  0  10  0  0  518  59  42  0  0  1  57  10  153  0  1502  0  1  0  13672  17445  0  436  1  0  1  0  0  6061  7  6  7  1322  101  20225  15  0  68  0  20  0  
0  0  0  0  0  0  0  0  0  0  0  0  0  0  0  0  0  0  0  0  0  0  0  0  0  0  0  0  0  0  0  0  0  0  0  0  0  0  0  0  0  0  0  0  0  0  0  0  0  0  0  0  0  0  0  0  0  0  0  0  0  0  0  0  0  16  0  0  0  0  0  0  0  0  6165  0  0  0  17797  3058  146  26  138  0  0  49  0  554  72719  2572  0  12  3  0  0  0  3  8  0  20  17  0  8  0  0  144  0  0  0  7  0  0  461  0  38  0  0  2  35  15  28  0  102  0  0  20631  0  6862  0  645  3  0  0  0  0  11009  6  2  4  632  60  50  21  1  73  0  10  0  
0  0  0  0  0  1  0  0  0  1  0  0  0  0  0  0  0  0  0  0  0  0  0  0  0  0  0  0  0  0  0  0  0  0  0  0  0  0  0  0  0  0  0  0  0  0  0  0  0  0  0  0  0  0  0  0  0  0  0  0  0  0  0  0  0  19  0  0  0  0  0  0  0  0  7  0  0  7  43  3184  13871  2527  394  0  0  11  0  25  24008  37698  1  42  3  0  0  0  17  1  0  112  25  0  464  0  0  4  0  0  0  34  0  0  3  0  178  0  0  1  789  67  22  0  95  0  1  16823  2920  0  4  2271  3  2  0  0  1  6  1  1  58  549  153  2843  9935  0  280  0  48  0  
0  0  0  0  0  0  0  0  0  0  0  0  0  0  0  0  0  0  0  0  0  0  0  0  0  0  0  0  0  0  0  0  0  0  0  0  0  0  0  0  0  0  0  0  0  0  0  0  0  0  0  0  0  0  0  0  0  0  0  0  0  0  0  0  0  0  0  0  0  0  0  0  0  0  0  0  0  25  1  5  17  1  2  0  0  0  0  0  11  2  0  0  8  0  0  0  0  0  6600  8348  184  5  1  0  0  0  0  0  0  6856  0  0  0  0  2057  0  0  3  22  0  3  0  18  0  0  14  18  83  0  7032  2  2  0  0  0  0  0  0  0  6  655  24  11  0  2  0  1600  0  
0  0  0  0  0  0  0  0  0  0  0  0  0  0  0  0  0  0  0  0  0  0  0  0  0  0  0  0  0  0  0  0  0  0  0  0  0  0  0  0  0  0  0  0  0  0  0  0  0  0  0  0  0  0  0  0  0  0  0  0  0  0  0  0  0  11  0  0  0  0  0  0  0  0  3  0  45  182  198  228  430  34  911  7  0  14  0  17  172  33  0  46  4739  4331  20  0  19  2  21110  7910  31329  8  37  3652  0  10  0  0  0  885  3  3  5  0  2323  0  2  619  376  2290  68  28  650  0  139  263  601  1062  7168  0  511  9909  79  16  197  10  4  5  3786  621  10341  880  268  0  10658  0  4771  0  
0  0  0  0  0  0  0  0  0  0  0  0  0  0  0  0  0  0  0  0  0  0  0  0  0  0  0  0  0  0  0  0  0  0  0  0  0  0  0  0  0  0  0  0  0  0  0  0  0  0  0  0  0  0  0  0  0  0  0  0  0  0  0  0  0  0  0  0  0  0  0  0  0  0  0  81  0  110  10  14  27  6  23  0  93  9  0  1  30  1  0  9  53236  1355  9  557  0  0  10  122  0  1  7  0  0  4  0  0  0  2  0  0  1  0  44  2360  0  15395  128  9  21  1  343  0  2019  69  142  139  1  293  0  5168  1985  2  7395  2  0  0  338  34  4  434  15  0  23  0  3672  0  
0  0  0  0  0  0  0  0  0  0  0  0  0  0  0  0  0  0  0  0  0  0  0  0  0  0  0  0  0  0  0  0  0  0  0  0  0  0  0  0  0  0  0  0  0  0  0  0  0  0  0  0  0  0  0  0  0  0  0  0  0  0  0  0  0  0  0  0  0  0  0  0  0  0  0  0  0  15  6  7  15  0  5  0  5566  1  0  1  20  2  1  0  37887  14501  0  2  0  0  378  32  15  0  4  2  0  3  0  0  0  3  0  0  1  0  12  340  0  20254  38  3  1  0  41  0  21  34  84  78  0  9249  2768  0  16  0  50  0  0  0  10142  14  6  144  1  0  53  0  39  0  
0  0  0  0  0  0  0  0  0  0  0  0  0  0  0  0  0  0  0  0  0  0  0  0  0  0  0  0  0  0  0  0  0  0  0  0  0  0  0  0  0  0  0  0  0  0  0  0  0  0  0  0  0  0  0  0  0  0  0  0  0  0  0  0  0  0  0  0  0  0  0  0  0  0  0  4666  0  346  0  1  1  2  48  0  0  9  0  2  0  0  0  7  8937  0  2204  2  3  1  8  211  5  1  8  0  0  1  0  0  0  12  1766  11540  0  0  94  0  0  126  53  4  15  0  738  2  7773  12  3  2  0  106  1877  0  0  7396  3443  0  0  0  7  27  7  72  8  0  25  12488  7261  0  
0  0  0  0  0  0  0  0  0  0  0  0  0  0  0  0  0  0  0  0  0  0  0  0  0  0  0  0  0  0  0  0  0  0  0  0  0  0  0  0  0  0  0  0  0  0  0  0  0  0  0  0  0  0  0  0  0  0  0  0  0  0  0  0  0  0  0  0  0  0  0  0  0  0  0  6611  0  5  0  0  0  1  44  1  0  0  0  0  0  0  0  0  82  0  24711  8  278  0  4  33  0  0  0  0  0  0  0  1  3  8  16723  2291  0  0  106  0  54  1  1  1  1  9  11  12956  1163  0  0  0  0  15  5  1  7627  0  4958  0  0  0  0  7  5  3  0  0  9  12427  4798  1  
0  0  0  0  0  0  0  0  0  1  0  0  0  0  0  0  0  0  0  0  0  10  0  0  0  0  0  0  0  0  0  0  0  0  0  0  0  0  0  0  0  0  0  0  0  0  0  0  0  0  0  1  0  0  0  0  0  0  0  0  0  0  0  0  0  1  0  0  0  0  0  0  1  0  0  337  0  22  0  2  2  0  280  36  0  0  0  0  0  1  2  6  4160  4  27669  24219  17130  0  65  341  10  0  1  0  0  4  0  4  14  105  393  331  0  0  1121  1319  40  4574  3  18  0  15  71  2269  15426  0  6  11  0  107  5761  11  4310  3867  0  0  0  0  1  123  28  12  1  0  40  3  1641  1  
0  0  0  0  0  0  0  0  0  0  0  0  0  0  0  0  0  0  0  0  0  0  0  0  0  0  0  0  0  0  0  0  0  0  0  0  0  0  0  0  0  0  0  0  0  0  0  0  0  0  0  0  0  0  0  0  0  0  0  0  0  0  0  0  0  0  0  0  0  0  0  0  0  0  6362  0  0  0  317  338  4  1  13  0  0  0  8382  3256  4443  1  0  0  0  0  0  0  0  8288  0  1  0  0  0  0  0  26  0  0  0  1  0  0  5770  0  3  0  0  0  4  0  12  0  4  0  0  6053  6769  3  0  32  0  0  0  0  0  0  12  118  1  23  1  3  1  0  7  0  0  0  
0  0  0  0  0  0  0  0  0  0  0  0  0  0  0  0  0  0  0  0  0  0  0  0  0  0  0  0  0  0  32  1  0  0  0  0  0  0  0  0  0  0  0  0  0  0  0  1  0  0  0  0  0  0  0  0  0  0  0  0  0  0  0  0  0  2  0  0  0  0  0  0  0  0  515  0  0  0  32  2784  4  1  33  1  0  4  15  9  17  3  5  892  0  0  1  2  699  22797  0  13  4  0  4  0  12147  9489  0  0  0  1  0  0  93  0  421  0  2  3  236  7  799  7  49  0  0  28  7  5  0  172  1  1  0  0  1  70  0  4062  5  63  20  0  11  4101  25  0  37  0  
0  0  0  0  0  0  0  0  0  0  0  0  0  0  0  0  0  0  0  0  0  0  0  0  0  0  0  0  0  0  0  0  0  0  0  0  0  0  0  0  0  0  0  0  0  0  0  0  0  0  0  0  0  0  0  0  0  0  0  0  0  0  0  0  0  1  0  0  0  0  0  0  0  0  1525  0  0  0  125  3328  5  0  9  1  0  0  5773  8  7  32  20  115  0  0  0  0  52  40677  0  1  1  0  0  0  56  1354  0  0  4  1  0  0  13601  0  36  0  0  0  44  2  9013  1  14  0  0  16  8  1  0  42  0  0  0  0  0  387  7273  0  1  154  4  0  0  791  9  0  3  0  
0  0  0  0  0  0  0  0  0  0  5  0  0  0  0  0  0  0  0  1  0  0  0  0  0  0  1  0  0  163  0  0  0  0  0  0  0  0  0  0  0  0  0  0  0  0  0  0  0  0  0  0  0  0  0  0  0  0  0  0  0  0  0  0  2  0  0  0  0  0  0  0  0  0  0  0  0  21  5  19  27  4  547  42  15001  0  0  1  26  2  1  0  848  7917  2  28  0  0  48  123  3460  0  4  25998  0  1  0  0  0  9  1  0  1  0  71  0  0  13784  39  42  4  1  57  0  58  37  57  135  0  6251  764  14805  26  1  60  1  0  0  0  24  21  77  17  0  4306  0  351  0  
0  0  0  0  1  1577  76  124  1730  2988  0  0  0  0  0  6  1  235  4  0  0  1  1  1  0  17  0  0  2  493  0  109  0  0  0  0  0  0  0  0  58  0  2  190  10  0  6  303  127  0  0  7  0  0  98  4  2  0  0  0  0  0  2  2  162  10540  20  2  6  3  3  0  135  0  133  0  0  64  155  20601  10289  8342  14849  4957  0  93  1  132  632  99  7  162  18  0  0  0  80  15  2  2680  114  3  77  2  7  3659  0  0  1  730  11  7  11  0  10077  0  5  25  1007  311  98  54  530  0  2  274  305  270  0  981  11  2  2  30  204  11  103  11  19  0  907  93  94  23  1252  0  213  0  
0  0  0  0  0  0  0  0  0  0  0  0  0  0  0  0  0  0  0  0  0  0  1  0  0  0  0  0  0  0  0  0  0  0  0  0  0  0  0  0  0  0  0  0  0  0  0  0  0  0  0  0  0  0  0  0  0  0  0  0  0  0  0  0  0  2  0  0  0  0  0  0  0  0  1  0  3923  93  168  129  259  6  242  4  0  5  0  6  70  67  2  18  4  0  0  0  5  1  3  23814  17876  19917  118  287  1  3  0  0  0  367  0  0  4  0  858  0  0  6  17398  5414  16  4  65  0  1  81  114  428  216  10622  4  0  0  0  2  3  1  0  12  469  0  110  1167  0  99  0  48  0  
0  0  0  0  0  0  0  0  0  0  0  0  0  0  0  0  0  0  0  0  0  0  0  0  0  0  0  0  0  0  0  0  0  0  0  0  0  0  0  0  0  0  0  0  0  0  0  0  0  0  0  0  0  0  0  0  0  0  0  0  0  0  0  0  0  10  0  0  0  0  0  0  0  0  7  0  0  8581  44  180  301  2  431  4  0  12223  0  141  8745  83  0  14  6  0  0  0  6  2  0  207  18  0  22088  0  0  18  0  0  0  24  0  0  176  306  128  0  0  3  7460  33  127  1  2624  0  0  20570  314  5657  2  1646  8  3  0  0  0  8  1  4  51  350  106  0  767  0  239  0  28  0  
0  0  0  0  0  0  0  0  0  0  0  0  0  0  0  0  0  0  0  0  0  0  0  0  0  0  0  0  0  0  0  0  0  0  0  0  0  0  0  0  0  0  0  0  0  0  0  0  0  0  0  0  0  0  0  0  0  0  0  0  0  0  0  0  0  8  0  0  0  0  0  0  0  0  1  0  0  7  9  19  1369  9947  291  0  0  0  0  0  6639  6948  3  25  2  0  0  0  5  0  1  90  19  1  29276  0  0  3  0  0  0  18  0  0  1  0  115  0  0  3  14143  667  7  0  30  0  2  7  30  8252  6  883  1  1  0  0  1  0  2  0  40  433  1374  359  0  0  199  0  35  0  
0  0  0  0  0  94  0  0  0  0  0  0  0  0  0  1  0  0  0  0  0  0  0  0  0  0  0  0  0  0  19  36  0  0  0  0  0  0  0  0  0  0  0  0  0  0  1  0  1  0  0  0  0  0  0  0  0  0  0  0  0  0  0  0  0  2  0  0  0  63  0  0  0  0  2777  0  0  0  4043  7795  0  0  0  0  0  0  0  0  0  12395  0  0  0  0  0  0  0  3173  0  0  0  0  0  0  8851  1744  0  0  0  0  0  0  2  0  0  0  0  0  0  0  0  0  0  0  0  0  0  0  0  0  0  0  0  0  0  0  4505  372  0  8  0  0  0  0  0  0  0  0  
0  0  1  0  0  0  0  1  2570  0  0  0  0  0  0  0  0  0  0  0  0  0  0  0  0  0  0  0  0  679  0  0  0  0  0  0  0  0  0  0  0  0  0  0  0  150  0  0  0  0  0  0  0  0  0  0  0  0  0  0  0  0  0  0  0  60  0  0  0  0  2847  0  0  0  0  0  2  37  5  11  887  75  9666  233  0  1  0  2  14  2  0  28  170  15  1  0  8  0  3  701  2531  2  23  14531  0  2  0  0  0  227  0  3  0  0  785  0  0  483  63  6665  15  1  120  0  3  27  39  90  0  17669  116  32  5  1  26  1  0  0  3913  1078  482  42  71  0  0  0  183  0  
0  0  0  0  0  0  0  0  0  0  0  0  0  0  0  0  0  0  0  0  0  0  0  0  0  0  0  0  0  0  0  0  0  0  0  0  0  0  0  0  0  0  0  0  0  0  0  0  0  0  0  0  0  0  0  0  0  0  0  0  0  0  0  0  0  0  0  0  0  0  0  0  0  0  0  82  0  2  0  0  0  0  1  1  0  0  0  0  0  0  0  0  121  0  46  0  38  0  0  1  0  0  0  0  0  0  0  28  197  0  24977  36135  0  0  6  0  2519  6  0  0  0  232  1  3907  4  0  0  0  0  2  4  0  13098  11894  33  0  0  0  0  1  0  0  0  0  0  0  6982  16  
0  0  0  0  0  0  0  0  0  0  0  0  0  0  0  0  0  0  0  0  0  0  0  0  0  0  0  0  0  0  0  0  0  0  0  0  0  0  0  0  0  0  0  0  0  0  0  0  0  0  0  0  0  0  0  0  0  0  0  0  0  0  0  0  0  2  0  0  0  0  0  0  0  0  4  6  0  454  12  14  52  6  130  10  0  27  0  12  48  4  24  27  12642  0  2464  10  1650  0  37553  4275  8  17  24  0  3  10  0  29499  2761  9755  407  53621  7  0  2275  0  3464  554  453  4  35  10736  1359  4986  1552  114  220  129  1114  11813  2394  43  7223  6880  5055  2  0  2  93  105  17  993  18  0  59  6621  0  3604  
0  0  0  0  0  0  0  0  0  0  0  0  0  0  0  0  0  0  0  0  0  0  0  0  0  0  0  0  0  0  0  0  0  0  0  0  0  0  0  0  0  0  0  0  0  0  0  0  0  0  0  0  0  0  0  0  0  0  0  0  0  0  0  0  0  0  0  0  0  0  0  0  0  0  0  0  0  0  0  0  0  0  0  0  0  0  0  0  0  0  0  0  0  0  0  0  11  0  1  52  0  0  0  0  0  0  6542  7715  1851  6950  0  66  0  0  3122  0  44  0  0  0  0  12544  2  12  0  0  0  0  0  0  0  0  0  8  2  0  0  0  0  0  0  0  0  0  0  10  4746  0  
