0  0  0  7  156576  37591  3  1  1  1  0  290  1  7813  51952  5788  3  591  3  0  0  0  3  111366  0  9  0  0  0  0  40857  3793  0  0  0  0  0  0  3501  3115  25  0  0  9  6  0  1932  8  27470  0  0  105891  89450  56  2  0  6  0  0  0  0  25402  150  23298  5  938  16  176  24  62054  0  0  54  0  0  0  0  0  0  1  0  0  1  0  0  0  0  0  0  0  0  0  0  0  0  0  0  0  0  0  0  0  0  0  0  7  0  0  0  0  0  0  0  0  1  0  0  0  1  0  0  0  0  0  0  0  0  0  0  1  0  0  0  0  0  0  0  0  0  49  0  0  0  0  0  0  0  0  
0  0  0  13  1  1  0  0  2  0  0  0  0  0  0  0  0  4  91768  0  199936  35745  0  0  2  2  0  0  0  0  0  0  0  0  0  0  24510  12358  0  0  4  185827  0  417  151  0  0  9  8  0  249768  0  0  5  39  0  193893  36  181806  86797  24604  0  0  0  3  2  0  38  2  0  0  0  383  0  0  0  0  0  0  0  0  0  0  0  0  0  0  0  0  0  0  0  0  0  0  61  0  0  0  0  0  0  0  0  0  0  0  0  0  0  0  0  0  0  0  1  0  1  0  0  0  0  0  0  4  0  0  0  0  0  0  0  0  0  0  0  0  0  0  0  0  0  0  0  0  0  0  0  
0  0  0  4  0  48  8  39149  561  0  0  0  0  0  0  185288  7  19  2  0  0  0  0  0  0  8  50467  100568  59681  33382  0  4  0  0  0  0  0  0  0  0  9  0  0  1  135457  185069  0  22  428  0  0  0  0  84  3  1  2  1  0  0  0  0  0  0  0  22  34223  1  41611  0  26  0  3  0  0  0  1244  0  0  0  0  177  312  0  0  0  0  0  0  868  0  0  0  0  0  0  0  0  0  0  1  0  0  969  0  0  0  0  0  0  0  0  0  0  0  0  0  0  0  4727  0  0  0  0  0  0  0  0  0  0  0  0  0  0  0  0  0  0  0  0  0  0  0  0  117  0  0  0  
112  2  6  0  418  684  587  798  225  4  0  118467  53  160  198  42  976  2667  785  0  0  13  11  32  12  265699  1  139426  48467  5  0  86  37480  478  210  41  0  0  67  1516  110148  1  2  781  157685  0  404  484  236415  0  283  2956  302  703  1315  53  2291  63  31  100  205  3  9  20  163  725  30070  33779  2561  7  68  0  1267  281  0  0  0  0  0  1  0  0  0  0  0  0  0  0  0  0  0  0  0  0  0  0  0  0  0  1  0  0  0  0  0  0  0  0  0  0  0  0  0  0  0  0  0  0  0  0  0  0  1  0  0  0  0  0  0  2  0  0  0  0  0  0  0  0  0  16  0  0  0  0  0  0  0  0  
142163  0  3  4  0  29595  3  1  0  5  0  103  0  452  23830  133420  1  138  2  0  0  0  2  2651  0  9  0  0  0  0  13748  502  0  0  0  0  0  0  140  3098  18  0  0  2  0  0  180  2  6657  0  0  9059  56372  49  1  0  2  0  0  0  0  5  21  1947  1  137  15  163  9  9603  0  0  5  0  0  0  0  0  0  36  0  0  0  0  0  0  0  0  0  7  0  0  0  0  0  0  0  0  0  0  0  0  0  0  1  1  0  0  0  0  0  0  0  0  0  0  0  0  0  0  0  0  0  0  0  0  0  0  0  0  0  0  0  0  0  0  0  0  0  17  0  0  0  6  0  0  0  0  
57227  0  5  249  46159  0  117140  2276  3983  23  0  325  1  2216  14565  305887  82  6472  79  0  0  0  15  34892  2  451  10  0  35  3  13428  79938  2  0  1  0  0  0  462  3801  565  0  0  107  974  0  2526  390  30415  0  11  18691  7396  27591  318  63  55  18  1  2  2  11  8706  18433  628  185176  2293  1611  3532  189056  24  0  609  0  73  0  0  1  13  12093  226  45  44  0  0  0  0  1  9  2178  0  3  1  0  0  0  2  5  0  6  1  0  0  0  1703  1142  0  0  0  1  0  0  3  0  13  0  0  0  2  1  2  0  3  0  0  8  6  3  0  2  0  0  0  0  0  8  4  5  0  32164  5  1  0  1295  2  0  2  0  
16  0  1  1481  75  169223  0  178563  37825  1  0  32  0  2  165  351591  14  482  298  0  0  0  1  0  7  576  7  0  66  305  0  79  0  0  0  0  0  0  0  352  258  0  0  620  5998  4  146  108  6329  0  23  6194  139  31736  1658  125  173  18  4  6  7  0  7  1  13717  139277  2305  7600  15397  6  345  0  116  0  0  0  0  0  1  898  2014  1782  188  0  0  0  0  0  0  225  0  0  0  0  0  0  0  0  0  0  0  0  0  0  0  3  0  0  0  0  0  0  0  0  1  0  0  0  0  0  1  0  0  0  0  0  1  0  0  2  0  0  0  0  0  0  0  0  0  1335  0  0  0  0  2  0  2  0  
12  0  18150  2751  84  5644  161847  0  158046  2  0  105  0  3  49  208366  10  143  236  0  0  1  3  0  5  672  2  17  25559  92  0  25  1  0  0  0  0  0  1  1104  181  0  2  283  35940  92203  42  117  1396  0  7  2594  103  94756  916  172  324  18  2  2  5  0  1  1  2518  98317  6387  1015  84623  1  1337  0  77  0  0  0  78  0  0  17  81  19646  1430  0  0  0  0  0  0  13314  0  0  0  0  0  0  0  0  0  1  1  0  8  2  0  0  0  0  0  1  0  0  0  0  1  0  0  0  0  346  0  0  0  0  0  0  0  0  0  1  0  0  0  0  0  0  0  0  0  2032  1  0  0  0  35  0  0  0  
1  0  42  18  1  1345  4788  67880  0  7122  0  1  0  0  2  195  30  597  961  25  0  7  0  0  20  1177  31  78  133  18826  0  94  0  0  0  0  0  0  0  3  1916  0  0  1150  1456  68718  11  653  1272  0  9  50  5  1964  4008  3683  515  62  3  0  4  0  5  0  16932  138017  8214  137  366  5  128944  0  142  0  0  0  12  0  0  0  1  1316  24689  100  1  0  0  0  0  225  0  0  0  0  0  1  2  0  0  9  3  0  0  2488  0  0  0  0  0  2  0  0  0  0  124  0  0  0  1  786  0  1  0  0  0  0  0  0  0  0  0  0  0  0  2  0  1  0  0  33252  3  0  0  0  43602  0  2  0  
60  0  0  87  401  365  119  135  8991  0  14  131  0  18  228  25  129  21928  259  3  0  2338  18998  1  13  1318  22  1  38  49618  0  2378  1  0  1  1  0  4  1  1286  20551  1  41  146331  576  0  313  7199  15524  2  492  625  429  225  5057  307  284  56  71  7  74  0  27  16  5914  240889  686  1734  101  26  71  0  9336  459  3  0  0  125  49  27  64  8  1590  272  7  29  0  23  12  4  3  108  41  0  6  129  35  3  0  254  17  0  9  34  2  50  0  0  1  80  0  0  3  0  2965  0  3  6  454  38  37  42  522  0  8  167  27  34  0  552  14  1  1  1  13  0  24  2  17  76587  146  220  17  0  137  0  149  0  
0  1  0  0  0  0  0  0  4  13  0  0  0  0  0  0  0  0  396  465646  0  31521  0  0  95  1  179  0  0  27481  0  1  0  0  0  0  0  0  0  0  0  36961  0  464313  2  0  0  1  1  0  0  0  0  0  17  30  1909  184185  0  0  31  0  0  0  218314  6  1  10  0  0  4  0  48  0  0  0  0  0  0  0  0  0  0  0  67659  0  0  0  0  0  0  0  0  459  0  2337  0  0  0  1  0  0  0  470  0  0  0  0  0  0  0  0  0  0  1  218  0  787  0  0  0  0  0  0  0  0  0  0  0  0  0  0  0  0  0  0  0  0  63  2  0  0  0  0  0  0  0  0  
574  0  0  246700  2963  1494  3  0  0  2  0  0  1621  39941  1971  50  266  10131  0  0  0  0  0  56  0  11  0  0  41994  0  0  36  1596  285  166  0  0  0  163  143010  13  0  0  6  18695  0  3444  85  116802  0  0  166844  4086  172  5  1  4  0  0  0  0  4  3  165  2  32  26  153219  33  7  0  0  2  0  0  0  0  0  0  0  0  0  0  0  0  0  0  0  0  0  0  0  0  0  0  0  0  0  0  0  0  0  0  0  0  0  0  0  0  0  0  0  0  0  0  0  0  0  0  0  0  0  0  0  0  0  0  0  0  0  0  0  0  0  0  0  0  0  0  2  0  0  0  0  0  0  0  0  
3  0  0  46  0  34  0  0  0  0  0  785  0  17891  0  0  3  1005  0  0  0  0  0  75761  0  0  0  0  1  0  0  21  1  7  34  0  0  0  68936  47  0  0  20  0  0  0  81194  3  397  0  0  4  0  0  0  0  0  0  0  0  0  15500  11  8761  0  0  0  0  0  3  0  0  0  0  0  0  0  0  0  0  0  0  0  0  0  0  0  0  0  0  0  0  0  0  0  0  0  0  0  0  0  0  0  0  0  0  0  0  0  0  0  0  0  0  0  0  0  0  0  0  0  0  0  0  0  0  0  0  0  0  0  0  0  0  0  0  0  0  0  0  0  0  0  0  0  0  0  0  
5802  0  0  5  3231  5212  0  0  0  0  0  46712  25267  0  4535  78  1  165  0  0  0  0  0  1417  0  0  0  0  23  0  2  134  0  0  0  0  0  0  92966  122110  6  0  0  0  0  0  4455  0  53322  0  0  148654  4305  21  0  0  0  0  0  0  0  27588  9  6977  0  40  1  87  1  45  0  0  1  0  0  0  0  0  0  0  0  0  0  0  0  0  0  0  0  0  0  0  0  0  0  0  0  0  0  0  0  0  0  0  0  0  0  0  0  0  0  0  0  0  0  0  0  0  0  0  0  0  0  0  0  0  0  0  0  0  0  0  0  0  0  0  0  0  0  2  0  0  0  0  0  0  0  0  
70529  0  0  15  24523  10424  24  1  8  4  0  5623  0  886  0  152306  5  189  4  0  0  0  0  20  1  247  1  0  44765  0  0  219  0  0  0  0  0  0  7  696  23  0  0  7  959  0  51  4  3568  0  1  616173  330956  428864  25  4  1  1  0  0  2  69179  8  22  6  311  130  120003  29092  26  13  0  18  0  0  0  0  0  0  0  0  0  0  0  0  0  0  0  0  0  0  0  0  0  0  0  0  0  0  0  0  0  0  0  0  0  0  0  0  0  0  0  0  0  0  0  0  0  0  0  0  0  0  0  0  0  0  0  0  0  0  0  0  0  0  0  0  0  0  11  0  0  0  0  0  0  0  0  
13136  0  217573  28  185523  285746  287602  222159  462  5  0  10  0  16  149103  0  8  466  17  0  0  0  1  945  1  104  1  6  24973  0  19741  2370  0  0  0  0  0  0  15  143  69  0  0  15  12605  10306  78  46  2489  0  6  2751  60709  465142  38  5  6  2  0  0  1  1  10  712  58  7819  579  513  87366  64432  13  0  145  0  0  0  673  0  2  3261  1731  8030  135  0  0  0  0  0  0  15143  0  0  0  0  0  0  0  0  0  1  0  0  14  30  1  260  0  0  0  0  0  0  0  0  1  0  0  0  2  326  0  1  0  0  0  0  1  0  0  0  0  0  0  0  0  0  0  0  0  277  0  0  0  5  8  0  1  0  
0  0  33  2694  6  31  10  28  59  112  0  226  3  1  0  36  0  198185  2391  0  0  1  16312  1818  3  679  3  0  99  4  1  17957  2184  26  36225  4  0  5  1  9  22595  0  13366  306  2510  2  12707  208387  120445  47  23  11  4  21  421  60  172  782  12  1  15  0  96  40  244  154  1242  32  1815  16  3  0  7516  38  0  0  0  2  0  0  0  0  9  0  0  0  0  0  0  0  1  2  0  0  2  1  4  0  0  18  2  0  0  0  2  23  0  0  0  7  0  0  0  0  74  0  1  0  3  2  0  7  8  0  1  3  0  0  0  8  0  0  1  0  1  0  1  0  0  61  10  2  1  0  3  0  2  0  
481  0  0  4435  163  1588  5  5  52  331  0  11430  1638  169  10  8  111265  0  160  0  0  2  12644  23773  2  676  1  0  11  6  544  88642  1154  53  6903  4  0  4  289  51  4449  0  7324  713  110  0  184730  50662  201573  49  48  176  13  84  660  15  148  25  9  3  17  0  1750  564  199  435  84  76  83  1353  2  0  11918  49  0  0  0  1  0  1  0  1  41  1  0  0  0  6  0  0  1  6  2  0  1  0  7  1  0  45  3  0  0  0  3  37  0  0  0  13  0  0  0  0  127  0  1  0  5  3  1  16  8  0  6  2  0  0  0  11  0  0  2  1  3  0  0  0  0  150  11  2  1  0  15  0  4  0  
0  82758  0  87  2  2  4  6  36  3  54  0  0  0  7  2  1  73  0  28223  38  6066  18  0  143482  45  0  0  5  2  0  14  0  0  0  0  4  4254  0  0  223  94401  0  7378  1228  0  0  190  225  0  15666  7  1  86  292  802  754088  369754  172096  595  15356  0  0  0  10047  18  19  7793  15  1  4  0  259106  0  0  0  0  0  0  0  0  0  0  0  0  0  0  0  0  0  0  0  0  0  0  0  0  0  0  0  0  0  0  0  0  0  0  0  0  0  0  0  0  0  0  0  0  0  0  0  0  0  0  0  0  0  0  0  0  0  0  0  0  0  0  0  0  0  0  0  0  0  0  0  0  0  0  0  
0  35  0  0  0  0  0  0  648  0  499863  0  0  0  0  0  0  13  19902  0  0  154  0  0  2788  17  55945  0  6  4989  0  4  0  0  0  0  0  0  0  0  21  63131  0  125439  31  0  0  14  8  0  2  0  0  0  31  38504  3030  281152  3  0  3  0  0  0  173753  2  3  34  2  0  2310  0  211  0  0  0  0  0  0  0  0  0  0  0  10742  0  0  0  0  0  0  0  0  80  0  0  0  0  0  0  1  0  0  293  0  0  0  0  0  0  0  0  0  0  0  14  0  20  0  0  0  0  0  0  0  0  0  0  0  0  0  0  0  0  0  0  0  0  1  0  0  0  0  0  1  0  0  0  
0  147664  0  0  0  0  0  0  0  2  0  0  0  0  0  0  0  4  43  0  0  21371  57167  0  4  2  0  0  0  0  0  1  0  0  1  0  79528  1072  0  1  20  1  65  77  9  0  0  2  1  185417  58440  0  0  1  24  0  8  0  8808  191499  306317  0  1  0  1  0  0  19  0  0  0  17  229  0  0  0  0  0  0  0  0  0  0  1  0  0  0  0  0  0  0  0  0  0  5  4  1  0  0  0  0  0  0  0  0  0  0  0  0  0  0  0  0  0  1  0  0  0  0  0  0  1  0  0  67  0  0  0  0  0  0  0  0  0  27  0  0  0  0  0  0  0  0  0  0  0  0  0  
1  74475  0  25  19  14  2  6  26  26209  21113  3  0  0  16  1  0  69  1639  107  20127  0  65995  0  17  150  0  0  0  1676  0  10  0  0  0  0  0  71  0  55  2277  207574  2  585523  209  0  17  37  148  3  59548  39  23  26  985  3  55152  22953  500  16  685650  0  0  0  2741  193  3  214  11  0  1  0  488  0  0  6  0  0  0  0  0  0  13  86  14044  0  0  0  0  0  0  1  0  0  81  14131  11  0  0  12  0  0  0  11  0  1  0  0  0  2  0  0  0  0  38  52  0  4229  0  1  0  8  1  0  143  1  0  0  0  3  0  0  0  0  33  0  0  0  0  63  0  0  1  0  5  0  2  0  
2  6  0  77  26  80  75  158  389  19708  0  6  0  1  18  6  18118  21255  190  1  52565  70346  0  545  681  3792  0  0  1  64  2  40760  0  1  64209  0  1130  11888  0  73  19203  0  214759  75198  225  0  124  16842  729  143422  175  49  27  110  6799  59  244  24  5413  11020  182872  0  68  10  2119  154  20  968  29  21  14  279  47842  2  0  0  0  1  0  1  0  0  11  5  0  0  0  0  0  0  0  1  1  0  15  6  3  0  0  8  0  0  0  0  1  3  0  0  0  2  0  0  0  0  20  2  0  0  0  1  2  0  1  0  120  1  0  1  0  3  0  0  0  0  44  0  3  0  0  31  0  1  0  0  0  0  3  0  
109792  0  0  12  3137  16951  0  0  1  3  0  203  81731  9053  147  579  397  17734  1  0  0  0  74  0  0  6  0  0  0  0  101631  26635  64  288  2860  0  0  0  24205  702  22  0  4035  13  2  0  140014  2419  4371  0  0  4522  919  10  1  0  1  1  0  0  0  114138  205417  437787  5  303  4  36  2  84216  0  0  73  1  0  0  0  0  0  1  1  1  1  0  0  0  0  0  0  0  0  0  0  0  0  0  0  30  0  1  0  0  0  0  109  0  0  0  0  0  0  0  0  0  4  0  0  0  0  2  0  0  0  0  0  0  0  0  0  0  0  0  0  0  0  0  14  0  0  18  0  0  0  0  0  0  0  0  
0  1  0  37  1  6  11  1  671  14  1  0  0  0  8  1  3  163  96265  5186  3  3  167  0  0  85495  4601  0  92  10  0  27  1  0  0  1  0  11  0  0  326  0  0  760  1081  0  5  115  258  9  250  5  0  159  164573  323638  21732  18899  1165  14  320  0  0  0  4044  255  70  8084  36  3  60  0  481338  0  0  0  0  0  0  0  0  1  0  0  0  0  0  0  0  0  0  0  0  0  0  0  0  0  0  0  0  0  0  0  0  0  0  0  0  0  0  0  0  0  3  0  0  0  0  0  0  0  0  0  0  0  0  0  0  0  0  0  0  0  0  0  0  0  0  4  0  0  0  0  0  0  0  0  
4  1  7  193984  23  271  185  264  1358  288  0  12  0  9  48  21  169  1204  322  9  0  23  190  1  70229  0  112  25259  99  655  1  156  1281  61634  1  121712  0  9062  2  61  277928  1  4  4507  28592  1  47  1142  7947  0  163  455  24  537  165309  89952  353  113  18  24  251  0  4  3  3096  6504  344854  6931  2748  4  471  1  37822  1312  0  0  0  0  0  0  0  0  8  0  0  0  0  0  0  0  0  0  0  0  0  0  1  0  0  7  0  0  0  0  0  2  0  0  0  1  0  0  0  0  23  0  0  0  1  2  1  1  0  0  0  0  0  0  0  4  0  0  0  0  0  0  0  1  0  69  1  0  0  0  1  0  2  0  
0  0  51808  0  0  1  2  2  358  0  123  0  0  0  0  0  0  1  10  85707  0  0  0  0  2368  231  0  30  61  564553  0  2  0  0  0  0  0  0  0  0  10  0  0  27  398  3831  0  3  7  0  1  0  0  4  708  598902  2  37  0  0  0  0  0  0  143977  27  172919  1  41  0  74838  0  2  0  0  0  0  0  0  0  0  0  0  0  31  0  0  0  0  0  0  0  0  43  0  0  0  0  0  0  18  0  0  1269  0  0  0  0  0  0  0  0  0  0  0  0  0  0  0  1  0  0  0  0  0  0  0  0  0  0  0  0  0  0  0  0  0  0  0  0  0  0  0  0  11  0  0  0  
0  0  78544  119891  0  1  0  1  354  0  0  0  0  0  0  8  0  4  2  0  0  0  0  0  0  38143  47  0  55022  0  0  0  0  0  0  0  0  0  0  0  5  0  0  0  368269  66735  1  0  27  0  0  1  0  1  2  305  0  0  0  2  0  0  0  0  5  8  299084  2  30  0  32  0  1  0  0  0  0  0  0  0  0  0  0  0  0  0  0  0  0  0  0  0  0  0  0  0  0  0  0  0  0  0  0  0  0  0  0  0  0  0  0  0  0  0  0  0  0  0  0  0  0  0  0  0  0  0  0  0  0  0  0  0  0  0  0  0  0  0  0  0  0  0  0  0  0  0  0  0  
3  0  72501  51741  13  114  19  54724  1705  12  0  27827  6  64  43680  20636  273  1309  203  0  0  0  1  0  1  542  1  25041  0  1  0  155  0  1  0  0  0  0  2  43  502  0  0  51  479738  10367  134  3378  2654  0  2  6238  11  2448  91  44  49  28  0  0  4  0  7  3  189  3511  11999  263395  309809  9  433  0  129  0  0  0  0  0  0  0  1  0  0  0  0  0  0  0  0  1  0  0  0  0  0  0  1  0  0  8  0  0  0  0  0  1  0  0  0  0  0  0  0  0  5  0  0  0  0  1  1  0  0  0  0  0  0  0  0  6  0  0  0  0  0  0  0  0  1  20  4  0  0  0  0  0  1  0  
0  0  38374  10  0  10  7  7  19559  43074  17154  0  0  0  0  0  15  1663  137  4098  0  1656  5  0  8  375  437642  2  44  0  0  203  0  0  1  0  0  0  0  1  571  0  1  16032  452  168026  3  309  1048  0  9  10  1  10  392  26528  236  36  8  0  8  0  1  0  271070  23467  19676  29  42  3  225692  0  572  0  0  0  5  0  0  0  0  0  5100  350  16894  0  0  0  0  4  0  1  0  279  1  2250  2  0  0  12  180  0  1  51524  1  5  0  0  0  3  0  0  0  0  130  0  0  13  1  16  0  3  1  0  0  0  0  0  0  11  0  1  0  0  3  0  0  0  304  2148  4  0  0  0  15057  0  2  0  
43166  0  0  0  28638  23690  0  0  0  1  0  0  0  1  0  24033  0  142  1  0  0  0  3  85463  0  0  0  0  0  0  0  17272  0  0  0  0  0  0  1  0  1  0  0  2  0  0  176  0  9  0  0  0  0  0  0  0  0  0  0  0  0  0  157809  334  1  0  0  0  0  163615  0  0  4  0  6  0  0  0  0  125  0  0  0  0  0  0  0  0  0  124  0  0  0  0  0  0  0  624  0  0  0  0  0  0  12101  98  0  0  0  0  0  0  0  0  0  0  0  0  0  0  0  0  0  0  0  0  0  0  0  0  0  0  0  0  0  0  286  4  0  3  0  0  0  202  0  0  0  0  
297  0  2  8  48  74925  2  3  44  224  0  1  20  24  9  995  24890  214470  46  0  6  5  42342  17886  0  450  0  0  10  14  23073  0  2  2  15199  0  0  11  225  15  1860  0  7915  1041  150  0  15134  17790  24255  18  5  50  6  18  240  20  27  7  6  1  15  9  125520  4250  171  47068  44  13  60  92880  4  0  12336  10  0  0  0  1  0  1090  6  1  65  2  0  1  0  4  0  557  0  7  1  0  1  2  7  1  0  69  3  0  1  0  201  34385  0  0  0  21  0  0  1  0  180  1  1  2  10  7  1  6  13  0  9  7  0  0  0  38  0  0  1  0  3  0  3  0  2  779  17  4  1  373  13  0  13  0  
0  0  0  47931  0  0  0  0  3  5  0  147  0  0  0  0  1199  1485  1  0  0  0  1  25  0  359  0  0  0  1  0  13  0  88620  20799  7217  0  0  0  0  29263  0  0  8  5  0  137  153168  1768  0  0  3  0  1  34  4  1  0  0  0  0  0  1  1  6  12  6  1  0  0  0  0  12546  164287  0  0  0  0  0  0  0  0  0  0  0  0  0  0  0  0  0  0  0  0  0  0  0  0  0  2  0  0  0  0  0  0  0  0  0  0  0  0  0  0  2  0  0  0  0  0  0  0  0  0  0  0  0  0  0  0  0  0  0  0  0  0  0  0  0  2  0  0  0  0  0  0  0  0  
0  0  0  1446  0  0  0  0  0  0  0  273  16  0  0  0  23  109  0  0  0  0  0  515  0  46771  0  0  5  0  0  0  129631  0  270702  159966  24  191058  0  0  6441  0  64859  0  0  0  276  38408  22  3  0  0  0  0  85  0  0  0  1  0  6  0  0  9  0  0  0  0  0  0  0  1004  317257  50564  0  0  0  0  0  0  0  0  0  0  0  0  0  0  0  0  0  0  0  0  0  0  0  0  0  0  0  0  0  0  0  0  0  0  0  0  0  0  0  0  0  0  0  0  0  0  0  0  0  0  0  0  0  0  0  0  0  0  0  0  0  0  0  0  0  0  0  0  0  0  0  0  0  0  
1  0  0  415  0  2  1  0  5  6  0  135  7  0  0  0  26509  7556  14  0  1  0  57889  1634  0  121  0  0  0  1  0  14408  23270  285050  0  1  307  23459  0  0  285  0  188639  102  0  0  631  173894  77  1328  4  0  1  0  37  1  6  0  618  140  790  0  5  40  33  9  1  1  0  3  0  43190  71498  21  0  0  0  0  0  0  0  0  1  2  0  0  0  0  0  0  0  1  0  0  0  0  1  0  0  1  0  0  0  0  0  2  0  0  0  0  0  0  0  0  1  0  0  0  0  0  0  1  0  0  1  0  0  0  0  0  0  0  0  0  0  0  0  0  0  8  0  0  0  0  1  0  0  0  
0  0  0  17  0  0  0  0  0  0  0  0  0  0  0  0  1  1  0  0  0  0  0  0  1  131993  0  0  0  0  0  0  9932  187169  4  0  0  2839  0  0  72764  0  0  0  0  0  0  12419  60  0  0  0  0  0  1825  0  0  0  0  0  0  0  0  0  0  0  1  0  0  0  0  0  25786  96352  0  0  0  0  0  0  0  0  0  0  0  0  0  0  0  0  0  0  0  0  0  0  0  0  0  0  0  0  0  0  0  0  0  0  0  0  0  0  0  0  1  0  0  0  0  0  0  0  0  0  0  0  0  0  0  0  0  0  0  0  0  0  0  0  0  0  0  0  0  0  0  0  0  0  
0  23323  0  1  0  0  0  0  0  0  0  0  0  0  0  0  3  0  6  0  50065  0  2357  0  1  0  0  0  0  0  0  1  0  29  723  0  0  268655  0  0  0  0  100739  41  0  0  0  232  0  302227  0  0  0  0  2  0  0  0  68886  318239  2533  0  0  0  0  0  0  0  0  0  0  480874  10578  0  0  0  0  0  0  0  0  0  0  0  0  0  0  0  0  0  0  0  0  0  0  0  0  0  0  0  0  0  0  0  0  0  0  0  0  0  0  0  0  0  0  0  0  0  0  0  0  0  0  0  0  0  0  0  0  0  0  0  0  0  0  0  0  0  0  0  0  0  0  0  0  0  0  0  
0  13540  0  5  0  0  0  3  3  1  0  0  0  0  0  0  2  7  9860  0  126  121  1361  0  8  528  0  0  0  0  0  3  1  191829  32988  85  246782  0  0  0  27  6  114128  5062  34  0  0  3271  4  18284  56  0  0  1  131  1  34  0  219103  45331  24831  0  0  0  2  0  3  37  1  1  0  512540  807737  1  0  0  0  0  0  0  0  0  0  0  0  0  0  0  0  0  0  0  0  0  0  0  0  0  0  0  0  0  0  0  0  0  0  0  0  0  0  0  0  0  0  0  0  0  0  0  0  0  0  0  0  0  0  0  0  0  0  0  0  0  0  0  0  0  0  0  0  0  0  0  0  0  0  0  
9346  0  0  2  467  3992  0  0  0  3  0  102  65732  104926  60  110  3  249  0  0  0  0  4  11138  0  2  0  0  0  0  3  1355  0  0  0  0  0  0  0  5270  9  0  0  6  0  0  48575  1  45722  0  0  14785  182  1  1  0  0  0  0  0  0  6990  181  67025  1  138  1  23  0  223  0  0  14  0  0  0  0  0  0  0  0  0  0  0  0  0  0  0  0  0  0  0  0  0  0  0  0  0  0  1  0  0  0  0  0  1  0  0  0  0  0  0  0  0  0  0  0  0  0  0  0  0  0  0  0  0  0  0  0  0  0  0  0  0  0  0  0  0  0  5  0  0  0  0  0  0  0  0  
623  0  0  455  2149  1217  4  1  0  8  0  133330  751  139543  989  41  1  111  2  0  0  0  0  89  0  10  0  0  1  0  0  64  0  0  0  0  0  0  2757  0  61  0  0  2  39  0  817  0  116767  0  0  14838  3248  88  1  1  2  1  1  0  0  89  4  444  2  59  15  19043  28  5  0  0  1  0  0  0  0  0  0  0  0  0  0  0  0  0  0  0  0  0  0  0  0  0  0  0  0  0  0  0  0  0  0  0  0  1  0  0  0  0  0  0  0  0  0  0  0  0  0  0  0  0  0  0  0  0  0  0  0  0  0  0  0  0  0  0  0  0  0  5  0  0  0  0  0  0  0  0  
183  0  2  74140  1324  1214  421  524  1625  11405  0  167  0  95  708  168  25545  37480  8663  21  3  64  1988  15  15  239818  102  2  80  78  5  2868  25180  6600  3  71244  0  2  16  2043  0  5  29  31862  4542  2  255  146444  115050  2  86  1178  1120  884  81167  1682  1004  1223  24  10  279  2  80  36  3214  4407  26317  3573  388  72  192  0  54384  51766  1  0  0  8  0  1  3  2  89  9  0  1  0  2  0  0  0  19  5  0  6  3  12  0  0  180  13  0  0  0  27  60  0  0  0  46  0  0  1  0  475  0  3  0  17  13  0  96  13  0  6  11  2  2  0  67  2  1  1  1  14  0  1  0  1  334  65  6  4  0  16  0  24  0  
0  273470  0  12  0  0  0  1  0  1  45024  0  0  0  0  0  0  6  78311  74667  4  248178  0  0  0  1  0  0  0  0  0  0  0  0  0  0  0  0  0  0  0  0  0  98852  283  0  0  4  4  0  27942  0  0  6  10  0  424451  18647  672  1  5547  0  0  0  4  3  0  52  1  0  0  0  12  0  0  0  0  0  0  0  0  0  0  0  190  0  0  0  0  0  0  0  0  0  0  18  0  0  0  0  0  0  0  0  0  0  0  0  0  0  0  0  0  0  0  31  0  1  0  0  0  0  0  0  0  0  0  0  0  0  0  0  0  0  0  0  0  0  0  0  0  0  0  0  0  0  0  0  
0  0  0  0  0  9  2  1  11  19  0  0  0  0  0  0  1422  2743  34  0  23  7  210240  1742  11  252  0  0  0  2  0  831  1  94113  231399  0  78674  123435  0  2  583  0  0  247  4  0  15  43274  52  77852  5  0  0  0  113  2  17  0  5379  224  3567  0  13  281  49  30  0  3  0  0  0  77575  53329  1  0  0  0  0  0  0  0  0  8  0  0  0  0  0  0  0  0  1  0  0  0  1  0  0  0  8  0  0  0  0  0  6  0  0  0  1  0  0  0  0  11  0  0  0  1  0  1  1  0  0  1  1  0  0  0  4  0  0  0  0  2  0  0  0  1  12  0  1  0  0  1  0  1  0  
18  3679  0  3868  176  846  826  2079  3483  114528  472783  64  0  5  129  173  56  10485  11082  61023  5  501921  68430  3  467  10376  12  1  79  11238  3  1329  2  0  1  0  2  447  6  627  49354  107169  22  0  13485  3  1123  1940  13433  123  15973  594  216  1553  17895  472  61824  200283  3153  305  98104  0  34  10  191322  7538  437  6934  1696  32  174  2  20701  39  0  0  0  2  0  0  1  2  19  8  3229  0  0  1  0  0  0  1  0  0  0  130  1  0  0  28  1  0  0  6  4  14  0  0  0  9  0  0  0  0  64  28  0  114  8  1  0  6  2  0  7  2  0  0  0  11  0  0  1  0  3  0  0  0  1  119  7  3  2  0  1  0  3  0  
59  0  117981  176271  256  3854  1201  33958  18645  94  0  2965  0  38  440  20030  2031  6248  1300  1  0  4  11  7  19  34902  34  395188  389708  31  5  715  4  0  1  0  0  1  5  353  2933  2  1  719  0  204970  896  13582  42890  0  213  1939  320  3613  902  790  3142  141  62  78  167  0  78  8  1159  14413  261572  94292  129353  57  5394  0  1224  1  1  0  0  1  2  1  1  1  15  1  0  0  0  0  0  0  0  1  0  0  0  0  0  0  0  19  2  0  1  0  0  3  0  0  0  4  0  0  0  0  42  0  0  0  1  3  0  2  1  0  0  1  0  0  0  4  0  0  0  0  1  0  0  0  0  75  5  1  0  0  2  0  3  0  
1  0  139625  33  0  30  21  101489  75921  0  0  0  0  0  1  8075  4  17  22  0  0  0  0  0  0  15  6260  43497  1092  144678  0  4  0  0  0  0  0  0  0  1  59  0  0  16  126599  0  0  48  271  0  0  12  5  214  11  143  13  3  0  0  0  0  0  0  34  263  84815  1  258  0  62577  0  2  0  0  0  132  0  0  0  0  27  2163  0  0  0  0  0  0  276  0  0  0  0  0  0  0  0  0  0  0  0  0  424  0  0  0  0  0  0  0  0  0  0  0  0  0  0  0  2735  0  0  0  0  0  0  0  0  0  0  0  0  0  0  0  0  0  0  0  2  0  0  0  0  4974  0  0  0  
6830  0  0  41  701  9480  4  2  9  8  0  901  67941  2285  210  72  128  108958  4  0  1  1  127  109564  0  121  0  0  2  1  861  28286  61  25  263  0  0  0  47439  314  264  0  84  191  48  0  0  1591  40998  0  2  2868  720  444  23  6  4  2  1  0  0  429  8207  92879  37  288  128  223  167  1700  0  0  467  0  0  0  0  0  0  0  0  0  0  0  0  0  0  0  0  0  0  2  0  0  0  0  0  0  0  3  2  0  0  0  0  6  0  0  0  1  0  0  0  0  0  0  0  0  0  0  1  0  1  0  0  0  0  0  0  1  0  0  0  0  2  0  1  0  0  22  3  0  0  0  0  0  0  0  
2  0  1  499  16  147  34  8  272  3153  0  128  2  2  10  16  171995  106276  514  6  3  9  13535  3157  68  1174  16  0  60  35  12  9476  127442  17052  194048  5013  146  12618  0  31  105458  1  76952  1936  1990  7  15676  0  39492  915  102  102  26  32  4312  429  296  73  1221  75  456  0  125  32  1160  2007  3925  157  128  69  36  7208  371415  42133  2  0  0  5  4  4  4  1  146  16  0  1  0  8  1  0  1  22  7  0  1  0  16  3  1  178  11  0  3  1  14  123  0  0  0  51  1  0  0  0  768  0  3  3  25  14  3  84  32  0  5  15  1  1  0  68  0  1  0  2  18  0  1  0  1  763  47  15  1  0  25  0  25  0  
28850  0  1092  239564  21370  25188  1023  947  1278  7830  0  95021  2564  55960  9142  2191  68574  157881  30263  3  2  12  120  2310  52  4222  16  1  926  26  94  28628  1056  4  17  6  0  0  42385  130684  120105  0  25  5609  64165  3  42319  15573  0  0  177  50860  21108  19702  3182  747  13253  3482  16  34  69  833  2165  8891  1768  8841  7245  98926  15963  2497  81  0  2914  44  0  0  0  1  1  12  2  4  31  2  0  0  0  0  0  0  0  4  1  0  1  0  2  0  0  64  3  0  2  0  7  71  0  0  0  13  0  0  0  0  111  0  0  1  3  3  1  9  8  0  1  3  2  3  0  26  0  0  0  0  3  0  2  0  1  583  23  2  2  0  9  0  17  0  
0  1  0  1  0  1  0  0  1  1  0  0  0  0  0  0  34  16  2  0  185047  1  135814  0  9  7  0  0  0  0  0  12  0  0  1381  0  267061  70147  0  0  32  0  130068  342  10  0  0  2603  0  0  2  0  0  0  31  1  0  0  41361  158987  44561  0  0  0  5  0  0  6  0  0  0  40093  74993  0  0  0  0  0  0  0  0  0  0  0  0  0  0  0  0  0  0  0  0  0  0  0  0  0  0  0  0  0  0  0  0  0  0  0  0  0  0  0  0  0  0  0  0  0  0  0  0  0  0  0  0  0  0  0  0  0  0  0  0  0  0  0  0  0  0  0  0  0  0  0  0  0  0  0  
0  152676  0  87  0  3  1  9  11  0  0  0  0  0  0  1  0  8  1568  0  30929  72338  3  0  9  12  0  0  0  0  0  3  0  0  0  0  0  30  0  0  14  11271  0  14337  399  0  1  12  38  0  0  0  0  15  153  2  8615  23  32095  1329  129508  0  0  0  21  10  5  172  31  0  0  0  219  0  0  1  0  0  0  0  0  0  0  0  0  0  0  0  0  0  0  0  0  0  0  43  0  0  0  0  0  0  0  0  0  0  0  0  0  0  0  0  0  0  0  0  0  0  0  0  0  0  0  0  0  0  0  0  0  0  0  0  0  0  0  0  0  0  0  0  0  0  0  0  0  0  0  0  
64587  0  0  181  24490  30791  494  447  53  21  0  146988  10  173479  422191  1962  32  1890  327  0  0  0  1  866  6  762  5  0  15179  2  2  1043  0  0  0  0  0  0  27805  45786  281  0  0  56  1640  0  2846  82  29091  0  55  0  129703  113808  531  65  624  41  2  5  10  29000  65  1584  59  2480  1443  142363  3187  151  6  0  121  0  0  0  0  0  1  1  0  0  0  0  0  0  0  0  0  0  0  0  0  0  0  0  0  0  0  0  0  0  0  0  0  7  0  0  0  0  0  0  0  0  1  0  0  0  0  0  0  0  0  0  0  0  0  0  0  0  0  0  0  0  0  0  0  0  0  98  0  0  0  0  0  0  1  0  
74594  0  0  3  61282  14034  31  1  1  2  0  91  0  205  341525  34508  14  500  6  0  0  0  3  34  0  28  2  0  1  0  1  831  0  0  0  0  0  0  49  2125  36  0  0  4  19  0  148  19  6055  0  1  226636  0  37143  8  2  4  2  0  0  0  5  37  79  7  592  118  100  38  52  1  0  13  0  0  0  0  0  0  2  0  0  1  0  0  0  0  0  0  0  0  0  0  0  0  0  0  0  0  1  0  0  0  0  0  5  0  0  0  1  0  0  0  0  0  0  0  0  0  0  0  0  0  0  0  0  0  0  0  0  0  0  0  0  0  0  0  0  0  64  0  0  0  0  0  0  0  0  
393  1  5  2584  2567  49757  25069  61676  2663  4  0  47  0  13  388649  434181  24  1219  310  0  0  1  2  6  46  5250  21  0  2306  19  0  228  1  0  0  0  0  1  5  512  575  0  0  136  7366  4  485  221  25250  0  66  182345  43629  0  1639  177  503  67  8  14  38  0  27  12  691  9361  9402  90777  155151  32  127  0  665  0  0  0  0  0  2  7  0  0  0  0  0  0  0  0  0  0  0  0  0  0  0  0  0  0  0  0  0  0  0  0  0  3  0  0  0  0  0  0  0  0  2  0  0  0  1  0  0  0  2  0  0  0  1  0  0  0  0  0  0  0  0  0  1  0  0  76  0  0  0  0  0  0  0  0  
1  0  0  199  8  166  413  526  8773  80  0  2  0  3  9  10  32  2243  4607  17  1  99  473  0  116764  187665  710  0  82  288  0  200  16  133  1  5788  0  12  1  14  58103  3  3  24985  1169  1  49  1128  2635  7  104  63  9  407  0  20192  4373  858  105  10  919  0  4  1  16199  1971  2664  5239  149  8  928  0  187349  63  0  0  0  0  0  0  0  0  3  2  0  0  0  0  0  0  0  0  1  0  0  0  2  0  0  5  1  0  0  0  1  2  0  0  0  3  0  0  0  0  15  0  0  0  2  0  0  1  1  0  0  0  0  0  0  2  0  0  0  0  1  0  0  0  0  37  2  1  1  0  2  0  3  0  
2  0  1  49  2  155  217  150  23158  23  3  1  0  0  7  6  32  1439  5670  60124  0  3  4  0  311306  138487  516295  158  2606  10848  0  229  8  0  0  0  0  1  0  7  4287  0  1  6839  18135  49  33  1327  2355  0  89  133  3  429  58592  0  6844  65291  55  3  73  0  5  0  125760  5528  145131  5547  1946  6  147395  0  25003  0  0  0  0  0  0  1  0  0  1  1  0  0  0  0  0  0  0  0  0  0  0  0  0  0  0  3  0  0  0  1  0  1  0  0  0  1  0  0  0  0  13  0  0  0  1  0  0  0  0  0  0  0  0  0  0  1  0  0  0  0  0  0  0  0  0  22  2  1  0  0  0  0  1  0  
1  236813  0  132  2  11  9  4  46  4  962  0  0  0  6  0  2  105  813326  851  1  108336  4  0  30796  20  1  0  9  0  0  19  0  0  0  0  0  7  0  0  453  358969  0  49749  3119  0  1  115  585  0  30216  37  2  187  225  2637  0  68528  100370  21  18942  0  0  0  14175  28  71  20551  17  1  2  0  75408  0  0  0  0  0  0  1  0  0  0  0  0  0  0  0  0  0  0  0  0  0  0  0  0  0  0  1  0  0  0  0  0  0  0  0  0  0  0  0  0  0  0  0  0  0  0  0  0  0  0  0  0  0  0  0  0  0  0  0  0  0  0  0  0  0  0  1  0  1  0  0  0  0  0  0  
1  3042  0  148  1  13  9  3  132  4  155918  0  0  0  10  0  3  109  357453  270655  0  15453  6  0  27860  200  10  0  5  16  0  15  0  0  0  0  0  0  0  0  126  31607  0  147430  3960  0  1  168  462  0  6771  20  0  96  834  62365  110002  0  1439  1  1891  0  2  0  112200  89  149  2405  10  0  16  0  1563  0  0  0  0  0  0  0  0  0  0  0  0  0  0  0  0  0  0  0  0  0  0  0  0  0  0  0  0  0  0  0  0  0  0  0  0  0  0  0  0  0  0  0  0  0  0  0  0  0  0  0  0  0  0  0  0  0  0  0  0  0  0  0  0  0  0  1  0  0  0  0  0  0  0  0  
0  173044  0  502  1  24  9  13  7  8  0  0  0  0  12  2  3  40  142834  6  3249  6922  811  0  159  63  0  0  0  0  0  4  0  0  1  0  61993  255551  0  0  228  223  129  21468  5159  0  1  149  142  524  86592  6  1  178  455  6  79253  199  0  135909  62731  0  0  0  111  106  24  1989  54  0  3  136  116389  0  0  0  0  0  0  0  0  0  0  0  0  0  0  0  0  0  0  0  0  0  0  0  0  0  0  0  0  0  0  0  0  0  0  0  0  0  0  0  0  0  0  0  0  0  0  0  0  0  0  0  0  0  0  0  0  0  0  0  0  0  0  0  0  0  0  0  0  0  0  0  0  0  0  0  
0  71337  0  104  0  4  2  2  12  0  0  0  0  0  2  1  1  26  79  0  240873  192  2109  0  14  14  0  0  1  0  0  2  0  0  107  0  291252  71287  0  0  17  4  327  10955  698  0  0  117  30  154529  32328  7  0  23  504  3  96  2  134975  0  113591  0  0  0  11  28  10  266  24  0  0  93095  25463  0  0  0  0  0  0  0  0  0  0  0  0  0  0  0  0  0  0  0  0  0  0  0  0  0  0  0  0  0  0  0  0  0  0  0  0  0  0  0  0  0  1  0  0  0  0  0  0  0  0  0  0  0  0  0  0  0  0  0  0  0  0  0  0  0  0  0  0  0  0  0  0  0  0  0  
0  42080  0  444  3  33  20  68  152  67  2767  0  0  0  19  4  9  142  1233  152  294862  526073  176566  2  652  143  0  0  3  8  0  21  0  0  50  0  1041  51678  0  4  345  14032  891  117225  3003  0  3  196  338  36823  151242  15  0  266  8514  26  13212  4130  53777  106960  0  0  0  0  217  141  32  4293  106  0  5  365  39696  0  0  0  0  0  0  0  0  0  2  7  39  0  0  0  0  0  0  0  0  0  9  49  0  0  0  1  0  0  0  0  0  1  0  0  0  0  0  0  0  0  1  0  0  9  0  0  0  0  0  0  69  0  0  0  0  0  0  0  0  0  24  0  0  0  0  3  0  0  0  0  0  0  0  0  
57510  0  0  0  3  59  0  0  0  0  0  0  23124  23894  64095  0  0  3  0  0  0  0  0  105119  0  0  0  0  0  0  0  10  0  0  0  0  0  0  13444  35  0  0  0  0  0  0  90  0  125  0  0  44411  17  0  0  0  0  0  0  0  0  0  5  36302  0  5  0  0  0  1  0  0  0  0  0  0  0  0  0  0  0  0  0  0  0  0  0  0  0  0  0  0  0  0  0  0  0  0  0  0  0  0  0  0  0  0  0  0  0  0  0  0  0  0  0  0  0  0  0  0  0  0  0  0  0  0  0  0  0  0  0  0  0  0  0  0  0  0  0  0  0  0  0  0  0  0  0  0  
8  0  0  1  1  17399  0  0  4  15  0  0  160  23  0  0  4  6467  1  0  4  3  147  193338  0  109  0  0  0  0  157805  184900  0  0  1  0  0  0  676  1  298  0  16  195  3  0  25775  94  178  0  0  1  2  0  23  1  2  0  0  0  1  5  0  55131  31  12  1  5  1  53338  1  0  553  0  0  0  0  0  0  0  0  0  2  0  0  0  0  0  0  0  0  0  0  0  0  0  1  2  0  4  0  0  0  0  17  6  0  0  0  0  0  0  0  0  15  0  0  0  0  0  0  2  1  0  1  2  0  0  0  4  0  0  0  0  0  0  2  0  0  16  1  1  0  1  0  0  2  0  
22291  0  0  1  2057  16949  1  0  0  4  0  144  27135  24024  120  702  13  2176  1  0  1  0  13  434848  0  13  0  0  0  0  227  15731  0  1  25  0  0  0  113268  574  41  0  153  32  6  0  116420  22  8205  0  0  1738  444  23  4  0  1  0  0  0  0  55017  24369  0  2  952  3  42  7  7029  0  0  158  0  0  0  0  0  0  2  1  0  6  0  0  0  0  0  0  0  0  1  0  0  0  0  0  0  0  2  0  0  0  0  0  4  0  0  0  0  0  0  0  0  3  0  0  0  0  0  0  0  0  0  0  0  0  0  0  0  0  0  0  0  0  0  0  0  0  56  1  0  0  0  1  0  1  0  
0  104  0  706  7  315  1437  583  30622  3459  218776  6  0  1  21  12  87  3911  70374  354190  1  3153  63  1  3360  2654  187926  0  556  437117  0  728  5  0  0  0  0  4  0  62  4397  1533  1  199502  13653  5  212  1917  4358  0  3382  285  13  635  15978  63543  72743  124708  1563  45  2525  0  19  4  0  15547  2277  3772  283  22  81275  0  16791  1  0  0  0  0  0  1  1  1  8  7  4988  0  0  0  0  0  0  2  0  116  0  7  1  0  0  15  1  0  0  265  0  4  0  0  0  6  0  0  0  0  30  0  0  1  2  1  1  2  3  0  0  0  0  0  0  9  0  0  0  0  0  0  0  0  13  83  5  0  0  0  4  0  3  0  
448  0  8  421  195  244505  126911  107947  189831  195228  1  26  0  27  140  4341  215  23250  1736  6  0  23  88  250  6  4938  129  6  1052  32302  5  62482  18  0  1  1  0  1  45  230  10229  0  38  11887  7146  16  623  5475  19895  0  70  1832  220  2426  5053  2320  420  172  13  5  17  0  135  1113  30937  0  3925  1865  2512  147  296  0  10658  318  670  0  0  7  138  11911  1079  1892  2512  132  5  1  0  11  49  143  1  126  5  0  0  39  74  17  2  333  48  0  133  21  17  2156  0  0  0  41  0  0  19  0  1016  0  2  1  1857  118  45  53  52  0  3  67  105  68  0  563  1  0  4  1  11  68  31  20  8  238773  460  6  50  54  1325  0  324  0  
5  0  32962  32167  29  1284  1781  268  15608  27  0  2  0  0  73  886  296  2711  825  11  0  1  3  2  55  453749  184721  247818  4052  20971  0  364  9  0  0  0  0  1  1  8  24798  0  1  2884  160441  86727  17  3395  5887  0  20  138  45  1750  10447  173271  172  739  2  4  20  0  9  3  5040  20707  0  4194  11524  16  60686  0  329  0  0  0  0  0  0  0  1  0  2  0  0  0  0  2  0  0  0  1  0  0  0  0  0  0  0  12  1  0  0  0  0  2  0  0  0  1  0  0  0  0  10  0  0  0  1  0  0  1  1  0  0  0  1  0  0  2  0  0  0  0  0  0  0  0  0  33  1  1  0  0  0  0  1  0  
358  1  2  68512  1201  3957  787  58  452  13  0  116918  0  408  126502  289  15  2437  1214  2  0  1  4  24  91  4900  13  0  221604  10  1  473  0  0  0  0  0  0  161  6586  541  1  1  153  188864  6  4021  52  76859  0  213  190860  1122  70302  3277  246  2924  146  38  27  94  9  51  52  191  2123  7732  0  62843  52  310  0  839  0  0  0  0  0  0  2  1  0  1  0  0  0  0  0  0  0  0  1  0  0  0  0  0  0  0  1  0  0  0  0  0  2  0  0  0  0  0  0  0  0  0  0  0  0  0  1  0  0  0  0  0  0  0  0  0  0  0  0  0  0  0  0  0  0  0  135  0  0  0  0  0  0  1  0  
48  0  25693  4843  382  6080  6765  78388  7187  13  0  54  0  39  34245  86222  166  1626  767  0  0  0  6  4  4  3293  15  39  252154  5  1  239  2  0  0  0  0  1  1  568  663  0  0  136  117654  342  122  1854  9246  0  13  6295  561  188744  249  255  1121  75  0  2  10  0  12  4  162  12799  24701  57211  0  15  5175  0  179  1  0  0  0  0  0  2  0  0  2  0  0  0  0  0  0  0  0  2  0  0  0  0  1  0  0  8  0  0  0  0  0  1  0  0  0  0  0  0  0  0  11  0  0  0  0  0  0  1  0  0  0  0  0  0  0  3  0  0  0  0  0  0  0  0  0  29  1  0  0  0  0  0  1  0  
42005  0  0  0  43525  221307  0  0  3  4  0  0  0  18  3  77074  3  1296  0  0  0  0  52  86326  0  38  0  0  0  1  182857  119505  0  0  0  0  0  0  78  8  141  0  1  83  0  0  1130  26  266  0  1  31  7  0  7  0  1  0  0  0  1  2  50376  15335  15  49  0  1  1  0  1  0  364  0  0  0  0  0  0  1146  0  0  3  0  0  0  0  0  0  543  0  0  0  0  0  0  0  10  0  7  0  0  0  0  2530  327  0  0  0  1  0  0  0  0  4  0  0  0  0  1  0  0  0  0  1  0  0  0  0  1  0  0  0  0  0  0  5  0  0  33  1  0  0  1011  0  0  1  0  
0  0  2  22  1  65  51  63  194015  11  1  1  0  0  0  8  20  576  1386  592  0  0  0  1  25  1263  29908  33  445  222982  0  78  3  0  0  0  0  0  0  2  1825  0  0  396  3152  65600  3  1048  680  0  13  21  2  234  817  115170  840  104  3  0  14  0  3  0  47534  3890  52381  117  588  1  0  0  170  0  0  0  0  0  0  0  0  4  2327  6  34  0  0  0  0  1  0  0  0  0  0  0  0  0  0  3  0  0  0  12613  0  0  0  0  0  0  0  0  0  0  11  0  0  0  0  18  0  0  0  0  0  0  0  0  0  2  0  0  0  0  0  0  0  0  1  22  1  0  0  0  87887  0  1  0  
0  0  0  0  0  0  1  0  0  1  0  0  0  0  0  0  3  0  0  0  5  1  537  0  3  3  0  0  0  0  0  0  0  207  27119  0  601675  494220  0  0  9  0  46068  53  1  0  0  1785  0  55417  2  0  0  0  8  0  0  0  16200  91771  3774  0  0  0  0  0  0  0  0  0  0  0  71937  0  0  0  0  0  0  0  0  0  0  0  0  0  0  0  0  0  0  0  0  0  0  0  0  0  0  0  0  0  0  0  0  0  0  0  0  0  0  0  0  0  0  0  0  0  0  0  0  0  0  0  0  0  0  0  0  0  0  0  0  0  0  0  0  0  0  0  0  0  0  0  0  0  0  0  
6  55  1  933  10  224  196  160  935  697  4  1  0  3  117  18  794  19856  198494  824  76  446  31478  23  499554  25002  3  0  25  100  2  7456  17952  286782  91880  13068  2713  911450  1  22  28250  18  97324  56866  10739  0  109  380539  3587  36381  7820  69  11  2022  270364  36050  62707  1651  94413  18118  72719  1  136  42  25487  993  103  45844  154  67  48  57627  0  10100  0  0  0  1  0  2  2  0  39  2  0  0  0  0  0  0  0  4  2  0  4  0  4  0  0  62  3  0  0  0  17  45  0  0  0  8  1  0  0  0  198  0  1  0  6  7  0  33  10  0  8  6  2  1  0  29  2  1  0  1  10  0  0  0  0  131  18  5  0  0  8  0  13  0  
1  0  0  107  1  0  0  0  4  467  0  0  0  1  0  0  20  1129  3  0  0  0  15  0  0  217  0  0  0  4  0  53  173545  40421  20  88643  0  2  0  3  41886  0  2  207  37  0  0  68460  733  0  5  11  0  2  399  3  9  1  0  0  0  0  3  0  11  160  3  14  1  0  0  0  20214  0  0  0  0  0  0  0  0  0  6  2  0  0  0  0  0  0  0  0  2  0  0  0  4  0  1  2  0  0  0  1  0  1  0  0  0  0  0  0  1  0  41  0  1  1  1  0  0  5  1  0  1  1  0  0  0  1  0  0  0  0  2  0  0  0  0  38  0  0  0  0  2  0  2  0  
0  0  0  0  0  13  0  0  0  0  0  0  0  0  0  0  0  0  0  0  0  0  0  0  0  0  0  0  0  0  131  1  0  0  0  0  0  0  0  0  0  0  0  0  0  0  0  0  0  0  0  0  0  0  0  0  0  0  0  0  0  0  0  0  0  6  0  0  0  50  0  0  0  0  0  0  0  12  101913  27756  75  8  110  5  0  36  2121  3149  24857  35010  2  44  0  0  0  1  11  220277  0  22  3  0  3  0  51547  4638  0  0  0  8  0  0  38816  0  106  0  0  0  118  6  3067  0  3868  0  0  16106  147349  66  0  439  1  0  0  0  0  146854  2541  8821  7  2760  7  24  12  43715  45  0  21  0  
0  0  0  0  0  0  0  0  0  0  0  0  0  0  0  0  0  0  0  0  0  0  0  0  0  0  0  0  0  0  0  0  0  0  0  0  0  0  0  0  0  0  0  0  0  0  0  0  0  0  0  0  0  0  0  0  0  0  0  0  0  0  0  0  0  0  0  0  0  0  0  0  0  0  0  0  0  3  0  0  0  0  3  0  0  0  0  0  0  0  0  0  328096  0  174001  3  4  0  0  7  0  0  0  0  0  0  0  0  0  3  989  3226  0  0  7  120425  0  6  1  0  0  1  5  0  173346  0  0  0  0  4  6544  0  97011  89765  3666  0  0  0  0  0  0  1  0  0  0  337  174  0  
0  0  866  0  0  0  0  464  14  0  0  0  0  0  0  428  0  0  0  0  0  0  0  0  0  0  1  0  0  1  0  0  0  0  0  0  0  0  0  0  0  0  0  0  0  181  0  0  0  0  0  0  0  0  0  0  0  0  0  0  0  0  0  0  0  0  0  0  0  0  0  0  0  0  0  0  0  0  0  1  224  9173  63  0  0  0  0  0  0  236487  0  0  0  0  0  0  0  0  0  2  51771  65240  136946  30461  0  0  0  0  0  0  0  0  0  0  8  0  0  0  204552  212094  0  0  1  0  0  0  0  11  0  4  0  0  0  0  0  0  0  0  0  1  63586  0  172  0  34  0  0  0  
0  0  0  0  0  0  0  0  0  0  0  0  0  0  0  0  0  0  0  0  0  0  0  0  0  0  0  0  0  0  0  0  0  0  0  0  0  0  0  0  0  0  0  0  0  0  0  0  0  0  0  0  0  0  0  0  0  0  0  0  0  0  0  0  0  3  0  0  0  0  0  0  0  0  4  0  0  0  27  103  307  60  1633  72  0  196313  0  50  52  23  300  875  65  0  0  0  16  6  3  258656  134  60781  65303  0  0  14  10515  345  92  2577  0  0  54  39  58397  0  0  17  55399  260  272  412  270003  0  3  318  64  152  357  6919  24  10  3  0  2  4  6  10  115  1285  1203  65816  679  0  1481  0  154  11  
0  0  0  0  0  14  2  2  0  1  0  0  0  0  0  7  0  0  0  0  0  0  0  0  0  0  0  0  0  0  0  0  0  0  0  0  0  0  0  0  1  0  0  0  0  0  0  0  0  0  0  0  0  0  0  0  0  0  0  0  0  0  0  0  0  127  0  0  0  0  0  0  0  0  72097  0  0  25  0  153052  680  139  1255  5  0  279  0  1482  49257  257037  0  72  14  0  0  0  29  59  0  207  277  0  22  0  15  3454  0  0  0  74  0  0  1779  0  417  0  0  12  138  129  3768  2  5578  0  0  6816  306997  1412  2  6877  12  4  0  0  2  6853  135  800  66  3429  1238  62  146  19185  513  1  65  0  
0  0  0  0  15  6445  137  16  1  1  0  0  0  0  0  1457  0  17  0  0  0  0  1  1  0  1  0  0  0  0  46  623  0  0  0  0  0  0  0  0  2  0  0  0  0  0  1  0  13  0  0  1  1  1  0  0  0  0  0  0  0  0  1  1  0  9956  0  0  0  426  0  0  0  0  22520  0  0  18  295934  0  182079  6461  1779  4  0  1550  0  1730  59281  410081  2  370  13  0  2  4  116  89684  0  175  59  0  19  0  3307  119324  0  0  0  36  0  0  591  0  510  0  1  7  403  1476  2311  10  3223  0  8  9649  35713  53216  2  2427  4  7  1  1  12  414  43826  30717  32  325317  298  98  626  117116  413  0  470  0  
0  0  0  0  0  300  3070  88  0  0  0  0  0  0  0  2085  0  0  0  0  0  0  0  0  0  0  0  0  0  0  0  0  0  0  0  0  0  0  0  0  1  0  0  0  0  0  0  0  0  0  0  0  0  0  0  0  0  0  0  0  0  0  0  0  0  365  0  0  0  0  0  0  1  0  38  0  1  117  301  226383  0  195334  21410  5  0  204  0  99  7290  258051  1  212  11  0  1  0  66  8  0  700  90  10  360  0  0  153  0  0  0  55  0  0  6  0  502  0  1  8  752  4633  331  6  687  0  2  6210  1625  196472  4  9781  8  1  7  0  5  27  23  14  115  134453  300  813  5534  0  14616  0  333  0  
0  0  6  0  0  29  1394  21106  4472  0  0  0  0  0  0  7383  0  1  0  0  0  0  0  0  0  0  0  0  0  17  0  0  0  0  0  0  0  0  0  0  4  0  0  0  1  41  0  4  2  0  0  3  0  1  1  1  1  0  0  0  0  0  0  1  0  2062  0  0  0  0  4  0  13  0  3  0  1049  15  12  2479  168819  0  73573  1  0  1  0  0  34  265084  11  1137  31  0  2  0  540  22  0  221  49  2  87630  34  1  16  0  0  0  21  0  0  0  0  1845  0  5  10  36062  114168  57  22  334  0  17  24  47  15635  0  2657  16  2  9  5  18  1  128  3  158  134837  156  37  222012  0  2613  0  1188  0  
0  0  25  0  0  0  17  286  39100  93  0  0  0  0  0  46  0  5  0  0  0  1  0  0  0  0  0  0  0  12575  0  0  0  0  0  0  0  0  0  0  2  0  0  10  0  1421  0  0  6  0  0  0  0  0  0  0  0  0  0  0  0  0  0  0  3  1269  0  0  0  0  5655  0  3  0  3  0  105  308  13  55  32012  52442  0  39336  0  18  0  6  102  432  3  201  304  0  2  3  109  2  20  5080  561  5  75  13386  0  4  0  1  0  1598  27  11  6  0  7940  1  3  9102  423  74858  34  38  972  0  9  75  89  451  1  1620  252  28  22  34  258  1  11  0  3926  166606  2375  242  247  0  123381  0  385  0  
0  0  0  0  0  1  0  0  656  135  0  0  0  0  0  0  0  12  0  0  0  40  0  0  0  0  0  0  0  3318  0  1  0  0  0  0  0  0  0  0  3  0  0  15  0  0  0  7  4  0  0  0  0  0  4  0  0  0  0  0  2  0  0  0  8  162  1  0  0  0  98  0  5  0  5  0  0  422  8  17  77  20  59229  0  1  23  0  22  10  4  13  113  228  0  6  2890  11997  1  14  9509  163  1  23  26120  0  11  0  0  2  1416  167  26  7  0  9830  0  9  59253  265  298  65  334  1202  1  48  42  30  60  0  896  48  6  50  310  2617  2  2  1  891  51717  747  101  57  0  15024  2  271  0  
0  0  0  0  0  0  0  0  0  4  42454  0  0  0  0  0  0  0  0  7747  0  8868  0  0  0  0  3  0  0  17119  0  0  0  0  0  0  0  0  0  0  0  65  0  2506  0  0  0  0  0  0  0  0  0  0  0  0  0  2  0  0  28  0  0  0  1548  2  0  0  0  0  3  0  0  0  0  0  0  0  0  0  0  0  0  21  0  0  0  0  0  0  0  0  389  282181  0  50539  0  0  0  0  10  0  0  18835  0  0  0  0  0  0  0  0  0  0  1  81544  0  341384  0  0  0  0  0  0  0  0  0  0  0  1  137  82892  0  0  2  0  0  0  152450  0  0  0  0  0  1  0  0  0  
0  0  0  0  0  0  0  0  0  0  0  0  0  0  0  0  0  0  0  0  0  0  0  0  0  0  0  0  0  0  0  0  0  0  0  0  0  0  0  0  0  0  0  0  0  0  0  0  0  0  0  0  0  0  0  0  0  0  0  0  0  0  0  0  0  12  0  0  0  0  0  0  0  0  41  0  0  250866  370  994  194  5  129  5  0  0  331  87734  849  6  1047  15082  2  0  0  0  4  865  0  1215  5  8  2290  0  0  69  5843  463  2364  22  0  0  4112  80684  57  0  0  0  294  8  1032  354  191259  0  2  57218  294  42  1  458  0  2  0  0  3  1  7  2  10  1590  25  153871  11  0  54  0  18  2  
0  0  0  0  0  0  0  0  0  0  0  0  0  0  0  0  0  0  0  0  0  0  0  0  0  0  0  0  0  0  0  0  0  0  0  0  0  0  0  0  0  0  0  0  0  0  0  0  0  0  0  0  0  0  0  0  0  0  0  0  0  0  0  0  0  0  0  0  0  0  0  0  0  0  1801  0  0  0  7  86  0  0  4  0  0  327  0  32958  1988  0  0  37  0  0  0  0  1  89525  0  1  0  0  0  0  10  50  0  13  12  0  0  0  87199  3  25  0  0  0  11  0  83073  0  59  0  0  18  10  0  0  7  0  0  0  0  0  73273  2243  35764  0  8  1  0  0  0  1  0  0  0  
0  0  0  0  0  1  0  0  0  0  0  0  0  0  0  0  0  0  0  0  0  0  0  0  0  0  0  0  0  0  0  0  0  0  0  0  0  0  0  0  0  0  0  0  0  0  0  0  0  0  0  0  0  0  0  0  0  0  0  0  0  0  0  0  0  13  0  0  0  0  0  0  0  0  4646  0  0  33  3950  3483  139  7  152  0  0  150481  32219  0  18733  18  1  248  1  0  0  0  7  1677  0  25  32  0  13  0  1  210  0  0  0  7  0  0  160471  51254  75  0  0  2  32  16  18157  0  99562  1  0  201470  2519  101  0  751  2  1  0  0  0  28417  38  36  10  2482  78  1166  16  0  82  0  22  0  
0  0  0  0  0  0  0  1  0  0  0  0  0  0  0  0  0  0  0  0  0  0  0  0  0  0  0  0  0  0  0  0  0  0  0  0  0  0  0  0  1  0  0  0  0  0  0  0  0  0  0  0  0  0  0  0  0  0  0  0  0  0  0  0  0  45  0  0  0  0  0  0  0  0  29078  0  0  44  40210  50173  2460  77  495  2  0  824  9753  40147  0  48528  0  111  7  0  1  0  16  44879  0  135  36  1  93076  0  0  153  0  0  0  49  0  0  12  0  203  0  0  6  3773  33  168  0  698  0  1  751315  981877  321294  8  3733  4  7  0  0  5  80217  5  16  60  2409  479  111022  119578  0  301  0  93  0  
0  0  166  0  19  2369  172  11400  30  0  0  0  0  0  0  13463  0  0  0  0  0  0  0  0  0  0  0  0  0  0  758  304  0  0  0  0  0  0  0  0  0  0  0  0  0  141  0  1  1  0  0  0  0  0  0  1  0  0  0  0  0  0  0  0  0  26  0  0  0  1016  1  0  1  0  41391  0  169449  22  336014  473831  354221  275550  489  0  0  16  0  28  68243  0  1  21  5  0  0  0  9  7627  0  129  26  140  168024  142  32547  298  0  0  0  11  0  0  7  0  111  0  0  3  43312  31170  27  1  196  0  1  134  42887  474536  1  1381  1  0  1  1  1  12  964  1121  38  1045  137  107  124037  170110  508  0  27  0  
0  0  0  0  0  0  0  0  0  11  0  0  0  0  0  0  1  7  1  0  0  1  0  0  0  0  0  0  0  3  0  2  0  0  0  0  0  0  0  0  4  0  0  5  0  0  0  7  1  0  1  0  0  0  2  0  1  0  0  0  0  0  0  0  1  10  0  0  0  0  0  0  8  0  4  0  0  404  2  5  23  7  380  93  0  1774  0  0  4  4  0  213525  7  0  1  2  83607  4673  1  1313  38  0  100  1  13  49  13262  19  73180  125  2  5  0  0  35527  0  18467  15  4099  56  3057  139227  33691  10  8  3  3  20  0  1512  3  2  6  4  37  0  142  41  40  565  190  5  126  0  426  5  345  2  
0  0  0  0  0  0  0  0  3  13  0  0  0  0  0  0  0  10  0  0  0  0  1  0  0  0  0  0  0  1  0  1  0  0  0  0  0  0  0  0  3  0  0  7  0  0  0  18  5  0  0  0  0  1  2  0  0  0  0  0  0  0  1  0  5  19  0  0  0  0  0  0  15  0  111  0  0  1167  251  842  934  25  1358  99  0  10941  13  390  682  8  156707  0  20  0  3  2  88317  90845  5  871  116  2  95  2  135  490  2135  25  16143  145  1  5  6  247  8010  0  8006  29  3688  185  107703  5188  119889  9  9  442  347  147  3  6469  13  2  2  5  44  14  3433  1062  143  1381  354  15  246  0  848  2  496  2  
0  0  0  0  0  0  0  0  0  1  0  0  0  0  0  0  0  0  0  0  0  0  0  0  0  0  0  0  0  0  0  0  0  0  0  0  0  0  0  0  0  0  0  0  0  0  0  0  0  0  0  0  0  0  0  0  0  0  0  0  0  0  0  0  0  11  0  0  0  0  0  0  1  0  15  327416  0  1001  55  65  359  66  258  7  603  99  0  55  177  28  4  137  0  43496  1377  14994  17  2  82852  1654  123  19  98  9  1  11  0  0  0  24  52  15431  12  0  613  166154  2  72750  2139  39  224  53  4398  0  94104  353  638  751  1  70076  790930  442713  89895  210  53650  10  4  5  5274  394  81  5573  99  0  282  9765  199523  0  
0  0  0  0  0  0  0  0  0  0  186  0  0  0  0  0  0  0  0  29  0  0  0  0  0  0  17  0  0  449  0  0  0  0  0  0  0  0  0  0  0  0  0  0  0  0  0  0  0  0  0  0  0  0  0  0  0  0  0  0  0  0  0  0  74  0  0  0  0  0  2  0  0  0  0  0  0  1  0  0  0  0  0  0  268025  0  0  0  0  0  0  0  52032  0  0  21  0  0  2810  0  80954  0  0  19955  0  0  0  0  0  0  0  0  0  0  1  108493  0  125512  0  0  0  0  0  0  28  0  0  0  0  94191  12864  236793  0  0  80  0  0  0  98034  0  0  0  0  0  73  0  3  0  
1  4  0  0  2  0  0  1  0  30  0  0  0  0  0  0  0  18  0  0  0  40  11  0  0  9  0  0  0  0  0  4  0  0  0  0  0  0  0  1  76  0  0  14  1  0  0  24  14  0  5  0  1  0  12  0  5  0  0  0  2  0  1  0  0  16  0  0  1  0  0  0  45  1  0  174108  0  52  0  1  2  0  99  14  0  0  0  1  4  0  2  23  1725  0  0  3906  99068  10  10  194  6  0  2  0  198  603  0  1  17  45  58205  723  0  0  481  8458  1001  12  10  8  6  138  104  218338  117724  2  1  2  0  113  34  0  65080  415248  461394  0  35  0  0  97  30  9  2  0  14  267  14387  0  
0  14  0  0  1  0  0  0  5  190  1780  0  0  0  0  0  0  9  0  1  0  11138  1  0  0  2  0  0  0  705  0  1  0  0  0  0  0  0  0  0  25  38  0  251  0  0  0  6  9  0  8  0  0  0  2  0  1  0  0  0  11  0  0  0  6  167  0  1  0  0  0  0  13  0  1  10  0  4  1  2  2  0  63  2557  27504  1  0  0  0  1  1  9  17073  111  5098  0  43531  2  0  159  3  0  3  7072  58  251  0  0  0  18  0  0  0  0  252  221707  9  491562  8  7  3  31  17  0  34586  1  7  5  0  55  25353  125  172  7  385774  0  11  0  522  77  11  9  0  0  11  0  190  0  
0  0  0  0  0  1  0  0  2  32  0  0  0  0  0  0  0  34  0  0  0  2  2  0  0  4  0  0  0  3  0  5  0  0  0  0  0  0  0  0  38  0  0  12  0  0  1  30  9  0  1  0  0  0  4  0  2  0  0  0  1  0  0  0  2  32  0  1  0  0  0  0  23  0  4  1  2  242  12  19  38  2  1904  9395  0  25  0  5  14  2  47147  96936  141  0  93314  25987  0  20139  67  5516  129  0  17  3  180  898  0  10  127195  1068  3337  147  3  0  7585  1  277921  47438  115  348  374  8682  719  137747  228  22  30  72  0  1684  141  2  166  3372  321683  1  1400  20  212  1107  475  37  51  0  1080  12  17052  35  
0  0  0  0  0  3  0  0  0  1  0  0  0  0  0  0  0  1  1  0  0  0  6  18  0  1  0  0  0  0  813  7  0  0  0  0  0  0  0  0  3  0  1  3  0  0  0  6  0  0  0  0  1  0  0  0  0  0  0  0  0  0  3  0  0  5  0  0  0  41  0  0  2  1  211020  0  0  7  461  41653  66  4  116  1  0  926  163181  2702  51819  6168  3744  111297  4  0  7  6  39948  0  0  67  6  1  8  0  132208  13305  14  1045  1775  17  0  0  81668  3  1990  0  3007  2  299  13  254722  353  535  0  1  178  60  23  0  467  4  1  2  1  3  143560  346627  631679  7  399  41  5  15  40287  60  0  204  0  
0  0  0  0  0  0  0  0  0  0  0  0  0  0  0  0  0  0  0  0  0  0  0  0  0  0  1  0  0  10  0  0  0  0  0  0  0  0  0  0  0  0  0  0  0  0  0  0  0  0  0  0  0  0  0  0  0  0  0  0  0  0  0  0  0  0  0  0  0  0  0  0  0  0  1  0  0  103  22  4  15  0  112  5  0  10  0  3  10  1  0  5  77836  338  406  5  26  0  0  266004  42517  1  3  13  1  5  0  29206  1  86216  204  684  0  0  3972  0  9  1844  105  7  10  55  275  0  2151  19  37  49  87081  389055  99  5875  1365  617  3963  0  0  0  75  32  402  154  4  0  71  19  526885  0  
0  0  0  0  0  1  1  0  0  1  0  0  0  0  0  0  0  0  0  0  0  0  0  0  0  0  0  0  0  2  0  0  0  0  0  0  0  0  0  0  1  0  0  0  0  0  0  3  0  0  0  0  0  1  0  0  0  0  0  0  0  0  0  0  0  95  0  0  0  0  0  0  0  0  98  1  3  166497  120  386  1165  195  4694  571  0  576  0  652  326  80  740  963  308  0  5  2  174  47  169467  0  12253  108869  442  4  1  60  43542  12148  2  331363  47  642  123  1  261514  0  4  184  83522  930  2301  283  20830  1  22  1105  523  2434  102704  110804  158  25  44  138  274  11  53  33  180  12497  283179  4018  1251  0  3011  7  20260  860  
0  0  0  0  0  0  0  0  0  0  1  0  0  0  0  0  0  0  0  0  0  0  0  0  0  0  14  0  0  438  0  0  0  0  0  0  0  0  0  0  0  0  0  0  0  0  0  0  0  0  0  0  0  0  0  0  0  0  0  0  0  0  0  0  0  3  0  0  0  0  0  0  1  0  0  0  71489  11  106  64  186  25  399  3  14  3  0  4  18  10  3  16  47  86462  0  0  5  0  17585  36483  0  1258  194  391578  0  1  0  0  0  245  0  0  2  0  2065  0  0  14  298  46261  24  12  55  0  0  25  73  121  5119  501378  7  395  0  0  5  2  1  2  34323  873  349363  8  420  0  62754  0  38  0  
0  0  0  0  0  0  0  0  0  0  0  0  0  0  0  0  0  0  0  0  0  0  0  0  0  0  0  0  0  0  0  0  0  0  0  0  0  0  0  0  0  0  0  0  0  0  0  0  0  0  0  0  0  0  0  0  0  0  0  0  0  0  0  0  0  5  0  0  0  0  0  0  0  0  4  0  69436  69717  4  2  26  3  42  0  0  18  0  11  11  1816  0  16  0  0  0  0  2  3  0  138398  1058  0  29939  0  0  2  0  0  0  14  0  0  0  0  43  0  0  2  569750  4152  72  0  1124  0  0  28  54  40  1  96  1  0  0  0  0  1  2  2  1  124  308784  273  18  0  27  0  24  0  
0  0  0  0  0  0  0  1  0  0  0  0  0  0  0  5  0  0  0  0  0  0  0  0  0  0  0  0  0  0  0  0  0  0  0  0  0  0  0  0  1  0  0  0  0  0  0  0  0  0  0  0  0  0  0  0  0  0  0  0  0  0  0  0  0  8  0  0  0  0  0  0  1  0  2  0  92183  82552  15  40  526  44563  814  3  0  6004  0  7  84904  145277  5  95  14  1  1  0  30  2  1  126  72  43774  0  1  1  6  0  0  0  26  0  0  2  0  459  0  0  0  640948  4948  144  1  2070  0  3  3225  22  1703  3  2400  8  0  0  0  5  0  14  2  122  288  904  237497  345249  0  342  0  234  0  
0  0  238  0  0  0  0  12  4562  35  110  0  0  0  0  11  0  0  0  85  0  21  0  0  0  0  794  0  0  109754  0  0  0  0  0  0  0  0  0  0  1  0  0  12  0  603  0  0  1  0  0  0  0  0  0  0  0  0  0  0  0  0  0  0  89  50  0  0  0  0  7362  0  0  0  0  0  32418  0  0  0  5  498  18630  27804  24243  0  0  0  0  259  0  0  0  26620  0  10996  0  0  8  10  352585  0  0  0  0  0  0  0  0  1  0  0  0  0  30  0  0  17275  2  192579  0  2  2  0  0  1  0  2  0  69659  0  109  0  1  0  0  0  0  311403  27  447  0  0  0  250765  0  0  0  
0  0  0  0  2  882  0  0  0  14  0  0  0  0  0  11  2  7  1  0  0  0  1  82  0  1  0  0  0  0  12605  279  0  0  0  0  0  0  0  0  9  0  0  4  0  0  0  13  5  0  0  2  1  1  0  0  0  0  0  0  0  0  13  0  1  35  0  0  0  3300  0  0  6  0  31770  0  0  4  114  10572  4  1  60  4  0  4  1  4  5  23620  41  1584  5  0  2  3  2871  124153  2  75  5  0  6  0  0  92169  0  0  2  25  0  0  31  0  540  0  8  2  590  13  273  92  76  0  3  42  8  5  0  391  2  0  0  0  10  54  207819  629  12  151  27  0  17  125675  51  0  147  0  
10  0  0  0  0  303  1  0  3  9  0  0  0  0  1  34  8  75  1  0  0  0  24  14  0  7  0  0  0  1  137  31776  0  0  0  0  0  0  2  0  25  0  0  14  1  0  21  25  97  0  0  10  0  2  4  1  2  0  0  0  0  0  10  31  4  441  0  2  3  151  0  0  30  1  2589  1  0  36  530  75551  60  8  280  20  0  5  2  26  62  179  23  1500  10  0  18  30  1181  4635  3  278  21  1  8  0  80726  0  0  0  2  60  1  0  128  0  1094  0  18  15  1150  35  902  347  234  0  25  214  69  24  0  1035  7  2  12  3  43  243  113246  2889  14  42497  102  6  36  21180  127  0  2033  0  
0  0  0  0  0  0  0  0  0  0  0  0  0  0  0  0  0  0  0  0  0  0  0  0  0  0  0  0  0  0  0  0  0  0  0  0  0  0  0  0  0  0  0  0  0  0  0  0  0  0  0  0  0  0  0  0  0  0  0  0  0  0  0  0  0  0  0  0  0  0  0  0  0  0  0  0  0  7524  0  0  0  0  0  0  0  4407  0  0  0  0  13718  860  0  0  0  0  0  1  0  29387  0  0  0  0  0  0  0  63892  78407  119770  0  0  0  0  111411  0  0  0  0  0  0  125173  1816  0  0  0  0  0  0  0  0  0  0  0  0  0  0  0  0  0  0  0  0  0  0  0  3  109190  
0  0  0  0  0  0  0  0  0  0  0  0  0  0  0  0  0  0  0  0  0  0  0  0  0  0  0  0  0  0  0  0  0  0  0  0  0  0  0  0  0  0  0  0  0  0  0  0  0  0  0  0  0  0  0  0  0  0  0  0  0  0  0  0  0  0  0  0  0  0  0  0  0  0  0  0  0  719  0  0  1  0  5  1  0  1251  132  0  0  0  8  5  2  0  0  0  38  1833  27206  13700  0  0  0  0  0  0  54961  0  447470  190728  6  51354  0  0  16835  0  108699  1  1  0  10  32520  6  29  0  0  0  0  0  1  1  1  3  13  98  0  0  138  1  0  0  0  0  0  2  55  474772  91887  
0  0  0  0  0  0  0  0  0  4  0  0  0  0  0  0  0  4  0  0  0  0  0  0  0  0  0  0  0  0  0  0  0  0  0  0  0  0  0  0  2  0  0  1  0  0  0  2  4  0  0  0  0  0  1  0  0  0  0  0  0  0  0  0  0  7  0  0  0  0  0  0  4  0  0  0  0  112  0  0  2  0  81  16  0  2082  65  0  1  0  52476  18026  10  0  10  0  102972  2844  4  178  4  0  0  0  5  45  82206  327184  0  34  129  26315  0  0  462  0  165132  8  6  13  725  231603  143  8334  8  1  4  3  0  163  1  0  9  391  245  0  4  150  1  96  18  3  1  0  23  6518  54779  42681  
0  0  0  0  0  0  0  0  0  0  0  0  0  0  0  0  0  0  0  0  0  0  0  0  0  0  0  0  0  0  0  0  0  0  0  0  0  0  0  0  0  0  0  0  0  0  0  1  0  0  0  0  0  0  0  0  0  0  0  0  0  0  0  0  0  2  0  0  0  0  0  0  0  0  1  2  0  2092  19  172  260  4  389  24  0  33  0  5  219  34  20  29  181  0  97  11  216  0  37962  256934  15  7  26  0  1  7  75647  216300  2  0  362  84  4  0  219341  0  312  1174  460  45  40  1518  933  21  24  217  244  1431  48637  9298  129  16  269  1135  2042  2  4  0  23  395  3425  365  299  0  142  131  94298  88744  
0  0  0  0  0  0  0  0  0  0  0  0  0  0  0  0  0  0  0  0  0  0  0  0  0  0  0  0  0  0  0  0  0  0  0  0  0  0  0  0  0  0  0  0  0  0  0  0  0  0  0  0  0  0  0  0  0  0  0  0  0  0  0  0  0  0  0  0  0  0  0  0  0  0  0  4895  0  1  1  0  1  0  44  5  0  0  0  0  0  0  0  0  0  0  35766  0  3876  0  7  43  1  0  0  0  0  0  0  5  14  18  0  222089  0  0  196  0  139513  4  2  3  0  39  13  157585  1  0  1  1  0  11  0  1  31642  320940  2822  0  0  0  1  14  1  2  1  0  7  437832  3854  3  
0  0  0  0  0  0  0  0  0  0  0  0  0  0  0  0  0  0  0  0  0  0  0  0  0  0  0  0  0  0  0  0  0  0  0  0  0  0  0  0  0  0  0  0  0  0  0  0  0  0  0  0  0  0  0  0  0  0  0  0  0  0  0  0  0  0  0  0  0  0  0  0  0  0  0  13093  0  13  0  0  0  0  62  2  0  2  0  0  0  0  3  0  1924  0  637  1  1291  2  266  384  0  0  1  0  0  0  0  40233  18374  21  214726  0  0  0  232  0  156106  10  4  1  0  25588  35  71406  54  1  0  2  0  30  27  1  157290  21919  2932  0  0  0  0  8  3  1  1  0  10  476313  757201  429  
0  0  0  0  0  0  0  0  0  0  0  0  0  0  0  0  0  0  0  0  0  0  0  0  0  0  0  0  0  0  0  0  0  0  0  0  0  0  0  0  0  0  0  0  0  0  0  0  0  0  0  0  0  0  0  0  0  0  0  0  0  0  0  0  0  3  0  0  0  0  0  0  0  0  51432  0  0  1353  3273  9530  63  1  169  15  0  3890  72504  151362  27  4  2  160  1  0  0  0  9  14280  0  35  11  0  18  0  136  1535  0  0  0  9  0  0  0  492  266  0  1  0  304  12  42319  1  101132  0  0  12265  2893  38  0  572  1  1  0  0  1  19471  7643  29186  16  542  30  3457  28  26  81  0  9  0  
0  0  0  0  0  0  0  0  0  0  0  0  0  0  0  0  0  0  0  0  0  0  0  0  0  0  0  0  0  0  0  0  0  0  0  0  0  0  0  0  0  0  0  0  0  0  0  0  0  0  0  0  0  0  0  0  0  0  0  0  0  0  0  0  0  0  0  0  0  0  0  0  0  0  0  0  0  3506  1  1  0  0  0  0  0  122221  8  64380  0  0  0  120  0  0  0  0  0  0  0  1  0  0  0  0  0  0  0  0  0  0  0  0  1977  0  0  0  0  0  1  0  808  0  41219  0  0  1254  0  0  0  0  0  0  0  0  0  0  0  0  0  0  0  13985  0  0  0  0  0  0  
0  0  0  0  1  2  2  0  36  291  0  0  0  0  0  0  1  162  3  0  0  5  3  1  1  17  0  0  0  61  0  37  0  0  0  0  0  1  0  0  133  0  1  148  3  0  1  205  91  0  2  0  1  0  47  2  9  0  1  0  1  0  0  1  53  426  2  3  1  0  4  0  182  3  79  2  8  72366  502  428  1216  297  37934  5554  0  213  0  128  323  87  34046  18621  5065  0  82  34  23342  490  3842  262968  1792  39  1321  16  131  606  91396  18956  159  184361  486  314  50  0  0  0  7590  2445  39747  2914  1529  142414  55301  164  104  608  1046  1617  22132  46868  2363  333  383  1513  6746  23  2869  101  832  79586  8482  4087  2525  0  10227  107  44802  53043  
0  3  0  0  0  0  0  0  1  6  50  0  0  0  0  0  0  1  0  10  0  118  0  0  0  2  0  0  0  2  0  0  0  0  0  0  0  0  0  0  5  6  0  18  0  0  0  2  1  0  3  0  0  0  0  0  0  0  0  0  1  0  0  0  0  1  0  0  0  0  0  0  3  0  0  85945  0  0  0  0  0  0  0  1  84703  0  0  0  0  0  0  0  168323  112797  5668  243449  1  0  0  0  0  0  0  0  1  0  0  0  0  0  0  0  0  0  0  0  0  228253  0  0  0  0  0  0  199765  0  0  0  0  1  34115  1997  19  0  30486  0  0  0  0  1  0  0  0  0  0  0  1  0  
0  0  0  0  0  0  0  0  0  3  0  0  0  0  0  0  0  2  0  0  0  0  0  0  0  0  0  0  0  1  0  1  0  0  0  0  0  0  0  0  0  0  0  1  0  0  0  5  0  0  0  0  0  0  1  1  0  0  0  0  0  0  0  0  3  3  1  0  0  0  0  0  0  0  0  0  0  6  1  0  0  0  40  18  0  3  0  1  0  0  1082  2139  4  0  59  0  241110  2424  10  100  4  0  1  0  6  26  0  74950  142899  36  92763  178402  0  0  422  0  0  2  9  5  0  17252  24  147699  3  3  1  0  0  60  0  0  8  686  709  0  1  6  0  61  6  2  0  0  14  23373  21276  362  
0  1  0  0  0  0  0  0  0  15  989  0  0  0  0  0  0  5  0  8  0  2807  0  0  0  3  0  0  0  17  0  0  0  0  0  0  0  0  0  1  18  0  0  436  0  0  0  10  2  0  0  0  0  0  2  0  0  0  0  0  0  0  0  0  3  13  0  0  0  0  0  0  14  0  5  26  1  1444  77  75  138  19  22709  71850  365571  43  0  26  98  10  2  190  44711  48661  44  467420  28921  3  132  7661  111  2  69  24548  1  14  0  0  0  346  8  0  8  0  4585  147425  2  0  749  324  155  45  3772  0  4089  175  385  479  0  6079  132560  168418  9951  41  82041  3  21  6  179914  961  462  985  136  0  30077  22  7015  0  
0  0  0  0  0  0  0  0  0  2  0  0  0  0  0  0  0  5  0  0  0  0  0  0  0  0  0  0  0  1  0  1  0  0  0  0  0  0  0  0  8  0  0  0  0  0  0  0  5  0  0  0  0  0  1  0  0  0  0  0  0  0  0  0  2  137  1  0  1  0  0  0  3  0  111  1  138053  50668  430  572  4385  23604  6478  124  0  575  0  327  2145  55679  226  1995  75  0  2  1  436  66  6  181445  610  532187  598161  3  9  105  0  0  2  931  0  1  100  0  10418  0  5  31  0  67918  3266  33  38287  0  17  2229  4058  7944  128  13831  36  15  29  2  39  57  281  59  393  9068  310397  68512  176878  0  3419  0  1971  0  
0  0  610  0  0  1  1  1520  473  0  0  0  0  0  0  254  0  2  1  0  0  0  1  0  0  0  0  0  0  4  0  0  0  0  0  0  0  0  0  0  1  0  0  0  0  2223  0  0  2  0  0  1  0  0  0  0  0  0  0  0  0  0  0  0  0  23  0  0  0  0  32  0  2  0  5  0  143685  47  77  256  17395  113643  71018  94  0  1  0  6  38  22254  13  1544  75  0  0  0  674  31  5  8246  37119  2934  2268  220361  3  16  0  0  0  3617  0  0  1  0  16635  0  11  12  114472  0  81  67  478  0  4  67  120  609  0  68490  56  5  10  1  19  4  146  3  882  24723  61642  78  2541  0  95249  0  810  0  
0  0  0  0  0  0  0  0  0  0  0  0  0  0  0  0  0  0  0  0  0  0  1  0  0  0  0  0  0  0  0  0  0  0  0  0  0  0  0  0  0  0  0  0  0  0  0  0  0  0  0  0  0  0  0  0  0  0  0  0  0  0  0  0  0  10  0  0  0  0  0  0  0  0  11405  0  0  16  10997  6257  880  19  1155  13  0  2896  53993  8651  796  13  165  70866  12  0  1  2  246  184010  1  206  122  3  79  0  235  3913  4  2  91  69  0  0  37033  299  3786  0  0  7  5653  186  0  59  33470  0  2  6602  1188  229  0  6163  15  2  3  0  2  1254  23700  117726  118  1470  361  25  212  21  730  0  84  0  
0  0  0  0  0  7  1  0  11  363  0  0  0  0  0  0  7  292  2  0  0  0  1  0  0  6  0  0  0  29  0  71  0  0  0  0  0  0  0  0  67  0  2  81  3  0  0  396  118  0  2  3  0  0  42  4  4  1  0  0  1  0  1  0  33  317  9  1  0  0  0  0  254  1  3  0  0  987  5  11  24  9  875  834  0  893  2  6  7  1  138025  40191  176  0  53  11  23726  404  76  2797  52  0  14  7  138  981  131084  35193  257939  1406  211  53018  1  0  133761  0  81488  105  115  135  186  0  1061  14755  55  13  20  33  2  961  34  3  44  993  813  0  105  38  14  5255  240  42  26  0  239  12564  156780  157111  
0  0  0  0  0  6  0  0  0  3  0  0  0  0  0  0  0  3  0  0  0  0  0  0  0  0  0  0  0  1  0  0  0  0  0  0  0  0  0  0  0  0  0  0  0  0  0  1  0  0  0  1  0  0  2  0  0  0  0  0  0  0  0  0  0  86  0  0  0  0  0  0  2  0  9603  0  4  288572  30886  23491  11892  345  25796  1137  0  209836  52  106708  5735  119  34790  130099  291  1  0  1  1060  737  10  42014  1501  904  5484  4  57  1515  3617  5  114  1377  1  1  68353  24340  49101  0  1  158  52257  2397  36609  467  0  0  14  41592  6682  1653  54  90987  176  93  6  7  37  750  932  299  1722  16160  3546  35996  3282  49  13093  0  657  0  
0  0  0  0  0  0  0  0  0  0  0  0  0  0  0  0  0  0  0  0  0  0  0  0  0  0  0  0  0  0  0  0  0  0  0  0  0  0  0  0  0  0  0  0  0  0  0  0  0  0  0  0  0  0  0  0  0  0  0  0  0  0  0  0  0  0  0  0  0  0  0  0  0  0  0  0  0  3  0  0  0  0  17  2  0  0  0  0  0  0  3  4  3  0  201888  0  130997  0  19  43  1  0  0  0  0  0  0  30  3847  43  190502  60686  0  0  318  0  306067  0  2  3  0  2697  16  0  1  1  1  1  0  15  0  0  118  167975  52907  0  1  0  0  7  3  4  1  0  3  32495  93343  140  
0  5  0  0  0  0  0  0  1  13  0  0  0  0  1  0  0  4  0  0  2  117  1  0  0  2  0  0  0  0  0  2  0  0  0  0  0  0  0  0  21  0  0  4  0  0  0  10  1  0  7  0  1  0  4  0  1  0  0  0  2  0  0  0  2  9  0  0  0  0  0  0  9  1  0  142733  0  61  1  0  0  1  15  4  0  1  0  0  0  0  0  7  46171  12  102289  24879  3  0  0  62  2  0  2  0  4  12  0  0  0  4  0  0  0  0  28  192063  0  345  11  0  5  4  164  0  0  2  0  1  0  34  28830  5  32407  5582  208602  0  1  0  1  9  5  11  1  0  6  0  118  0  
0  0  0  0  0  12  1  1  0  0  0  0  0  0  0  0  0  0  0  0  0  0  0  1  0  0  0  0  0  0  0  0  0  0  0  0  0  0  0  0  0  0  0  0  1  0  0  0  1  0  0  0  0  0  0  0  0  0  0  0  0  0  0  0  1  216  0  0  0  0  0  0  0  0  11725  0  0  4377  40468  37486  21795  119  1356  12  0  114262  15  348528  557895  1339  4  622  22  0  0  0  74  486  1  277  195  1  4388  1  9  1834  0  0  0  80  0  0  7964  1064  519  0  1  17  847  132  2443  3  22999  0  7  0  206631  262104  7  6841  16  6  4  0  11  91986  130  108  99  19109  1217  302555  317  2  807  0  345  0  
0  0  0  0  0  12  3  3  1  0  0  0  0  0  0  0  0  0  0  0  0  0  1  0  0  0  0  0  0  0  0  0  0  0  0  0  0  0  0  0  0  0  0  0  0  0  0  0  2  0  0  0  0  0  0  0  0  0  0  0  0  0  0  0  0  237  0  0  0  0  0  0  0  0  91647  0  0  66  268964  47028  2104  426  2185  7  0  857  1  8127  1088361  38200  0  129  29  0  0  0  28  96  0  349  274  1  39  0  0  2107  0  0  0  122  0  0  6909  0  639  0  0  24  640  141  358  5  1388  0  1  311268  0  102672  7  9859  24  16  1  0  3  166298  89  48  212  9180  1192  795  238  10  955  0  134  0  
0  0  0  0  0  1  0  0  0  0  0  0  0  0  0  0  0  0  0  0  0  0  1  0  0  1  0  0  0  0  0  0  0  0  0  0  0  0  0  0  1  0  0  0  0  0  0  0  1  0  0  0  0  0  0  0  0  0  0  0  0  0  0  0  0  232  0  0  0  0  0  0  0  0  74  0  0  136  655  47487  209188  37693  5730  35  0  135  0  194  358077  568066  9  525  54  0  0  1  225  11  4  1781  211  5  7439  3  1  81  0  0  0  466  0  0  55  0  2436  0  1  59  12057  1230  342  17  1515  0  15  252429  43238  0  69  35001  46  29  6  1  21  133  33  13  876  8551  2284  43053  147410  0  4477  0  777  0  
0  0  0  0  0  0  0  0  0  0  0  0  0  0  0  0  0  0  0  0  0  0  0  0  0  0  0  0  0  0  0  0  0  0  0  0  0  0  0  0  0  0  0  0  0  0  0  0  0  0  0  0  0  0  0  0  0  0  0  0  0  0  0  0  0  1  0  0  0  0  0  0  0  0  2  0  0  390  26  121  230  4  30  0  0  13  0  10  215  16  0  10  63  0  0  0  4  1  98850  125661  2987  21  12  0  0  6  0  0  0  103952  1  0  2  0  31543  0  0  30  350  7  29  0  288  0  0  219  289  1143  0  106239  30  12  0  1  0  2  0  1  11  102  9799  223  190  0  25  0  23661  0  
0  0  0  0  0  2  0  0  0  1  0  0  0  0  0  0  0  2  0  0  0  0  0  0  0  0  1  0  0  20  0  2  0  0  0  0  0  0  0  0  3  0  0  0  0  0  0  2  0  0  0  0  0  0  0  0  1  0  0  0  0  0  0  0  0  113  0  0  0  0  0  0  1  0  63  2  661  2945  3608  3175  7230  454  13897  97  6  217  0  185  2677  534  21  644  71818  64384  237  9  199  22  317779  119028  468323  118  625  54664  4  132  0  0  0  13181  84  47  74  0  35913  0  49  9362  5844  35377  921  423  9456  0  2207  4019  8625  15498  108096  0  7844  148181  1295  210  3061  88  45  28  56616  9473  154558  13088  3845  0  159719  3  71152  0  
0  0  0  0  0  0  0  0  0  0  0  0  0  0  0  0  0  0  0  0  0  0  0  0  0  0  0  0  0  0  0  0  0  0  0  0  0  0  0  0  0  0  0  0  0  0  0  1  0  0  0  0  0  0  0  0  0  0  0  0  0  0  0  0  0  20  0  0  0  0  0  0  0  0  16  1213  0  1434  136  164  451  57  310  4  1340  98  0  56  496  39  8  129  799268  20199  155  8278  22  8  108  2154  21  19  131  0  0  34  0  0  0  55  4  1  12  0  696  34804  0  228468  1934  70  207  3  4889  0  30323  853  2091  1911  8  4357  0  77369  29473  18  110700  24  11  2  4642  456  125  6388  132  0  482  0  54146  0  
0  0  0  0  0  0  0  0  0  0  0  0  0  0  0  0  0  0  0  0  0  0  0  0  0  0  0  0  0  0  0  0  0  0  0  0  0  0  0  0  0  0  0  0  0  0  0  0  0  0  0  0  0  0  0  0  0  0  0  0  0  0  0  0  0  4  0  0  0  0  0  0  0  0  3  0  0  160  113  142  189  10  107  1  82893  23  0  21  324  25  1  31  569253  217610  14  31  3  0  5360  515  143  3  43  52  0  12  0  0  0  43  4  0  7  0  228  4992  0  303620  524  31  58  1  567  0  306  494  1231  1237  5  138869  41408  0  178  14  697  18  1  0  151909  159  41  1842  49  0  1024  0  617  0  
0  0  0  0  0  0  0  0  0  1  0  0  0  0  0  0  0  0  0  0  0  0  0  0  0  0  0  0  0  0  0  0  0  0  0  0  0  0  0  0  0  0  0  0  0  0  0  1  0  0  0  0  0  0  0  0  0  0  0  0  0  0  0  0  0  8  0  0  0  0  0  0  0  0  4  70494  1  5164  26  25  56  9  643  32  0  139  0  26  11  3  5  92  132994  0  33770  43  32  3  114  3197  54  13  132  1  0  7  0  0  0  167  26086  171901  5  2  1400  10  11  1789  829  78  118  15  11949  12  113729  154  37  46  0  1491  28734  6  0  111534  50368  1  13  4  32  351  144  1186  66  0  310  187463  107888  0  
0  0  0  0  0  0  0  0  0  0  0  0  0  0  0  0  0  0  0  0  0  0  0  0  0  0  0  0  0  0  0  0  0  0  0  0  0  0  0  0  0  0  0  0  0  0  0  0  0  0  0  0  0  0  0  0  0  0  0  0  0  0  0  0  0  1  0  0  0  0  0  0  0  0  2  96917  0  94  3  2  9  2  509  37  0  7  0  0  2  0  1  8  1038  0  370670  50  4207  0  81  568  9  0  4  1  0  1  0  6  21  188  250683  34082  0  0  1530  0  804  63  25  25  4  122  207  193695  17188  6  6  9  0  180  44  0  114335  0  73287  0  0  0  10  154  36  23  11  0  110  188398  72116  19  
0  9  0  0  1  0  0  0  0  7  0  0  0  0  0  0  0  3  0  0  0  103  1  0  0  2  0  0  0  3  0  1  0  0  0  0  0  0  0  0  8  0  0  5  0  0  0  4  4  0  4  0  0  0  1  0  2  0  0  0  1  0  0  0  0  7  0  2  0  0  0  0  9  0  4  4559  1  403  7  10  61  4  4163  470  2  12  0  7  10  0  30  48  63393  62  413424  360471  256491  7  972  4796  106  0  31  0  8  48  0  80  249  1539  5906  5228  1  0  16646  20279  523  69622  117  268  17  233  979  33930  234311  23  34  76  0  1672  85396  173  64561  58356  0  1  7  3  36  1771  335  126  40  0  438  35  25095  6  
0  0  0  0  0  0  0  1  0  0  0  0  0  0  0  0  0  0  0  0  0  0  0  0  0  0  0  0  0  0  0  0  0  0  0  0  0  0  0  0  0  0  0  0  0  0  0  0  0  0  0  0  0  0  0  0  0  0  0  0  0  0  0  0  0  2  0  0  0  0  0  0  0  0  95541  0  0  9  4563  5096  30  1  102  1  0  8  126498  48804  66480  5  0  11  0  0  0  0  0  124100  0  18  5  0  3  0  8  339  0  0  0  8  0  0  87283  0  48  0  1  0  39  6  210  0  114  0  0  90087  101890  45  0  515  1  0  0  0  0  0  103  1717  19  358  25  20  16  1  55  0  2  0  
0  0  0  0  0  2  0  0  0  10  0  0  0  0  0  0  1  9  1  0  1  0  10  9  0  0  0  0  0  0  434  10  0  0  0  0  0  0  0  1  7  0  0  1  1  0  0  14  11  0  0  0  0  0  2  0  3  0  0  0  0  0  1  0  0  10  0  0  0  14  0  0  7  0  8242  0  2  14  727  41579  148  13  528  11  0  18  199  109  242  43  68  12711  12  0  10  12  10111  339941  0  210  49  1  56  4  182495  144020  0  0  6  49  1  0  1203  0  6004  0  15  4  3813  69  12331  152  735  0  17  380  159  47  0  2489  6  0  5  2  25  1139  0  61039  51  796  193  9  110  61714  348  0  524  0  
0  0  0  0  0  0  0  0  0  0  0  0  0  0  0  0  0  0  0  0  0  0  0  0  0  0  0  0  0  0  1  0  0  0  0  0  0  0  0  0  0  0  0  0  0  0  0  0  0  0  0  0  0  0  0  0  0  0  0  0  0  0  0  0  0  8  0  0  0  0  0  0  0  0  23467  0  0  1  1629  50285  58  3  114  0  0  6  86298  79  71  409  261  1664  3  0  0  0  749  609957  0  20  10  1  8  0  731  19576  0  42  57  6  0  0  202775  0  627  0  14  0  730  27  132596  11  206  0  0  301  63  17  0  542  0  0  0  0  0  5629  108817  0  11  2388  49  7  28  11463  72  0  22  0  
0  0  0  0  0  0  0  0  0  0  102  0  0  0  0  0  0  1  0  2  0  0  0  0  0  0  7  0  0  2755  0  0  0  0  0  0  0  0  0  0  0  0  0  1  0  0  0  0  0  0  0  0  0  0  0  0  0  0  0  0  0  0  0  0  12  6  0  0  0  0  0  0  0  0  12  1  0  290  143  187  395  79  8144  733  226162  18  0  31  364  23  3  46  12813  117459  41  430  3  3  653  1747  51121  3  53  389382  0  10  0  0  0  143  6  1  11  0  1043  1  0  207871  508  467  58  12  922  0  669  530  1057  1960  0  94558  11423  221664  492  30  913  10  4  1  0  351  232  1158  217  0  63697  0  5330  0  
24  0  1  8  9  24073  1174  1874  26006  46928  1  1  0  1  8  89  58  3659  31  0  0  13  15  15  2  191  7  0  20  6736  7  1593  2  0  2  0  0  0  3  7  962  0  23  3116  119  2  51  4546  1979  1  9  68  7  28  1329  97  25  7  0  1  1  0  28  65  2267  156790  220  27  43  70  51  0  2290  5  2119  0  3  1007  2292  307788  154928  125291  220889  76160  0  1587  2  1775  9046  1445  52  2171  227  0  9  27  1024  182  20  39221  1802  43  1368  17  115  56089  0  0  3  10947  177  42  130  1  151221  1  35  298  14499  4426  1528  711  7605  2  31  3953  4502  3413  6  14271  115  18  74  388  3210  175  1192  228  223  0  14637  1311  1203  327  18964  3  3124  0  
0  0  0  0  0  1  0  0  0  0  0  0  0  0  0  0  0  0  0  0  0  0  0  0  0  0  0  0  0  0  0  0  0  0  0  0  0  0  0  0  1  0  0  1  0  0  1  2  0  0  0  0  0  0  0  0  0  0  0  0  0  0  0  0  0  23  0  0  0  0  0  0  2  0  10  0  58748  1581  2015  1769  3772  184  3919  60  0  41  0  52  923  876  19  361  68  0  1  0  95  15  36  356659  267496  299126  1780  4127  1  41  0  0  0  5227  3  0  27  0  12483  0  6  61  260003  83261  199  76  1095  0  9  1223  1785  6314  3076  156449  54  20  2  5  25  28  40  6  127  7334  0  1380  17202  0  1281  0  594  0  
0  0  0  0  0  4  2  1  0  0  0  0  0  0  0  0  0  0  0  0  0  0  0  0  0  0  0  0  0  0  0  0  0  0  0  0  0  0  0  0  1  0  0  0  0  0  0  0  2  0  0  0  0  0  0  0  0  0  0  0  0  0  0  0  0  78  0  0  0  0  0  0  0  0  91  0  1  128379  734  2738  4778  102  6379  81  0  183967  0  1944  132023  1284  3  251  103  1  2  0  89  37  2  2726  253  28  330767  3  1  285  0  0  0  461  0  0  2677  4651  1823  0  0  52  112445  458  1915  13  39129  0  6  308303  4381  83242  78  25978  82  26  3  1  12  80  19  55  654  4787  1649  0  12386  0  3676  0  397  0  
0  0  0  0  0  1  0  0  0  0  0  0  0  0  0  1  0  0  0  0  0  0  0  0  0  0  0  0  0  0  0  0  0  0  0  0  0  0  0  0  0  0  0  1  0  0  0  2  1  0  0  0  0  0  0  0  0  0  0  0  0  0  0  0  0  135  0  0  0  0  0  0  0  0  4  0  1  79  123  288  20123  148540  4278  10  0  9  0  14  98931  104609  14  305  28  0  4  0  86  11  1  1109  323  22  441141  3  1  13  0  0  0  269  1  0  13  0  1576  0  0  23  212120  9606  152  15  596  0  6  89  366  123840  76  12893  23  13  5  3  18  12  50  2  588  6358  20292  5074  0  0  2800  0  572  0  
0  0  0  0  3  1387  0  0  0  0  0  0  0  0  0  12  0  0  0  0  0  0  0  0  0  0  0  0  0  0  285  463  0  0  0  0  0  0  0  0  0  0  0  0  0  0  0  0  0  0  0  0  0  0  0  0  0  0  0  0  0  0  0  0  0  26  0  0  0  1043  0  0  0  0  42285  0  0  0  61316  118353  0  0  1  0  0  0  0  0  2  185059  0  0  0  0  0  0  0  47540  0  0  0  0  0  0  131547  26189  0  0  0  0  0  0  29  0  2  0  0  0  4  0  5  1  7  0  0  1  2  0  0  0  0  0  0  0  0  10  66671  5666  0  172  0  0  0  0  0  0  0  0  
0  0  15  0  0  0  1  17  38399  0  2  0  0  0  0  6  0  0  0  0  0  0  0  0  0  0  0  0  0  10255  0  0  0  0  0  0  0  0  0  0  1  0  0  2  0  2346  0  2  1  0  0  0  0  0  0  1  0  0  0  0  0  0  0  0  0  953  1  0  0  0  42374  0  0  0  8  0  41  577  89  122  13182  1224  142947  3704  43  27  0  16  228  49  10  369  2587  185  2  2  183  6  118  11301  38664  14  523  216911  1  12  0  0  0  3642  35  29  8  0  12034  0  6  7618  947  102104  122  51  1800  0  65  307  638  1321  0  265200  1638  469  86  50  367  5  23  7  59124  15718  7555  660  786  0  0  0  2470  0  
0  0  0  0  0  0  0  0  0  0  0  0  0  0  0  0  0  0  0  0  0  0  0  0  0  0  0  0  0  0  0  0  0  0  0  0  0  0  0  0  0  0  0  0  0  0  0  0  0  0  0  0  0  0  0  0  0  0  0  0  0  0  0  0  0  0  0  0  0  0  0  0  0  0  0  1194  0  18  0  0  1  0  21  2  0  1  0  0  0  0  0  0  1858  0  876  1  483  0  0  15  0  0  0  0  0  0  0  326  3083  12  374530  540543  0  0  71  0  37154  56  3  2  1  3495  44  58578  44  0  0  0  0  11  40  0  194451  178514  426  0  0  0  0  7  2  6  0  0  5  0  104477  174  
0  0  0  0  0  1  0  0  0  8  0  0  0  0  0  0  0  4  0  0  0  0  1  0  0  0  0  0  0  0  0  0  0  0  0  0  0  0  0  0  1  0  0  0  0  0  0  9  4  0  0  0  0  0  0  0  0  0  0  0  0  0  0  0  1  49  0  0  0  0  0  0  6  0  34  93  0  6901  144  227  880  127  2053  115  0  308  0  178  663  66  410  363  189165  0  37495  111  24270  11  565510  62893  75  212  420  2  8  108  2  444156  41617  145710  6369  804345  38  1  34055  1  51691  7601  6767  195  697  158789  20118  77386  22201  1587  2859  2226  16182  175502  36020  572  108042  102369  75167  47  23  7  1534  1401  319  14695  316  0  867  101931  0  54761  
0  0  0  0  0  0  0  0  0  0  0  0  0  0  0  0  0  0  0  0  0  0  0  0  0  0  0  0  0  0  0  0  0  0  0  0  0  0  0  0  0  0  0  0  0  0  0  0  0  0  0  0  0  0  0  0  0  0  0  0  0  0  0  0  0  0  0  0  0  0  0  0  0  0  0  0  0  1  0  0  0  0  2  1  0  0  0  0  0  0  6  2  1  0  3  0  152  0  23  690  1  0  0  0  0  0  97440  115925  28043  103965  6  781  0  0  46593  0  675  1  0  0  0  189575  8  191  0  0  0  0  0  4  2  0  0  46  40  0  0  0  0  1  0  2  0  0  0  203  70600  0  
