0  0  1  14  312740  75486  3  2  2  9  0  619  3  15449  103896  11671  21  1249  4  0  0  0  9  223433  0  19  0  0  1  0  81474  7761  0  0  0  0  0  0  6911  6262  50  0  1  13  13  0  3807  25  54817  0  1  213234  178479  119  7  1  2  0  0  0  0  51037  343  46512  4  1934  27  382  29  123102  1  0  71  0  0  0  0  0  0  1  0  0  1  0  0  0  0  0  0  0  0  0  0  0  0  0  0  0  0  1  0  0  0  0  0  6  0  0  0  0  0  0  0  0  3  0  0  0  0  0  0  0  0  0  0  0  0  0  0  2  0  0  0  0  0  0  0  0  0  112  0  0  0  0  0  0  0  0  
0  0  0  14  0  0  1  1  0  0  0  0  0  0  3  0  0  4  184789  0  399540  71392  0  0  4  2  0  0  0  0  0  0  0  0  0  0  48665  24285  0  0  1  372530  0  897  261  0  0  10  4  0  499618  0  0  6  89  0  387360  81  363975  173382  49412  0  0  0  6  4  2  66  5  0  0  0  674  0  0  0  0  0  0  0  0  0  0  0  0  0  0  0  0  0  0  0  0  0  0  178  0  0  0  0  0  0  0  0  0  0  0  0  0  0  0  0  0  0  0  0  0  3  0  0  0  0  0  0  0  0  0  0  0  0  0  0  0  0  0  0  0  0  0  0  0  0  0  0  0  0  0  0  
0  0  0  7  0  105  11  78226  1112  0  0  0  0  0  0  370071  16  38  9  0  0  0  0  0  0  17  101094  201279  119233  66874  0  8  0  0  0  0  0  0  0  0  11  0  0  0  269819  370324  1  22  771  0  0  1  0  207  2  7  0  3  0  0  0  0  2  1  2  40  68470  0  82941  0  53  0  2  0  0  0  2432  0  0  0  0  328  591  0  0  0  0  0  0  1675  0  0  0  0  0  0  0  0  0  0  1  0  1  1920  0  0  0  0  0  0  0  0  0  0  0  0  0  0  0  9408  0  0  0  0  0  0  0  0  0  0  0  0  0  0  0  0  0  0  0  1  0  0  0  0  252  0  0  0  
237  0  11  0  847  1347  1121  1547  511  13  0  235941  116  350  402  120  1907  5377  1513  0  0  22  13  66  26  531247  4  278088  96439  13  2  175  74613  862  376  76  0  6  136  3128  221452  1  4  1574  316084  0  801  967  472666  0  512  5708  581  1412  2778  107  4576  119  74  180  391  10  20  32  303  1463  60138  67177  5307  25  155  0  2451  557  0  0  0  0  0  0  0  0  0  0  0  0  0  0  0  0  0  1  0  0  0  0  0  0  0  1  0  0  0  0  0  1  0  0  0  0  0  0  0  0  1  0  0  0  0  0  1  0  0  0  0  0  0  0  0  1  0  0  0  0  0  0  0  0  0  17  0  0  0  0  0  0  0  0  
284979  0  0  7  0  58500  5  0  0  8  0  195  0  927  47742  268046  11  267  1  0  0  0  1  5342  0  6  0  0  0  0  27273  974  0  0  0  0  0  0  276  6188  39  0  0  3  6  0  350  1  13598  0  2  18022  113077  74  3  0  3  0  0  0  0  4  36  4123  3  273  30  325  17  19204  0  0  12  0  0  0  0  0  0  81  0  0  0  0  0  0  0  0  0  31  0  0  0  0  0  0  0  0  0  0  0  0  0  0  1  2  0  0  0  0  0  0  0  0  0  0  0  0  0  0  0  0  0  0  0  0  0  0  0  0  0  0  0  0  0  0  0  0  0  16  0  0  0  12  0  0  0  0  
113726  0  9  470  92107  0  234602  4831  7876  49  0  568  0  4465  28796  611678  172  12830  169  0  0  1  28  69704  8  961  17  0  53  14  26902  159693  2  0  0  0  0  0  947  7453  1157  0  2  239  1936  1  5113  769  60577  0  20  37007  14867  54216  584  131  137  29  2  0  2  24  17150  36735  1180  370793  4518  3190  7294  377369  74  0  1102  0  184  0  0  0  34  24136  441  75  101  1  0  1  0  4  9  4543  0  6  0  0  0  0  4  15  0  16  0  0  0  0  3281  2279  0  0  0  4  0  0  13  0  32  0  0  0  7  0  5  0  1  0  1  18  8  1  0  20  0  0  0  0  0  12  13  5  0  63628  2  0  0  2626  10  0  20  0  
22  0  4  2831  171  338301  0  356889  75669  6  0  65  0  6  308  702097  33  1056  544  0  0  0  2  2  7  1250  32  1  129  636  0  145  2  0  0  0  0  0  1  735  501  0  0  1284  11896  4  265  176  12937  0  40  12472  299  63440  3336  288  333  46  5  10  20  0  20  4  27534  278760  4625  15096  31024  18  709  0  252  0  0  0  0  0  1  1755  4044  3622  336  0  0  0  0  0  1  477  0  1  0  0  0  0  0  0  0  0  0  0  0  0  0  5  0  0  0  0  0  0  0  0  0  0  0  0  1  1  2  0  0  0  0  1  1  0  0  0  0  0  0  0  0  0  0  0  0  2622  0  0  0  0  10  0  2  0  
19  0  36097  5426  136  11493  322606  0  315381  4  0  221  0  8  81  416910  20  288  431  0  0  1  7  2  4  1367  7  34  50579  178  0  47  0  0  0  0  0  0  0  2230  357  0  2  543  71906  185214  129  182  2692  0  10  5108  218  189520  1870  304  667  26  1  4  5  0  4  3  5029  196482  12675  1911  168949  3  2574  0  127  0  0  0  168  0  0  23  149  38733  2850  0  0  0  0  0  0  26931  0  0  0  0  0  0  0  0  0  0  0  0  8  8  0  1  0  0  0  0  0  0  0  0  2  0  0  0  0  778  0  0  1  0  0  0  0  0  0  1  0  0  0  0  0  0  0  0  0  3997  0  0  0  0  89  0  0  0  
0  0  102  56  6  2676  9651  136142  0  14257  2  2  0  1  2  337  57  1162  1975  47  0  25  2  0  31  2289  74  176  246  37655  0  188  0  0  0  0  0  0  0  12  3751  0  0  2293  3073  137981  21  1311  2526  0  12  84  1  3942  8013  7296  1018  113  7  0  21  0  4  1  34499  276036  16449  243  753  3  257241  0  274  0  0  0  18  0  0  0  1  2623  48837  202  1  0  0  0  0  457  0  1  0  0  0  2  2  0  0  21  0  0  0  4880  0  3  0  0  0  7  1  0  0  0  255  0  0  1  2  1494  0  7  0  0  0  1  0  0  0  2  0  0  0  1  5  0  0  0  0  66681  3  0  0  0  87476  0  2  0  
132  0  1  205  776  802  230  261  17712  0  20  263  0  48  423  45  236  43781  480  8  4  4646  37958  11  37  2800  43  1  93  98833  3  4781  4  0  10  2  0  7  5  2530  40965  7  81  292999  1203  2  674  14412  31222  13  936  1235  817  405  9855  667  542  124  134  25  145  0  64  21  12278  481809  1327  3463  177  58  147  0  18911  1017  10  0  1  250  73  66  119  17  3315  490  5  47  0  45  22  3  2  224  92  0  9  230  75  8  2  492  26  0  25  82  17  117  0  0  0  124  2  0  22  0  5922  2  2  12  850  62  87  68  1021  0  22  314  58  77  0  1221  53  5  4  2  21  3  49  1  27  152440  274  416  29  0  258  0  362  0  
0  1  0  0  0  1  1  0  13  27  0  0  0  0  0  0  0  2  827  931800  0  63305  0  0  223  3  342  0  0  55267  0  0  0  0  0  0  0  0  0  0  6  74028  0  928302  1  0  0  1  6  0  0  0  0  0  38  40  3927  368594  0  0  69  0  0  0  436554  26  2  34  0  0  14  0  143  0  0  0  0  0  0  0  0  0  1  3  135816  0  0  0  0  0  0  0  0  931  0  4632  0  0  0  0  0  0  0  849  0  0  0  0  0  0  0  0  0  0  0  447  0  1640  0  0  0  0  0  0  0  0  0  0  0  0  0  0  0  0  0  0  0  0  129  7  0  0  0  0  3  0  0  0  
1147  0  0  492325  6124  3067  4  3  2  6  0  0  3232  80303  3864  125  488  19646  6  0  0  0  0  154  0  22  0  0  83565  0  0  70  3259  508  289  0  0  0  347  286069  31  0  0  5  37494  0  7047  219  234118  0  0  335688  8180  326  4  1  5  1  0  0  0  6  0  364  1  63  35  307216  63  12  0  0  3  0  0  0  0  0  0  0  0  0  0  0  0  0  0  0  0  0  0  0  0  0  0  0  0  0  0  0  0  0  0  0  0  0  0  0  0  0  0  0  0  0  0  0  0  0  0  0  0  0  0  0  0  0  0  0  0  0  0  0  0  0  0  0  0  0  0  5  0  0  0  0  0  0  0  0  
9  0  0  80  2  64  0  0  0  0  0  1534  0  35660  0  0  6  1995  0  0  0  0  1  150724  0  0  0  0  6  0  0  31  1  19  82  0  0  0  137746  103  0  0  38  0  0  0  162878  3  928  0  0  6  1  0  0  0  0  0  0  0  0  30653  19  17700  0  2  0  1  0  6  0  0  1  0  0  0  0  0  0  0  0  0  0  0  0  0  0  0  0  0  0  0  0  0  0  0  0  0  0  0  0  0  0  0  0  0  0  0  0  0  0  0  0  0  0  0  0  0  0  0  0  0  0  0  0  0  0  0  0  0  0  0  0  0  0  0  0  0  0  0  0  0  0  0  0  0  0  0  
11733  0  0  9  6564  10118  3  0  0  0  0  93801  50511  0  9018  146  1  279  0  0  0  0  1  2813  0  0  0  0  44  0  2  277  0  0  0  0  0  0  185757  244503  12  0  0  3  2  0  8886  1  106474  0  0  296623  8447  40  0  0  0  0  0  0  0  54728  13  13856  0  79  4  118  4  75  0  0  8  0  0  0  0  0  0  0  0  0  0  0  0  0  0  0  0  0  0  0  0  0  0  0  0  0  0  0  0  0  0  0  0  2  0  0  0  0  0  0  0  0  0  0  0  0  0  0  0  0  0  0  0  0  0  0  0  0  0  0  0  0  0  0  0  0  0  9  0  0  0  0  1  0  0  0  
140811  0  0  45  49004  21096  48  2  20  9  0  11258  0  1878  0  305221  9  362  8  0  0  0  2  35  4  535  0  0  89917  0  1  438  0  0  0  0  0  0  20  1380  59  0  0  10  1864  0  122  15  7080  0  2  1231054  662969  855552  59  7  10  2  0  0  0  138846  19  62  12  614  248  238842  58135  32  22  0  43  0  0  0  0  0  0  0  0  0  0  0  0  0  0  0  0  0  0  0  0  0  0  0  0  0  0  0  0  0  0  0  0  2  0  0  0  0  0  0  0  0  0  0  0  0  0  0  0  0  0  0  0  0  0  0  0  0  0  0  0  0  0  0  0  0  0  26  0  0  0  0  0  0  0  0  
25829  0  434718  72  370818  570150  576434  444038  990  6  0  13  0  41  298961  0  14  902  46  0  0  0  5  1906  1  215  3  6  49225  1  39730  4618  0  0  0  0  0  0  20  309  148  0  1  21  25243  20683  157  100  4938  0  2  5376  120718  929755  94  31  22  6  2  2  2  2  20  1481  140  15609  1119  970  174671  128865  31  0  247  0  0  0  1331  0  1  6501  3439  16141  363  0  0  0  0  0  0  30057  0  0  0  0  0  0  1  0  0  2  0  0  25  49  2  555  0  0  0  0  0  0  0  0  2  0  0  0  2  735  0  0  0  0  0  0  0  0  0  1  0  0  0  0  0  0  0  0  0  544  0  0  0  11  14  0  1  0  
1  0  64  5485  10  68  16  45  100  250  0  434  4  0  2  52  0  395702  4672  1  0  0  32767  3744  3  1362  3  0  174  11  2  35800  4426  51  72656  8  0  20  1  30  44909  1  26680  576  4985  3  25519  416299  241411  91  66  21  9  45  776  124  347  1474  20  5  32  0  191  69  470  283  2483  83  3628  42  7  2  15076  77  0  0  0  2  0  0  0  0  25  5  0  1  0  0  0  0  0  4  2  0  1  1  8  0  2  49  2  0  0  0  4  37  0  0  0  10  0  1  0  0  163  0  2  0  8  4  0  17  6  0  4  3  0  1  0  20  0  0  0  1  3  0  0  0  0  146  8  3  0  0  3  0  9  0  
1005  0  2  8885  328  3216  11  10  94  655  0  22804  3300  315  25  18  223083  0  314  1  3  10  25190  47848  4  1316  1  0  35  21  1101  177292  2392  125  13698  9  0  16  594  101  8770  0  14474  1385  211  0  368981  101539  403066  99  91  368  21  158  1407  35  278  48  15  4  46  2  3418  1113  362  887  180  138  221  2703  8  1  23755  124  0  0  0  4  2  0  5  1  58  4  0  0  0  1  0  0  0  7  1  0  4  2  11  0  1  81  3  0  2  0  3  63  0  0  0  26  0  0  0  0  227  0  3  1  9  8  3  26  12  0  8  2  3  1  0  42  0  0  0  2  8  0  4  0  0  309  26  3  2  0  10  0  14  0  
0  164498  0  176  1  14  14  11  57  3  112  0  0  1  8  2  7  147  0  56568  65  12132  19  0  286834  97  0  0  2  0  0  7  0  0  1  1  12  8474  0  1  480  188633  1  15131  2555  0  4  380  407  0  30712  30  0  150  522  1512  1506394  739639  343469  1267  30897  0  0  0  19937  47  37  15567  31  0  5  0  518895  0  0  0  0  0  0  0  0  0  0  0  0  0  0  0  0  0  0  0  0  0  0  0  0  0  0  0  0  0  0  0  0  1  0  0  0  0  0  0  0  0  1  0  0  0  0  0  0  0  0  0  0  0  0  0  0  0  0  0  0  0  0  0  0  0  0  0  0  0  0  0  0  0  0  0  
0  57  0  1  0  0  0  0  1247  0  998372  0  0  0  0  0  0  22  39823  0  0  313  0  0  5563  28  111780  0  4  9936  0  1  0  0  0  0  0  0  0  0  56  126343  0  250449  70  0  2  22  22  0  7  0  0  1  80  76819  5999  562510  6  0  16  0  0  0  347004  11  10  61  5  0  4597  0  378  0  0  0  0  0  0  0  0  0  0  0  21305  0  0  0  0  0  0  0  0  190  0  0  0  0  0  0  2  0  0  649  0  0  0  0  0  0  0  0  0  0  0  31  0  28  0  0  0  0  0  0  0  0  0  0  0  0  0  0  0  0  0  0  0  0  3  0  0  0  0  0  2  0  0  0  
0  294771  0  1  1  0  0  0  0  5  0  0  0  0  0  0  0  5  63  0  0  42656  114098  0  5  7  0  0  0  0  0  4  0  0  1  0  158757  2179  0  0  51  2  98  182  30  0  0  7  3  371101  117061  1  0  0  44  0  28  0  17704  382940  611969  0  1  0  1  2  0  15  0  0  0  29  445  0  0  0  0  0  0  0  0  0  0  2  0  0  0  0  0  0  0  0  0  0  17  12  1  0  0  0  0  0  0  0  0  0  0  0  0  0  0  0  0  0  1  1  0  0  0  0  0  0  0  0  112  0  0  0  0  1  0  0  0  0  54  0  0  0  0  1  0  0  0  0  0  0  0  0  
7  149111  0  68  36  31  6  19  41  52385  42257  13  0  2  20  1  2  147  3188  196  40138  0  132740  0  34  343  0  0  0  3118  0  28  0  0  1  0  0  130  0  137  4510  415242  4  1172011  429  0  47  65  302  9  119693  60  30  37  1880  7  109439  45406  1004  49  1372552  0  0  0  5244  387  8  469  16  2  2  0  972  3  0  14  0  0  0  0  0  0  18  146  28020  0  0  0  0  0  0  3  1  0  138  28411  27  0  0  26  1  0  0  35  2  15  0  0  0  5  1  0  0  0  83  118  1  8591  0  1  0  15  3  0  255  1  0  0  0  7  0  0  0  1  49  1  1  0  0  131  4  0  0  0  5  0  0  0  
6  3  0  160  47  147  149  291  749  39492  0  12  0  1  26  16  35812  41995  320  0  105520  140977  0  1090  1481  7297  3  0  9  119  2  81294  0  2  128297  1  2421  23855  0  144  37980  1  430300  150321  446  0  295  33801  1646  287409  372  99  65  232  13399  121  386  67  10563  22024  364686  0  115  16  4268  316  34  1877  66  48  32  584  96397  5  0  0  0  1  0  0  0  0  11  7  0  0  0  0  0  0  1  1  1  0  31  10  5  0  0  17  1  0  0  0  3  20  0  0  0  6  0  0  0  0  63  5  0  1  3  0  0  8  3  0  239  0  0  0  0  5  0  0  0  0  98  0  5  0  0  41  9  1  0  0  2  0  3  0  
219868  0  0  32  6162  33993  0  0  3  3  0  380  164434  18094  279  1227  784  35014  1  0  0  0  127  0  0  9  0  0  0  0  203447  53215  114  565  5685  0  0  0  48944  1336  47  0  8068  31  5  0  280763  4785  8623  0  0  9030  1828  18  1  0  2  0  0  0  0  226871  411039  875616  9  584  6  70  5  168226  0  0  128  0  0  0  0  0  0  0  0  0  3  0  0  0  0  0  0  1  0  0  0  0  0  0  0  72  0  4  0  0  0  0  210  4  0  0  0  0  0  0  0  0  3  0  0  0  1  0  0  0  0  0  0  0  0  0  0  1  0  0  0  0  0  0  20  0  0  22  0  0  0  0  1  0  1  0  
0  1  0  44  0  25  23  6  1299  28  9  1  0  0  16  0  6  365  193082  10133  3  6  343  0  0  171195  9120  0  136  21  0  48  2  0  0  5  0  34  0  2  668  0  5  1493  2184  0  1  258  461  15  485  10  3  304  328380  646617  42990  37737  2257  35  648  0  2  0  7806  446  155  16174  64  1  125  0  963836  0  0  0  0  0  0  0  0  0  1  0  0  0  0  1  0  0  0  0  0  0  0  0  0  0  0  0  0  0  0  0  0  1  0  0  0  0  0  0  0  0  7  0  0  0  1  0  0  0  0  0  0  0  0  0  0  2  0  0  0  0  0  0  0  0  0  3  0  0  0  0  0  0  0  0  
11  0  3  389056  40  525  353  469  2836  557  0  18  0  10  78  35  352  2416  683  23  0  36  410  2  139674  0  238  50594  162  1260  0  329  2688  123521  0  243412  0  18117  2  107  555575  3  4  8987  58001  7  103  2326  15923  0  249  929  45  1094  329940  179416  802  255  38  44  401  0  10  0  5949  13370  689773  13840  5400  6  998  1  75916  2535  0  0  0  0  2  1  1  1  11  1  0  0  0  0  0  0  0  2  0  0  0  0  1  0  0  18  2  0  0  0  1  4  0  0  0  7  0  0  1  0  55  0  0  0  4  2  0  1  2  0  1  1  0  1  0  7  0  0  0  0  1  0  1  0  0  156  5  0  1  0  3  0  5  0  
0  0  103354  0  0  2  2  4  793  0  189  0  0  0  0  0  0  13  29  171455  0  0  0  0  4668  461  0  44  87  1127959  0  1  0  0  0  0  0  0  0  0  19  0  0  69  728  7439  0  3  17  0  0  1  0  7  1510  1197025  9  74  0  0  0  0  0  0  288101  37  346202  2  71  0  150292  0  3  0  0  0  1  0  0  0  0  0  1  0  69  0  0  0  0  0  0  0  0  83  0  0  0  0  0  0  39  0  0  2484  0  0  0  0  0  0  0  0  0  0  0  0  0  0  0  7  0  0  0  0  0  0  0  0  0  0  0  0  0  0  0  0  0  0  3  0  0  0  0  0  26  0  0  0  
0  0  156755  240040  0  1  1  7  643  0  0  0  0  0  1  16  0  6  3  0  0  0  0  0  0  76147  98  0  110179  1  0  2  0  0  0  0  0  0  0  0  18  0  0  11  736070  134544  0  6  47  0  0  6  0  5  1  599  0  0  1  1  0  0  0  0  3  14  597950  1  72  0  69  0  0  0  0  0  0  0  0  0  0  0  0  0  0  0  0  0  0  0  0  0  0  0  0  0  0  0  0  0  0  0  0  0  0  0  0  0  0  0  0  0  0  0  0  0  0  0  0  0  0  0  0  0  0  0  0  0  0  0  0  0  0  0  0  0  0  0  0  0  0  0  0  0  0  0  0  0  
3  0  144869  103157  39  239  47  109840  3622  13  0  56549  7  86  88299  41435  544  2557  358  0  0  0  1  4  0  1079  2  49610  0  4  2  307  4  0  0  0  0  0  0  64  1003  0  0  114  959621  20599  315  6799  5168  0  4  12479  34  5001  185  57  82  65  0  2  3  0  12  6  327  7211  23991  527402  621525  14  865  0  240  1  0  0  0  0  0  0  0  0  6  0  0  0  0  0  0  0  0  1  0  0  0  0  0  0  0  8  3  0  0  0  0  2  0  0  0  0  0  0  0  0  26  0  0  0  0  1  0  1  1  0  0  0  0  0  0  5  0  0  0  0  0  0  0  0  0  33  4  0  0  0  0  0  5  0  
0  0  77374  8  0  24  40  19  39246  86123  33957  1  0  1  0  4  18  3220  290  7956  0  3284  2  0  16  792  875788  9  94  0  0  462  0  0  0  0  0  0  0  4  1114  0  4  31861  961  335992  6  685  1931  0  9  17  1  17  748  54030  530  58  5  1  15  0  7  1  540888  47180  38965  70  86  3  450238  0  1188  3  0  0  4  0  0  0  1  0  9905  729  33829  0  0  0  0  4  1  2  1  558  0  4487  2  0  0  19  370  0  0  102942  0  6  0  0  0  2  0  0  0  0  281  1  0  11  3  50  1  3  2  0  0  0  0  1  0  14  0  0  0  1  7  0  0  0  676  4308  4  0  0  0  30404  0  3  0  
86490  0  0  0  57279  47099  0  0  1  0  0  0  0  0  0  48102  1  254  0  0  0  0  2  170579  0  0  0  0  0  0  0  34563  0  0  0  0  0  0  2  0  1  0  0  3  0  0  339  2  22  0  0  1  0  0  0  0  0  0  0  0  0  0  315917  765  0  5  0  0  0  327812  0  0  11  0  6  0  0  0  0  204  0  0  0  0  0  0  0  0  0  203  0  0  0  0  0  0  0  1262  0  0  0  0  0  0  23792  167  0  0  0  0  0  0  0  0  2  0  0  0  0  0  0  0  0  0  0  0  0  0  0  0  0  0  0  0  0  0  556  4  0  12  0  0  0  352  0  0  0  0  
628  0  2  9  119  148880  6  6  83  442  0  8  36  76  15  1980  49900  428852  78  0  15  7  84317  35572  1  798  2  0  36  22  46264  0  7  0  30341  0  0  14  421  26  3609  0  15804  2152  305  1  29975  35332  48108  33  23  120  21  36  466  36  41  16  14  0  30  11  251224  8435  352  93589  78  39  89  185687  7  0  25107  22  1  0  0  5  2  2301  6  4  148  5  0  1  0  3  2  1039  0  7  2  0  2  3  5  4  0  146  12  0  1  0  389  68706  0  0  0  44  0  0  1  0  354  0  0  2  26  17  4  14  27  0  28  18  2  2  0  82  1  0  0  0  9  0  11  0  1  1682  47  16  0  796  29  0  34  0  
0  0  0  96619  0  6  0  0  8  8  0  289  1  0  0  0  2376  2901  5  0  0  0  0  45  0  722  0  0  1  0  0  59  0  177095  41363  14336  0  0  0  0  58511  0  1  13  7  0  297  306750  3390  0  0  2  0  2  65  2  0  1  0  0  0  0  2  2  15  20  4  1  2  0  1  0  25032  328043  0  0  0  0  0  0  0  0  0  0  0  0  0  0  0  0  0  1  0  0  0  0  0  0  0  0  0  0  0  0  0  0  0  0  0  0  0  0  0  0  2  0  0  0  0  0  0  1  0  0  0  0  0  0  0  0  0  0  0  0  0  0  0  0  0  2  1  1  0  0  0  0  0  0  
0  0  0  2826  0  0  0  0  0  0  0  538  36  3  0  0  52  193  1  0  0  0  0  999  2  93262  0  0  13  0  0  0  258672  0  541731  320315  33  380917  0  0  12956  0  129974  0  0  0  563  77010  38  9  0  0  0  0  117  0  1  0  3  0  4  0  0  17  0  0  0  0  0  0  0  1966  633673  101068  0  0  0  0  0  0  0  0  0  0  0  0  0  0  0  0  0  0  0  0  0  0  0  0  0  0  0  0  0  0  0  0  0  0  0  0  0  0  0  0  0  0  0  0  0  0  0  0  0  0  0  0  0  0  0  0  0  0  0  0  0  0  0  0  0  0  0  0  0  0  0  0  0  0  
0  0  0  788  1  3  1  0  9  12  0  292  13  1  0  0  53018  14974  42  0  1  1  114797  3305  0  244  0  0  2  2  0  28973  46565  569064  0  0  627  47100  0  0  548  0  377135  148  2  0  1248  347387  153  2482  3  2  0  0  79  1  12  0  1206  280  1589  0  9  89  46  22  0  5  0  2  0  86322  143751  23  0  0  0  1  0  0  0  0  3  0  0  0  0  0  0  0  0  0  0  0  0  0  0  0  0  4  1  0  0  0  0  4  0  0  0  1  0  0  0  0  10  0  0  0  0  2  0  2  1  0  0  0  0  0  0  3  0  0  0  0  0  0  0  0  1  7  1  1  0  0  1  0  1  0  
0  0  0  46  0  0  0  0  0  0  0  0  0  0  0  0  7  2  0  0  0  0  0  0  8  264498  0  0  0  0  0  1  19717  374556  6  0  0  5711  0  0  145398  0  0  0  0  0  0  24674  98  0  0  0  0  0  3718  0  0  0  0  0  0  0  0  0  0  0  0  0  0  0  0  0  51929  192708  0  0  0  0  0  0  0  0  0  0  0  0  0  0  0  0  0  0  0  0  0  0  0  0  0  0  0  0  0  0  0  0  0  0  0  0  0  0  0  0  1  0  0  0  0  0  0  0  0  0  0  0  0  0  0  0  0  0  0  0  0  0  0  0  0  0  0  0  0  0  0  0  0  0  
0  47099  0  0  0  0  0  0  0  1  0  0  0  0  0  0  11  0  10  0  100177  1  4621  0  0  1  0  0  0  0  0  1  0  56  1408  0  0  537907  0  0  2  0  201130  71  0  0  0  530  0  605465  0  0  0  0  2  0  0  0  138296  635759  4957  0  0  0  0  0  0  1  0  0  0  963804  21139  0  0  0  0  0  0  0  0  0  0  0  0  0  0  0  0  0  0  0  0  0  0  0  0  0  0  0  0  0  0  0  0  0  0  0  0  0  0  0  0  0  0  0  0  0  0  0  0  0  0  0  0  0  0  0  0  0  0  0  0  0  0  0  0  0  0  0  0  0  0  0  0  0  0  0  
0  27161  0  18  0  1  1  2  2  1  0  0  0  0  0  0  0  5  19650  0  207  228  2590  0  18  1054  0  0  0  2  0  6  0  383668  65887  163  492158  0  0  0  67  4  228843  10099  68  0  0  6485  4  36297  137  0  0  2  247  1  47  0  438891  89369  49076  0  0  0  12  3  0  48  2  0  1  1025572  1616791  6  0  0  0  0  0  0  0  0  0  0  0  0  0  0  0  0  0  0  0  0  0  0  0  0  0  1  0  0  0  0  0  0  0  0  0  1  0  0  0  0  0  0  0  0  0  0  0  0  0  0  0  0  0  0  0  0  0  0  0  0  0  0  0  0  0  0  0  0  0  0  0  0  0  0  
18205  0  0  3  983  7866  0  0  0  2  0  131  131408  209481  132  226  3  544  2  0  0  0  2  22610  0  5  0  0  0  0  6  2654  0  0  0  0  0  0  0  10190  17  0  0  12  1  0  97139  2  91161  0  0  29534  404  7  0  0  0  0  0  0  0  13738  395  134789  2  317  2  55  2  440  0  0  40  0  0  0  0  0  0  1  0  0  0  0  0  0  0  0  0  0  0  0  0  0  0  0  1  0  0  0  0  0  0  0  0  1  0  0  0  0  0  0  0  0  1  0  0  0  1  0  0  0  0  0  0  0  0  0  0  0  0  0  0  0  0  0  0  0  0  17  0  0  0  0  0  0  0  0  
1229  0  0  966  4453  2393  9  1  3  13  0  266945  1559  279347  2084  75  7  196  6  0  0  0  0  164  0  21  0  0  8  0  0  118  0  0  0  0  0  0  5648  0  122  0  0  9  88  0  1674  1  233390  0  1  29660  6475  201  5  2  2  1  0  0  0  177  8  897  1  107  26  38073  62  15  0  0  4  0  0  0  0  0  0  0  0  0  0  0  0  0  0  0  0  0  0  0  0  0  0  0  0  0  0  0  0  0  0  0  0  1  0  0  0  0  0  0  0  0  0  0  0  0  0  0  0  0  0  0  0  0  0  0  0  0  0  0  0  0  0  0  0  0  0  19  0  0  0  0  0  0  0  0  
395  0  3  149069  2522  2414  892  1076  3312  22611  0  310  0  204  1251  317  51146  74547  17407  34  5  112  3931  18  37  478596  200  10  179  161  12  5792  50325  13458  7  141372  0  0  46  4017  0  1  44  63731  9093  15  602  293017  229815  4  186  2463  2117  1808  162662  3493  2021  2417  42  21  601  3  150  48  6401  8672  52389  7274  779  157  351  0  109309  103166  0  0  0  14  2  4  9  2  166  23  0  2  0  7  4  0  3  33  13  0  17  2  38  3  4  377  18  0  2  0  51  112  0  0  0  102  2  0  3  0  989  2  12  7  40  33  4  145  25  0  6  13  1  4  0  123  4  1  4  7  36  0  0  0  2  672  93  17  3  0  31  0  64  0  
0  548276  0  30  1  0  2  1  1  0  89702  0  0  0  2  2  1  4  155970  149092  3  495094  0  0  2  2  0  0  0  0  0  1  0  0  0  0  0  0  0  0  2  0  0  197213  607  0  0  7  12  0  56236  0  0  12  11  2  850728  37061  1343  4  11012  0  0  0  13  3  0  108  2  0  0  0  18  0  0  0  0  0  0  0  0  0  0  0  377  0  0  0  0  0  0  0  0  0  0  42  0  0  0  0  0  0  0  0  0  0  0  0  0  0  0  0  0  0  0  76  0  2  0  0  0  0  0  0  0  0  0  0  0  0  0  0  0  0  0  0  0  0  0  1  0  0  0  0  0  0  0  0  
2  0  0  0  0  15  1  0  26  36  0  0  1  0  0  1  2861  5520  81  0  40  1  421639  3526  13  459  0  0  0  5  1  1769  0  188333  463065  0  157680  247607  0  2  1119  1  0  504  11  0  37  87206  76  155584  11  0  0  0  204  3  28  1  10906  427  7030  0  15  596  132  40  1  12  0  1  1  155786  107270  2  0  0  0  0  0  0  1  0  11  1  0  0  0  1  0  0  0  0  0  0  0  0  0  0  0  9  0  0  0  0  0  5  0  0  0  3  0  0  0  0  36  0  0  0  0  1  1  4  2  0  1  1  0  0  0  3  0  0  0  0  6  0  0  0  0  25  3  1  0  0  1  0  2  0  
54  7347  2  7746  382  1682  1547  4181  6945  228960  946270  128  0  24  246  375  118  20853  22075  120618  9  1003151  136393  7  923  20623  30  1  175  22578  3  2694  4  0  3  0  2  911  2  1279  98763  214112  36  0  26946  3  2383  3745  26657  284  32150  1184  391  3198  35675  971  124093  400171  6248  640  196423  0  62  16  382921  15353  853  13780  3480  62  303  8  41278  101  0  0  0  0  0  5  1  1  46  16  6424  0  0  1  0  0  0  6  0  0  3  249  9  0  1  51  2  0  1  11  3  27  0  0  0  15  0  1  0  0  131  43  1  210  9  5  2  13  1  0  10  4  0  3  0  21  1  0  0  0  7  0  1  0  2  228  10  2  0  0  6  0  11  0  
104  0  236077  354355  523  7679  2430  67680  37307  217  0  5925  0  65  863  39577  4110  12302  2780  2  0  9  25  12  48  70226  73  789937  780792  79  4  1392  9  0  0  0  0  4  6  667  5765  3  0  1470  0  408979  1788  26793  84845  0  429  3957  689  7252  1855  1504  6578  249  102  129  337  0  140  23  2281  28528  523613  188128  258427  123  10869  0  2438  2  0  0  0  0  1  0  1  0  25  0  0  0  0  0  0  0  1  2  0  0  0  0  2  0  0  29  4  0  0  0  1  12  0  0  0  8  0  0  1  0  71  0  0  0  4  4  0  2  5  0  0  3  0  1  0  11  0  0  0  0  1  0  0  0  0  153  15  3  0  0  6  0  5  0  
1  0  279795  64  6  52  27  203259  152190  1  0  0  0  0  8  15922  11  44  34  0  0  0  0  0  0  49  12771  87202  2160  288558  0  12  0  0  0  0  0  0  0  8  90  0  0  15  253229  0  2  73  644  0  0  41  12  467  24  341  25  3  0  0  0  0  1  1  50  557  169503  7  520  2  125210  0  8  0  0  0  269  0  0  0  0  63  4205  0  1  0  0  0  0  457  0  0  0  0  0  0  0  0  0  0  0  0  0  849  0  0  0  0  0  0  0  0  0  0  0  0  0  0  0  5442  0  0  0  0  0  0  0  0  0  0  0  0  0  0  0  0  0  0  0  0  0  0  0  0  9845  0  0  0  
13750  0  0  71  1471  18741  11  2  18  10  0  1861  135282  4479  451  178  283  218094  11  0  2  0  249  218698  0  221  1  0  11  0  1749  56696  99  67  538  0  0  0  95103  572  522  0  181  399  50  0  0  3229  81923  0  0  5767  1387  845  69  15  7  5  0  1  1  898  16288  186500  59  638  262  442  308  3370  2  0  1073  1  0  0  0  0  0  1  0  0  2  0  0  0  0  1  0  0  0  2  0  0  0  0  0  1  0  5  0  0  1  0  0  14  0  0  0  1  0  0  0  0  21  0  0  0  0  0  0  0  1  0  1  0  0  0  0  1  0  0  0  0  3  0  2  0  0  42  1  0  0  0  1  0  2  0  
5  2  2  961  32  325  48  9  627  6412  0  270  5  4  26  32  345007  213560  1046  35  11  23  26998  6062  148  2291  24  3  125  70  18  18696  255339  34543  387950  10336  233  25482  5  70  210992  1  154154  3904  4024  6  31512  0  78948  1772  248  192  43  63  8555  896  670  157  2465  123  962  0  268  51  2329  3949  7936  277  249  147  69  14604  743138  84296  1  0  0  18  4  5  16  1  292  33  0  5  0  6  2  2  2  56  14  0  18  1  37  3  4  373  19  0  7  2  42  210  0  0  0  97  1  0  2  0  1558  0  7  5  27  23  6  169  59  0  6  25  5  7  0  138  10  0  2  5  33  0  4  0  2  1502  88  31  3  0  52  0  54  0  
57498  0  2076  478902  42650  49657  2021  1989  2411  15444  0  190106  4976  112623  17920  4244  137339  315752  61002  15  2  20  256  4585  116  8333  34  1  1829  77  224  57065  2134  12  31  7  0  2  84711  262170  240155  3  67  11384  128194  9  84319  30902  0  0  347  101182  42309  39136  6250  1543  26116  7032  34  52  127  1622  4220  17589  3534  17919  14624  198170  31861  4939  182  0  5774  54  0  0  0  3  1  28  5  2  63  3  0  0  0  1  0  0  0  12  3  0  2  1  8  1  1  89  11  0  2  0  10  95  0  0  0  20  1  0  0  0  204  0  0  0  20  2  1  17  14  0  2  10  1  1  0  38  0  0  0  1  6  0  4  0  0  1150  30  11  1  0  9  0  15  0  
0  4  0  5  0  0  0  1  2  1  0  0  0  0  0  0  61  38  4  0  369656  3  270702  0  8  19  0  0  0  0  0  34  0  0  2697  0  534504  140213  0  0  43  0  260829  659  22  0  0  5070  5  0  7  0  0  1  65  0  3  0  82511  317466  88904  0  0  0  15  2  0  15  0  0  0  80147  150794  0  0  0  0  0  0  0  0  0  0  0  0  0  0  0  0  0  0  0  0  0  0  0  0  0  0  0  0  0  0  0  0  0  0  0  0  0  0  0  0  0  0  0  0  0  0  0  0  0  0  0  0  0  0  0  0  0  0  0  0  0  0  0  0  0  0  0  0  0  0  0  0  0  0  0  
0  305174  0  162  0  13  14  21  18  1  0  0  0  0  4  3  1  33  3142  0  62113  145114  3  0  17  38  0  0  1  0  0  2  0  0  0  0  0  43  0  0  37  22525  0  28953  828  0  1  13  89  0  0  2  0  42  296  2  17201  22  63561  2748  258930  0  0  0  45  38  16  294  52  0  0  0  492  0  0  1  0  0  0  0  0  0  0  0  0  0  0  0  0  0  0  0  0  0  2  106  0  0  0  0  0  0  0  0  0  0  0  0  0  0  0  0  0  0  0  0  0  1  0  0  0  1  0  0  1  0  0  0  0  0  0  0  0  0  0  0  0  0  0  0  0  0  0  0  0  0  0  0  
129700  0  1  337  48830  61297  961  954  89  47  0  293583  18  346676  845738  3856  46  3734  642  1  0  2  3  1865  14  1511  9  0  29956  3  7  1909  0  0  0  0  0  1  55612  91855  538  0  0  119  3414  0  5600  138  58121  0  94  0  258425  226497  1107  122  1374  73  9  19  21  58257  125  3171  149  4945  2879  284199  6298  291  8  0  249  0  0  0  0  0  0  9  0  0  2  0  0  0  0  0  0  0  0  2  0  0  0  0  1  0  0  2  0  0  0  0  0  3  0  0  0  2  0  0  0  0  3  0  0  0  1  0  0  0  0  0  0  0  1  0  0  1  0  0  0  0  0  0  0  0  0  196  1  0  0  0  0  0  3  0  
149091  0  1  6  121939  28096  46  2  4  9  0  168  1  414  682208  69164  33  1019  9  0  0  0  2  74  0  56  0  0  3  0  4  1517  0  0  0  0  0  0  83  4275  72  0  0  13  39  0  304  37  12076  0  0  453774  0  74063  16  2  5  4  0  0  0  18  53  165  22  1157  257  175  85  88  0  0  33  0  1  0  0  0  0  2  0  0  1  0  0  0  0  0  0  0  0  0  0  0  0  0  2  0  0  0  0  0  0  0  0  11  0  0  0  0  0  0  0  0  1  0  0  0  0  0  0  0  0  0  0  0  0  0  0  0  0  0  0  0  0  0  0  0  0  105  0  1  0  0  0  0  1  0  
890  0  14  5158  5156  99356  49958  123073  5324  6  0  111  0  20  777703  867346  44  2552  707  1  0  2  7  8  78  10744  42  4  4555  40  2  473  6  0  0  0  0  1  10  994  1087  0  0  299  14788  8  945  424  50406  0  157  366018  87466  0  3417  331  1000  127  11  25  68  0  59  26  1386  18639  18991  181672  310892  53  290  0  1261  0  0  0  0  0  4  10  1  0  4  0  0  0  0  0  1  0  0  0  0  0  0  0  0  0  0  0  0  0  0  0  0  10  0  0  0  0  0  0  0  0  6  0  0  0  0  0  1  1  1  0  0  0  1  0  0  1  0  0  0  0  0  0  0  0  0  156  1  0  0  0  0  0  1  0  
3  1  0  466  14  291  690  975  17411  181  0  2  0  2  16  36  75  4356  9214  34  1  213  969  1  234020  375741  1398  0  173  565  0  347  29  275  0  11379  0  18  0  24  116366  3  16  49999  2205  1  68  2256  5244  18  218  115  14  752  0  40132  8548  1786  178  20  1887  0  6  0  31870  3982  5261  10414  270  15  1890  0  374858  141  1  0  0  0  1  1  0  0  7  1  0  0  0  0  0  0  0  1  0  0  0  0  0  0  0  11  1  0  0  0  4  2  0  0  0  3  0  0  0  0  22  0  0  0  1  0  0  5  0  0  0  0  0  0  0  5  0  0  0  0  0  1  0  0  0  69  7  0  0  0  1  0  1  0  
1  0  4  112  6  301  449  370  46197  49  4  1  0  3  9  20  87  2995  11545  120553  2  3  7  1  621560  278631  1032509  277  5363  21993  0  409  11  0  0  0  0  0  0  21  8613  0  1  13929  36490  109  75  2777  4854  0  169  284  7  807  117556  0  13708  131062  113  6  152  0  9  2  250813  11162  288861  10970  3899  9  294067  0  49675  2  0  0  0  0  0  1  0  0  11  0  0  0  0  0  0  0  0  0  0  0  0  0  0  0  0  8  0  0  0  1  0  4  0  0  0  2  0  0  0  0  24  0  0  0  0  1  0  1  0  0  0  0  0  0  0  5  0  0  0  0  0  0  1  0  0  35  2  0  0  0  3  0  0  0  
1  472358  0  257  3  36  22  8  76  9  1936  0  0  1  31  4  8  213  1625107  1717  4  216399  8  0  61847  29  6  0  13  4  0  24  0  0  0  0  0  20  0  0  859  719667  0  99650  6253  0  2  241  1106  0  60251  86  4  379  435  5460  0  136938  201446  50  37579  0  2  0  28134  68  98  40805  39  2  11  0  150470  0  0  0  0  0  0  0  0  0  1  0  0  0  0  0  0  0  0  0  0  0  0  0  0  0  0  0  1  0  0  0  0  0  0  0  0  0  0  0  0  0  2  0  0  0  0  0  0  0  0  0  0  0  0  0  0  1  0  0  0  0  0  0  0  0  0  3  0  0  0  0  0  0  0  0  
0  6146  0  347  1  47  19  8  261  7  312005  0  0  0  16  6  7  211  715311  542314  0  30870  6  0  55265  385  20  0  12  17  0  18  1  0  0  0  0  1  1  0  301  62919  0  295042  7750  0  3  301  886  0  13681  39  2  207  1724  124757  220617  0  2887  1  3632  0  1  0  223775  165  286  4860  34  0  29  0  3182  0  0  0  0  0  0  0  0  0  0  0  5  0  0  0  0  0  0  0  0  1  0  0  0  0  0  1  0  0  0  1  0  1  0  0  0  1  0  0  0  0  0  0  0  0  0  0  0  0  0  0  0  0  0  0  0  0  0  0  0  0  0  0  0  0  0  2  0  0  0  0  0  0  1  0  
1  346085  0  1079  0  45  29  29  15  14  0  1  0  1  14  5  5  83  285906  12  6578  14244  1609  0  307  153  0  0  0  0  0  14  0  0  5  0  123505  510868  0  5  454  417  293  42631  10096  1  1  316  239  1064  172816  8  2  317  875  10  158024  310  0  271741  125461  0  1  0  272  216  44  3947  94  2  1  293  233167  0  0  0  0  0  0  0  0  0  0  0  0  0  0  0  0  0  0  0  0  0  0  0  0  0  0  0  0  0  0  0  0  1  0  0  0  0  0  0  0  0  0  0  0  0  0  0  0  0  0  0  0  0  0  0  0  0  0  0  0  0  0  0  0  0  0  0  0  0  0  0  0  0  0  0  
0  142112  0  227  0  17  4  13  14  1  0  0  0  0  5  0  3  36  136  1  480373  398  4462  0  39  38  0  0  0  3  0  4  0  0  200  0  582868  143005  0  0  50  13  640  22238  1319  0  3  225  64  309116  65511  6  1  50  993  4  162  5  270324  0  227333  0  0  0  29  51  11  423  37  0  1  185853  50701  0  0  0  0  0  0  0  0  0  0  0  0  0  0  0  0  0  0  0  0  0  0  0  0  0  0  0  0  0  0  0  0  0  0  0  0  0  0  0  0  0  1  0  0  0  0  0  0  0  0  0  0  0  0  0  0  0  0  0  0  0  0  0  0  0  0  0  0  0  0  0  0  0  0  0  
0  83804  0  931  1  74  48  89  260  112  5679  0  0  0  22  15  17  311  2517  288  589461  1051597  352769  2  1304  263  0  0  4  9  0  46  1  0  71  0  2125  103817  0  1  684  27449  1671  235089  6195  0  11  395  651  73310  302112  27  1  470  17071  50  26533  7930  108106  213217  0  0  2  0  428  321  41  8694  226  1  13  716  79840  1  0  2  0  0  0  0  0  0  1  7  52  0  0  0  0  0  0  0  0  0  17  77  0  0  0  4  1  0  0  0  0  1  0  0  0  3  0  0  0  0  3  3  0  17  3  0  0  0  0  0  139  0  0  0  0  0  0  0  0  0  58  0  0  0  0  4  1  0  0  0  0  0  0  0  
115808  0  0  2  5  119  0  0  0  0  0  0  46526  47462  127712  3  0  2  0  0  0  0  0  210475  0  0  0  0  0  0  0  34  0  0  0  0  0  0  26849  58  0  0  0  0  0  0  195  0  290  0  0  89134  49  0  0  0  0  0  0  0  0  0  8  72776  0  7  0  10  0  3  0  0  3  0  0  0  0  0  0  0  0  0  0  0  0  0  0  0  0  0  0  0  0  0  0  0  0  0  0  0  0  0  0  0  0  0  0  0  0  0  0  0  0  0  0  0  0  0  0  0  0  0  0  0  0  0  0  0  0  0  0  0  0  0  0  0  0  0  0  0  0  0  0  0  0  0  0  0  
20  0  0  0  4  35034  0  2  9  19  0  0  345  53  0  0  11  13002  2  0  2  3  281  386107  1  145  0  0  0  3  315189  370675  0  0  0  0  0  0  1382  3  523  0  24  438  2  0  51635  198  365  0  0  14  5  3  22  2  0  0  0  0  5  7  0  109725  72  26  2  6  1  106485  0  0  987  0  0  0  0  0  0  1  0  0  6  1  0  0  0  0  0  0  0  0  0  0  4  1  0  6  0  4  1  0  1  0  66  4  0  0  0  1  0  0  0  0  15  0  0  0  0  1  1  0  2  0  4  0  0  0  0  1  0  0  0  0  1  0  3  0  0  25  1  0  0  0  0  0  2  0  
44596  0  0  2  4243  33585  2  0  2  8  0  285  54041  48705  243  1375  32  4394  4  0  0  0  39  869165  0  15  0  0  1  0  482  31522  0  3  48  0  0  0  226119  1174  83  0  268  49  3  0  232721  51  16198  0  0  3497  879  23  9  0  1  1  0  0  1  110424  48353  0  8  1981  8  74  16  14252  0  0  306  0  0  0  0  0  0  2  1  0  7  1  0  0  0  0  0  0  0  0  0  0  0  0  0  0  0  2  0  0  0  0  0  14  0  0  0  0  0  0  1  0  5  0  0  0  0  1  0  0  1  0  1  0  0  0  0  2  0  0  0  0  0  0  0  0  0  133  1  0  0  0  0  0  0  0  
3  246  0  1317  18  594  2903  1112  61084  7029  437161  16  0  5  36  17  159  7891  140851  707911  1  6246  114  3  6657  5426  376520  3  1225  873448  0  1442  9  0  1  0  0  14  1  117  9020  3172  6  398267  26864  11  464  4039  8798  0  7015  570  30  1391  31630  126871  145730  248831  3190  74  4940  0  29  10  0  31331  4632  7440  552  28  163194  0  33743  3  0  0  0  1  0  0  2  0  19  3  9723  0  0  0  0  0  0  1  1  237  0  5  2  0  0  21  4  0  1  528  0  13  0  0  0  7  0  0  0  0  57  0  0  0  3  0  0  0  1  0  0  1  0  1  0  7  0  0  0  0  0  0  0  0  26  147  10  1  0  0  2  0  4  0  
858  0  12  849  376  489834  253468  214782  378434  389974  9  46  0  63  276  8612  466  46604  3350  12  0  39  154  507  12  9693  288  13  2035  64552  11  124300  46  0  2  0  0  1  77  464  20411  0  80  24119  13916  18  1214  10982  40237  3  138  3677  443  4694  10063  4409  918  364  14  3  32  7  232  2147  61674  0  7998  3767  5214  258  540  0  21125  614  1293  0  1  21  303  23845  2116  3908  4997  264  3  6  0  32  100  232  5  227  6  0  1  87  144  21  0  682  107  2  279  41  44  4138  0  0  0  115  1  0  39  0  2029  0  6  8  3679  268  67  46  113  0  2  129  224  128  1  1106  3  0  9  1  20  122  46  51  13  479378  877  17  128  93  2478  0  635  0  
10  0  65460  63932  60  2688  3317  544  31276  37  0  0  0  5  132  1741  570  5445  1561  28  0  2  4  2  117  906562  369384  495510  8236  41694  4  663  14  0  0  0  0  0  0  17  50167  0  0  5596  321422  173888  36  6899  11977  0  58  290  92  3475  20952  346200  369  1524  5  5  30  0  31  3  9928  41551  0  8196  22858  25  121999  0  614  0  0  0  0  0  0  1  1  0  8  0  0  0  0  0  0  0  0  2  0  0  0  0  1  0  0  11  0  0  0  0  0  4  0  0  0  5  0  0  0  0  30  0  0  0  4  0  0  0  1  0  0  2  0  0  0  10  0  1  0  0  0  0  0  0  0  64  4  1  0  0  2  0  3  0  
785  1  4  137379  2404  7773  1455  87  950  24  0  233477  2  814  252360  606  34  4858  2482  2  0  6  15  50  172  9516  25  0  441965  10  3  983  1  0  0  0  0  1  332  13175  1041  0  1  252  376966  19  8066  88  153571  0  446  381418  2240  140440  6484  501  6019  324  62  45  171  16  101  110  387  4515  15641  0  125050  100  628  0  1663  0  0  0  0  0  0  4  2  1  1  0  0  0  0  0  0  0  0  2  0  0  0  0  2  0  0  0  2  0  0  0  0  3  0  0  0  0  0  0  0  0  4  0  0  0  0  0  0  0  0  0  0  1  0  0  0  1  0  0  0  0  0  0  0  1  0  273  1  0  0  0  0  0  3  0  
124  0  51356  9859  762  12109  12976  157497  14523  25  0  132  0  71  68201  173430  327  3224  1559  2  0  1  9  4  6  6862  32  51  504867  4  2  496  4  0  0  0  0  0  6  1092  1478  2  0  245  235746  670  253  3742  18637  0  17  12558  1080  377195  517  514  2265  173  4  9  14  0  37  12  394  25494  49824  114608  0  31  10185  0  337  1  0  0  0  0  0  3  2  0  8  0  0  0  0  0  0  0  0  0  0  0  0  0  2  0  0  7  1  0  0  0  0  7  0  0  0  2  0  0  0  0  19  0  0  0  2  0  0  2  1  0  0  1  0  0  0  3  0  0  0  0  0  0  0  0  0  78  2  0  0  0  1  0  5  0  
84183  0  0  0  87088  441486  1  1  2  8  0  5  2  50  8  154513  6  2626  2  0  2  3  110  172225  0  78  0  0  1  2  365873  237836  0  0  0  0  0  0  145  20  256  0  1  174  3  0  2349  74  551  0  3  73  7  2  18  0  1  1  0  0  2  1  98773  30279  20  85  1  4  1  0  0  0  722  0  1  0  0  0  1  2432  0  0  5  1  0  0  0  1  0  1194  0  0  0  0  0  0  0  27  0  2  0  0  0  0  5096  712  0  0  0  0  0  0  0  0  11  0  0  0  1  0  0  2  1  0  3  1  0  0  0  3  0  0  0  0  2  0  21  0  1  50  1  2  0  2011  0  0  0  0  
0  0  7  43  1  103  94  135  388749  29  3  4  0  0  4  23  43  1155  2609  1153  0  0  6  1  47  2669  59717  89  943  446223  0  167  1  0  0  0  0  0  0  12  3541  0  0  773  6263  131247  8  2077  1409  0  15  41  0  449  1711  230501  1585  243  6  1  26  0  4  0  95552  7943  105227  253  1067  5  0  0  365  0  0  0  1  0  0  0  0  6  4793  32  56  0  0  0  0  1  0  0  0  5  0  0  0  0  0  3  0  0  0  24883  0  1  0  0  0  1  0  0  0  0  13  0  0  0  0  36  0  0  0  0  0  0  0  0  0  0  0  0  0  0  0  0  0  0  0  66  2  0  0  0  176069  0  0  0  
0  0  0  1  0  0  0  0  1  0  0  0  0  0  0  0  9  4  1  0  9  2  1012  0  8  1  0  0  0  0  0  2  0  385  53774  0  1203692  989106  0  0  11  0  92399  123  2  0  0  3330  0  110644  1  0  0  1  18  0  0  0  32685  184276  7663  0  0  0  2  2  0  3  0  0  0  0  144231  0  0  0  0  0  0  0  0  0  0  0  0  0  0  0  0  0  0  0  0  0  0  0  0  0  0  0  0  0  0  0  0  0  0  0  0  0  0  0  0  0  0  0  0  0  0  0  0  0  0  0  0  0  0  0  0  0  0  0  0  0  0  0  0  0  0  0  0  0  0  0  0  0  0  0  
14  117  0  1713  31  528  373  323  1836  1328  11  0  0  3  213  52  1521  39744  395995  1513  175  841  63585  40  999381  50004  5  0  56  218  5  14665  36433  574721  184765  25950  5431  1824706  3  48  56314  43  193725  113247  21841  0  226  760626  7336  72778  15487  92  24  3898  540881  71967  126369  3209  187769  36158  145263  1  262  64  50924  1909  199  91916  309  158  101  115489  0  20433  0  0  0  6  0  1  4  2  83  6  0  0  0  1  0  0  1  14  2  0  10  1  15  0  0  133  7  0  0  0  29  76  0  0  0  26  0  0  0  0  372  2  1  0  9  11  1  80  15  0  11  13  3  1  0  55  2  1  2  0  19  0  1  0  0  303  34  11  3  0  12  0  19  0  
0  0  0  197  3  4  0  0  8  943  0  0  0  0  1  0  41  2272  9  0  0  1  29  0  0  557  0  0  1  6  0  77  347397  80271  54  177265  0  2  0  4  83396  0  4  436  56  0  3  137109  1489  0  6  19  0  0  794  6  21  1  1  0  2  0  2  0  29  334  2  24  0  1  1  0  40060  0  0  0  0  0  0  0  0  0  1  1  0  0  0  0  0  0  0  0  0  0  1  0  1  0  0  17  0  0  0  0  1  3  0  0  0  2  0  0  0  0  76  0  0  0  2  3  0  12  1  0  1  0  0  0  0  2  0  0  1  0  3  0  0  0  0  63  0  1  0  0  1  0  2  0  
0  0  0  0  0  48  0  1  0  0  0  0  0  0  0  0  0  0  0  0  0  0  1  1  0  0  0  0  0  0  258  1  0  0  0  0  0  0  0  0  1  0  0  0  0  0  0  0  1  0  0  0  0  0  0  0  0  0  0  0  0  0  0  0  0  25  0  0  0  92  0  0  0  0  0  0  1  25  204219  55653  122  12  175  3  0  99  4417  6050  49998  70009  1  78  1  0  0  1  11  440473  0  41  13  0  6  1  102955  9625  0  0  0  12  0  0  77144  0  208  0  0  2  262  23  6234  3  7546  0  1  32582  294346  142  0  787  0  1  2  0  0  295895  4995  17757  18  5633  30  52  24  87735  95  0  42  0  
0  0  0  0  0  0  0  0  0  1  0  0  0  0  0  0  0  0  0  0  0  3  0  0  0  0  0  0  0  0  0  0  0  0  0  0  0  0  0  0  1  0  0  0  0  0  0  0  0  0  1  0  0  0  0  0  0  0  0  0  0  0  0  0  0  0  0  0  0  0  0  0  0  0  0  0  0  5  0  0  0  0  8  0  0  0  0  0  0  0  0  0  656445  0  349376  11  12  0  0  9  1  0  0  0  0  0  0  0  0  2  1910  6415  0  0  16  240692  0  14  1  0  0  1  5  0  346464  0  0  0  0  9  13093  1  194370  179108  7238  0  0  0  1  0  1  1  0  0  1  636  338  0  
0  0  1677  0  0  0  0  886  31  0  0  0  0  0  0  877  0  0  0  0  0  0  0  0  0  0  0  0  0  3  0  0  0  0  0  0  0  0  0  0  0  0  0  0  0  365  0  0  0  0  0  0  0  0  0  0  0  0  0  0  0  0  0  0  0  0  0  0  0  0  0  0  0  0  0  0  0  0  0  1  453  17826  124  0  0  0  0  0  0  471673  0  0  0  0  0  0  0  0  0  5  103423  130712  273730  61147  0  0  0  0  0  1  0  0  0  0  12  0  0  0  409709  423014  0  0  1  0  0  0  0  13  0  9  0  0  0  0  0  0  0  0  0  0  126775  0  384  0  71  0  0  0  
0  0  0  0  0  1  0  0  0  1  0  0  0  0  0  0  0  0  0  0  0  0  0  0  0  0  0  0  0  0  0  0  0  0  0  0  0  0  0  0  0  0  0  0  0  0  0  0  0  0  0  1  0  0  0  0  0  0  0  0  0  0  0  0  0  11  0  1  0  0  0  0  0  0  30  0  0  0  53  208  631  116  3368  104  0  391411  0  90  116  46  607  1699  122  0  0  0  43  8  0  518213  267  121896  130352  0  2  25  21430  682  194  5098  0  0  97  69  116820  0  0  23  110483  507  533  923  539762  0  6  681  127  275  729  13917  52  25  3  1  5  7  13  9  274  2404  2459  131537  1310  0  2844  0  268  14  
0  0  0  0  0  12  2  3  0  1  0  0  0  0  0  14  0  0  0  0  0  0  0  0  0  0  0  0  0  0  0  1  0  0  0  0  0  0  0  0  0  0  0  0  0  0  0  0  0  0  0  0  0  1  0  0  0  0  0  0  0  0  0  0  0  170  0  0  0  0  0  0  0  0  144647  0  0  43  0  305010  1495  247  2500  11  0  492  3  2955  98385  514531  0  160  31  0  0  0  45  108  3  390  591  0  39  0  28  6794  0  0  0  139  0  0  3472  0  826  0  0  32  245  256  7441  3  10991  0  2  13235  614026  2916  3  13647  20  22  2  0  2  13837  285  1791  173  6896  2376  141  283  38369  1080  0  136  0  
0  0  0  0  31  13196  316  38  3  1  0  0  0  0  1  2911  3  14  0  0  0  0  1  0  0  0  0  0  0  0  78  1275  0  0  0  0  0  0  0  0  0  0  0  0  0  0  2  1  21  0  0  1  0  1  0  0  0  0  0  0  0  0  0  7  1  19870  0  1  0  903  0  0  0  0  45148  0  1  39  589806  0  363247  12810  3551  11  0  3020  7  3450  119039  821326  11  789  23  0  5  3  241  178719  0  292  135  1  52  0  6758  238617  0  0  0  80  0  0  1182  1  1083  1  1  14  881  2966  4507  23  6152  0  12  19519  70954  107180  3  5037  6  1  10  1  12  759  87464  61178  53  651734  604  168  1345  235403  781  0  962  0  
0  0  0  0  0  539  6052  170  1  0  0  0  0  0  0  4072  0  0  0  0  0  0  0  0  0  0  0  0  0  0  0  1  0  0  0  0  0  0  0  0  1  0  0  0  0  1  0  1  3  0  0  1  0  0  1  0  0  0  0  0  0  0  0  2  0  710  1  0  0  0  0  0  0  0  68  0  2  219  609  453011  0  390857  42878  17  0  334  0  196  14219  516057  4  429  30  0  1  0  159  21  1  1364  166  15  826  1  1  337  0  0  0  99  1  1  12  0  986  0  0  7  1598  9320  625  8  1430  0  3  12646  3244  393937  12  19197  19  2  6  1  8  43  45  33  236  268409  559  1682  10806  2  29760  0  669  0  
0  0  11  0  0  46  2863  42363  8841  1  0  0  0  0  0  14572  0  3  0  0  0  0  0  0  0  1  0  0  0  37  0  3  0  0  0  0  0  0  0  0  17  0  0  1  0  82  0  4  8  0  0  0  0  0  3  2  0  0  0  0  0  0  0  0  1  4179  0  0  0  0  6  0  12  0  2  0  2175  46  38  4984  336401  0  146971  14  0  0  0  3  72  529429  13  2346  58  0  2  1  1063  43  3  426  97  8  174248  53  4  35  0  0  1  52  0  0  1  0  3721  0  7  9  72177  228444  105  50  680  0  18  36  90  31103  0  5279  26  2  16  1  49  2  273  6  381  269606  327  61  442603  0  5254  0  2359  0  
0  0  49  0  0  0  27  583  78692  164  1  0  0  0  0  92  0  5  0  0  0  3  0  0  0  1  0  0  0  25461  0  2  0  0  0  0  0  0  0  0  7  0  0  27  0  2781  0  5  3  0  0  0  0  0  3  0  0  0  0  0  0  0  0  0  11  2408  0  0  0  0  11354  0  4  0  3  0  229  658  36  67  64194  105295  0  78346  0  30  0  27  200  920  10  389  658  0  3  13  197  9  44  9984  1223  12  146  26686  2  12  0  1  0  3074  41  21  7  0  16210  0  3  18241  872  149256  65  95  1977  0  19  130  185  907  0  3321  568  47  35  60  459  3  15  4  7847  333582  4741  504  530  0  246095  2  812  0  
0  0  0  0  0  0  1  0  1397  228  1  0  0  0  0  0  0  24  0  0  0  56  0  0  0  1  0  0  0  6641  0  5  0  0  0  0  0  0  0  0  15  0  0  33  0  0  0  14  11  0  0  0  0  0  4  0  0  0  0  0  2  0  0  0  15  248  1  0  0  0  217  0  12  0  4  0  3  910  17  29  134  27  118962  0  1  30  0  26  32  3  20  207  434  0  16  5793  23975  9  42  19456  323  0  52  52364  4  21  0  0  2  2964  323  41  12  0  19594  1  35  118012  416  558  111  711  2387  1  109  82  87  145  0  1688  99  12  106  653  5391  1  8  2  1800  103089  1531  195  99  0  30212  2  601  0  
0  0  0  0  0  0  0  0  0  7  84296  0  0  0  0  0  0  0  0  15639  0  18090  0  0  0  0  12  0  0  34797  0  0  0  0  0  0  0  0  0  0  0  127  0  4932  0  0  0  0  0  0  0  0  0  0  0  0  0  4  0  0  57  0  0  0  3092  8  0  0  0  0  4  0  0  0  0  0  0  0  0  0  0  0  0  53  0  0  0  0  0  0  0  0  792  563690  0  101835  1  0  0  1  26  0  0  37712  0  0  0  0  0  0  0  0  0  0  4  163335  0  683605  0  0  0  0  0  0  1  0  0  0  0  2  330  165451  0  0  6  0  0  0  303390  2  0  0  0  0  1  0  0  0  
0  0  0  0  0  1  0  0  0  0  0  0  0  0  0  0  0  0  0  0  0  0  0  0  0  0  0  0  0  0  0  0  0  0  0  0  0  0  0  0  0  0  0  0  0  0  0  0  0  0  0  0  0  0  0  0  0  0  0  0  0  0  0  0  0  21  0  0  0  0  0  0  0  0  45  0  0  501558  724  1959  443  7  251  7  0  0  685  175411  1706  10  2143  30583  7  0  0  0  11  1698  1  2523  13  23  4706  0  0  145  11698  1023  4795  27  0  0  8508  160650  95  0  3  3  519  17  2152  759  382851  0  0  114585  642  91  4  899  6  0  0  0  0  6  9  13  17  3162  42  306956  28  0  105  0  45  4  
0  0  0  0  0  0  0  0  0  0  0  0  0  0  0  0  0  0  0  0  0  0  0  0  0  0  0  0  0  0  0  0  0  0  0  0  0  0  0  0  0  0  0  0  0  0  0  0  0  0  0  0  0  0  0  0  0  0  0  0  0  0  0  0  0  0  0  0  0  0  0  0  0  0  3627  0  0  0  6  177  1  0  3  0  0  673  0  65958  3952  0  0  92  0  0  0  0  1  179404  0  0  1  0  0  0  13  94  0  22  22  0  0  0  174179  7  47  0  1  0  31  1  166418  0  99  0  0  65  12  1  0  16  0  0  0  0  0  146000  4552  71153  1  13  2  1  2  0  4  0  0  0  
0  0  0  0  0  1  2  0  0  0  0  0  0  0  0  0  0  0  0  0  0  0  0  0  0  0  0  0  0  0  0  0  0  0  0  0  0  0  0  0  0  0  0  0  0  0  0  0  0  0  0  0  0  0  0  0  0  0  0  0  0  0  0  0  0  28  0  0  0  0  0  0  0  0  9183  0  0  77  7895  6723  346  5  306  4  0  301000  64586  0  37057  21  0  458  2  0  0  0  5  3370  0  57  45  0  25  0  4  400  0  0  1  11  0  0  320877  102692  124  0  0  2  77  31  36729  1  199008  0  0  403442  4875  200  0  1551  2  3  0  0  0  57049  71  61  21  4987  138  2213  39  3  185  0  40  0  
0  0  0  0  0  2  0  0  0  0  0  0  0  0  0  0  0  0  0  0  0  0  0  0  0  0  0  0  0  0  0  0  0  0  0  0  0  0  0  0  0  0  0  0  0  0  0  1  0  0  0  0  0  0  0  0  0  0  0  0  0  0  0  0  0  81  0  0  0  0  0  0  0  0  58211  0  0  97  80039  100815  4895  122  1018  7  0  1687  19498  80434  0  97053  4  284  23  0  1  0  46  89074  1  283  112  2  186289  0  0  324  0  0  0  106  0  0  24  0  397  0  1  12  7466  73  363  2  1470  0  2  1500925  1963694  641960  23  7347  5  3  1  0  4  160515  21  24  140  4694  976  222196  237803  0  652  0  195  0  
1  0  354  0  37  4655  349  22939  81  0  0  0  0  0  0  27126  0  0  0  0  0  0  1  0  0  0  0  0  0  1  1545  578  0  0  0  0  0  0  0  0  0  0  0  0  0  323  0  1  0  0  0  0  0  0  0  0  0  0  0  0  0  0  0  0  0  48  0  0  0  2081  1  0  0  0  83247  0  338959  57  672763  948871  708943  551154  968  3  0  27  0  48  136260  0  0  44  5  0  0  1  16  15177  0  259  43  305  336658  292  64830  572  0  0  0  23  0  0  12  0  211  0  1  1  86749  62301  49  0  480  0  1  312  86014  948898  1  2808  4  0  0  0  3  20  2151  2104  76  2059  285  209  247821  339215  978  0  51  0  
0  0  0  0  0  1  0  0  2  25  0  0  0  0  0  0  0  13  0  0  0  0  0  0  0  0  0  0  0  5  0  5  0  0  0  0  0  0  0  0  6  0  1  4  1  0  0  11  4  0  0  0  0  0  2  1  0  0  0  0  0  0  0  0  4  27  0  0  0  0  0  0  9  0  7  0  0  735  1  6  42  20  738  184  0  3421  1  1  2  4  0  426924  26  0  1  0  165786  9453  4  2566  85  3  190  0  30  76  26591  53  146388  234  3  10  1  0  70928  0  37224  17  8381  112  6089  277780  67100  18  12  2  6  36  0  3110  10  2  9  5  66  0  274  91  82  1173  370  17  227  0  798  9  731  4  
0  0  0  0  0  1  0  0  0  28  0  0  0  0  0  0  1  23  2  0  0  1  4  0  0  2  0  0  0  4  0  2  0  0  0  0  0  0  0  0  4  0  0  9  0  0  0  27  10  0  0  0  2  0  4  1  0  0  0  0  0  0  0  0  8  39  1  0  0  0  0  0  27  0  198  0  0  2222  526  1594  1692  39  2635  205  0  21789  22  739  1345  10  313194  0  46  0  2  3  176334  181692  10  1734  227  6  170  0  248  1019  4104  54  32317  283  5  5  11  465  15952  0  15606  42  7470  393  214661  10469  239939  15  24  898  687  267  0  13179  31  3  16  12  104  37  6945  2050  256  2719  680  41  461  1  1666  4  1043  3  
0  0  0  0  0  0  1  0  0  0  0  0  0  0  0  0  0  1  0  0  0  0  0  0  0  0  1  0  0  0  0  0  0  0  0  0  0  0  0  0  0  0  0  0  0  0  0  0  0  0  0  0  0  0  0  0  0  0  0  0  0  0  0  0  0  27  0  0  0  0  0  0  0  0  17  654167  1  1951  111  167  775  133  449  16  1166  203  0  135  295  50  14  263  0  86797  2896  29852  44  5  166115  3478  276  55  223  8  0  28  0  0  1  54  126  30325  22  0  1222  332318  10  145669  3997  73  454  95  8633  0  188507  737  1273  1521  2  141233  1581532  883610  180025  459  107319  13  15  4  10806  778  157  11016  244  0  471  19637  398692  0  
0  0  0  0  0  0  0  0  0  0  372  0  0  0  0  0  0  0  0  61  0  0  0  0  0  0  27  0  0  882  0  0  0  0  0  0  0  0  0  0  0  0  0  0  0  0  0  0  0  0  0  0  0  0  0  0  0  0  0  0  0  0  0  0  162  0  0  0  0  0  9  0  0  0  0  1  0  0  0  0  0  0  1  1  536427  0  0  0  0  0  0  0  103325  0  0  43  0  0  5695  0  162145  0  0  40140  0  0  0  0  0  0  0  0  0  0  1  217786  0  251556  1  0  0  0  0  0  52  0  0  0  0  188519  25725  474625  0  0  162  0  0  0  196686  1  0  0  1  0  163  0  1  0  
0  2  0  0  2  0  0  0  0  67  0  0  0  0  0  0  1  33  4  0  2  63  15  0  0  20  0  0  0  1  0  15  0  0  0  0  0  0  0  4  174  0  0  29  1  0  1  58  31  0  3  1  0  0  15  1  9  0  0  0  7  0  0  0  3  41  1  2  0  0  0  0  96  4  0  348512  0  79  0  2  3  1  178  43  0  5  0  0  2  0  7  68  3436  0  0  7868  198192  23  30  430  11  0  3  0  410  1154  0  1  22  89  114758  1334  0  0  953  17123  1938  41  19  31  2  265  188  435991  234390  4  3  6  0  207  97  0  130220  829264  923249  0  58  0  3  179  34  17  4  0  54  580  29059  6  
0  31  0  0  0  1  0  0  11  425  3631  0  0  0  0  0  0  9  1  1  3  21946  7  0  0  5  0  0  0  1476  0  5  0  0  0  0  0  0  0  0  44  66  0  448  1  0  2  15  5  0  15  0  1  0  10  0  1  0  1  0  26  0  0  1  11  395  0  1  0  0  1  0  25  0  1  27  0  19  0  1  1  0  109  5048  54717  2  0  0  0  1  0  18  34042  214  10267  0  86854  13  2  314  7  0  0  14030  117  458  0  0  1  57  2  1  0  0  519  442766  26  983688  11  22  0  61  60  0  69219  2  9  7  0  101  50567  274  348  14  771632  0  26  0  1060  172  30  21  2  0  31  0  370  0  
0  0  0  0  1  1  0  0  2  62  0  0  0  0  0  0  0  47  0  0  0  4  6  0  0  8  0  0  0  5  0  10  0  0  0  0  0  0  0  0  64  0  1  13  1  0  0  56  19  0  1  0  0  0  11  0  1  0  0  0  0  0  1  2  3  58  5  1  0  0  0  0  55  3  7  1  1  490  16  35  83  11  3804  18657  0  45  0  12  16  0  94381  193887  255  0  186465  52058  0  39976  124  11021  271  3  45  4  331  1893  1  19  254620  2060  6696  242  1  0  15259  4  556473  95006  253  708  788  17443  1441  276339  497  40  60  111  2  3297  252  13  328  7033  643690  2  2774  59  434  2217  900  85  104  0  2112  19  33776  49  
0  0  0  0  0  4  0  0  1  3  0  0  0  0  0  0  1  7  1  0  0  0  16  36  0  1  0  0  0  0  1649  10  0  0  0  0  0  0  0  0  8  0  0  1  0  0  0  9  2  0  0  0  0  0  2  0  0  0  0  0  0  0  6  0  0  12  0  0  0  73  0  0  6  0  421567  0  0  17  975  83463  125  7  248  4  0  1764  326752  5393  104308  12465  7440  223208  4  0  8  18  79822  0  0  125  10  0  8  0  264082  26802  18  2121  3528  29  0  0  163133  2  3961  1  5957  9  659  33  508800  726  1002  0  15  360  145  27  0  908  5  2  3  1  23  287542  693612  1262871  14  800  65  15  30  80218  132  0  382  0  
0  0  0  0  0  0  0  0  0  0  0  0  0  0  0  0  0  1  0  1  0  0  0  0  0  0  0  0  0  16  0  0  0  0  0  0  0  0  0  0  1  0  0  0  0  0  0  0  0  0  0  0  0  0  0  0  0  0  0  0  0  0  0  0  0  1  0  0  0  0  0  0  0  0  1  1  0  167  30  20  40  1  311  10  0  7  0  6  23  3  2  15  155435  618  858  8  53  0  0  532303  84958  3  11  16  0  3  2  58499  0  171706  393  1343  1  0  7878  0  12  3682  165  9  20  118  569  1  4208  41  112  103  173657  778036  169  11978  2599  1190  8142  0  0  1  147  69  834  307  10  0  127  47  1052675  0  
0  0  0  0  0  2  1  0  1  4  0  0  0  0  0  0  0  7  0  0  0  0  0  0  0  0  0  0  0  0  0  0  0  0  0  0  0  0  0  0  7  0  0  0  0  0  0  1  7  0  0  1  0  1  1  0  0  0  0  0  0  0  0  0  1  158  0  0  0  0  0  0  2  0  204  0  9  333267  248  774  2190  411  9274  1117  1  1218  0  1271  760  186  1412  1982  590  0  12  1  327  89  338715  0  25141  216998  898  10  8  127  86832  24410  11  662718  88  1182  248  0  522257  0  11  364  167451  1744  4525  559  41616  0  62  2162  1021  4880  204666  222130  337  55  87  242  475  24  78  72  384  25330  566281  8374  2353  0  6137  20  40875  1736  
0  0  0  0  0  0  0  0  0  0  1  0  0  0  0  0  0  0  0  0  0  0  0  0  0  0  26  0  0  807  0  0  0  0  0  0  0  0  0  0  0  0  0  0  0  0  0  0  0  0  0  0  0  0  1  0  0  0  0  0  0  0  0  0  1  1  0  0  0  0  1  0  1  0  0  0  142808  18  209  104  328  50  852  6  20  8  0  7  41  24  6  40  82  173136  0  0  13  2  35560  73598  0  2497  412  781365  0  2  0  0  0  477  0  1  3  0  4101  0  0  18  616  92575  45  27  99  0  3  77  152  275  10094  1003804  7  721  1  0  10  2  4  0  68500  1717  699438  30  889  0  125839  0  81  0  
0  0  0  0  0  0  0  0  0  0  0  0  0  0  0  0  0  0  0  0  0  0  0  0  0  0  0  0  0  0  0  0  0  0  0  0  0  0  0  0  0  0  0  0  0  0  0  0  0  0  0  0  0  0  0  0  0  0  0  0  0  0  0  0  0  3  0  0  0  0  0  0  1  0  5  0  138709  139679  3  10  56  13  75  1  0  24  0  14  13  3579  1  44  1  0  0  0  7  0  0  275135  2136  0  60106  0  0  3  1  0  0  16  0  0  7  0  101  0  0  2  1140708  8386  142  0  2349  0  0  51  103  82  4  226  3  0  1  0  1  0  3  3  5  258  617452  550  22  0  60  0  32  0  
0  0  0  0  0  0  0  1  0  0  0  0  0  0  0  6  0  0  0  0  0  0  0  0  0  0  0  0  0  0  0  0  0  0  0  0  0  0  0  0  0  0  0  0  0  0  0  0  0  0  0  0  0  0  1  0  0  0  0  0  0  0  0  0  0  21  0  0  0  0  0  0  2  0  4  0  185050  164584  23  104  1120  88548  1555  9  0  12467  0  17  169431  289134  9  189  14  0  2  2  42  3  0  246  146  87390  0  2  0  14  0  0  0  59  0  0  1  0  1044  0  1  5  1282425  9766  275  7  4062  0  5  6359  50  3370  5  4812  8  4  1  2  6  1  40  4  253  622  1927  474712  690443  0  686  0  469  0  
0  0  519  0  0  0  0  29  9252  73  215  0  0  0  0  24  0  1  0  155  0  66  0  0  0  0  1463  0  0  219692  0  0  0  0  0  0  0  0  0  0  0  0  0  23  0  1245  0  0  1  0  0  0  0  0  0  2  0  0  0  0  0  0  0  0  171  75  0  0  0  0  15127  0  0  0  0  0  64920  1  0  0  5  1088  36775  55536  48842  0  0  0  0  528  0  2  2  52824  0  21819  0  0  9  11  705762  0  0  0  0  0  0  0  0  1  0  0  0  0  56  0  1  34226  7  385400  0  2  5  0  0  0  3  0  0  139059  2  207  0  1  4  0  0  0  623061  53  998  2  1  0  500940  0  4  0  
0  0  1  1  2  1761  0  0  1  19  0  0  0  0  0  14  3  23  1  0  0  0  5  156  0  2  0  0  0  1  25486  561  0  0  0  0  0  0  0  0  9  0  0  5  0  0  2  27  21  0  0  0  0  0  3  0  1  0  0  0  0  0  25  0  1  42  1  0  0  6580  0  0  17  0  63267  0  1  7  213  21195  11  6  183  4  0  5  0  12  13  47397  82  3315  7  0  6  1  5948  247872  0  119  14  1  14  1  0  184670  0  0  9  23  0  0  71  0  1063  0  12  4  1144  32  546  153  217  0  6  113  12  8  0  804  6  0  11  2  12  139  415943  1187  16  316  45  5  44  250919  117  0  270  0  
17  0  0  1  5  700  0  0  0  25  0  0  0  0  0  56  11  192  8  0  1  2  54  22  0  8  0  0  0  0  237  63070  0  0  0  0  0  0  2  2  42  0  0  25  3  0  37  29  209  0  1  6  1  2  2  0  5  1  0  0  2  0  17  45  1  896  2  3  6  264  0  0  70  1  4952  0  0  66  1046  150845  120  22  566  34  0  13  1  56  85  371  43  2896  26  0  25  42  2346  9382  6  530  41  1  28  0  161198  0  1  0  13  90  0  1  259  0  2151  0  43  32  2313  77  1803  672  436  0  45  446  113  40  0  2057  14  0  35  5  83  515  225870  5823  35  85715  197  18  75  42367  287  0  4079  0  
0  0  0  0  0  0  0  0  0  0  0  0  0  0  0  0  0  0  0  0  0  0  0  0  0  0  0  0  0  0  0  0  0  0  0  0  0  0  0  0  0  0  0  0  0  0  0  0  0  0  0  0  0  0  0  0  0  0  0  0  0  0  0  0  0  0  0  0  0  0  0  0  0  0  0  0  0  15166  0  0  0  0  0  0  0  8813  1  0  0  0  27293  1704  0  0  0  0  0  3  1  58521  0  0  0  0  0  0  0  127659  156837  238676  0  0  0  0  222488  0  0  0  0  0  2  249818  3685  0  0  0  0  0  0  0  0  0  0  0  0  0  0  0  0  0  0  0  0  0  0  0  8  218690  
0  0  0  0  0  0  0  0  0  0  0  0  0  0  0  0  0  0  0  0  0  0  0  0  0  0  0  0  0  0  0  0  0  0  0  0  0  0  0  0  0  0  0  0  0  0  0  0  0  0  0  0  0  0  0  0  0  0  0  0  0  0  0  0  0  0  0  0  0  0  0  0  0  0  0  0  0  1443  0  0  0  0  10  0  0  2647  264  1  0  0  27  16  1  0  0  0  86  3551  54420  27616  0  0  0  0  0  0  110556  0  895037  382283  11  102346  1  0  33699  0  216933  0  1  0  22  64969  16  42  0  1  0  0  0  1  1  0  5  18  197  0  0  280  0  1  1  3  0  0  4  118  949924  183467  
0  0  0  0  0  0  0  0  0  18  0  0  0  0  0  0  0  7  0  0  0  0  0  0  0  1  0  0  0  0  0  0  0  0  0  0  0  0  0  0  2  0  0  1  0  0  0  18  4  0  0  0  0  0  1  0  0  0  0  0  0  0  0  0  2  16  0  0  0  0  0  0  12  0  0  0  0  209  1  1  7  2  190  42  0  4165  123  1  0  0  105457  36629  14  0  37  1  205601  5469  6  356  10  0  4  0  12  53  164167  653644  0  65  197  52751  0  0  945  0  330910  13  12  18  1381  464294  317  16620  11  1  2  3  0  323  5  1  21  800  569  0  5  315  4  207  39  9  4  0  48  12977  110436  85192  
0  0  0  0  0  1  0  0  0  0  0  0  0  0  0  0  0  2  0  0  0  0  0  0  0  0  0  0  0  0  0  0  0  0  0  0  0  0  0  0  0  0  0  0  0  0  0  0  0  0  0  0  0  0  0  0  0  0  0  0  0  0  0  0  0  2  0  0  0  0  0  0  1  0  7  2  0  4171  55  338  558  17  720  39  0  62  0  20  444  63  34  49  322  0  180  31  450  1  76034  514841  40  12  50  0  0  9  151265  432278  7  0  793  171  5  0  439196  0  686  2327  907  89  73  2988  1741  66  53  449  536  2918  97704  18095  298  32  534  2266  4264  5  4  0  47  858  6690  765  557  0  317  235  188094  178004  
0  0  0  0  0  0  0  0  0  1  0  0  0  0  0  0  0  0  0  0  0  0  0  0  0  0  0  0  0  0  0  0  0  0  0  0  0  0  0  0  0  0  0  0  0  0  0  1  0  0  0  0  0  0  0  0  0  0  0  0  0  0  0  0  0  0  0  0  0  0  0  0  0  0  0  9540  0  5  0  0  0  2  83  12  0  1  0  0  0  0  0  2  0  0  70845  2  7862  0  10  55  2  0  0  0  0  0  0  7  35  19  0  444489  0  0  340  0  278656  6  2  7  1  122  24  314296  1  0  0  1  0  26  7  1  63250  641420  5707  0  0  0  0  24  5  7  2  0  20  876875  7686  12  
0  0  0  0  0  0  0  0  0  0  0  0  0  0  0  0  0  0  0  0  0  0  0  0  0  0  0  0  0  0  0  0  0  0  0  0  0  0  0  0  0  0  0  0  0  0  0  0  0  0  0  0  0  0  0  0  0  0  0  0  0  0  0  0  0  0  0  0  0  0  0  0  0  0  0  26009  0  27  0  0  2  0  116  9  0  1  1  0  1  0  6  3  3777  0  1211  5  2681  3  478  790  3  1  1  0  0  0  0  80124  37241  64  428607  0  0  0  461  0  312151  16  10  3  2  50349  64  143143  112  2  0  2  0  65  54  0  313588  43082  5718  0  0  1  2  33  10  10  2  0  25  951911  1517106  970  
0  0  0  0  0  1  0  0  0  0  0  0  0  0  0  0  0  0  0  0  0  0  0  0  0  0  0  0  0  0  0  0  0  0  0  0  0  0  0  0  0  0  0  0  0  0  0  0  0  0  0  0  0  0  0  0  0  0  0  0  0  0  0  0  0  7  0  0  0  0  0  0  0  0  103230  0  0  2821  6507  19538  132  12  288  13  0  7918  144972  302254  58  6  6  314  2  0  0  0  9  27989  0  86  18  0  48  0  278  3183  0  1  0  19  0  0  0  1040  580  0  0  0  668  36  84615  2  201291  0  0  24546  5806  65  0  1046  1  1  2  0  1  38857  15548  59084  37  1074  78  6940  38  42  168  0  10  0  
0  0  0  0  0  0  0  0  0  0  0  0  0  0  0  0  0  0  0  0  0  0  0  0  0  0  0  0  0  0  0  0  0  0  0  0  0  0  0  0  0  0  0  0  0  0  0  0  0  0  0  0  0  0  0  0  0  0  0  0  0  0  0  0  0  0  0  0  0  0  0  0  0  0  0  0  0  7067  0  0  0  0  0  0  0  243407  11  127972  0  0  0  273  0  0  0  0  0  2  0  0  0  0  0  0  0  0  0  0  0  1  0  0  3746  0  2  0  0  0  0  0  1686  1  82869  0  0  2399  0  0  0  1  0  0  0  0  0  0  0  0  0  1  0  28233  0  0  0  0  0  0  
0  0  0  1  0  7  4  0  63  623  0  1  0  1  2  3  4  353  4  0  1  3  5  0  0  31  0  0  1  125  0  59  0  0  0  0  0  0  0  2  248  0  2  286  8  0  5  431  177  0  5  4  0  2  104  3  15  0  0  0  2  0  0  0  124  821  8  7  4  0  0  0  340  6  174  1  30  143938  1079  887  2546  577  76021  11329  0  412  0  328  606  158  67966  36853  10458  3  155  78  46363  916  7615  524574  3670  96  2634  50  246  1268  182890  38309  265  369597  995  639  120  0  0  0  15090  4962  80531  5867  2996  285544  109923  345  241  1213  2054  3355  44208  92979  4639  656  784  3006  13410  62  5519  186  1590  158630  16690  8102  4887  0  20687  230  89614  106315  
0  3  0  0  0  0  0  0  0  8  157  0  0  0  0  0  0  2  0  21  0  240  2  0  0  1  0  0  0  0  0  0  0  0  0  0  0  0  0  0  12  22  0  18  0  0  0  2  2  0  11  0  0  0  3  0  0  0  0  0  7  0  0  0  0  7  0  0  0  0  0  0  10  0  0  171656  0  0  0  0  0  0  0  2  169266  0  0  0  0  0  0  0  337473  226522  11100  488009  3  0  0  2  0  0  0  0  3  3  0  0  0  1  0  0  0  0  2  0  1  455723  0  0  1  1  4  0  400691  0  0  0  0  0  67656  4045  27  1  60703  0  1  0  1  2  0  1  0  0  0  0  1  0  
0  0  0  0  0  1  0  0  0  4  0  0  0  0  0  0  0  9  0  0  0  0  0  0  0  1  0  0  0  1  0  1  0  0  0  0  0  0  0  0  3  0  1  3  0  0  0  5  5  0  0  0  0  0  0  0  0  1  0  0  0  0  0  0  0  9  1  0  0  0  0  0  8  0  0  0  0  9  0  0  1  1  83  44  0  1  0  0  0  0  2142  4200  7  0  123  6  484450  4844  28  258  7  0  1  0  8  41  0  150841  286691  94  185689  355221  0  0  912  0  0  13  8  21  4  34630  32  294746  10  1  1  2  0  122  1  0  19  1333  1450  0  2  13  1  152  18  4  2  0  24  46416  42320  714  
0  0  0  0  0  0  0  0  1  29  2071  0  0  0  0  0  0  11  1  13  0  5549  0  0  0  2  0  0  0  22  0  3  0  0  0  0  0  0  0  0  40  0  0  787  0  0  0  20  10  0  0  0  0  0  4  0  4  0  0  0  3  0  1  0  5  32  0  0  0  0  0  0  16  1  15  52  1  3095  117  137  254  39  45360  143167  731406  98  1  42  195  18  10  350  89524  97710  71  935294  58215  13  278  15310  216  6  155  49290  1  25  0  0  1  685  8  3  14  0  9313  295053  4  0  1407  616  290  70  7646  0  8312  352  805  910  1  12314  264492  335779  20200  52  164357  11  40  7  360846  1914  903  1875  256  0  60426  63  14211  0  
0  0  1  0  0  3  1  0  0  3  0  0  0  0  0  0  0  5  1  0  0  0  2  0  0  1  0  0  0  0  0  2  0  0  0  0  0  0  0  1  16  0  0  2  0  0  0  3  3  0  0  1  0  0  3  0  0  0  0  0  0  0  0  0  0  277  0  0  0  0  0  0  9  0  175  0  276149  100574  895  1157  8730  47277  12954  294  0  1096  0  735  4285  111850  459  4064  116  0  6  4  852  136  8  363682  1262  1064032  1196564  9  13  235  0  0  3  1844  0  0  194  0  20833  0  17  64  0  136225  6636  84  76450  0  35  4624  8115  16022  214  27282  80  31  34  2  79  93  606  113  818  18108  622206  136872  354048  0  7008  0  3921  0  
0  0  1352  0  0  1  0  3114  905  3  0  0  0  0  0  499  0  2  0  0  0  0  0  0  0  0  1  0  0  10  0  1  0  0  0  0  0  0  0  0  4  0  0  0  0  4140  0  3  2  0  0  0  0  0  1  0  0  0  0  0  0  0  0  0  0  32  0  0  0  0  56  0  4  0  8  0  286705  99  182  555  34992  228352  142368  226  0  7  0  5  89  44433  27  3215  150  0  3  0  1356  65  13  16456  73755  5842  4376  439332  4  29  0  0  0  7279  1  0  6  0  32861  0  8  37  228676  0  189  131  982  0  16  110  258  1242  1  137163  109  23  14  4  46  1  320  5  1813  49509  123724  160  4934  0  189888  1  1625  0  
0  0  0  0  0  2  1  0  0  0  0  0  0  0  0  0  0  1  0  0  0  0  3  0  0  0  0  0  0  0  0  1  0  0  0  0  0  0  0  0  0  0  0  1  0  0  0  0  1  0  0  0  0  0  0  0  0  0  0  0  0  0  0  0  0  29  0  0  0  0  0  0  2  0  22748  0  1  30  21984  12681  1788  33  2385  31  0  5629  108036  17069  1583  23  320  141624  20  0  1  2  441  367833  1  386  192  5  149  2  458  7865  5  7  155  139  1  1  73916  631  7555  0  2  15  11262  354  0  102  66910  0  2  12979  2471  476  1  12108  16  6  2  1  7  2518  47239  235929  210  2997  694  60  480  48  1451  0  175  0  
0  0  0  0  0  8  0  0  33  754  0  0  0  0  1  0  10  559  5  0  0  0  10  0  0  35  0  0  0  85  0  136  0  0  0  0  0  0  0  4  165  0  3  162  6  0  1  818  244  0  4  5  1  0  79  7  9  1  1  0  2  0  1  0  97  705  16  2  0  2  3  0  484  1  1  1  0  1909  16  29  39  9  1851  1629  0  1708  3  8  4  1  276405  81092  347  0  108  10  47379  918  123  5491  131  1  25  3  263  2030  262382  70814  517018  2671  416  106175  4  0  267134  1  163645  234  265  308  314  0  2174  29249  91  22  29  57  0  2065  69  5  92  1955  1628  0  216  102  43  10403  500  65  44  0  435  25681  312317  312819  
0  0  0  0  0  7  1  0  1  6  0  0  0  0  0  0  0  2  0  0  0  1  0  0  0  0  0  0  0  0  0  1  0  0  0  0  0  0  0  0  3  0  0  2  0  0  0  3  1  0  0  0  0  0  0  0  0  0  0  0  0  0  0  0  1  148  0  0  0  0  0  0  3  0  19042  0  5  578635  61965  46120  23649  700  51785  2335  0  419636  98  213936  11481  270  69624  259796  609  1  0  0  2013  1420  21  84029  2856  1875  11134  15  84  3163  7076  10  232  2877  5  1  136552  48600  97987  0  6  334  105108  4820  72760  917  0  0  18  83154  13433  3344  98  181873  401  155  28  8  62  1603  1893  578  3660  32328  6975  71659  6446  105  25622  0  1350  0  
0  0  0  0  0  0  0  0  0  0  0  0  0  0  0  0  0  0  0  0  0  0  0  0  0  0  0  0  0  0  0  0  0  0  0  0  0  0  0  0  0  0  0  0  0  0  0  0  0  0  0  0  0  0  0  0  0  0  0  0  0  0  0  0  0  1  0  0  0  0  0  0  1  0  0  0  0  9  0  0  2  0  43  3  0  0  0  0  1  0  14  4  2  0  403894  2  262833  1  34  92  2  0  1  0  0  0  0  69  7474  94  381146  121254  0  0  677  0  611475  3  2  3  1  5232  24  0  0  0  0  2  0  28  2  0  219  335851  106258  0  0  0  2  17  0  4  1  0  17  64781  187126  288  
0  14  0  0  0  1  0  0  0  33  0  0  0  0  0  0  0  11  0  0  0  207  0  0  0  6  0  0  0  3  0  1  0  0  0  0  0  0  0  0  41  0  0  10  1  0  0  13  10  0  10  1  0  0  4  0  3  0  0  0  7  0  0  0  0  14  0  1  0  1  0  0  18  0  0  285127  0  117  2  0  3  0  24  15  2  4  0  2  2  0  0  7  92609  20  204973  49175  9  2  1  140  2  0  4  0  19  16  0  0  0  6  11  0  0  0  56  384220  0  679  26  3  2  9  271  0  0  6  1  2  0  64  57577  6  65644  11145  416642  0  1  0  7  24  9  21  3  0  14  1  225  0  
0  0  0  0  0  26  3  2  0  1  0  0  0  0  0  1  0  0  0  0  0  0  1  0  0  0  0  0  0  0  0  0  0  0  0  0  0  0  0  0  0  0  0  0  0  0  0  0  7  0  0  0  0  1  0  0  0  0  0  0  0  0  0  0  0  472  0  0  0  0  0  0  1  0  23139  0  0  8885  80850  75406  43647  233  2621  14  0  228240  31  695830  1115177  2608  6  1202  37  0  1  1  110  888  1  506  364  2  8996  0  13  3654  0  0  0  167  0  0  16359  2197  1035  0  3  35  1688  272  4974  8  46045  0  8  0  412882  523778  17  13733  24  11  5  0  17  184219  246  259  220  38148  2406  605237  621  6  1521  0  646  0  
0  0  0  0  0  15  3  9  0  2  0  0  0  0  0  0  0  0  0  0  0  0  0  0  0  0  0  0  0  0  0  1  0  0  0  0  0  0  0  0  0  0  0  0  0  0  1  1  2  0  0  0  0  0  0  0  0  0  0  0  0  0  0  0  0  471  0  0  0  1  0  0  0  0  183579  0  0  116  535765  93704  4337  863  4447  18  0  1794  9  16627  2178438  76433  2  239  52  0  0  2  50  165  1  646  515  1  104  1  7  4109  0  0  0  225  0  0  13632  0  1210  0  1  39  1224  300  719  7  2827  0  1  623534  0  205719  10  19485  26  18  0  3  8  331482  137  105  311  18122  2339  1615  460  16  2048  0  228  0  
0  0  0  0  0  0  0  0  0  0  0  0  0  0  0  0  0  1  0  0  0  0  0  0  0  0  0  0  0  1  0  0  0  0  0  0  0  0  0  0  8  0  0  2  0  0  0  2  2  0  0  0  0  0  1  0  0  0  0  0  0  0  0  0  1  437  0  0  0  0  0  0  3  0  148  0  2  286  1480  95038  419327  76237  11547  47  0  243  0  372  716030  1136742  10  1036  125  0  3  1  401  26  5  3578  448  10  14981  6  3  167  0  0  1  1020  2  0  134  0  5022  0  8  115  24167  2354  785  27  3047  0  8  503914  87103  0  127  69960  91  51  15  2  34  244  81  27  1677  16947  4586  86654  295924  0  8775  0  1526  0  
0  0  0  0  0  0  0  0  1  0  0  0  0  0  0  0  0  0  0  0  0  0  0  0  0  0  0  0  0  0  0  0  0  0  0  0  0  0  0  0  0  0  0  0  0  0  0  0  0  0  0  0  0  0  0  0  0  0  0  0  0  0  0  0  0  0  0  0  0  0  0  0  0  0  3  0  0  758  41  245  425  10  66  0  0  28  0  23  412  48  0  15  148  0  0  0  5  3  197328  251218  5731  49  30  0  0  6  0  0  0  207584  0  0  7  0  62689  0  0  58  689  17  62  0  551  0  0  436  551  2268  0  212205  75  28  0  0  1  3  2  0  15  227  19837  473  355  0  63  0  47697  0  
0  0  0  0  0  3  0  3  0  5  0  0  0  0  0  0  0  5  0  0  0  0  0  0  0  0  2  0  0  44  0  1  0  0  0  0  0  0  0  0  2  0  0  0  0  0  0  4  4  0  0  0  0  0  1  1  0  0  0  0  0  0  0  0  0  238  0  0  0  0  0  0  3  0  150  3  1340  5922  7050  6260  14277  894  27401  219  12  467  0  407  5415  1089  52  1224  143593  129041  438  33  431  40  635252  238924  936709  253  1133  109008  15  256  0  3  2  26369  214  86  172  2  71429  1  106  18566  11897  70384  1972  840  19176  3  4329  8220  16997  31188  216372  0  15498  295483  2483  483  5984  206  89  39  113172  19010  309533  26281  7775  0  319343  8  142570  0  
0  0  0  0  0  0  0  0  0  0  0  0  0  0  0  0  0  0  0  0  0  0  0  0  0  0  0  0  0  1  0  0  0  0  0  0  0  0  0  0  0  0  0  0  0  0  0  0  0  0  0  0  0  0  0  1  0  0  0  0  0  0  0  0  0  28  0  0  0  0  0  0  0  0  30  2550  1  2962  292  344  841  125  626  10  2574  200  0  125  1018  83  9  248  1596897  40392  354  16492  41  6  198  4079  46  28  269  1  0  39  0  0  0  91  7  3  27  0  1451  69399  0  457731  3808  177  416  6  9441  0  60285  1783  4189  3753  7  8678  0  155473  58324  39  221592  50  9  5  9393  843  206  13045  297  0  827  3  108603  0  
0  0  0  0  0  0  0  1  0  0  0  0  0  0  0  0  0  0  0  0  0  0  0  0  0  0  0  0  0  4  0  0  0  0  0  0  0  0  0  0  0  0  0  0  0  0  0  0  0  0  0  0  0  0  0  0  0  0  0  0  0  0  0  0  0  6  0  0  0  0  0  0  0  0  12  0  0  358  240  268  392  25  208  3  164819  40  0  40  603  45  4  45  1139644  434416  42  58  7  3  10534  1097  339  0  59  97  0  9  0  0  0  84  4  0  15  0  527  10123  0  606279  935  77  95  1  1133  0  667  1016  2475  2461  10  278125  83116  0  352  21  1328  28  2  1  303513  301  121  3742  95  0  1944  0  1260  0  
0  0  0  0  0  0  0  0  0  1  0  0  0  0  0  0  0  0  0  0  0  0  0  0  0  0  0  0  0  0  0  0  0  0  0  0  0  0  0  0  0  0  0  0  0  0  0  0  0  0  0  0  0  0  0  0  0  0  0  0  0  0  0  0  0  8  0  0  0  0  0  0  0  0  10  140778  2  10135  39  56  112  8  1349  59  0  255  0  54  34  6  2  210  266855  0  68360  70  47  7  272  6016  96  25  314  2  0  15  0  0  0  312  52256  343568  15  1  2789  22  13  3601  1637  170  298  30  23743  22  228045  347  75  98  0  3211  57682  10  0  222966  100175  2  25  4  102  675  283  2548  125  0  642  374635  216449  0  
0  0  0  0  0  0  0  0  0  1  0  0  0  0  0  0  0  1  0  0  0  0  0  0  0  0  0  0  0  0  0  0  0  0  0  0  0  0  0  0  0  0  0  0  0  0  0  1  0  0  0  0  0  0  0  0  0  0  0  0  0  0  0  0  0  0  0  0  0  0  0  0  1  0  0  193653  1  147  2  3  16  4  1018  78  0  4  0  6  2  0  4  21  2070  0  740230  125  8384  0  153  1102  29  0  11  1  0  1  0  13  39  416  503733  68559  1  0  3180  0  1733  157  56  67  7  243  369  386973  34261  7  11  13  0  399  119  5  229283  0  146212  2  1  0  21  308  84  54  5  0  187  376562  144223  31  
0  15  0  0  0  0  0  0  0  15  0  0  0  0  0  0  0  7  0  0  0  122  3  0  0  3  0  0  0  2  0  4  0  0  0  0  0  0  0  0  36  0  1  10  0  0  0  11  6  0  8  1  0  0  1  0  1  0  0  0  6  0  0  0  2  15  0  1  0  0  0  0  16  1  3  8999  1  931  13  35  114  18  8221  939  5  24  0  2  31  4  36  79  125985  117  825321  721317  511319  5  1854  9421  213  1  48  2  18  101  0  148  541  2877  11909  10397  1  0  33464  40160  1019  139097  270  491  47  464  2008  67467  469366  42  60  145  0  3411  170481  314  129919  117809  0  1  14  2  70  3561  686  263  86  0  1012  69  50216  11  
0  0  0  0  0  1  0  0  0  0  0  0  0  0  0  0  0  0  0  0  0  0  0  0  0  0  0  0  0  0  0  0  0  0  0  0  0  0  0  0  0  0  0  0  0  0  0  0  0  0  0  0  0  0  0  0  0  0  0  0  0  0  0  0  0  3  0  0  0  0  0  0  0  0  190429  0  0  28  9215  10137  61  6  192  4  0  25  253740  97455  132860  5  0  24  3  0  0  0  5  247654  0  26  12  0  1  0  21  809  0  0  0  9  0  0  174240  0  80  0  0  2  61  19  454  1  194  0  0  179852  203883  85  0  1106  3  1  0  0  0  0  194  3479  33  671  53  50  23  3  123  0  4  0  
0  0  0  0  0  2  0  0  2  15  0  0  0  0  0  0  1  10  1  0  0  2  48  19  0  4  0  0  0  0  843  21  0  0  0  0  0  0  0  0  23  0  0  10  0  0  0  22  9  0  0  0  0  0  1  0  1  0  0  0  0  0  2  0  3  24  0  0  0  31  0  0  25  0  16388  0  0  24  1440  82648  245  30  1029  27  0  39  417  168  465  102  105  25320  25  0  21  25  20117  681794  5  404  83  4  88  1  364537  287848  1  0  18  71  0  0  2269  0  12150  0  14  15  7696  207  24793  296  1484  0  28  795  332  84  0  5122  6  3  6  1  35  2212  0  122039  114  1669  403  22  231  123110  699  0  1008  0  
0  0  0  0  0  0  0  0  0  0  0  0  0  0  0  0  0  1  0  0  0  0  1  0  0  0  0  0  0  0  0  0  0  0  0  0  0  0  0  0  0  0  0  0  0  0  0  0  0  0  0  0  0  0  0  0  0  0  0  0  0  0  0  0  0  18  0  0  0  0  0  0  0  0  47146  0  0  6  3221  100625  89  14  220  2  0  17  172577  171  148  796  550  3305  0  0  0  0  1481  1219459  1  48  21  0  23  0  1567  39356  0  107  100  16  0  0  405275  0  1297  0  30  0  1395  46  264473  17  357  0  1  565  131  36  0  1134  3  1  0  0  5  11300  217535  0  22  4732  71  6  45  22764  146  0  41  0  
0  0  0  0  0  0  0  0  0  0  195  0  0  0  0  0  0  0  0  1  0  4  0  0  0  0  7  0  0  5570  0  0  0  0  0  0  0  0  0  0  0  0  0  3  0  0  0  0  0  0  0  0  0  0  1  0  0  0  0  0  0  0  0  0  24  3  0  0  0  0  0  0  0  0  16  2  2  598  296  396  871  138  16087  1363  452432  34  0  43  699  48  4  93  25823  235434  71  846  20  1  1338  3698  102149  6  103  777708  1  28  0  0  1  311  17  2  18  0  2169  3  0  416273  1018  930  129  20  1931  0  1405  1080  2154  4018  6  189305  22845  444276  919  50  1738  24  10  3  0  734  448  2454  486  0  127432  0  10394  0  
53  0  1  15  22  47936  2498  3692  52225  93887  0  0  0  2  8  168  106  7251  69  1  0  23  35  50  2  381  13  0  21  13857  16  3168  1  0  3  0  0  0  8  3  1871  0  53  6130  216  0  146  9109  3821  0  7  109  20  67  2635  183  43  10  6  0  4  0  41  136  4412  313591  482  49  65  117  116  0  4625  12  4181  0  16  2001  4517  616298  310408  250402  442634  151020  0  3303  5  3569  18571  2844  127  4444  496  0  9  44  2165  317  23  78959  3631  92  2893  55  198  112595  0  0  10  22204  330  64  238  1  301561  1  87  554  28938  8953  3220  1469  15524  1  78  7948  8912  7210  4  28415  253  36  137  695  6128  368  2514  448  419  0  29320  2556  2348  686  37626  4  6235  0  
0  0  0  0  0  2  0  0  0  0  0  0  0  0  0  0  0  1  0  0  0  0  0  0  0  0  0  0  0  0  0  0  0  0  0  0  0  0  0  0  2  0  0  0  0  0  0  4  1  0  0  0  1  0  0  0  0  0  0  0  0  0  0  0  1  36  0  1  0  0  0  0  10  0  33  0  117020  3110  4025  3624  7662  385  7979  93  0  100  0  123  1919  1762  38  681  163  0  3  2  191  14  69  713347  535126  599497  3531  8365  2  82  0  0  0  10675  1  0  46  0  24869  0  10  153  520226  165909  430  122  2060  0  12  2453  3390  13093  6190  313365  117  40  17  4  60  32  67  15  278  14886  0  2936  34760  0  2548  0  1281  0  
0  0  0  0  0  7  2  2  0  1  0  0  0  0  0  0  0  0  1  0  0  0  0  0  0  0  0  0  0  0  0  0  0  0  0  0  0  0  0  0  2  0  0  1  0  0  0  2  2  0  0  0  0  0  0  0  0  0  0  0  0  0  0  0  0  178  0  0  0  0  0  0  1  0  248  0  2  257432  1454  5608  9538  230  12554  131  0  366970  0  3912  264202  2666  6  428  177  0  1  0  156  73  2  5459  529  48  659867  4  3  530  0  0  0  965  0  0  5424  9412  3743  0  0  116  223480  899  3951  16  78177  0  9  618696  9073  167434  176  52011  122  50  6  2  24  160  49  124  1202  9796  3418  0  24855  0  7165  0  792  0  
0  0  0  0  0  0  0  0  0  1  0  0  0  0  0  0  1  0  0  0  0  0  0  0  0  0  0  0  0  0  0  0  0  0  0  0  0  0  0  0  4  0  0  0  0  0  0  2  1  0  0  1  0  0  0  0  0  0  0  0  0  0  0  0  0  270  0  0  0  0  0  0  2  0  12  0  4  132  297  610  40025  297155  8461  37  0  19  0  24  197743  209894  40  582  58  0  1  0  213  17  1  2243  624  45  881597  4  4  26  0  0  0  578  0  0  17  0  3249  0  3  61  425649  19214  293  16  1169  0  16  168  768  247654  125  25997  47  36  8  0  13  13  83  11  1279  13066  40269  10135  0  0  5546  0  1160  0  
0  0  0  0  0  2741  0  0  0  0  0  0  0  0  0  23  0  1  0  0  0  0  0  1  0  0  0  0  0  0  594  957  0  0  0  0  0  0  0  0  0  0  0  0  0  0  1  0  1  0  0  0  0  0  0  0  0  0  0  0  0  0  1  1  0  57  0  0  0  2105  0  0  0  0  85140  0  0  0  122513  237002  0  0  3  0  0  0  0  2  1  369743  0  3  0  0  0  0  0  95475  0  0  1  0  0  0  263057  52389  0  0  0  0  0  0  50  0  3  0  0  0  3  0  8  0  19  0  0  2  8  0  0  5  0  0  0  0  0  17  133613  11437  1  357  1  0  0  0  0  0  1  0  
0  0  22  0  0  1  1  35  77080  1  0  0  0  0  0  9  0  2  0  0  0  0  0  0  0  0  0  0  0  20431  0  1  0  0  0  0  0  0  0  0  1  0  0  1  0  4635  0  2  2  0  0  0  0  1  0  0  1  0  0  0  0  0  0  0  3  1800  0  0  0  0  84859  0  2  0  7  0  62  1119  169  244  26746  2433  285998  7195  69  47  0  43  400  80  17  729  4919  357  10  5  374  12  228  23054  77819  19  1136  434958  0  15  0  3  0  7417  53  37  10  0  23974  0  6  15000  1901  204140  215  93  3424  1  136  595  1226  2532  3  530146  3331  993  157  79  800  21  52  8  119403  30887  15157  1253  1621  0  0  1  5125  0  
0  0  0  0  0  0  0  0  0  0  0  0  0  0  0  0  0  0  0  0  0  0  0  0  0  0  0  0  0  0  0  0  0  0  0  0  0  0  0  0  0  0  0  0  0  0  0  0  0  0  0  0  0  0  0  0  0  0  0  0  0  0  0  0  0  0  0  0  0  0  0  0  0  0  0  2554  0  28  1  0  3  0  36  5  0  2  0  0  0  0  1  2  3600  0  1692  4  976  0  1  53  2  0  2  0  0  0  0  674  6197  20  748957  1080715  0  0  162  0  74567  138  9  2  0  7036  68  117374  109  1  1  0  0  24  64  0  389070  357443  902  0  1  0  1  9  8  6  1  0  6  0  210051  380  
0  0  0  0  0  0  0  0  1  14  0  0  0  0  0  0  0  9  1  0  0  0  0  0  0  1  0  0  0  0  0  7  0  0  0  0  0  0  0  0  7  0  0  2  0  0  0  16  5  0  0  1  0  0  2  0  0  0  0  0  0  0  0  0  1  89  0  0  0  0  0  0  13  0  75  146  0  13807  331  430  1761  300  4161  196  0  659  0  342  1215  129  747  740  379116  0  74450  227  48012  26  1131139  125900  158  482  777  2  21  209  3  887475  83029  291468  12526  1607809  65  0  67361  5  102910  15467  13454  332  1364  319053  39910  154092  44081  3120  5872  4365  32720  351537  71674  1029  215249  205769  151756  75  41  22  2921  2791  587  29246  617  0  1850  202190  0  109973  
0  0  0  0  0  0  0  0  0  0  0  0  0  0  0  0  0  0  0  0  0  0  0  0  0  0  0  0  0  0  0  0  0  0  0  0  0  0  0  0  0  0  0  0  0  0  0  0  0  0  0  0  0  0  0  0  0  0  0  0  0  0  0  0  0  0  0  0  0  0  0  0  0  0  0  0  0  4  0  0  0  0  4  0  0  0  0  0  0  0  14  4  0  0  1  0  296  0  32  1450  0  0  0  0  0  0  194226  230826  56420  208416  9  1616  0  0  93254  0  1162  0  3  1  0  379228  14  387  1  1  0  0  0  8  0  0  1  125  78  0  0  0  0  2  1  3  0  0  1  416  142028  0  
