0  0  1  17  312901  75174  2  1  2  7  0  611  3  15499  103965  11636  14  1226  2  0  1  0  11  223090  0  12  0  0  0  1  82212  7772  0  0  0  0  0  0  7066  6217  49  0  1  13  8  0  3794  11  54255  0  0  213641  178413  110  4  1  2  0  0  0  0  50714  306  46301  4  1915  30  375  36  123476  0  0  91  0  0  0  0  0  0  3  0  0  0  0  0  0  0  0  0  0  0  0  0  0  0  0  0  0  0  0  0  0  0  0  0  15  0  0  0  0  0  0  0  0  4  0  0  0  0  1  0  0  1  0  0  0  0  0  0  2  0  0  0  0  0  0  0  0  0  102  0  0  0  0  0  0  0  0  
0  0  0  21  0  4  0  2  0  0  0  0  0  0  0  0  0  3  184809  0  399292  71739  2  0  7  1  0  0  0  0  0  1  0  0  0  0  48888  24313  0  0  1  372614  0  901  282  0  0  17  6  0  500405  0  0  3  90  2  386515  85  364168  173349  49224  0  0  0  1  3  1  83  3  0  0  0  734  0  0  0  0  0  0  0  0  0  0  0  1  0  0  0  0  0  0  0  0  0  0  156  0  0  0  0  0  0  0  0  0  0  0  0  0  0  0  0  0  0  0  1  0  1  0  0  0  0  0  0  1  0  0  0  0  0  0  0  0  0  1  0  0  0  0  0  0  0  0  0  0  0  0  0  
0  0  0  9  0  117  10  78364  1125  0  0  0  0  0  0  369227  15  41  6  0  0  0  0  0  0  13  100918  201423  119441  66208  0  5  0  0  0  0  0  0  0  0  14  0  0  1  270239  369529  1  24  806  0  0  1  1  172  2  3  2  4  0  0  0  0  0  0  1  32  68465  2  83257  1  57  0  2  0  0  0  2377  0  0  0  0  332  609  0  0  0  0  0  0  1780  0  0  0  0  0  0  0  0  0  0  2  0  1  1895  0  0  0  0  0  0  0  0  0  0  0  0  0  0  0  9463  0  0  0  0  0  0  0  0  0  1  0  0  0  0  0  0  0  0  0  0  0  0  0  0  260  0  0  0  
209  2  11  0  796  1394  1135  1597  475  11  0  236040  120  343  413  101  1935  5396  1471  0  0  25  10  75  28  531613  0  278122  96735  10  0  164  74219  872  345  74  0  4  144  3001  221890  3  5  1653  316287  2  861  953  472491  0  507  5725  570  1416  2725  124  4683  105  56  210  360  13  26  26  335  1428  60032  67139  5321  16  158  0  2452  535  0  0  0  0  0  0  1  1  0  0  0  0  0  0  0  0  0  0  0  0  0  0  0  0  0  2  0  0  0  0  0  3  0  0  0  1  0  0  0  0  4  0  0  0  0  0  0  0  0  0  0  0  0  0  0  0  0  0  0  0  0  0  0  0  0  33  3  0  0  0  0  0  0  0  
285004  0  0  5  0  58443  2  0  0  3  0  183  0  980  47935  267529  6  288  1  0  0  0  1  5430  0  6  0  0  0  0  27436  1004  1  0  0  0  0  0  289  6019  47  0  0  11  4  0  379  1  13478  0  1  17974  112064  91  6  0  3  1  0  0  0  4  29  3995  3  266  24  305  20  19194  0  0  10  0  0  0  0  0  0  78  0  0  0  0  0  0  0  0  0  25  0  0  0  0  0  0  0  0  0  0  0  0  0  0  3  2  0  0  0  0  0  0  0  0  0  0  0  0  0  0  0  0  0  0  0  1  0  0  0  0  0  0  0  0  0  0  0  0  0  24  0  1  0  10  0  0  0  0  
113626  0  4  456  92290  0  234741  4622  8050  39  0  619  2  4224  28846  611353  177  13088  178  1  0  1  35  69596  6  929  21  0  61  14  26797  160218  1  0  0  0  0  0  883  7410  1162  0  6  230  1920  2  5178  808  60617  0  27  37261  14653  54118  556  122  114  39  3  6  7  29  17008  36828  1213  370324  4469  3356  7273  378340  52  0  1118  0  176  0  0  1  35  24287  459  107  85  0  0  0  0  4  6  4516  0  3  1  0  0  0  8  7  0  12  1  0  1  0  3433  2254  0  0  0  4  0  0  5  0  31  0  0  0  7  0  13  0  5  0  2  16  12  2  0  18  0  0  0  0  0  24  5  9  0  63946  6  0  0  2609  9  0  11  0  
24  0  5  2910  156  338033  0  357640  75669  5  0  81  0  3  323  703065  40  1092  549  1  0  0  2  1  16  1237  27  0  132  616  0  144  1  0  0  0  0  0  0  720  510  0  0  1183  11876  6  280  205  12987  0  35  12394  316  63594  3252  248  351  56  2  7  8  0  22  6  27664  278888  4543  15179  31101  16  685  0  243  0  0  0  0  0  3  1813  4051  3613  377  0  0  0  0  0  0  534  0  0  0  0  0  0  0  0  0  1  0  0  0  0  0  2  0  0  0  0  0  0  0  0  5  0  0  0  1  0  0  1  0  0  0  0  3  0  0  1  0  0  0  0  0  0  0  0  0  2739  0  0  0  0  5  0  0  0  
19  0  36330  5409  160  11387  323341  0  315854  4  0  237  0  5  82  417304  28  284  430  0  0  0  4  2  5  1391  3  41  50861  174  0  55  0  0  0  0  0  0  1  2201  376  0  0  611  71917  184959  137  203  2702  0  7  5409  226  189244  1799  308  633  36  0  3  18  0  5  2  4907  196705  12710  2028  169042  3  2609  0  133  1  0  0  191  0  0  41  150  38939  2859  0  0  0  0  0  0  26813  0  0  0  0  0  0  0  0  0  0  0  0  2  10  0  0  0  0  0  0  0  0  0  0  0  0  0  0  1  728  0  0  1  0  0  0  0  0  0  0  0  0  0  0  0  0  0  0  0  4006  0  0  0  0  93  0  1  0  
0  0  88  33  0  2563  9638  135581  0  14309  1  0  0  1  7  320  52  1204  2013  42  0  27  2  1  28  2310  76  165  255  37181  0  207  0  0  0  0  0  0  0  11  3728  0  0  2161  3055  137628  20  1314  2548  0  15  72  3  3983  8153  7294  1077  105  8  1  25  0  6  0  34317  276421  16511  270  683  5  257606  0  309  0  0  0  29  0  0  0  6  2713  49332  223  2  0  0  0  0  491  0  4  1  0  0  1  4  0  0  17  0  0  0  4884  0  1  0  0  0  6  0  0  0  0  252  0  0  0  1  1518  0  3  1  0  0  0  0  0  0  2  0  0  0  0  8  0  0  0  1  66344  6  0  1  0  87795  0  0  0  
124  1  0  213  813  708  221  269  17980  0  23  240  0  53  417  38  228  43786  489  10  4  4723  37846  13  37  2749  44  3  83  98973  2  4823  4  3  6  6  0  4  6  2617  40678  9  80  292678  1141  0  621  14425  31226  11  980  1283  833  420  9841  680  641  103  126  24  150  0  68  19  12231  481167  1340  3418  199  63  158  0  18537  1014  8  1  0  234  87  60  121  10  3361  480  8  47  0  43  20  3  3  236  84  0  6  175  63  8  2  496  37  0  26  79  11  131  0  0  0  137  1  0  18  0  6017  3  7  13  895  60  93  82  1043  0  15  326  53  85  0  1185  37  1  1  3  24  4  45  0  38  152786  303  420  40  0  257  0  340  0  
0  1  0  0  0  0  0  0  10  21  0  0  0  0  0  0  0  1  767  929646  0  63110  0  0  197  3  321  0  0  54858  0  1  0  0  0  0  0  0  0  0  8  74073  0  927286  2  0  0  3  6  0  1  0  0  1  49  53  3932  368736  0  0  74  0  0  0  436116  37  3  25  0  0  27  0  113  0  0  0  0  0  0  0  0  0  0  0  135936  0  0  0  0  0  0  0  0  858  0  4498  1  0  0  0  1  0  0  810  0  0  0  0  0  0  0  0  0  0  2  445  0  1563  0  0  0  0  0  0  0  0  0  0  0  0  0  0  0  0  0  0  0  0  146  2  0  0  0  0  0  0  1  0  
1135  0  0  491581  6135  3159  7  4  0  4  0  0  3299  80004  3909  127  483  19938  5  0  0  0  0  159  0  18  0  0  83724  0  0  68  3331  562  304  0  0  0  379  285972  22  0  1  5  37194  0  7177  178  234150  0  0  335122  8319  333  4  2  2  0  0  0  0  8  2  338  1  51  47  307012  61  15  0  0  7  0  0  0  0  0  0  0  0  0  0  0  0  0  0  0  0  0  0  0  0  0  0  0  0  0  0  0  0  0  0  0  0  0  0  0  0  0  0  0  0  0  0  0  0  0  0  0  0  0  0  0  0  0  0  0  0  0  0  0  0  0  0  0  0  0  0  2  0  0  0  0  0  0  0  0  
7  0  0  96  0  59  0  0  0  0  0  1543  0  35583  0  0  8  2085  0  0  0  0  0  150968  0  0  0  0  2  0  1  26  4  16  61  0  0  0  137816  104  0  0  50  0  0  0  163047  10  955  0  0  4  0  0  0  0  0  0  0  0  0  30833  19  17485  0  2  0  0  0  3  0  0  0  0  0  0  0  0  0  0  0  0  0  0  0  0  0  0  0  0  0  0  0  0  0  0  0  0  0  0  0  0  0  0  0  0  0  0  0  0  0  0  0  0  0  0  0  0  0  0  0  0  0  0  0  0  0  0  0  0  0  0  0  0  0  0  0  0  0  1  0  0  0  0  0  0  0  0  
11731  0  0  6  6561  10243  2  0  1  3  0  93401  50717  0  9229  173  1  351  0  0  0  0  0  2807  0  1  0  0  65  0  0  296  0  0  0  0  0  0  186095  244238  20  0  0  1  1  0  8641  2  106787  0  0  295775  8448  39  2  0  1  0  0  0  0  54597  20  14036  0  92  3  144  4  76  0  0  3  0  0  0  0  0  0  0  0  0  0  0  0  0  0  0  0  0  0  0  0  0  0  0  0  0  0  0  0  0  0  0  0  0  0  0  0  0  0  0  0  0  1  0  0  0  0  0  0  0  0  0  1  0  0  0  0  0  0  0  0  0  0  0  0  0  0  4  0  0  0  0  0  0  0  0  
140360  0  0  40  49137  21195  41  0  17  4  0  11393  0  1716  0  305404  7  360  13  0  0  0  0  43  1  521  0  0  89527  0  1  436  1  0  0  0  0  0  24  1408  47  0  0  11  1913  0  98  12  7159  0  3  1231237  662265  854531  79  5  13  1  0  0  5  139074  20  56  14  585  290  239002  58270  30  20  0  37  0  0  0  0  0  0  1  0  0  0  0  0  0  0  0  0  0  0  0  0  0  0  0  0  0  0  0  0  0  0  0  0  4  0  0  0  0  0  0  0  0  0  0  0  0  0  0  0  0  0  0  0  0  0  0  0  0  0  0  0  0  0  0  0  0  0  30  0  0  0  0  0  0  0  0  
25869  0  434200  68  371336  570941  576270  443408  956  5  0  23  0  45  299006  0  15  892  29  0  0  0  2  1903  1  232  6  8  49650  1  39521  4684  0  0  0  0  0  0  39  319  143  0  0  18  25318  20760  142  91  5019  0  6  5392  121162  929301  97  16  30  2  0  1  1  0  19  1361  126  15725  1107  1004  174202  129122  35  0  309  0  0  0  1418  0  2  6399  3438  16303  312  0  0  0  0  0  0  30191  0  0  0  0  0  0  0  0  0  2  0  0  28  52  1  543  0  0  0  0  0  0  0  0  6  0  0  0  1  683  1  0  0  0  0  1  1  0  0  1  0  0  0  0  0  0  0  0  0  559  1  1  0  19  12  0  0  0  
0  0  67  5412  8  56  26  56  117  226  0  463  3  2  3  58  0  395697  4659  4  0  3  32681  3803  6  1315  2  1  186  4  2  35902  4442  65  73069  6  1  22  0  25  45254  0  26547  624  5125  2  25264  416969  240879  94  79  18  6  41  787  121  388  1665  15  6  34  0  217  59  447  290  2438  75  3721  36  6  1  15168  94  0  0  1  2  1  1  1  0  27  2  0  0  0  2  0  0  0  2  2  0  3  0  7  0  1  50  2  0  0  1  8  46  0  0  0  15  0  0  0  0  150  0  1  1  3  6  2  22  4  0  4  4  0  1  0  13  0  0  0  1  6  0  1  0  0  158  7  2  2  0  5  0  9  0  
1023  0  2  9093  306  3141  12  5  110  650  0  22699  3326  342  30  15  223018  0  294  0  3  4  25253  47952  4  1305  2  0  31  9  1103  177088  2348  124  13809  4  0  8  565  110  8911  0  14416  1422  185  0  368527  101228  402919  99  85  400  22  162  1405  22  303  46  25  5  39  2  3430  1144  407  874  163  128  222  2866  7  0  23689  122  0  0  0  5  1  1  6  2  57  5  0  0  0  0  1  1  1  9  1  0  4  0  4  1  0  95  3  0  1  0  6  71  0  0  0  27  0  0  0  0  253  0  1  0  9  8  0  30  9  0  5  2  1  1  0  45  1  0  0  0  8  0  3  0  2  272  25  8  0  0  14  0  23  0  
0  164669  0  167  4  20  9  9  60  8  109  0  0  0  18  2  8  135  0  56574  78  12139  35  0  287569  68  0  0  5  0  0  8  1  0  2  0  6  8405  0  0  441  189035  4  14700  2402  0  2  428  425  0  30832  12  3  176  506  1640  1509446  741132  343525  1210  30836  0  1  0  19756  51  30  15452  24  1  0  0  519121  0  0  0  0  0  0  0  0  0  0  0  0  0  0  0  0  0  0  0  0  0  0  0  0  0  0  0  0  0  0  0  0  0  0  0  0  0  0  0  0  0  0  0  0  0  0  0  0  0  0  0  0  0  0  0  0  0  0  0  0  0  0  0  0  0  0  2  0  0  0  0  0  0  0  0  
0  54  0  1  0  0  0  0  1308  1  999538  0  0  0  0  0  0  21  39706  0  0  298  0  0  5601  25  111767  0  8  9924  0  5  0  0  0  0  0  0  0  0  53  126449  0  250814  50  0  1  26  28  0  8  2  0  1  86  76664  6069  562948  5  0  18  0  0  0  346487  15  15  81  7  0  4578  0  345  0  0  0  0  0  0  0  0  0  0  0  21467  0  0  0  0  0  0  0  0  185  0  2  0  0  0  0  3  0  0  619  0  0  0  0  0  0  0  0  0  0  0  27  0  36  0  0  0  0  0  0  0  0  0  0  0  0  0  0  0  0  0  0  0  0  3  0  0  0  0  0  0  0  0  0  
0  294949  0  1  0  0  0  1  0  3  0  0  0  0  0  0  0  2  76  0  0  42740  114029  0  1  13  0  0  0  0  0  3  0  0  0  0  157993  2133  0  0  50  7  119  154  36  0  1  5  6  370649  117145  0  0  2  37  1  31  1  17804  382868  611814  0  0  0  2  4  1  22  0  0  0  32  468  0  0  0  0  0  0  0  0  0  0  3  0  0  0  0  0  0  0  0  0  0  14  9  1  0  0  1  0  0  0  0  2  3  0  0  0  0  0  0  0  0  2  4  0  1  0  0  0  1  0  0  102  0  0  0  0  0  0  0  0  0  53  0  0  0  0  0  1  0  0  0  0  0  0  0  
6  148587  0  74  30  35  3  18  37  52209  42170  15  0  1  16  1  1  134  3190  189  39906  0  132071  0  38  318  0  0  0  3258  0  22  0  0  0  0  0  159  1  132  4380  415484  3  1173510  454  0  52  82  292  7  119683  66  27  42  1947  17  109840  45858  1029  43  1373395  0  2  0  5336  400  1  459  17  2  0  0  930  3  0  8  0  0  1  0  0  0  29  143  27763  0  0  0  0  0  0  0  0  0  152  28153  24  0  0  25  1  0  0  39  3  8  0  0  0  2  1  0  0  0  109  114  0  8607  0  4  0  8  1  0  251  1  1  0  0  2  0  0  0  1  66  0  1  0  0  152  1  0  0  0  1  0  1  0  
6  1  0  151  55  156  124  303  740  39710  0  8  0  1  32  15  35733  42179  348  0  105198  140857  0  1068  1481  7278  0  0  7  133  2  81414  2  2  128037  0  2480  23566  0  144  38106  1  429655  150147  459  1  291  33690  1659  287349  340  109  49  210  13313  129  407  67  10663  21910  364088  0  126  15  4212  349  34  1822  74  56  28  611  96101  11  0  0  0  0  0  0  0  0  14  4  0  0  0  0  0  0  0  4  0  0  27  9  4  2  0  16  0  0  0  0  6  20  0  0  0  5  0  0  0  0  53  5  0  2  1  1  0  3  3  0  229  0  0  0  0  8  0  0  0  1  106  0  3  0  0  42  6  1  0  0  3  0  4  0  
219479  0  0  39  6174  33821  0  0  0  3  0  396  164284  18112  265  1170  773  35271  1  0  0  0  143  0  0  5  0  0  0  1  201806  53676  122  528  5678  0  0  0  48548  1361  27  0  8086  41  3  0  279639  4875  8610  0  1  8954  1824  16  2  0  1  0  0  0  1  227040  410747  875667  5  600  9  71  8  167022  0  0  134  0  0  0  0  0  0  0  1  0  1  0  0  0  0  0  0  0  0  0  0  0  0  0  0  54  0  2  0  0  0  0  198  4  0  0  0  0  0  0  0  0  2  0  0  0  1  0  0  0  0  0  0  0  0  1  0  0  0  0  0  0  0  0  23  0  0  35  0  0  0  1  0  0  0  0  
0  2  0  65  1  17  35  9  1312  27  14  0  0  1  19  3  7  337  193157  10324  4  7  346  1  0  171126  9094  0  141  19  0  35  0  1  0  7  0  31  0  1  687  0  3  1513  2236  1  3  271  481  16  496  11  0  342  328826  646995  43175  38251  2261  23  651  0  2  1  7832  438  135  16102  88  0  124  2  964909  0  0  0  0  0  0  0  0  0  0  0  0  0  0  0  0  0  0  0  0  0  0  0  0  0  0  0  1  0  0  0  0  1  0  0  0  0  0  0  0  0  6  0  0  0  0  0  0  0  1  0  1  0  0  0  0  0  0  0  0  0  0  0  0  0  0  2  1  0  0  0  0  0  0  0  
6  0  13  388502  45  573  350  561  2809  483  0  13  0  11  86  36  350  2518  644  20  0  55  443  3  139900  0  255  50566  186  1255  2  382  2546  122990  1  243722  0  18390  2  98  555895  2  7  8989  58057  8  95  2303  16113  0  242  953  58  1122  330245  179842  758  210  45  54  414  0  11  3  5840  13539  690007  13844  5314  15  986  0  76075  2560  0  0  0  1  0  0  1  0  13  2  0  0  0  0  1  0  0  2  1  0  0  0  1  0  0  14  2  0  1  0  1  3  0  0  0  8  0  0  1  0  40  0  0  0  5  4  0  0  5  0  1  2  0  0  0  10  0  0  0  0  0  0  0  0  0  121  8  2  0  0  4  0  5  0  
0  0  103399  0  1  2  3  6  723  0  235  0  0  0  0  2  0  11  26  171741  0  0  0  0  4684  464  0  30  83  1129793  0  1  0  0  0  0  0  0  0  1  29  0  0  67  703  7553  0  7  18  0  0  0  0  7  1516  1197949  2  78  0  0  0  0  0  0  288205  51  346722  0  91  0  150615  0  4  0  0  0  2  0  0  0  0  0  1  0  60  0  0  0  0  0  0  0  0  77  0  0  0  0  1  0  30  0  0  2342  0  0  0  0  0  0  0  0  0  0  0  0  0  0  0  4  0  0  0  0  0  0  0  0  0  2  0  0  0  0  0  0  0  0  1  0  0  0  0  0  26  0  0  0  
0  0  156849  240025  0  3  1  4  662  0  0  0  0  0  0  16  1  5  0  0  0  0  0  0  0  76545  93  0  110353  0  0  0  0  0  0  0  0  0  0  0  28  0  0  3  736825  134208  0  5  49  0  0  3  0  2  2  619  1  0  0  0  0  0  0  0  11  12  597749  5  67  0  59  0  0  0  0  0  0  0  0  0  0  0  0  0  0  0  0  0  0  0  0  0  0  0  0  0  0  0  0  0  0  0  0  0  0  0  0  0  0  0  0  0  0  0  0  0  0  0  0  0  0  0  0  0  0  0  0  0  0  0  0  0  0  0  0  0  0  0  0  0  0  0  0  0  0  0  0  0  
7  0  144716  103160  25  239  36  109738  3512  11  0  56300  7  96  88452  41559  542  2578  375  2  0  0  0  0  0  1030  4  49774  0  11  0  291  4  0  0  0  0  0  2  76  1069  0  0  95  959979  20686  324  6751  5279  0  3  12396  36  4978  188  73  97  65  0  1  2  0  20  5  327  7154  24114  526489  621261  11  861  0  237  1  0  0  0  0  0  0  0  0  7  0  0  0  0  0  0  1  0  0  0  0  0  0  0  0  0  12  2  0  0  0  0  4  0  0  0  3  0  0  0  0  18  0  0  0  2  1  0  0  1  0  0  0  0  0  0  6  0  0  0  0  1  0  0  0  0  37  6  0  0  0  1  0  5  0  
1  0  77489  6  3  18  41  18  39451  85774  34038  0  0  1  2  1  27  3283  253  8311  0  3295  7  0  15  777  875921  7  79  0  0  455  0  0  1  0  0  1  0  1  1054  1  11  31885  915  336675  9  653  1998  0  13  19  0  16  792  54096  508  58  8  2  10  0  3  2  541717  47284  39206  71  67  3  449817  0  1264  3  0  0  5  0  0  0  1  1  9994  729  33932  0  0  0  0  1  0  4  0  575  0  4602  1  0  1  24  404  0  0  102647  0  4  0  0  0  4  0  0  0  0  259  0  0  16  1  36  0  3  0  0  1  0  0  0  0  17  1  2  0  0  9  0  0  1  566  4257  4  0  0  0  30643  0  2  0  
85985  0  0  0  57224  47268  0  0  0  1  0  0  0  0  0  48067  0  251  0  0  0  0  0  170771  0  1  0  0  0  0  0  34484  0  0  0  0  0  0  3  0  2  0  0  1  1  0  306  0  25  0  0  0  0  1  0  0  0  0  0  0  0  0  316074  765  0  5  0  0  0  327485  0  0  9  0  5  0  0  0  0  180  0  0  0  0  0  0  0  0  0  196  0  0  0  0  0  0  1  1327  0  0  0  0  0  0  24022  193  0  0  0  0  0  0  0  0  1  0  0  0  0  0  0  0  0  0  0  0  0  0  0  0  0  0  0  0  0  0  599  6  0  7  0  0  0  371  0  0  0  0  
651  1  0  9  117  149283  3  12  89  437  0  5  34  56  13  2028  50092  428054  100  1  19  11  84381  35561  0  887  1  0  26  20  46326  0  6  0  30443  0  0  10  429  28  3716  0  15910  2106  302  0  30015  35353  48259  32  19  96  16  21  453  32  46  16  15  1  40  16  251123  8506  344  93660  65  34  84  185791  5  0  24626  13  0  0  0  4  2  2238  9  6  162  6  0  3  0  3  0  1070  1  16  2  0  2  0  13  2  0  151  16  0  1  0  415  68700  0  0  0  33  0  0  0  0  354  0  2  0  22  17  8  8  26  0  22  20  1  4  0  73  0  0  0  0  11  0  9  1  3  1653  44  21  2  793  18  0  30  0  
0  0  0  96565  1  3  0  0  5  6  0  276  0  0  0  0  2380  2907  3  0  0  0  0  39  0  705  0  0  0  0  0  34  0  177069  41403  14546  0  1  0  0  58983  0  3  18  4  0  285  306202  3497  0  0  3  0  0  51  5  2  0  0  0  0  0  1  1  11  22  8  1  0  0  0  0  24861  328613  0  0  0  0  0  0  0  0  0  0  0  0  0  0  0  0  0  0  0  0  0  0  0  0  0  1  0  0  0  0  0  1  0  0  0  0  0  0  0  0  4  0  0  0  0  0  0  0  0  0  0  0  0  0  0  1  0  0  0  0  0  0  0  0  0  0  0  0  0  0  0  0  0  0  
0  0  0  2821  0  0  0  0  0  0  0  527  42  0  0  0  54  242  0  0  0  0  3  1041  1  93082  0  0  9  0  0  0  258246  0  541880  320142  49  381434  0  0  13190  0  129918  0  0  0  539  76666  46  6  0  0  0  0  136  0  0  0  2  1  3  0  0  18  0  0  0  0  0  0  0  2050  634469  100846  0  0  0  0  0  0  0  0  0  0  0  0  0  0  0  0  0  0  0  0  0  0  0  0  0  0  0  0  0  0  0  0  0  0  0  0  0  0  0  0  1  0  0  0  0  0  0  0  0  0  0  0  0  0  0  0  0  0  0  0  0  0  0  0  0  0  0  0  0  0  0  0  0  0  
0  0  0  813  0  2  0  1  8  18  0  293  11  0  0  0  52948  14889  38  0  0  2  114924  3355  1  238  0  0  2  4  0  28975  46560  570514  0  1  664  47243  0  0  550  0  376784  189  2  0  1207  347705  127  2580  5  1  1  0  86  1  7  1  1206  281  1563  0  4  82  29  22  0  3  1  3  0  86578  143590  28  0  0  0  0  0  0  0  0  2  1  0  0  0  1  0  0  0  0  0  0  0  0  0  0  0  3  0  0  0  0  2  1  0  0  0  1  0  0  0  0  7  0  0  0  2  1  0  2  0  0  0  1  0  0  0  1  0  0  0  0  0  0  0  0  1  10  0  2  0  0  0  0  0  0  
0  0  0  42  0  0  0  0  0  0  0  0  0  0  0  0  2  7  0  0  0  0  0  0  3  264247  0  0  0  0  0  0  19769  374731  3  0  0  5626  0  0  145235  0  0  0  0  0  0  24697  106  0  0  0  0  0  3675  0  0  0  0  0  0  0  0  0  0  0  0  0  0  0  0  0  52135  193122  0  0  0  0  0  0  0  0  0  0  0  0  0  0  0  0  0  0  0  0  0  0  0  0  0  0  0  0  0  0  0  0  0  0  0  0  0  0  0  0  0  0  0  0  0  0  0  0  0  0  0  0  0  0  0  0  0  0  0  0  0  0  0  0  0  0  0  0  0  0  0  0  0  0  
0  46947  0  0  0  0  0  0  0  0  0  0  0  0  0  0  10  0  9  0  100018  0  4646  0  0  0  0  0  0  0  0  4  0  61  1459  0  0  538464  0  0  2  0  201257  80  0  0  0  489  0  604318  0  0  0  0  3  0  0  0  138261  637580  5113  0  0  0  0  0  0  1  0  0  0  965187  21232  0  0  0  0  0  0  0  0  0  0  0  0  0  0  0  0  0  0  0  0  0  0  0  0  0  0  0  0  0  0  0  0  0  0  0  0  0  0  0  0  0  0  0  0  0  0  0  0  0  0  0  0  0  0  0  0  0  0  0  0  0  0  0  0  0  0  0  0  0  0  0  0  0  0  0  
0  26989  0  12  0  1  1  1  3  2  0  0  0  0  0  0  1  4  19419  0  233  232  2643  0  17  1008  0  0  0  0  0  3  0  384515  65892  157  492654  0  0  0  87  5  229048  10294  64  0  0  6505  6  36583  126  1  0  1  262  0  65  1  438281  90029  49080  0  0  0  6  5  0  59  4  0  0  1024779  1615914  5  0  0  0  0  0  0  0  0  0  0  0  0  0  0  0  0  0  0  0  0  0  0  0  0  0  0  0  0  0  0  0  0  0  0  0  0  0  0  0  0  0  0  0  0  0  0  0  0  0  0  0  0  0  0  0  0  0  0  0  0  0  0  0  0  0  0  0  0  0  0  0  0  0  0  
18489  0  0  2  955  7738  1  0  0  1  0  157  131410  210256  126  228  3  522  0  0  0  0  4  22494  0  4  0  0  0  0  11  2754  0  0  0  0  0  0  0  10119  18  0  1  7  1  0  97264  3  91242  0  0  29621  416  11  1  0  0  0  0  0  0  13703  404  134362  2  300  2  65  3  485  0  0  47  0  0  0  0  0  0  0  0  0  1  0  0  0  0  0  0  0  0  0  0  0  0  0  0  0  0  0  0  0  0  0  0  0  0  0  0  0  0  0  0  0  0  0  0  0  0  0  0  0  0  0  0  0  0  0  0  1  0  0  0  0  0  0  0  0  0  20  0  0  0  0  0  0  0  0  
1143  0  0  964  4385  2443  5  0  3  9  0  266941  1496  279568  2066  67  6  187  4  0  0  0  0  160  1  13  0  0  15  0  0  114  0  0  0  0  0  0  5585  0  122  0  0  13  74  0  1572  0  232874  0  0  29539  6374  196  6  2  13  0  0  0  1  161  5  976  2  105  27  38331  72  15  0  0  4  0  0  0  0  0  0  1  0  0  0  0  0  0  0  0  0  0  0  1  0  0  0  0  0  0  0  0  0  0  0  0  0  0  0  0  0  0  0  0  0  0  0  0  0  0  0  0  0  0  0  0  0  0  0  0  0  0  0  0  0  0  0  0  0  0  0  18  0  0  0  0  0  0  0  0  
388  0  1  148527  2548  2479  879  1065  3187  22750  2  339  0  191  1335  318  50730  74589  17277  41  1  129  3912  33  40  479151  178  6  181  167  6  5959  50328  13527  7  141747  0  5  49  3946  0  1  50  63482  8965  6  580  292785  229489  4  167  2381  2122  1854  162631  3486  2173  2469  40  32  573  1  170  46  6330  8817  52664  7270  835  148  399  0  108627  103063  3  0  1  10  4  6  9  5  176  12  0  5  0  5  0  0  3  32  9  0  20  0  38  4  0  357  28  0  6  1  56  97  0  0  0  82  3  0  1  0  978  0  11  8  41  31  4  133  28  0  8  18  3  4  0  128  3  1  1  5  40  0  4  0  5  688  89  21  7  0  38  1  43  0  
0  548049  0  37  0  3  0  2  1  0  90093  0  0  0  1  2  1  7  156229  149066  3  496071  1  0  1  2  0  0  0  0  0  0  0  0  0  0  0  0  0  0  4  0  1  197382  582  0  0  8  14  0  55830  0  0  9  9  0  850444  36965  1385  0  11028  0  0  0  19  3  1  101  3  0  0  0  18  0  0  0  0  0  0  0  0  1  0  0  395  0  0  0  0  0  0  0  0  0  0  47  0  0  0  0  0  0  0  0  0  0  0  0  0  0  0  0  0  0  0  67  0  1  0  0  0  0  0  0  0  0  0  0  0  0  0  0  0  0  0  0  0  0  0  0  0  0  0  0  0  0  0  0  
0  0  0  2  0  14  1  2  23  25  0  0  0  0  0  0  2871  5419  84  0  36  8  420633  3573  11  471  0  0  1  2  0  1778  1  187756  461772  0  157306  248096  0  1  1194  0  0  489  9  0  31  87529  86  155780  14  1  0  1  222  3  37  0  10997  433  6897  0  22  589  120  50  2  10  0  4  0  155991  106613  6  0  0  0  0  0  0  0  0  7  0  0  0  0  0  0  0  0  2  0  0  2  0  0  0  0  7  0  0  0  0  1  6  0  0  0  1  0  0  0  0  24  0  0  0  1  0  0  1  2  0  6  0  1  0  0  7  0  0  0  0  4  0  0  0  0  22  2  0  0  0  0  0  1  0  
55  7139  3  7880  358  1638  1587  4163  6890  229061  946975  99  0  23  265  359  117  20645  22018  120607  6  1006515  136644  7  887  20369  24  4  171  22505  2  2641  2  0  2  0  1  885  7  1209  98261  213785  57  0  27139  2  2191  3819  26907  261  32514  1150  400  3184  35731  1021  124009  399552  6246  682  196574  0  74  16  382979  15266  922  13526  3496  65  359  3  41335  106  0  0  0  2  0  2  0  2  32  15  6411  0  0  1  0  0  0  4  0  0  4  257  3  0  0  51  2  0  0  13  5  20  0  0  0  13  0  0  0  0  142  45  0  209  10  3  1  12  5  0  5  1  0  1  0  15  2  0  0  2  9  0  0  0  2  237  14  1  1  0  3  0  10  0  
107  1  235722  353352  528  7657  2404  67979  37442  187  0  5865  0  75  857  39573  3995  12426  2784  4  0  6  23  9  36  69992  65  789589  780794  56  5  1389  9  0  0  0  0  2  8  657  5897  1  0  1499  0  409308  1721  26862  84919  0  424  3953  662  7304  1829  1492  6436  278  98  126  319  1  129  27  2405  28427  524157  188625  258580  114  10880  0  2431  2  0  0  0  0  0  1  3  2  25  1  0  0  0  0  0  0  0  3  0  0  0  0  2  1  0  27  1  0  1  0  0  9  0  0  0  7  0  0  0  0  61  0  0  0  4  3  1  3  3  0  0  0  1  0  0  11  0  0  0  0  0  0  0  0  0  164  15  0  0  0  4  0  8  0  
3  0  279770  62  6  56  29  203390  151851  1  0  3  0  0  3  15845  10  67  40  0  0  0  0  0  0  45  12911  87051  2131  288627  0  7  0  0  0  0  0  0  0  9  104  0  0  17  252734  0  0  82  611  0  0  42  7  430  18  360  34  5  0  0  0  0  1  0  59  581  169919  7  535  0  125230  0  14  0  0  0  304  0  0  0  0  72  4186  0  0  0  0  0  0  520  0  0  0  0  0  0  0  0  0  0  0  0  0  915  0  0  0  0  0  0  0  0  0  0  2  0  0  0  0  5557  0  0  0  0  0  0  0  0  0  0  0  0  0  0  0  0  0  0  0  0  0  0  0  0  9686  0  0  0  
13757  0  0  73  1459  18982  4  4  18  21  0  1891  135342  4649  438  158  272  217537  15  0  3  3  229  218925  1  216  2  0  3  0  1829  56531  112  38  543  0  0  0  94917  585  488  0  173  388  76  0  0  3245  81805  0  1  5877  1398  825  58  7  10  2  3  0  8  932  16411  186838  71  628  292  433  301  3302  0  0  940  0  0  0  0  0  0  0  1  0  8  0  0  0  0  1  0  0  0  0  0  0  0  1  0  1  0  2  0  0  0  0  0  9  0  0  0  0  0  0  0  0  12  0  0  0  0  0  0  0  1  0  3  1  0  0  0  0  0  0  0  0  0  0  3  0  0  48  0  1  0  0  1  0  0  0  
9  0  1  991  26  280  38  12  601  6497  0  292  5  2  9  33  345744  213430  993  24  14  8  26752  6078  139  2326  30  4  134  63  14  18770  255771  34416  388326  10504  253  25365  6  90  210976  1  153740  3989  3948  4  31067  0  79317  1922  236  201  36  67  8522  866  615  158  2523  123  996  0  265  75  2221  3995  8109  296  267  132  38  14647  742251  84492  0  0  0  15  4  5  9  3  310  28  0  7  0  4  5  1  0  56  9  0  15  0  49  4  2  386  17  0  5  1  44  255  0  0  0  99  0  0  3  0  1428  0  5  11  60  24  2  185  60  0  6  26  5  5  0  136  3  0  2  2  48  0  2  0  7  1535  82  20  12  0  37  0  58  0  
57342  0  1987  479458  42460  50129  2026  2082  2480  15395  1  189842  4969  112541  17865  4216  136662  315653  60560  15  1  20  225  4555  114  8264  31  2  1814  55  164  57583  2093  19  45  4  0  2  84892  261543  239769  0  52  11205  128188  5  84249  30593  0  0  341  101017  42413  39325  6261  1518  26137  6938  45  54  120  1607  4346  17362  3440  18245  14765  198015  32046  4972  215  0  5887  75  0  0  0  2  0  23  2  5  57  3  0  2  0  2  3  0  0  12  0  0  2  2  10  0  0  88  7  0  2  0  5  109  0  0  0  20  0  0  1  0  203  0  3  0  7  6  1  18  8  0  5  6  0  0  0  28  1  1  0  0  4  0  1  0  0  1159  28  7  2  0  7  0  22  0  
0  1  0  1  0  0  0  0  3  1  0  0  0  0  0  0  69  41  2  0  369839  9  271598  0  14  15  0  0  1  0  0  28  0  1  2760  0  534853  140156  0  0  49  0  261273  662  20  0  1  5252  5  0  10  1  0  0  54  0  2  0  82689  317457  89169  0  0  0  10  2  0  12  0  0  0  79868  150023  0  0  0  0  0  0  0  1  0  0  0  0  0  0  0  0  0  0  0  0  0  0  0  0  0  0  0  0  0  0  0  0  0  0  0  0  0  0  0  0  0  0  0  0  0  0  0  0  0  0  0  0  0  0  0  0  0  0  0  0  0  0  0  0  0  0  0  0  0  0  0  0  0  0  0  
0  305311  0  171  1  10  3  15  15  3  0  0  0  0  2  3  0  28  3215  0  62029  144952  6  0  24  26  0  0  0  0  0  4  0  0  0  0  0  40  0  0  38  22379  1  28823  834  0  4  14  97  0  0  5  0  23  306  4  17527  23  64159  2801  259890  0  0  0  42  39  2  308  49  1  1  0  469  0  0  1  0  0  0  0  0  0  0  0  0  0  0  0  0  0  0  0  0  0  1  91  0  0  0  0  0  0  0  0  0  0  0  0  0  0  0  0  0  0  1  0  0  1  0  0  0  0  0  0  4  0  0  0  0  0  0  0  0  0  0  0  0  0  0  0  0  0  0  0  0  0  0  0  
129253  0  1  345  48755  61705  918  919  104  56  0  294414  14  346713  845516  3975  58  3812  639  0  0  3  2  1880  24  1513  8  1  29946  5  3  1916  0  0  0  0  0  0  55625  91749  570  1  0  130  3242  0  5626  153  57836  0  90  0  259032  227756  1086  115  1356  109  9  18  32  57807  123  3127  152  4852  2874  284029  6470  306  16  0  249  0  0  0  0  0  1  10  0  0  0  0  0  0  0  0  0  0  0  0  0  0  0  0  2  0  0  0  0  0  0  0  0  7  0  0  0  0  0  0  0  0  3  0  0  0  1  0  1  0  0  0  0  0  0  0  0  0  0  0  0  0  0  0  0  0  0  198  0  0  0  0  0  0  0  0  
149212  0  0  11  122121  27932  56  2  6  6  0  192  0  454  682153  69368  38  966  7  0  0  0  4  77  0  55  0  0  5  0  5  1693  0  0  0  0  0  0  97  4315  68  0  0  13  41  0  313  33  11899  0  2  454260  0  74220  13  3  7  3  0  1  0  17  86  163  18  1297  247  176  91  92  0  0  23  0  0  0  0  0  1  2  0  0  1  0  0  0  0  0  0  0  0  0  0  0  0  0  0  0  0  0  0  0  0  0  0  9  0  0  0  1  0  0  0  0  1  0  0  0  0  0  0  1  0  0  0  0  0  0  0  1  0  0  0  0  0  0  0  0  0  102  0  0  0  0  0  0  0  0  
916  0  15  5067  5147  100133  49729  123061  5295  6  0  112  0  18  777162  867082  33  2494  664  1  1  2  5  12  75  10534  40  2  4427  38  2  430  1  0  1  0  0  3  13  1002  1078  0  0  332  14580  7  964  431  50125  0  148  365778  87415  0  3365  378  989  106  11  24  61  0  63  29  1388  18522  18712  182190  310554  52  249  0  1292  0  0  0  0  0  1  12  1  0  1  0  0  0  0  0  1  0  0  0  0  0  0  0  0  0  0  1  0  0  0  0  0  8  0  0  0  1  0  0  0  0  1  0  0  0  1  0  0  0  0  0  0  1  2  0  0  1  0  0  0  0  0  0  1  0  0  121  0  0  0  0  0  0  4  0  
3  1  1  447  14  337  717  977  17271  195  2  3  0  1  19  41  95  4187  9217  27  0  230  979  3  233549  376398  1392  0  169  537  3  358  25  263  2  11544  0  30  0  40  115802  7  14  50546  2206  1  72  2221  5188  21  205  109  12  772  0  40268  8651  1756  198  16  1813  0  12  1  31642  4014  5465  10444  287  12  1880  0  374570  97  0  0  0  0  0  0  1  0  1  0  0  0  0  0  0  0  0  2  0  0  2  0  1  0  0  10  0  0  0  0  2  3  0  0  0  3  0  0  0  0  40  0  1  0  3  0  0  4  4  0  1  0  0  0  0  8  0  0  0  0  1  0  0  0  0  57  8  1  0  0  0  0  1  0  
1  0  1  111  8  276  460  382  46351  52  4  4  0  3  19  29  84  3046  11423  120677  0  7  14  2  622186  276778  1032547  290  5433  22208  0  458  15  0  0  0  0  0  0  21  8491  1  2  14042  36178  93  81  2644  4795  0  171  250  11  854  117104  0  13568  130732  93  9  145  0  10  2  251155  11101  288882  11335  3817  11  294833  0  49808  0  0  0  0  0  1  0  0  0  5  0  0  0  0  0  0  0  0  0  0  0  0  0  0  0  0  13  1  0  0  0  1  3  0  0  0  2  0  0  0  0  16  0  0  0  2  1  1  1  1  0  0  0  0  0  0  6  0  0  0  0  0  0  1  0  0  35  3  0  0  0  1  0  4  0  
0  472595  0  234  3  20  18  5  73  11  2017  0  0  0  21  0  5  241  1626786  1728  1  216145  9  0  61679  42  2  0  11  1  0  23  0  0  1  0  0  24  0  0  828  718978  3  99356  6171  0  1  270  1132  0  60085  83  1  363  423  5435  0  136812  200993  39  37413  0  1  0  28261  78  82  40995  39  1  11  0  150143  0  0  0  0  0  0  1  0  0  0  0  0  0  0  0  0  0  0  0  0  0  0  0  0  0  0  3  0  0  0  0  0  0  0  0  0  0  0  0  0  0  0  0  0  0  0  1  0  0  0  0  0  0  0  0  0  0  0  0  0  0  0  0  0  0  0  3  1  0  0  0  0  0  0  0  
1  6074  0  345  5  30  13  7  253  13  310701  0  0  0  13  5  5  250  716146  541628  0  31242  9  0  55330  419  17  0  10  20  0  30  1  0  0  0  0  2  0  0  273  62701  0  294777  7872  0  6  294  922  0  13598  41  6  185  1624  124989  221071  0  2852  4  3589  0  2  0  222758  168  292  4903  23  1  29  0  2994  0  0  0  0  0  0  0  0  0  0  0  7  0  0  0  0  0  0  0  0  0  0  0  0  0  0  0  0  0  0  0  0  1  0  0  0  0  0  0  0  0  2  0  0  0  0  0  0  0  0  0  0  0  0  0  0  1  0  0  0  0  0  0  0  0  0  2  1  0  0  0  0  0  0  0  
2  346205  0  1144  1  38  28  18  19  12  0  0  0  0  21  0  6  73  286271  13  6407  13933  1705  0  295  163  0  0  1  2  0  10  0  0  4  0  123519  511382  0  0  485  425  244  43337  9986  0  3  318  263  985  172980  10  3  316  901  11  158563  298  0  271492  125319  0  0  0  251  178  52  3902  91  0  4  238  233215  0  0  0  0  0  0  0  0  0  0  0  0  0  0  0  0  0  0  0  0  0  0  0  0  0  0  0  0  0  0  0  0  0  0  0  0  0  0  0  0  0  0  0  0  0  0  0  0  0  0  0  0  0  0  0  0  0  0  0  0  0  0  0  0  0  0  1  0  0  0  0  0  0  0  0  
0  142453  0  214  1  8  6  10  12  2  0  0  0  0  1  0  5  56  155  0  480889  403  4418  0  40  34  0  0  0  2  0  4  0  0  211  0  581454  143699  0  0  56  12  681  22191  1314  0  0  195  77  310157  64982  2  1  46  1017  4  135  9  270081  0  227946  0  1  0  13  48  10  445  33  1  0  185866  50956  0  0  0  0  0  0  0  0  0  0  0  0  0  0  0  0  0  0  0  0  0  0  0  0  0  0  0  0  0  0  0  0  0  0  0  0  0  0  0  0  0  1  0  0  0  0  0  0  0  0  0  0  0  0  0  0  0  0  0  0  0  0  0  0  0  0  0  0  0  0  0  0  0  0  0  
2  83281  0  1014  2  74  49  100  297  111  5732  0  0  0  23  15  23  311  2600  319  590184  1052240  353153  1  1193  264  0  0  2  18  0  32  0  0  85  0  2176  104192  0  0  745  27319  1804  235074  6230  0  10  375  616  73784  302170  22  2  457  16825  54  26480  8035  108279  212834  0  0  0  1  428  299  56  8435  240  0  31  775  79187  1  0  1  0  1  0  0  0  0  1  7  71  0  0  0  0  0  0  0  0  0  15  76  1  0  0  2  0  0  0  0  0  2  0  0  0  0  0  0  0  0  5  0  0  16  0  0  0  1  0  0  145  0  0  0  0  0  0  0  0  0  43  0  0  0  0  6  0  1  0  0  0  0  0  0  
115446  0  0  0  8  99  0  0  0  0  0  1  46518  47651  128070  0  0  5  0  0  0  0  0  209726  0  0  0  0  0  0  0  44  0  0  0  0  0  0  26835  50  0  0  0  0  1  0  153  0  265  0  0  88974  57  0  0  0  0  0  0  0  0  0  5  72728  0  4  0  6  0  1  0  0  1  0  0  0  0  0  0  0  0  0  0  0  0  0  0  0  0  0  0  0  0  0  0  0  0  0  0  0  0  0  0  0  0  0  0  0  0  0  0  0  0  0  0  0  0  0  0  0  0  0  0  0  0  0  0  0  0  0  0  0  0  0  0  0  0  0  0  1  0  0  0  0  0  0  0  0  
22  0  0  1  3  35058  0  1  14  30  0  1  323  59  0  2  9  13203  5  0  4  2  258  386214  0  162  0  0  1  4  315348  370578  0  0  3  0  0  0  1361  3  563  0  27  415  0  0  51699  179  367  1  2  9  2  1  42  2  2  0  1  0  3  13  0  109821  61  39  2  3  0  106725  1  0  1057  1  0  0  0  2  0  0  0  0  2  0  0  0  0  0  0  0  0  0  0  0  2  0  2  7  0  3  0  0  0  0  64  5  0  0  0  0  0  0  0  0  15  0  1  0  2  0  0  1  2  0  6  3  0  0  0  1  0  0  0  0  1  0  4  0  0  28  3  0  1  0  0  0  0  0  
44473  0  1  2  4146  33441  0  0  1  6  0  303  54144  48022  222  1389  24  4349  4  0  2  0  44  868969  0  29  0  0  1  1  476  31568  0  7  44  0  0  0  225919  1202  75  0  257  37  6  0  232887  36  16008  0  0  3545  871  19  7  0  2  0  0  0  0  110170  48601  0  9  2060  11  74  11  14274  0  0  297  1  0  0  0  1  0  4  3  0  2  0  0  0  0  0  0  0  0  0  0  0  1  0  0  0  0  3  0  0  0  0  0  9  0  0  0  2  0  0  1  0  3  0  0  0  0  1  0  0  2  0  0  0  0  0  0  2  0  0  0  0  0  0  0  0  0  104  1  0  0  0  0  0  1  0  
6  258  0  1373  24  635  2985  1141  61204  7008  436506  17  0  4  39  25  157  7729  140901  708316  0  6174  103  5  6644  5372  375925  4  1216  873356  4  1417  1  0  3  0  0  9  0  91  8926  3134  4  397583  27215  8  430  4063  8646  0  6888  471  23  1358  31821  127204  145050  249565  3179  83  4997  0  34  7  0  30985  4411  7511  599  19  162441  0  33652  2  0  0  0  1  0  0  0  0  18  8  9695  0  0  0  0  0  0  2  1  203  0  9  2  0  0  25  1  0  1  527  0  7  0  0  0  8  0  0  3  0  58  0  0  1  5  2  2  3  3  0  0  1  0  1  0  17  0  0  0  0  0  0  0  0  48  167  9  0  0  0  5  0  4  0  
861  0  9  886  385  489394  254205  215104  380720  390140  6  49  0  60  260  8610  494  46633  3511  18  0  40  140  470  17  9791  283  7  2003  64365  13  124868  26  1  4  3  0  0  79  512  20514  0  71  24031  14027  27  1195  10975  39864  1  118  3665  495  4601  10221  4574  983  277  12  7  36  3  229  2168  61383  0  7843  3729  5267  314  555  0  21233  622  1342  0  0  11  320  23858  2080  3781  4887  299  5  3  0  28  91  275  5  229  7  0  2  83  146  24  1  683  99  3  267  50  51  4205  0  0  0  102  0  0  46  0  2115  0  5  6  3575  246  65  67  112  0  4  123  204  150  0  1049  4  0  4  1  20  141  71  53  12  478060  876  13  125  102  2525  0  642  0  
8  0  65338  64133  54  2634  3352  527  31182  48  0  3  0  2  146  1872  557  5487  1643  19  0  4  3  1  126  905885  369221  495678  8167  41225  1  700  13  0  0  0  0  1  0  18  49999  1  0  5627  320870  173432  42  6803  12027  0  51  283  92  3591  20687  345215  355  1541  4  9  29  0  28  7  10118  41799  0  7984  22730  24  121720  0  605  0  1  0  0  1  0  2  0  0  11  2  0  0  0  0  0  0  0  4  0  0  0  0  3  1  0  17  1  0  0  0  0  10  0  0  0  6  0  0  0  0  29  0  0  0  1  2  0  0  0  0  0  0  0  1  0  7  0  0  0  0  0  0  0  0  0  71  5  0  1  0  2  0  1  0  
719  2  4  136841  2312  8111  1434  109  1040  24  0  233943  1  800  252173  604  35  4882  2361  2  0  6  8  42  163  9592  17  0  442238  22  1  974  0  0  0  0  0  2  347  13205  1077  0  1  273  376530  15  8234  83  153486  0  455  381278  2301  140120  6567  538  5935  374  54  64  174  19  102  103  436  4270  15402  0  125888  115  665  0  1679  0  0  0  0  0  0  3  0  2  1  0  0  0  0  0  0  0  0  1  0  0  0  0  1  0  0  0  0  0  1  0  0  4  0  0  0  0  0  0  0  0  2  0  0  0  0  0  2  0  0  0  0  0  0  0  0  0  0  0  0  0  0  0  0  0  0  254  0  0  0  0  0  0  4  0  
134  0  51376  9564  727  12277  13079  157208  14329  23  0  97  0  59  68160  173099  305  3258  1553  0  0  0  5  3  6  6643  26  62  505174  10  1  425  2  0  0  0  0  1  6  1112  1400  0  1  282  235973  625  276  3726  18764  0  19  12635  1125  377148  478  508  2151  170  1  5  20  0  31  13  394  25781  49713  114510  0  27  10139  0  389  1  0  0  0  0  0  0  1  0  4  0  0  0  0  0  0  0  1  0  0  0  0  0  0  0  0  9  2  0  0  0  0  7  0  0  0  3  0  0  0  0  12  0  0  0  1  0  0  1  3  0  0  2  0  0  0  6  1  0  0  0  0  0  0  0  0  61  2  0  0  0  0  0  1  0  
84071  0  0  0  87203  441089  1  2  3  12  0  1  0  28  9  154060  10  2569  3  0  1  0  113  172498  0  87  0  0  2  1  366397  238026  0  0  0  0  0  0  128  16  281  0  3  153  3  0  2401  56  567  0  1  59  10  3  23  1  2  0  0  0  1  2  99623  30546  29  79  1  1  5  0  0  0  690  1  0  0  0  0  1  2476  1  0  7  0  0  0  0  1  0  1211  0  0  0  0  1  0  0  24  0  7  0  0  0  0  4883  656  0  0  0  1  0  0  0  0  11  0  0  0  1  1  0  0  0  0  1  2  0  0  0  0  0  0  0  0  0  0  20  0  0  57  1  1  0  1938  0  0  0  0  
1  0  6  29  1  98  77  133  386835  19  2  2  0  0  1  18  41  1178  2714  1147  0  1  3  0  65  2549  59700  88  885  447110  1  159  5  0  0  0  0  0  0  8  3640  1  0  770  6000  131341  8  2151  1446  0  23  41  6  463  1799  229614  1609  228  19  0  30  0  5  1  95786  7970  104865  228  1133  5  0  0  369  1  0  0  1  0  1  0  0  3  4663  18  56  0  0  0  0  2  0  0  0  3  0  2  1  0  0  7  0  0  0  24763  0  1  0  0  0  4  1  0  0  0  19  0  0  0  0  36  0  0  1  0  0  0  0  0  0  3  0  0  1  1  1  0  0  0  0  48  2  0  0  0  175586  0  0  0  
0  0  0  0  0  0  0  0  2  0  0  0  0  0  0  0  4  3  0  0  4  1  1057  0  0  3  0  0  0  0  0  2  0  398  54145  0  1203696  988514  0  0  8  0  92271  122  2  0  0  3303  0  110739  3  0  0  0  12  0  0  0  32425  184269  7487  0  0  0  1  0  0  2  0  0  0  0  143965  0  0  0  0  0  0  0  0  0  0  0  0  0  0  0  0  0  0  0  0  0  0  0  0  0  0  0  0  0  0  0  0  0  0  0  0  0  0  0  0  0  0  0  0  0  0  0  0  0  0  0  0  0  0  0  0  0  0  0  0  0  0  0  0  0  0  0  0  0  0  0  0  0  0  0  
12  114  0  1701  32  486  408  297  1877  1380  9  5  0  6  246  50  1550  39411  396960  1460  172  854  63614  38  1000596  50268  1  0  46  201  3  14826  36245  574540  184861  26187  5410  1823473  0  64  56031  33  194498  113367  21692  0  275  762553  7382  72710  15397  135  23  3953  540367  71975  126337  3264  188415  35916  145210  0  246  73  51138  1965  177  92227  325  137  92  115297  0  20136  0  0  0  6  1  2  1  1  73  4  0  1  0  0  0  0  1  19  3  0  13  0  22  0  2  145  9  0  2  0  22  91  0  0  1  31  1  0  0  0  398  0  1  6  12  11  0  67  9  0  6  8  0  6  0  43  0  0  0  0  14  0  1  0  0  293  25  9  1  0  13  0  24  0  
0  0  0  202  1  5  0  0  14  941  0  1  0  0  1  0  27  2260  9  0  0  2  20  1  0  560  0  0  1  3  0  81  347207  80291  43  176909  0  1  0  7  83762  0  2  458  69  0  3  137814  1524  0  10  17  3  1  785  10  15  1  1  0  1  0  1  1  35  320  1  20  1  2  0  0  40003  0  0  0  0  0  0  0  0  0  3  0  0  0  0  0  0  0  0  2  1  0  1  1  3  0  0  12  0  0  0  0  1  4  0  0  0  3  0  1  0  0  80  0  0  0  2  2  1  13  4  0  1  0  0  0  0  2  0  0  0  0  2  0  0  0  0  50  1  0  0  0  2  0  1  0  
0  0  0  0  0  33  0  0  0  0  0  0  0  0  0  0  0  0  0  0  0  0  0  0  0  0  0  0  0  0  296  0  0  0  0  0  0  0  0  0  1  0  0  0  0  0  0  0  0  0  0  0  0  0  0  0  0  0  0  0  0  0  0  0  0  20  0  0  0  114  0  0  0  0  0  0  0  25  203948  55416  142  10  183  3  0  91  4302  6246  50003  70040  1  102  1  0  1  0  11  440993  0  27  15  0  6  0  103266  9409  0  0  0  7  0  0  76955  0  202  0  0  2  265  12  6080  0  7538  0  2  32360  294011  117  0  822  1  1  0  0  0  295247  4923  17466  14  5617  25  51  18  87812  94  0  22  0  
0  0  0  0  0  0  0  0  0  0  0  0  0  0  0  0  0  0  0  0  0  3  0  0  0  1  0  0  0  0  0  0  0  0  0  0  0  0  0  0  0  0  0  0  0  0  0  1  0  0  0  0  0  0  0  0  0  0  0  0  0  0  0  0  0  0  0  0  0  0  0  0  0  0  0  0  0  3  0  0  0  0  2  1  0  0  0  0  0  0  0  1  656849  0  348704  5  9  0  0  8  0  0  0  0  0  0  0  0  0  3  2011  6340  0  0  16  240161  0  18  1  0  0  0  10  0  346554  0  1  0  0  3  13150  1  194402  179306  7163  0  0  0  1  2  1  2  0  0  1  638  320  0  
0  0  1683  0  0  0  0  951  19  0  0  0  0  0  0  877  0  0  0  0  0  0  0  0  0  0  1  0  0  4  0  0  0  0  0  0  0  0  0  0  0  0  0  0  0  394  0  0  0  0  0  0  0  0  0  0  0  0  0  0  0  0  0  0  0  1  0  0  0  0  1  0  0  0  0  0  0  0  0  0  417  17933  122  0  0  0  0  0  0  472265  0  1  0  0  0  0  0  0  0  4  103650  130384  273789  61037  0  0  0  0  0  2  0  0  0  0  14  0  0  0  409012  422287  0  1  1  0  0  0  0  21  0  4  0  0  0  0  0  0  0  0  0  2  127182  0  385  0  80  0  0  0  
0  0  0  0  0  1  0  0  0  0  0  0  0  0  0  0  0  0  0  0  0  0  1  0  0  0  0  0  0  0  0  0  0  0  0  0  0  0  0  0  0  0  0  0  0  0  0  0  0  0  0  0  0  0  0  0  0  0  0  0  0  0  0  0  0  11  0  0  0  0  0  0  0  0  22  0  3  0  59  210  617  120  3413  124  0  392359  0  90  107  38  586  1678  117  1  1  0  47  13  5  517151  289  121558  130385  4  0  18  21430  655  179  5150  0  0  64  76  117220  0  0  26  109958  491  467  875  539939  0  6  615  139  260  744  13771  41  15  4  0  9  8  11  13  276  2485  2407  131477  1271  0  2906  0  244  12  
0  0  0  0  0  17  3  2  0  0  0  0  0  0  0  11  0  1  0  0  0  0  0  0  0  0  0  0  0  0  0  0  0  0  0  0  0  0  0  0  1  0  0  0  0  0  0  0  1  0  0  0  0  0  0  0  0  0  0  0  0  0  0  0  0  167  0  0  0  0  0  0  0  0  144706  0  0  34  0  304857  1418  251  2474  13  0  550  2  2901  98305  513429  1  151  28  0  1  0  44  110  1  395  600  0  31  2  27  6752  0  0  0  141  0  0  3512  0  867  0  0  27  248  231  7416  8  11172  1  2  13719  613011  2860  1  13759  22  11  1  0  8  13787  268  1770  191  6857  2414  113  303  38372  980  0  122  0  
2  0  0  0  40  12823  303  58  1  0  0  0  0  0  1  2896  2  12  0  0  0  0  3  2  0  0  0  0  0  0  85  1238  0  0  0  0  0  0  1  0  1  0  0  0  0  0  1  1  31  0  0  2  0  0  0  0  1  0  0  0  0  0  1  3  0  19833  0  0  0  888  0  0  3  0  45498  0  0  26  590208  0  362910  12662  3466  12  0  2984  4  3433  119121  820692  6  792  26  0  5  3  253  179222  3  295  141  1  39  0  6872  237945  0  0  1  71  0  0  1211  1  1067  0  4  13  807  2931  4516  23  6208  0  12  19444  71210  107244  5  5076  13  7  10  1  20  843  87472  61179  53  650648  595  180  1352  235708  778  0  937  0  
0  0  0  0  0  502  6129  205  0  0  0  0  0  0  0  3986  0  0  0  0  0  0  0  0  0  0  0  0  0  0  0  2  0  0  0  0  0  0  0  0  2  0  0  0  0  0  0  2  0  0  0  0  0  0  0  0  0  0  0  0  0  0  0  0  0  689  0  0  0  0  0  0  1  0  84  0  1  219  669  452892  0  390548  43008  8  0  357  0  182  14440  516659  5  405  17  0  1  0  158  19  2  1297  163  17  812  2  2  321  0  0  0  89  0  0  15  0  1007  0  2  15  1589  9465  595  9  1385  0  3  12531  3269  393664  6  19263  25  9  9  1  8  32  46  24  234  268592  552  1674  10894  0  29511  0  677  0  
0  0  7  0  0  58  2832  42204  8613  1  0  0  0  0  0  14463  1  3  0  0  0  0  0  0  0  0  0  0  0  30  0  2  0  0  0  0  0  0  0  0  10  0  0  0  0  90  0  5  3  0  0  1  1  1  1  0  0  0  0  0  0  0  0  0  0  4241  0  1  0  0  11  0  14  0  10  0  2066  32  33  4867  337874  0  146811  4  0  4  0  4  67  529831  15  2315  58  0  6  0  1109  51  1  443  93  5  174924  58  1  33  0  0  0  52  1  0  1  0  3813  0  9  7  71626  228242  117  45  695  0  25  41  88  31095  0  5344  25  0  23  4  38  0  275  7  377  269581  320  59  444029  0  5228  0  2286  0  
0  0  68  0  0  0  19  591  78172  159  0  0  0  0  0  84  1  9  0  0  0  4  0  0  0  0  0  0  0  25530  0  3  0  0  0  0  0  0  0  0  4  0  0  24  0  2825  0  9  6  0  0  0  0  0  7  0  0  0  0  0  0  0  0  0  13  2515  1  0  0  0  11357  0  4  0  6  0  227  654  38  90  64402  105340  0  78821  0  21  0  27  175  882  4  392  649  0  0  8  216  7  29  10157  1312  7  113  26922  0  7  0  0  1  3016  29  17  6  0  16319  0  3  18112  816  149645  92  79  2098  0  12  133  166  889  0  3195  531  63  27  60  462  2  16  1  8026  333503  4737  487  517  0  246767  1  761  0  
1  0  0  0  1  0  0  0  1414  201  0  0  0  0  1  0  0  10  0  0  0  67  0  0  0  1  0  0  0  6525  0  2  0  0  0  0  0  0  0  0  12  0  0  27  1  0  0  12  7  0  0  0  0  0  7  0  0  0  0  0  1  0  0  0  15  314  0  0  0  0  200  0  10  0  8  0  2  842  28  25  117  35  118593  0  1  35  0  30  30  4  21  204  440  0  12  5998  24143  5  34  19243  334  2  65  52409  3  14  0  1  1  2925  288  43  11  0  19405  3  27  118430  441  592  128  710  2392  0  125  72  82  139  4  1758  117  8  112  619  5196  0  7  4  1750  103267  1463  216  120  0  30129  4  637  0  
0  0  0  0  0  0  0  0  0  5  84107  0  0  0  0  0  0  1  0  15482  0  17646  0  0  0  0  12  0  0  34757  0  0  0  0  0  0  0  0  0  0  0  123  0  4923  0  0  0  0  1  0  0  0  0  0  0  0  0  5  0  0  61  0  0  0  3185  8  0  0  0  0  8  0  0  0  0  0  0  0  0  0  0  0  0  41  0  0  0  0  0  0  0  0  761  564659  0  101677  0  0  0  0  21  0  0  37566  0  0  0  0  0  0  0  0  0  0  2  163731  0  683525  0  0  0  0  0  0  0  0  0  0  0  3  280  166043  0  0  6  0  0  0  304567  0  0  0  0  0  1  0  0  0  
0  0  0  0  0  2  0  0  0  0  0  0  0  0  0  0  0  0  0  0  0  0  0  0  0  0  0  0  0  0  0  0  0  0  0  0  0  0  0  0  0  0  0  0  0  0  0  0  0  0  0  0  0  0  0  0  0  0  0  0  0  0  0  0  0  20  0  0  0  0  0  0  0  0  63  0  0  501401  699  1895  445  3  245  5  0  0  671  176190  1689  12  2115  30344  16  0  0  0  15  1778  0  2607  8  22  4742  0  1  138  11663  1005  4770  27  0  0  8517  160998  107  0  2  0  548  20  2167  764  382808  0  1  114461  630  81  2  855  5  2  0  1  1  3  12  7  12  3118  48  306993  22  0  111  0  53  6  
0  0  0  0  0  0  0  0  0  0  0  0  0  0  0  0  0  0  0  0  0  0  0  0  0  0  0  0  0  0  0  0  0  0  0  0  0  0  0  0  0  0  0  0  0  0  0  0  0  0  0  0  0  0  0  0  0  0  0  0  0  0  0  0  0  0  0  0  0  0  0  0  0  0  3625  0  0  0  8  190  0  0  4  0  0  615  0  65653  3975  0  1  98  0  0  0  0  3  179360  0  0  0  0  1  0  11  96  0  16  18  0  0  0  174062  6  46  0  0  0  23  1  165827  0  109  0  0  57  14  0  0  28  0  0  0  0  0  146340  4598  71292  1  23  1  1  1  0  5  0  0  0  
0  0  0  0  0  1  0  0  0  1  0  0  0  0  0  0  0  0  0  0  0  0  0  0  0  0  0  0  0  0  0  0  0  0  0  0  0  0  0  0  0  0  0  1  0  0  0  0  0  0  0  0  0  0  0  0  0  0  0  0  0  0  0  0  0  30  0  0  0  0  0  0  0  0  9178  0  0  59  7784  6559  343  8  322  4  0  301476  64160  0  37474  22  0  459  4  0  0  0  11  3303  0  66  43  0  25  0  11  425  0  0  0  17  0  0  320370  102740  120  0  0  6  84  42  36949  2  198903  0  1  403423  4919  200  0  1520  1  1  0  0  1  57166  83  62  25  5005  148  2189  30  3  173  0  38  0  
0  0  0  0  0  3  0  0  0  0  0  0  0  0  0  0  0  0  0  0  0  0  0  0  0  0  0  0  0  0  0  0  0  0  0  0  0  0  0  0  0  0  0  0  1  0  0  0  0  0  0  0  0  0  0  0  0  0  0  0  0  0  0  0  0  67  0  0  0  0  0  0  0  0  58246  0  0  86  79795  101375  4766  134  1005  3  0  1635  19276  80645  0  97107  4  231  11  0  0  0  43  89486  0  293  86  1  185836  0  1  272  0  0  0  115  0  0  14  0  368  0  0  15  7471  70  339  3  1447  0  0  1502802  1965177  641777  22  7423  12  5  3  0  3  160145  23  21  138  4702  930  221862  238660  0  660  0  162  0  
0  0  349  0  31  4565  355  22747  70  0  0  0  0  0  0  27169  0  0  0  0  0  0  0  0  0  0  0  0  0  0  1545  555  0  0  0  0  0  0  0  0  0  0  0  0  0  275  0  0  0  0  0  0  0  0  0  0  0  0  0  0  0  0  0  0  0  52  0  0  0  2003  0  0  0  0  83152  0  339085  55  673931  948726  710254  551133  980  2  0  30  0  42  136557  0  0  43  10  0  0  0  19  15146  1  283  44  279  336476  291  64576  592  0  0  0  24  0  0  11  0  203  0  1  3  86696  62883  38  2  433  0  1  343  86206  949059  1  2724  1  5  0  0  0  20  2075  2256  95  2067  292  211  247429  339956  983  0  51  0  
0  0  0  0  0  1  0  0  1  20  0  0  0  0  0  0  0  16  0  0  0  1  0  0  0  1  0  0  0  1  0  2  0  0  0  0  0  0  0  0  8  0  0  2  0  0  0  15  6  0  0  0  0  0  2  0  1  0  0  0  0  0  0  0  1  18  0  0  0  0  0  0  10  0  8  0  0  752  5  5  38  16  743  186  0  3537  0  2  2  1  0  426007  20  0  4  2  166259  9529  5  2721  65  3  169  1  27  95  26336  34  146118  232  2  13  1  0  70995  0  37014  24  8178  111  6001  278309  67457  18  9  4  5  27  0  3122  4  2  6  7  72  0  256  69  85  1167  357  12  193  0  752  10  748  1  
1  0  0  0  0  0  0  0  1  33  0  0  0  0  0  0  0  16  0  0  0  0  9  0  0  2  0  0  0  4  0  7  0  0  0  0  0  0  0  0  10  0  0  7  1  0  0  30  5  0  0  0  0  0  3  0  1  0  0  0  0  0  0  0  5  48  0  0  0  0  0  0  15  0  199  0  0  2298  498  1584  1677  47  2614  194  0  21872  13  767  1349  15  313390  0  44  0  3  3  176641  181791  7  1729  203  4  173  2  266  1030  4088  58  32271  292  2  10  14  464  16020  0  15525  47  7417  388  214984  10499  239803  14  28  843  698  236  0  12770  25  8  9  8  104  38  7113  2087  260  2664  694  26  515  0  1751  9  1029  1  
0  0  0  0  1  0  0  0  0  0  0  0  0  0  1  0  0  0  0  0  0  0  0  0  0  0  0  0  0  0  0  0  0  0  0  0  0  0  0  0  0  0  0  0  0  0  0  0  1  0  0  0  0  0  0  0  0  0  0  0  0  0  0  0  0  25  0  0  0  0  0  0  0  0  13  655585  0  1999  111  177  748  150  459  17  1190  211  0  122  328  52  15  279  0  86952  2983  29930  31  10  165877  3303  219  58  206  11  1  25  0  0  0  59  89  30368  16  0  1240  332039  8  145973  4006  76  403  99  8736  0  188514  720  1221  1473  2  140934  1580688  884746  179520  397  107776  15  16  8  10649  675  150  11023  262  0  495  19398  399587  0  
0  0  0  0  0  0  0  0  0  0  380  0  0  0  0  0  0  0  0  51  0  0  0  0  0  0  32  0  0  922  0  0  0  0  0  0  0  0  0  0  0  0  0  0  0  0  0  0  0  0  0  0  0  0  0  0  0  0  0  0  0  0  0  0  131  0  0  0  0  0  10  0  0  0  0  0  0  1  0  0  0  0  3  0  535362  0  0  0  0  0  0  0  103548  0  0  36  0  0  5609  1  161688  0  0  40105  0  0  0  0  0  0  0  0  0  0  0  217544  0  249963  0  0  0  0  1  0  54  0  0  1  0  188392  25804  474800  0  0  164  0  0  0  196839  0  0  0  0  0  173  0  2  0  
0  0  0  0  0  3  0  0  0  71  0  1  0  0  0  0  0  37  3  0  0  65  20  0  0  19  0  0  0  1  0  12  0  0  0  0  0  0  0  4  172  0  0  32  1  0  0  63  27  0  12  2  0  0  14  0  12  0  1  0  7  0  0  0  4  33  0  3  0  2  0  0  89  2  0  348214  1  90  1  8  9  0  202  40  0  1  0  0  0  0  10  59  3464  0  0  7745  198685  27  25  434  10  0  5  1  376  1217  0  1  32  90  114787  1358  1  0  968  17165  1875  42  22  27  4  299  176  435042  234237  2  2  3  0  202  87  0  129425  830113  923316  0  65  0  3  217  48  14  1  0  34  614  29426  4  
0  25  0  0  0  2  0  0  8  412  3556  0  0  0  0  0  1  8  0  1  3  21930  11  0  0  7  0  0  0  1399  0  2  0  0  0  0  0  0  0  0  46  72  0  463  0  0  1  11  9  0  9  0  0  0  7  0  3  0  1  0  27  0  0  0  9  408  0  1  0  0  0  0  30  2  0  42  0  26  1  5  1  2  126  5085  54681  1  0  0  3  0  2  12  34223  217  10477  0  87289  9  5  341  7  0  3  14064  91  490  0  0  0  59  1  1  0  0  525  441524  18  983838  9  18  0  62  40  0  69041  3  9  8  0  109  50953  283  328  5  770660  0  34  0  1089  161  36  22  3  0  32  0  359  0  
0  0  0  0  0  0  0  0  1  77  0  0  0  0  0  0  0  51  1  0  0  5  6  0  0  8  0  0  0  6  0  12  0  0  0  0  0  0  0  0  77  0  0  24  0  0  1  68  25  0  0  1  0  0  13  1  5  0  0  0  0  0  0  0  4  59  0  0  0  0  1  0  50  1  4  0  1  519  18  29  83  11  3734  18606  0  47  0  11  18  6  94250  194548  229  0  186088  51809  0  40039  93  10866  247  2  41  3  353  1815  2  13  254705  2034  6752  251  2  0  15125  7  554805  95118  271  660  785  16893  1293  275866  459  38  60  113  1  3434  257  10  292  6709  642066  1  2767  66  450  2133  912  80  94  0  2118  22  34012  61  
0  0  1  0  0  4  0  0  1  10  0  0  0  0  0  1  1  6  0  0  0  0  11  50  0  0  0  0  0  0  1686  10  0  0  0  0  0  0  0  0  11  0  0  2  0  0  1  9  8  0  0  2  0  0  3  0  1  0  0  0  0  0  7  0  0  17  0  0  0  70  0  0  8  0  421427  0  0  22  974  83287  109  6  225  9  0  1799  326669  5472  104278  12574  7592  223674  11  0  12  9  80158  0  3  135  24  1  2  0  263426  26826  18  2146  3510  20  0  1  162785  1  4046  0  5884  4  645  40  509172  650  1021  0  12  355  124  37  0  997  5  1  7  0  12  287161  694032  1262646  12  790  99  12  30  80048  112  0  436  0  
0  0  0  0  0  0  0  0  0  0  0  0  0  0  0  0  0  0  0  0  0  0  0  0  0  0  1  0  0  16  0  0  0  0  0  0  0  0  0  0  0  0  0  0  0  0  0  0  0  0  0  0  0  0  0  0  0  0  0  0  0  0  0  0  0  1  0  0  0  0  0  0  1  0  1  2  0  190  40  23  49  4  299  5  1  2  0  8  21  3  3  9  155463  660  805  6  46  0  0  533143  85305  8  7  21  1  7  0  58437  0  172167  406  1444  3  0  7702  0  11  3751  190  5  27  95  603  1  4337  45  95  103  173933  776123  161  12069  2686  1243  8095  1  1  0  156  62  844  320  15  0  164  45  1052290  0  
0  0  0  0  0  3  0  1  2  7  0  0  0  0  0  0  0  5  1  0  0  0  0  0  0  0  0  0  0  2  0  0  0  0  0  0  0  0  0  0  3  0  0  0  0  0  0  6  5  0  0  0  0  0  0  0  0  0  0  0  0  0  0  2  1  184  0  1  0  0  0  0  5  0  182  2  11  332442  245  759  2194  387  9370  1052  0  1234  0  1248  817  156  1358  2002  563  0  12  7  350  71  338144  0  24838  217560  888  11  3  120  86959  24247  6  663804  95  1209  275  0  523438  0  11  306  168182  1729  4513  534  41767  0  60  2159  992  4813  204847  221011  289  60  75  266  518  23  101  68  330  25068  567438  8259  2428  0  6113  10  41027  1702  
0  0  1  0  0  0  0  0  0  0  1  0  0  0  0  0  0  0  0  1  0  0  0  0  0  0  19  0  0  853  0  0  0  0  0  0  0  0  0  0  1  0  0  0  0  0  0  0  0  0  0  0  0  0  0  0  0  0  0  0  0  0  0  0  1  0  0  0  0  0  0  0  0  0  4  0  142349  19  212  102  338  56  789  11  30  6  0  3  38  28  5  37  92  173444  0  0  15  1  35749  73757  0  2545  424  781735  0  0  0  0  0  457  0  0  4  0  3971  0  1  14  628  92101  42  27  98  0  0  70  143  292  10115  1002591  11  744  3  0  10  3  3  1  68880  1721  699197  14  828  0  126225  0  56  0  
0  0  0  0  0  0  0  0  0  0  0  0  0  0  0  0  0  0  0  0  0  0  0  0  0  0  0  0  0  0  0  0  0  0  0  0  0  0  0  0  0  0  0  0  0  0  0  0  0  0  0  0  0  0  0  0  0  0  0  0  0  0  0  0  0  5  0  0  0  0  0  0  0  0  1  0  138328  139091  9  14  54  14  86  1  0  19  0  15  29  3595  2  35  3  0  0  0  4  2  0  275553  2085  0  60586  0  0  2  0  0  0  22  0  0  0  0  93  0  0  0  1140892  8148  160  1  2283  0  0  62  80  72  4  224  1  0  1  0  0  1  2  0  3  265  617604  576  31  0  57  0  28  0  
0  0  2  0  0  0  0  5  0  1  0  0  0  0  0  8  0  1  0  0  0  0  0  0  0  0  0  0  0  0  0  0  0  0  0  0  0  0  0  0  1  0  0  0  0  0  0  0  1  0  0  0  0  0  0  0  0  0  0  0  0  0  0  0  0  28  0  0  0  0  0  0  1  0  6  0  184869  164157  25  75  1101  88686  1535  10  0  12198  0  11  169394  288731  9  203  10  0  0  0  53  7  0  253  137  87682  0  1  0  10  1  0  0  55  0  0  0  0  1018  0  4  3  1282288  9838  279  8  4007  0  4  6289  42  3443  2  4702  7  2  5  1  6  0  36  8  269  614  1831  474391  690056  0  677  0  419  0  
0  0  478  0  0  0  0  23  9061  71  228  0  0  0  0  32  0  0  0  156  0  55  0  0  0  0  1460  0  0  219734  0  0  0  0  0  0  0  0  0  0  0  0  0  21  0  1220  0  0  1  0  0  0  0  0  0  1  0  0  0  0  0  0  0  0  182  92  0  0  0  0  15131  0  0  0  0  0  64892  0  0  1  10  1084  36763  55901  49038  0  0  0  0  527  0  2  3  53105  0  21839  0  0  6  13  706676  0  0  0  0  0  0  0  0  2  0  0  0  0  45  0  0  34366  2  384751  0  0  2  0  0  0  1  1  0  138804  0  216  0  1  1  0  0  0  623042  45  943  2  2  0  500996  0  4  0  
0  0  0  0  1  1761  0  0  0  19  0  0  0  0  0  11  1  24  1  0  0  1  4  135  0  2  0  0  0  0  25412  539  0  0  0  0  0  0  0  0  23  0  0  1  0  0  2  17  13  0  0  0  0  1  4  0  2  1  0  0  0  0  28  1  1  58  0  0  0  6596  0  0  26  1  63739  0  0  7  241  21063  15  3  169  8  0  6  1  17  5  46962  77  3385  3  0  14  6  5945  248557  0  122  17  0  10  0  0  185045  0  0  9  16  2  1  71  0  1121  0  8  4  1232  29  541  160  192  0  4  77  20  9  0  774  4  0  5  2  11  104  415644  1312  12  308  54  1  38  251225  104  0  259  0  
21  0  0  1  3  641  2  3  1  16  0  0  0  0  0  45  12  173  5  0  0  0  36  23  0  9  0  0  1  1  254  63125  0  0  0  0  0  0  3  0  36  0  0  40  4  0  45  49  210  0  0  7  0  9  6  0  4  0  0  0  1  0  23  44  6  842  4  2  5  299  0  0  69  0  5036  0  0  60  1045  150540  95  19  555  37  0  19  3  56  97  362  33  2977  29  0  31  48  2346  9277  8  539  26  1  43  0  161618  0  2  0  7  99  1  0  271  0  2192  1  47  26  2429  83  1811  609  437  0  54  409  137  35  0  2075  15  0  33  3  72  508  226290  5755  48  85327  199  15  80  42269  262  0  4123  0  
0  0  0  0  0  0  0  0  0  0  0  0  0  0  0  0  0  0  0  0  0  0  0  0  0  0  0  0  0  0  0  0  0  0  0  0  0  0  0  0  0  0  0  0  0  0  0  0  0  0  0  0  0  0  0  0  0  0  0  0  0  0  0  0  0  0  0  0  0  0  0  0  0  0  0  0  0  14937  0  0  0  0  0  0  0  8727  1  0  0  0  27357  1608  0  0  0  0  0  0  3  58727  0  1  1  0  0  0  0  127459  157049  238980  0  0  0  0  222636  0  0  0  0  0  1  249471  3628  0  0  0  0  0  0  0  0  0  0  0  0  0  0  0  0  0  0  0  0  0  0  0  6  218125  
0  0  0  0  0  0  0  0  0  0  0  0  0  0  0  0  0  0  0  0  0  0  0  0  0  0  0  0  0  0  0  0  0  0  0  0  0  0  0  0  0  0  0  0  0  0  0  0  0  0  0  0  0  0  0  0  0  0  0  0  0  0  0  0  0  0  0  0  0  0  0  0  0  0  0  0  1  1441  0  0  0  0  7  1  0  2558  268  2  0  0  28  11  2  0  0  0  94  3530  54694  27719  0  0  1  1  0  0  110486  0  895661  381233  17  102358  1  0  33761  0  217083  8  0  0  26  64931  15  32  0  0  0  0  0  4  2  0  5  20  187  0  0  255  0  6  0  0  0  0  5  112  950638  183847  
0  0  0  0  0  0  0  0  1  11  0  0  0  0  0  0  0  9  1  0  0  0  1  0  0  0  0  0  0  2  0  1  0  0  0  0  0  0  0  0  2  0  0  6  0  0  0  22  4  0  0  0  0  0  1  0  2  0  0  0  0  0  0  0  3  13  2  0  0  0  0  0  7  0  0  0  0  220  2  0  3  1  183  47  0  4069  113  1  0  0  105635  36383  14  0  28  2  205917  5332  14  341  5  1  1  0  9  69  164486  653025  0  89  240  52670  0  0  912  0  330909  10  11  28  1351  464434  345  16493  14  1  0  3  0  308  4  1  28  801  548  0  6  291  3  254  35  4  2  0  42  13090  109962  85193  
0  0  0  0  0  0  0  0  0  1  0  0  0  0  0  0  0  0  0  0  0  0  0  0  0  0  0  0  0  0  0  1  0  0  0  0  0  0  0  0  1  0  0  1  0  0  0  0  0  0  0  0  0  0  0  0  0  0  0  0  0  0  0  0  1  4  0  0  0  0  0  0  2  0  1  1  0  4085  45  330  551  15  682  42  0  74  0  10  412  61  30  48  323  0  210  36  419  0  75817  513904  42  14  44  0  1  8  151621  431812  6  0  801  165  1  0  439265  0  688  2399  907  82  74  2975  1715  80  49  421  530  2847  97620  18259  253  30  519  2406  4135  5  2  1  48  840  6752  792  527  0  335  262  188641  177935  
0  0  0  0  0  0  0  0  0  0  0  0  0  0  0  0  0  0  0  0  0  0  0  0  0  0  0  0  0  0  0  0  0  0  0  0  0  0  0  0  0  0  0  0  0  0  0  0  0  0  0  0  0  0  0  0  0  0  0  0  0  0  0  0  0  0  0  0  0  0  0  0  0  0  0  9586  0  9  0  0  0  0  96  1  0  0  0  0  0  0  0  0  3  0  71270  2  7900  0  11  64  1  0  1  0  2  0  0  6  36  23  0  443877  0  0  331  0  279402  5  5  5  1  113  20  314245  1  0  0  0  0  28  6  0  63051  641766  5684  0  0  0  2  23  6  2  0  0  11  877273  7759  12  
0  0  0  0  0  0  0  0  0  0  0  0  0  0  0  0  0  0  0  0  0  0  0  0  0  0  0  0  0  0  0  0  0  0  0  0  0  0  0  0  0  0  0  0  0  0  0  0  0  0  0  0  0  0  0  0  0  0  0  0  0  0  0  0  0  0  0  0  0  0  0  0  0  0  0  26309  0  30  1  1  2  0  93  4  0  0  0  0  0  0  2  3  3684  0  1193  2  2569  6  467  797  1  0  2  0  0  0  1  80206  37056  35  428089  0  1  0  452  0  312115  15  5  4  0  50284  76  142949  110  1  2  1  0  54  45  1  313913  43386  5697  0  0  0  2  36  4  15  2  0  13  951037  1516286  999  
0  0  0  0  0  0  0  0  0  0  0  0  0  0  0  0  0  0  0  0  0  0  0  0  0  0  0  0  0  0  0  0  0  0  0  0  0  0  0  0  0  0  0  0  0  0  1  0  0  0  0  0  0  0  0  0  0  0  0  0  0  0  0  0  0  5  0  0  0  0  0  0  0  0  103053  0  1  2802  6400  19522  132  6  314  17  0  7880  144956  302351  63  4  5  305  2  0  0  0  3  28499  0  72  28  0  51  1  296  3118  0  0  0  16  0  0  0  1005  569  0  0  0  675  42  84762  1  201901  0  0  24535  5859  83  0  1060  2  1  0  0  0  39159  15459  59462  18  1037  71  6832  40  46  187  0  18  0  
0  0  0  0  0  0  0  0  0  0  0  0  0  0  0  0  0  0  0  0  0  0  0  0  0  0  0  0  0  0  0  0  0  0  0  0  0  0  0  0  0  0  0  0  0  0  0  0  0  0  0  0  0  0  0  0  0  0  0  0  0  0  0  0  0  0  0  0  0  0  0  0  0  0  0  0  0  7112  0  0  0  0  1  0  0  244154  9  128034  0  0  0  286  0  0  0  0  0  2  0  1  0  0  0  0  0  0  0  0  0  0  0  0  3847  0  1  0  0  0  2  0  1544  0  82726  0  0  2373  0  0  0  1  0  0  0  0  0  0  0  0  0  1  0  27902  0  0  0  0  0  0  
0  0  0  1  1  8  2  0  56  615  0  0  0  0  0  1  5  315  2  0  0  4  12  0  0  26  1  0  0  119  0  68  0  0  0  0  0  0  0  0  249  0  1  248  8  0  2  435  166  0  9  7  1  1  108  3  3  2  0  0  0  0  1  0  99  834  8  4  3  2  2  0  341  3  174  1  26  144293  1056  906  2581  592  75584  11345  0  381  1  307  586  184  68000  36982  10178  0  153  85  46024  919  7629  525130  3581  109  2549  50  255  1271  182661  38304  290  368359  933  611  129  0  0  0  15592  4845  80199  5688  3021  284407  110161  361  240  1196  2049  3334  43990  93389  4839  741  814  2969  13202  49  5562  174  1511  159193  16592  8087  4957  0  20772  228  89633  106367  
1  8  0  0  0  0  0  0  0  6  143  0  0  0  0  0  0  3  0  14  3  223  0  0  0  1  0  0  0  1  0  0  0  0  0  0  0  0  0  2  9  15  0  12  0  0  0  5  1  0  3  0  0  0  3  0  1  0  0  0  3  0  0  0  0  4  0  0  0  0  0  0  6  0  0  171597  0  0  0  0  0  0  0  2  169860  0  0  0  0  0  0  0  336875  226218  10904  488539  0  0  0  2  0  0  0  0  3  3  0  0  0  0  1  0  0  0  1  0  0  456797  0  0  0  0  0  0  399617  0  0  0  0  1  68221  4024  26  0  60632  0  0  0  0  2  0  0  0  0  1  0  1  0  
0  0  0  0  0  0  0  0  0  6  0  0  0  0  0  0  0  6  0  0  0  0  0  0  0  0  0  0  0  2  0  1  0  0  0  0  0  0  0  0  1  0  0  4  0  0  0  9  3  0  0  0  0  0  2  0  0  0  0  0  0  0  0  0  2  10  0  0  0  0  0  0  6  0  0  0  0  13  1  0  1  0  97  25  0  3  0  0  0  0  2169  4239  7  0  87  4  483936  4934  14  212  6  0  1  0  12  42  0  150490  286110  73  185618  356063  0  0  885  0  0  9  11  13  3  34715  30  294015  7  0  1  4  0  112  5  0  17  1465  1446  0  1  14  0  140  17  4  0  0  17  46326  42452  743  
0  0  0  0  0  2  0  0  0  35  1962  0  0  0  0  0  0  15  0  17  0  5570  0  0  0  3  0  0  0  16  0  3  0  0  0  0  0  0  0  0  21  2  0  863  0  0  0  20  15  0  1  0  0  0  7  0  0  1  0  0  6  0  0  0  5  35  0  0  0  0  0  0  22  2  11  49  3  3006  117  122  280  38  45460  142272  731709  103  0  62  232  23  25  340  89179  97812  75  934936  58193  11  271  15412  249  5  151  49280  1  19  0  0  0  701  8  1  9  0  9220  295018  7  0  1522  614  335  61  7648  0  8296  391  737  896  1  12340  264283  336501  20324  58  165243  11  33  12  360404  1807  906  1814  248  0  60597  53  14159  0  
0  0  0  0  0  3  1  1  0  3  0  0  0  0  0  0  0  2  0  0  0  0  0  0  0  1  0  0  0  1  0  1  0  0  0  0  0  0  0  0  8  0  0  1  1  0  0  3  5  0  0  1  0  0  0  0  0  0  0  0  0  0  0  0  2  313  0  0  0  0  0  0  9  0  189  0  275972  101145  932  1115  8878  47555  13019  326  0  1133  0  670  4372  111933  406  4016  107  0  3  1  853  128  5  364938  1259  1064146  1197119  11  8  207  0  0  2  1840  3  0  204  0  20640  0  15  71  0  135721  6722  91  76877  0  50  4695  8185  15918  230  27460  91  48  37  9  75  98  617  125  781  18254  620865  137124  353658  0  6874  1  4030  0  
0  0  1361  1  0  0  0  3016  900  1  0  0  0  0  0  515  0  2  0  0  0  0  0  0  0  0  0  0  0  22  0  2  0  0  0  0  0  0  0  0  2  0  1  0  0  4278  0  1  2  0  0  0  0  0  2  0  0  0  0  0  0  0  0  0  0  46  0  0  0  0  59  0  7  0  5  0  286481  114  144  505  34617  227883  142767  208  0  10  0  9  90  44592  37  3311  150  0  1  1  1411  52  9  15996  73896  5904  4392  440553  3  19  0  0  0  7119  1  0  10  0  33375  0  19  45  228666  0  171  136  942  0  14  133  278  1287  0  136663  94  16  14  2  34  3  321  9  1748  49826  123403  182  5036  0  190491  0  1648  0  
0  0  0  0  0  1  0  0  0  0  0  0  0  0  0  0  0  0  0  0  0  0  1  0  0  0  0  0  0  0  0  1  0  0  0  0  0  0  0  0  0  0  0  0  0  0  0  0  1  0  0  0  0  0  0  0  0  0  0  0  0  0  0  0  0  26  0  0  0  0  0  0  0  0  22979  0  0  20  22078  12496  1805  49  2394  23  0  5648  107985  16951  1466  34  384  141482  30  0  1  1  440  367161  2  417  206  6  137  0  454  7972  9  4  211  137  0  1  74320  641  7709  0  3  13  11245  367  0  134  66704  0  2  12753  2467  498  1  12078  19  9  1  2  6  2602  47519  235350  193  2962  689  37  458  30  1431  0  174  1  
0  0  0  0  1  9  1  0  16  772  0  0  0  0  0  1  11  563  2  0  0  2  5  0  0  27  0  0  0  59  0  145  0  0  0  0  0  0  0  2  150  0  1  146  4  0  3  835  262  0  5  1  2  1  76  7  5  0  0  0  1  0  0  1  86  699  23  2  1  0  3  0  483  4  5  1  2  1789  10  23  51  9  1832  1687  0  1652  10  9  7  2  276773  80530  330  0  135  7  47688  896  144  5624  123  2  25  8  300  2006  261799  70612  516354  2704  423  106125  4  0  267474  0  163181  212  230  263  290  0  2095  29129  89  16  41  59  1  2064  76  9  114  1898  1711  0  235  73  33  10416  498  66  35  0  487  25555  312597  313485  
0  0  0  0  0  6  0  3  0  7  0  0  0  0  0  0  0  2  0  0  0  0  0  0  0  0  0  0  0  1  0  1  0  0  0  0  0  0  0  0  0  0  0  0  0  0  0  1  1  0  0  0  0  0  0  0  0  0  0  0  0  0  0  0  0  152  0  0  0  0  0  0  3  0  19088  0  10  578232  61924  46820  23536  717  51733  2199  0  419653  81  213242  11769  235  69867  259630  659  1  2  1  2095  1434  28  84595  3008  1845  11160  6  99  3136  7150  15  253  2868  3  0  137049  48560  98424  0  3  341  105111  4793  73076  912  0  0  27  82949  13382  3468  114  181415  403  166  19  10  76  1510  1948  569  3635  32466  7191  71149  6407  91  25806  0  1316  0  
0  0  0  0  0  0  0  0  0  0  0  0  0  0  0  0  0  0  0  0  0  0  0  0  0  0  0  0  0  0  0  0  0  0  0  0  0  0  0  0  0  0  0  0  0  0  0  0  0  0  0  0  0  0  0  0  0  0  0  0  0  0  0  0  0  0  0  0  0  0  0  0  0  0  0  0  0  9  0  2  2  0  36  5  0  0  0  0  0  0  2  5  1  0  403944  0  262749  0  42  99  0  0  1  0  0  1  0  69  7771  86  380648  121386  0  0  657  0  611872  1  3  4  2  5448  19  0  0  0  1  0  0  18  5  1  214  335384  106624  0  0  0  1  14  2  4  2  0  8  64693  186538  301  
0  6  0  0  0  1  0  0  0  27  0  0  0  0  0  0  0  8  0  0  1  215  1  0  0  4  0  0  0  2  0  0  0  0  0  0  0  0  0  0  44  0  0  12  0  0  0  15  8  0  11  1  0  0  4  0  3  0  1  0  15  0  0  0  3  17  0  0  0  0  0  0  25  0  0  285073  0  102  1  2  1  0  24  16  1  3  0  1  1  0  0  3  92805  19  205553  49224  9  1  2  112  4  1  4  0  12  15  0  0  0  1  4  0  1  0  71  384261  0  706  23  3  2  5  272  0  0  3  1  1  0  81  57672  5  65085  11335  416890  0  2  0  7  9  8  18  0  0  8  0  208  0  
0  0  0  0  0  33  6  3  1  0  0  0  0  0  0  0  0  2  0  0  0  0  0  0  0  0  0  0  0  0  0  1  0  0  0  0  0  0  0  0  0  0  0  0  0  0  0  0  4  0  0  1  0  0  0  0  0  0  0  0  0  0  0  0  0  449  0  0  0  0  0  0  0  0  23261  0  0  8859  80712  74947  43688  206  2757  18  0  228445  20  696888  1114862  2689  3  1265  38  0  0  1  119  874  1  454  398  1  8896  1  13  3553  0  0  0  155  0  2  16332  2225  996  0  2  30  1671  272  4917  6  46121  0  4  0  413641  525198  10  13911  24  17  13  2  14  184063  265  288  232  38293  2369  605139  643  5  1575  0  685  0  
0  0  0  0  0  13  3  13  0  0  0  0  0  0  0  0  0  0  0  0  0  0  0  0  0  0  0  0  0  0  0  1  0  0  0  0  0  0  0  0  1  0  0  0  0  0  0  0  1  0  0  0  0  0  0  0  0  0  0  0  0  0  0  0  0  466  0  0  0  0  0  0  0  0  183620  0  0  100  536463  93486  4354  834  4409  16  0  1724  5  16532  2176947  76664  1  214  58  0  0  2  67  197  1  672  465  3  103  0  8  4087  0  0  0  256  0  0  13617  0  1285  0  1  61  1233  289  735  3  2766  0  2  623438  0  206663  10  19367  45  17  2  1  6  331385  147  125  326  18068  2359  1696  511  19  2010  0  258  0  
0  0  0  0  0  2  0  0  0  1  0  0  0  0  0  0  0  0  0  0  0  0  0  0  0  0  0  0  0  1  0  0  0  0  0  0  0  0  0  0  3  0  0  2  0  0  0  3  0  0  0  0  0  0  0  0  0  0  0  0  0  0  0  0  0  423  0  1  0  0  0  0  2  0  139  0  1  292  1429  95195  418335  75937  11734  49  0  245  0  394  715374  1135907  15  1004  135  1  5  0  401  19  15  3429  470  11  14788  5  2  164  0  0  1  1037  1  1  133  0  4866  0  7  112  24239  2363  771  30  3040  0  15  504780  86648  0  163  69627  122  42  15  2  26  234  76  33  1716  17060  4622  86171  295661  0  8929  0  1546  0  
0  0  0  0  0  0  0  0  0  0  0  0  0  0  0  0  0  0  0  0  0  0  0  0  0  0  0  0  0  0  0  0  0  0  0  0  0  0  0  0  0  0  0  0  0  0  0  0  0  0  0  0  0  0  0  0  0  0  0  0  0  0  0  0  0  3  0  0  0  0  0  0  0  0  5  0  0  781  32  225  434  6  38  0  0  23  0  15  387  45  0  14  143  0  0  0  1  3  197783  250538  5891  49  29  0  0  11  0  0  0  207300  0  0  4  0  62787  0  0  61  744  9  60  0  513  0  0  400  572  2317  0  211961  81  19  1  0  0  1  1  1  15  211  19958  464  345  0  50  0  47251  0  
0  0  0  0  0  5  2  0  0  0  1  0  0  0  0  0  0  4  0  0  0  0  0  0  0  1  2  0  0  22  0  5  0  0  0  0  0  0  0  0  7  0  0  0  1  0  0  6  1  0  0  0  0  0  0  0  0  0  0  0  0  0  0  1  1  244  1  0  0  0  0  0  6  0  132  0  1287  5639  7338  6432  13993  848  27545  222  15  446  0  375  5462  1065  41  1348  143604  129075  390  33  414  34  635473  238841  936334  248  1215  109876  7  248  0  1  3  26325  170  77  194  0  71395  1  89  18622  11805  70702  1924  820  19063  2  4430  8205  17149  30879  216793  0  15468  295138  2537  438  6151  185  86  34  113567  18921  308754  26061  7848  0  317837  4  142564  0  
0  0  0  0  0  0  0  0  1  0  0  0  0  0  0  0  0  0  0  0  0  0  0  0  0  0  0  0  0  0  0  0  0  0  0  0  0  0  0  0  0  0  0  1  0  0  0  0  1  0  0  0  0  0  0  0  0  0  0  0  0  0  0  0  0  21  0  0  0  0  0  0  0  0  34  2583  1  2968  293  354  879  112  591  11  2579  192  0  122  1033  112  6  232  1597977  40560  329  16487  35  8  190  4180  52  24  272  1  0  60  0  0  0  101  4  2  28  0  1461  69001  3  456176  3811  182  444  8  9504  0  60299  1749  4307  3712  12  8799  0  154919  58333  39  221967  64  15  6  9370  961  231  12896  301  0  887  1  108728  0  
0  0  0  0  0  1  0  0  0  0  0  0  0  0  0  0  0  0  0  0  0  0  0  0  0  0  0  0  0  2  0  0  0  0  0  0  0  0  0  0  0  0  0  0  0  0  0  0  0  0  0  0  0  0  0  0  0  0  0  0  0  0  0  0  0  5  0  0  0  0  0  0  0  0  16  0  0  382  221  238  403  19  184  1  164276  38  0  29  634  55  1  48  1138927  434865  30  65  4  1  10553  1123  315  4  69  101  3  21  0  0  0  78  4  1  10  0  481  9976  0  606425  1006  65  97  1  1126  0  649  983  2489  2498  12  277756  83360  0  371  22  1297  29  5  4  303301  308  119  3677  100  0  1868  0  1252  0  
0  0  0  0  0  0  0  0  0  1  0  0  0  0  0  0  0  1  0  0  0  0  0  0  0  0  0  0  0  1  0  0  0  0  0  0  0  0  0  0  0  0  0  0  0  0  0  0  1  0  0  0  0  0  2  0  0  0  0  0  0  0  0  0  0  9  0  0  0  0  0  0  0  0  15  141092  0  9973  35  49  113  12  1318  51  0  297  0  42  22  6  4  193  267085  0  68142  75  61  8  248  6092  81  30  297  0  1  9  0  1  0  296  52213  343443  15  0  2706  15  14  3653  1621  164  301  32  23879  23  228803  323  75  90  0  3110  57652  19  0  222775  100531  4  15  5  96  679  252  2397  125  0  706  374522  216501  0  
0  0  0  0  0  0  0  0  0  0  0  0  0  0  0  0  0  1  0  0  0  0  0  0  0  0  0  0  0  0  0  0  0  0  0  0  0  0  0  0  2  0  0  1  0  0  0  0  1  0  0  0  0  0  0  0  0  0  0  0  0  0  0  0  1  1  0  0  0  0  0  0  0  0  0  193866  1  170  7  6  15  1  1070  84  0  3  0  3  3  0  6  15  2067  0  740721  106  8549  1  144  1138  16  0  5  1  0  1  0  9  36  355  502759  68785  0  0  3111  0  1683  149  51  47  6  233  420  386811  34232  11  20  15  0  376  89  7  228985  0  146594  1  2  0  16  347  64  51  9  0  207  375376  144978  29  
0  12  0  0  0  0  0  0  0  20  0  0  0  0  0  0  0  8  0  0  0  164  3  0  0  2  0  0  0  1  0  3  0  0  0  0  0  0  0  0  35  0  2  6  0  0  0  15  9  0  8  0  0  0  7  0  2  0  0  0  3  0  0  0  2  9  0  0  0  0  0  0  16  1  0  9057  3  836  20  33  118  11  8545  1013  1  26  0  9  30  1  52  82  125837  138  825622  721576  512047  3  2035  9775  194  1  53  1  32  84  0  135  520  2980  11911  10556  2  0  33201  40526  1006  139178  269  447  47  490  2000  67681  469514  46  63  166  0  3497  170584  279  129398  118300  0  0  11  0  57  3564  717  242  96  0  932  73  50195  17  
0  0  0  0  0  0  0  0  0  0  0  0  0  0  0  0  0  0  0  0  0  0  0  0  0  0  0  0  0  0  0  0  0  0  0  0  0  0  0  0  0  0  0  0  0  0  0  0  0  0  0  0  0  0  0  0  0  0  0  0  0  0  0  0  0  6  0  0  0  0  0  0  0  0  190661  0  0  29  9220  10047  47  10  191  2  0  24  253061  97750  132941  4  0  15  2  0  0  0  1  248048  0  34  18  0  9  0  18  721  0  0  0  18  0  0  174568  0  82  0  0  3  62  17  476  0  179  0  0  179760  203937  83  0  1019  1  0  0  0  0  0  187  3494  24  682  59  47  28  2  116  0  7  0  
0  0  0  0  0  7  0  1  0  20  0  0  0  0  0  0  0  25  3  0  0  1  36  20  0  4  0  0  0  0  928  19  0  0  0  0  0  0  0  0  25  0  0  9  0  0  0  18  13  0  0  1  1  0  0  0  1  0  0  0  0  0  2  1  0  29  0  4  0  22  0  0  11  0  16205  0  0  32  1443  82710  259  18  1030  29  0  46  374  194  449  95  112  25196  28  0  20  33  20218  681463  8  393  69  3  92  0  364297  288454  0  0  11  93  0  0  2282  0  12038  0  22  18  7618  177  24987  289  1518  0  24  771  282  87  0  5186  6  3  9  2  47  2173  0  122142  118  1550  393  21  227  123201  716  0  1030  0  
0  0  0  0  0  1  0  0  0  0  0  0  0  0  0  0  0  0  0  0  0  0  0  0  0  0  0  0  0  0  0  0  0  0  0  0  0  0  0  0  0  0  0  0  0  0  0  0  0  0  0  0  0  0  0  0  0  0  0  0  0  0  0  0  0  18  0  0  0  0  0  0  0  0  47359  0  0  3  3145  100515  132  8  220  2  0  14  172282  152  141  822  521  3297  2  0  0  0  1476  1219601  1  43  22  1  17  0  1532  39587  0  119  113  11  0  0  405299  0  1295  0  28  2  1391  32  264270  12  341  0  0  561  155  40  0  1026  2  0  1  0  0  11406  217432  0  17  4744  70  5  52  22712  130  0  36  0  
0  0  0  0  0  0  0  0  0  0  203  0  0  0  0  0  0  0  0  0  0  2  0  0  0  0  7  0  0  5429  0  0  0  0  0  0  0  0  0  0  0  0  0  3  0  0  0  0  0  0  0  0  0  0  0  0  0  0  0  0  0  0  0  0  19  11  0  0  0  0  1  0  1  0  13  2  0  604  318  420  855  129  16075  1422  453775  45  0  42  672  69  7  101  25868  234787  86  836  13  5  1347  3439  102214  4  101  777382  1  27  0  0  0  304  23  7  16  0  2124  5  1  415949  1049  901  129  22  1872  0  1389  1068  2167  3795  7  189612  22785  442330  899  53  1698  17  6  5  0  729  494  2295  464  0  127485  0  10434  0  
70  0  1  10  10  47777  2388  3676  51697  93599  1  1  0  4  6  162  126  7356  63  1  0  24  39  52  2  398  11  0  34  13759  12  3191  5  0  2  0  0  0  7  5  1818  1  37  6063  210  1  140  9265  3859  1  17  136  36  64  2698  175  39  8  3  1  6  0  43  116  4492  313226  431  39  66  115  139  0  4745  17  4162  0  6  1936  4514  615502  309757  250978  442564  151288  0  3205  3  3562  18544  2866  120  4306  488  0  13  59  2086  358  22  79068  3547  117  2688  42  210  112124  0  0  9  22088  315  74  260  0  301508  0  72  575  28981  9041  3165  1439  15611  1  78  8044  8873  7149  9  28291  281  36  146  675  6219  364  2560  476  405  0  29480  2611  2394  712  37847  2  6223  0  
0  0  0  0  0  2  0  0  0  1  0  0  0  0  0  0  0  5  0  0  0  0  0  0  0  0  0  0  0  0  0  1  0  0  0  0  0  0  0  0  1  0  0  0  0  0  0  1  2  0  0  0  1  0  0  1  0  0  0  0  0  0  0  0  0  46  0  0  0  0  0  0  5  0  37  0  117365  3142  4063  3607  7453  319  7851  104  0  95  0  111  1828  1836  40  711  174  1  1  0  184  25  57  711749  534810  599630  3518  8245  2  64  0  0  2  10301  2  1  55  0  24701  0  7  144  519993  166605  410  118  2201  0  15  2487  3528  13043  6308  312790  96  32  11  6  47  36  79  25  285  14845  0  2796  35399  0  2501  0  1245  0  
0  0  0  0  0  9  1  0  0  1  0  0  0  0  0  0  0  2  0  0  0  0  0  0  0  0  0  0  0  0  0  0  0  0  0  0  0  0  0  0  1  0  0  2  0  0  0  2  6  0  0  0  1  0  0  0  0  0  0  0  0  0  0  0  1  141  1  0  0  0  0  0  0  0  244  0  0  257575  1526  5703  9522  222  12458  156  0  367326  1  3983  263988  2645  3  467  199  0  4  1  168  77  9  5428  497  54  659682  5  4  535  0  0  0  937  2  1  5444  9309  3706  0  0  98  223400  899  3855  13  78272  0  9  617913  8815  167434  169  51891  150  69  12  6  25  154  57  128  1213  9739  3445  0  24924  0  7315  0  760  0  
0  0  0  0  0  1  0  0  0  1  0  0  0  0  0  0  0  0  0  0  0  0  0  0  0  0  0  0  0  0  0  0  0  0  0  0  0  0  0  0  5  0  0  1  0  0  0  1  0  0  0  1  0  1  1  0  0  0  0  0  0  0  0  0  1  240  0  0  0  0  0  0  1  0  9  0  1  119  333  640  39587  297041  8549  27  0  11  0  32  197737  210242  27  592  74  0  3  0  215  16  2  2335  609  49  880693  2  2  29  0  0  0  583  1  0  18  0  3172  0  4  56  425781  19328  311  25  1166  0  6  141  734  247519  143  25698  50  26  7  0  17  17  69  8  1217  12696  40610  10151  0  0  5528  0  1124  0  
0  0  0  0  6  2663  0  0  0  0  0  0  0  0  0  16  0  2  0  0  0  0  0  0  0  0  0  0  0  0  589  888  0  0  0  0  0  0  0  0  0  0  0  0  0  0  1  0  2  0  0  0  0  0  0  0  0  0  0  0  0  0  1  0  0  50  0  0  0  2086  0  0  0  0  84640  0  0  0  123030  236636  3  0  3  0  0  0  0  1  1  370202  0  6  0  0  0  0  0  95092  0  0  0  0  0  0  262989  52374  0  0  0  0  0  0  46  0  3  0  1  0  6  1  15  0  19  0  0  4  6  0  0  8  0  0  0  0  0  15  133295  11382  0  348  0  1  0  0  0  0  1  0  
0  0  21  0  0  1  0  31  77480  3  3  0  0  0  0  16  0  3  0  0  0  0  0  0  0  0  1  0  0  20333  0  0  0  0  0  0  0  0  0  0  1  0  0  2  0  4794  0  1  3  0  0  0  0  0  0  0  0  0  0  0  0  0  0  0  2  1809  0  0  0  0  84984  0  4  0  10  0  101  1146  195  228  26811  2528  286379  7291  64  40  0  36  408  94  13  748  4924  347  14  4  399  9  222  22664  77564  22  1065  435865  1  26  0  1  0  7348  55  38  9  0  23909  0  7  15118  1964  204619  212  64  3452  0  144  597  1231  2669  3  531200  3421  965  147  88  786  12  58  6  118815  31112  15194  1204  1604  0  0  2  5096  0  
0  0  0  0  0  0  0  0  0  0  0  0  0  0  0  0  0  0  0  0  0  0  0  0  0  0  0  0  0  0  0  0  0  0  0  0  0  0  0  0  0  0  0  0  0  0  0  0  0  0  0  0  0  0  0  0  0  0  0  0  0  0  0  0  0  0  0  0  0  0  0  0  0  0  0  2525  0  31  0  0  0  0  46  4  0  0  0  0  0  0  1  3  3594  0  1757  3  939  0  6  58  0  0  0  0  0  0  0  604  6202  12  749326  1080705  0  0  129  0  74154  154  6  2  1  6945  85  117230  111  2  1  2  0  25  69  2  389193  357252  863  0  0  0  0  10  1  3  2  0  10  0  208966  360  
0  0  0  0  0  0  1  0  0  8  0  0  0  0  0  0  0  16  0  0  0  0  1  0  0  0  0  0  0  3  0  6  0  0  0  0  0  0  0  0  2  0  0  1  0  0  0  9  8  0  0  0  0  0  1  0  0  0  0  0  0  0  0  0  1  102  0  0  0  0  0  0  8  0  70  192  1  13874  304  457  1681  316  4107  181  0  628  0  308  1310  134  739  807  378762  0  74453  219  48320  24  1129623  125545  183  411  777  2  13  139  6  887768  83048  291287  12788  1608555  76  1  67333  5  103032  15547  13814  328  1379  319080  40117  154028  44051  3109  5834  4424  32825  352298  71661  1053  215419  206092  152042  72  42  23  2901  2650  580  29310  604  0  1944  202623  0  109396  
0  0  0  0  0  0  0  0  0  0  0  0  0  0  0  0  0  0  0  0  0  0  0  0  0  0  0  0  0  0  0  0  0  0  0  0  0  0  0  0  0  0  0  0  0  0  0  0  0  0  0  0  0  0  0  0  0  0  0  0  0  0  0  0  0  0  0  0  0  0  0  0  0  0  0  0  0  7  0  0  0  0  4  0  0  0  0  0  0  0  17  3  2  0  3  0  327  0  20  1439  0  0  0  0  0  0  194986  230774  56288  207949  11  1611  0  0  93091  0  1289  0  2  1  0  379255  15  373  0  0  0  2  0  6  3  0  3  129  77  0  0  0  0  4  0  5  0  0  2  395  141936  0  
