0  0  0  9  312970  75381  1  0  1  3  0  644  3  15693  103926  11612  21  1177  4  0  0  0  7  222899  0  21  1  0  1  1  82210  7728  0  0  0  0  0  0  7067  6232  52  0  0  16  11  0  3793  13  54802  0  1  213168  178392  108  7  1  1  0  0  0  0  51013  325  46452  4  1842  36  408  35  123076  0  0  79  0  0  0  0  0  0  3  0  0  0  0  0  0  0  0  0  0  0  0  0  0  0  0  0  0  0  0  0  0  0  0  0  9  0  0  0  0  0  0  0  0  2  0  0  0  0  0  0  0  0  0  0  0  0  0  0  0  0  0  0  0  0  0  0  0  0  104  1  1  0  0  0  0  0  0  
0  0  0  16  0  0  0  1  0  0  0  0  0  0  0  0  0  5  184295  0  399075  71674  1  0  3  4  0  0  0  0  0  0  0  0  0  0  49132  24529  0  0  5  372965  0  866  250  0  1  11  9  0  500064  0  0  5  74  0  386874  67  363782  173337  49409  0  0  0  4  7  1  85  2  0  0  0  731  1  0  0  0  0  0  0  0  0  0  0  0  0  0  0  0  0  0  0  0  0  3  157  0  0  0  0  0  0  0  0  0  0  0  0  0  0  0  0  0  0  0  1  0  4  0  0  0  0  0  0  7  0  0  0  0  0  0  0  0  0  0  0  0  0  0  0  0  0  0  0  0  0  0  0  
0  0  0  11  0  102  14  78155  1082  0  0  0  0  0  0  369638  8  44  5  0  0  0  1  0  0  24  100576  201099  118981  66735  0  10  0  0  0  0  0  0  0  0  17  0  0  0  270330  370621  0  22  830  0  0  1  0  187  1  6  0  2  0  0  0  0  2  0  1  47  68686  1  83123  0  54  0  2  0  0  0  2393  0  0  0  0  367  604  0  0  0  0  0  0  1784  0  0  0  0  0  0  0  0  0  0  0  0  1  1899  0  0  0  0  0  0  0  0  0  0  0  0  0  0  2  9412  0  0  0  0  0  0  0  0  0  0  0  0  0  0  0  0  0  0  0  1  0  0  0  0  230  0  0  0  
253  1  9  0  817  1397  1195  1542  499  8  0  236632  120  349  496  103  1937  5412  1488  1  0  19  17  87  23  531647  1  278882  96702  9  0  175  74500  950  356  83  0  5  119  3062  221235  4  2  1592  316053  1  804  984  471954  0  518  5677  556  1436  2714  103  4590  100  63  211  365  7  24  38  302  1459  60272  66970  5229  23  193  0  2448  574  0  0  0  0  0  0  0  0  1  0  0  0  0  0  0  0  0  0  0  0  0  0  1  0  0  0  0  0  1  0  0  1  0  0  0  0  0  0  0  0  4  0  0  0  0  0  0  0  0  0  0  0  0  0  0  0  0  0  0  0  0  0  0  0  0  32  1  0  0  0  0  0  0  0  
284750  0  0  8  0  58625  9  0  2  4  0  219  1  913  47936  267890  7  262  4  0  0  0  0  5349  0  14  0  0  2  0  27279  964  0  0  0  0  0  0  286  6089  50  0  0  8  7  0  375  6  13387  0  0  17956  113027  87  5  2  1  0  0  0  0  1  40  3977  0  238  39  281  19  19240  0  0  9  0  0  0  0  0  0  79  0  0  1  0  0  0  0  0  0  20  0  0  0  0  0  0  0  0  0  1  0  0  0  0  1  5  0  0  0  0  0  0  0  0  0  0  0  0  0  0  0  0  0  0  0  0  0  0  0  0  0  0  0  0  1  0  0  0  0  18  1  0  0  6  0  0  0  0  
114531  0  10  474  92600  0  234382  4580  7888  41  0  675  2  4459  28795  611692  147  13061  194  0  0  1  33  70033  3  928  20  0  67  9  26816  159947  6  0  0  0  0  0  864  7469  1124  0  2  238  1942  3  5088  733  60109  0  19  37040  14790  54895  550  133  136  43  0  4  6  32  17211  36954  1223  369636  4389  3351  7094  376863  57  0  1118  2  178  0  0  1  20  24042  443  101  100  0  0  0  0  2  5  4551  0  7  0  0  0  0  6  10  0  10  0  0  0  0  3396  2279  0  0  0  3  0  0  3  0  31  0  1  0  6  1  7  2  5  0  1  14  9  1  0  17  0  0  0  0  1  9  10  7  0  64230  2  0  1  2560  9  0  10  0  
25  0  5  2857  178  337414  0  357684  76017  6  0  70  0  5  296  702996  38  988  546  1  0  1  2  0  13  1229  33  0  102  580  2  146  0  0  1  0  0  0  0  714  487  0  0  1278  11909  10  273  192  13028  0  47  12318  306  63838  3200  251  350  56  3  7  20  0  14  3  27531  279051  4570  15046  30735  18  692  0  234  0  0  0  0  0  5  1780  4039  3660  394  1  0  0  0  0  1  507  0  0  0  0  0  0  1  0  0  1  0  0  0  0  0  8  0  0  0  1  0  0  0  0  1  0  0  0  0  1  0  0  0  0  0  0  6  0  0  0  0  0  0  0  0  0  0  0  0  2622  0  0  0  0  9  0  1  0  
21  0  35989  5507  151  11591  322397  0  316543  6  0  232  0  3  103  416243  17  281  429  0  0  0  6  2  1  1453  8  34  51081  175  1  44  0  0  0  0  0  0  1  2152  357  0  0  585  72106  185210  101  214  2705  0  5  5224  225  189811  1765  278  640  31  0  5  12  0  4  1  4935  196536  12667  2036  169380  4  2748  0  158  1  0  0  171  0  1  23  145  38665  2715  0  0  0  0  0  0  26745  0  0  0  0  0  0  0  0  0  0  0  0  5  8  0  1  0  0  0  0  0  0  0  0  0  0  0  0  0  714  0  0  1  0  0  0  0  0  0  0  0  0  0  0  0  0  0  0  0  4005  1  0  0  0  86  0  0  0  
0  0  86  33  4  2501  9624  135993  0  14362  0  0  0  0  4  403  62  1166  1994  37  0  25  2  1  40  2349  66  174  256  37656  0  207  0  0  0  0  0  0  0  16  3873  0  0  2321  3074  137383  9  1331  2528  0  21  74  4  4079  8104  7413  1017  107  7  2  15  0  8  0  34021  276453  16605  275  737  8  257822  0  267  0  0  0  30  0  0  2  1  2608  49220  222  2  0  0  0  0  470  0  2  1  0  0  4  0  0  0  22  1  0  0  4969  0  1  0  0  0  5  0  0  0  0  271  0  0  0  3  1513  0  3  1  0  0  1  0  0  0  1  0  0  0  0  2  0  0  0  1  66195  4  1  0  0  87358  0  1  0  
111  0  0  215  792  774  235  258  17988  0  25  234  0  54  445  40  240  43656  437  8  2  4696  37882  5  59  2726  53  1  88  99423  1  4806  3  0  5  4  0  2  6  2512  40711  4  73  293243  1190  2  712  14570  31036  6  953  1231  869  414  10162  673  564  111  135  20  155  0  72  13  12156  481781  1412  3628  199  59  144  0  18689  924  10  0  0  240  96  53  102  10  3276  537  4  48  0  43  25  4  5  238  80  0  8  246  65  10  1  506  28  0  23  84  14  112  0  0  0  134  0  0  30  0  5946  0  2  17  897  72  81  72  1065  0  21  318  70  73  0  1154  42  2  5  1  18  0  57  3  33  152406  306  445  37  0  287  0  371  0  
0  1  0  1  0  0  0  0  10  34  0  0  0  0  0  0  0  1  811  930248  0  63111  0  0  229  2  336  0  0  54895  0  0  0  0  0  0  0  0  0  0  6  73890  0  929162  2  0  0  4  6  0  0  0  0  0  47  50  3960  368693  0  0  57  0  0  0  436721  31  0  24  0  0  12  0  129  0  0  0  0  0  0  0  0  0  0  1  135212  0  0  0  0  0  0  0  0  854  0  4511  0  0  0  1  0  0  0  941  0  0  0  0  0  0  0  0  0  0  4  445  0  1516  0  0  0  1  0  0  0  0  0  0  0  0  0  0  0  0  0  0  0  0  142  4  0  0  0  0  2  0  0  0  
1221  0  0  492907  6184  3003  3  1  1  2  0  0  3318  80005  3895  124  522  19858  2  0  0  0  0  138  0  23  0  0  84262  0  0  67  3380  555  308  0  0  0  361  285895  13  0  2  5  37150  0  7181  203  234656  0  0  335823  8133  322  8  2  3  0  0  0  0  10  3  360  3  62  48  307901  62  15  0  0  3  0  0  0  0  0  0  0  0  0  1  0  0  0  0  0  0  0  0  0  0  0  0  0  1  0  0  0  0  0  0  0  0  0  0  0  0  0  0  0  0  0  1  0  0  0  0  0  0  0  0  0  0  0  0  0  0  0  0  0  0  0  0  0  0  0  0  6  0  0  0  0  0  0  0  0  
14  0  0  111  0  65  0  0  0  0  0  1535  0  35417  0  1  8  2028  0  0  0  0  0  150451  0  0  0  0  4  0  0  30  1  14  73  0  0  0  137896  89  1  0  36  0  0  0  163312  7  932  0  0  6  0  0  0  0  0  0  0  0  0  30757  27  17508  0  2  0  0  0  3  0  0  1  0  0  0  0  0  0  0  0  0  0  0  0  0  0  0  0  0  0  0  0  0  0  0  0  0  0  0  0  0  0  0  0  0  0  0  0  0  0  0  0  0  0  0  0  0  0  0  0  0  0  0  0  0  0  0  0  0  0  0  0  0  0  0  0  0  0  0  0  0  0  0  0  0  0  0  
11882  0  0  6  6619  10211  2  0  1  2  0  93821  50170  0  9220  176  1  299  3  0  0  0  2  2841  0  1  0  0  64  0  3  263  0  0  0  0  0  0  185845  244528  11  0  0  3  2  0  8821  4  106401  0  0  295817  8586  45  0  0  1  0  0  0  0  55135  14  13891  0  85  3  136  1  80  0  0  3  0  0  0  0  0  0  0  0  0  0  0  0  0  0  0  0  0  0  0  0  0  0  0  0  0  0  0  0  0  0  0  0  0  0  0  0  0  0  0  0  0  0  0  0  0  0  0  0  0  0  0  0  0  0  0  0  0  0  0  0  0  0  0  0  0  0  2  0  0  0  0  0  0  0  0  
140724  0  0  22  48865  21250  49  1  14  7  0  11082  0  1773  0  305328  6  360  12  0  0  0  1  41  1  476  1  0  90386  0  3  388  0  0  0  0  0  0  19  1355  53  0  0  19  1932  0  112  18  7109  0  0  1229459  663541  856724  59  3  7  3  0  0  0  139257  16  64  15  601  298  238712  58313  23  26  0  34  0  0  0  0  0  0  0  0  0  0  0  0  0  0  0  0  0  0  0  0  0  0  0  0  0  0  0  0  0  0  0  0  0  0  0  0  0  0  0  0  0  1  0  0  0  0  0  0  0  0  0  0  0  0  0  0  0  0  0  0  0  0  0  0  0  0  22  0  0  0  0  1  0  0  0  
26076  0  434682  76  371386  570788  576627  442757  966  10  0  16  0  30  298812  0  12  899  37  0  0  0  3  1865  2  242  4  9  49966  4  39698  4523  0  0  0  0  0  0  39  293  151  0  1  20  25388  20718  146  95  5002  0  5  5441  121239  930306  100  34  22  7  0  2  2  0  20  1429  140  15800  1083  940  174622  128938  31  0  249  0  0  0  1428  0  2  6588  3454  16063  322  0  0  0  0  0  0  30521  0  0  0  0  0  0  0  0  0  0  0  0  35  50  4  526  0  0  0  0  0  0  0  0  3  0  0  0  0  704  0  0  0  0  0  0  0  0  0  1  0  0  0  0  0  0  0  0  0  585  0  0  0  6  23  0  0  0  
0  0  61  5545  8  55  16  61  107  225  1  423  9  0  5  46  0  395841  4703  0  2  1  32767  3648  8  1282  3  0  194  8  1  35930  4370  53  72918  8  1  19  0  33  44953  0  26275  645  5207  2  25477  416505  240997  98  76  17  9  50  791  111  385  1538  17  5  38  0  193  71  518  304  2519  58  3758  46  14  1  15190  72  0  0  0  4  0  3  0  3  29  2  0  0  0  0  0  0  1  11  2  0  3  0  5  0  0  39  3  0  2  0  10  41  0  0  0  13  0  0  0  0  151  0  0  1  4  5  0  24  5  0  3  4  0  1  0  17  1  0  1  0  5  0  1  0  0  181  11  2  2  0  8  0  17  0  
1000  1  2  9146  320  3161  5  7  99  616  0  22616  3271  345  36  21  222724  0  380  0  7  4  25289  47518  4  1242  4  0  38  17  1099  176951  2276  118  13793  7  0  15  537  111  8825  0  14533  1426  219  0  369320  101196  403196  93  99  384  35  155  1388  53  349  53  17  3  43  0  3466  1057  410  826  162  146  191  2736  10  0  23649  110  0  0  0  3  0  2  1  2  62  5  0  1  0  2  0  0  0  17  1  0  8  0  7  1  0  75  6  0  1  0  9  82  0  0  0  16  0  0  0  0  280  0  1  1  9  3  1  26  12  0  5  3  0  3  0  29  0  1  1  1  4  0  2  0  0  325  31  5  1  0  10  0  15  0  
0  164536  0  167  3  13  10  13  62  12  106  0  0  1  6  6  7  131  0  56875  75  12056  21  0  286913  93  3  0  6  3  0  13  0  0  1  0  6  8605  0  1  453  188207  4  14811  2451  0  2  382  426  0  30990  22  4  173  503  1606  1506885  738971  343368  1228  31084  0  0  0  19928  50  34  15814  31  2  4  0  518940  2  0  0  0  0  0  0  0  0  0  0  0  0  0  0  0  0  0  0  0  0  0  0  0  0  0  0  0  0  0  0  0  0  0  0  0  0  0  0  0  0  1  0  0  0  0  0  0  0  0  0  0  0  0  0  0  0  0  0  0  0  0  0  0  0  0  2  0  0  0  0  0  0  0  0  
0  40  0  1  0  0  0  0  1202  0  1000116  1  0  0  0  0  1  21  39502  0  0  274  0  0  5644  30  111543  0  12  9866  0  2  0  0  0  0  0  0  0  1  57  125648  0  251047  72  0  0  28  27  0  0  0  0  1  83  76925  6184  561917  6  0  15  0  0  0  347860  9  16  57  6  0  4575  0  352  0  0  0  0  0  0  0  0  0  0  0  21148  0  0  0  0  0  0  0  0  164  0  2  0  0  0  0  5  0  0  610  0  0  0  0  0  0  0  0  0  0  1  29  0  25  0  0  0  0  0  0  0  0  0  0  0  0  0  0  0  0  0  0  0  0  3  0  0  0  0  0  0  0  0  0  
0  294189  0  3  1  0  0  0  1  3  0  0  0  0  0  0  0  1  67  0  0  42845  114033  0  6  6  0  0  0  0  0  11  0  0  0  0  157988  2153  0  1  48  3  105  158  20  0  0  3  4  371227  117273  0  0  1  49  0  25  0  17663  383317  612502  0  2  0  4  1  0  26  2  0  0  33  468  0  0  2  0  0  0  0  0  0  0  2  0  0  0  0  0  0  0  0  0  0  11  8  2  0  0  0  0  0  0  0  1  4  0  0  0  0  0  0  0  0  3  2  0  0  0  0  0  0  0  0  109  0  0  0  0  1  0  0  0  0  48  0  0  0  0  1  0  0  0  0  0  0  1  0  
6  148785  0  62  41  36  3  13  52  52568  42510  14  0  1  20  3  0  151  3230  197  40060  0  132258  0  28  309  0  0  0  3266  0  24  0  0  0  0  0  137  0  142  4389  415276  2  1173043  466  0  43  70  320  4  119887  58  32  44  1937  8  110154  45957  978  39  1373540  0  1  0  5364  376  3  486  10  2  2  0  923  0  0  12  0  1  0  0  0  0  15  126  27925  0  0  0  0  0  0  1  2  0  146  28490  27  1  0  26  0  0  0  37  1  10  0  0  0  4  1  0  0  0  82  107  1  8819  0  4  0  7  2  0  257  0  0  0  0  2  0  1  2  1  49  0  0  0  2  111  2  0  0  0  3  0  2  0  
10  2  0  140  64  143  136  298  768  39627  0  14  0  4  30  14  35938  42228  320  0  105650  140826  0  1101  1426  7347  1  0  9  146  2  81417  2  0  128005  1  2425  23489  1  151  38198  2  429468  150155  448  0  282  33658  1568  287535  373  115  51  230  13424  113  413  68  10516  22052  365339  0  119  11  4372  336  38  1820  76  62  33  589  96048  7  0  0  0  1  0  0  0  0  9  3  0  0  0  0  0  0  0  2  0  0  28  15  3  1  0  20  2  0  0  0  5  22  0  0  0  6  0  0  0  0  41  3  0  1  0  0  0  7  0  0  199  1  0  0  0  7  1  0  0  0  91  0  1  0  0  57  4  1  0  0  2  0  4  0  
219783  0  0  38  6172  33667  1  0  1  6  0  375  164129  18092  262  1241  782  35171  2  0  0  0  125  0  0  9  0  0  0  1  202573  53362  131  582  5712  0  0  0  48787  1325  35  0  7891  25  3  0  280544  4910  8476  0  0  9174  1863  17  1  0  2  0  0  0  0  226408  410638  876250  3  578  5  86  10  167433  1  0  151  0  0  0  0  1  0  2  0  0  1  0  0  0  0  0  0  0  0  1  0  0  0  0  0  54  0  3  0  0  0  0  165  2  0  0  0  1  0  0  0  0  2  0  0  0  0  0  0  0  0  0  0  0  0  0  0  1  0  0  0  0  0  0  17  0  0  37  1  0  0  0  0  0  0  0  
2  1  0  58  2  24  20  6  1311  35  7  0  0  1  22  4  9  358  192415  10333  6  7  360  0  0  171309  9220  1  138  19  0  53  0  1  0  5  0  41  0  0  689  0  5  1517  2166  1  3  272  501  21  442  11  1  312  328720  647784  43181  37931  2305  32  638  0  1  1  8071  436  134  15920  69  0  133  0  964791  0  0  0  0  0  0  0  0  0  1  0  0  0  0  0  0  0  0  0  0  0  0  0  0  0  0  2  0  0  0  0  0  0  0  0  0  1  0  0  0  0  2  0  0  0  0  0  0  0  0  0  0  0  0  0  0  1  0  0  0  0  0  0  0  0  0  1  0  0  0  0  1  0  0  0  
6  0  8  387890  46  503  390  507  2744  537  0  9  0  10  88  49  314  2412  659  26  0  54  412  0  139492  0  267  50720  169  1303  1  393  2582  123607  3  243713  0  18435  2  76  554572  2  11  9059  57960  6  93  2343  16058  0  301  902  49  1030  330486  179087  765  232  33  46  395  0  14  1  5903  13217  690315  13729  5296  5  963  0  76189  2469  0  0  0  1  0  0  0  1  12  0  0  0  0  0  0  0  0  0  1  0  0  0  1  0  0  26  2  0  0  0  2  3  0  0  0  7  0  0  0  0  46  0  0  0  2  1  1  1  0  0  0  1  1  0  0  10  0  0  0  0  0  0  0  0  0  142  5  0  0  0  4  0  4  0  
0  0  103429  1  0  4  3  7  779  0  235  0  0  0  0  5  0  7  27  171804  0  0  0  0  4693  462  0  60  91  1128772  0  2  0  0  0  0  0  0  0  0  20  0  0  65  716  7522  0  3  11  0  0  1  0  6  1451  1199086  6  63  1  0  0  0  0  0  287849  66  346833  1  79  0  150685  0  3  0  0  0  0  0  0  0  0  0  2  0  58  0  0  0  0  0  0  0  0  92  0  0  0  0  0  0  38  0  0  2346  0  0  0  0  0  0  0  0  0  0  0  0  0  0  0  2  0  0  0  0  0  0  0  0  0  3  0  0  0  0  0  0  0  0  2  0  0  0  0  0  30  0  0  0  
0  0  156719  240055  0  1  0  8  665  0  0  0  0  0  0  6  1  5  1  0  0  0  0  0  0  76184  96  0  110180  0  0  1  0  0  0  0  0  0  0  0  27  0  0  5  736762  134390  0  8  55  0  1  0  0  4  2  564  0  0  0  0  0  0  0  0  10  18  598639  3  85  0  81  0  0  0  0  0  0  0  0  0  0  0  0  0  0  0  0  0  0  0  0  0  0  0  0  0  0  0  0  0  0  0  0  0  0  0  0  0  0  0  0  0  0  0  0  0  0  0  0  0  0  0  0  0  0  0  0  0  0  0  0  0  0  0  0  0  0  0  0  0  0  0  0  0  0  0  0  0  
5  0  144665  103284  34  245  50  109538  3587  18  0  56457  8  93  88314  41598  564  2573  416  0  0  0  0  0  0  1113  1  49512  0  7  0  299  3  0  0  0  0  0  1  80  996  0  0  111  959284  20292  332  6625  5314  0  2  12616  42  4904  204  76  79  75  0  3  2  0  18  4  378  7109  24077  526751  621165  11  903  0  236  0  0  0  0  1  0  1  0  2  9  0  0  0  0  2  0  0  0  3  0  0  0  0  1  0  0  6  0  0  0  0  1  2  0  0  0  0  0  0  0  0  13  0  0  0  1  0  0  1  1  0  0  0  0  0  0  3  0  0  0  0  0  0  0  0  0  34  4  0  0  0  1  0  1  0  
1  0  77158  6  0  27  33  19  39365  86086  33772  0  0  1  1  4  21  3253  233  7916  0  3221  8  0  13  793  876070  5  83  0  1  438  0  0  0  0  0  0  0  4  1033  0  5  31815  974  336577  10  651  1972  0  19  16  1  24  765  53911  470  65  5  0  14  0  10  1  542960  47254  39029  68  82  3  451102  0  1279  1  0  0  6  0  0  0  0  0  10101  754  34053  0  0  1  0  2  1  2  0  581  0  4516  2  0  0  19  428  0  0  102960  0  4  0  0  0  6  0  0  0  0  263  0  0  15  2  53  0  6  3  0  0  0  1  0  0  11  0  0  0  0  8  0  0  0  684  4278  6  1  0  0  30295  0  2  0  
86519  0  0  0  57307  47315  0  0  0  0  0  0  0  0  0  48276  0  252  0  0  0  0  3  169986  0  1  0  0  0  0  0  34199  0  0  0  0  0  0  1  0  5  0  0  6  0  0  335  4  19  0  0  0  0  1  1  0  0  0  0  0  0  0  316058  741  0  6  0  0  1  327927  0  0  7  0  6  0  0  0  0  236  0  0  0  0  0  0  0  0  0  195  0  0  0  0  0  0  0  1321  0  0  0  0  0  0  23941  206  0  0  0  0  0  0  0  0  0  0  0  0  0  0  0  0  0  0  0  0  0  1  0  0  0  0  0  0  0  0  603  9  0  13  0  0  0  357  0  0  0  0  
567  0  0  5  102  148930  8  5  76  436  0  3  43  68  14  1889  50075  428365  94  0  10  15  84395  35859  1  913  3  0  26  17  46301  0  6  1  30390  1  2  12  414  13  3687  0  15929  2241  323  0  29940  35223  48231  22  20  111  27  33  479  45  54  16  14  1  19  11  251373  8481  347  93716  93  39  85  185668  5  2  24876  26  1  0  0  6  2  2311  6  5  127  8  0  1  0  4  0  1071  0  20  1  0  3  3  12  5  0  131  11  0  3  0  392  68470  0  0  0  40  0  0  0  0  326  0  0  0  36  8  4  16  21  0  22  11  1  2  0  71  1  0  0  0  9  0  10  1  1  1681  52  10  6  807  21  0  28  0  
0  0  0  96653  0  3  0  0  5  6  0  301  0  0  0  0  2372  2870  5  1  0  0  0  44  0  700  0  0  1  0  0  47  0  177173  41570  14493  0  0  0  1  58717  0  5  16  4  0  257  306050  3644  0  0  5  0  0  43  8  1  0  0  0  0  0  3  0  20  20  5  1  0  1  0  0  24913  328710  0  0  0  0  0  0  0  0  1  0  0  0  0  0  0  0  0  0  0  0  0  0  0  0  0  0  0  0  0  0  0  0  0  0  0  0  0  0  0  0  1  0  0  0  0  0  0  0  0  0  0  0  0  0  0  0  0  0  0  0  0  0  0  0  0  3  2  0  0  0  0  0  0  0  
0  0  0  2786  0  0  0  0  0  0  0  548  30  4  0  0  45  246  0  0  0  0  1  1044  1  93185  0  0  14  0  0  1  258148  0  541206  319712  49  381374  2  1  13044  0  129760  0  0  0  555  76496  55  5  0  0  0  0  139  0  0  0  2  0  1  0  0  30  0  0  0  0  0  0  0  1961  634077  100921  0  0  0  0  0  0  0  0  0  0  0  0  0  0  0  0  0  0  0  0  0  0  0  0  0  0  0  0  0  0  0  0  0  0  0  0  0  0  0  0  0  0  0  0  0  0  0  0  0  0  0  0  0  0  0  0  0  0  0  0  0  0  0  0  0  0  0  0  0  0  0  0  0  0  
1  0  0  766  1  4  0  0  15  15  0  288  12  0  0  0  53094  15285  30  0  0  0  115284  3404  1  230  0  0  5  5  1  28769  46833  569582  0  1  618  47110  0  0  591  0  377140  178  4  0  1228  347276  155  2528  7  1  0  0  81  1  11  1  1271  316  1492  0  6  106  41  22  1  1  0  5  0  86223  143381  28  0  0  0  0  0  0  0  0  4  0  0  0  0  0  0  0  0  1  0  0  0  0  1  0  0  6  1  0  0  0  1  1  0  0  0  2  0  0  0  0  11  0  0  0  0  0  1  1  1  0  0  1  0  0  0  0  0  0  0  0  0  0  0  0  0  13  0  0  1  0  0  0  1  0  
0  0  0  41  0  0  0  0  0  0  0  0  0  0  0  0  4  3  0  0  0  0  0  0  9  264016  0  0  0  0  0  1  19871  374831  8  0  0  5675  0  0  145411  0  0  0  0  0  0  24767  100  0  0  0  0  0  3612  0  0  0  0  0  0  0  0  0  0  0  1  0  0  0  0  0  52140  192686  0  0  0  0  0  0  0  0  0  0  0  0  0  0  0  0  0  0  0  0  0  0  0  0  0  0  0  0  0  0  0  0  0  0  0  0  0  0  0  0  0  0  0  0  0  0  0  0  0  0  0  0  0  0  0  0  0  0  0  0  0  0  0  0  0  0  0  0  0  0  0  0  0  0  
0  47076  0  0  0  0  0  0  0  0  0  0  0  0  0  0  15  0  3  0  100128  0  4676  0  1  2  0  0  0  0  0  0  0  63  1410  0  0  537769  0  0  5  0  200814  66  1  0  0  502  0  604434  0  0  0  0  2  0  0  0  138429  637434  5060  0  0  0  1  0  0  0  0  0  0  964285  20945  0  0  0  0  0  0  0  0  0  0  0  0  0  0  0  0  0  0  0  0  0  0  0  0  0  0  0  0  0  0  0  0  0  0  0  0  0  0  0  0  0  0  0  0  0  0  0  0  0  0  0  0  0  0  0  0  0  0  0  0  0  0  0  0  0  0  0  0  0  0  0  0  0  0  0  
0  26981  0  8  0  1  1  0  1  3  0  0  0  0  1  0  3  7  19687  0  238  246  2616  0  14  1053  0  0  0  0  0  3  1  382920  66129  151  492144  0  0  0  70  7  229034  10083  69  0  0  6466  7  36232  153  0  0  7  243  1  65  0  438491  89752  49399  0  0  0  7  4  1  66  2  0  0  1025916  1615230  10  0  0  0  0  0  0  0  0  0  0  0  0  0  0  0  0  0  0  0  0  0  0  0  0  0  0  0  0  0  0  0  0  0  0  0  0  0  0  0  0  0  0  0  0  0  0  0  0  0  0  0  0  0  0  0  0  0  0  0  0  0  0  0  0  0  0  1  0  0  0  0  0  0  0  
18413  0  0  0  921  7736  0  0  0  0  0  149  131176  210463  123  228  5  508  0  0  0  0  4  22171  0  4  0  0  0  0  11  2717  0  0  0  0  0  0  0  10289  16  0  0  9  0  0  97105  4  91275  0  0  29522  381  6  1  0  1  0  0  0  0  13799  367  134022  1  322  1  71  3  486  0  0  34  0  0  0  0  0  0  0  0  0  0  0  0  0  0  0  0  0  0  0  0  0  0  0  0  0  0  0  0  0  0  0  0  4  0  0  0  0  0  0  0  0  1  0  0  0  0  0  0  0  0  0  0  0  0  0  0  1  0  0  0  0  0  0  0  0  0  21  0  0  0  0  0  0  0  0  
1225  0  0  968  4608  2249  5  1  2  8  0  267590  1500  279537  2080  93  7  203  7  0  0  0  0  163  0  22  0  0  15  0  0  114  0  0  0  0  0  0  5463  0  141  0  0  8  65  0  1559  3  234013  0  2  29417  6295  184  5  1  7  1  0  0  1  161  5  912  2  83  27  38321  58  10  0  0  2  0  0  0  0  0  0  0  0  0  0  0  0  0  0  0  0  0  0  0  0  0  0  0  0  0  0  1  0  0  0  0  0  2  0  0  0  0  0  0  0  0  1  0  0  0  0  0  0  0  0  0  0  0  0  0  0  0  0  0  0  0  0  0  0  0  0  17  0  0  0  0  0  0  0  0  
369  0  5  148319  2617  2496  878  1066  3268  22822  1  283  0  165  1322  304  50816  74503  17414  36  0  105  3885  24  38  477967  168  10  164  161  7  5919  50349  13348  8  141644  0  2  43  3900  0  7  63  64127  9081  9  599  293324  230986  1  211  2447  2115  1817  162962  3443  2015  2457  40  23  630  2  149  50  6496  8978  52514  7219  840  155  340  0  109148  102839  0  0  0  9  0  5  10  7  172  16  0  1  0  9  0  0  0  31  8  0  25  1  32  3  1  339  20  0  2  0  58  110  0  0  0  80  2  0  1  0  941  0  10  4  38  23  4  163  28  0  10  14  1  4  1  133  2  0  0  2  38  0  5  0  2  731  85  11  5  0  24  0  56  0  
0  548515  0  35  0  1  0  0  1  1  90064  0  0  0  1  0  0  8  156495  148889  5  496315  0  0  3  0  0  0  0  0  0  0  0  0  0  0  0  0  0  0  2  0  0  197145  605  0  0  7  13  0  55584  1  0  15  12  1  851124  36748  1411  0  11233  0  0  0  19  2  1  107  1  0  0  0  9  0  0  0  0  0  0  0  0  0  0  0  363  0  0  0  0  0  0  0  0  1  0  36  0  0  0  0  0  0  0  0  0  0  0  0  0  0  0  0  0  0  0  54  0  4  0  0  0  0  0  0  0  0  0  0  0  0  0  0  0  1  0  0  0  0  0  0  0  0  0  0  0  0  0  0  
0  0  0  0  0  8  1  1  33  41  0  0  0  0  0  0  2949  5445  68  0  43  7  420917  3668  9  469  0  0  0  4  0  1756  1  188639  462065  0  157690  247319  0  6  1139  0  0  481  10  0  31  87364  81  155943  7  3  0  0  190  5  17  3  10955  480  6946  0  12  578  102  51  1  13  1  8  1  155947  106964  0  0  0  0  0  0  1  0  0  12  1  0  0  0  0  1  0  0  2  0  0  1  0  0  0  0  7  0  0  0  0  0  7  0  0  0  1  0  0  0  0  21  0  0  0  2  0  0  4  2  0  2  1  0  1  0  5  0  0  0  0  2  0  0  0  0  21  0  0  0  0  0  0  0  0  
60  7254  0  7802  374  1593  1615  4157  7126  229004  945902  120  0  15  244  318  134  20894  22317  121047  14  1002740  136782  7  893  20695  27  1  163  22434  5  2643  2  0  3  0  2  859  3  1159  99037  214628  56  0  26947  4  2229  3807  26749  252  32117  1224  405  3248  35790  1024  123923  400330  6284  655  196348  0  54  20  382889  15288  901  13748  3510  75  294  3  40864  82  0  0  0  0  0  0  1  0  33  12  6459  1  0  2  0  0  1  9  1  0  1  264  2  0  0  41  3  0  1  14  3  22  0  0  1  14  1  0  1  0  141  63  1  197  10  3  1  19  4  0  5  1  0  1  0  27  1  0  1  1  5  0  1  0  2  286  13  2  1  0  2  0  11  0  
115  0  236163  354108  493  7582  2370  67954  37299  231  0  5872  0  81  843  39428  4055  12413  2731  1  0  9  26  7  40  69702  66  789604  781015  65  6  1397  11  0  0  0  0  2  10  642  5863  1  4  1463  0  409242  1755  26963  85013  0  392  3782  663  7122  1834  1589  6667  277  113  151  329  0  158  23  2365  28886  524324  188484  258803  113  10974  0  2518  1  0  0  0  0  0  1  1  0  16  2  0  0  0  3  0  1  0  5  1  0  0  0  1  0  0  30  1  0  1  0  0  7  0  0  0  10  0  0  0  0  68  0  0  0  1  2  0  4  5  0  0  2  0  1  0  19  0  0  0  0  1  0  0  0  1  141  11  0  2  0  4  0  9  0  
3  0  279492  78  10  56  29  203476  152457  0  0  0  0  2  3  16026  7  61  32  0  0  0  0  0  0  39  12680  87052  2214  288255  0  8  0  0  0  0  0  0  0  11  107  0  0  13  253573  0  0  79  609  0  0  28  14  476  16  376  27  2  0  0  0  0  1  0  51  599  169492  7  550  0  125242  0  7  0  0  0  267  0  0  0  0  67  4253  0  0  0  0  0  0  465  0  0  0  0  0  0  0  0  0  0  1  0  0  886  0  0  0  0  0  0  0  0  0  0  0  0  0  0  0  5432  0  0  0  0  0  0  0  0  0  0  0  0  0  0  0  0  0  0  0  1  1  0  0  0  9728  0  0  0  
13803  0  0  63  1535  18621  8  1  16  17  0  1829  134760  4681  398  155  252  217812  15  0  3  3  259  219285  0  196  2  0  2  2  1680  56612  95  53  505  0  0  0  95119  526  465  0  211  387  69  0  0  3246  81755  0  5  5814  1402  822  61  6  8  6  1  0  1  882  16550  186514  55  631  253  409  311  3297  1  0  1037  0  0  0  0  0  0  0  0  0  2  0  0  0  0  0  0  0  0  0  1  0  2  0  0  1  0  6  0  0  0  0  1  11  0  0  0  1  0  0  0  0  6  0  0  0  0  2  0  0  0  0  2  0  0  1  0  0  0  0  0  0  0  0  0  0  0  56  1  0  0  0  0  0  2  0  
9  0  1  964  27  252  32  15  608  6350  0  255  3  4  15  36  345681  214244  1035  21  9  25  27040  5929  126  2343  37  4  140  81  27  18905  255385  34339  387940  10260  240  25210  6  79  211660  1  154065  3891  4003  1  30964  0  79018  1870  254  188  26  63  8786  867  656  135  2463  121  960  0  314  60  2310  3999  7820  342  278  143  65  14679  743689  84918  1  0  0  15  2  6  14  2  286  29  0  3  0  8  3  0  1  34  19  0  13  3  58  5  1  359  18  0  4  0  38  200  0  0  1  101  2  1  4  0  1455  0  6  12  49  33  6  191  64  0  10  28  4  3  0  149  1  1  0  3  35  0  6  0  1  1436  77  34  5  0  44  0  47  0  
57241  1  2041  479844  42568  50261  1980  1948  2414  15276  0  189865  5155  112509  18027  4231  136921  316204  60489  13  1  30  248  4708  110  8301  29  0  1787  85  182  57064  2085  21  35  8  0  1  84826  261890  240082  1  57  11209  128990  5  84690  30770  0  1  332  100898  41967  39004  6320  1533  26227  7034  41  51  146  1639  4303  17640  3517  17965  14581  198247  31905  4889  201  0  5891  67  1  0  0  2  2  17  3  7  60  6  0  0  0  2  4  0  0  12  1  0  0  1  8  0  1  78  5  0  1  0  10  115  0  0  0  15  0  0  0  0  206  0  0  0  8  9  3  24  13  0  6  2  1  0  0  40  0  0  0  0  7  0  1  0  0  1163  33  2  3  0  6  0  23  0  
0  2  0  2  0  0  0  0  7  1  0  0  0  0  0  0  79  39  0  0  371230  8  271479  0  17  20  0  0  0  1  0  35  0  0  2738  0  534740  139959  0  0  70  0  260075  651  18  0  1  5162  0  0  12  0  0  3  63  0  4  0  81947  317727  88634  0  0  0  20  0  0  9  0  0  0  79850  150453  0  0  0  0  0  0  0  0  0  0  0  0  0  0  0  0  0  0  0  0  0  0  0  0  0  0  0  0  0  0  0  0  0  0  0  0  0  0  0  0  0  0  0  0  0  1  0  0  0  0  0  1  0  0  0  0  0  0  0  0  0  0  0  0  0  0  0  0  0  0  0  0  0  0  0  
0  305639  0  158  0  10  4  22  14  3  0  0  0  0  2  3  1  27  3090  0  62219  144845  6  0  33  27  0  0  0  0  0  4  0  0  0  0  0  30  0  0  30  22663  0  28947  873  0  4  10  84  0  0  3  0  32  287  2  17215  27  63824  2776  259488  0  0  0  43  36  8  297  45  0  1  0  451  0  0  0  0  0  0  0  0  0  0  0  0  0  0  0  0  0  0  0  0  0  0  108  0  0  0  0  0  0  0  0  0  0  0  0  0  0  0  0  0  0  0  0  0  0  0  0  0  0  0  0  1  0  0  0  0  0  0  0  0  0  0  0  0  0  0  0  0  0  0  0  0  0  0  0  
130210  0  2  364  48045  61538  963  906  111  54  0  293339  16  346521  844902  3784  67  3876  651  0  0  2  5  1916  22  1474  13  0  29955  2  4  1963  1  0  0  0  0  0  55728  91875  560  0  0  111  3309  0  5551  163  57954  0  83  0  258691  226744  1016  120  1333  91  9  23  29  57920  137  3155  159  5005  2822  284543  6326  276  14  0  244  0  0  0  0  0  1  5  0  0  1  0  0  0  0  0  0  0  0  0  0  0  0  0  1  0  0  0  0  0  0  0  0  6  0  0  0  0  0  0  0  0  2  0  0  0  1  1  0  1  1  0  0  0  0  0  0  2  0  0  0  0  0  0  0  0  0  216  0  0  0  0  0  0  1  0  
148723  0  0  6  122128  28153  43  0  6  7  0  198  1  445  682178  69509  29  996  15  0  0  0  1  68  0  56  2  0  4  0  4  1561  1  0  0  0  0  0  79  4401  79  0  0  14  29  0  294  33  12177  0  3  453171  0  74222  25  7  7  1  0  1  0  11  70  167  20  1282  215  181  87  85  1  0  23  0  0  0  0  1  0  2  1  0  0  1  0  0  0  0  1  0  0  0  0  0  0  0  0  0  0  0  0  0  0  0  0  9  0  0  0  0  0  0  0  0  2  0  0  0  0  0  0  0  0  0  0  0  0  0  0  0  0  0  0  0  0  0  0  0  0  90  0  0  0  0  0  0  1  0  
867  0  8  5068  5060  99937  50168  123186  5358  7  0  122  0  24  778071  866145  34  2515  703  1  0  1  7  13  75  10599  43  4  4329  40  3  447  0  0  0  0  0  1  10  993  1032  1  0  289  14700  14  920  473  50823  0  153  366132  87434  0  3337  339  1020  117  14  25  59  0  55  38  1372  18929  18895  181650  310930  49  272  0  1280  0  1  0  0  0  2  11  0  0  3  0  0  0  0  0  0  0  0  0  0  0  0  0  0  0  0  1  0  0  0  0  0  3  0  0  0  0  0  0  0  0  4  0  0  0  0  1  1  0  0  0  0  0  0  0  0  1  0  0  0  0  0  0  1  1  0  164  0  0  0  0  0  0  4  0  
1  3  0  429  13  336  710  949  17483  189  0  1  0  1  19  38  55  4376  9344  31  4  193  954  0  234082  375707  1457  0  175  523  1  358  32  254  1  11551  0  26  1  22  115844  4  10  50195  2266  2  84  2249  5339  16  234  111  17  786  0  40277  8692  1785  184  27  1889  0  6  1  31817  3942  5442  10461  298  9  1903  0  374570  128  0  0  0  0  0  0  0  0  4  1  0  0  0  0  0  0  0  1  0  0  0  0  2  0  0  9  0  0  1  0  2  2  0  0  0  1  0  0  0  0  28  0  0  0  0  0  0  2  2  0  1  1  0  0  0  5  0  0  0  0  0  0  0  0  0  71  2  1  0  0  0  0  4  0  
1  0  1  99  10  298  468  372  45842  37  4  3  0  0  14  13  89  2987  11456  120433  0  5  7  1  621175  276952  1032451  260  5362  22243  1  435  18  0  0  0  0  1  0  11  8554  1  0  13933  36163  97  78  2613  4880  0  162  232  12  805  117448  0  13462  130944  113  6  146  0  15  3  250709  11200  289584  11119  3769  9  295187  0  49462  1  0  0  0  0  0  0  0  0  8  0  0  0  0  0  0  0  0  2  2  0  0  0  1  0  0  8  3  0  0  1  1  2  0  0  0  4  0  0  0  0  17  0  0  0  2  0  0  0  1  0  0  0  1  0  0  4  0  0  0  0  1  0  0  0  0  32  6  1  0  0  1  0  2  0  
1  472319  0  251  3  21  20  5  76  7  2033  0  0  0  25  2  10  229  1625979  1732  6  216286  7  0  61992  34  2  0  11  2  0  19  0  0  0  0  0  20  0  0  862  718514  1  99399  6197  0  3  267  1167  0  59975  91  2  357  405  5394  0  137119  201923  31  37586  0  0  1  28554  87  97  40893  50  1  2  0  150416  0  0  0  0  0  0  0  0  2  0  0  0  0  0  0  0  0  0  0  0  0  0  0  0  0  0  1  0  0  0  0  0  1  0  0  0  0  0  0  0  0  2  0  0  0  0  0  0  0  0  0  1  0  0  0  0  0  0  0  0  0  0  0  0  0  0  1  0  0  0  0  0  0  1  0  
1  6194  0  360  3  29  15  5  299  15  311106  0  0  0  14  3  3  234  715135  541539  0  31085  12  0  55391  383  19  0  11  16  0  22  1  0  0  0  0  1  0  0  308  62681  0  295888  7848  0  2  294  961  0  13900  34  6  200  1737  124667  220183  0  2796  3  3747  0  0  0  224078  196  262  4877  32  0  39  0  3100  0  0  0  0  0  0  0  0  0  2  0  3  0  0  0  0  0  0  0  0  0  0  0  0  0  0  0  0  0  0  0  0  0  0  0  0  0  0  0  0  0  5  0  1  0  0  0  0  0  1  0  0  0  0  0  0  0  0  0  0  0  0  0  0  0  0  3  0  0  0  0  0  0  0  0  
0  346204  0  1071  3  61  34  24  13  17  0  0  0  0  11  4  2  95  286360  8  6711  13947  1623  0  287  145  1  0  1  0  0  12  1  0  7  0  123355  510403  0  0  474  447  253  43147  10141  0  5  289  263  999  173112  11  1  330  917  16  158482  310  0  272067  125583  0  2  1  246  220  48  3827  110  1  2  279  232820  0  0  0  0  0  0  0  0  0  0  0  0  0  0  0  0  0  0  0  0  0  0  0  0  0  0  0  0  0  0  0  0  0  0  0  0  0  0  0  0  0  1  0  0  0  0  0  0  0  0  0  0  0  0  0  0  1  0  0  0  0  0  0  0  0  0  0  0  0  0  0  1  0  0  0  
0  143012  0  203  0  8  4  10  16  5  0  0  0  0  1  0  3  37  151  0  480479  407  4448  1  41  38  0  0  0  1  0  4  0  0  213  1  582291  143125  0  0  58  8  681  21984  1259  0  3  221  70  308323  64657  2  0  41  996  1  187  7  270173  0  227469  0  0  0  19  64  10  461  35  0  0  185617  51106  1  0  0  0  0  0  0  0  0  0  0  0  0  0  0  0  0  0  0  0  0  0  0  0  0  0  0  0  0  0  0  0  0  0  0  0  0  0  0  0  0  2  0  0  0  0  0  0  0  0  0  0  0  0  0  0  0  0  0  0  0  0  0  0  0  0  0  0  0  0  0  0  0  0  0  
1  84033  0  984  2  60  47  92  309  100  5751  0  0  1  35  16  18  310  2531  281  589715  1051515  353574  0  1273  282  2  0  4  18  0  36  0  0  77  0  2111  104322  0  4  720  27457  1701  233906  6194  0  12  430  667  73475  302771  18  4  456  17096  56  26538  7956  108625  213326  0  0  0  0  379  289  58  8598  231  2  12  781  79952  1  0  0  0  0  0  0  0  0  0  6  66  0  0  0  0  0  0  0  0  0  12  100  0  0  0  1  0  0  0  0  2  0  0  0  0  0  1  0  0  0  3  3  0  21  1  0  0  0  0  0  131  0  0  0  0  1  0  0  0  0  54  0  0  0  0  8  0  0  0  0  0  0  1  0  
116132  0  0  0  10  119  0  0  0  0  0  3  46533  48124  128092  1  0  4  0  0  0  0  0  211026  0  0  0  0  0  0  0  46  0  0  0  0  0  0  27116  72  0  0  0  0  0  0  196  0  283  0  0  88708  44  0  0  0  0  0  0  0  0  0  5  72746  0  11  0  4  0  3  0  0  0  0  0  0  0  0  0  0  0  0  0  0  0  0  0  0  0  0  0  0  0  0  0  0  0  0  0  0  0  0  0  0  0  0  0  0  0  0  0  0  0  0  0  0  0  0  0  0  0  0  0  0  0  0  0  0  0  0  0  0  0  0  0  0  0  0  0  0  0  0  0  0  0  0  0  0  
27  0  0  1  10  34821  0  1  12  22  0  0  343  52  1  2  15  13123  2  0  1  1  289  385892  0  171  0  0  1  3  315471  371310  1  0  1  0  0  0  1348  1  547  0  28  388  4  0  51629  180  367  0  0  5  3  0  36  2  1  0  0  0  4  10  0  109856  51  29  1  3  3  106800  1  0  1019  0  0  0  0  1  0  0  0  0  3  0  0  0  0  0  0  0  0  1  0  0  0  0  0  6  0  12  0  0  0  0  55  9  0  0  0  4  0  0  0  0  21  0  0  0  1  0  0  0  0  0  2  1  0  0  0  6  0  0  0  0  2  0  4  0  0  24  0  3  0  0  2  0  1  0  
44637  0  0  6  4208  33928  1  0  1  7  0  318  53959  48592  220  1398  31  4351  3  0  1  0  38  868744  0  27  0  0  0  0  535  31446  0  6  49  0  0  0  225933  1117  75  0  283  41  3  0  232477  39  16021  0  0  3500  909  28  7  2  1  1  1  0  0  110021  48393  0  11  1954  10  70  16  14207  0  0  323  0  0  0  0  0  0  2  0  0  1  0  0  0  0  0  0  0  0  0  0  0  0  0  0  0  0  5  0  0  0  0  0  18  0  0  0  3  0  0  0  0  11  0  0  0  0  0  0  0  1  0  0  1  0  0  0  2  0  0  0  0  0  0  0  0  0  91  0  0  0  0  1  0  0  0  
6  217  0  1314  21  576  2989  1197  61045  6977  437075  15  0  1  43  20  156  7943  140998  708498  2  6251  98  2  6629  5562  375396  4  1192  873652  1  1493  9  0  0  0  0  8  0  121  8822  3158  5  397349  27320  15  417  4060  8787  1  6907  524  28  1333  31791  127462  145433  250178  3227  82  5011  0  28  5  0  31241  4597  7570  564  26  162554  0  34092  3  1  0  0  0  0  2  2  1  23  10  9697  0  0  1  0  0  0  2  0  225  0  16  3  0  0  33  3  0  2  493  0  7  0  0  0  7  0  0  0  0  61  0  0  0  3  1  0  1  4  0  0  0  0  1  0  13  0  0  0  0  1  0  0  0  28  137  7  0  0  0  2  0  6  0  
857  0  12  910  373  489289  254350  215660  379825  390460  9  58  1  75  272  8797  488  46762  3432  7  0  39  155  462  22  9793  303  14  2065  64292  15  124707  38  0  2  1  0  1  69  511  20297  3  82  23798  14070  36  1188  11150  40024  2  134  3789  468  4465  10084  4443  855  365  22  7  46  5  253  2262  61633  0  7874  3739  5143  274  531  0  21317  642  1392  0  1  21  269  23926  1997  3837  5128  263  7  3  1  20  113  271  7  207  6  1  0  83  161  26  2  683  110  3  277  44  51  4180  0  0  0  105  1  0  40  0  2082  1  6  3  3649  241  69  64  106  0  3  146  204  124  0  1066  1  0  11  2  20  142  56  55  10  478210  958  27  130  81  2530  0  664  0  
15  0  65393  64177  59  2645  3287  536  31375  34  0  1  0  7  131  1807  557  5308  1675  19  0  0  4  2  117  907130  368986  495528  8213  41518  1  657  13  0  0  0  0  0  0  12  49991  0  2  5614  320936  173746  41  6914  11919  0  48  284  90  3614  20917  346181  369  1534  8  5  32  0  24  3  10178  41692  0  8181  22576  21  121540  0  602  0  0  0  0  0  0  0  0  0  8  0  0  1  0  0  0  0  0  0  0  0  0  0  0  0  0  15  3  0  0  0  0  4  0  0  0  3  0  0  0  0  39  0  0  0  1  2  0  1  1  0  0  1  0  0  0  6  0  0  0  0  0  0  1  0  0  59  7  1  0  0  3  0  5  0  
761  2  3  137128  2481  7975  1403  115  961  33  0  234181  3  794  252836  653  36  5030  2461  7  0  5  9  36  191  9569  27  1  442780  18  2  948  0  0  0  0  0  0  323  13247  1118  3  0  280  377432  9  8035  97  154183  0  489  381320  2360  140486  6546  513  5998  332  72  65  176  20  96  110  404  4356  15367  0  125702  111  635  0  1649  0  1  0  0  0  1  4  1  1  2  0  0  0  0  0  0  0  0  1  0  0  0  0  0  0  0  2  0  0  0  0  0  8  0  0  0  1  0  0  0  0  5  0  0  0  0  0  0  0  0  0  0  0  0  0  0  1  0  0  0  0  0  0  0  0  1  283  0  0  0  0  0  0  2  0  
133  0  51202  9552  783  12094  13250  157263  14546  20  0  107  0  67  68367  173132  328  3292  1560  0  0  1  10  3  6  6754  24  68  505219  9  1  443  4  0  0  0  0  0  8  1040  1442  0  0  259  235715  659  277  3638  18673  0  17  12594  1036  377124  475  505  2281  152  2  4  23  0  32  9  390  25526  49124  114258  0  22  10436  0  354  2  0  0  0  1  1  2  0  2  7  0  0  0  0  0  0  0  0  0  0  0  0  0  2  0  0  7  0  0  0  0  0  3  0  0  0  0  0  0  0  0  19  0  0  0  3  2  0  0  1  0  1  0  2  0  0  6  0  0  0  0  1  0  1  0  0  62  0  1  0  0  1  0  3  0  
83909  0  0  0  87183  440781  0  1  4  10  0  1  0  37  6  154069  4  2658  1  0  1  0  116  172647  0  71  0  0  1  1  366285  237845  0  0  0  0  0  0  121  20  252  0  1  178  4  0  2266  70  571  1  0  63  6  2  9  0  0  0  0  0  1  5  99630  30568  16  88  0  2  2  0  0  0  672  0  2  0  0  0  0  2471  2  0  6  0  0  0  0  0  0  1223  0  0  0  0  0  0  0  36  0  5  1  0  1  0  5103  669  0  0  0  1  0  0  1  0  12  0  0  0  0  2  0  0  2  0  2  1  0  0  0  5  0  0  0  0  0  0  24  0  0  62  0  1  0  1961  1  0  1  0  
0  0  3  37  1  108  81  131  388552  27  2  0  0  0  2  21  36  1190  2659  1164  0  1  2  1  51  2562  59788  90  913  447226  1  142  2  0  0  0  0  0  0  3  3626  0  0  765  6137  131523  14  2027  1386  0  11  43  4  454  1699  229686  1628  224  10  1  23  0  2  1  95307  7873  104423  214  1107  3  0  0  345  0  0  0  0  0  0  0  0  3  4839  26  54  0  0  0  0  0  0  1  0  4  0  3  0  0  0  6  0  0  0  24978  0  2  0  0  0  2  0  0  0  0  20  0  0  0  0  30  0  2  1  0  0  0  0  0  0  3  0  0  0  0  1  0  0  0  1  51  0  0  0  0  175396  0  1  0  
0  0  0  0  0  0  0  0  0  0  0  0  0  0  0  0  8  4  0  0  4  0  1050  0  3  0  0  0  0  0  0  0  0  419  53710  0  1203026  987731  0  0  4  0  91753  118  7  0  0  3256  0  110654  2  0  0  0  13  0  0  0  32587  183794  7721  0  0  0  0  0  0  4  0  0  1  0  144237  0  0  0  0  0  0  0  0  0  0  0  0  0  0  0  0  0  0  0  0  0  0  0  0  0  0  0  0  0  0  0  0  0  0  0  0  0  0  0  0  0  0  0  0  0  0  0  0  0  0  0  0  0  0  0  0  0  0  0  0  0  0  0  0  0  0  0  0  0  0  0  0  0  0  0  
16  124  0  1741  23  472  383  304  1874  1321  11  7  0  5  252  50  1612  39558  396193  1510  170  822  63597  51  1001417  50295  5  0  60  216  6  14928  36483  573707  184035  26188  5374  1824249  1  47  56246  28  193639  114202  21808  0  219  761070  7333  73122  15479  99  28  3907  540871  71574  125652  3121  188164  35870  145154  0  289  79  50937  1991  201  92618  345  145  74  115268  0  19898  1  0  0  6  0  0  2  3  89  11  0  1  0  3  0  1  0  10  2  0  14  0  14  0  0  117  9  0  1  0  19  86  0  0  0  32  0  0  0  0  397  0  3  3  11  14  0  65  19  0  17  14  1  1  0  49  1  0  0  0  18  0  2  0  1  297  33  9  0  0  20  0  18  0  
0  0  0  187  2  3  0  0  5  936  0  0  0  1  2  0  29  2259  13  0  0  1  27  0  1  503  0  0  1  6  0  91  347118  80462  51  177062  0  1  1  9  83727  0  2  461  77  0  1  137999  1532  0  5  23  1  1  774  5  13  2  1  0  1  0  2  1  32  308  3  34  0  4  0  0  39998  0  0  0  0  0  0  0  0  0  6  5  0  0  0  0  0  0  0  1  0  0  1  1  2  0  1  14  0  0  0  0  1  4  0  0  0  2  0  0  0  0  78  0  0  0  0  0  0  12  2  0  1  0  0  0  0  1  0  0  0  0  5  0  1  0  1  56  2  0  0  0  1  0  2  0  
0  0  0  0  1  48  0  0  0  0  0  0  0  0  0  1  0  0  0  0  0  0  0  0  0  0  0  0  0  0  265  1  0  0  0  0  0  0  0  0  0  0  0  0  0  0  0  0  0  0  0  0  0  0  0  0  0  0  0  0  0  0  1  0  0  22  0  0  0  113  0  0  0  0  0  0  0  19  203743  55609  135  12  170  1  0  89  4337  6052  49920  69645  1  100  2  0  0  0  13  440195  0  46  9  0  8  0  103459  9442  0  0  0  14  0  0  77518  0  224  0  0  0  268  13  6288  0  7662  0  0  32180  293910  120  0  802  1  3  0  0  1  295858  4957  17542  13  5484  33  50  17  87836  104  0  31  0  
0  0  0  0  0  0  0  0  0  0  0  0  0  0  0  0  0  1  0  0  0  2  1  0  0  0  0  0  0  0  0  0  0  0  0  0  0  0  0  0  0  0  0  0  0  0  0  0  1  0  0  0  0  0  0  0  0  0  0  0  0  0  0  0  0  0  0  0  0  0  0  0  0  0  0  0  0  3  0  0  0  0  8  1  0  0  0  0  0  0  0  1  655912  0  348347  6  6  0  2  4  0  0  2  0  0  1  0  0  0  2  1873  6458  0  0  15  239680  0  9  2  0  0  0  7  0  347397  0  0  0  0  5  13021  1  194562  179349  7038  0  1  0  0  2  0  0  0  0  1  666  339  0  
0  0  1702  0  0  0  1  916  32  0  0  0  0  0  0  857  0  0  0  0  0  0  0  0  0  0  0  0  0  5  0  0  0  0  0  0  0  0  0  0  0  0  0  0  0  378  0  0  0  0  0  0  0  0  0  0  0  0  0  0  0  0  0  0  0  1  0  0  0  0  0  0  0  0  0  0  0  0  0  1  346  18107  138  0  0  0  0  0  0  471853  0  0  0  0  0  0  0  0  0  1  103782  129991  272910  60950  0  0  0  0  0  1  0  0  0  0  18  0  0  0  409967  423911  0  0  0  0  0  0  0  17  0  7  0  0  0  0  0  0  0  0  0  0  126973  0  369  0  67  0  2  0  
0  0  0  0  0  2  0  0  0  1  0  0  0  0  0  0  0  0  0  0  0  0  0  0  0  0  0  0  0  0  0  0  0  0  0  0  0  0  0  0  0  0  0  0  0  0  0  0  0  0  0  0  0  0  0  0  0  0  0  0  0  0  0  0  0  13  0  0  0  0  0  0  1  0  19  0  1  0  41  211  627  111  3393  119  1  392315  1  121  94  39  587  1679  100  1  0  1  36  11  5  517584  248  121905  130062  1  0  29  21456  700  182  5117  1  0  79  67  116886  0  0  32  110466  503  520  845  539702  0  5  634  137  280  739  13927  61  16  4  0  9  8  8  14  288  2545  2393  131060  1251  0  2857  0  254  21  
0  0  0  0  0  5  1  1  0  0  0  0  0  0  0  8  0  0  0  0  0  0  1  0  0  0  0  0  0  0  0  0  0  0  0  0  0  0  0  0  0  0  0  0  0  0  0  0  0  0  0  0  0  0  0  0  0  0  0  0  0  0  0  0  0  182  0  0  0  0  0  0  0  0  145189  0  0  47  0  304627  1422  261  2477  13  0  523  0  3023  98346  513863  1  124  31  0  0  0  43  118  2  419  590  1  26  2  23  6711  0  0  0  161  0  0  3477  0  819  0  2  48  243  256  7521  7  11038  0  0  13359  613691  2794  1  13642  22  18  1  0  3  13718  294  1765  146  6875  2510  136  327  38061  1020  0  133  0  
4  0  0  0  31  13062  318  36  4  1  0  0  0  0  0  2926  0  21  0  0  0  0  5  3  0  0  0  0  0  0  82  1336  0  0  0  0  0  0  0  0  1  0  1  0  1  0  4  2  17  0  0  1  0  3  0  0  0  1  0  0  0  0  1  4  1  19789  1  0  1  882  0  0  2  0  45280  0  0  32  589373  0  363056  12692  3602  10  0  3067  15  3444  119026  820892  6  847  20  0  3  4  256  178849  2  307  166  0  36  1  6684  238419  0  0  0  68  0  0  1208  0  1067  0  5  12  841  3026  4441  25  6312  0  11  19469  70818  107633  2  5039  8  7  9  0  17  799  87912  60991  71  651100  561  177  1340  234910  768  0  970  0  
0  0  0  0  0  542  6145  179  0  0  0  0  0  0  0  4053  0  1  0  0  0  0  0  0  0  0  0  0  0  0  0  2  0  0  0  0  0  0  0  0  1  0  0  1  0  0  0  0  4  0  0  0  0  0  0  0  0  0  0  0  0  0  0  0  0  727  0  0  0  0  0  0  2  0  73  0  3  223  659  452608  0  390360  43121  13  0  358  0  181  14699  516303  8  422  20  0  2  0  163  22  1  1384  167  16  780  2  0  316  0  0  0  98  0  0  17  0  1068  0  1  11  1513  9428  646  5  1376  0  8  12563  3288  394044  6  19423  15  11  7  2  20  26  41  26  225  268954  638  1654  11059  0  29647  0  623  0  
0  0  9  0  0  62  2828  42033  8689  1  0  0  0  0  1  14631  0  1  0  0  0  0  0  0  0  0  0  0  0  37  0  0  0  0  0  0  0  0  0  0  18  0  0  0  1  88  0  6  3  0  0  1  1  0  2  1  1  0  0  0  0  0  0  0  1  4093  0  0  0  0  5  0  15  0  5  0  2108  42  30  4956  336719  0  146907  16  0  4  0  5  81  530022  20  2288  64  0  3  0  1068  45  7  405  111  7  175005  46  3  25  0  0  2  51  2  0  3  0  3765  0  6  6  72026  228538  108  50  714  0  24  43  108  30938  0  5300  31  2  19  2  39  0  238  6  327  269858  354  44  444444  0  5285  0  2405  0  
0  0  54  0  0  1  26  626  78067  173  0  0  0  0  0  95  0  11  0  0  0  1  0  0  0  0  0  0  0  25152  0  3  0  0  0  0  0  0  0  0  4  0  0  19  0  2876  0  7  10  0  0  0  0  1  3  0  0  0  0  0  0  0  0  0  16  2457  1  0  0  0  11203  0  4  0  4  0  221  646  41  82  64335  104878  0  78641  0  32  0  26  184  920  10  360  642  0  1  7  201  7  44  10102  1196  12  124  26750  1  11  0  3  1  3033  42  29  9  0  16321  0  2  18179  817  149673  72  87  2035  0  16  129  181  921  0  3240  530  58  35  52  529  3  26  3  7914  334332  4673  450  528  0  246585  0  806  0  
0  0  0  0  0  1  0  0  1379  234  2  0  0  0  0  0  0  12  0  0  0  54  0  0  0  2  0  0  0  6518  0  1  0  0  0  0  0  0  0  0  8  0  0  20  0  0  0  26  3  0  0  0  0  0  8  0  0  0  0  0  1  0  0  0  24  248  1  0  0  0  186  0  10  0  9  0  2  905  24  37  122  17  118915  0  3  31  0  37  20  5  28  195  441  0  18  5872  24318  4  28  19224  325  1  65  52419  4  20  0  0  2  2928  285  51  8  0  19412  6  38  118279  450  555  115  683  2399  2  105  70  84  153  0  1732  86  8  82  618  5238  1  14  3  1820  103563  1479  202  115  0  30551  5  577  0  
0  1  0  0  0  0  0  0  0  12  84293  0  0  0  0  0  0  0  0  15522  0  17833  0  0  0  0  11  0  0  34395  0  0  0  0  0  0  0  0  0  0  0  117  0  5060  0  0  0  0  0  0  0  0  0  0  0  0  0  3  0  0  67  0  0  0  3112  8  0  0  0  0  2  0  0  0  0  0  0  0  0  0  1  0  1  51  0  0  0  0  0  0  0  1  764  564744  0  102127  1  0  0  2  17  0  0  37179  0  0  0  0  0  0  0  0  0  0  4  164060  0  683805  0  0  0  0  0  0  0  0  0  0  0  1  312  165369  0  0  4  0  0  0  304335  1  0  0  0  0  1  0  1  0  
0  0  0  0  0  1  0  0  0  0  0  0  0  0  0  0  0  0  0  0  0  0  0  0  0  0  0  0  0  0  0  0  0  0  0  0  0  0  0  0  0  0  0  0  0  0  0  0  0  0  0  0  0  0  0  0  0  0  0  0  0  0  0  0  0  34  0  0  0  0  0  0  0  0  52  0  0  501643  754  1877  456  4  225  5  0  0  672  175532  1725  10  2223  30725  10  0  0  1  9  1724  0  2495  21  26  4663  0  1  125  11750  963  4816  34  0  0  8647  160961  116  0  1  2  551  20  2123  794  382541  0  1  114560  635  93  5  840  6  2  1  0  0  4  9  11  17  3208  42  307285  22  0  92  0  53  4  
0  0  0  0  0  0  0  0  0  0  0  0  0  0  0  0  0  0  0  0  0  0  0  0  0  0  0  0  0  0  0  0  0  0  0  0  0  0  0  0  0  0  0  0  0  0  0  0  0  0  0  0  0  0  0  0  0  0  0  0  0  0  0  0  0  0  0  0  0  0  0  0  0  0  3652  0  0  0  9  207  1  0  2  0  0  628  0  65676  4019  0  0  75  0  0  0  0  0  179558  0  0  0  0  0  0  16  97  0  28  19  0  0  0  174433  6  63  0  0  0  25  2  166308  0  100  0  0  62  11  0  0  21  0  0  0  0  0  146337  4581  71566  0  25  3  0  1  1  1  0  0  0  
0  0  0  0  0  2  0  0  0  0  0  0  0  0  0  0  0  0  0  0  0  0  0  0  0  0  0  0  0  0  0  0  0  0  0  0  0  0  0  0  0  0  0  0  0  0  0  0  0  0  0  0  0  0  0  0  0  0  0  0  0  0  0  0  0  32  0  0  0  0  0  0  0  0  9297  0  0  63  7884  6703  336  6  309  7  0  300918  64397  0  37128  31  0  492  3  0  0  0  12  3323  0  57  55  0  23  0  8  405  0  0  0  22  0  0  319872  102680  138  0  0  3  73  41  36350  0  199088  0  0  402551  4959  233  0  1552  2  1  0  0  0  56932  71  68  30  4833  159  2250  27  4  176  0  39  0  
0  0  0  0  0  6  1  2  0  0  0  0  0  0  0  0  0  0  0  0  0  0  0  0  0  0  0  0  0  0  0  0  0  0  0  0  0  0  0  0  0  0  0  0  0  0  0  0  0  0  0  0  0  0  0  0  0  0  0  0  0  0  0  0  0  66  0  0  0  0  0  0  0  0  58264  0  0  100  80314  100728  4859  160  1021  3  0  1649  19163  79918  0  96688  0  266  19  0  0  0  36  89490  0  289  107  3  186517  0  0  270  0  0  0  109  0  0  16  0  389  0  0  10  7507  68  346  3  1456  0  1  1502705  1964246  642063  20  7276  9  7  0  1  3  160513  20  27  118  4724  944  222483  238030  0  668  0  170  0  
0  0  378  0  44  4587  328  22698  63  0  0  0  0  0  0  27243  0  1  0  0  0  0  0  0  0  0  0  0  0  0  1526  544  0  0  0  0  0  0  0  0  1  0  0  0  0  333  0  0  1  0  0  0  0  0  0  0  0  0  0  0  0  0  0  0  0  69  0  0  0  2081  0  0  0  0  82936  0  339175  69  672550  948534  709093  550708  981  1  0  27  0  46  136176  0  0  50  7  0  0  0  14  15381  0  260  60  297  336457  306  64886  597  0  0  0  21  0  0  12  0  210  0  0  1  86754  62475  36  4  413  0  0  308  85746  950010  0  2789  6  1  0  0  1  29  2038  2231  105  2064  288  222  248036  339526  980  0  64  0  
0  0  0  0  0  0  0  0  2  21  0  0  0  0  0  0  0  14  0  0  0  0  0  0  0  0  0  0  0  3  0  5  0  0  0  0  0  0  0  0  3  0  0  4  2  0  0  22  4  0  1  0  1  0  5  1  0  0  0  0  0  0  0  0  2  18  0  0  0  1  1  0  13  0  8  0  0  723  3  7  44  27  764  193  0  3459  0  3  3  3  0  426847  14  0  2  0  165885  9474  9  2576  58  1  177  0  27  117  26425  30  146578  244  1  12  3  0  70997  0  36981  30  8304  109  6120  278084  67269  23  14  7  2  23  0  3070  10  5  5  10  64  2  255  59  93  1080  371  13  207  1  767  12  731  6  
0  0  0  0  0  2  0  0  3  32  0  0  0  0  0  0  0  17  0  0  0  1  4  0  0  2  0  0  0  3  0  4  0  0  0  0  0  0  0  0  4  0  0  11  0  0  0  28  9  0  0  0  0  0  4  0  1  0  0  0  0  0  0  0  8  37  3  0  0  0  0  0  25  1  216  0  0  2228  511  1629  1726  55  2549  203  0  21848  18  775  1392  20  313489  0  46  0  4  7  176565  182219  7  1745  191  5  168  5  242  1056  4198  46  32356  297  1  5  14  444  15860  0  15706  46  7550  361  214952  10801  239630  21  19  795  699  277  2  12925  15  10  13  4  89  36  7083  2189  269  2525  722  33  488  0  1742  7  1010  0  
0  0  0  0  0  0  0  0  0  0  0  0  0  0  0  0  0  0  0  0  0  0  0  0  0  0  0  0  0  1  0  0  0  0  0  0  0  0  0  0  0  0  0  0  0  0  0  2  0  0  0  0  0  0  1  0  0  0  0  0  0  0  0  0  0  29  0  0  0  0  0  0  1  0  22  654764  0  2106  87  155  777  150  506  11  1229  182  0  110  312  41  8  262  0  86818  3042  29971  46  9  166184  3385  256  45  221  5  3  34  0  0  0  51  107  30527  26  1  1192  332700  6  145967  3961  112  420  106  8663  0  188131  779  1181  1542  5  140625  1582481  883022  179699  445  107545  15  14  10  10792  701  188  11081  246  0  479  19380  400027  0  
0  0  0  0  0  0  0  0  0  0  399  0  0  0  0  0  0  0  0  45  0  0  0  0  0  0  26  0  0  879  0  0  0  0  0  0  0  0  0  0  0  0  0  0  0  0  0  0  0  0  0  0  0  0  0  0  0  0  0  0  0  0  0  0  166  0  0  0  0  0  4  0  0  0  0  1  0  0  0  0  0  0  0  0  535818  0  0  0  0  0  0  0  103811  0  0  32  0  0  5564  1  161766  0  0  39863  0  0  0  0  0  0  0  0  0  0  2  216853  0  251610  0  0  0  0  0  0  58  0  0  0  0  188489  25587  474417  0  0  172  0  0  0  195923  0  0  1  0  0  165  0  0  0  
0  3  0  0  1  1  0  0  0  71  0  0  0  0  0  0  0  33  2  0  3  75  15  0  0  24  0  0  0  2  0  18  0  0  0  0  0  0  0  2  141  0  1  35  0  0  1  48  27  0  3  1  1  0  16  0  9  0  1  0  4  0  2  1  4  30  1  1  0  0  0  0  80  0  0  348334  0  86  1  1  5  0  178  50  0  3  0  0  0  1  10  55  3396  0  0  7695  198512  24  38  427  10  0  2  0  385  1211  0  0  30  100  115532  1424  0  0  932  17089  1900  28  21  14  4  294  183  436148  234490  7  3  6  0  201  89  1  130029  829441  923495  0  47  0  1  230  29  20  3  0  39  579  29022  6  
0  20  0  0  1  0  0  0  2  411  3586  0  0  0  1  0  0  9  1  0  5  22126  14  0  0  5  0  0  0  1427  0  5  0  0  0  0  0  0  0  0  70  50  1  457  0  0  0  12  7  0  15  3  1  0  4  0  1  0  0  0  28  0  0  1  13  436  0  0  0  1  1  0  20  1  0  28  0  10  1  1  6  1  113  5028  55344  2  0  1  3  0  1  20  34466  218  10219  0  87073  9  3  306  8  0  4  14252  103  436  0  0  0  52  2  2  0  0  511  442060  26  984062  14  25  1  60  37  1  68847  4  11  15  0  110  50893  264  355  11  770330  0  24  0  1088  157  38  15  3  0  32  0  315  0  
0  0  0  0  0  2  0  0  4  79  0  2  0  0  0  0  0  39  0  0  0  3  5  0  0  17  0  0  0  2  0  13  0  0  0  0  0  0  0  3  76  0  0  21  2  0  0  63  20  0  2  0  0  0  9  1  3  0  0  0  2  0  1  0  5  50  1  1  0  0  0  0  48  1  6  1  1  489  23  43  89  19  3700  18647  0  59  0  4  27  1  93980  194344  274  0  186220  51765  0  40026  118  11059  225  1  45  3  328  1854  1  16  255573  2167  6676  232  1  0  15001  6  555922  94819  265  627  779  17149  1337  275721  496  38  55  116  0  3336  254  4  306  6776  642351  0  2752  65  455  2184  970  75  96  0  2099  27  34021  45  
0  0  0  0  0  0  0  0  0  8  0  0  0  0  0  0  0  8  1  0  2  0  12  41  0  0  0  0  0  0  1614  13  0  0  0  0  0  0  0  0  11  0  0  4  0  0  0  11  6  0  1  1  0  0  0  0  0  0  0  0  0  0  6  0  1  12  1  0  1  71  0  0  10  0  421052  0  0  11  956  83085  115  6  211  8  0  1735  326349  5409  103978  12506  7500  222734  7  0  13  8  79840  0  1  136  23  0  9  0  264089  27120  20  2212  3570  20  0  0  163371  2  3987  0  5897  3  660  33  508145  724  1086  0  9  365  114  44  0  978  8  1  5  0  14  286706  694146  1262663  21  824  85  11  25  80051  130  0  410  0  
0  0  0  0  0  0  0  0  0  0  0  0  0  0  0  0  0  0  0  0  0  0  0  0  0  0  0  0  0  21  0  0  0  0  0  0  0  0  0  0  0  0  0  2  0  0  0  1  0  0  0  0  0  0  0  0  0  0  0  0  0  0  0  0  0  4  0  0  0  0  0  0  0  0  2  0  0  168  27  14  55  1  270  9  0  6  0  9  17  4  2  7  155702  639  800  7  51  1  0  532258  85145  2  20  12  4  5  3  58372  1  171981  415  1316  4  0  7879  0  15  3664  204  14  22  104  601  1  4316  43  85  105  173812  776235  138  11963  2681  1203  8068  1  1  1  123  62  879  299  14  0  125  67  1051150  0  
1  0  0  1  0  2  1  0  3  4  0  0  0  0  0  0  0  3  0  0  0  0  0  0  0  0  0  0  0  2  0  2  0  0  0  0  0  0  0  0  4  0  0  2  0  0  0  6  6  0  0  0  0  1  0  1  0  0  0  0  0  0  0  0  2  189  0  0  0  1  0  0  6  0  175  0  4  332821  224  761  2182  442  9390  1065  0  1231  0  1305  779  174  1497  2002  554  0  7  4  377  83  338420  0  24882  217200  876  3  6  132  87278  24222  3  663566  88  1223  291  0  522824  0  12  319  168168  1756  4551  567  41949  1  56  2091  1026  4959  204837  221749  286  62  73  247  521  38  102  68  365  25016  567117  8150  2500  0  6064  11  40592  1777  
0  0  0  0  0  1  0  0  0  0  2  0  0  0  0  0  0  2  0  2  0  0  0  0  0  0  28  0  0  859  0  0  0  0  0  0  0  0  0  0  0  0  0  0  0  1  0  0  2  0  0  0  0  0  0  0  0  0  0  0  0  0  0  0  0  1  0  0  0  0  0  0  1  0  3  1  142938  18  253  112  318  53  771  8  18  8  0  6  35  27  4  33  79  173025  0  0  7  0  35643  73285  0  2489  413  782584  0  4  0  0  0  490  0  0  1  0  3991  0  1  24  630  92655  46  17  107  0  4  62  130  259  10087  1003772  10  767  2  1  7  0  2  2  68644  1775  699737  27  895  0  125907  0  72  0  
0  0  0  0  0  0  0  0  0  0  0  0  0  0  0  0  0  0  0  0  0  0  0  0  0  0  0  0  0  0  0  0  0  0  0  0  0  0  0  0  0  0  0  0  0  0  0  0  0  0  0  0  0  0  0  0  0  0  0  0  0  0  0  0  0  3  0  0  0  0  0  0  0  0  3  0  138517  139762  4  10  43  10  69  1  0  23  0  10  35  3638  1  46  0  0  0  0  2  2  0  276225  2062  0  60076  0  0  3  0  0  0  19  0  0  4  0  90  0  0  0  1140466  8464  134  0  2203  0  0  57  90  69  3  229  0  1  0  0  0  2  3  1  3  266  617224  523  38  0  67  0  37  0  
0  0  0  0  0  1  0  4  0  0  0  0  0  0  0  6  0  0  0  0  0  0  0  0  0  0  0  0  0  0  0  0  0  0  0  0  0  0  0  0  3  0  0  0  0  0  0  0  0  0  0  0  0  0  1  0  0  0  0  0  0  0  0  0  0  26  0  0  0  0  0  0  0  0  2  0  185428  164556  34  88  1145  88696  1522  4  0  12116  0  11  169810  289177  4  195  18  0  0  0  58  6  0  236  150  87379  0  1  0  14  0  0  0  59  0  0  1  1  1054  0  3  5  1282641  9764  318  8  3986  0  9  6291  59  3334  4  4750  12  2  1  0  9  1  25  8  215  625  1905  475037  691979  0  736  0  488  0  
0  0  487  0  0  0  0  26  9085  66  194  0  0  0  0  29  0  1  0  158  0  47  0  0  0  0  1468  0  0  219626  0  0  0  0  0  0  0  0  0  0  0  0  0  16  0  1181  0  1  0  0  0  0  0  0  0  1  0  0  0  0  0  0  0  0  130  73  0  0  0  0  14986  0  0  0  0  0  64881  1  2  0  7  1045  37152  55504  49152  0  0  0  0  539  0  0  8  53187  0  21846  2  0  8  13  705765  0  0  0  0  0  0  0  0  0  0  0  0  0  47  0  0  34273  5  385169  0  1  6  0  0  1  0  2  0  138863  2  221  0  0  2  0  0  0  623135  41  910  1  2  0  501362  0  3  0  
0  0  0  0  1  1819  0  0  0  17  0  0  0  0  0  13  2  22  3  0  0  0  3  150  0  1  0  0  1  0  25498  555  0  0  0  0  0  0  0  0  12  0  0  3  1  0  1  27  22  0  2  2  0  0  1  0  1  0  0  0  0  0  25  1  2  65  1  0  1  6592  0  0  15  0  63532  0  0  6  199  21392  16  2  166  7  0  8  0  9  6  47079  78  3194  7  0  5  0  5733  247647  3  141  13  0  9  0  0  185469  1  0  7  24  1  0  63  0  1088  0  13  4  1157  18  554  170  193  0  8  91  18  10  0  733  3  0  5  3  13  128  415829  1287  22  275  65  0  25  250698  106  0  267  0  
9  0  0  0  7  664  0  2  2  24  0  0  0  0  4  49  7  192  2  0  0  0  47  20  0  8  0  0  0  1  260  62839  0  0  0  0  0  0  0  0  36  0  1  32  2  0  43  46  216  0  0  8  1  2  4  0  1  0  0  0  0  0  18  42  4  865  4  0  5  273  0  0  78  0  4965  0  0  56  1000  151199  93  18  554  45  0  16  1  56  95  369  41  2916  44  0  35  44  2328  9312  4  472  38  3  31  0  161157  0  0  0  10  77  0  0  277  0  2257  0  42  35  2363  72  1838  726  433  0  46  449  143  45  0  1984  12  0  48  5  86  489  226055  5703  35  85973  194  18  83  42324  264  0  4022  0  
0  0  0  0  0  0  0  0  0  0  0  0  0  0  0  0  0  0  0  0  0  0  0  0  0  0  0  0  0  0  0  0  0  0  0  0  0  0  0  0  0  0  0  0  0  0  0  0  0  0  0  0  0  0  0  0  0  0  0  0  0  0  0  0  0  0  0  0  0  0  0  0  0  0  0  0  0  15029  0  0  0  0  0  0  0  8852  0  0  0  0  27047  1690  0  0  0  0  0  4  6  58316  0  1  1  0  0  0  0  128178  156809  239495  0  1  0  0  222481  0  0  0  0  0  1  250369  3604  0  0  0  0  0  0  1  0  0  0  0  0  0  0  0  0  0  0  0  1  0  0  0  4  218757  
0  0  0  0  0  0  0  0  0  0  0  0  0  0  0  0  0  0  0  0  0  0  0  0  0  0  0  0  0  0  0  0  0  0  0  0  0  0  0  0  0  0  0  0  0  0  0  0  1  0  0  0  0  0  0  0  0  0  0  0  0  0  0  0  0  0  0  0  0  0  0  0  0  0  0  0  0  1465  0  0  0  1  8  0  0  2646  272  2  0  0  28  22  1  0  0  0  110  3624  54637  27667  0  1  0  0  0  0  110137  0  895740  382296  14  102664  0  0  33744  0  217226  1  3  0  11  65011  12  29  0  0  0  1  0  6  1  0  2  18  210  0  0  275  0  1  0  3  0  0  4  105  948150  184183  
0  0  0  0  0  0  0  0  0  16  0  0  0  0  0  0  0  10  0  0  0  0  0  0  0  1  0  0  0  1  0  3  0  0  0  0  0  0  0  0  4  0  0  1  0  0  0  13  3  0  0  0  0  0  3  0  0  0  0  0  0  0  0  0  5  16  0  0  0  0  0  0  5  0  1  0  0  232  2  0  3  1  203  41  0  4025  121  1  0  0  105341  36260  16  0  39  0  205761  5544  6  403  5  0  0  0  8  67  164735  653683  0  82  272  53011  0  0  979  0  331028  12  13  19  1371  464949  344  16456  8  0  1  5  0  302  3  0  18  869  542  0  6  362  2  227  33  6  6  0  37  12960  109709  85710  
0  0  0  0  0  0  0  0  0  0  0  0  0  0  0  0  0  0  0  0  0  0  0  0  0  0  0  0  0  0  0  0  0  0  0  0  0  0  0  0  0  0  0  0  0  0  0  0  0  0  0  0  0  0  0  0  0  0  0  0  0  0  0  0  0  5  0  0  0  0  0  0  0  0  9  0  1  4057  39  313  510  17  689  46  0  61  0  19  427  56  37  68  353  0  196  29  460  0  75975  514817  62  27  46  1  1  13  151115  433348  3  0  826  186  0  0  439140  2  667  2309  918  84  63  2963  1798  78  61  451  546  2928  97096  17918  281  44  550  2336  4154  2  6  2  46  878  6695  784  582  0  315  213  188224  178368  
0  0  0  0  0  0  0  0  0  0  0  0  0  0  0  0  0  0  0  0  0  0  0  0  0  0  0  0  0  0  0  0  0  0  0  0  0  0  0  0  0  0  0  0  0  0  0  0  0  0  0  0  0  0  0  0  0  0  0  0  0  0  0  0  0  0  0  0  0  0  0  0  0  0  0  9707  0  3  0  0  1  0  119  7  0  1  0  0  0  0  0  3  2  0  71144  0  7898  0  12  73  1  0  2  0  0  0  0  4  44  28  0  444469  0  0  366  0  278982  3  2  1  0  114  27  314007  0  0  0  1  0  28  2  2  63374  640883  5581  0  0  0  2  21  3  3  0  0  17  876847  7736  11  
0  0  0  0  0  0  0  0  0  0  0  0  0  0  0  0  0  0  0  0  0  0  0  0  0  0  0  0  0  0  0  0  0  0  0  0  0  0  0  0  0  0  0  0  0  0  0  0  0  0  0  0  0  0  0  0  0  0  0  0  0  0  0  0  0  0  0  0  0  0  0  0  0  0  1  26170  0  15  0  0  1  0  99  5  0  1  1  1  1  0  1  0  3794  0  1237  1  2515  4  492  755  5  0  0  0  0  0  0  80500  37306  44  428828  0  0  0  469  1  311382  21  5  2  1  50255  63  142524  117  2  1  1  0  76  39  0  313023  43121  5778  0  1  2  7  25  10  9  2  0  27  953168  1514962  951  
0  0  0  0  0  1  0  0  0  0  0  0  0  0  0  0  0  0  0  0  0  0  0  0  0  0  0  0  0  0  0  0  0  0  0  0  0  0  0  0  0  0  0  0  0  0  0  0  0  0  0  0  0  0  0  0  0  0  0  0  0  0  0  0  0  3  0  0  0  0  0  0  0  0  103255  0  0  2740  6493  19502  126  7  307  17  0  7724  144968  302269  55  7  5  293  0  0  0  1  12  28405  0  71  29  0  44  0  310  3209  0  0  0  17  0  0  0  1020  533  0  0  1  677  40  84762  0  202224  0  1  24816  5804  79  0  1094  2  2  0  0  1  38964  15438  58703  17  1113  93  7052  34  39  175  0  17  0  
0  0  0  0  0  0  0  0  0  0  0  0  0  0  0  0  0  0  0  0  0  0  0  0  0  0  0  0  0  0  0  0  0  0  0  0  0  0  0  0  0  0  0  0  0  0  0  0  0  0  0  0  0  0  0  0  0  0  0  0  0  0  0  0  0  0  0  0  0  0  0  0  0  0  0  0  0  6993  0  0  0  0  1  0  0  244260  9  128443  0  0  0  273  0  0  0  0  0  0  0  3  0  0  2  0  0  0  0  0  0  0  0  0  3935  0  0  0  0  0  0  0  1557  0  82656  0  0  2415  0  0  0  0  0  0  0  0  0  0  0  0  0  0  0  28294  0  0  0  0  0  0  
1  0  0  0  0  9  3  0  63  619  0  3  0  0  1  0  5  321  8  0  0  2  6  0  0  22  0  0  0  131  0  56  0  0  0  0  0  0  0  4  225  0  0  275  7  1  2  464  176  0  3  4  1  0  103  2  11  0  0  0  0  0  0  1  90  782  7  7  1  0  1  0  352  3  160  2  25  144549  1026  899  2597  606  76082  11226  0  388  0  275  620  193  67707  37048  10362  0  157  69  46600  938  7617  524732  3516  122  2621  57  258  1282  183034  38157  257  369577  927  610  123  0  0  0  15326  4910  80133  5768  2973  284624  110242  388  246  1226  1957  3371  44051  92611  4748  709  755  3022  13161  39  5549  182  1550  158526  16724  8087  4954  1  20470  209  90623  106258  
0  5  0  0  0  0  0  0  0  11  139  0  0  0  0  0  0  3  0  18  2  227  0  0  0  0  0  0  0  0  0  0  0  0  0  0  0  0  0  0  9  18  0  26  0  0  0  3  3  0  5  0  0  0  0  0  0  0  0  0  7  0  0  0  0  1  0  0  0  0  0  0  4  0  0  171483  0  0  0  0  0  0  0  2  169239  0  0  0  0  0  0  0  336879  226256  10972  486329  1  0  0  2  0  0  0  0  1  4  0  0  0  0  0  1  0  0  4  0  0  456741  0  0  0  1  1  0  399699  0  1  1  0  1  68101  3942  39  0  60679  0  0  0  0  1  0  0  0  0  1  0  1  0  
0  0  0  0  0  0  0  0  0  11  0  0  0  0  0  0  1  2  0  0  0  0  0  0  0  0  0  0  0  1  0  3  0  0  0  0  0  0  0  0  1  0  0  5  0  0  0  11  0  0  0  0  0  0  4  0  0  0  0  0  0  0  0  0  1  12  0  0  0  0  0  0  2  0  0  0  0  14  1  0  6  0  105  46  0  3  0  0  1  0  2148  4277  8  0  88  8  483865  4736  20  254  2  0  1  0  10  44  0  150811  285795  80  185139  355711  0  0  927  0  0  11  10  8  2  34486  48  294744  14  0  3  2  0  107  4  0  14  1346  1515  0  2  15  1  124  19  7  1  0  21  45883  42265  772  
0  0  0  0  0  0  0  0  0  33  2041  0  0  0  0  0  0  11  1  14  0  5640  0  0  0  4  0  0  0  23  0  1  0  0  0  0  0  0  0  0  29  0  0  865  1  0  0  27  9  0  4  0  0  0  3  0  3  0  0  0  7  0  1  0  3  42  0  1  0  0  0  0  20  0  9  42  4  3053  125  126  256  29  45274  142762  730444  110  0  45  200  22  8  360  89429  97770  74  934165  57983  14  292  15340  236  7  146  49059  2  36  0  0  0  644  24  2  19  0  9371  295233  6  0  1504  667  286  61  7549  0  8330  376  765  938  3  12293  264607  337050  20037  74  164919  9  35  14  360426  1802  941  1907  236  0  60631  61  14326  0  
0  0  0  0  0  2  0  0  1  3  0  0  0  0  0  0  0  3  2  0  0  0  2  0  0  0  0  0  0  0  0  2  0  0  0  0  0  0  0  0  9  0  0  1  1  0  0  7  2  0  0  0  0  1  2  0  0  0  0  0  1  0  0  0  0  242  0  0  0  0  0  0  7  0  151  0  276314  100535  924  1100  8753  47255  12847  302  0  1152  0  766  4430  111606  472  3905  120  1  3  2  828  133  8  363096  1258  1062742  1197975  6  7  235  0  0  0  1880  0  0  180  0  20907  0  12  70  0  135875  6722  109  76893  0  41  4607  8038  16064  200  27196  76  39  40  5  64  92  624  126  817  17992  620372  136833  354024  0  6820  0  3906  0  
0  0  1426  0  0  0  1  2983  908  2  0  0  0  0  0  533  1  1  0  0  0  0  0  0  0  2  1  0  0  15  0  1  0  0  0  0  0  0  0  0  0  0  0  1  1  4233  1  1  2  0  0  0  0  0  0  0  0  0  0  0  0  0  0  0  0  43  0  0  0  0  57  0  5  0  10  0  287035  94  134  483  34646  227991  142638  226  0  10  0  8  89  44428  31  3129  149  1  1  2  1322  50  7  16373  73898  5774  4585  440247  4  31  0  0  1  7186  1  0  4  0  33058  0  12  43  228729  0  182  126  947  0  14  130  286  1270  2  136678  112  10  13  5  54  5  293  6  1782  49737  123520  159  4933  0  190121  0  1655  0  
0  0  0  0  0  4  0  0  0  0  0  0  0  0  0  0  0  0  0  0  0  0  2  0  0  1  0  0  0  0  0  0  0  0  0  0  0  0  0  0  1  0  0  0  0  0  0  0  1  0  0  0  0  0  1  0  0  0  0  0  0  0  0  0  0  25  0  0  0  0  0  0  3  0  22822  0  1  26  22050  12624  1773  56  2265  27  0  5821  108255  17238  1556  34  327  141430  28  0  0  1  470  367231  0  394  194  6  150  3  427  7998  8  6  154  122  0  0  74409  619  7725  0  2  13  11367  354  0  100  66938  0  2  12856  2473  483  2  12175  12  7  1  0  9  2546  47622  235595  216  2882  661  59  443  34  1475  0  172  0  
0  0  0  0  0  7  0  0  30  761  0  0  0  0  0  1  11  531  1  0  0  3  7  0  0  23  1  0  0  75  0  160  0  0  2  0  0  0  0  1  168  0  1  181  9  0  1  781  255  0  3  3  2  1  75  3  7  1  0  0  1  0  2  3  91  734  16  5  2  1  2  0  494  5  1  0  0  1856  13  24  41  15  1782  1665  0  1653  14  5  8  3  276031  80894  340  0  126  18  47132  915  118  5673  100  0  28  4  298  1950  262155  70753  516643  2677  377  106044  1  0  268095  0  163654  241  253  258  345  0  2035  29284  86  29  32  59  0  2110  71  6  85  1972  1630  1  227  77  44  10502  490  70  54  0  468  25579  312262  313927  
0  0  0  0  0  6  1  2  1  5  0  0  0  0  0  0  1  4  0  0  0  1  0  0  0  0  0  0  0  1  0  2  0  0  0  0  0  0  0  0  1  0  0  2  0  0  0  2  5  0  0  0  0  0  2  0  0  0  0  0  0  0  0  1  0  161  0  0  0  0  0  0  6  0  19025  0  12  577479  62149  46341  23790  726  51637  2414  0  419469  108  213887  11405  250  69665  259924  638  1  2  2  1914  1396  19  84515  2969  1839  11226  13  93  3206  7060  7  263  2863  6  2  136946  48322  97925  1  9  305  104817  4909  72845  917  0  0  14  83280  13239  3290  127  181650  394  150  22  14  78  1504  1983  611  3730  32429  7148  71404  6441  88  25886  0  1372  0  
0  0  0  0  0  0  0  0  0  0  0  0  0  0  0  0  0  0  0  0  0  0  0  0  0  0  0  0  0  0  0  0  0  0  0  0  0  0  0  0  0  0  0  0  0  0  0  0  0  0  0  0  0  0  0  0  0  0  0  0  0  0  0  0  0  0  0  0  0  0  0  0  0  0  0  0  0  6  0  0  1  0  39  7  0  0  0  0  0  0  10  4  1  0  403489  0  262990  0  40  89  2  0  0  0  0  0  0  72  7557  62  380424  121840  0  0  728  0  611833  4  3  2  0  5576  27  0  0  1  1  0  0  20  0  0  208  335725  106754  0  0  0  0  11  1  1  0  0  9  65256  186019  287  
0  16  0  0  0  1  0  0  0  19  0  1  0  0  0  0  0  15  2  0  2  196  0  0  0  10  0  0  0  2  0  4  0  0  0  0  0  0  0  1  44  0  0  8  0  0  0  22  10  0  12  0  0  0  2  0  5  0  0  0  6  0  0  0  3  10  0  0  0  0  0  0  20  0  0  285459  0  119  0  0  4  1  24  16  0  3  0  2  1  0  1  6  93001  15  204655  49037  9  1  1  127  1  0  9  0  13  13  0  0  0  4  3  0  0  0  48  383297  1  755  22  5  5  4  270  0  0  3  2  4  0  60  58311  7  65232  11405  416533  0  1  0  4  16  6  30  3  0  12  0  258  0  
0  0  0  0  0  43  1  0  0  1  0  0  0  0  0  0  0  3  0  0  0  0  1  0  0  0  0  0  0  0  0  1  0  0  0  0  0  0  0  0  0  0  0  0  0  0  0  0  5  0  0  0  0  0  1  0  0  0  0  0  0  0  0  0  0  472  0  0  0  0  0  0  0  0  22952  0  1  8773  80997  75506  44161  224  2744  15  0  228744  35  695982  1113996  2641  3  1198  36  0  2  1  136  914  2  459  369  7  8873  1  21  3604  0  0  1  140  0  0  16197  2263  1017  0  1  24  1735  263  4893  8  45737  0  9  0  413261  524919  22  13997  22  14  5  0  13  184152  242  240  229  37595  2399  606244  634  6  1589  0  687  0  
0  0  0  0  0  11  5  14  1  0  0  0  0  0  0  0  0  0  0  0  0  0  0  0  0  0  0  0  0  0  0  0  0  0  0  0  0  0  0  0  0  0  0  0  0  0  0  0  0  0  0  1  0  0  0  0  0  0  0  0  0  0  0  0  0  476  0  0  0  0  0  0  0  0  183441  0  1  116  536970  93804  4302  900  4466  17  0  1732  4  16654  2175644  76711  2  235  51  0  1  0  54  155  5  694  493  0  98  2  12  4131  0  0  0  222  0  0  13637  0  1199  0  1  56  1269  286  748  5  2765  0  4  622380  0  206093  17  19457  30  17  4  0  12  331691  174  118  332  18240  2383  1712  430  24  1928  0  220  0  
0  0  0  0  0  1  0  0  0  0  0  0  0  0  0  0  0  0  0  0  0  0  0  0  0  0  0  0  0  0  0  1  0  0  0  0  0  0  0  0  1  0  0  1  0  0  0  3  1  0  0  0  0  0  0  0  0  0  0  0  0  0  0  0  1  461  0  0  0  0  0  0  0  0  159  0  1  278  1439  95261  418896  76128  11589  52  0  257  1  404  715736  1135225  15  1055  141  2  1  0  422  18  10  3555  451  10  15009  6  2  155  0  0  1  1036  0  0  138  0  4863  0  5  122  24269  2376  801  31  3017  0  12  503615  87267  0  145  69989  90  72  10  0  32  251  90  29  1724  16942  4600  85845  295302  0  8758  0  1497  0  
0  0  0  0  0  0  0  0  0  0  0  0  0  0  0  0  0  1  0  0  0  0  0  0  0  0  0  0  0  0  0  0  0  0  0  0  0  0  0  0  0  0  0  0  0  0  0  0  0  0  0  0  0  0  0  0  0  0  0  0  0  0  0  0  0  4  0  0  0  0  0  0  0  0  1  0  0  744  38  236  447  10  55  0  0  23  0  15  412  59  0  15  152  0  0  0  1  2  197852  251099  5805  58  18  0  0  5  0  0  0  207493  0  0  4  0  62838  0  0  62  675  11  56  1  548  0  0  420  542  2321  0  211727  64  35  0  0  1  4  1  3  18  207  19612  468  332  0  47  0  47222  0  
0  0  0  0  0  1  1  0  0  5  0  0  0  0  0  0  0  4  0  0  0  0  0  0  0  0  0  0  0  34  0  1  0  0  0  0  0  0  0  0  3  0  0  0  1  0  0  7  2  0  1  0  0  1  1  0  0  0  0  0  0  0  0  0  0  232  0  0  0  0  0  0  5  0  124  2  1350  5619  7366  6406  14114  859  27451  195  7  470  1  391  5416  1053  36  1240  143527  128946  428  21  444  41  635852  238549  936111  265  1150  109768  7  241  0  3  8  26109  197  92  188  0  71529  3  83  18466  11875  70986  1814  854  19199  1  4262  8367  16880  31186  216759  0  15570  294702  2570  438  6025  183  108  41  113554  19011  309281  26233  7594  0  319196  6  142216  0  
0  0  0  0  0  0  0  0  0  0  0  0  0  0  0  0  0  0  1  0  0  0  0  0  0  0  0  0  0  0  0  0  0  0  0  0  0  0  0  0  0  0  0  0  0  0  0  0  0  0  0  0  0  0  0  0  0  0  0  0  0  0  0  0  0  29  0  0  0  0  0  0  0  0  29  2509  1  2827  282  373  794  80  618  15  2628  209  0  112  1002  85  8  269  1596868  40524  315  16228  49  11  186  4242  44  30  256  1  0  53  0  0  0  108  4  0  32  0  1469  69364  1  456124  3803  181  427  12  9713  0  60302  1792  4170  3862  22  8820  0  155339  58680  43  221731  55  15  8  9279  937  222  12797  313  1  822  3  108373  0  
0  0  0  0  0  0  1  0  0  0  0  0  0  0  0  0  0  0  0  0  0  0  0  0  0  0  0  0  0  0  0  0  0  0  0  0  0  0  0  0  1  0  0  0  0  0  0  0  0  0  0  0  0  0  0  0  0  0  0  0  0  0  0  0  0  7  0  0  0  0  0  0  0  0  13  0  0  350  221  286  398  18  229  4  164252  32  0  25  664  48  3  47  1139743  435036  33  68  5  4  10615  1064  337  1  66  92  0  29  0  0  0  80  9  0  20  0  453  9958  0  607920  990  59  111  5  1171  0  643  984  2479  2408  5  277618  83510  0  401  26  1241  34  5  0  303548  286  121  3800  87  0  1977  0  1215  0  
0  0  0  0  0  0  0  0  0  1  0  0  0  0  0  0  0  1  0  0  0  0  0  0  0  0  0  0  0  0  0  0  0  0  0  0  0  0  0  0  1  0  0  0  0  0  0  2  0  0  0  0  0  0  0  0  0  0  0  0  0  0  0  0  0  10  0  0  0  0  0  0  0  0  6  140732  3  9950  42  62  112  14  1335  48  0  255  1  51  22  1  2  189  266880  0  67995  50  64  6  283  6135  88  38  268  1  4  9  0  3  0  276  52158  343742  8  0  2799  21  6  3554  1690  149  303  39  23842  22  228146  348  52  95  0  3152  58129  19  0  223586  100496  1  22  5  91  712  262  2551  128  0  642  374791  216585  0  
0  0  0  0  0  0  0  0  0  0  0  0  0  1  0  0  0  1  0  0  0  0  0  0  0  0  0  0  0  0  0  0  0  0  0  0  0  0  0  0  0  0  0  0  0  0  0  2  0  0  0  0  0  0  0  0  0  0  0  0  0  0  0  0  0  0  0  0  0  0  0  0  0  0  0  194539  0  195  2  5  16  6  1010  65  0  7  0  1  4  0  3  17  2075  0  739836  81  8546  1  139  1157  21  1  8  0  1  1  0  14  44  383  503437  68280  2  0  3044  3  1626  171  52  61  5  242  415  386525  34392  7  14  19  0  376  121  2  228482  0  146294  0  2  0  15  250  76  53  11  0  224  377077  144819  20  
0  18  0  0  0  0  0  0  0  14  0  0  0  0  0  0  1  9  1  0  1  168  1  0  0  2  0  0  0  0  0  1  0  0  0  0  0  0  0  0  30  0  0  4  0  0  0  12  7  0  4  0  0  0  3  0  2  0  1  0  4  0  0  0  2  6  0  0  0  0  0  0  23  0  1  9067  1  857  20  26  118  12  8486  1040  3  23  0  8  20  7  48  71  125939  109  826473  721120  511420  10  1928  9596  228  1  38  0  23  101  1  147  525  2947  11757  10223  1  0  33113  40390  1001  139632  245  501  40  492  1875  67483  468324  37  55  147  0  3503  170958  296  129577  117459  0  1  16  1  73  3576  713  277  90  0  976  85  50460  9  
0  0  0  0  0  0  0  0  0  0  0  0  0  0  0  0  0  0  0  0  0  0  0  0  0  0  0  0  0  0  0  0  0  0  0  0  0  0  0  0  0  0  0  0  0  0  0  0  0  0  0  0  0  0  0  0  0  0  0  0  0  0  0  0  0  4  0  0  0  0  0  0  0  0  191396  0  0  30  9163  10361  50  4  226  5  0  18  253403  97654  132753  6  0  22  0  0  0  0  5  247440  0  44  23  1  1  0  19  731  0  0  0  15  0  0  174427  0  96  0  0  1  63  15  462  0  194  0  0  180292  204255  91  0  1088  2  1  0  0  0  0  182  3354  24  633  69  45  22  2  131  0  4  0  
2  0  0  0  0  8  0  0  0  13  0  0  0  0  0  0  2  30  2  0  0  1  28  21  0  4  0  0  0  0  926  23  0  0  0  0  0  0  0  0  18  0  0  6  2  0  1  20  21  0  1  2  0  0  2  0  4  0  0  0  1  0  2  0  2  33  0  0  1  25  0  0  16  1  16622  1  0  19  1450  82426  260  21  1030  21  0  29  415  201  461  82  115  25626  21  2  21  31  20207  681180  2  389  88  2  86  0  364368  288293  2  1  20  93  3  0  2351  0  12016  0  24  21  7615  175  24766  320  1483  0  23  728  300  81  0  5116  7  2  15  4  41  2227  0  122086  106  1583  442  20  221  123359  703  0  950  0  
0  0  0  0  0  3  1  2  0  0  0  0  0  0  0  0  0  0  0  0  0  0  0  0  0  0  0  0  0  0  2  1  0  0  0  0  0  0  0  0  0  0  0  0  0  0  0  1  1  0  0  0  0  0  0  0  0  0  0  0  0  0  0  0  0  23  0  0  0  0  0  0  2  0  46812  0  0  2  3260  100738  99  11  214  2  0  20  172289  170  162  792  582  3224  5  0  0  1  1504  1219909  0  38  16  1  11  0  1514  39097  0  112  110  8  0  0  406060  0  1238  0  24  2  1337  32  264739  15  355  0  1  544  149  32  0  1129  3  1  1  0  0  11364  218227  0  25  4616  57  10  42  22832  164  0  38  0  
0  0  0  0  0  0  0  0  0  0  189  0  0  0  0  0  0  0  0  2  0  4  0  0  0  0  12  0  0  5468  0  0  0  0  0  0  0  0  0  0  0  0  0  3  0  0  0  0  0  0  0  0  0  0  0  0  0  0  0  0  0  0  0  0  29  8  0  0  0  0  2  0  0  0  19  1  1  582  303  407  903  139  16021  1347  452705  39  0  51  657  88  3  92  25976  235606  73  839  19  3  1323  3572  102076  3  80  777734  0  18  0  0  0  255  16  5  19  0  2168  2  0  416173  975  968  116  27  1889  0  1369  1068  2220  3990  4  189471  23015  442904  968  48  1740  35  12  4  0  741  512  2248  520  0  127398  1  10574  0  
46  0  0  16  17  47920  2391  3815  52304  93581  0  1  0  0  13  146  105  7334  69  0  0  26  29  45  0  396  12  0  34  14017  16  3130  1  0  7  0  0  0  7  11  1796  1  51  6053  199  0  155  9105  3911  0  11  126  16  63  2657  163  46  9  1  0  4  0  49  130  4435  313218  443  46  74  99  115  0  4838  10  4301  0  13  1981  4633  615905  309510  250958  442629  151581  0  3285  0  3533  18478  2872  115  4316  462  0  12  45  2045  364  27  78657  3499  90  2865  60  216  111382  0  0  5  22157  338  79  265  0  301919  0  81  570  28852  8952  3238  1484  15483  2  80  7908  8949  7332  6  28557  279  38  170  708  6288  314  2495  487  430  0  29349  2659  2396  688  37475  3  6330  0  
0  0  0  0  0  2  0  0  0  2  0  0  0  0  0  0  0  3  0  0  0  0  0  0  0  0  0  0  0  0  0  0  0  0  0  0  0  0  0  0  2  0  0  1  0  0  0  0  3  0  0  0  0  0  1  1  1  0  0  0  0  0  0  0  0  41  0  0  0  0  2  0  10  0  29  0  117133  3032  4079  3657  7693  331  7988  114  0  88  0  131  1883  1719  37  730  165  1  2  0  179  13  68  711896  535189  598275  3514  8116  1  69  0  0  0  10225  2  0  64  0  24905  0  7  159  521005  166437  414  108  2204  0  16  2452  3479  12849  6225  312991  133  46  8  3  47  42  81  9  279  14693  0  2712  34831  0  2579  0  1236  0  
0  0  0  0  0  10  3  0  0  0  0  0  0  0  0  0  0  0  0  0  0  0  0  0  0  0  0  0  0  0  0  1  0  0  0  0  0  0  0  0  1  0  0  0  0  0  0  0  1  0  0  0  0  0  0  0  0  0  0  0  0  0  0  0  0  172  0  0  0  0  0  0  0  0  243  0  1  257649  1473  5555  9625  208  12503  146  0  367770  0  4048  263395  2589  9  461  189  0  1  0  156  80  7  5498  519  56  660958  2  3  529  0  0  2  880  0  2  5331  9316  3602  0  0  110  223634  887  3774  22  78030  0  6  619061  8966  166944  173  52035  137  68  13  2  24  173  52  102  1153  9903  3477  0  24574  1  7368  0  780  0  
0  0  0  0  0  0  0  0  0  0  0  0  0  0  0  0  0  0  0  0  0  0  0  0  0  0  0  0  0  0  0  0  0  0  0  0  0  0  0  0  3  0  0  1  0  0  0  1  1  0  0  0  0  0  0  0  0  0  0  0  0  0  0  0  0  304  0  0  0  0  0  0  3  0  14  0  3  137  295  570  39778  297545  8646  33  0  14  0  25  197302  209844  42  570  77  0  2  1  197  9  1  2225  621  64  880974  3  0  26  0  0  0  552  0  0  21  0  3251  0  4  54  425769  19468  280  17  1102  0  12  154  761  247316  136  25659  34  22  12  0  19  10  82  7  1224  13017  40493  10193  0  0  5493  0  1079  0  
0  0  0  0  4  2803  0  0  0  0  0  0  0  0  0  13  0  0  0  0  0  0  0  0  0  0  0  0  0  0  618  916  0  0  0  0  0  0  0  0  0  0  0  0  0  0  1  0  1  0  0  0  0  0  0  0  0  0  0  0  0  0  0  1  0  47  0  0  0  2030  0  0  1  0  84747  0  0  0  122790  237748  0  0  1  0  0  0  0  0  5  369698  0  3  0  0  0  0  0  96106  0  2  0  0  0  0  262912  52492  0  0  0  0  0  0  55  0  10  0  0  0  9  0  15  0  21  0  0  4  5  0  0  3  0  0  0  0  0  19  134120  11432  1  371  0  0  1  0  1  0  1  0  
0  0  30  0  0  0  1  26  77417  0  3  0  0  0  0  5  0  2  0  0  0  0  0  0  0  0  3  0  0  20481  0  1  0  0  0  0  0  0  0  0  3  0  0  1  0  4637  0  1  2  0  0  0  0  0  1  0  0  0  0  0  0  0  0  0  2  1805  0  0  0  0  85155  0  6  1  13  0  77  1125  166  248  26448  2357  286225  7329  56  49  0  39  400  87  13  781  4949  333  11  4  375  19  201  22910  77815  19  1101  435071  1  18  0  2  0  7370  62  52  17  0  23993  0  8  14986  1951  204019  217  99  3481  1  137  636  1235  2566  1  530599  3362  954  152  88  787  15  64  11  118836  31128  15240  1180  1537  0  0  1  5091  0  
0  0  0  0  0  0  0  0  0  0  0  0  0  0  0  0  0  0  0  0  0  0  0  0  0  0  0  0  0  0  0  0  0  0  0  0  0  0  0  0  0  0  0  0  0  0  0  0  0  0  0  0  0  0  0  0  0  0  0  0  0  0  0  0  0  1  0  0  0  0  0  0  0  0  0  2395  1  28  1  0  0  0  45  4  0  0  0  0  0  0  0  1  3604  0  1758  5  946  1  3  51  1  0  2  0  0  0  0  688  6176  15  748849  1080989  0  0  148  0  74511  154  1  1  1  7112  73  117194  114  0  0  0  0  15  71  0  389974  357811  848  0  0  0  0  7  2  10  0  0  9  0  208859  382  
0  0  0  1  0  0  0  0  0  8  0  0  0  0  0  0  0  10  0  0  0  0  0  0  0  1  0  0  0  0  0  2  0  0  0  0  0  0  0  0  4  0  0  3  0  0  0  16  4  0  0  1  0  0  1  0  0  0  0  0  0  0  0  0  2  95  0  0  0  0  0  0  11  0  55  181  0  13966  333  485  1652  291  3996  180  1  664  0  369  1315  133  727  809  379324  1  74293  219  48155  18  1132300  125764  182  438  770  1  14  155  2  886536  83056  291469  12959  1607329  82  1  67134  6  103545  15369  13700  334  1419  319482  39866  153625  44629  3135  5782  4556  32853  352074  71395  1030  214843  205075  152163  79  32  21  2969  2778  574  29271  589  0  1838  202239  0  108702  
0  0  0  0  0  0  0  0  0  0  0  0  0  0  0  0  0  0  0  0  0  0  0  0  0  0  0  0  0  0  0  0  0  0  0  0  0  0  0  0  0  0  0  0  0  0  0  0  0  0  0  0  0  0  0  0  0  0  0  0  0  0  0  0  0  0  0  0  0  0  0  0  0  0  0  0  0  5  0  0  0  0  7  0  0  0  0  0  0  0  15  1  0  0  3  0  317  0  28  1425  1  0  0  0  0  0  195118  231227  56276  208119  6  1713  0  0  92653  0  1223  0  1  1  1  378391  9  389  0  1  0  0  0  5  1  0  2  134  79  0  0  0  0  2  0  2  0  0  2  377  141267  0  
