0  0  0  6  104243  25134  3  0  1  0  0  204  0  5087  34408  3906  4  393  4  0  0  0  3  74228  0  8  0  0  0  0  27249  2621  0  0  0  0  0  0  2321  2050  16  0  0  3  4  0  1209  6  18259  0  0  71128  59658  37  3  0  3  0  0  0  0  16845  114  15536  0  598  10  115  15  41184  0  0  18  0  0  0  0  0  0  1  0  0  0  0  0  0  0  0  0  0  0  0  0  0  0  0  0  0  0  1  0  0  0  0  0  5  0  0  0  0  0  0  0  0  1  0  0  0  0  0  0  0  0  0  0  0  0  0  0  0  0  0  0  0  0  0  0  0  0  28  0  0  0  0  0  0  0  0  
0  0  0  7  0  1  0  0  0  0  0  0  0  0  0  0  0  1  61404  0  133027  23969  0  0  1  0  0  0  0  0  0  0  0  0  0  0  16281  8038  0  0  1  124122  0  266  69  0  0  5  4  1  166832  0  0  1  25  0  128786  21  121240  57635  16408  0  0  0  7  1  0  19  0  0  1  0  255  0  0  0  0  0  0  0  0  0  0  0  0  0  0  0  0  0  0  0  0  0  0  50  0  0  0  0  0  0  0  0  0  0  0  0  0  0  0  0  0  0  0  0  0  2  0  0  0  0  0  0  1  0  0  0  0  0  0  0  0  0  1  0  0  0  0  0  0  0  0  0  0  0  0  0  
0  0  0  6  0  42  5  25832  365  0  0  0  0  0  0  123408  4  13  2  0  0  0  0  0  0  9  33705  66928  39641  22218  0  2  0  0  0  0  0  0  0  0  7  0  0  0  89997  123529  0  3  274  0  0  0  0  67  0  0  1  2  0  0  0  0  0  0  0  14  22816  0  27684  0  17  0  1  0  0  0  792  0  0  0  0  109  192  0  0  0  0  0  0  569  0  0  0  0  0  0  0  0  0  1  0  0  0  624  0  0  0  0  0  0  0  0  0  0  0  0  0  0  0  3180  0  0  0  0  0  0  0  0  0  0  0  0  0  0  0  0  0  0  0  0  0  0  0  0  83  0  0  0  
73  1  3  0  266  466  394  546  163  3  0  78523  42  127  133  31  687  1789  497  0  0  5  9  25  10  176906  1  92376  32102  3  0  76  24608  309  143  31  0  4  50  1027  73708  2  1  516  105529  1  292  335  157618  0  176  1947  205  467  915  34  1536  46  27  61  123  1  10  14  96  520  20177  22371  1771  8  61  0  743  201  0  0  0  1  0  0  0  0  0  0  0  0  0  0  0  0  0  0  0  0  0  0  0  0  0  0  0  0  0  0  0  1  0  0  0  0  0  0  0  0  0  0  0  0  0  0  0  0  1  0  0  0  0  0  0  0  0  0  0  0  0  0  0  0  0  7  0  0  0  0  0  0  0  0  
94855  0  0  2  0  19528  2  0  0  1  0  66  2  320  16014  89364  5  100  1  0  0  0  0  1848  0  1  0  0  0  0  8977  334  0  0  0  0  0  0  83  1944  7  0  0  2  1  0  117  0  4512  0  0  6035  37566  29  4  0  1  0  0  0  0  1  16  1290  2  86  13  98  7  6377  0  0  3  0  0  0  0  0  0  19  0  0  0  0  0  0  0  0  0  5  0  0  0  0  0  0  0  0  0  0  0  0  0  0  0  0  0  0  0  0  0  0  0  0  0  0  0  0  0  0  0  0  0  0  0  0  0  0  0  0  0  0  0  0  0  0  0  0  0  7  0  0  0  2  0  0  1  0  
37987  0  3  170  30993  0  78266  1493  2625  19  0  205  1  1481  9756  203982  51  4362  46  1  0  0  13  23443  1  315  3  0  21  2  9080  53267  2  0  0  0  0  0  334  2444  387  1  0  82  654  0  1664  274  19968  0  8  12413  5016  18190  207  41  39  8  0  3  1  12  5671  12346  395  123273  1479  1056  2422  125945  20  0  375  0  64  0  0  0  4  7956  151  26  18  0  0  0  0  1  2  1496  0  1  0  0  0  0  2  0  0  6  0  0  0  0  1133  769  0  0  0  0  0  0  6  0  11  0  0  0  1  0  2  0  2  0  0  9  4  3  0  4  0  0  0  0  0  4  1  1  0  21374  1  0  0  825  0  0  3  0  
3  0  2  1024  56  112682  0  119089  25270  1  0  28  0  2  100  234767  9  365  183  0  0  0  0  1  4  428  13  0  41  209  0  55  0  0  0  0  0  0  1  243  173  0  0  387  3827  4  89  82  4321  0  12  4117  99  21110  1149  79  120  17  0  1  7  0  8  1  9227  92723  1489  5062  10263  4  251  0  72  0  0  0  0  0  1  601  1379  1174  116  0  0  0  0  0  0  160  0  0  0  0  0  0  0  0  0  0  0  0  0  0  0  1  0  0  0  0  0  0  0  0  0  0  0  0  0  0  1  0  0  0  0  0  3  0  0  0  0  0  0  0  0  0  0  0  0  845  0  0  0  0  4  0  1  0  
4  0  12117  1800  48  3850  107226  0  104742  2  0  77  0  0  28  138812  7  99  142  0  0  0  3  0  1  475  4  7  16993  56  0  16  0  0  0  0  0  0  0  727  120  0  0  177  23988  61688  37  54  910  0  1  1707  76  63306  631  107  234  13  0  0  5  0  4  1  1633  65111  4290  676  56259  5  911  0  50  0  0  0  47  0  0  15  49  12977  953  1  0  0  0  0  0  8974  0  0  0  0  0  0  0  0  0  0  0  0  4  3  0  2  0  0  0  0  0  0  0  0  1  0  0  0  0  240  0  0  1  0  0  0  0  0  0  0  0  0  0  0  0  0  0  0  0  1365  0  0  0  0  27  0  1  0  
0  0  39  7  1  836  3187  45513  0  4803  0  0  0  0  0  135  23  428  629  18  0  7  5  0  11  744  32  74  83  12535  0  53  2  0  0  0  0  0  0  0  1208  0  0  778  1057  45895  2  402  884  0  6  26  3  1309  2638  2388  378  39  3  0  5  0  0  0  11431  92553  5582  96  265  2  85859  0  106  0  0  0  10  0  0  0  0  900  16534  81  0  0  0  0  0  161  0  0  0  0  0  0  0  0  0  7  1  0  0  1621  0  0  0  0  0  1  0  0  0  0  93  0  0  0  1  500  0  0  0  0  0  0  1  0  0  1  0  0  0  0  4  0  0  0  0  22119  0  0  0  0  29032  0  0  0  
35  0  1  76  303  247  62  98  6021  0  6  82  0  12  160  10  68  14638  132  0  1  1574  12591  2  12  902  15  0  18  33100  1  1593  0  0  2  1  0  4  4  884  13682  2  32  97844  368  0  235  4680  10136  2  320  404  278  125  3271  229  193  50  34  3  58  0  20  6  3990  160652  476  1221  70  25  63  0  6297  329  2  0  0  77  21  19  38  2  1130  167  4  18  0  11  8  3  3  88  31  0  1  65  27  3  0  182  12  0  9  32  6  30  0  0  0  54  0  0  4  0  1968  1  1  5  313  14  28  24  375  0  8  110  27  20  1  380  21  0  2  1  7  1  19  2  5  51301  85  137  12  0  98  0  129  0  
0  1  0  0  0  0  0  0  5  9  0  0  0  0  0  0  0  0  257  310495  0  20993  0  0  53  2  123  0  0  18520  0  0  0  0  0  0  0  0  0  0  2  24597  0  309409  1  0  0  0  2  0  0  0  0  0  13  17  1265  122902  0  0  30  0  0  0  145920  10  1  12  0  0  4  0  51  0  0  0  0  0  0  0  0  0  0  1  45231  0  0  0  0  0  0  0  0  298  0  1528  1  0  0  0  0  0  0  282  0  0  0  0  0  0  0  0  0  0  0  140  0  546  0  0  0  0  0  0  0  0  0  0  0  0  0  0  0  0  0  0  0  0  50  2  0  0  0  0  0  0  0  0  
402  0  0  164227  1994  1077  2  0  0  4  0  0  1034  26695  1338  48  183  6694  3  0  0  0  0  47  0  4  0  0  27926  0  0  16  1039  171  98  0  0  0  133  95482  4  0  1  1  12467  0  2345  66  78059  0  0  111713  2701  107  1  0  1  0  0  0  0  0  2  104  0  13  21  102378  25  6  0  0  0  0  0  0  0  0  0  0  0  0  0  0  0  0  0  0  0  0  0  0  0  0  0  0  0  0  0  0  0  0  0  0  0  0  0  0  0  0  0  0  0  0  0  0  0  0  0  0  0  0  0  0  0  0  0  0  0  0  0  0  0  0  0  0  0  0  0  1  0  0  0  0  0  0  0  0  
7  0  0  34  0  25  0  0  0  0  0  476  0  11797  0  0  1  721  0  0  0  0  0  50249  0  0  0  0  1  0  0  13  0  4  19  0  0  0  46037  39  0  0  11  0  0  0  54429  1  295  0  0  2  0  0  0  0  0  0  0  0  0  10136  4  5946  0  0  0  0  0  3  0  0  0  0  0  0  0  0  0  0  0  0  0  0  0  0  0  0  0  0  0  0  0  0  0  0  0  0  0  0  0  0  0  0  0  0  0  0  0  0  0  0  0  0  0  0  0  0  0  0  0  0  0  0  0  0  0  0  0  0  0  0  0  0  0  0  0  0  0  0  0  0  0  0  0  0  0  0  
3949  0  0  1  2157  3514  1  0  0  0  0  31349  16826  0  3075  47  1  106  1  0  0  0  0  963  0  0  0  0  21  0  0  97  0  0  0  0  0  0  62133  81305  1  0  0  0  2  0  2953  0  35680  0  0  98676  2849  9  0  0  0  0  0  0  0  18180  3  4622  0  37  0  32  0  24  0  0  0  0  0  0  0  0  0  0  0  0  0  0  0  0  0  0  0  0  0  0  0  0  0  0  0  0  0  0  0  0  0  0  0  0  0  0  0  0  0  0  0  0  0  0  0  0  0  0  0  0  0  0  0  0  0  0  0  0  0  0  0  0  0  0  0  0  0  1  0  0  0  0  0  0  0  0  
46666  0  0  8  16348  7081  6  0  2  2  0  3763  0  599  0  101681  3  116  2  0  0  0  0  16  1  165  0  0  30062  0  2  117  0  0  0  0  0  0  2  468  16  0  0  5  635  0  27  5  2318  0  0  410046  220845  284742  20  3  4  0  0  0  0  46224  2  15  7  207  100  79850  19464  13  6  0  13  0  0  0  0  0  0  0  0  0  0  0  0  0  0  0  0  0  0  0  0  0  0  0  0  0  0  0  0  0  0  0  0  1  0  0  0  0  0  0  0  0  0  0  0  0  0  0  0  0  0  0  0  0  0  0  0  0  0  0  0  0  0  0  0  0  0  10  0  0  0  0  0  0  0  0  
8561  0  145246  16  123950  190227  192639  147529  318  5  0  10  0  18  99038  0  3  289  15  0  0  0  0  656  1  61  3  4  16443  3  13235  1517  0  0  0  0  0  0  8  118  55  0  1  9  8488  6980  59  38  1616  0  3  1821  40583  309827  28  6  8  5  0  0  0  0  3  513  40  5217  393  300  58316  43155  5  0  84  0  0  0  473  0  1  2109  1168  5336  126  0  0  0  0  0  0  10153  0  0  0  0  0  0  1  0  0  1  1  0  5  11  1  181  0  0  0  0  0  0  0  0  1  0  0  0  0  238  0  0  0  0  0  0  0  0  0  1  0  0  0  0  0  0  0  0  0  177  0  0  0  1  3  0  0  0  
0  0  25  1808  5  20  11  31  36  90  0  143  2  0  4  14  0  132016  1574  0  0  1  10840  1280  4  450  1  0  61  0  1  11961  1477  15  24260  2  0  7  0  8  15080  0  8935  202  1687  0  8554  138952  80394  26  22  2  2  17  290  41  126  552  7  5  21  0  82  23  166  104  808  22  1238  11  7  0  5056  27  0  0  0  0  0  1  0  0  15  0  0  0  0  0  0  0  0  1  0  0  0  0  2  0  0  14  1  0  0  0  3  15  0  0  0  2  0  0  0  0  46  0  0  1  1  1  0  8  1  0  0  0  0  0  0  4  0  0  1  0  3  0  0  0  0  48  3  0  0  0  2  0  5  0  
341  0  2  3089  110  987  2  3  36  195  0  7655  1112  119  7  3  74225  0  108  1  0  3  8330  16008  2  448  0  0  15  3  380  58900  791  43  4538  1  0  6  182  32  3107  0  4872  483  75  0  122819  33897  134037  38  30  134  5  63  444  15  104  8  6  0  16  2  1149  366  121  268  62  37  77  928  2  0  8036  31  0  0  0  0  0  1  1  0  12  1  0  0  0  2  0  0  1  4  2  0  2  0  3  0  1  27  2  0  1  0  7  27  0  0  0  8  0  0  1  0  81  0  0  0  6  1  0  9  2  0  2  0  1  0  0  13  0  0  0  1  3  0  0  0  0  94  10  1  0  0  2  0  4  0  
0  55086  0  49  0  6  4  4  17  2  38  0  0  0  4  0  2  39  0  18889  28  4095  13  0  95400  31  0  0  1  2  0  5  0  0  0  0  2  2785  0  0  151  62993  1  4962  845  0  3  149  135  0  10395  7  0  62  174  523  503764  246765  114573  388  10310  0  0  0  6653  10  7  5155  11  0  0  0  173087  0  0  0  0  0  0  0  0  0  0  0  0  0  0  0  0  0  0  0  0  0  0  0  0  0  0  0  0  0  0  0  0  0  0  0  0  0  0  0  0  0  1  0  0  0  0  0  0  0  0  0  0  0  0  0  0  1  0  0  0  0  0  0  0  0  0  1  1  0  0  0  0  0  0  0  
0  21  0  1  0  0  0  0  408  1  332746  0  0  0  0  0  1  13  13248  0  0  92  0  0  1916  6  37061  0  4  3361  0  3  0  0  0  0  0  0  0  0  14  41941  0  83565  19  0  1  7  12  0  1  1  0  0  30  25852  1974  187440  4  0  6  0  0  0  115793  4  4  17  1  0  1604  0  122  0  0  0  0  0  0  0  0  0  0  0  7002  0  0  0  0  0  0  0  0  69  0  0  0  0  0  0  0  0  0  208  0  0  0  0  0  0  0  0  0  0  0  7  0  8  0  0  0  0  0  0  0  0  0  0  0  0  0  0  0  0  0  0  0  0  3  1  0  0  0  0  0  0  0  0  
0  98211  0  1  0  0  0  1  2  3  0  0  0  0  0  0  0  1  31  0  0  14325  38110  0  2  1  0  0  0  0  0  1  0  0  0  0  52800  727  0  0  15  2  33  56  7  0  0  0  2  123640  38891  0  0  2  10  0  9  0  5901  127759  204149  0  0  0  0  1  0  5  0  0  0  15  156  0  0  0  0  0  0  0  0  0  0  1  0  0  0  0  0  0  0  0  0  0  2  2  0  0  0  1  0  0  0  0  0  1  0  0  0  0  0  0  0  0  0  2  0  0  0  0  0  0  0  0  32  0  0  0  0  0  0  0  0  0  19  0  0  0  0  1  0  0  0  0  0  0  0  0  
2  49556  0  16  12  13  1  8  19  17395  14297  1  0  1  3  0  0  55  1125  78  13461  0  44151  0  11  96  0  0  0  1040  0  11  0  0  1  0  0  54  0  36  1478  138225  2  390615  166  0  17  24  105  1  39790  23  19  19  652  3  36738  15235  321  16  457174  0  0  0  1777  135  3  166  6  0  0  0  300  0  0  2  0  0  0  0  0  0  7  44  9265  0  0  0  0  0  0  0  0  0  46  9360  5  0  0  8  0  0  0  14  1  3  0  0  0  5  0  0  0  0  31  33  0  2912  0  0  0  5  0  0  82  0  0  0  0  1  0  0  0  0  21  0  0  0  1  45  1  0  0  0  1  0  0  0  
3  0  0  48  19  55  34  86  239  13206  0  2  0  0  10  10  12012  14173  109  0  35256  46916  0  401  438  2460  0  0  3  37  1  27053  2  0  42792  0  794  7975  1  47  12834  1  143267  49861  145  0  92  10991  498  95599  124  31  24  88  4504  40  120  17  3558  7375  121592  0  39  1  1462  104  8  602  24  11  10  209  31818  1  0  0  0  1  0  0  0  0  4  1  0  0  0  0  0  0  0  0  0  0  5  3  1  0  0  3  0  0  0  0  0  6  0  0  0  1  0  0  0  0  10  0  0  0  2  0  0  2  0  0  68  0  0  0  0  4  0  0  1  0  29  0  1  0  0  14  2  0  1  0  0  0  1  0  
73074  0  0  13  2105  11332  0  0  0  4  0  119  54668  5995  88  400  253  11751  0  0  0  0  55  0  0  6  0  0  1  0  67566  17643  40  190  1910  0  0  0  16445  461  19  0  2614  7  2  0  93208  1569  2868  0  1  2932  684  4  4  0  0  0  0  0  0  75967  136728  292722  0  193  3  21  2  55588  0  0  41  0  0  0  0  0  0  0  0  0  2  0  0  0  0  0  0  0  0  0  0  0  0  0  0  24  0  0  0  0  0  0  68  0  0  0  0  0  0  0  0  0  0  0  0  0  0  0  0  0  0  0  0  0  0  0  0  0  0  0  0  0  0  0  8  0  0  7  0  0  0  1  0  0  0  0  
0  0  0  17  0  6  10  1  470  10  3  0  0  0  9  1  1  121  64412  3443  2  1  96  0  0  57075  3089  0  45  4  0  25  0  1  0  0  0  8  0  0  216  0  1  485  680  1  0  99  148  3  161  2  1  88  109786  215353  14526  12519  761  8  220  0  0  0  2631  137  73  5270  27  1  48  1  321877  0  0  0  0  0  0  0  0  0  0  0  0  0  0  0  0  0  0  0  0  0  0  0  0  0  0  0  0  0  0  0  0  0  0  0  0  0  0  0  0  0  1  0  0  0  0  0  0  0  0  0  0  0  0  0  0  0  0  0  0  0  0  0  0  0  0  1  0  0  0  0  0  0  0  0  
3  1  3  129986  15  198  121  184  958  174  0  2  0  1  29  17  126  814  258  13  0  20  140  0  46800  0  77  16812  49  412  0  105  846  40795  0  81220  0  6227  0  40  185178  0  1  3119  19202  4  36  764  5264  0  71  321  25  345  110376  59968  295  68  13  14  138  0  2  0  2030  4466  229926  4630  1779  4  283  0  25397  805  0  0  0  1  0  0  0  0  3  0  0  0  0  0  0  0  0  1  0  0  0  0  0  0  0  5  1  0  0  0  0  2  0  0  0  4  0  0  0  0  17  0  0  0  1  1  0  0  0  0  0  1  0  0  0  4  0  0  0  0  0  0  0  0  0  39  1  0  0  0  0  0  1  0  
0  0  34464  0  0  0  0  3  277  0  66  0  0  0  0  0  1  2  11  57151  0  0  0  0  1670  144  0  15  23  376414  0  0  0  0  0  0  0  0  0  0  8  0  0  18  264  2506  0  0  5  0  0  0  0  3  465  399970  1  19  1  0  0  0  0  0  96210  21  115129  0  21  0  50552  0  0  0  0  0  0  0  0  0  0  0  0  0  22  0  0  0  0  0  0  0  0  24  0  0  0  0  0  0  11  0  0  836  0  0  0  0  0  0  0  0  0  0  0  0  0  0  0  1  0  0  0  0  0  0  0  0  0  0  0  1  0  0  0  0  0  0  0  0  0  0  0  0  12  0  0  0  
0  0  52383  80351  0  1  1  2  216  0  0  0  0  0  1  5  0  1  0  0  0  0  0  0  0  25503  23  0  36858  0  0  0  0  0  0  0  0  0  0  0  11  0  0  0  245354  44625  0  0  13  0  0  0  0  3  1  192  1  0  0  0  0  0  0  0  1  1  199615  1  22  0  28  0  0  0  0  0  0  0  0  0  0  0  0  0  0  0  0  0  0  0  0  0  0  0  0  0  0  0  0  0  0  0  0  0  0  0  0  0  0  0  0  0  0  0  0  0  0  0  0  0  0  0  0  0  0  0  0  0  0  0  0  0  0  0  0  0  0  0  0  0  0  0  0  0  0  0  0  0  
3  0  48384  34342  17  82  13  36369  1183  10  0  18557  6  28  29242  14064  170  909  119  0  0  0  1  0  1  360  1  16690  0  3  0  104  0  0  0  0  0  0  2  25  357  0  0  27  320292  7008  101  2153  1755  0  0  4148  12  1644  56  26  26  23  0  1  0  0  6  1  130  2353  8055  175325  206864  4  299  0  68  0  0  0  0  0  0  1  0  0  2  0  0  0  0  0  0  0  0  1  0  0  0  0  0  0  0  2  1  0  0  0  0  0  0  0  0  1  0  0  0  0  6  0  0  0  0  0  0  1  0  0  0  0  0  0  0  0  0  0  0  0  0  0  0  0  0  11  2  0  0  0  0  0  2  0  
0  0  25574  2  0  7  11  3  13208  28671  11441  0  0  0  0  2  4  1124  86  2739  0  1049  1  0  11  241  291610  3  28  0  0  132  0  0  0  0  0  0  0  1  339  0  4  10695  342  112302  2  203  725  0  9  3  0  9  237  18053  168  23  0  0  2  0  0  0  180141  15832  13029  18  22  0  150453  0  362  0  0  0  2  0  0  0  0  2  3246  246  11471  0  0  0  0  0  0  1  0  202  0  1472  0  0  0  6  136  0  0  34478  0  2  0  0  0  1  0  0  0  0  99  0  0  5  2  15  0  5  2  0  0  0  0  0  0  6  0  0  0  1  3  0  0  0  178  1362  3  0  1  0  10133  0  2  0  
28523  0  0  0  19072  15616  0  0  0  0  0  0  0  0  0  16102  0  81  0  0  0  0  0  56730  0  0  0  0  0  0  0  11396  0  0  0  0  0  0  0  0  0  0  0  0  0  0  125  1  3  0  0  0  0  0  0  0  0  0  0  0  0  0  105182  245  0  2  0  0  0  109080  0  0  1  0  3  0  0  0  0  55  0  0  0  0  0  0  0  0  0  64  0  0  0  0  0  0  0  427  0  0  0  0  0  0  7944  70  0  0  0  0  0  0  0  0  0  0  0  0  0  0  0  0  0  0  0  0  0  0  0  0  0  0  0  0  0  0  194  0  0  2  0  0  0  125  0  0  0  0  
189  0  1  4  37  49532  0  3  23  143  0  1  11  14  6  704  16836  142969  26  0  8  9  28058  11828  0  313  3  0  2  2  15393  0  1  0  10065  0  1  4  137  12  1199  1  5296  716  113  0  9835  11767  16185  11  9  45  4  8  139  10  16  2  1  0  8  6  83817  2826  118  31313  37  16  22  61859  1  1  8266  6  0  0  0  3  0  752  4  0  56  0  0  1  0  0  1  372  0  8  1  0  1  1  3  0  0  46  4  0  1  0  129  22892  0  0  0  12  0  0  1  0  126  0  1  0  7  4  0  3  4  0  7  4  1  1  0  20  1  0  0  0  5  0  4  0  0  536  16  4  1  262  6  0  14  0  
0  0  0  32259  0  3  0  0  2  1  0  88  1  0  0  0  817  962  1  0  0  0  0  12  0  218  0  0  0  1  0  10  0  59081  13708  4803  0  0  0  0  19472  0  0  4  2  0  90  101926  1202  0  0  1  0  0  17  5  0  0  0  0  0  0  0  0  7  3  4  0  1  2  0  0  8261  109631  0  0  0  0  0  0  0  0  0  0  0  0  0  0  0  0  0  0  0  0  0  0  0  0  0  0  0  0  0  0  0  0  0  0  0  0  0  0  0  0  1  0  0  0  0  0  0  0  0  0  0  0  0  0  0  0  0  0  0  0  0  0  0  0  0  0  0  0  0  0  0  0  0  0  
0  0  0  959  0  0  0  0  0  0  0  179  6  1  0  0  13  70  0  0  0  0  0  334  1  30974  0  0  2  0  0  0  86137  0  180430  106937  13  126875  0  0  4378  0  43203  0  0  0  181  25888  10  4  0  0  0  0  39  0  0  0  0  0  3  0  0  6  0  0  0  0  0  0  0  684  211480  33607  0  0  0  0  0  0  0  0  0  0  0  0  0  0  0  0  0  0  0  0  0  0  0  0  0  0  0  0  0  0  0  0  0  0  0  0  0  0  0  0  0  0  0  0  0  0  0  0  0  0  0  0  0  0  0  0  0  0  0  0  0  0  0  0  0  0  0  0  0  0  0  0  0  0  
0  0  0  291  0  0  0  1  7  8  0  85  5  0  0  0  17525  5072  14  0  0  0  38262  1123  0  77  0  0  1  0  0  9739  15562  190261  0  0  227  15879  0  1  196  0  125902  61  2  0  409  115613  47  891  3  0  0  0  20  0  6  0  419  89  511  0  3  32  12  2  0  1  0  0  0  28843  47593  13  0  0  0  0  0  0  0  0  1  1  0  0  0  0  0  0  0  0  0  0  0  0  0  0  0  1  0  0  0  0  0  2  0  0  0  0  0  0  0  0  5  0  0  0  1  0  0  0  0  0  0  0  0  0  0  0  0  0  0  0  0  0  1  0  0  2  0  0  0  0  0  0  1  0  
0  0  0  13  0  0  0  0  0  0  0  0  0  0  0  0  1  1  0  0  0  0  0  0  0  88415  0  0  0  0  0  0  6473  125041  3  0  0  1849  0  0  47965  0  0  0  0  0  0  8228  38  0  0  0  0  0  1208  0  0  0  0  0  0  0  0  0  0  0  0  0  0  0  0  0  17345  64140  0  0  0  0  0  0  0  0  0  0  0  0  0  0  0  0  0  0  0  0  0  0  0  0  0  0  0  0  0  0  0  0  0  0  0  0  0  0  0  0  0  0  0  0  0  0  0  0  0  0  0  0  0  0  0  0  0  0  0  0  0  0  0  0  0  0  0  0  0  0  0  0  0  0  
0  15649  0  0  0  0  0  0  0  0  0  0  0  0  0  0  1  0  2  0  33383  1  1525  0  0  0  0  0  0  0  0  1  0  19  495  0  0  179917  0  0  1  0  67177  34  0  0  0  153  0  201143  0  0  0  0  1  0  0  0  46122  212656  1679  0  0  0  0  0  0  0  0  0  0  320852  7064  0  0  0  0  0  0  0  0  0  0  0  0  0  0  0  0  0  0  0  0  0  0  0  0  0  0  0  0  0  0  0  0  0  0  0  0  0  0  0  0  0  0  0  0  0  0  0  0  0  0  0  0  0  0  0  0  0  0  0  0  0  0  0  0  0  0  0  0  0  0  0  0  0  0  0  
0  8906  0  1  0  0  0  0  0  1  0  0  0  0  0  0  0  3  6502  0  96  73  895  0  4  353  0  0  0  0  0  3  0  128048  22130  59  164056  0  0  0  24  3  76703  3429  21  0  0  2125  4  11948  33  0  0  0  83  0  16  0  146547  29729  16633  0  0  0  4  2  1  19  0  0  0  342176  537806  3  0  0  0  0  0  0  0  0  0  0  0  0  0  0  0  0  0  0  0  0  0  0  0  0  0  0  0  0  0  0  0  0  0  0  0  0  0  0  0  0  0  0  0  0  0  0  0  0  0  0  0  0  0  0  0  0  0  0  0  0  0  0  0  0  0  0  0  0  0  0  0  0  0  0  
6048  0  0  1  324  2528  0  0  1  0  0  44  43759  69960  44  63  2  160  0  0  0  0  0  7359  0  1  0  0  0  0  1  935  0  0  0  0  0  0  0  3405  3  0  0  3  1  0  32419  1  30595  0  0  9861  138  0  1  0  1  0  0  0  0  4675  144  44859  0  119  0  18  0  159  0  0  12  0  0  0  0  0  0  0  0  0  0  0  0  0  0  0  0  0  0  0  0  0  0  0  0  0  0  0  0  0  0  0  0  0  0  0  0  0  0  0  0  0  0  0  0  0  0  0  0  0  0  0  1  0  0  0  0  0  0  0  0  0  0  0  0  0  0  8  0  0  0  0  0  0  0  0  
407  0  0  315  1442  789  3  0  0  3  0  88936  471  93197  712  28  0  75  1  0  0  0  0  55  0  8  0  0  6  0  0  39  0  0  0  0  0  0  1849  0  40  0  0  5  25  0  506  0  77678  0  0  9900  2136  57  0  1  4  0  0  0  0  49  1  313  0  31  6  12590  24  2  0  0  2  0  0  0  0  0  0  0  0  0  0  0  0  0  0  0  0  0  0  0  0  0  0  0  0  0  0  0  0  0  0  0  0  1  0  0  0  0  0  0  0  0  1  0  0  0  0  0  0  0  0  0  0  0  0  0  0  0  0  0  0  0  0  0  0  0  0  5  0  0  0  0  0  0  0  0  
132  0  1  49724  870  819  311  373  1110  7545  0  117  0  53  476  96  16961  24947  5737  18  1  33  1323  11  14  158810  73  4  78  72  2  2028  16730  4471  1  47497  0  1  16  1323  0  1  17  21375  3060  3  208  97464  77171  1  69  801  712  612  53744  1143  628  858  18  11  183  2  54  15  2167  2993  17390  2466  272  51  97  0  36079  34231  0  0  1  4  0  3  3  3  73  4  0  0  0  1  1  0  0  6  7  0  1  1  8  0  1  130  10  0  2  1  20  36  0  0  0  37  0  0  0  0  338  0  7  3  12  9  0  46  7  0  3  4  1  0  0  31  4  0  3  2  10  0  3  0  1  237  32  2  3  0  11  0  22  0  
0  182666  0  10  0  0  0  1  0  0  29934  0  0  0  1  0  0  1  51992  49576  1  165429  0  0  0  0  0  0  0  0  0  0  0  0  0  0  0  0  0  0  0  0  0  65936  176  0  0  2  4  0  18705  0  0  6  7  0  283175  12236  496  0  3790  0  0  0  7  6  0  36  0  0  0  0  5  0  0  0  0  0  0  0  0  0  0  0  98  0  0  0  0  0  0  0  0  0  0  20  0  0  0  0  0  0  0  0  0  0  0  0  0  0  0  0  0  0  0  21  0  2  0  0  0  0  0  0  0  0  0  0  0  0  0  0  0  0  0  0  0  0  0  0  0  0  0  0  0  0  0  0  
0  0  0  0  0  3  1  1  5  8  0  0  0  0  0  0  925  1856  18  0  16  4  141010  1225  3  160  0  0  0  0  0  621  0  62777  153885  0  52611  82443  0  0  371  0  0  156  2  0  11  29037  19  51814  4  0  0  1  59  1  5  1  3566  146  2356  0  8  187  41  12  0  2  0  2  0  52073  35759  3  0  0  0  0  0  0  0  1  4  0  0  0  0  0  0  0  0  0  0  0  0  0  1  0  0  5  0  0  0  0  0  5  0  0  0  1  0  0  0  0  12  0  0  0  1  1  0  1  0  0  1  0  0  0  0  0  0  0  0  0  0  0  0  0  0  8  0  0  0  0  0  0  0  0  
20  2356  1  2638  120  559  561  1433  2324  76408  314946  44  0  8  91  115  34  7025  7464  40375  2  334394  45565  3  325  7037  4  0  54  7415  3  933  1  0  0  0  1  285  1  423  32686  71625  9  0  9106  1  706  1289  8972  81  10755  354  119  1053  11898  331  41439  133023  2171  207  65586  0  29  6  127548  5172  303  4566  1186  16  108  0  13567  23  0  0  0  1  0  1  0  1  8  3  2181  0  0  0  0  0  0  4  1  0  1  86  1  0  0  15  2  0  0  3  3  18  0  0  0  2  0  0  0  0  41  15  0  80  0  3  0  1  2  0  1  0  0  0  0  3  0  0  0  0  2  0  0  0  0  92  2  0  0  0  3  0  3  0  
29  0  78495  117447  153  2575  808  22908  12371  73  0  1987  0  26  280  13227  1332  4075  922  0  0  5  10  1  15  23298  24  263341  260274  24  0  480  5  0  0  0  0  1  5  202  2047  0  2  491  0  136527  569  8790  28729  0  146  1315  207  2374  614  524  2163  92  40  44  108  1  49  6  789  9430  174876  62827  86483  41  3658  0  780  1  0  0  0  0  0  0  2  0  6  1  0  0  0  0  0  0  0  1  0  0  0  0  0  0  0  13  4  0  0  0  0  4  0  0  0  3  0  0  0  0  28  0  0  0  2  0  0  1  0  0  0  0  0  2  0  5  0  0  0  0  0  0  0  0  1  33  3  0  0  0  2  0  2  0  
2  0  93194  25  4  13  7  68060  50628  0  0  2  0  0  4  5398  4  13  6  0  0  0  0  0  0  19  4302  29064  701  96245  0  3  0  0  0  0  0  0  0  5  30  0  0  5  84346  0  0  28  213  0  0  10  7  135  11  117  7  2  0  0  0  0  0  0  16  187  56625  1  181  1  41756  0  3  0  0  0  90  0  0  1  0  16  1430  0  0  0  0  0  0  167  0  0  0  0  0  0  0  0  0  0  0  0  0  300  0  0  0  0  0  0  0  0  0  0  0  0  0  0  0  1869  0  0  0  0  0  0  0  0  0  0  0  0  0  0  0  0  0  0  0  1  0  0  0  0  3317  0  0  0  
4600  0  0  25  507  6335  4  0  7  10  0  632  44891  1548  124  53  74  72590  3  0  3  1  75  73001  1  58  0  0  0  1  582  18836  40  16  187  0  0  0  31512  174  179  0  60  117  16  0  0  1059  27464  0  0  1949  461  285  18  2  0  1  0  0  2  301  5420  62272  10  224  88  133  108  1078  1  0  358  0  0  0  0  0  0  0  0  0  4  0  0  0  0  0  0  0  0  0  0  0  0  0  0  0  0  2  0  0  0  0  0  0  0  0  0  0  0  0  0  0  3  0  0  0  0  0  0  0  0  0  4  0  0  0  0  1  0  0  0  0  1  0  0  0  0  16  1  0  0  0  0  0  0  0  
1  0  1  329  8  103  13  6  184  2193  0  93  0  1  1  7  115119  71192  343  12  3  6  8833  2003  51  770  8  2  44  35  11  6401  85215  11569  129735  3355  87  8472  0  25  70206  0  51472  1331  1286  0  10454  0  26221  613  69  62  9  20  2786  292  200  48  823  42  317  0  88  23  825  1363  2626  93  85  42  19  4844  248275  28125  0  0  0  4  0  0  1  1  103  10  0  1  0  2  0  0  1  21  2  0  6  2  8  0  2  132  4  0  2  0  16  73  0  0  0  32  0  0  1  0  525  0  2  4  17  8  3  65  22  0  0  11  1  3  0  47  2  0  1  0  11  0  1  0  3  528  19  7  1  0  12  0  10  0  
19014  0  677  159694  14190  16873  662  647  883  5226  0  63085  1654  37572  6019  1439  45616  105231  20234  5  0  13  67  1472  36  2768  11  1  650  18  60  19331  702  4  12  2  0  3  28245  87216  80077  2  21  3737  42612  1  28191  10443  0  0  130  33718  13931  13084  2096  472  8744  2356  15  21  50  522  1414  5791  1205  5986  4805  65773  10433  1650  66  0  1918  31  0  0  0  3  0  6  1  1  16  1  0  1  0  1  0  0  1  8  0  0  0  0  2  0  0  19  3  0  1  0  6  35  0  0  0  5  0  0  0  0  76  0  1  1  6  0  1  5  3  0  0  2  0  0  0  10  0  0  0  0  3  0  1  1  0  359  8  1  2  0  0  0  10  0  
0  2  0  2  0  0  0  0  0  1  0  0  0  0  0  0  31  12  0  0  123100  2  90401  0  3  9  0  0  0  0  0  9  0  0  913  0  178598  46706  0  0  20  0  86750  193  2  0  0  1662  1  0  4  0  0  0  26  0  1  0  27455  106173  29940  0  0  0  4  2  0  1  0  0  0  26724  50032  0  0  0  0  0  0  0  0  0  0  0  0  0  0  0  0  0  0  0  0  0  0  0  0  0  0  0  0  0  0  0  0  0  0  0  0  0  0  0  0  0  1  0  0  0  0  0  0  0  0  0  0  0  0  0  0  0  0  0  0  0  0  0  0  0  0  0  0  0  0  0  0  0  0  0  
0  101684  0  59  0  2  4  10  4  0  0  0  0  0  0  3  0  9  1065  0  20738  48163  0  0  14  16  0  0  0  1  0  0  0  0  0  0  0  8  0  0  21  7612  0  9654  272  0  0  4  32  0  0  0  0  12  109  2  5723  13  21300  919  86366  0  0  0  16  11  3  108  19  0  0  0  159  0  0  0  0  0  0  0  0  0  0  0  0  0  0  0  0  0  0  0  0  0  0  40  0  0  0  0  0  0  0  0  0  0  0  0  0  0  0  0  0  0  0  0  0  1  0  0  0  0  0  0  0  0  0  0  0  0  0  0  0  0  0  0  0  0  0  0  0  0  0  0  0  0  0  0  
43078  0  0  126  16222  20227  295  323  36  18  0  97885  7  115719  282050  1310  22  1312  224  0  0  0  0  570  4  471  0  0  10002  1  2  710  1  0  0  0  0  0  18721  30512  180  0  0  23  1179  0  1851  54  19466  0  25  0  86358  75769  346  42  446  29  2  5  5  19281  52  1067  49  1642  947  94809  2154  114  5  0  86  0  0  0  0  0  0  2  0  0  0  0  0  0  0  0  0  0  0  0  0  0  0  0  0  0  0  1  0  0  0  0  0  3  0  0  0  0  0  0  0  0  2  0  0  0  1  0  0  0  1  0  0  0  0  0  0  0  0  0  0  0  0  0  0  0  0  68  0  0  0  0  0  0  0  0  
49792  0  0  2  40737  9382  19  1  2  1  0  69  0  143  227705  23234  15  356  7  0  0  0  2  21  0  12  1  0  2  0  0  575  0  0  0  0  0  0  37  1458  22  0  0  5  18  0  114  7  3964  0  1  151283  0  24580  8  2  2  2  0  0  0  5  24  52  7  426  73  63  21  40  0  0  2  0  0  0  0  0  0  2  0  0  0  0  0  0  0  0  0  0  0  0  0  0  0  0  0  0  0  0  0  0  0  0  0  3  0  0  0  0  0  0  0  0  0  0  0  0  0  0  0  0  0  0  0  0  0  0  0  0  0  0  0  0  0  0  0  0  0  30  0  0  0  0  0  0  1  0  
279  1  8  1713  1681  33455  16626  40983  1762  6  0  37  0  15  258966  289804  15  837  212  0  0  0  1  2  22  3472  14  0  1495  16  0  151  2  0  0  0  0  0  5  354  374  0  0  90  5023  8  297  132  16776  0  45  121758  29105  0  1103  109  341  34  1  4  13  0  17  5  464  6203  6325  60332  103320  9  115  0  451  0  0  0  0  0  0  4  0  0  0  0  0  0  0  0  0  0  0  1  0  0  0  0  0  0  0  2  0  0  0  0  0  2  0  0  0  1  0  0  0  0  4  0  0  0  0  0  0  0  1  0  0  0  0  0  0  3  0  0  0  0  0  0  0  0  0  60  0  0  0  0  0  0  0  0  
0  1  0  165  4  119  231  334  5816  74  0  0  0  1  6  12  27  1416  3036  7  1  74  324  0  77969  125307  488  1  65  202  0  127  9  97  0  3878  0  17  0  8  38817  3  1  16761  736  0  30  756  1768  8  61  28  6  238  0  13441  2820  598  59  12  621  0  5  0  10568  1407  1891  3518  100  2  584  0  124882  43  0  0  0  0  0  0  0  0  3  0  0  0  0  0  0  0  0  2  0  0  0  0  0  0  0  6  0  0  0  0  0  1  0  0  0  2  0  0  0  0  7  0  0  0  1  0  0  2  0  0  0  0  0  1  0  3  0  0  0  0  0  0  0  0  0  18  0  0  0  0  0  0  1  0  
0  0  1  45  4  97  141  144  15345  17  0  0  0  0  6  5  30  960  3843  40334  0  2  2  0  206843  92681  344391  95  1798  7227  0  157  3  0  0  0  0  0  0  5  2861  0  0  4725  11977  32  32  910  1568  0  47  77  4  273  39103  0  4556  43514  33  3  66  0  3  1  83686  3809  96458  3724  1270  3  98156  0  16654  1  0  0  0  0  0  0  0  0  1  0  0  0  0  0  0  0  0  0  0  0  0  0  0  0  0  2  0  0  0  0  0  0  0  0  0  1  0  0  0  0  2  0  0  0  0  1  0  0  0  0  0  0  0  0  0  0  0  0  0  0  0  0  0  0  0  7  3  0  0  0  1  0  0  0  
0  157655  0  88  1  11  3  2  21  2  649  0  0  0  13  0  1  72  542192  588  0  72521  3  0  20464  18  0  0  2  1  0  5  0  0  0  0  0  12  0  1  248  239812  0  33170  2006  0  1  79  370  0  20012  27  1  126  161  1867  0  45468  67286  14  12506  0  1  0  9462  19  30  13782  16  1  4  0  50371  0  0  0  0  0  0  0  0  0  0  0  0  0  0  0  0  0  0  0  0  0  0  0  0  0  0  0  0  0  0  0  0  0  0  0  0  0  0  0  0  0  0  0  0  0  0  0  0  0  0  0  0  0  0  0  0  0  0  0  0  0  0  0  0  0  0  0  0  0  0  0  0  0  0  0  
0  2048  0  116  0  11  5  2  74  2  103498  0  0  0  2  1  3  75  238182  180379  0  10194  3  0  18259  129  4  0  5  8  0  8  0  0  0  0  0  0  0  0  87  21103  0  98464  2586  0  0  104  257  0  4594  19  2  57  493  41478  73742  0  910  0  1203  0  0  0  74568  51  94  1635  9  0  6  0  1058  0  0  0  0  0  0  0  0  0  1  0  1  0  0  0  0  0  0  0  0  0  0  0  0  0  0  0  0  0  0  1  0  0  0  0  0  0  0  0  0  0  0  0  0  0  0  0  0  0  0  0  0  0  0  0  0  0  0  0  0  0  0  0  0  0  0  1  0  0  0  0  0  0  0  0  
0  115214  0  343  2  19  10  14  3  2  0  0  0  0  8  2  2  30  95672  0  2151  4772  555  0  100  43  0  0  0  0  0  4  0  0  2  0  41331  169662  0  1  149  161  101  14197  3370  0  0  118  88  325  57776  0  0  109  277  0  52725  92  0  90387  41541  0  0  0  79  57  12  1235  39  0  0  92  77765  0  0  0  0  0  0  0  0  0  0  0  0  0  0  0  0  0  0  0  0  0  0  0  0  0  0  0  0  0  0  0  0  0  0  0  0  0  0  0  0  0  0  0  0  0  0  0  0  0  0  0  0  0  0  0  0  0  0  0  0  0  0  0  0  0  0  0  0  0  0  0  0  0  0  0  
0  47487  0  95  0  4  2  8  7  1  0  0  0  0  0  0  1  19  49  0  160526  143  1459  0  15  13  0  0  1  1  0  1  0  0  58  0  193859  47999  0  0  17  6  198  7373  411  0  0  80  18  103228  21570  2  0  9  318  1  46  1  90154  0  75929  0  0  0  9  21  5  150  17  0  0  61725  16988  0  0  0  0  0  0  0  0  0  0  0  0  0  0  0  0  0  0  0  0  0  0  0  0  0  0  0  0  0  0  0  0  0  0  0  0  0  0  0  0  0  0  0  0  0  0  0  0  0  0  0  0  0  0  0  0  0  0  0  0  0  0  0  0  0  0  1  0  0  0  0  0  0  0  0  
1  27737  1  329  1  25  14  38  108  33  1930  1  0  0  9  4  4  109  849  109  197304  351244  117857  0  422  109  0  0  0  1  0  19  0  0  34  0  719  34753  0  1  250  9272  558  78352  2098  0  6  135  214  24657  100713  7  2  142  5657  15  8802  2612  35848  70852  0  0  0  1  127  113  18  2771  70  0  5  250  26550  1  0  0  0  0  0  0  0  0  0  4  32  0  0  0  0  0  0  0  0  0  7  27  2  0  0  0  0  0  0  0  0  0  0  0  0  0  1  0  0  0  2  0  0  9  1  0  0  1  0  0  46  0  0  0  0  1  0  0  0  1  25  0  0  0  0  1  0  0  0  0  0  0  1  0  
38524  0  0  0  1  42  0  0  0  0  0  1  15540  15986  42409  0  0  4  0  0  0  0  0  70140  0  0  0  0  0  0  0  10  0  0  0  0  0  0  9183  24  0  0  0  0  0  0  66  0  96  0  0  29538  16  0  0  0  0  0  0  0  0  0  3  24211  0  2  0  0  0  0  0  0  0  0  0  0  0  0  0  0  0  0  0  0  0  0  0  0  0  0  0  0  0  0  0  0  0  0  0  0  0  0  0  0  0  0  0  0  0  0  0  0  0  0  0  0  0  0  0  0  0  0  0  0  0  0  0  0  0  0  0  0  0  0  0  0  0  0  0  0  0  0  0  0  0  0  0  0  
10  0  0  1  1  11343  0  1  5  4  0  1  120  25  0  0  1  4217  0  0  0  1  85  128523  0  53  0  0  0  2  104774  123435  0  0  1  0  0  0  459  1  193  0  7  119  3  0  17102  72  123  0  0  5  0  0  14  1  1  0  0  0  0  0  0  36695  30  10  1  3  0  35556  0  0  316  0  0  0  0  0  0  0  0  0  0  0  0  0  0  0  0  0  0  0  0  0  0  0  0  4  0  2  0  0  0  0  16  3  0  0  0  1  0  0  0  0  2  0  0  0  1  0  0  0  1  0  0  0  0  0  0  0  0  0  0  0  0  0  3  0  0  8  1  0  0  0  1  0  0  0  
14787  0  0  3  1387  11214  0  0  2  9  0  101  17931  16050  77  466  14  1491  1  0  0  0  16  289338  0  8  0  0  0  0  180  10593  0  5  14  0  0  0  75675  416  21  0  94  10  1  0  77693  20  5370  0  0  1180  327  10  3  0  1  1  0  0  0  36822  16332  0  3  701  1  32  3  4793  0  0  99  0  0  0  0  0  0  0  1  0  2  0  0  0  0  0  0  0  0  1  0  0  0  0  0  0  0  1  0  0  1  0  0  7  0  0  0  1  0  0  0  0  6  0  0  0  1  0  0  0  0  0  0  0  0  0  0  0  0  0  0  0  1  0  0  0  0  49  0  0  0  0  1  0  0  0  
0  71  0  456  8  190  1043  421  20598  2281  145841  5  0  0  15  4  64  2610  47086  236565  0  2067  29  2  2252  1879  125123  4  399  291649  0  447  3  0  1  0  0  1  0  33  2945  1043  2  132797  9202  4  144  1364  2972  0  2342  180  6  445  10606  41905  48496  83070  983  23  1675  0  3  0  0  10308  1509  2513  172  11  54084  0  11144  0  0  0  0  0  0  0  1  0  5  1  3241  0  0  0  0  0  0  2  0  81  0  3  0  0  0  6  0  0  0  144  0  2  0  0  0  3  0  0  0  0  17  0  0  0  2  3  0  1  0  0  0  0  0  0  1  3  1  0  0  0  0  0  0  0  17  39  4  0  0  0  2  0  1  0  
277  0  6  286  122  163384  84544  71948  126234  130248  2  17  0  19  91  2942  188  15297  1132  4  0  16  60  159  2  3311  98  5  679  21448  6  41444  9  0  2  0  0  0  28  152  6779  0  32  8030  4661  14  370  3666  13226  1  41  1229  156  1563  3462  1524  255  121  4  6  14  2  78  736  20397  0  2598  1270  1714  95  212  0  7208  199  447  0  0  6  104  8012  704  1253  1723  81  1  0  0  11  42  68  2  83  1  0  0  23  50  11  0  254  29  2  95  11  15  1378  0  0  0  28  1  0  8  0  750  0  1  3  1267  73  23  16  40  0  1  50  69  39  0  328  0  0  4  1  3  45  29  17  3  159250  280  4  45  29  848  0  183  0  
4  0  21746  21520  22  918  1177  181  10350  14  0  0  0  3  44  611  171  1791  561  7  1  1  1  2  39  301976  123080  164885  2764  13794  0  232  5  0  0  0  0  1  0  5  16779  0  0  1907  107012  57906  11  2280  3886  0  12  99  30  1146  6984  116047  132  494  3  2  13  0  6  2  3304  13847  0  2790  7733  8  40523  0  213  0  0  0  0  0  0  0  1  0  2  1  0  0  0  1  0  0  0  0  0  0  0  0  0  0  0  6  0  0  0  0  0  1  0  0  0  1  0  0  0  0  13  0  0  0  0  0  0  0  0  0  0  0  0  0  0  1  0  0  0  0  0  0  0  0  0  24  2  0  0  0  2  0  0  0  
245  0  0  45908  824  2598  518  44  298  15  0  78015  0  275  84389  202  11  1654  809  0  0  2  2  11  55  3184  9  0  147573  10  2  306  0  0  0  0  0  0  116  4523  331  2  0  103  125692  6  2722  38  51166  0  152  127198  722  46529  2237  166  1965  119  13  28  62  5  33  40  132  1377  5132  0  41743  29  241  0  603  0  0  0  0  0  0  2  0  0  0  0  0  0  0  0  0  0  0  1  0  0  0  0  0  0  0  3  0  0  0  0  0  0  0  0  0  0  0  0  0  0  2  0  0  0  0  0  0  0  0  0  0  0  0  0  0  0  0  0  0  0  0  0  0  0  0  87  0  0  0  0  0  0  1  0  
35  0  17073  3241  255  4114  4350  52570  4845  4  0  47  0  28  22752  57867  127  1039  511  1  0  0  4  1  1  2271  11  20  168510  1  0  152  2  0  0  0  0  0  2  386  511  0  0  85  78853  208  104  1210  6275  0  7  4162  342  125683  182  158  744  45  1  1  7  0  7  1  143  8539  16550  38236  0  12  3443  0  112  1  0  0  0  0  1  1  0  0  1  0  0  0  0  0  0  0  0  0  0  0  0  0  0  0  0  4  0  0  0  0  0  3  0  0  0  2  0  0  0  0  1  0  0  0  0  4  0  0  0  0  0  0  0  0  0  1  0  0  0  0  0  0  0  0  0  27  0  0  0  0  0  0  1  0  
28138  0  0  0  29100  147461  0  0  1  4  0  2  0  18  5  51378  1  868  0  0  0  0  44  57449  0  32  0  0  1  1  121870  79404  0  0  0  0  0  0  36  9  98  0  0  47  0  0  814  24  177  0  0  20  3  0  6  0  1  0  0  0  1  2  33219  10104  4  22  1  1  1  0  0  0  213  0  0  0  0  0  0  840  0  0  4  0  0  0  0  0  0  387  0  1  0  0  0  0  0  13  0  2  0  0  0  0  1618  243  0  0  0  0  0  0  0  0  9  0  0  0  0  0  0  1  0  0  0  0  0  0  0  1  0  0  0  0  0  0  7  0  0  20  1  0  0  664  0  0  1  0  
0  0  4  14  0  33  28  43  128846  12  0  0  0  0  0  7  11  401  816  366  0  0  1  0  16  862  19820  25  297  148606  0  55  0  0  0  0  0  0  0  3  1189  0  0  284  2016  44032  5  660  493  0  3  11  3  129  598  76578  514  79  6  1  9  0  1  0  31791  2707  35225  54  365  1  0  0  108  0  0  0  0  0  0  0  0  1  1647  13  17  0  0  0  0  0  0  0  0  1  0  1  0  0  0  1  0  0  0  8284  0  0  0  0  0  1  0  0  0  0  5  0  0  0  0  17  0  0  1  0  0  0  0  0  0  0  0  0  0  0  0  0  0  0  1  17  0  0  0  0  58296  0  0  0  
0  0  0  0  0  0  0  0  0  0  0  0  0  0  0  0  2  4  0  0  0  0  329  0  2  0  0  0  0  1  0  0  0  137  18084  0  400379  329463  0  0  1  0  30431  29  0  0  0  1119  1  36784  0  0  0  0  5  0  0  0  10848  61176  2570  0  0  0  0  0  0  1  0  0  0  0  47927  0  0  0  0  0  0  0  0  0  0  0  0  0  0  0  0  0  0  0  0  0  0  0  0  0  0  0  0  0  0  0  0  0  0  0  0  0  0  0  0  0  0  0  0  0  0  0  0  0  0  0  0  0  0  0  0  0  0  0  0  0  0  0  0  0  0  0  0  0  0  0  0  0  0  0  
6  33  0  580  13  193  145  90  577  456  6  0  0  1  78  21  537  13319  132431  487  64  315  21017  17  333499  16842  0  0  21  48  2  4893  12043  191653  61144  8618  1795  608480  2  18  18739  11  64538  38291  7369  0  59  253560  2531  24138  5050  25  9  1275  180034  23860  41914  1177  62779  11973  48713  0  101  30  16949  664  63  30646  92  50  30  38513  0  6814  0  0  0  1  0  0  2  0  19  4  0  0  0  0  0  0  0  2  1  0  3  1  2  0  0  43  3  0  1  0  14  24  0  0  0  16  0  0  0  0  122  0  2  0  2  2  0  23  5  0  3  2  1  1  0  19  1  0  0  0  2  0  1  0  0  103  12  2  0  0  2  0  7  0  
0  0  0  84  1  1  0  0  2  310  0  0  0  0  1  0  8  751  3  0  0  0  8  0  0  187  0  0  0  3  0  20  115758  26670  26  59132  0  1  0  0  27829  0  0  146  22  0  1  46176  497  0  2  1  0  1  276  0  7  1  0  0  0  0  0  0  15  100  1  9  0  0  0  0  13429  0  0  0  0  0  0  0  0  0  2  1  0  0  0  0  0  0  0  0  0  0  0  0  0  0  0  5  0  0  0  0  0  2  0  0  0  1  0  0  0  0  23  0  0  0  0  0  0  2  0  0  0  0  0  0  0  1  0  0  0  0  0  0  0  0  0  23  0  0  0  0  0  0  1  0  
0  0  0  0  0  15  1  0  0  0  0  0  0  0  0  1  0  0  0  0  0  0  0  0  0  0  0  0  0  0  79  0  0  0  0  0  0  0  0  0  0  0  0  0  0  0  0  0  1  0  0  0  0  0  0  0  0  0  0  0  0  0  0  0  0  13  0  0  0  26  0  0  0  0  0  0  0  9  67996  18521  46  5  61  0  0  32  1443  2007  16555  23456  0  39  0  0  0  0  7  147032  0  12  8  0  4  0  34444  3108  0  0  0  4  0  0  25587  0  71  0  0  0  88  4  2035  0  2573  0  0  10918  98254  35  1  251  0  0  0  0  0  98742  1586  5779  7  1941  11  14  9  29099  37  0  15  0  
0  0  0  0  0  0  0  0  0  0  0  0  0  0  0  0  0  0  0  0  0  0  0  0  0  0  0  0  0  0  0  0  0  0  0  0  0  0  0  0  0  0  0  0  0  0  0  0  0  0  0  0  0  0  0  0  0  0  0  0  0  0  0  0  0  0  0  0  0  0  0  0  0  0  0  0  0  0  0  0  0  0  1  1  0  0  0  0  0  0  0  0  219246  0  116362  0  4  0  1  2  0  0  0  0  0  0  0  0  0  0  661  2130  0  0  5  80157  0  11  0  0  0  0  4  0  115862  0  0  0  0  2  4420  0  64866  59902  2472  0  0  0  0  1  0  1  0  0  0  199  110  0  
0  0  516  0  0  0  0  323  13  0  0  0  0  0  0  282  0  0  0  0  0  0  0  0  0  0  0  0  0  0  0  0  0  0  0  0  0  0  0  0  0  0  0  0  0  132  0  0  0  0  0  0  0  0  0  0  0  0  0  0  0  0  0  0  0  0  0  0  0  0  0  0  0  0  0  0  0  0  0  1  137  6072  41  0  0  0  0  0  0  157740  0  0  0  0  0  0  0  0  0  2  34508  43499  91423  20237  0  0  0  0  0  1  0  0  0  0  3  0  0  0  136816  140599  0  0  0  0  0  0  0  8  0  3  0  0  0  0  0  0  0  0  0  2  42055  0  129  0  38  0  0  0  
0  0  0  0  0  0  0  0  0  0  0  0  0  0  0  0  0  0  0  0  0  0  0  0  0  0  0  0  0  0  0  0  0  0  0  0  0  0  0  0  0  0  0  0  0  0  0  0  0  0  0  0  0  0  0  0  0  0  0  0  0  0  0  0  0  2  0  0  1  0  0  0  0  0  7  0  0  0  21  71  203  37  1070  41  0  130997  1  37  42  16  205  541  41  0  0  0  11  4  1  172587  88  40506  43498  1  0  7  7082  200  65  1751  0  0  28  20  38809  0  0  14  36762  169  198  286  180302  0  2  213  32  98  214  4609  11  2  0  0  2  5  3  5  81  827  803  43951  437  0  1013  0  78  8  
0  0  0  0  1  7  0  0  0  0  0  0  0  0  0  3  0  0  0  0  0  0  0  0  0  0  0  0  0  0  0  0  0  0  0  0  0  0  0  0  0  0  0  0  0  0  0  0  0  0  0  0  0  0  0  0  0  0  0  0  0  0  0  0  0  65  0  0  0  0  0  0  1  0  48343  0  0  18  0  102117  499  90  802  4  0  190  0  988  32903  171851  1  50  17  0  0  0  13  44  0  131  197  1  9  0  16  2212  0  0  0  38  0  0  1188  1  289  0  0  12  110  95  2448  1  3705  0  0  4486  204692  979  2  4552  12  3  1  0  0  4591  97  637  45  2344  841  60  92  12744  360  0  44  0  
0  0  0  0  9  4183  105  18  1  0  0  0  0  0  0  965  0  2  0  0  0  0  1  2  0  0  0  0  0  0  30  434  0  0  0  0  0  0  0  1  0  0  0  0  0  0  1  0  8  0  0  4  1  2  0  0  0  0  0  0  0  0  0  2  0  6630  0  0  0  319  0  0  0  0  15105  0  0  5  196444  0  121002  4175  1157  5  0  971  3  1094  39754  273262  1  295  4  0  0  1  76  59716  0  107  59  0  10  0  2229  79769  0  0  0  22  0  0  455  0  301  0  0  6  310  928  1461  9  2049  0  7  6514  23625  35632  1  1723  3  2  6  1  10  250  29445  20230  16  216592  175  49  393  78217  234  0  320  0  
0  0  0  0  0  181  2010  72  0  0  0  0  0  0  0  1355  0  0  0  0  0  0  0  0  0  0  0  0  0  0  0  2  0  0  0  0  0  0  0  0  0  0  0  0  0  0  0  0  0  0  0  0  0  0  1  0  0  0  0  0  0  0  0  0  0  228  0  0  0  0  0  0  0  0  13  0  3  68  227  150795  0  130341  14092  3  0  102  0  69  4823  171943  3  139  7  0  1  0  48  4  0  419  56  2  245  2  1  111  0  0  0  23  0  0  3  0  355  0  2  2  534  3109  218  4  455  0  0  4178  1090  131033  2  6543  3  1  1  0  1  13  19  14  70  89247  205  584  3611  0  9924  0  218  0  
0  0  4  0  0  25  968  14167  3033  0  0  0  0  0  0  4806  0  3  0  0  0  0  0  0  0  0  0  0  0  10  0  1  0  0  0  0  0  0  0  0  2  0  0  0  0  34  0  2  1  0  0  1  0  0  0  0  0  0  0  0  0  0  0  0  0  1388  0  0  0  0  2  0  3  0  2  0  711  10  12  1680  112143  0  48939  5  0  0  0  5  18  176284  3  726  23  0  1  0  353  16  1  153  39  6  58197  16  0  8  0  0  0  18  0  0  0  0  1255  0  0  1  23965  76016  50  11  221  0  10  13  25  10379  0  1724  5  0  13  0  13  2  86  0  133  89714  120  23  147776  0  1772  0  753  0  
0  0  20  0  0  0  8  211  26060  53  0  0  0  0  0  32  0  0  0  0  0  1  0  0  0  0  0  0  0  8429  0  1  0  0  0  0  0  0  0  0  1  0  0  9  0  952  0  2  2  0  0  0  0  0  0  0  0  0  0  0  0  0  0  0  1  753  0  0  0  0  3779  0  2  1  0  0  92  233  11  38  21420  35078  0  25851  0  11  0  11  57  310  1  118  240  0  1  2  78  2  9  3319  436  4  53  8949  0  0  0  1  0  1039  17  9  1  0  5349  0  2  6079  263  49830  30  22  662  0  6  41  63  264  1  1113  176  15  12  26  155  1  10  0  2630  111140  1585  171  155  0  82031  0  258  0  
0  0  0  0  0  0  0  0  455  72  0  0  0  0  0  0  0  7  0  0  0  18  0  0  0  1  0  0  0  2213  0  0  0  0  0  0  0  0  0  0  7  0  0  8  1  0  0  5  2  0  0  0  0  0  1  0  0  0  0  0  1  0  0  0  4  82  0  0  0  0  88  0  3  0  2  0  0  267  10  9  47  10  39575  0  0  9  0  10  9  0  7  68  175  0  3  2023  8025  1  17  6426  118  2  21  17391  2  4  0  0  0  983  96  17  4  0  6426  1  7  39520  161  178  34  233  815  1  36  27  21  46  1  555  41  3  30  211  1726  1  5  1  598  34425  494  72  37  0  10229  3  213  1  
0  0  0  0  0  0  0  0  0  2  28181  0  0  0  0  0  0  0  0  5134  0  5932  0  0  0  0  3  0  0  11589  0  0  0  0  0  0  0  0  0  0  0  42  0  1627  0  0  0  0  0  0  0  0  0  0  0  0  0  0  0  0  14  0  0  0  1061  3  0  0  0  0  3  0  0  0  0  0  0  0  0  0  0  0  0  13  0  0  0  0  0  0  0  0  249  189170  0  34102  0  0  0  0  2  0  0  12528  0  0  0  0  0  0  0  0  0  0  0  54564  0  227650  0  0  0  0  0  0  3  0  0  0  0  1  78  55502  0  0  1  0  0  0  101436  1  0  0  0  0  1  0  0  0  
0  0  0  0  0  0  1  0  0  0  0  0  0  0  0  0  0  0  0  0  0  0  0  0  0  0  0  0  0  0  0  0  0  0  0  0  0  0  0  0  0  0  0  0  0  0  0  0  0  0  0  0  0  0  0  0  0  0  0  0  0  0  0  0  0  5  0  0  0  0  0  0  0  0  18  0  0  167226  212  625  131  3  74  3  0  0  222  58464  534  2  735  10168  2  0  0  0  5  555  0  839  7  9  1586  0  0  53  3887  329  1516  14  0  0  2823  53525  39  0  0  1  174  10  708  259  127794  0  0  38283  199  33  1  315  2  0  0  0  1  2  5  5  7  1089  14  102594  4  0  43  0  14  1  
0  0  0  0  0  0  0  0  0  0  0  0  0  0  0  0  0  0  0  0  0  0  0  0  0  0  0  0  0  0  0  0  0  0  0  0  0  0  0  0  0  0  0  0  0  0  0  0  0  0  0  0  0  0  0  0  0  0  0  0  0  0  0  0  0  0  0  0  0  0  0  0  0  0  1164  0  0  0  6  59  1  0  1  0  0  216  0  21976  1330  0  0  32  0  0  0  0  0  59905  0  0  0  0  0  0  6  34  0  4  12  0  0  0  58024  3  13  0  0  0  9  1  55506  0  35  0  0  15  4  0  0  9  0  0  0  0  0  48911  1523  23746  0  5  0  0  0  1  2  0  0  0  
0  0  0  0  0  0  0  0  0  0  0  0  0  0  0  0  0  0  0  0  0  0  0  0  0  0  0  0  0  0  0  0  0  0  0  0  0  0  0  0  0  0  0  0  0  0  0  0  0  0  0  0  0  0  0  0  0  0  0  0  0  0  0  0  0  11  0  0  0  0  0  0  0  0  3128  0  0  20  2635  2286  110  5  108  2  0  100550  21521  0  12396  15  0  154  0  0  1  0  4  1130  0  22  15  0  11  0  1  135  0  1  0  11  0  0  106521  34042  53  0  0  2  25  12  12135  0  66109  0  1  134455  1657  89  0  554  0  1  0  0  1  18920  19  21  4  1601  66  774  18  0  62  0  6  0  
0  0  0  0  0  1  1  2  0  0  0  0  0  0  0  0  0  0  0  0  0  0  0  0  0  0  0  0  0  0  0  0  0  0  0  0  0  0  0  0  0  0  0  0  0  0  0  0  0  0  0  0  0  0  0  0  0  0  0  0  0  0  0  0  0  29  0  0  0  0  0  0  0  0  19451  0  0  35  26743  33779  1581  35  343  3  0  524  6472  26429  0  32182  0  82  3  0  0  0  15  29595  0  93  38  0  62072  0  0  96  0  0  0  34  0  0  11  0  114  0  0  4  2416  16  109  0  480  0  0  500523  654763  213680  7  2446  7  2  2  0  1  53488  7  11  52  1549  335  74108  79418  0  212  0  58  0  
0  0  120  0  10  1519  112  7682  29  0  0  0  0  0  0  9030  0  0  0  0  0  0  0  0  0  0  0  0  0  0  508  198  0  0  0  0  0  0  0  0  0  0  0  0  0  100  0  0  0  0  0  0  0  0  0  0  0  0  0  0  0  0  0  0  0  20  0  0  0  702  0  0  0  0  27632  0  112987  17  223871  315956  236376  183903  312  1  0  7  0  11  45452  0  0  28  5  0  0  0  6  5113  0  102  16  96  111900  103  21649  159  0  0  0  9  0  0  2  0  63  0  0  0  28959  20800  12  0  154  0  0  108  28580  316494  2  863  0  0  0  0  0  5  656  724  36  664  99  70  82724  113153  329  0  13  0  
0  0  0  0  0  0  0  0  0  8  0  0  0  0  0  0  0  2  0  0  0  0  0  0  0  1  0  0  0  0  0  1  0  0  0  0  0  0  0  0  3  0  0  2  0  0  0  5  0  0  0  0  0  0  1  0  0  0  0  0  0  0  0  0  0  8  0  0  0  0  0  0  2  0  1  0  1  284  2  3  9  7  237  58  0  1172  0  0  4  0  0  142287  10  0  1  0  55444  3208  2  926  13  0  62  1  9  24  8866  9  48333  97  1  1  0  0  23480  0  12377  8  2788  34  1982  92789  22619  5  8  1  3  8  0  1012  3  1  4  2  23  0  84  21  29  391  106  4  52  0  271  5  230  4  
0  0  0  0  0  1  0  0  1  11  0  0  0  0  0  0  0  9  0  0  0  0  0  0  0  0  0  0  0  1  0  0  0  0  0  0  0  0  0  0  4  0  0  0  0  0  0  6  2  0  0  0  0  0  3  1  0  0  0  0  0  0  0  0  1  11  0  0  0  0  0  0  4  0  72  0  0  781  187  521  525  24  829  78  0  7457  6  251  435  4  104581  0  22  0  1  0  58731  60545  2  587  71  2  56  0  72  326  1402  21  10802  83  1  1  8  149  5203  0  5189  14  2513  120  71713  3547  80186  2  4  309  222  94  0  4245  10  4  5  2  32  7  2256  711  73  988  231  14  164  0  563  1  313  3  
0  0  0  0  0  0  0  0  0  1  0  0  0  0  0  0  0  1  0  0  0  0  0  0  0  0  0  0  0  1  0  0  0  0  0  0  0  0  0  0  0  0  0  1  0  0  0  1  0  0  0  0  0  0  0  0  0  0  0  0  0  0  0  0  0  16  0  0  0  0  0  0  0  0  6  218315  0  630  35  45  295  50  180  5  384  53  0  29  104  14  7  90  0  28880  1002  9997  13  5  55545  1107  76  11  73  6  0  8  0  0  0  14  27  10135  10  0  392  110518  6  48869  1318  35  146  27  2984  0  63275  227  431  518  1  46944  527486  295120  60157  128  35793  8  9  0  3467  214  52  3732  92  0  208  6532  133681  0  
0  0  0  0  0  0  0  0  0  0  128  0  0  0  0  0  0  0  0  16  0  0  0  0  0  0  15  0  0  292  0  0  0  0  0  0  0  0  0  0  0  0  0  0  0  0  0  0  0  0  0  0  0  0  0  0  0  0  0  0  0  0  0  0  55  0  0  0  0  0  2  0  0  0  0  0  0  0  0  0  0  0  0  0  178805  0  0  0  0  0  0  0  34352  0  0  13  0  0  1933  0  54222  0  0  13371  0  0  0  0  0  0  0  0  0  0  2  72004  0  83567  0  0  0  0  0  0  17  1  0  0  0  63202  8532  158390  0  0  52  0  0  0  65484  0  0  0  0  0  58  0  0  0  
0  1  0  0  0  0  0  0  0  17  0  0  0  0  0  0  0  20  1  0  0  25  5  0  0  6  0  0  0  0  0  5  0  0  0  0  0  0  0  0  70  0  0  9  0  0  0  30  10  0  4  0  0  1  7  0  3  0  0  0  1  0  1  0  0  11  0  0  0  1  0  0  41  1  0  116452  0  32  0  2  2  1  73  13  0  0  0  0  0  0  2  20  1043  0  0  2471  66430  9  11  151  7  0  2  0  117  366  0  0  11  31  38809  488  0  0  323  5644  660  11  4  8  1  95  61  145452  78089  2  1  3  0  69  41  1  42994  277381  307549  0  19  0  1  70  16  11  2  0  9  184  9739  2  
0  5  0  0  0  0  0  0  4  181  1187  0  0  0  0  0  0  1  0  0  1  7256  0  0  0  3  0  0  0  483  0  0  0  0  0  0  0  0  0  0  21  23  0  153  0  0  0  2  2  0  4  1  0  0  3  0  0  0  0  0  17  0  0  0  3  152  1  0  0  0  0  0  9  0  0  8  0  3  0  1  0  0  37  1673  18235  0  0  0  0  0  1  3  11354  73  3427  0  28918  5  0  114  4  0  0  4663  39  140  0  0  0  23  1  1  0  0  173  147621  8  328675  3  7  2  20  16  0  23000  0  1  4  1  28  17205  105  129  0  257007  0  10  0  356  69  8  10  3  0  10  0  125  0  
0  0  0  0  0  1  0  0  0  20  0  0  0  0  0  0  0  20  0  0  0  2  3  0  0  2  0  0  0  1  0  3  0  0  0  0  0  0  0  0  24  0  0  4  0  0  1  27  7  0  0  0  0  0  5  0  0  0  0  0  0  0  0  0  4  18  0  0  0  1  0  0  20  0  3  0  1  159  3  7  31  4  1249  6306  0  14  0  4  8  1  31500  64619  74  0  61836  17327  0  13366  47  3694  88  1  15  0  112  613  0  5  84951  702  2250  72  0  0  5085  1  185236  31731  93  242  231  5678  456  92006  157  14  26  44  0  1138  89  1  107  2232  214459  0  920  24  140  736  304  25  32  0  705  10  11427  13  
0  0  0  0  0  0  0  0  0  3  0  0  0  0  0  0  0  4  0  0  0  0  6  8  0  0  0  0  0  0  542  2  0  0  0  0  0  0  0  0  2  0  0  1  0  0  0  6  0  0  0  1  0  1  1  0  0  0  0  0  0  0  1  0  1  6  0  0  0  20  0  0  2  0  140538  0  0  3  303  27926  42  2  75  2  0  577  109051  1879  34866  4164  2514  74080  0  0  4  3  26796  0  0  43  8  0  5  0  88007  8922  7  730  1192  8  0  0  54599  1  1215  0  2060  3  228  11  169536  240  309  0  1  124  32  12  0  323  0  1  0  0  0  95455  231779  420584  5  247  27  2  9  26904  42  0  136  0  
0  0  0  0  0  0  0  0  0  0  0  0  0  0  0  0  0  1  0  0  0  0  0  0  0  0  0  0  0  5  0  0  0  0  0  0  0  0  0  0  0  0  0  0  0  0  0  1  0  0  0  0  0  0  0  0  0  0  0  0  0  0  0  0  0  0  0  0  0  0  0  0  0  0  0  1  0  65  10  9  10  1  97  0  1  6  0  3  4  1  0  3  51787  226  283  0  13  0  0  177838  28337  2  2  5  0  2  0  19398  0  57624  143  428  2  0  2639  0  6  1230  84  4  5  38  193  0  1435  6  32  28  57710  258636  47  4018  876  424  2615  0  0  0  47  20  248  93  6  0  43  23  351009  0  
0  0  0  0  0  0  0  0  0  1  0  0  0  0  0  0  0  1  0  0  0  0  0  0  0  0  0  0  0  1  0  1  0  0  0  0  0  0  0  0  1  0  0  1  0  0  0  0  1  0  0  0  0  2  0  0  0  0  0  0  0  0  0  0  1  60  0  0  0  0  0  0  1  0  74  0  6  110531  86  249  747  143  3134  408  0  417  0  429  268  47  490  675  192  0  5  0  115  30  112937  0  8274  72171  332  1  2  32  28927  8100  2  221025  36  412  85  0  174323  0  5  113  55682  610  1541  193  13808  0  19  731  348  1526  68485  74019  90  14  30  83  152  8  29  20  125  8471  189408  2712  776  0  1965  5  13850  592  
0  0  0  0  0  0  0  0  0  0  0  0  0  0  0  0  0  0  0  0  0  0  0  0  0  0  8  0  0  278  0  0  0  0  0  0  0  0  0  0  0  0  0  0  0  0  0  0  0  0  0  0  0  0  0  0  0  0  0  0  0  0  0  0  0  0  0  0  0  0  0  0  0  0  3  0  47677  6  62  43  114  22  260  2  12  1  0  2  7  7  1  15  28  57550  0  0  0  0  11936  24546  0  824  149  260380  0  1  0  0  0  163  1  0  0  0  1312  0  0  12  214  30860  19  12  26  0  0  29  45  82  3404  334915  0  240  0  1  1  1  2  0  22955  592  232809  12  271  0  41705  0  27  0  
0  0  0  0  0  0  0  0  0  0  0  0  0  0  0  0  0  0  0  0  0  0  0  0  0  0  0  0  0  0  0  0  0  0  0  0  0  0  0  0  0  0  0  0  0  0  0  0  0  0  0  0  0  0  0  0  0  0  0  0  0  0  0  0  0  2  0  0  0  0  0  0  0  0  0  0  46187  46505  2  1  20  4  20  2  0  5  0  2  11  1284  0  5  0  0  0  0  1  1  0  91690  723  0  20037  0  0  1  0  0  0  3  0  0  1  0  20  0  0  0  380697  2730  39  0  732  0  0  13  36  26  1  71  0  0  0  0  1  0  1  0  0  70  205752  195  16  0  9  0  13  0  
0  0  0  0  0  0  0  1  0  0  0  0  0  0  0  2  0  0  0  0  0  0  0  0  0  0  0  0  0  0  0  0  0  0  0  0  0  0  0  0  0  0  0  0  0  0  0  0  0  0  0  0  0  0  0  0  0  0  0  0  0  0  0  0  0  13  0  0  0  0  0  0  1  0  1  0  61741  54918  14  29  321  29322  510  1  0  4021  0  4  56460  96872  5  52  6  0  0  0  11  1  0  90  44  29382  0  0  0  4  0  0  0  16  0  0  2  0  366  0  1  2  427912  3415  91  0  1429  0  2  2114  9  1065  3  1586  1  2  2  1  2  0  8  3  75  206  614  158388  230341  0  208  0  147  0  
0  0  172  0  0  0  0  8  3024  17  71  0  0  0  0  8  0  1  0  65  0  19  0  0  0  0  480  0  0  72946  0  0  0  0  0  0  0  0  0  0  1  0  0  6  0  368  0  0  0  0  0  0  0  0  0  1  0  0  0  0  0  0  0  0  59  28  0  0  0  0  5122  0  0  0  0  0  21578  0  0  0  0  332  12274  18593  16405  0  0  0  0  192  0  0  2  17707  0  7282  0  0  5  2  235312  0  0  0  0  0  0  0  0  2  0  0  0  0  9  0  0  11388  1  128251  0  0  4  0  0  1  2  1  0  46104  0  83  0  0  1  0  0  0  207132  19  347  0  3  0  167566  0  0  0  
0  0  0  0  0  602  0  0  0  3  0  0  0  0  0  4  0  5  2  0  0  0  0  50  0  0  0  0  0  1  8479  178  0  0  0  0  0  0  0  0  3  0  0  3  0  0  1  11  2  0  0  0  0  0  0  0  0  0  0  0  0  0  15  0  0  21  0  0  0  2136  0  0  5  0  21282  0  0  4  90  7077  2  2  58  2  0  2  0  3  4  15760  26  1104  1  0  4  1  2006  82281  0  47  0  0  8  0  0  61593  0  0  1  10  0  0  23  0  400  0  1  2  410  9  186  47  65  0  3  33  9  1  0  239  1  0  0  1  1  45  138921  375  4  96  20  2  11  83602  42  0  101  0  
6  0  0  0  1  236  0  2  1  8  0  0  0  1  1  20  2  59  2  0  0  0  29  6  0  1  0  0  0  1  92  21240  0  0  0  0  0  0  1  0  12  0  0  7  0  0  12  11  82  0  0  4  0  2  2  1  0  0  0  0  2  0  1  14  0  322  0  1  2  87  0  0  35  0  1603  0  0  22  340  50345  45  8  197  12  0  8  2  12  38  101  8  952  9  0  7  13  724  3169  3  192  11  0  10  0  53387  0  0  0  1  37  1  0  97  0  742  0  13  7  860  24  575  218  147  0  20  135  32  11  0  688  1  2  12  2  29  156  75292  1927  14  28706  54  2  27  14155  98  0  1349  0  
0  0  0  0  0  0  0  0  0  0  0  0  0  0  0  0  0  0  0  0  0  0  0  0  0  0  0  0  0  0  0  0  0  0  0  0  0  0  0  0  0  0  0  0  0  0  0  0  0  0  0  0  0  0  0  0  0  0  0  0  0  0  0  0  0  0  0  0  0  0  0  0  0  0  0  0  0  5050  0  0  0  0  0  0  0  2959  0  0  0  0  9117  576  0  0  0  0  0  0  1  19354  0  0  0  0  0  0  0  42643  52118  79408  0  0  0  0  74371  0  0  0  0  0  0  83068  1122  0  0  0  0  0  0  0  0  0  0  0  0  0  0  0  0  0  0  0  0  0  0  0  2  72692  
0  0  0  0  0  0  0  0  0  0  0  0  0  0  0  0  0  0  0  0  0  0  0  0  0  0  0  0  0  0  0  0  0  0  0  0  0  0  0  0  0  0  0  0  0  0  0  0  0  0  0  0  0  0  0  0  0  0  0  0  0  0  0  0  0  0  0  0  0  0  0  0  0  0  0  0  0  477  0  1  2  0  3  0  0  877  89  1  0  0  7  8  0  0  0  0  26  1161  18261  9245  1  0  1  0  0  0  36877  0  297938  127319  3  33897  0  0  11181  0  72442  2  1  0  4  21707  3  20  0  0  0  0  0  0  0  0  1  6  66  0  0  96  0  0  1  1  0  0  1  32  316171  61488  
0  0  0  0  0  0  0  0  0  6  0  0  0  0  0  0  0  4  0  0  0  0  0  0  0  0  0  0  0  0  0  0  0  0  0  0  0  0  0  0  3  0  0  1  0  0  0  3  2  0  0  0  0  0  4  0  0  0  0  0  0  0  0  0  1  4  0  0  0  0  0  0  0  0  0  0  0  70  0  1  1  0  58  22  0  1290  41  0  0  0  35145  12035  2  0  10  0  68842  1838  5  127  4  0  0  0  1  31  54775  217959  0  29  68  17580  0  0  298  0  110513  7  5  9  454  154941  103  5532  8  1  0  0  0  111  2  0  5  265  169  0  3  116  0  68  10  2  0  0  13  4338  36328  28465  
0  0  0  0  0  0  0  0  0  0  0  0  0  0  0  0  0  0  0  0  0  0  0  0  0  0  0  0  0  0  0  0  0  0  0  0  0  0  0  0  0  0  0  0  0  0  0  0  0  0  0  0  0  0  0  0  0  0  0  0  0  0  0  0  0  0  0  0  0  0  0  0  0  0  1  0  0  1443  13  108  179  0  239  12  0  22  0  5  131  18  13  23  109  0  79  7  115  0  25324  171564  11  3  19  0  0  4  50719  143844  1  0  258  76  1  0  146473  0  221  764  330  28  18  1004  627  28  19  136  175  975  32414  5986  113  18  181  801  1363  3  1  0  14  260  2217  250  169  0  97  91  63019  59351  
0  0  0  0  0  0  0  0  0  0  0  0  0  0  0  0  0  0  0  0  0  0  0  0  0  0  0  0  0  0  0  0  0  0  0  0  0  0  0  0  0  0  0  0  0  0  0  0  0  0  0  0  0  0  0  0  0  0  0  0  0  0  0  0  0  0  0  0  0  0  0  0  0  0  0  3207  0  1  0  0  1  0  32  5  0  0  0  0  0  0  0  0  0  0  23799  1  2720  0  3  18  0  0  0  0  0  0  0  2  17  8  0  148248  0  0  111  0  93038  1  2  1  0  41  6  104572  0  0  0  0  0  4  1  0  21258  213302  1939  0  0  0  0  11  1  3  0  0  10  292354  2520  3  
0  0  0  0  0  0  0  0  0  0  0  0  0  0  0  0  0  0  0  0  0  0  0  0  0  0  0  0  0  0  0  0  0  0  0  0  0  0  0  0  0  0  0  0  0  0  0  0  0  0  0  0  0  0  0  0  0  0  0  0  0  0  0  0  0  0  0  0  0  0  0  0  0  0  0  8720  0  5  0  0  0  0  32  2  0  1  1  0  0  0  1  1  1278  0  396  0  850  1  169  262  0  0  0  0  0  0  0  26703  12593  8  142681  0  0  0  167  0  103594  3  2  1  0  16824  15  47543  38  1  0  3  0  23  18  0  105014  14446  1905  0  0  0  1  11  4  1  0  0  10  318047  505479  313  
0  0  0  0  0  0  0  0  0  0  0  0  0  0  0  0  0  0  0  0  0  0  0  0  0  0  0  0  0  0  0  0  0  0  0  0  0  0  0  0  0  0  0  0  0  0  0  0  0  0  0  0  0  0  0  0  0  0  0  0  0  0  0  0  0  2  0  0  0  0  0  0  0  0  34536  0  0  885  2108  6549  48  1  106  11  0  2670  48272  100980  16  3  2  104  0  0  0  0  3  9317  0  23  17  0  14  0  87  1044  0  0  0  5  0  0  0  348  186  0  0  0  239  13  28213  0  67213  0  0  8115  1949  24  1  363  1  1  0  0  0  13101  5226  19691  9  387  21  2235  11  18  48  0  8  0  
0  0  0  0  0  0  0  0  0  0  0  0  0  0  0  0  0  0  0  0  0  0  0  0  0  0  0  0  0  0  0  0  0  0  0  0  0  0  0  0  0  0  0  0  0  0  0  0  0  0  0  0  0  0  0  0  0  0  0  0  0  0  0  0  0  0  0  0  0  0  0  0  0  0  0  0  0  2357  1  0  0  0  0  0  0  80719  6  42771  0  0  0  83  0  0  0  0  0  1  0  1  0  0  1  0  0  0  0  0  0  0  0  0  1269  0  0  0  0  0  0  0  543  0  27751  0  0  809  0  0  0  0  0  0  0  0  0  0  0  0  0  0  0  9379  0  0  0  0  0  0  
0  0  0  0  1  1  0  0  18  215  0  0  0  0  0  0  2  130  2  0  0  0  0  0  0  4  0  0  0  38  0  22  1  0  0  0  0  0  0  0  70  0  0  73  5  0  2  129  56  0  2  4  0  0  31  1  1  0  0  0  0  0  0  0  20  263  2  2  1  0  1  0  103  1  63  2  5  48074  339  289  817  202  25364  3767  0  134  0  95  211  51  22492  12122  3442  0  50  24  15662  341  2476  175295  1206  34  884  18  78  437  60996  12764  96  122923  323  211  32  0  0  0  5086  1677  26638  1879  1029  94915  36705  100  89  408  650  1069  14598  30995  1564  230  259  990  4400  15  1821  64  525  53040  5485  2725  1646  0  6992  78  29781  35465  
0  1  0  0  0  0  0  0  0  2  53  0  0  0  0  0  0  1  1  6  1  76  1  0  0  0  0  0  0  0  0  0  0  0  0  0  0  0  0  0  4  4  0  10  0  0  0  1  1  0  3  0  0  0  1  0  0  0  0  0  1  0  0  0  0  2  0  0  0  0  0  0  4  0  0  57297  0  0  0  0  0  0  0  1  56605  0  0  0  0  0  0  0  112579  75375  3719  162819  0  0  0  1  0  0  0  0  1  0  0  0  0  0  0  0  0  0  1  0  0  152534  0  0  0  0  1  0  133378  0  0  0  0  0  22823  1260  11  0  20443  0  0  0  0  1  0  0  0  0  0  0  0  0  
0  0  0  0  0  0  0  0  0  2  0  0  0  0  0  0  0  1  0  0  0  0  2  0  0  0  0  0  0  0  0  0  0  0  0  0  0  0  0  0  0  0  0  1  0  0  0  4  1  0  0  0  0  0  1  0  1  0  0  0  0  0  0  0  0  5  0  0  0  0  0  0  3  0  1  0  0  6  0  0  0  0  29  10  0  0  1  0  0  0  770  1448  2  0  27  1  161064  1577  5  71  1  0  0  0  2  12  0  50226  95449  24  61752  118408  0  0  308  0  0  4  7  4  2  11319  7  97778  3  0  0  0  0  31  4  1  6  516  504  0  0  7  0  45  4  0  0  0  7  15281  14187  226  
0  0  0  0  0  1  0  0  0  11  634  0  0  0  0  0  0  5  1  5  0  1847  0  0  0  1  0  0  0  5  0  0  0  0  0  0  0  0  0  0  8  2  0  289  0  0  0  4  3  0  0  0  1  0  0  0  1  0  0  0  2  0  0  0  0  5  0  0  0  0  0  0  8  0  2  19  0  1003  38  43  101  13  15186  47901  243412  40  0  14  65  4  3  105  29860  32684  25  311618  19338  3  98  5123  98  2  51  16435  0  9  0  0  0  241  5  0  5  0  3143  98170  0  0  466  181  96  27  2483  0  2834  118  243  338  1  4231  88120  112047  6732  13  55184  5  10  4  120208  592  309  654  72  0  20191  16  4759  0  
0  0  0  0  0  0  0  0  0  1  0  0  0  0  0  0  0  1  0  0  0  0  1  0  0  0  0  0  0  0  0  0  0  0  0  0  0  0  0  0  4  0  0  1  0  0  0  2  0  0  0  0  0  0  1  0  0  0  0  0  0  0  0  0  0  103  0  0  0  0  0  0  3  0  55  0  91928  33589  281  353  2911  15737  4283  78  0  362  0  225  1455  37378  154  1313  51  0  1  1  291  51  0  121219  454  354199  398791  1  4  78  0  0  1  637  0  0  64  0  7041  0  2  19  0  45640  2174  35  25563  0  17  1502  2653  5328  57  9120  41  14  13  0  17  30  198  42  272  5975  207293  45932  117908  0  2227  0  1349  0  
0  0  452  0  0  0  0  1018  309  1  0  0  0  0  0  172  0  1  0  0  0  0  0  0  0  0  0  0  0  4  0  0  0  0  0  0  0  0  0  0  1  0  0  0  0  1463  0  0  0  0  0  0  0  0  0  0  0  0  0  0  0  0  0  0  0  16  0  0  0  0  20  0  2  0  0  0  95394  34  53  186  11637  75603  47311  73  0  2  0  4  27  14880  10  1062  50  1  0  0  453  22  2  5418  24846  1905  1461  146926  3  11  0  0  1  2408  0  0  3  0  11243  0  4  9  76259  0  71  36  337  0  7  38  87  411  2  45901  34  5  4  2  21  0  112  4  612  16870  41040  55  1679  0  63428  1  542  0  
0  0  0  0  0  0  0  0  0  0  0  0  0  0  0  0  0  0  0  0  0  0  0  0  0  0  0  0  0  0  0  0  0  0  0  0  0  0  0  0  0  0  0  0  0  0  0  0  0  0  0  0  0  0  0  0  0  0  0  0  0  0  0  0  0  14  0  0  0  0  0  0  0  0  7627  0  0  8  7319  4247  596  14  793  12  0  1903  35888  5728  508  12  112  47168  12  0  1  0  138  122608  0  113  63  4  41  0  193  2718  3  1  54  41  0  0  24556  190  2518  0  1  2  3766  117  0  48  22222  0  0  4315  828  173  2  3941  10  5  2  0  2  859  15603  78436  61  1030  229  20  126  7  506  0  55  0  
0  0  0  0  1  3  0  0  4  262  0  0  0  0  0  1  1  206  0  0  0  0  1  0  0  7  0  0  0  17  0  64  0  0  0  0  0  0  0  4  50  0  1  49  3  0  0  252  84  0  0  2  0  1  35  5  0  0  1  0  1  0  0  1  30  227  4  1  0  0  0  0  156  1  2  0  1  665  2  8  9  7  604  575  0  580  3  1  2  0  91978  27158  101  0  35  8  15743  311  44  1795  39  0  20  0  102  679  87235  23188  172265  891  124  35503  0  0  89224  0  54162  76  102  92  120  0  688  9832  24  4  8  13  0  666  37  3  23  654  547  2  55  26  14  3476  144  15  19  0  139  8536  104408  104294  
0  0  0  0  0  2  0  1  0  2  0  0  0  0  0  0  0  1  0  0  0  0  0  0  0  0  0  0  0  0  0  0  0  0  0  0  0  0  0  0  0  0  0  2  0  0  0  0  3  0  0  0  0  0  0  0  0  0  0  0  0  0  0  0  0  49  0  0  0  0  0  0  1  0  6418  0  3  193090  20752  15468  7947  248  17147  772  0  139729  29  71281  3709  77  23297  86819  177  0  0  2  663  466  8  28118  952  600  3786  3  32  1051  2325  3  70  958  5  1  45396  16218  32595  0  1  98  35194  1641  24355  284  0  0  5  27628  4361  1094  50  60530  150  52  7  6  20  502  693  188  1180  10889  2373  23710  2178  31  8578  0  425  0  
0  0  0  0  0  0  0  0  0  0  0  0  0  0  0  0  0  0  0  0  0  0  0  0  0  0  0  0  0  0  0  0  0  0  0  0  0  0  0  0  0  0  0  0  0  0  0  0  0  0  0  0  0  0  0  0  0  0  0  0  0  0  0  0  0  0  0  0  0  0  0  0  0  0  0  0  0  4  0  0  0  0  17  1  0  0  0  0  1  0  3  2  1  0  134749  0  87151  0  10  30  1  0  0  0  0  0  0  19  2554  22  127183  40573  0  0  219  0  203980  2  0  2  0  1854  12  0  0  1  0  0  0  11  0  0  74  112271  35184  0  0  0  0  4  1  1  0  0  1  21539  61839  91  
0  4  0  0  0  0  0  0  0  8  0  0  0  0  0  0  0  7  1  0  0  64  0  0  0  1  0  0  0  0  0  1  0  0  0  0  0  0  0  0  11  0  0  3  1  0  0  6  5  0  8  0  0  0  2  0  1  0  0  0  3  0  0  0  1  3  0  1  0  0  0  0  10  0  0  94897  0  36  0  0  0  0  4  5  1  2  0  0  0  0  1  3  30757  8  68422  16443  5  1  0  42  0  0  3  0  3  6  0  0  0  0  1  0  0  0  19  127616  0  229  6  2  0  4  86  0  0  2  1  1  0  25  19294  2  21492  3689  139005  0  2  0  1  3  1  6  1  0  2  0  76  0  
0  0  0  0  0  8  4  1  0  1  0  0  0  0  0  0  0  1  0  0  0  0  0  0  0  0  0  0  0  0  0  0  0  0  0  0  0  0  0  0  1  0  0  0  0  0  0  0  1  0  0  0  0  0  0  0  0  0  0  0  0  0  0  0  0  134  0  0  0  0  0  0  0  0  7750  0  0  2881  26775  25062  14602  82  890  10  0  76216  14  232252  371092  918  1  413  8  0  1  0  49  305  0  177  134  1  2995  0  6  1162  0  0  0  63  0  0  5383  764  336  0  0  14  568  94  1647  3  15350  0  3  0  137669  174898  4  4615  6  7  2  0  5  61308  88  73  84  12608  782  201301  200  0  532  0  221  0  
0  0  0  0  0  5  6  2  0  0  0  0  0  0  0  0  0  0  0  0  0  0  0  0  0  0  0  0  0  0  0  0  0  0  0  0  0  0  0  0  0  0  0  0  0  0  0  0  0  0  0  0  0  0  0  0  0  0  0  0  0  0  0  0  1  160  0  0  0  0  0  0  0  0  61305  0  0  44  178879  31205  1466  333  1556  5  0  585  0  5510  727208  25227  1  72  14  0  1  0  22  63  0  241  158  2  29  0  4  1362  0  0  0  99  0  0  4589  0  425  0  0  25  421  113  240  1  972  0  2  207578  0  68867  6  6431  11  9  1  0  2  110790  44  29  86  6032  746  542  163  5  674  0  70  0  
0  0  0  0  0  0  0  0  0  0  0  0  0  0  0  0  0  0  0  0  0  0  0  0  0  0  0  0  0  0  0  0  0  0  0  0  0  0  0  0  0  0  0  0  0  0  0  1  0  0  0  0  0  0  0  0  0  0  0  0  0  0  0  0  0  161  0  0  0  0  0  0  0  0  53  0  1  89  474  31725  140490  25264  3840  18  0  73  0  124  238947  379266  3  356  31  0  0  0  136  12  3  1194  142  2  5019  1  0  66  0  0  0  355  0  0  48  0  1683  0  3  31  8177  774  272  16  994  0  3  168040  28987  0  50  23246  28  22  6  0  11  79  28  5  573  5704  1539  28498  98623  0  2943  0  530  0  
0  0  0  0  0  0  0  0  0  0  0  0  0  0  0  0  0  0  0  0  0  0  0  0  0  0  0  0  0  0  0  0  0  0  0  0  0  0  0  0  0  0  0  0  0  0  0  0  0  0  0  0  0  0  0  0  0  0  0  0  0  0  0  0  0  0  0  0  0  0  0  0  0  0  2  0  0  290  11  86  139  3  14  0  0  13  0  7  129  16  0  4  41  0  0  0  2  0  66087  83742  1897  16  16  0  0  2  0  0  0  69395  0  0  3  0  20889  0  0  13  238  7  19  0  210  0  0  131  172  778  0  70826  28  10  0  0  0  0  1  0  8  67  6476  138  119  0  24  0  15825  0  
0  0  0  0  0  1  0  0  0  3  0  0  0  0  0  0  0  3  0  0  0  0  0  0  0  0  0  0  0  10  0  0  0  0  0  0  0  0  0  0  2  0  0  1  0  0  0  2  1  0  0  0  0  0  0  0  0  0  0  0  0  0  0  0  0  71  0  0  1  0  0  0  2  0  44  0  448  1892  2375  2154  4805  294  9191  71  8  148  0  136  1876  373  17  421  48028  43392  144  7  157  9  211298  79395  312549  103  398  36477  5  70  0  0  0  8600  67  32  50  0  23997  0  32  6178  3962  23342  648  266  6452  1  1434  2831  5838  10502  72096  0  5105  98534  810  147  2032  68  26  11  37893  6361  102661  8677  2589  0  106511  1  47289  0  
0  0  0  0  0  1  0  0  0  0  0  0  0  0  0  0  0  0  0  0  0  0  0  0  0  0  0  0  0  0  0  0  0  0  0  0  0  0  0  0  0  0  0  1  0  0  0  0  0  0  0  0  0  0  0  0  0  0  0  0  0  0  0  0  1  15  0  0  0  0  0  0  0  0  10  853  0  927  76  110  261  53  206  5  839  74  0  33  362  16  3  76  532197  13483  84  5425  14  2  77  1362  19  7  71  0  0  11  0  0  0  36  1  1  8  0  467  22886  0  152481  1300  59  161  5  3186  0  20304  569  1432  1277  2  2951  0  51776  19528  9  74373  17  6  2  3078  289  73  4323  80  0  255  1  36144  0  
0  0  0  0  0  0  0  0  0  0  0  0  0  0  0  0  0  0  0  0  0  0  0  0  0  0  0  0  0  1  0  0  0  0  0  0  0  0  0  0  0  0  0  0  0  0  0  0  0  0  0  0  0  0  0  0  0  0  0  0  0  0  0  0  0  2  0  0  0  0  0  0  0  0  4  0  0  102  62  80  143  7  67  2  54581  11  0  13  200  15  1  15  379832  144986  8  22  1  0  3520  376  101  1  27  42  0  9  0  0  0  27  4  0  8  0  174  3207  0  202702  302  24  39  0  387  0  219  331  854  810  4  92617  27680  0  144  9  478  9  2  1  101324  94  33  1247  23  0  651  0  421  0  
0  0  0  0  0  0  0  0  0  0  0  0  0  0  0  0  0  1  0  0  0  0  0  0  0  0  0  0  0  0  0  0  0  0  0  0  0  0  0  0  0  0  0  1  0  0  0  0  1  0  0  0  0  0  0  0  0  0  0  0  0  0  0  0  0  4  0  0  0  0  0  0  0  0  4  47061  0  3429  12  24  43  4  475  14  0  91  0  13  8  1  0  60  89545  0  22696  14  19  2  107  2014  19  15  86  0  0  8  0  0  0  109  17434  114333  5  0  918  4  2  1195  548  59  90  14  7905  13  75883  123  26  23  0  1060  19182  8  0  74151  33606  2  6  2  28  214  75  851  35  0  236  125076  71963  0  
0  0  0  0  0  0  0  0  0  0  0  0  0  0  0  0  0  0  0  0  0  0  0  0  0  0  0  0  0  0  0  0  0  0  0  0  0  0  0  0  1  0  0  0  0  0  0  0  0  0  0  0  0  0  0  0  0  0  0  0  0  0  0  0  0  1  0  0  0  0  0  0  0  0  0  65003  0  59  1  1  4  1  333  22  0  4  0  0  1  0  4  9  683  0  246573  45  2780  0  44  370  7  0  7  0  0  0  0  3  22  128  167369  22918  0  0  1055  0  518  46  17  22  1  82  143  128707  11552  2  4  4  0  120  35  2  76331  0  48773  0  1  0  5  109  27  10  4  0  62  125573  48256  6  
0  4  0  0  0  0  0  0  0  2  0  0  0  0  0  0  0  3  1  0  0  57  0  0  0  1  0  0  0  0  0  0  0  0  0  0  0  0  0  0  4  0  0  1  1  0  0  3  3  0  2  0  1  0  1  0  0  0  0  0  0  0  0  0  0  2  0  0  0  0  0  0  4  0  0  2939  3  285  8  11  34  4  2710  339  0  7  0  3  12  1  18  33  41780  37  275147  240097  170895  2  615  3273  100  1  13  3  8  34  0  50  168  1006  3902  3466  0  0  11079  13364  356  46705  74  171  12  160  637  22781  155695  17  15  52  0  1191  57048  94  43268  39359  0  0  3  0  26  1174  249  80  31  0  312  36  16619  2  
0  0  0  0  0  0  0  0  0  0  0  0  0  0  0  0  0  0  0  0  0  0  0  0  0  0  0  0  0  0  0  0  0  0  0  0  0  0  0  0  0  0  0  0  0  0  0  0  0  0  0  0  0  0  0  0  0  0  0  0  0  0  0  0  0  0  0  0  0  0  0  0  0  0  63195  0  0  13  3033  3383  14  1  61  0  0  6  84506  32411  44186  2  0  8  0  0  0  0  2  82466  0  12  7  1  0  0  7  217  0  0  0  5  0  0  58043  0  33  0  0  1  16  6  122  0  73  0  0  59793  67977  25  0  348  0  0  0  0  0  0  73  1196  9  228  21  13  4  1  41  0  3  0  
0  0  0  0  0  0  1  0  0  2  0  0  0  0  0  0  0  15  1  0  0  0  12  10  0  0  0  0  0  1  295  12  0  0  0  0  0  0  1  0  5  0  0  1  0  0  0  7  1  0  0  1  0  0  2  0  1  0  0  0  0  0  1  0  1  14  0  0  0  13  0  0  6  0  5384  0  0  14  487  27475  91  7  370  6  0  8  160  66  147  30  39  8336  6  1  10  15  6717  226662  0  136  25  0  24  0  121391  96626  1  1  4  34  0  0  806  0  4064  0  9  8  2600  66  8141  118  484  0  9  263  126  28  0  1773  9  6  5  2  9  741  0  40609  42  544  131  6  72  40881  238  0  333  0  
0  0  0  0  0  0  0  0  0  0  0  0  0  0  0  0  0  0  0  0  0  0  0  0  0  0  0  0  0  0  0  0  0  0  0  0  0  0  0  0  0  0  0  0  0  0  0  0  0  0  0  0  0  0  0  0  0  0  0  0  0  0  0  0  0  4  0  0  0  0  0  0  0  0  15938  0  0  0  1108  33611  38  6  69  1  0  2  57797  68  52  262  172  1055  0  0  1  0  497  406645  1  15  6  0  5  0  487  12909  0  25  44  9  0  0  134856  0  431  0  8  1  488  10  88157  2  130  0  0  182  34  6  0  353  0  0  0  0  0  3764  72132  0  6  1551  21  0  16  7707  43  0  9  0  
0  0  0  0  0  0  0  0  0  1  53  0  0  0  0  0  0  1  0  0  0  1  0  0  0  0  0  0  0  1797  0  0  0  0  0  0  0  0  0  0  0  0  0  0  0  0  0  1  0  0  0  0  0  0  0  0  0  0  0  0  0  0  0  0  10  4  0  0  0  0  0  0  0  0  6  1  0  188  113  117  277  46  5438  492  150493  12  0  12  241  23  0  43  8692  78508  39  277  6  3  498  1193  34069  2  29  259179  0  9  0  0  0  83  9  0  7  0  699  2  0  138179  352  350  40  5  650  0  468  325  729  1352  2  63445  7525  147045  318  22  583  13  7  1  0  222  165  787  175  0  42391  0  3507  0  
15  0  0  3  4  16115  782  1190  17338  31043  1  0  0  0  3  49  29  2409  21  0  0  6  7  4  0  107  4  0  8  4573  4  1039  0  0  1  0  0  0  1  4  623  0  15  2071  59  0  55  3018  1290  0  4  37  5  16  803  45  18  6  0  1  2  0  18  38  1541  104491  146  13  9  30  46  0  1592  6  1448  0  3  669  1560  205272  102678  83338  147408  50451  0  1101  0  1221  6110  1018  42  1465  176  0  7  15  677  127  10  26372  1193  48  929  12  61  37152  0  0  2  7451  113  25  70  0  100265  0  21  187  9682  2962  1053  488  5111  0  31  2686  2985  2443  4  9424  98  15  48  233  2093  131  817  169  127  0  9711  833  822  223  12637  1  2093  0  
0  0  0  0  0  0  0  0  1  0  0  0  0  0  0  0  0  1  0  0  0  0  0  0  0  0  0  0  0  0  0  0  0  0  0  0  0  0  0  0  1  0  0  1  0  0  0  0  2  0  0  0  0  0  0  0  0  0  0  0  0  0  0  0  0  11  0  0  0  0  0  0  2  0  17  0  39089  988  1274  1161  2580  108  2694  32  0  23  0  42  617  565  11  214  62  0  0  0  54  5  30  237528  178495  199767  1155  2791  2  27  0  0  0  3415  0  1  18  0  8505  0  2  45  173236  55275  136  53  721  0  3  801  1141  4305  2087  104235  38  10  4  1  16  14  32  1  104  5002  0  961  11630  0  824  0  430  0  
0  0  0  0  0  8  1  0  0  0  0  0  0  0  0  0  0  0  0  0  0  0  0  0  0  0  0  0  0  0  0  0  0  0  0  0  0  0  0  0  1  0  0  0  0  0  0  0  0  0  0  0  0  0  0  0  0  0  0  0  0  0  0  0  0  58  0  0  0  0  0  0  0  0  81  0  0  85497  469  1777  3162  75  4313  42  0  122196  0  1296  88109  809  2  163  65  0  2  0  48  27  3  1783  187  13  219667  0  2  186  0  0  0  303  0  0  1765  3167  1250  0  0  34  74858  310  1333  7  26176  0  4  205864  2995  55811  70  17275  39  21  2  1  2  38  16  22  400  3226  1151  0  8216  0  2457  0  265  0  
0  0  0  0  0  0  0  0  0  0  0  0  0  0  0  0  0  0  0  0  0  0  0  0  0  0  0  0  0  0  0  0  0  0  0  0  0  0  0  0  1  0  0  0  0  0  0  0  0  0  0  1  0  0  0  0  0  0  0  0  0  0  0  0  0  96  0  0  0  0  0  0  0  0  4  0  2  42  113  209  13341  99243  2780  13  0  5  0  6  65916  69848  7  197  19  0  0  0  83  4  1  792  198  12  293706  2  0  8  0  0  0  211  0  0  4  0  1092  0  1  23  141956  6461  101  5  408  0  4  52  236  82205  32  8649  14  12  2  1  6  9  19  3  443  4286  13380  3487  0  0  1848  0  394  0  
0  0  0  0  2  928  0  0  0  0  0  0  0  0  0  11  1  0  0  0  0  0  0  1  0  0  0  0  0  0  203  326  0  0  0  0  0  0  0  0  0  0  0  0  0  0  0  0  2  0  0  0  0  0  0  0  0  0  0  0  0  0  0  0  0  21  0  0  0  630  0  0  0  0  27965  0  0  0  41150  78914  0  0  0  0  0  0  0  1  0  123035  0  0  0  0  0  0  1  32089  0  0  0  0  0  0  87808  17520  0  0  0  0  0  0  14  0  3  0  0  0  2  0  4  1  5  0  0  0  1  0  0  2  0  0  0  0  0  7  44355  3799  0  124  1  0  0  0  0  0  0  0  
0  0  7  0  0  0  0  6  25969  3  1  0  0  0  0  3  0  0  0  0  0  0  0  0  0  0  0  0  0  6755  0  0  0  0  0  0  0  0  0  0  0  0  0  0  0  1533  0  0  1  0  0  0  0  0  0  0  0  0  0  0  0  0  0  0  0  569  0  0  0  0  28814  0  0  0  6  1  16  391  51  73  8757  829  95159  2461  25  17  0  10  126  34  2  269  1666  116  5  0  129  6  64  7697  25669  5  358  145218  0  9  0  1  0  2474  20  8  2  0  7982  0  1  5061  636  68442  67  31  1131  1  42  212  410  877  1  176481  1104  321  42  26  251  4  19  3  39571  10427  5017  447  571  0  0  0  1731  0  
0  0  0  0  0  0  0  0  0  0  0  0  0  0  0  0  0  0  0  0  0  0  0  0  0  0  0  0  0  0  0  0  0  0  0  0  0  0  0  0  0  0  0  0  0  0  0  0  0  0  0  0  0  0  0  0  0  0  0  0  0  0  0  0  0  0  0  0  0  0  0  0  0  0  0  850  0  9  0  0  1  0  14  0  0  1  0  0  0  0  1  1  1141  0  575  0  316  0  3  20  0  0  1  0  0  0  0  193  2028  4  250044  360099  0  0  38  0  24617  61  2  0  1  2360  29  39261  34  0  1  0  0  10  21  0  129621  118985  264  0  0  0  1  3  0  6  1  0  3  0  69813  127  
0  0  0  0  0  0  0  0  0  3  0  0  0  0  0  0  0  6  0  0  0  0  0  0  0  0  0  0  0  1  0  1  0  0  0  0  0  0  0  0  0  0  0  1  0  0  0  2  1  0  0  0  0  0  0  0  0  0  0  0  0  0  0  0  2  39  1  0  0  0  0  0  4  0  24  58  0  4550  130  163  578  110  1351  66  0  213  0  121  446  51  274  260  126303  0  24673  80  16091  7  376361  41917  57  145  276  0  3  48  2  295603  27738  96929  4252  536525  28  0  22689  0  34396  5101  4542  97  452  106123  13394  51187  14580  1084  1964  1465  11111  117505  24091  350  71436  68534  50211  37  12  7  950  932  200  9751  235  0  652  67502  0  36229  
0  0  0  0  0  0  0  0  0  0  0  0  0  0  0  0  0  0  0  0  0  0  0  0  0  0  0  0  0  0  0  0  0  0  0  0  0  0  0  0  0  0  0  0  0  0  0  0  0  0  0  0  0  0  0  0  0  0  0  0  0  0  0  0  0  0  0  0  0  0  0  0  0  0  0  0  0  0  0  0  0  0  0  0  0  0  0  0  0  0  1  5  0  0  4  0  99  0  12  490  0  0  0  0  0  1  64923  77158  18760  69328  1  555  0  0  30971  0  375  0  0  0  0  126419  4  132  0  0  0  0  0  0  0  0  0  40  17  0  0  0  0  0  0  1  0  0  2  128  47269  0  
