0  0  0  5  104333  25305  1  0  1  1  0  194  0  5247  34652  3935  11  414  5  0  0  0  1  74436  0  4  0  0  0  0  27203  2559  0  0  0  0  0  0  2303  2074  14  0  0  1  3  0  1175  4  18116  0  0  71160  59559  41  0  0  2  0  0  0  0  17075  82  15564  0  624  11  105  11  41298  0  0  27  0  0  0  0  0  0  1  0  0  0  0  0  0  0  0  0  0  0  0  0  0  0  0  0  0  0  0  0  0  0  0  0  2  0  0  0  0  0  0  0  0  0  0  0  0  0  0  0  0  0  0  0  0  0  0  0  0  0  0  0  0  0  0  0  0  0  29  0  0  0  0  1  0  0  0  
0  0  0  6  0  0  0  0  0  0  0  0  0  0  0  0  1  4  61567  0  133141  23815  0  0  2  0  0  0  0  0  0  0  0  0  0  0  16350  8189  0  0  0  124301  0  292  87  0  0  6  3  0  166519  0  0  1  26  0  128966  31  121402  57490  16254  0  0  0  5  1  1  19  1  0  0  0  230  0  0  0  0  0  0  0  0  0  0  0  0  0  0  0  0  0  0  0  0  0  1  46  0  0  0  0  0  0  0  0  0  0  0  0  0  0  0  0  0  0  0  0  0  1  0  0  0  0  0  0  3  0  0  0  0  0  0  0  0  0  0  0  0  0  0  0  0  0  0  0  0  0  0  0  
0  0  0  4  0  43  6  26121  361  0  0  0  0  0  0  123073  5  7  3  0  0  0  0  0  0  5  33396  66964  39505  22385  0  5  0  0  0  0  0  0  0  0  5  0  0  0  90031  123252  0  6  250  0  0  0  0  76  1  1  0  0  0  0  0  0  0  0  1  13  22749  1  27762  0  22  0  1  0  0  0  804  0  0  0  0  115  217  0  0  0  0  0  0  599  0  0  0  0  0  0  0  0  0  0  0  0  0  608  0  0  0  0  0  0  0  0  0  0  0  0  0  0  0  3089  0  0  0  0  0  0  0  0  0  0  0  0  0  0  0  0  0  0  0  0  0  0  0  0  86  0  0  0  
88  1  6  0  241  483  395  531  178  4  0  78971  40  105  138  25  644  1823  466  0  0  9  3  17  7  176851  0  92706  32150  4  0  70  24659  289  128  31  0  0  53  979  73894  1  0  562  105590  0  273  329  158011  0  174  1851  175  454  948  27  1515  43  27  51  120  1  8  10  106  507  20049  22513  1721  5  56  0  817  206  0  0  0  0  0  0  0  0  0  0  0  0  0  0  0  0  0  0  0  0  0  0  0  0  0  1  0  0  0  0  0  1  0  0  0  0  0  0  0  0  1  0  0  0  0  0  0  0  0  0  0  0  0  0  0  0  0  0  0  0  0  0  0  0  0  11  1  0  0  0  0  0  0  0  
94798  0  0  2  0  19698  1  0  0  3  0  70  0  324  16107  89232  0  104  0  0  0  0  0  1838  0  6  0  0  0  0  9107  328  0  0  0  0  0  0  83  2090  16  0  0  1  2  0  106  1  4483  0  0  5951  37607  27  0  0  0  0  0  0  0  0  10  1409  1  90  10  113  5  6394  0  0  3  0  0  0  0  0  0  38  0  0  0  0  0  0  0  0  0  8  0  0  0  0  0  0  0  0  0  0  0  0  0  0  0  0  0  0  0  0  0  0  0  0  0  0  0  0  0  0  0  0  0  0  0  0  0  0  0  0  0  0  0  0  0  0  0  0  0  11  0  0  0  4  0  0  0  0  
38212  0  1  153  30606  0  77755  1523  2660  21  0  191  0  1444  9677  203619  57  4264  46  0  0  0  10  23495  2  297  7  1  19  2  8930  52918  0  0  0  0  0  0  316  2539  370  0  1  58  640  0  1705  255  19898  1  15  12429  4893  18136  192  47  44  8  0  1  2  10  5681  12126  375  123454  1529  1096  2391  125930  23  0  382  0  49  0  0  1  8  7974  136  40  45  0  0  0  0  3  1  1449  0  0  0  0  0  0  0  2  0  4  0  0  0  0  1170  742  0  0  0  3  0  0  3  0  10  0  0  0  2  1  1  1  3  0  0  1  1  0  0  6  0  0  0  0  0  4  1  0  0  21149  3  0  0  899  4  0  7  0  
11  0  1  960  49  112840  0  118868  25446  0  0  27  0  3  116  233935  9  332  161  0  0  0  0  0  5  443  6  0  43  179  0  50  0  0  0  0  0  0  0  208  183  0  0  422  3972  0  88  85  4334  0  13  4109  96  21187  1101  92  124  15  0  3  9  0  7  2  9181  93284  1590  5094  10180  3  201  0  102  0  0  0  0  0  0  609  1388  1271  117  0  0  0  0  0  0  165  0  0  0  0  0  0  0  0  0  0  0  0  0  0  0  4  0  0  0  0  0  0  0  0  1  0  0  0  0  0  0  0  0  0  0  0  0  0  0  0  0  0  0  0  0  0  1  0  0  893  0  0  0  0  2  0  0  0  
6  0  11940  1778  53  3882  108004  0  105296  1  0  73  0  2  41  139195  5  108  130  0  0  1  2  0  0  470  2  9  17090  63  1  17  0  0  0  0  0  0  0  724  107  0  0  173  23972  61834  47  63  929  0  1  1687  68  62994  581  81  211  12  0  1  4  0  2  1  1617  65233  4285  686  55858  1  865  0  57  0  0  0  66  0  0  9  46  12980  935  0  0  0  0  0  0  8951  0  0  0  0  0  0  0  0  0  0  0  0  1  8  0  1  0  0  0  0  0  0  0  0  0  0  0  0  0  229  0  0  0  0  0  0  0  0  0  1  0  0  0  0  0  0  0  0  0  1283  0  0  0  0  25  0  0  0  
0  0  34  7  3  857  3248  45176  0  4798  1  0  0  1  2  138  21  349  705  19  0  9  0  0  11  748  25  49  65  12528  1  79  0  0  0  0  0  0  0  4  1260  0  0  720  996  45918  7  446  837  0  5  22  0  1370  2619  2485  361  32  3  0  9  0  3  0  11342  92274  5554  82  231  1  85389  0  106  1  0  0  13  0  0  0  0  921  16567  62  0  0  0  0  0  163  0  0  0  0  0  2  1  0  0  6  0  0  0  1710  0  1  0  0  0  2  0  0  0  0  86  0  0  0  0  480  0  1  2  0  0  0  0  0  0  3  0  0  0  0  1  0  0  0  0  22230  2  0  0  0  29435  0  1  0  
44  0  1  71  275  287  94  68  6108  0  16  83  0  12  143  13  89  14517  136  2  2  1576  12695  0  10  896  18  0  22  32883  0  1605  0  0  2  2  0  2  3  828  13694  4  34  97708  373  1  224  4887  10323  2  297  413  271  163  3354  225  182  28  44  7  56  0  21  8  3923  160444  433  1134  61  16  47  0  6215  305  2  1  0  68  27  28  32  4  1159  185  0  18  0  9  6  2  2  61  31  0  6  69  25  3  0  175  7  2  7  23  0  29  0  0  0  54  1  0  10  0  2023  0  1  2  295  13  23  22  305  0  6  109  15  22  0  346  15  0  2  1  11  1  14  0  9  50856  95  143  13  0  95  0  106  0  
0  0  0  0  0  0  0  0  2  12  0  0  0  0  0  0  0  0  246  310493  0  21046  0  0  80  2  110  0  0  18391  0  0  0  0  0  0  0  0  0  0  3  24613  0  309575  0  0  0  0  1  0  0  0  0  0  16  12  1396  122331  0  0  20  0  0  0  145683  14  2  5  0  0  6  0  49  0  0  0  0  0  0  0  0  0  0  0  45030  0  0  0  0  0  0  0  0  283  0  1589  0  0  0  0  0  0  0  289  0  0  0  0  0  0  0  0  0  0  2  143  0  549  0  0  0  0  0  0  0  0  0  0  0  0  0  0  0  0  0  0  0  0  47  1  0  0  0  0  1  0  0  0  
426  0  0  164064  2070  1002  2  1  2  1  0  0  1121  26808  1370  40  158  6536  3  0  0  0  0  55  0  12  0  0  27846  0  1  20  1046  171  120  0  0  0  131  95094  8  0  0  4  12397  0  2330  68  77912  0  0  111597  2722  108  2  0  3  1  0  0  0  2  2  110  1  25  21  102270  17  4  1  0  0  0  0  0  0  0  0  0  0  0  0  0  0  0  0  0  0  0  0  0  0  0  0  0  0  0  0  0  0  0  0  0  0  0  0  0  0  0  0  0  0  0  0  0  0  0  0  0  0  0  0  0  0  0  0  0  0  0  0  0  0  0  0  0  0  0  0  0  0  0  0  0  0  0  0  0  
1  0  0  27  0  24  0  0  0  0  0  503  0  11887  0  0  0  726  0  0  0  0  0  50317  0  0  0  0  1  0  0  5  2  6  23  0  0  0  46117  36  1  0  14  0  0  0  54368  1  304  0  0  1  1  0  0  0  0  0  0  0  0  10251  5  5708  0  0  0  0  0  2  0  0  0  0  0  0  0  0  0  0  0  0  0  0  0  0  0  0  0  0  0  0  0  0  0  0  0  0  0  0  0  0  0  0  0  0  0  0  0  0  0  0  0  0  0  0  0  0  0  0  0  0  0  0  0  0  0  0  0  0  0  0  0  0  0  0  0  0  0  0  0  0  0  0  0  0  0  0  
3946  0  0  3  2218  3358  0  0  1  1  0  31259  16948  0  2999  56  0  119  1  0  0  0  0  882  0  0  0  0  21  0  0  93  1  0  0  0  0  0  61802  81511  3  0  0  1  1  0  2930  0  35587  0  0  99109  2776  16  0  0  0  0  0  0  0  18408  5  4558  0  33  1  43  0  34  0  0  0  0  0  0  0  0  0  0  0  0  0  0  0  0  0  0  0  0  0  0  0  0  0  0  0  0  0  0  0  0  0  0  0  1  0  0  0  0  0  0  0  0  0  0  0  0  0  0  0  0  0  0  0  0  0  0  0  0  0  0  0  0  0  0  0  0  0  2  0  0  0  0  0  0  0  0  
47021  0  0  6  16321  7093  21  2  8  1  0  3779  0  597  0  101380  6  129  3  0  0  0  1  14  1  168  0  0  30162  0  1  135  0  0  0  0  0  1  6  481  10  0  0  7  637  0  38  6  2334  0  1  410490  220419  284969  19  2  2  0  0  0  0  46121  10  15  4  203  81  79617  19468  9  9  0  8  0  0  0  0  0  0  0  0  0  0  0  0  0  0  0  0  0  0  0  0  0  0  0  0  0  0  0  0  0  0  0  0  0  0  0  0  0  0  0  0  0  0  0  0  0  0  0  0  0  0  0  0  0  0  0  0  0  0  0  0  0  0  0  0  0  0  12  0  0  0  0  0  0  0  0  
8555  0  145219  23  123791  190332  191919  147115  278  1  0  7  0  16  99597  0  2  300  11  0  0  0  0  643  2  69  1  5  16757  1  13197  1550  0  0  0  0  0  0  8  117  48  0  0  7  8360  6887  50  31  1654  0  0  1780  40073  309874  33  5  7  3  0  0  0  0  5  494  35  5290  356  326  58257  42787  4  0  82  0  0  0  446  0  0  2204  1189  5411  134  0  0  0  0  0  0  9999  0  0  0  0  0  0  0  0  0  1  0  0  10  12  1  152  0  0  0  0  0  0  0  0  2  0  0  0  0  253  0  0  0  0  0  0  0  0  0  1  0  0  0  0  0  0  0  0  0  192  0  0  0  6  6  0  0  0  
1  0  24  1815  0  35  9  13  35  82  0  142  2  0  1  12  0  131823  1586  1  0  0  10886  1247  1  436  2  0  66  9  1  11980  1508  19  24122  1  0  4  1  13  15003  0  8870  207  1645  0  8512  139302  80458  39  21  10  4  15  253  42  131  508  13  2  10  0  79  27  150  110  842  31  1267  13  9  1  5075  24  0  0  0  1  0  0  0  0  8  0  0  0  0  0  1  0  0  1  0  0  0  1  1  0  0  7  0  0  1  0  1  15  0  0  0  4  0  0  0  0  55  0  0  0  0  2  0  2  3  0  0  1  0  0  0  3  0  0  0  0  1  0  0  0  0  49  2  3  0  0  0  0  7  0  
343  0  1  3039  111  1059  2  1  28  206  0  7623  1143  105  9  3  74315  0  96  0  1  1  8336  15981  2  450  0  0  10  2  384  59096  797  35  4542  1  0  5  205  42  2889  0  4858  472  82  0  122836  33827  134600  32  30  127  7  49  498  10  101  16  8  2  12  0  1214  372  113  303  59  45  66  924  3  0  7884  37  1  0  0  2  0  0  2  1  22  1  0  1  0  1  1  0  0  7  2  0  1  0  2  0  0  35  1  0  0  0  2  26  0  0  0  12  0  0  0  0  76  0  0  0  7  4  0  13  3  0  3  5  0  1  0  6  0  0  0  0  2  0  0  0  0  96  15  4  1  0  3  0  1  0  
0  55237  0  53  0  8  6  8  13  0  29  0  0  0  1  2  0  35  0  18665  25  4092  8  0  95648  39  0  0  1  0  0  4  0  1  0  0  2  2842  0  1  151  62615  1  5058  751  0  0  144  138  0  10293  3  0  60  176  508  502730  246403  114665  416  10315  0  0  0  6621  14  9  5269  5  0  0  0  173057  1  0  0  0  0  0  0  0  0  0  0  0  0  0  0  0  0  0  0  0  0  0  0  0  0  0  0  0  0  0  0  0  0  0  0  0  0  0  0  0  0  0  0  0  0  0  0  0  0  0  0  0  0  0  0  0  0  0  0  0  0  0  0  0  0  0  2  0  0  0  0  0  0  0  0  
0  19  0  0  0  0  0  0  377  0  333159  0  0  0  0  0  0  4  13215  0  0  80  0  0  1844  11  37471  0  7  3322  0  0  0  0  0  0  0  0  0  0  22  42023  0  83731  17  0  0  6  11  0  3  0  0  0  24  25583  2060  187326  4  0  6  0  0  0  115469  3  5  17  1  0  1557  0  118  0  0  0  0  0  0  0  0  0  0  0  7096  0  0  0  0  0  0  0  0  56  0  0  0  0  0  0  1  0  0  217  0  0  0  0  0  0  0  0  0  0  0  9  0  15  0  0  0  0  0  0  0  0  0  0  0  0  0  0  0  0  0  0  0  0  0  1  0  0  0  0  0  0  0  0  
0  98040  0  0  0  0  0  0  0  1  0  0  0  0  0  0  0  3  23  0  0  14204  38000  0  1  8  0  0  0  0  0  3  0  0  0  0  53041  714  0  0  15  3  37  52  6  0  0  2  1  123779  38999  0  0  0  14  0  9  0  5707  127744  204007  0  0  0  2  1  0  10  0  0  1  7  151  0  0  1  0  0  0  0  0  0  0  2  0  0  0  0  0  0  0  0  0  0  11  1  0  0  0  1  0  0  0  0  0  0  0  0  0  0  0  0  0  0  2  1  0  0  0  0  0  0  0  0  40  0  0  0  0  0  0  0  0  0  17  0  0  0  0  1  0  0  0  0  0  0  0  0  
2  49658  0  23  13  6  0  6  14  17288  14186  3  0  0  3  1  1  38  1094  66  13373  0  44085  1  4  110  0  0  0  1064  0  6  0  0  0  0  0  46  0  39  1529  138390  3  390875  135  0  11  23  108  2  39818  19  14  11  680  1  36714  15427  323  8  456719  0  0  0  1862  119  1  167  6  0  0  0  306  1  0  6  0  0  0  0  0  0  5  54  9348  0  0  0  0  0  0  0  0  0  45  9324  4  0  0  6  0  0  0  19  1  2  0  0  0  1  0  0  0  0  27  35  0  2824  0  0  0  7  1  0  84  0  0  0  0  1  0  0  0  0  18  0  0  0  0  39  1  0  0  0  1  0  1  0  
8  1  0  59  13  46  43  100  251  13180  0  2  0  1  13  10  11827  14035  98  0  35098  46898  0  365  472  2413  0  0  3  44  1  27291  0  0  42726  0  801  7811  0  49  12706  1  142965  49874  133  1  80  11295  537  95591  113  37  16  87  4434  31  128  25  3611  7312  121752  0  42  4  1453  134  9  605  25  19  9  202  32127  1  0  0  0  0  0  0  1  1  2  3  0  0  0  2  0  0  0  1  0  0  11  4  0  1  0  6  0  0  0  0  0  7  0  0  0  2  0  0  0  0  17  1  0  0  0  1  0  2  1  0  71  0  0  0  0  1  0  0  0  0  28  0  0  0  0  14  1  0  0  0  0  0  1  0  
73156  0  0  7  1933  11176  0  0  1  1  0  122  54612  5920  79  382  260  11796  2  0  0  0  35  0  0  3  0  0  0  0  67438  17654  53  199  1975  0  0  0  16264  454  10  0  2569  7  2  0  93346  1633  2859  0  0  2940  638  6  1  0  0  0  0  0  0  75622  136893  292558  4  187  3  13  3  55970  0  0  40  0  0  0  0  0  0  0  1  0  0  0  0  0  0  0  0  0  0  0  0  0  0  0  0  18  0  0  0  0  0  0  57  3  0  0  0  0  0  0  1  0  3  0  0  0  0  0  0  0  0  0  0  0  0  0  0  0  0  0  0  0  0  0  6  0  0  11  0  0  0  0  0  0  0  0  
0  0  0  22  0  12  7  2  439  5  2  0  0  1  3  0  3  120  64461  3358  3  2  123  0  0  56939  2994  0  39  10  0  16  0  0  0  0  0  17  0  0  228  0  1  522  740  0  0  96  178  5  147  2  0  97  109333  215732  14186  12730  779  11  205  0  0  0  2721  155  31  5442  22  0  35  0  321344  0  0  0  0  0  0  0  0  0  0  0  0  0  0  0  0  0  0  0  0  0  0  0  0  0  0  1  0  0  0  0  0  0  0  0  0  0  0  0  0  0  1  0  0  0  0  0  0  0  0  0  0  0  0  0  0  1  0  0  0  0  0  0  0  0  0  1  0  0  0  0  0  0  0  0  
0  0  6  129278  17  182  113  164  956  192  0  3  0  4  29  13  121  824  209  6  0  20  156  1  46557  0  84  16972  42  473  0  141  821  41170  0  80871  0  6026  2  29  185304  0  4  2989  19363  4  27  778  5295  0  79  300  17  414  110076  59767  271  72  13  25  129  0  4  3  2001  4351  230117  4597  1879  5  325  0  25489  843  0  0  0  0  0  0  0  0  3  1  0  0  0  1  0  0  0  0  0  0  0  0  0  0  0  6  0  0  0  0  0  0  0  0  0  1  0  0  0  0  13  0  1  0  2  1  0  1  1  0  1  0  0  0  0  2  0  0  0  0  0  0  0  0  1  56  3  0  0  0  1  0  1  0  
0  0  34490  0  0  0  0  2  222  0  84  0  0  0  0  2  0  6  13  57082  0  0  0  0  1639  146  0  23  45  376121  0  0  0  0  0  0  0  0  0  0  7  0  0  21  229  2487  0  1  9  0  2  0  0  2  502  399897  4  22  0  1  0  0  0  0  95842  30  115307  1  18  0  50090  0  0  0  0  0  1  0  0  0  0  0  0  0  23  0  0  0  0  0  0  0  0  37  0  0  0  0  0  0  13  0  0  772  0  0  0  0  0  0  0  0  0  0  0  0  0  0  0  2  0  0  0  0  0  0  0  0  0  0  0  0  0  0  0  0  0  0  0  1  0  0  0  0  4  0  0  0  
0  0  52138  80044  0  0  0  1  200  0  0  0  0  0  0  3  0  3  2  0  0  0  0  0  0  25479  22  0  36355  1  0  0  0  0  0  0  0  0  0  1  3  0  0  1  245614  44549  1  2  13  0  0  0  0  0  0  187  0  0  0  0  0  0  0  0  1  2  199300  0  29  0  30  0  0  0  0  0  0  0  0  0  0  0  0  0  0  0  0  0  0  0  0  0  0  0  0  0  0  0  0  0  0  0  0  0  0  0  0  0  0  0  0  0  0  0  0  0  0  0  0  0  0  0  0  0  0  0  0  0  0  0  0  0  0  0  0  0  0  0  0  0  0  0  0  0  0  0  0  0  
1  0  48303  34288  8  70  14  36516  1183  6  0  18991  4  30  29667  14034  206  876  136  0  0  0  0  0  0  377  3  16487  0  7  0  119  1  0  0  0  0  0  0  26  348  0  0  34  319897  6911  100  2307  1736  0  1  4107  11  1703  63  29  36  22  0  1  1  0  7  0  111  2435  8009  176307  207357  8  273  0  69  1  0  0  0  0  0  0  0  0  1  0  0  0  0  0  0  0  0  0  0  0  0  0  0  0  0  6  0  0  0  0  0  1  0  0  0  2  0  0  0  0  8  0  0  0  1  1  0  1  0  0  0  0  0  0  0  1  0  0  1  0  0  0  0  0  0  15  0  0  0  0  1  0  1  0  
0  0  25780  4  0  9  15  8  13126  28852  11337  0  0  0  0  0  7  1062  88  2724  0  1078  3  0  3  277  292204  2  31  0  0  144  0  0  1  0  0  1  0  0  343  0  0  10664  296  111778  4  236  663  0  9  1  0  8  294  17987  183  32  2  0  8  0  1  0  180684  15816  12781  15  21  2  150184  0  424  1  0  0  3  0  0  0  0  0  3356  261  11362  0  0  0  0  0  0  0  1  183  0  1536  2  0  0  5  113  0  0  34185  0  0  0  0  0  1  1  1  0  0  99  0  0  5  2  22  0  4  0  0  2  0  0  0  0  6  0  1  0  1  3  0  0  0  224  1385  2  0  0  0  10187  0  0  0  
28670  0  0  0  19432  15685  0  0  0  0  0  0  0  0  0  15873  1  76  0  0  0  0  1  56713  0  0  0  0  0  1  0  11522  0  0  0  0  0  0  0  0  2  0  0  1  0  0  84  0  6  0  0  1  0  0  1  0  0  0  0  0  0  0  105028  285  0  0  0  0  0  109432  0  0  5  0  0  0  0  0  0  67  0  0  0  0  0  0  0  0  0  68  0  0  0  0  0  0  0  445  0  1  0  0  0  0  7809  73  0  0  0  0  0  0  0  0  1  0  0  0  0  0  0  0  0  0  0  0  0  0  0  0  0  0  0  0  0  0  194  1  0  3  0  0  0  110  0  0  0  0  
201  0  1  4  39  49780  0  3  30  149  0  0  14  24  6  672  16523  142923  35  0  7  6  28104  11807  2  263  1  0  9  7  15387  0  1  0  10091  0  1  4  142  9  1143  0  5445  749  119  0  10132  11949  16161  13  6  29  6  14  133  10  24  5  2  0  10  3  83820  2852  105  31398  31  10  30  61777  3  1  8341  2  0  0  0  3  1  816  0  2  46  2  0  2  0  1  0  351  0  7  2  0  2  0  0  0  1  52  5  0  1  0  122  22646  0  0  1  13  0  0  1  0  134  0  1  0  9  2  0  2  7  0  3  8  1  1  0  19  0  1  0  0  1  0  8  0  1  561  23  5  0  253  7  0  16  0  
0  0  0  32062  0  0  0  0  3  1  0  81  0  0  0  0  810  978  3  0  0  0  0  10  0  222  0  0  0  0  0  15  0  59161  13877  4785  0  0  0  0  19617  0  1  6  2  0  94  101974  1197  0  0  0  0  1  15  2  1  0  0  0  0  0  1  1  4  7  3  1  1  1  0  0  8287  109519  0  0  0  0  0  0  0  0  0  0  0  0  0  0  0  0  0  0  0  0  0  0  0  0  0  0  0  0  0  0  0  1  0  0  0  0  0  0  0  0  1  0  0  0  0  0  0  0  0  0  0  0  0  0  0  1  0  0  0  0  0  0  0  0  0  0  0  0  0  0  0  0  0  0  
0  0  0  897  0  0  0  0  0  0  0  181  15  1  0  0  17  80  0  0  0  0  0  309  0  31229  0  0  3  0  0  0  86356  0  180937  106714  11  127027  0  0  4340  0  43356  0  0  0  192  25498  16  6  0  0  0  0  60  0  0  0  2  0  1  0  0  7  0  0  0  0  0  0  0  622  210794  33618  0  0  0  0  0  0  0  0  0  0  0  0  0  0  0  0  0  0  0  0  0  0  0  0  0  0  0  0  0  0  0  0  0  0  0  0  0  0  0  0  0  0  0  0  0  0  0  0  0  0  0  0  0  0  0  0  0  0  0  0  0  0  0  0  0  0  0  0  0  0  0  0  0  0  
0  0  0  284  0  1  1  1  5  6  0  93  4  0  0  0  17739  5033  11  0  1  0  38372  1111  1  56  0  0  1  1  0  9643  15536  190317  0  0  206  15639  0  1  165  0  125778  50  1  0  383  115618  42  889  1  0  0  1  29  0  3  0  410  97  474  0  1  28  17  6  0  1  0  2  0  28798  47689  15  0  0  0  0  0  0  0  0  3  0  0  0  0  0  0  0  0  0  0  0  0  0  0  0  0  1  0  0  0  0  0  0  0  0  0  0  0  0  0  0  4  0  0  0  0  0  0  0  0  0  0  0  0  0  0  0  0  0  0  0  0  0  0  0  0  2  0  0  0  0  0  0  0  0  
0  0  0  20  0  0  0  0  0  0  0  0  0  0  0  0  1  1  0  0  0  0  0  0  0  88141  0  0  0  0  0  0  6508  124970  3  0  0  1877  0  0  48484  0  0  0  0  0  0  8243  41  0  0  0  0  0  1209  0  0  0  0  0  0  0  0  0  1  0  0  0  0  0  0  0  17454  64096  0  0  0  0  0  0  0  0  0  0  0  0  0  0  0  0  0  0  0  0  0  0  0  0  0  0  0  0  0  0  0  0  0  0  0  0  0  0  0  0  0  0  0  0  0  0  0  0  0  0  0  0  0  0  0  0  0  0  0  0  0  0  0  0  0  0  0  0  0  0  0  0  0  0  
0  15719  0  0  0  0  0  0  0  0  0  0  0  0  0  0  4  1  2  0  33212  0  1561  0  1  0  0  0  0  0  0  2  0  19  458  0  0  179580  0  0  0  0  67025  23  0  0  0  197  0  201606  0  0  0  0  1  0  0  0  46017  212529  1672  0  0  0  1  0  0  0  0  0  0  321539  7051  0  0  0  0  0  0  0  0  0  0  0  0  0  0  0  0  0  0  0  0  0  0  0  0  0  0  0  0  0  0  0  0  0  0  0  0  0  0  0  0  0  0  0  0  0  0  0  0  0  0  0  0  0  0  0  0  0  0  0  0  0  0  0  0  0  0  0  0  0  0  0  0  0  0  0  
0  8906  0  4  0  0  0  0  1  0  0  0  0  0  0  0  0  1  6564  0  71  85  881  0  6  326  0  0  0  0  0  0  0  127644  21869  49  164193  0  0  0  35  1  76418  3367  23  0  0  2085  4  12175  49  0  0  1  81  0  19  0  146192  29947  16404  0  0  0  1  2  0  15  1  0  0  342067  539165  1  0  0  0  0  0  0  0  0  0  0  0  0  0  0  0  0  0  0  0  0  0  0  0  0  0  0  0  0  0  0  0  0  0  0  0  0  0  0  0  0  0  0  0  0  0  0  0  0  0  0  0  0  0  0  0  0  0  0  0  0  0  0  0  0  0  0  0  0  0  0  0  0  0  0  
6119  0  0  2  303  2603  0  0  0  2  0  50  43748  69979  42  70  1  181  0  0  0  0  1  7385  0  1  0  0  0  0  2  952  0  0  0  0  0  0  0  3427  5  0  0  1  0  0  32518  1  30530  0  0  9918  124  1  1  0  0  0  0  0  0  4594  143  44854  0  86  0  19  0  167  0  0  8  0  0  0  0  0  0  2  0  0  0  0  0  0  0  0  0  0  0  0  0  0  0  0  0  0  0  0  0  0  0  0  0  1  0  0  0  0  0  0  0  0  1  0  0  0  0  0  0  0  0  0  0  0  0  0  0  0  0  0  0  0  0  0  0  0  0  8  0  0  0  0  0  0  0  0  
358  0  0  305  1535  745  0  1  1  11  0  89329  501  93055  684  24  3  68  1  0  0  0  0  52  0  3  0  0  5  0  0  44  0  0  0  0  0  0  1846  0  46  0  0  5  31  0  528  0  77570  0  0  9963  2080  61  3  1  4  0  0  0  0  54  2  284  2  37  8  12835  13  4  0  0  1  0  0  0  0  0  0  0  0  0  0  0  0  0  0  0  0  0  0  0  0  0  0  0  0  0  0  0  0  0  0  0  0  0  0  0  0  0  0  0  0  0  0  0  0  0  0  0  0  0  0  0  0  0  0  0  0  0  0  0  0  0  0  0  0  0  0  6  0  0  0  0  0  0  0  0  
131  0  1  49314  856  779  287  331  1072  7769  0  125  0  67  454  123  16814  24950  5642  13  0  32  1302  9  11  159651  56  0  63  40  1  2000  16793  4526  1  47497  0  1  17  1431  0  1  30  21123  2975  5  200  97722  76447  1  82  827  717  681  53791  1143  648  863  11  10  190  0  40  23  2162  2937  17059  2427  253  56  136  0  36147  34345  0  0  0  3  0  1  3  1  70  5  0  2  0  2  0  0  1  13  6  0  4  0  10  0  0  110  11  0  1  0  26  45  0  0  0  34  0  1  1  0  331  0  2  1  13  8  0  65  8  0  5  7  0  1  0  42  1  1  1  1  14  0  2  0  1  227  31  6  3  0  10  0  20  0  
0  182329  0  11  0  0  0  0  0  0  30138  0  0  0  0  0  0  4  52089  49503  0  165304  0  0  0  1  0  0  0  0  0  0  0  0  0  0  0  0  0  0  0  0  0  66263  217  0  0  6  5  0  18643  0  0  2  4  0  283319  12416  472  2  3830  0  0  0  4  3  1  37  0  0  0  0  2  0  0  0  0  0  0  0  0  0  0  0  95  0  0  0  0  0  0  0  0  0  0  10  0  0  0  0  0  0  0  0  0  0  0  0  0  0  0  0  0  0  0  17  0  3  0  0  0  0  0  0  0  0  0  0  0  0  0  0  0  0  0  0  0  0  0  0  0  0  0  0  0  0  0  0  
0  0  0  0  0  5  0  2  6  11  0  0  0  0  0  0  943  1806  22  0  15  6  140339  1214  4  162  0  0  0  1  0  571  1  62833  154067  0  52369  82560  0  0  405  0  0  176  3  0  6  29139  25  52097  1  0  0  0  68  1  11  1  3598  143  2251  0  7  180  44  18  1  7  1  0  0  51740  35393  2  0  0  0  0  0  0  0  0  2  0  0  0  0  0  0  0  0  0  1  0  0  0  1  0  0  2  2  0  0  0  0  4  0  0  0  1  0  0  0  0  9  0  1  0  0  0  0  1  1  0  1  0  0  0  0  2  0  0  0  0  2  0  0  0  0  6  0  0  0  0  0  0  0  0  
22  2419  2  2614  110  541  506  1335  2268  76427  314975  38  0  7  91  112  49  7005  7497  40304  2  334850  45641  4  281  6733  6  0  42  7485  0  833  1  0  4  0  0  283  0  396  32869  71294  16  0  8853  0  726  1347  8901  79  10797  416  120  1087  12061  336  41705  133168  2080  224  65496  0  20  4  127827  5154  273  4639  1131  14  108  3  13760  42  0  0  0  1  0  0  0  1  8  4  2174  1  0  0  0  0  0  2  0  1  0  95  3  0  0  17  0  0  2  3  0  9  0  0  0  8  0  0  0  0  46  22  0  86  2  1  0  2  3  0  2  1  0  0  0  8  0  0  0  1  1  0  0  0  0  73  5  1  0  0  1  0  4  0  
27  1  78465  117557  198  2457  812  22693  12408  78  0  2026  0  20  290  13266  1353  4099  877  0  0  6  6  2  16  23410  19  263095  260512  30  1  507  3  0  0  0  0  1  2  210  1985  0  1  477  0  136842  572  9014  28278  0  146  1309  192  2475  623  495  2199  91  40  46  110  0  50  9  799  9578  174304  62777  85736  34  3611  0  735  0  0  0  0  0  0  0  0  2  7  0  0  0  0  1  0  0  0  0  0  0  0  0  3  0  0  10  0  0  0  0  0  4  0  0  0  2  0  0  0  0  23  0  0  0  1  1  0  0  1  0  0  0  0  0  0  15  0  0  0  0  0  0  0  0  1  54  2  0  0  0  0  0  3  0  
1  0  93269  19  3  15  10  68085  50483  0  0  0  0  0  3  5255  3  18  14  0  0  0  0  0  0  11  4234  29277  722  96228  0  3  0  0  0  0  0  0  0  1  39  0  0  7  84241  0  1  33  191  0  0  8  3  160  4  123  12  1  0  0  0  0  0  0  21  190  56350  3  174  1  41922  0  0  0  0  0  86  0  0  0  0  25  1433  0  0  0  0  0  0  171  0  0  0  0  0  0  0  0  0  0  0  0  0  288  0  0  0  0  0  0  0  0  0  0  0  0  0  0  0  1760  0  0  0  0  0  0  0  0  0  0  0  0  0  0  0  0  0  0  0  1  0  0  0  0  3236  0  0  0  
4492  0  0  29  513  6258  1  2  3  6  0  585  44939  1555  162  56  81  72920  2  0  0  1  73  72436  0  70  0  0  2  2  603  18758  45  12  148  0  0  1  31746  185  163  0  61  145  29  0  0  1067  27154  0  0  1993  434  277  18  1  3  0  0  0  0  280  5647  61972  25  220  93  144  113  1091  0  0  334  0  0  0  0  0  0  0  0  0  0  1  0  0  0  0  0  0  0  0  0  0  1  0  0  0  0  2  0  0  0  0  0  3  0  0  0  0  0  0  0  0  6  0  0  0  0  0  0  0  1  0  3  1  0  0  0  0  0  0  0  0  1  0  0  0  0  14  0  0  0  0  0  0  0  0  
3  1  1  327  7  107  19  6  193  2145  0  82  2  2  8  15  114977  71243  331  12  5  4  9088  2063  47  801  9  0  48  27  9  6276  85103  11300  129194  3447  81  8370  1  23  70267  1  51208  1337  1260  1  10518  0  26203  595  66  69  7  21  2858  294  198  38  803  32  290  0  95  23  789  1348  2646  109  82  42  21  4793  247725  28475  0  0  0  12  2  2  5  0  87  12  0  2  0  3  2  0  2  15  3  0  2  1  10  3  0  117  9  0  0  0  16  90  0  0  0  22  0  0  3  0  506  0  8  4  19  5  0  50  14  0  1  8  2  5  0  41  0  0  0  0  17  0  0  0  2  511  28  11  2  0  11  0  22  0  
19018  0  679  159595  14035  16886  660  630  820  5011  0  63156  1668  37390  5913  1447  45776  105486  20267  5  0  7  75  1523  31  2709  12  0  599  20  61  19196  692  3  16  2  0  0  28343  87200  80091  1  17  3797  42993  1  28047  10285  0  0  102  33712  14236  13001  1994  509  8881  2308  15  17  51  587  1433  5950  1223  5959  4880  65681  10622  1633  53  0  1986  26  0  0  0  1  0  3  1  0  22  0  0  0  0  0  0  0  0  3  3  0  3  0  0  1  0  25  1  0  0  0  5  32  0  0  0  7  0  0  0  0  72  0  0  0  4  2  0  8  9  0  1  1  0  1  0  7  0  0  1  0  1  0  0  0  1  401  14  2  2  0  1  0  7  0  
0  2  0  2  0  0  0  0  3  0  0  0  0  0  0  0  24  9  0  0  123562  4  90448  0  4  12  0  0  0  0  0  11  0  0  887  0  178444  46748  0  0  24  0  86753  241  8  0  0  1650  0  0  3  0  0  0  24  0  0  0  27750  106098  29467  0  0  0  4  0  0  3  0  0  0  26693  50594  0  0  0  0  0  0  0  0  0  0  0  0  0  0  0  0  0  0  0  0  0  0  0  0  0  0  0  0  0  0  0  0  0  0  0  0  0  0  0  0  0  0  0  0  0  0  0  0  0  0  0  0  0  0  0  0  0  0  0  0  0  0  0  0  0  0  1  0  0  0  0  0  0  0  0  
0  101375  0  55  0  4  2  7  5  1  0  0  0  0  0  2  0  6  1137  0  20743  48276  2  0  6  19  0  0  1  0  0  0  0  0  0  0  0  16  0  0  11  7667  0  9754  303  0  0  4  29  0  0  0  0  12  116  0  5899  17  21026  919  86539  0  0  0  20  16  3  105  21  0  0  0  139  0  0  0  0  0  0  0  0  0  0  0  0  0  0  0  0  0  0  0  0  0  0  42  0  0  0  0  0  0  0  0  0  0  0  0  0  0  0  0  0  0  0  0  0  3  0  0  0  0  0  0  1  0  0  0  0  0  0  0  0  0  0  0  0  0  0  0  0  0  0  0  0  0  0  0  
43467  0  0  118  16199  20333  266  303  39  20  0  97747  5  115937  281729  1301  10  1276  216  0  0  0  2  620  8  523  2  0  9875  0  3  647  0  0  0  0  0  0  18696  30405  152  0  0  23  1108  0  1895  47  19594  0  30  0  86041  75737  373  47  455  32  1  12  13  19287  44  1047  50  1655  1025  94578  2099  93  3  0  80  0  1  0  0  0  0  0  0  0  1  0  0  0  0  0  0  0  0  0  0  0  0  0  0  0  0  0  0  0  0  0  0  4  0  0  0  0  0  0  0  0  1  0  0  0  0  0  0  0  0  0  0  0  1  0  0  0  0  0  0  0  0  0  0  0  0  59  0  0  0  0  0  0  0  0  
49636  0  0  1  40528  9271  19  0  1  1  0  54  0  155  227369  23016  12  351  5  0  0  0  1  16  0  23  0  0  0  0  5  583  0  0  0  0  0  0  28  1404  36  0  0  2  10  0  109  8  4155  0  0  150846  0  24616  4  2  3  2  0  0  0  2  28  52  3  419  85  50  27  36  1  0  7  0  0  0  0  0  0  1  0  0  0  0  0  0  0  0  0  0  0  1  0  0  0  0  0  0  0  0  0  0  0  0  0  3  0  0  0  0  0  0  0  0  2  0  0  0  0  0  0  0  0  0  1  0  0  0  0  0  0  0  0  0  0  0  0  0  0  34  0  0  0  0  0  0  0  0  
301  0  7  1719  1721  33035  16764  41127  1675  4  0  35  0  8  259562  289242  14  836  240  0  0  0  1  6  34  3577  11  1  1511  18  1  134  0  0  0  0  0  0  2  334  407  0  0  99  4785  2  299  153  16889  0  55  122182  29201  0  1126  108  345  39  4  10  26  0  16  10  448  6398  6315  60492  103526  13  104  0  451  0  1  0  0  0  3  3  0  0  1  0  0  0  0  0  0  0  0  0  0  0  0  0  0  0  0  0  0  0  0  0  0  2  0  0  0  0  0  0  0  0  0  0  0  0  0  0  0  0  0  0  0  0  3  0  0  0  0  0  0  0  0  0  0  0  0  40  0  0  0  0  0  0  1  0  
1  1  0  148  3  122  207  318  5769  60  0  0  0  1  4  11  16  1453  3054  11  1  88  317  0  78200  124844  480  0  60  168  0  116  7  81  0  3801  0  6  0  4  38869  1  3  16371  772  1  25  777  1826  2  60  36  9  247  0  13265  2854  585  42  11  597  0  4  0  10676  1263  1761  3512  97  5  630  0  124720  34  0  0  0  0  0  0  0  0  6  0  0  0  0  0  0  0  0  0  0  0  0  0  0  0  0  2  1  0  0  0  2  0  0  0  0  0  0  0  0  0  11  0  0  0  1  0  0  2  0  0  0  0  0  0  0  4  0  0  0  0  0  0  0  0  0  24  1  0  0  0  0  0  0  0  
0  0  0  31  4  127  151  135  15307  15  0  1  0  0  5  4  30  1005  3881  40115  0  1  1  0  207293  92310  344020  95  1768  7373  1  149  6  0  0  0  0  0  0  6  2841  0  0  4613  12194  32  22  851  1604  0  61  94  2  317  39243  0  4558  43659  35  3  50  0  5  1  84079  3681  96247  3708  1237  2  98216  0  16685  0  0  0  0  1  0  0  0  0  2  0  0  0  0  0  0  0  0  0  0  0  0  0  0  0  0  3  0  0  0  1  0  0  0  0  0  1  0  0  0  0  0  0  0  0  0  1  0  0  0  0  0  0  0  0  0  1  0  0  0  0  0  0  0  0  0  7  2  0  0  0  0  0  1  0  
1  157812  0  83  1  9  7  1  28  2  639  0  0  0  7  0  2  71  540723  590  1  72440  1  0  20485  19  0  0  9  0  0  6  0  0  0  0  0  9  0  0  282  239884  1  33219  2114  0  3  68  371  0  19876  18  0  115  147  1719  0  45657  66848  18  12753  0  0  0  9381  22  26  13703  15  0  2  0  50086  1  0  0  0  0  0  0  0  0  0  0  0  0  0  0  0  0  0  0  0  0  0  0  0  0  0  0  1  0  0  0  0  0  0  0  0  0  0  0  0  0  0  0  0  0  0  0  0  0  0  0  0  0  0  0  0  0  0  0  0  0  0  0  0  0  0  0  2  0  0  0  0  0  1  0  
1  1953  0  110  0  14  7  0  104  4  103183  0  0  0  3  1  2  73  238405  180045  0  10418  2  0  18655  146  7  0  6  8  0  7  0  0  0  0  0  0  0  0  83  20932  0  98902  2621  0  1  89  301  0  4643  10  2  58  550  41686  73415  0  900  1  1227  0  0  0  74883  56  100  1548  8  1  12  0  1013  0  0  0  0  0  0  0  0  0  0  0  0  0  0  0  0  0  0  0  0  0  0  0  0  0  0  0  0  0  0  0  0  0  0  0  0  0  0  0  0  0  1  0  0  0  0  0  0  0  0  0  0  0  0  0  0  0  0  0  0  0  0  0  0  0  0  0  1  0  0  0  0  0  0  0  
1  115432  0  334  0  12  13  11  7  4  0  0  0  0  9  1  2  21  95163  2  2172  4694  558  0  112  45  0  0  0  0  0  2  0  0  1  0  41210  170575  0  1  146  151  92  14318  3287  0  0  98  86  377  57804  5  2  122  304  5  53007  106  0  90663  41543  0  1  0  72  70  16  1316  19  0  2  91  77421  0  0  0  0  0  0  0  0  0  0  0  0  0  0  0  0  0  0  0  0  0  0  0  0  0  0  1  0  0  0  0  0  0  0  0  0  1  0  0  0  0  0  0  0  0  0  0  0  0  0  0  0  0  0  0  0  0  0  0  0  0  0  0  0  0  0  1  0  0  0  0  0  0  0  0  
0  47674  0  76  0  5  2  1  6  2  0  0  0  0  2  1  0  18  46  0  160570  129  1432  0  13  11  0  0  1  0  0  0  0  0  66  0  194066  47962  0  0  19  5  257  7359  475  0  0  76  20  102667  21678  1  0  9  376  0  51  2  89891  0  75777  0  0  0  6  15  3  152  11  0  1  62075  16914  0  0  0  0  0  0  0  0  0  0  0  0  0  0  0  0  0  0  0  0  0  0  0  0  0  0  0  0  0  0  0  0  0  0  0  0  0  0  0  0  0  0  0  0  0  0  0  0  0  0  0  0  0  0  0  0  0  0  0  0  0  0  0  0  0  0  0  0  0  0  0  0  0  0  0  
0  27765  0  318  1  23  16  34  96  38  1883  0  0  0  10  6  6  102  841  108  196376  350868  117316  1  453  99  0  0  1  2  0  13  0  0  30  0  672  34789  0  0  254  9229  555  78388  2066  0  3  128  204  24693  100702  2  0  155  5645  14  8822  2735  36093  71084  0  0  0  0  134  91  24  2808  80  0  6  226  26315  1  0  0  0  0  0  0  0  0  2  0  24  0  0  0  0  0  0  0  0  0  4  24  0  0  0  0  0  0  0  0  0  0  0  0  0  0  0  0  0  0  0  0  0  4  0  0  0  0  0  0  37  0  0  0  0  0  0  0  0  0  21  0  0  0  0  0  0  0  0  0  0  0  0  0  
38775  0  0  0  2  51  0  0  0  0  0  0  15570  16052  42727  1  0  1  0  0  0  0  0  69941  0  0  0  0  0  0  0  19  0  0  0  0  0  0  8993  12  0  0  0  0  0  0  79  0  95  0  0  29334  14  0  0  0  0  0  0  0  0  0  2  23836  0  2  0  0  0  0  0  0  0  0  0  0  0  0  0  0  0  0  0  0  0  0  0  0  0  0  0  0  0  0  0  0  0  0  0  0  0  0  0  0  0  0  0  0  0  0  0  0  0  0  0  0  0  0  0  0  0  0  0  0  0  0  0  0  0  0  0  0  0  0  0  0  0  0  0  0  0  0  0  0  0  0  0  0  
9  0  0  1  0  11593  0  0  3  10  0  0  101  18  0  0  0  4314  0  0  2  1  91  128862  0  47  0  0  0  0  105536  123498  0  0  0  0  0  0  455  1  150  0  5  114  4  0  17115  62  111  0  0  2  2  1  4  0  1  0  0  0  2  5  0  36679  18  11  2  0  0  35423  0  0  351  0  0  0  0  1  1  0  0  0  2  0  0  0  0  0  0  0  0  1  0  0  0  0  1  1  0  4  0  0  0  0  25  3  0  0  0  0  0  0  0  0  5  0  0  0  0  0  0  1  2  0  2  0  0  0  0  2  0  0  0  0  0  0  0  0  0  10  0  0  0  0  0  0  1  0  
15011  0  0  1  1437  11213  0  0  2  3  0  92  17857  15918  70  453  12  1452  1  0  0  0  12  289438  0  10  0  0  0  0  168  10643  0  0  14  0  0  0  75305  402  40  0  88  15  3  0  77281  19  5434  0  1  1215  302  7  4  0  0  0  0  0  0  36881  16291  0  5  638  2  18  6  4850  0  0  109  0  0  0  0  0  0  0  0  0  1  0  0  0  0  0  0  0  0  0  0  0  0  0  0  0  0  0  0  0  0  0  0  7  0  0  0  0  0  0  0  0  7  0  0  0  0  0  0  0  0  0  0  0  0  0  0  1  0  0  0  0  0  0  0  0  0  44  0  1  0  0  0  0  1  0  
1  80  1  464  4  218  983  357  20285  2250  145533  5  0  1  8  8  45  2620  47173  235752  0  2083  28  0  2229  1793  125278  1  404  291508  1  494  1  0  0  1  0  3  0  40  2889  1038  3  132246  9207  3  146  1282  2926  0  2303  172  7  437  10714  42426  48672  83505  1018  32  1711  0  10  1  0  10403  1487  2593  171  15  54101  0  11340  0  0  0  0  0  0  0  0  0  4  2  3210  0  0  0  0  0  1  1  0  65  0  6  1  0  0  12  3  0  0  162  0  2  0  0  0  1  0  0  0  0  23  0  0  0  1  2  0  2  0  0  0  0  0  0  0  5  0  0  0  0  1  0  0  0  6  62  6  1  0  0  2  0  0  0  
299  0  1  286  145  163081  84452  71405  126000  130268  3  17  0  13  109  2976  178  15795  1084  2  0  14  49  155  8  3210  104  4  680  21302  3  41394  9  0  0  0  0  1  34  172  6794  0  24  8081  4706  7  424  3675  13446  1  40  1234  147  1540  3385  1467  316  135  6  1  9  2  88  664  20667  0  2652  1244  1739  84  187  0  7154  217  454  0  0  3  104  8057  686  1312  1640  97  1  1  0  7  36  88  2  79  2  0  1  29  55  13  0  229  39  1  97  18  20  1440  0  0  0  29  0  0  21  0  701  0  0  3  1242  80  39  27  40  0  3  31  67  45  0  357  2  0  0  0  5  36  23  19  3  159764  284  4  37  31  836  0  212  0  
4  0  21827  21308  24  879  1146  208  10272  12  0  0  0  1  46  558  170  1832  547  7  0  0  2  0  38  302201  122850  165303  2718  13886  0  222  1  0  0  0  0  0  0  3  16771  0  0  1912  107212  58062  17  2334  3959  0  24  86  33  1225  6974  115538  122  470  3  1  8  0  10  5  3436  13851  0  2694  7630  6  40657  0  213  0  0  0  0  0  1  0  0  0  2  0  0  0  0  1  0  0  0  1  0  0  0  0  1  0  0  12  0  0  0  0  0  3  0  0  0  4  0  0  0  0  14  0  0  0  1  1  0  0  0  0  0  0  0  1  0  1  0  0  0  0  0  0  0  0  0  13  0  0  0  0  2  0  1  0  
266  1  0  45906  782  2632  522  27  336  3  0  77970  0  287  84658  178  16  1682  835  1  0  0  0  15  58  3231  7  0  147475  4  1  321  0  0  0  0  0  1  131  4353  376  0  1  79  125592  2  2734  29  51094  0  160  126754  747  46811  2112  181  1975  102  21  18  64  9  48  51  125  1498  5282  0  42033  33  222  0  557  0  0  0  0  0  0  5  1  0  0  0  0  0  0  0  0  0  0  0  0  0  0  0  0  0  0  0  0  0  0  0  0  2  0  0  0  0  0  0  0  0  2  0  0  0  0  0  0  0  0  0  0  1  0  0  0  0  0  0  0  0  0  0  0  0  0  91  0  0  0  0  0  0  0  0  
49  0  17098  3165  256  4107  4446  52305  4870  8  0  35  0  20  22778  57346  105  1084  526  1  0  0  2  1  0  2220  7  24  168745  3  2  153  2  0  0  0  0  0  3  358  477  1  0  84  78610  200  90  1219  6293  0  9  4301  356  125415  153  170  746  44  0  2  9  0  11  3  115  8453  16658  38158  0  8  3350  0  94  0  0  0  0  0  0  1  0  0  4  0  0  0  0  0  0  0  0  0  0  0  0  0  0  0  0  2  1  0  0  0  0  2  0  0  0  1  0  0  1  0  8  0  0  0  0  0  0  0  0  0  0  1  0  0  0  0  0  0  0  0  0  0  0  0  0  27  1  0  0  0  0  0  1  0  
28378  0  0  0  28942  147557  0  0  2  5  0  1  0  16  5  51394  2  831  2  0  2  0  40  57602  0  22  0  0  0  1  121760  79028  0  0  0  0  0  0  36  5  81  0  1  49  1  0  724  27  198  0  0  23  1  1  4  0  0  0  0  0  0  1  33227  10222  7  34  0  1  0  0  0  0  228  0  1  0  0  0  0  799  0  0  2  1  0  0  0  0  0  399  0  0  0  0  0  0  0  10  0  1  1  0  0  0  1697  212  0  0  0  0  0  0  0  0  1  0  0  0  1  0  0  0  0  0  0  2  1  1  0  0  0  0  0  0  0  0  5  0  0  14  2  2  0  634  0  0  1  0  
1  0  2  16  0  32  35  54  129320  9  0  0  0  0  0  6  17  410  904  381  0  0  0  0  14  835  19840  33  306  148569  0  50  0  0  0  0  0  0  0  0  1195  0  0  270  2048  43969  5  719  435  0  5  20  0  138  564  76662  550  75  2  0  7  0  0  0  31841  2608  34937  70  358  1  0  0  116  0  0  0  0  0  1  0  1  3  1631  13  15  0  0  0  0  0  0  0  0  3  0  0  1  0  0  3  0  0  0  8413  0  0  0  0  0  0  0  0  0  0  10  0  0  0  0  8  0  1  0  0  0  0  0  0  0  0  0  0  0  0  0  0  0  0  0  19  0  0  0  0  58717  0  0  0  
0  0  0  0  0  0  0  0  0  0  0  0  0  0  0  0  1  3  0  0  5  0  357  0  0  0  0  0  0  0  0  2  0  135  17989  0  400914  329742  0  0  3  0  30919  40  2  0  0  1073  0  36817  0  0  0  0  0  0  0  0  10800  61786  2589  0  0  0  2  0  0  1  0  0  0  0  48145  0  0  0  0  0  0  0  0  0  0  0  0  0  0  0  0  0  0  0  0  0  0  0  0  0  0  0  0  0  0  0  0  0  0  0  0  0  0  0  0  0  0  0  0  0  0  0  0  0  0  0  0  0  0  0  0  0  0  0  0  0  0  0  0  0  0  0  0  0  0  0  0  0  0  0  
4  31  0  548  14  166  143  101  617  440  1  1  0  3  79  17  527  13291  132484  451  67  262  21028  14  333938  16770  0  0  29  66  0  5032  12026  191257  61398  8742  1846  608306  3  13  18757  9  64604  37633  7347  0  81  254014  2448  24484  5073  37  12  1267  180015  24088  42028  1006  63182  11870  48065  0  83  28  16975  649  62  30637  104  47  36  38331  0  6841  0  0  0  1  0  0  1  1  27  1  0  0  0  0  1  0  0  3  0  0  2  0  2  0  0  41  2  0  0  0  13  35  0  0  0  12  0  0  0  0  142  0  2  0  2  1  0  24  7  0  3  5  0  0  0  10  0  0  2  0  5  0  0  0  1  89  8  4  0  0  6  0  7  0  
0  0  0  75  1  1  0  0  4  306  0  0  0  1  0  0  9  771  6  0  0  0  5  0  0  187  0  0  0  0  0  16  115348  26883  12  58893  0  0  0  3  27925  0  1  136  24  0  1  45710  539  0  1  7  1  0  262  0  10  0  0  0  0  0  0  0  14  108  2  6  0  1  0  0  13369  0  0  0  0  0  0  0  1  0  3  1  0  0  0  0  0  0  0  2  0  0  1  0  0  0  0  3  0  0  0  0  1  2  0  0  0  0  0  0  0  0  25  0  1  0  1  0  0  3  0  0  0  0  0  0  0  1  0  0  0  0  1  0  0  0  0  20  0  0  0  0  1  0  0  0  
0  0  0  0  0  17  0  0  0  0  0  0  0  0  0  0  0  0  0  0  0  0  0  0  0  0  0  0  0  0  92  0  0  0  0  0  0  0  0  0  0  0  0  0  0  0  0  0  0  0  0  0  0  0  0  0  0  0  0  0  0  0  0  0  0  10  0  0  0  38  0  0  0  0  0  0  0  13  68025  18673  52  1  50  1  0  39  1425  2086  16629  23424  1  22  1  0  0  0  1  146931  0  13  4  0  0  0  34144  3182  0  0  0  1  0  0  25908  0  61  0  1  1  79  6  2026  0  2528  0  0  10758  98024  27  0  233  1  0  0  0  0  98733  1690  5862  9  1870  9  13  4  29328  41  0  16  0  
0  0  0  0  0  0  0  0  0  0  0  0  0  0  0  0  0  0  0  0  0  1  0  0  0  0  0  0  0  0  0  0  0  0  0  0  0  0  0  0  0  0  0  0  0  0  0  1  0  0  0  0  0  0  0  0  0  0  0  0  0  0  0  0  0  0  0  0  0  0  0  0  1  0  0  0  0  3  0  0  0  0  4  1  0  0  0  0  0  0  0  0  218957  0  116550  1  2  0  1  3  0  0  0  0  0  0  0  0  0  0  676  2137  0  0  5  80091  0  2  0  0  0  0  4  0  115798  0  0  1  0  2  4316  0  65054  59759  2390  0  0  0  0  1  0  0  0  0  0  214  107  0  
0  0  551  0  0  0  0  286  7  0  0  0  0  0  0  312  0  0  0  0  0  0  0  0  0  0  0  0  0  0  0  0  0  0  0  0  0  0  0  0  0  0  0  0  0  121  0  0  0  0  0  0  0  0  0  0  0  0  0  0  0  0  0  0  0  0  0  0  0  0  0  0  0  0  0  0  0  0  0  0  158  6040  54  0  0  0  0  0  0  157346  0  0  0  0  0  0  0  0  0  2  34436  43500  91084  20349  0  0  0  0  0  1  0  0  0  0  3  0  0  0  136588  140954  0  0  0  0  0  0  0  2  0  4  0  0  0  0  0  0  0  0  0  0  42449  0  120  0  23  0  0  0  
0  0  0  0  0  0  0  0  0  0  0  0  0  0  0  0  0  0  0  0  0  0  0  0  0  0  0  0  0  0  0  0  0  0  0  0  0  0  0  0  0  0  0  0  0  0  0  1  0  0  0  0  0  0  0  0  0  0  0  0  0  0  0  0  0  4  0  0  0  0  0  0  0  0  5  0  0  0  19  60  209  34  1111  46  0  130940  0  34  32  13  174  548  41  0  0  0  14  5  1  172787  80  40532  43583  0  1  9  7195  223  56  1703  0  0  25  17  38842  0  0  10  36854  152  168  295  180453  0  2  207  41  86  253  4578  18  2  1  0  3  2  4  6  83  803  779  43942  420  0  939  0  77  10  
0  0  0  0  0  5  0  1  0  0  0  0  0  0  0  2  0  0  0  0  0  0  0  0  0  0  0  0  0  0  0  0  0  0  0  0  0  0  0  0  0  0  0  0  0  0  0  0  0  0  0  0  0  0  0  0  0  0  0  0  0  0  0  0  0  53  0  0  0  0  0  0  0  0  48035  0  0  16  0  101292  425  98  840  4  0  168  1  986  32625  171715  1  45  7  0  0  0  17  42  0  149  199  0  6  0  9  2282  0  0  0  62  0  0  1232  0  265  0  0  15  72  88  2459  0  3746  0  0  4633  204191  929  3  4516  4  8  0  0  2  4552  88  582  58  2363  805  38  79  12760  377  0  40  0  
0  0  0  0  8  4310  88  18  0  0  0  0  0  0  0  953  1  5  0  0  0  0  1  0  0  0  0  0  0  0  23  468  0  0  0  0  0  0  0  0  1  0  0  0  0  0  0  1  14  0  0  0  0  1  0  0  0  0  0  0  0  0  0  1  0  6578  0  0  0  333  0  0  2  0  15028  0  0  8  196949  0  121013  4161  1140  6  0  981  5  1066  39807  273896  6  254  7  0  1  1  75  59956  2  89  53  1  15  0  2291  79169  0  0  0  20  0  0  402  0  385  0  1  7  260  962  1535  11  2153  0  3  6512  23450  35629  1  1591  3  1  1  0  5  267  29269  20343  18  217135  200  52  421  78445  258  0  283  0  
0  0  0  0  0  173  2061  60  0  0  0  0  0  0  0  1397  0  0  0  0  0  0  0  0  0  0  0  0  0  0  0  2  0  0  0  0  0  0  0  0  0  0  0  0  0  0  0  0  0  0  0  0  0  0  1  0  0  0  0  0  0  0  0  0  0  243  0  0  0  0  0  0  0  0  16  0  2  57  222  150804  0  130176  14280  2  0  108  0  61  4930  171985  0  151  8  0  1  0  40  8  2  481  56  3  254  0  0  103  0  0  0  27  0  0  3  0  347  0  0  2  485  3157  198  1  465  0  1  4296  1177  131322  3  6398  4  1  5  0  7  9  25  6  70  89627  172  560  3684  0  9774  0  213  0  
0  0  1  0  0  21  908  13961  2993  1  0  0  0  0  0  4746  0  4  0  0  0  0  1  0  0  0  0  0  0  5  0  0  0  0  0  0  0  0  0  0  5  0  1  0  0  42  0  3  0  0  0  0  0  0  0  0  0  0  0  0  0  0  0  0  0  1391  1  0  0  0  1  0  1  0  0  0  686  20  11  1583  112166  0  49178  4  0  1  0  1  28  176118  5  807  19  0  1  0  349  15  2  125  40  4  58504  18  0  4  0  0  0  15  0  0  0  0  1259  0  3  4  23926  76195  61  15  207  0  5  15  29  10490  0  1802  4  0  13  2  14  0  86  0  123  89828  115  22  147591  0  1826  0  778  0  
0  0  23  0  0  0  11  196  25948  57  0  0  0  0  0  30  0  5  1  0  0  0  0  0  0  0  0  0  0  8294  0  0  0  0  0  0  0  0  0  0  1  0  0  7  0  933  0  3  3  0  0  0  0  0  3  0  1  0  0  0  0  0  0  0  5  860  0  0  0  0  3709  0  1  0  1  0  87  224  9  21  21325  35135  0  25962  0  4  0  10  58  311  2  131  238  0  0  2  77  3  10  3300  388  5  48  8833  0  5  0  0  0  989  10  5  5  0  5459  0  2  6095  272  49902  29  35  650  0  4  35  59  297  1  1073  199  25  18  18  152  2  5  1  2614  111546  1575  181  191  0  81737  0  270  0  
0  0  0  0  0  0  0  0  423  70  0  0  0  0  0  0  0  0  0  0  0  31  1  0  0  0  0  0  0  2186  0  0  0  0  0  0  0  0  0  0  2  0  0  8  0  0  0  9  1  0  0  0  0  0  1  0  0  0  0  0  2  0  0  0  4  84  0  0  0  0  70  0  3  0  8  0  0  285  8  13  52  10  39761  0  0  16  0  10  13  0  3  77  142  0  9  1959  8076  2  14  6591  124  0  24  17518  1  5  0  0  1  995  106  15  5  0  6558  0  13  39610  173  189  48  244  818  1  46  24  37  40  0  569  36  4  35  248  1741  2  2  1  618  34463  497  71  31  0  10079  1  191  0  
0  0  0  0  0  0  0  0  0  2  27882  0  0  0  0  0  0  0  0  5255  0  5946  0  0  0  0  4  0  0  11552  0  0  0  0  0  0  0  0  0  0  0  38  0  1687  0  0  0  0  0  0  0  0  0  0  0  0  0  1  0  0  25  0  0  0  984  1  0  0  0  0  3  0  0  0  0  0  0  0  0  0  0  0  0  23  0  0  0  0  0  0  0  0  261  188127  0  33807  0  0  0  0  5  0  0  12334  0  0  0  0  0  0  0  0  0  0  3  54433  0  227718  0  0  0  0  0  0  1  0  0  1  0  1  78  55065  0  0  5  0  0  0  101241  2  0  0  0  0  1  0  0  0  
0  0  0  0  0  1  0  0  0  0  0  0  0  0  0  0  0  0  0  0  0  0  0  0  0  0  0  0  0  0  0  0  0  0  0  0  0  0  0  0  0  0  0  0  0  0  0  0  0  0  0  0  0  0  0  0  0  0  0  0  0  0  0  0  0  15  0  0  0  0  0  0  0  0  16  0  0  167644  260  636  158  0  90  1  0  0  212  58370  533  9  686  10204  4  0  0  0  4  573  0  850  9  4  1577  0  0  57  3868  292  1631  8  0  0  2815  53670  52  0  0  1  181  7  686  279  127602  0  1  38301  172  31  1  294  7  0  0  0  0  2  5  5  10  1028  15  102055  9  0  39  0  14  3  
0  0  0  0  0  0  0  0  0  0  0  0  0  0  0  0  0  0  0  0  0  0  0  0  0  0  0  0  0  0  0  0  0  0  0  0  0  0  0  0  0  0  0  0  0  0  0  0  0  0  0  0  0  0  0  0  0  0  0  0  0  0  0  0  0  0  0  0  0  0  0  0  0  0  1154  0  0  0  7  78  3  0  0  0  0  214  0  21819  1333  0  0  37  0  0  0  0  0  59778  0  0  0  0  0  0  3  26  0  8  4  0  0  0  58184  1  18  0  0  0  11  0  55172  0  37  0  0  22  1  0  0  3  0  0  0  0  0  48991  1564  23783  0  8  0  0  0  0  1  0  0  0  
0  0  0  0  0  0  1  0  0  0  0  0  0  0  0  0  0  0  0  0  0  0  0  0  0  0  0  0  0  0  0  0  0  0  0  0  0  0  0  0  0  0  0  0  0  0  0  0  0  0  0  0  0  0  0  0  0  0  0  0  0  0  0  0  0  10  0  0  0  0  0  0  0  0  3160  0  0  20  2639  2236  131  2  106  3  0  100467  21527  0  12378  1  0  154  2  0  0  0  3  1055  0  18  15  0  5  0  2  118  0  0  0  9  0  0  106782  34161  34  0  0  2  25  13  12254  1  66229  0  0  134938  1684  58  0  510  0  1  0  0  0  19094  21  20  7  1641  48  750  18  1  69  0  12  0  
0  0  0  0  0  1  0  0  1  0  0  0  0  0  0  0  0  0  0  0  0  0  0  0  0  0  0  0  0  0  0  0  0  0  0  0  0  0  0  0  0  0  0  1  0  0  0  0  0  0  0  0  0  0  0  0  0  0  0  0  0  0  0  0  0  21  0  0  0  0  0  0  0  0  19474  0  0  32  26641  33787  1527  45  345  3  0  603  6627  27242  0  32101  0  80  4  0  0  0  7  29831  0  108  30  0  62127  0  0  92  0  0  0  25  0  0  10  0  140  0  1  5  2540  24  110  2  495  0  0  501280  655070  213815  11  2358  3  2  1  0  0  53626  12  15  49  1533  335  74073  79322  0  227  0  63  0  
0  0  119  0  16  1623  108  7554  30  0  0  0  0  0  0  9072  0  0  0  0  0  0  0  0  0  0  0  0  0  0  500  190  0  0  0  0  0  0  0  0  0  0  0  0  0  114  0  0  0  0  0  0  0  0  0  0  0  0  0  0  0  0  0  0  0  27  0  0  0  649  0  0  0  0  27826  0  112970  28  224541  316171  236245  183931  348  2  0  6  0  10  45134  0  1  19  2  0  0  0  4  5119  0  93  22  98  112046  85  21463  173  0  0  0  8  0  0  4  0  74  0  0  0  29045  20829  10  0  151  0  0  98  28661  316334  2  950  2  0  0  0  1  2  681  696  30  742  98  70  82746  113313  349  0  19  0  
0  0  0  0  0  0  0  0  0  12  0  0  0  0  0  0  0  5  0  0  0  0  0  0  0  0  0  0  0  0  0  1  0  0  0  0  0  0  0  0  1  0  0  2  0  0  0  4  4  0  0  0  0  0  1  0  0  0  0  0  0  0  0  0  0  8  0  0  0  0  0  0  4  0  1  0  1  251  5  1  17  5  231  53  0  1152  0  2  1  1  0  142462  7  0  1  0  55189  3245  0  875  30  1  61  0  6  29  8864  12  48648  85  0  2  0  0  23601  0  12308  8  2901  42  2108  92741  22447  5  6  4  1  9  0  982  0  0  2  1  27  1  67  19  34  397  136  3  68  0  242  7  238  2  
0  0  0  0  0  3  0  0  0  6  0  0  0  0  0  0  0  8  0  0  0  0  1  0  0  0  0  0  0  1  0  1  0  0  0  0  0  0  0  1  3  0  0  1  0  0  0  9  3  0  0  0  0  0  1  1  1  0  0  0  0  0  0  0  3  12  1  0  0  0  0  0  7  0  70  0  0  754  151  534  572  19  823  69  0  7320  0  269  411  3  104465  0  18  0  2  0  58749  60735  2  598  69  2  62  0  87  322  1452  17  10662  102  0  4  5  155  5313  0  5173  12  2470  118  71744  3418  79683  3  6  294  226  76  0  4372  9  3  5  5  40  7  2374  725  93  912  202  9  145  0  545  4  387  0  
0  0  0  0  0  0  0  0  0  0  0  0  0  0  0  0  0  0  0  0  0  0  0  0  0  0  0  0  0  2  0  0  0  0  0  0  0  0  0  0  0  0  0  0  0  0  0  0  0  0  0  0  0  0  0  0  0  0  0  0  0  0  0  0  0  13  0  0  0  0  0  0  1  0  12  218395  0  707  40  73  271  45  171  5  421  50  0  36  103  21  2  87  0  29101  1041  10094  8  2  55176  1073  77  17  69  2  0  6  0  0  0  15  47  10222  8  0  388  110650  1  48469  1371  35  147  33  2813  0  62827  243  459  532  1  47254  527562  294590  59752  152  35770  11  3  5  3602  276  54  3669  92  0  175  6528  133152  0  
0  0  0  0  0  0  0  0  0  0  117  0  0  0  0  0  0  0  0  20  0  0  0  0  0  0  12  0  0  287  0  0  0  0  0  0  0  0  0  0  0  0  0  0  0  0  0  0  0  0  0  0  0  0  0  0  0  0  0  0  0  0  0  0  48  0  0  0  0  0  2  0  0  0  0  0  0  0  0  0  0  0  1  0  178177  0  0  0  0  0  0  0  34757  0  0  24  0  0  1815  0  53925  0  0  13462  0  0  0  0  0  0  0  0  0  0  1  72194  0  83785  0  0  0  0  0  0  17  0  0  0  0  62728  8746  158287  0  0  46  0  0  0  65450  0  0  0  0  0  59  0  0  0  
0  2  0  0  1  0  0  0  0  17  0  0  0  0  0  0  0  14  1  0  1  23  5  0  0  6  0  0  0  0  0  5  0  0  0  0  0  0  0  0  58  0  0  13  0  0  0  23  10  0  2  1  1  0  3  0  1  0  0  0  1  0  0  0  1  11  0  0  1  0  0  0  31  0  0  116132  0  24  0  3  1  1  53  16  0  1  0  0  0  0  3  10  1106  0  0  2517  66439  9  8  142  3  0  0  0  116  404  0  1  7  29  38520  430  1  0  346  5652  616  8  9  6  1  94  49  145220  77924  2  0  3  0  64  31  1  43350  275904  308125  0  23  0  0  75  20  6  0  0  14  181  9736  1  
0  5  0  0  0  0  0  0  2  150  1184  0  0  0  0  0  0  5  0  0  1  7291  4  0  0  4  0  0  0  518  0  1  0  0  0  0  0  0  0  1  25  23  0  155  1  0  0  7  1  0  3  0  0  0  0  0  0  0  0  0  9  0  0  0  3  125  0  0  0  0  0  0  11  0  0  11  0  3  0  0  2  0  32  1687  18375  0  0  0  1  0  0  8  11409  78  3343  0  29031  3  1  120  3  0  0  4657  40  158  0  0  0  26  0  0  0  0  189  147006  8  327557  4  3  3  19  13  0  23008  2  2  4  0  34  16963  87  137  2  257215  0  9  0  362  63  12  8  0  0  9  0  118  0  
0  0  0  0  0  1  0  0  0  26  0  0  0  0  0  0  0  15  0  0  0  5  1  0  0  3  0  0  0  3  0  2  0  0  0  0  0  0  0  1  24  0  0  9  0  0  0  19  7  0  0  0  0  0  6  0  2  0  0  0  0  0  1  0  4  17  1  0  0  0  0  0  19  0  0  2  1  161  12  6  39  4  1220  6232  0  14  0  5  5  1  31613  64778  89  0  61882  17306  0  13341  45  3769  84  0  9  2  108  650  0  8  84973  749  2269  97  5  0  4971  1  185139  31625  97  222  251  5873  460  92008  160  21  22  59  0  1149  73  2  103  2277  214290  0  875  13  167  683  286  25  40  0  734  13  11241  20  
0  0  0  0  0  2  0  0  0  3  0  0  0  0  0  0  0  4  0  0  0  0  4  12  0  1  0  0  0  0  562  3  0  0  0  0  0  0  0  0  5  0  0  2  0  0  0  4  1  0  0  0  0  0  1  0  0  0  0  0  0  0  3  0  2  3  0  0  1  26  0  0  3  0  140022  0  0  3  337  27678  53  1  83  4  0  611  109437  1848  34550  4174  2504  74378  2  0  7  5  26571  0  0  37  6  0  5  0  87779  8945  6  703  1163  6  0  1  54310  0  1273  0  1962  0  216  14  169968  243  334  0  3  130  36  13  0  299  1  1  0  0  10  95994  231831  421674  8  280  28  3  12  26777  40  0  119  0  
0  0  0  0  0  0  0  0  0  0  0  0  0  0  0  0  0  0  0  0  0  0  0  0  0  0  0  0  0  6  0  0  0  0  0  0  0  0  0  0  0  0  0  0  0  0  0  0  0  0  0  0  0  0  0  0  0  0  0  0  0  0  0  0  0  0  0  0  0  0  0  0  0  0  0  0  0  60  8  9  19  0  107  4  0  1  0  2  7  0  0  3  51787  220  279  3  17  1  0  177453  28343  1  5  7  0  0  1  19535  0  57349  150  424  0  0  2674  0  3  1271  68  2  10  43  205  1  1443  15  15  38  57927  258764  47  4030  901  427  2783  1  0  0  47  27  265  115  2  0  62  22  351318  0  
0  0  0  0  0  1  1  0  0  2  0  0  0  0  0  0  0  1  0  0  0  0  0  0  0  0  0  0  0  0  0  1  0  0  0  0  0  0  0  0  1  0  0  0  0  0  0  2  5  0  0  0  0  0  1  0  0  0  0  0  0  0  0  0  1  45  1  0  0  0  0  0  1  0  64  0  5  110741  67  275  734  121  3073  375  0  449  0  433  246  49  484  641  171  0  1  3  106  26  112656  0  8188  72616  298  4  4  44  28920  8098  0  220345  24  421  94  0  174561  0  4  104  56045  572  1466  192  14123  0  23  749  329  1578  67953  73749  91  21  18  74  186  9  27  23  127  8323  188736  2746  829  0  2026  6  13708  564  
0  0  0  0  0  0  0  0  0  0  0  0  0  0  0  0  0  0  0  2  0  0  0  0  0  0  9  0  0  309  0  0  0  0  0  0  0  0  0  0  0  0  0  0  0  0  0  0  0  0  0  0  0  0  0  0  0  0  0  0  0  0  0  0  0  3  0  0  0  0  0  0  0  0  2  0  47781  6  61  29  106  19  252  1  9  0  0  0  13  5  1  11  28  57774  1  0  4  0  11918  24333  0  827  142  260691  0  2  0  0  0  138  0  0  1  0  1336  0  0  5  210  30786  18  3  32  0  2  20  31  101  3371  334359  3  263  0  1  1  0  2  1  22809  588  232861  6  254  0  42054  0  33  0  
0  0  0  0  0  0  0  0  0  0  0  0  0  0  0  0  0  0  0  0  0  0  0  0  0  0  0  0  0  0  0  0  0  0  0  0  0  0  0  0  0  0  0  0  0  0  0  0  0  0  0  0  0  0  0  0  0  0  0  0  0  0  0  0  0  1  0  0  0  0  0  0  0  0  0  0  46288  46471  3  7  18  3  29  1  0  4  0  4  9  1260  0  14  0  0  0  0  4  0  0  91667  726  0  20199  0  0  1  1  0  0  4  0  0  1  0  25  0  0  0  380025  2798  31  0  761  0  0  13  29  17  1  66  0  0  0  0  0  0  0  2  0  92  205913  178  17  0  12  0  13  0  
0  0  1  0  0  0  0  1  0  0  0  0  0  0  0  1  0  1  0  0  0  0  0  0  0  0  0  0  0  0  0  0  0  0  0  0  0  0  0  0  1  0  0  0  0  0  0  0  0  0  0  0  0  0  0  0  0  0  0  0  0  0  0  0  0  18  0  0  0  0  0  0  0  0  0  0  61600  55180  15  28  379  29688  463  1  0  4028  0  5  56327  96183  7  65  6  0  0  0  15  1  0  81  49  29344  0  1  0  4  0  0  0  19  0  0  0  0  348  0  1  1  427661  3188  89  5  1310  0  3  2215  17  1144  2  1515  5  1  0  1  4  0  5  1  86  190  620  158275  230352  0  187  0  145  0  
0  0  151  0  0  0  0  6  3086  21  72  0  0  0  0  6  0  0  0  37  0  17  0  0  0  0  486  0  0  73471  0  0  0  0  0  0  0  0  0  0  0  0  0  4  0  428  0  0  0  0  0  0  0  0  0  0  0  1  0  0  0  0  0  0  54  24  0  0  0  0  5091  0  0  0  0  0  21666  0  0  0  0  366  12379  18496  16243  0  0  0  0  183  1  0  2  17621  0  7428  0  0  1  1  235460  0  0  0  0  0  0  0  0  0  0  0  0  0  15  0  0  11335  4  128415  0  0  2  0  0  1  0  0  0  46171  0  66  0  0  0  0  0  0  207657  19  325  1  0  0  167168  0  1  0  
0  0  0  0  1  628  0  0  0  9  0  0  0  0  0  3  0  11  1  0  0  0  0  57  0  0  0  0  0  1  8505  180  0  0  0  0  0  0  0  0  6  0  0  1  0  0  1  12  8  0  0  1  0  0  0  0  0  1  0  0  0  0  9  0  0  19  0  0  0  2167  0  0  5  0  21080  0  0  5  74  7133  3  0  72  1  0  1  1  7  0  15765  26  1060  2  0  1  1  1961  82613  0  50  1  0  1  1  0  61739  0  0  2  3  0  0  12  0  397  0  4  1  393  8  179  51  61  0  4  29  7  1  0  241  0  0  1  1  6  41  138781  380  10  108  12  0  12  83524  44  0  104  0  
8  0  0  0  3  227  0  0  0  5  0  0  0  1  0  18  3  65  4  0  0  0  19  5  0  7  0  0  0  0  91  21111  0  0  0  0  0  0  0  0  19  0  0  10  3  0  13  12  60  0  0  2  0  0  1  1  2  0  0  0  0  0  6  13  3  298  0  1  2  98  0  0  24  0  1641  0  0  28  336  50296  30  11  169  19  0  5  3  18  21  109  11  959  8  0  9  18  793  3229  4  166  16  1  13  0  53765  0  0  0  2  29  0  0  93  0  742  0  18  8  752  23  595  204  143  0  18  129  46  14  0  670  2  0  7  4  17  178  75536  1989  12  28732  47  1  28  14145  93  0  1397  0  
0  0  0  0  0  0  0  0  0  0  0  0  0  0  0  0  0  0  0  0  0  0  0  0  0  0  0  0  0  0  0  0  0  0  0  0  0  0  0  0  0  0  0  0  0  0  0  0  0  0  0  0  0  0  0  0  0  0  0  0  0  0  0  0  0  0  0  0  0  0  0  0  0  0  0  0  0  5081  0  0  0  0  0  0  0  2938  0  0  0  0  9070  557  0  0  0  0  0  0  1  19574  0  0  0  0  0  0  0  42441  52402  79742  0  0  0  0  73915  0  0  0  0  0  0  83196  1193  0  0  0  0  0  0  0  0  0  0  0  0  0  0  0  0  0  0  0  0  0  0  0  3  72802  
0  0  0  0  0  0  0  0  0  0  0  0  0  0  0  0  0  0  0  0  0  0  0  0  0  0  0  0  0  0  0  0  0  0  0  0  0  0  0  0  0  0  0  0  0  0  0  0  0  0  0  0  0  0  0  0  0  0  0  0  0  0  0  0  0  0  0  0  0  0  0  0  0  0  0  0  0  483  0  0  0  0  5  0  0  815  83  0  0  0  7  3  0  0  0  0  22  1201  18154  9246  0  0  0  0  0  0  36924  0  298624  127323  6  34129  0  0  11177  0  72391  0  0  0  4  21677  8  9  0  0  0  0  0  3  0  0  2  6  66  0  0  103  0  0  0  1  0  0  5  36  316531  61516  
0  0  0  0  0  0  0  0  0  4  0  0  0  0  0  0  0  3  0  0  0  0  0  0  0  0  0  0  0  0  0  2  0  0  0  0  0  0  0  0  1  0  0  2  1  0  0  7  1  0  0  0  0  0  1  0  0  0  0  0  0  0  0  0  0  3  0  0  0  0  0  0  4  0  0  0  0  69  0  0  0  0  65  9  0  1390  41  0  0  0  35167  12225  7  0  17  2  68830  1828  4  137  3  0  0  0  3  28  54743  217557  0  36  85  17722  0  0  320  0  110560  3  0  4  466  154556  128  5560  5  0  1  1  0  114  1  0  5  283  179  0  2  114  1  73  8  1  1  0  10  4292  36931  28305  
0  0  0  0  0  0  0  0  0  0  0  0  0  0  0  0  0  0  0  0  0  0  0  0  0  0  0  0  0  0  0  0  0  0  0  0  0  0  0  0  0  0  0  0  0  0  0  0  0  0  0  0  0  0  0  0  0  0  0  0  0  0  0  0  0  1  0  0  0  0  0  0  1  0  3  1  0  1349  17  112  200  7  224  15  0  19  0  2  150  15  17  22  121  0  61  7  147  0  25377  171255  24  7  11  0  1  3  50177  144595  3  0  260  71  1  0  146133  0  256  804  314  32  33  1008  538  28  16  139  173  962  32569  5976  82  9  181  749  1424  1  2  1  13  294  2221  265  162  0  98  88  62843  59524  
0  0  0  0  0  0  0  0  0  0  0  0  0  0  0  0  0  0  0  0  0  0  0  0  0  0  0  0  0  0  0  0  0  0  0  0  0  0  0  0  0  0  0  0  0  0  0  0  0  0  0  0  0  0  0  0  0  0  0  0  0  0  0  0  0  0  0  0  0  0  0  0  0  0  0  3208  0  1  0  0  0  0  32  1  0  1  0  0  0  0  0  1  1  0  24032  2  2659  0  3  22  1  0  1  0  0  0  0  7  17  3  0  147815  0  0  129  0  92835  2  0  1  1  33  2  104395  0  0  0  0  0  10  1  0  21043  213824  1927  0  0  0  0  4  1  1  0  0  3  292026  2604  2  
0  0  0  0  0  0  0  0  0  0  0  0  0  0  0  0  0  0  0  0  0  0  0  0  0  0  0  0  0  0  0  0  0  0  0  0  0  0  0  0  0  0  0  0  0  0  0  0  0  0  0  0  0  0  0  0  0  0  0  0  0  0  0  0  0  0  0  0  0  0  0  0  0  0  0  8730  0  12  0  0  2  1  29  1  0  0  0  0  1  0  1  1  1254  0  413  0  876  0  159  266  2  0  2  0  0  0  0  26622  12407  10  142919  0  0  0  152  0  104077  9  4  0  0  16854  33  47520  40  0  1  0  0  20  17  0  104501  14392  1895  0  0  0  0  9  3  3  0  0  9  317605  504908  319  
0  0  0  0  0  0  0  0  0  0  0  0  0  0  0  0  0  0  0  0  0  0  0  0  0  0  0  0  0  0  0  0  0  0  0  0  0  0  0  0  0  0  0  0  0  0  0  0  0  0  0  0  0  0  0  0  0  0  0  0  0  0  0  0  0  0  0  0  0  0  0  0  0  0  34482  0  0  911  2222  6567  57  3  101  7  0  2618  48319  100877  15  2  2  108  0  0  0  0  5  9437  0  22  9  0  15  0  94  1019  0  0  0  2  0  0  0  341  202  0  0  0  239  12  28288  0  67183  0  1  8083  2005  30  0  353  1  0  0  0  1  13071  5161  19645  10  377  20  2279  18  16  53  0  7  0  
0  0  0  0  0  0  0  0  0  0  0  0  0  0  0  0  0  0  0  0  0  0  0  0  0  0  0  0  0  0  0  0  0  0  0  0  0  0  0  0  0  0  0  0  0  0  0  0  0  0  0  0  0  0  0  0  0  0  0  0  0  0  0  0  0  0  0  0  0  0  0  0  0  0  0  0  0  2351  1  0  0  0  0  0  0  81349  1  42930  1  0  0  97  0  0  0  0  0  0  0  0  0  0  0  0  0  0  0  0  0  1  0  0  1231  0  1  0  0  0  0  0  537  0  27476  0  0  791  0  0  0  0  0  0  0  0  0  0  0  0  0  0  0  9522  0  0  0  0  0  0  
0  0  0  0  2  3  0  0  18  195  0  1  0  0  0  1  0  105  1  0  0  0  2  0  0  7  0  0  0  39  0  15  0  0  0  0  0  0  0  3  89  0  0  98  1  0  1  165  69  0  3  0  0  0  31  1  6  0  0  0  0  0  0  0  25  273  1  1  0  0  0  0  125  2  57  0  6  48282  365  289  904  189  25151  3685  0  129  1  103  209  55  22777  12207  3453  1  56  26  15368  315  2501  174721  1207  33  888  13  92  391  61122  12703  83  123087  316  206  31  0  0  0  5116  1632  26677  1851  1009  95294  36507  107  74  405  705  1079  14658  31312  1528  229  255  1027  4428  15  1857  70  471  53116  5577  2691  1564  0  7009  79  30225  35450  
0  0  0  0  0  0  0  0  0  3  40  0  0  0  0  0  0  0  0  10  0  67  0  0  0  1  0  0  0  0  0  0  0  0  0  0  0  0  0  0  5  6  0  5  0  0  0  0  1  0  2  0  0  0  0  0  0  0  0  0  0  0  0  0  0  6  0  1  0  0  0  0  0  0  0  57202  0  3  0  0  0  0  0  0  56687  0  0  0  0  0  0  0  112246  75576  3822  163120  1  0  0  3  0  0  0  0  0  1  0  0  0  0  0  0  0  0  1  0  0  152304  0  1  0  0  1  0  133775  0  0  0  0  0  22770  1321  9  0  20148  0  0  0  0  0  0  0  0  0  0  0  1  0  
0  0  0  0  0  0  0  0  0  6  0  0  0  0  0  0  0  2  0  0  0  0  0  0  0  0  0  0  0  0  0  0  0  0  0  0  0  0  0  0  4  0  0  1  0  0  0  2  1  0  0  0  0  0  1  0  0  0  0  0  0  0  0  0  1  7  0  0  0  0  0  0  2  1  0  0  0  6  0  0  0  0  29  12  0  0  0  0  0  0  695  1388  6  0  24  2  160760  1578  3  70  2  0  0  0  4  12  0  49929  95697  27  61627  118429  0  0  308  0  0  2  2  2  0  11414  13  98092  4  1  0  0  0  27  1  0  8  476  466  0  0  1  1  52  7  1  1  0  3  15483  14056  252  
0  0  0  0  1  0  0  0  0  8  701  0  0  0  0  0  0  4  0  7  0  1835  0  0  0  2  0  0  0  7  0  1  0  0  0  0  0  0  0  0  6  1  0  299  0  0  0  10  4  0  0  0  0  0  3  0  1  0  0  0  3  0  0  0  0  9  0  0  0  0  0  0  7  0  5  26  1  1011  33  45  81  15  15216  47766  243578  32  0  20  83  9  3  141  29786  32287  25  311799  19585  3  84  5062  70  2  42  16502  2  10  0  0  0  226  3  0  5  0  3202  98127  1  0  518  203  97  25  2574  0  2770  119  263  313  1  4077  87566  112350  6817  24  54772  4  15  1  120271  621  334  620  90  0  20366  14  4672  0  
0  0  0  0  0  1  0  0  0  1  0  0  0  0  0  0  0  1  0  0  0  0  0  0  0  0  0  0  0  1  0  0  0  0  0  0  0  0  0  0  3  0  0  0  0  0  0  2  2  0  0  0  0  0  0  1  0  0  0  0  0  0  0  0  0  91  0  0  0  0  0  0  3  0  42  0  92016  33430  281  361  3023  15824  4269  107  0  405  0  248  1488  37120  162  1304  47  0  3  0  296  41  2  120777  448  353775  399235  3  3  67  0  0  0  669  2  0  71  0  6853  0  6  21  0  45117  2171  29  25547  0  8  1556  2764  5306  84  9170  22  13  12  3  22  36  219  40  268  6080  207496  45311  118085  0  2222  0  1277  0  
0  0  456  0  0  0  1  990  319  2  0  0  0  0  0  168  0  0  0  0  0  0  0  0  0  0  0  0  0  4  0  0  0  0  0  0  0  0  0  0  1  0  0  0  0  1387  0  1  1  0  0  1  1  0  2  0  0  0  0  0  0  0  0  0  0  10  0  0  0  0  25  0  2  0  2  0  95458  40  39  167  11572  76154  47278  68  0  5  0  4  32  14713  8  1079  56  0  1  1  394  18  1  5397  24671  1950  1507  146990  0  11  0  0  0  2333  2  0  0  0  11082  0  0  15  76704  0  47  46  311  0  5  47  96  394  0  45444  43  4  2  2  13  2  119  4  602  16587  41322  54  1633  0  63079  0  527  0  
0  0  0  0  0  0  0  0  0  0  0  0  0  0  0  0  0  0  0  0  0  0  0  0  0  0  0  0  0  0  0  0  0  0  0  0  0  0  0  0  0  0  0  0  0  0  0  0  0  0  0  0  0  0  0  0  0  0  0  0  0  0  0  0  0  10  0  0  0  0  0  0  0  0  7591  0  0  6  7377  4249  578  19  789  5  0  1894  35757  5949  548  12  128  46929  5  0  1  1  145  122851  0  124  60  1  40  0  178  2715  4  1  68  29  0  0  24672  242  2581  0  1  1  3818  116  0  41  22325  0  0  4227  829  171  0  4140  2  2  0  0  1  836  15965  78724  75  949  210  19  157  9  488  0  50  0  
0  0  0  0  0  5  0  0  11  244  0  0  0  0  0  0  5  189  3  0  0  0  2  0  0  6  0  0  0  31  0  46  0  0  0  0  0  0  0  3  59  0  1  42  5  0  1  284  75  0  1  0  1  0  35  1  4  0  0  0  1  0  1  0  30  228  7  2  1  0  1  0  165  1  1  0  1  625  5  6  16  4  646  567  0  545  3  2  3  0  91878  27164  123  0  37  5  15991  295  49  1931  53  0  11  3  100  711  87663  23539  171673  905  140  35227  1  0  89079  0  54322  82  76  105  120  0  737  9725  27  9  12  17  0  696  28  2  38  675  560  0  62  28  11  3521  161  19  26  0  145  8341  104573  104842  
0  0  0  0  0  2  2  0  0  2  0  0  0  0  0  0  0  1  0  0  0  0  0  0  0  0  0  0  0  1  0  0  0  0  0  0  0  0  0  0  1  0  0  0  0  0  0  3  0  0  0  0  0  0  0  0  0  0  0  0  0  0  0  0  0  52  0  0  0  0  0  0  0  0  6422  0  4  192976  20503  15776  7781  224  17085  785  0  140241  23  71334  3759  81  23245  86670  214  0  0  0  648  479  6  28209  989  611  3764  5  29  1045  2300  1  68  903  1  1  45593  16190  32667  0  2  99  35346  1538  24346  316  0  0  5  27695  4421  1098  36  60825  128  54  7  3  27  534  613  214  1197  10841  2318  24080  2146  37  8575  0  403  0  
0  0  0  0  0  0  0  0  0  0  0  0  0  0  0  0  0  0  0  0  0  0  0  0  0  0  0  0  0  0  0  0  0  0  0  0  0  0  0  0  0  0  0  0  0  0  0  0  0  0  0  0  0  0  0  0  0  0  0  0  0  0  0  0  0  0  0  0  0  0  0  0  0  0  1  0  0  4  0  0  1  0  21  0  0  1  0  0  0  0  4  0  1  0  134262  0  87378  0  12  38  0  0  1  0  0  0  0  19  2523  29  127542  40248  0  0  232  0  204040  0  2  0  0  1871  2  0  0  1  0  3  0  8  0  0  61  111702  35545  0  0  0  1  6  1  1  0  0  0  21781  62393  83  
0  2  0  0  0  0  0  0  0  12  0  0  0  0  0  0  0  2  1  0  2  77  3  0  0  1  0  0  0  2  0  0  0  0  0  0  0  0  0  0  8  0  0  3  0  0  0  8  1  0  5  0  0  0  4  0  0  0  0  0  4  0  0  0  0  6  0  0  0  0  0  0  6  0  0  94897  0  28  0  0  0  0  11  4  1  0  0  1  0  0  0  0  31101  5  68168  16401  6  1  1  46  1  1  1  0  3  5  0  0  0  2  0  0  0  0  19  128016  0  254  7  2  0  4  86  0  0  2  1  0  0  9  19204  4  21838  3789  139045  0  1  0  0  6  0  6  2  0  2  0  78  0  
0  0  0  0  0  9  3  0  0  0  0  0  0  0  0  0  0  0  0  0  0  0  0  0  0  0  0  0  0  0  0  0  0  0  0  0  0  0  0  0  0  0  0  0  0  0  0  0  2  0  0  0  0  0  0  0  0  0  0  0  0  0  0  0  0  145  0  0  0  0  0  0  0  0  7721  0  0  2981  27004  25185  14552  73  939  3  0  76403  11  231503  372152  882  2  407  13  0  1  0  35  329  0  167  124  1  2959  0  3  1121  0  0  1  57  0  0  5366  749  333  0  1  10  551  81  1693  5  15139  0  1  0  138157  174667  3  4561  8  3  5  1  5  61335  82  86  77  12625  794  201800  198  0  533  0  228  0  
0  0  0  0  0  6  0  4  0  0  0  0  0  0  0  0  0  0  0  0  0  0  0  0  0  0  0  0  0  0  0  0  0  0  0  0  0  0  0  0  1  0  0  0  0  0  0  0  0  0  0  0  0  0  0  0  0  0  0  0  0  0  0  0  0  170  0  0  0  0  0  0  1  0  61252  0  0  54  178764  31106  1421  314  1430  7  0  620  5  5638  726084  25307  0  76  14  0  0  0  17  51  0  215  194  0  32  0  5  1355  0  0  0  74  1  0  4596  0  446  0  0  17  430  103  222  0  915  0  0  207878  0  68851  2  6479  7  8  4  2  2  110591  55  36  102  6023  774  583  173  11  621  0  91  0  
0  0  0  0  0  0  0  0  0  0  0  0  0  0  0  0  0  0  0  0  0  0  0  0  0  0  0  0  0  0  0  0  0  0  0  0  0  0  0  0  1  0  0  0  0  0  0  0  0  0  0  1  0  0  0  0  0  0  0  0  0  0  0  0  0  157  0  0  0  0  0  0  0  0  46  0  0  104  468  31562  139484  25203  3840  17  0  66  0  129  238903  378738  6  371  52  0  0  0  141  6  2  1204  124  1  4811  2  2  81  0  0  0  337  0  0  40  0  1614  0  1  36  8098  811  284  9  1035  0  9  167866  29080  0  33  23602  32  21  5  1  19  77  25  8  554  5712  1490  28830  98364  0  2896  0  488  0  
0  0  0  0  0  0  0  0  0  0  0  0  0  0  0  0  0  0  0  0  0  0  0  0  0  0  0  0  0  0  0  0  0  0  0  0  0  0  0  0  0  0  0  0  0  0  0  0  0  0  0  0  0  0  0  0  0  0  0  0  0  0  0  0  0  2  0  0  0  0  0  0  0  0  0  0  0  257  12  86  119  6  20  0  0  12  0  4  115  19  0  6  40  0  0  0  1  0  65751  83660  1915  18  11  0  0  0  0  0  0  69513  0  0  3  0  20986  0  0  23  225  7  24  1  187  0  0  115  204  775  0  70697  42  12  0  0  0  4  1  0  8  69  6641  165  108  0  18  0  15725  0  
0  0  0  0  0  1  0  0  0  1  0  0  0  0  0  0  0  2  0  0  0  0  0  1  0  0  1  0  0  9  0  0  0  0  0  0  0  0  0  0  0  0  0  1  0  0  0  2  2  0  0  0  0  0  0  0  0  0  0  0  0  0  0  0  0  86  0  0  0  0  0  0  0  0  48  0  424  1910  2522  2247  4753  296  9138  85  2  160  0  123  1760  331  12  411  47783  42979  131  7  167  7  211877  79518  311596  96  402  36379  1  96  0  1  0  8625  69  22  62  0  23821  0  36  6226  3976  23495  654  256  6438  0  1407  2664  5662  10677  72461  0  5269  98250  842  151  1983  69  32  17  37521  6439  102887  8738  2601  0  106228  1  47538  0  
0  0  0  0  0  0  1  0  0  0  0  0  0  0  0  0  0  1  0  0  0  0  0  0  0  0  0  0  0  0  0  0  0  0  0  0  0  0  0  0  0  0  0  0  0  0  0  0  1  0  0  0  0  0  0  0  0  0  0  0  0  0  0  0  0  12  0  0  0  0  0  0  0  0  8  830  0  966  86  115  299  35  187  0  933  63  0  42  338  25  1  81  533227  13408  116  5404  13  1  60  1390  10  6  79  0  0  18  0  0  0  31  2  1  19  0  450  23124  0  152121  1264  52  148  5  3211  0  20071  572  1422  1290  1  2892  0  51191  19563  17  73582  18  9  1  3048  304  76  4242  112  0  266  0  36385  0  
0  0  0  0  0  0  0  0  0  0  0  0  0  0  0  0  0  0  0  0  0  0  0  0  0  0  0  0  0  2  0  0  0  0  0  0  0  0  0  0  0  0  0  0  0  0  0  0  0  0  0  0  0  0  0  0  0  0  0  0  0  0  0  0  0  2  0  0  0  0  0  0  0  0  6  1  0  126  76  88  135  5  66  0  54814  11  0  15  222  14  1  13  380484  144952  7  15  1  2  3567  386  122  1  29  52  0  8  0  0  0  37  2  0  7  0  147  3319  1  202335  318  26  32  0  374  0  196  361  832  813  2  92617  27790  0  121  10  439  11  0  1  101642  90  46  1236  29  0  675  0  450  0  
0  0  0  0  0  0  0  0  0  0  0  0  0  0  0  0  0  1  0  0  0  0  0  0  0  0  0  0  0  0  0  0  0  0  0  0  0  0  0  0  0  0  0  0  0  0  0  0  0  0  0  0  0  0  0  0  0  0  0  0  0  0  0  0  1  3  0  0  0  0  0  0  0  0  1  47011  1  3340  4  12  37  5  422  18  0  94  0  20  6  2  1  51  88699  0  22872  17  19  3  88  1973  24  11  111  0  2  8  0  0  0  110  17370  114460  5  0  957  4  6  1212  582  55  106  13  8064  13  75942  109  26  25  0  944  19067  3  0  74438  33628  1  5  1  19  226  82  785  38  0  211  125182  72323  0  
0  0  0  0  0  0  0  0  0  0  0  0  0  0  0  0  0  0  0  0  0  0  0  0  0  0  0  0  0  0  0  0  0  0  0  0  0  0  0  0  0  0  0  0  0  0  0  0  0  0  0  0  0  0  0  0  0  0  0  0  0  0  0  0  0  0  0  0  0  0  0  0  0  0  0  64514  0  56  2  3  3  1  365  26  0  1  0  0  0  0  1  3  684  0  247269  39  2829  0  58  393  9  0  2  0  0  0  0  1  19  116  167542  22812  0  0  993  0  575  51  20  27  4  92  139  129198  11354  2  3  9  0  119  28  4  76718  0  48853  1  0  0  9  107  34  16  3  0  65  125739  48174  13  
0  7  0  0  0  0  0  0  0  5  0  0  0  0  0  0  0  1  0  0  2  43  1  0  0  1  0  0  0  0  0  0  0  0  0  0  0  0  0  0  11  0  0  3  0  0  0  2  0  0  1  0  1  0  0  0  0  0  0  0  2  0  0  0  0  5  0  0  0  0  0  0  4  0  1  2942  4  296  3  3  41  4  2828  295  0  5  0  1  2  0  13  21  41920  42  275808  240879  170621  2  608  3195  68  1  20  2  9  25  0  42  196  989  3877  3479  0  0  11141  13402  358  46617  68  176  6  161  621  22744  156413  19  13  48  0  1174  57113  97  43072  39272  0  1  2  0  15  1150  218  80  30  0  308  21  16749  2  
0  0  0  0  0  1  0  1  0  0  0  0  0  0  0  0  0  0  0  0  0  0  0  0  0  0  0  0  0  0  0  0  0  0  0  0  0  0  0  0  0  0  0  0  0  0  0  0  0  0  0  0  0  0  0  0  0  0  0  0  0  0  0  0  0  1  0  0  0  0  0  0  0  0  63394  0  0  13  3022  3460  17  1  66  0  0  12  84478  32555  44238  2  0  6  0  0  0  0  0  82624  0  11  6  0  3  0  14  265  0  0  0  3  0  0  58143  0  26  0  0  1  20  5  149  1  73  0  0  59951  67842  26  0  362  0  0  0  0  0  0  54  1161  4  221  19  21  2  1  35  0  0  0  
0  0  0  0  0  1  0  0  0  6  0  0  0  0  0  0  1  4  0  0  0  0  18  3  0  1  0  0  0  0  304  7  0  0  0  0  0  0  0  0  5  0  0  3  0  0  0  8  6  0  0  1  0  0  0  0  0  0  0  0  0  0  2  0  0  10  0  0  0  15  0  0  5  0  5480  0  0  8  534  27761  77  3  361  5  0  7  136  68  150  28  43  8280  6  0  8  6  6762  226654  1  146  36  2  24  1  121451  95783  0  0  2  40  0  0  805  0  4083  0  13  6  2585  70  8385  103  487  0  6  263  93  30  0  1700  4  1  4  0  14  718  0  40622  44  553  143  3  83  41048  261  0  317  0  
0  0  0  0  0  2  0  0  0  0  0  0  0  0  0  0  0  0  0  0  0  0  0  0  0  0  0  0  0  0  0  0  0  0  0  0  0  0  0  0  0  0  0  1  0  0  0  0  0  0  0  0  0  0  0  0  0  0  0  0  0  0  0  0  0  8  0  0  0  0  0  0  0  0  15640  0  0  2  1101  33351  38  0  70  4  0  8  57365  27  58  289  174  1101  3  0  0  0  547  406176  0  13  4  0  5  0  517  13086  0  34  24  2  0  0  135259  0  419  0  9  0  467  6  88167  1  131  0  0  184  53  8  0  355  0  0  0  0  0  3731  72660  0  7  1597  22  0  18  7621  46  0  5  0  
0  0  0  0  0  0  0  0  0  1  60  0  0  0  0  0  0  0  0  0  0  0  0  0  0  0  5  0  0  1822  0  0  0  0  0  0  0  0  0  0  0  0  0  1  0  0  0  0  0  0  0  0  0  0  0  0  0  0  0  0  0  0  0  0  11  2  0  0  0  0  0  0  1  0  5  2  0  171  127  130  314  48  5433  476  151426  17  0  11  248  22  0  39  8599  78344  25  269  14  2  440  1131  33875  2  28  258639  0  7  0  0  0  98  10  2  4  0  701  1  0  138345  374  347  45  6  652  0  462  323  721  1293  3  63083  7537  148007  353  28  585  13  1  0  0  267  136  747  156  0  42574  0  3473  0  
24  0  0  3  8  15998  857  1208  17224  31387  0  0  0  0  1  65  32  2346  23  0  0  9  17  19  1  126  12  1  11  4631  5  1080  1  0  0  0  0  0  3  1  615  0  16  2071  78  1  55  3068  1299  1  2  39  2  22  838  59  10  3  0  0  0  0  10  36  1599  104454  170  11  26  45  48  0  1599  1  1383  0  2  622  1542  205399  103372  83474  147370  50700  0  1067  0  1156  6150  970  39  1420  150  0  7  9  650  119  8  26342  1232  29  884  14  64  37098  0  0  2  7396  120  24  84  1  100529  0  31  177  9500  3009  1080  478  5214  0  22  2702  3011  2435  1  9379  102  10  43  224  2146  117  826  153  144  0  9736  852  797  192  12622  3  2129  0  
0  0  0  0  0  0  0  0  0  0  0  0  0  0  0  0  0  4  0  0  0  0  0  0  0  0  0  0  0  0  0  1  0  0  0  0  0  0  0  0  0  0  0  0  1  0  0  0  0  0  1  0  0  0  0  0  0  0  0  0  0  0  0  0  0  19  0  0  1  0  0  0  5  0  10  0  38759  1074  1315  1205  2456  110  2532  29  0  35  0  39  636  628  26  232  62  0  3  0  53  4  18  237587  178501  199597  1132  2674  0  17  0  0  0  3558  0  0  21  0  8318  0  5  54  173127  55232  147  48  788  0  11  780  1196  4323  2021  104623  38  11  11  1  15  15  22  3  86  4988  0  992  11549  0  837  0  360  0  
0  0  0  0  0  4  1  0  0  0  0  0  0  0  0  0  0  0  0  0  0  0  0  0  0  0  0  0  0  0  0  0  0  0  0  0  0  0  0  0  0  0  0  0  0  0  0  0  1  0  0  0  0  0  0  0  0  0  0  0  0  0  0  0  0  56  0  0  0  0  0  0  0  0  108  0  0  85751  490  1885  3184  71  4146  51  0  122149  0  1289  87788  849  3  164  74  0  0  0  51  22  4  1764  186  15  220429  0  0  164  0  0  0  313  0  0  1855  3147  1268  0  0  29  74801  294  1310  8  25979  0  4  206017  2928  55515  57  17253  43  15  1  1  10  52  20  38  407  3327  1160  0  8222  2  2427  0  248  0  
0  0  0  0  0  1  0  0  0  0  0  0  0  0  0  0  0  0  0  0  0  0  0  0  0  0  0  0  0  0  0  0  0  0  0  0  0  0  0  0  0  0  0  1  0  0  0  0  0  0  0  0  0  0  1  0  0  0  0  0  0  0  0  0  0  77  0  0  0  0  0  0  0  0  4  0  2  52  100  198  13267  99221  2848  9  0  10  0  11  65928  70072  14  187  10  0  0  0  59  4  0  731  207  9  293627  2  0  9  0  0  0  183  0  0  6  0  1032  0  1  11  142169  6349  91  5  377  0  4  51  258  82681  47  8500  17  4  6  0  5  7  23  1  432  4403  13373  3367  0  0  1872  0  358  0  
0  0  0  0  1  925  1  0  0  0  0  0  0  0  0  6  0  1  0  0  0  0  0  0  0  0  0  0  0  0  174  311  0  0  0  0  0  0  0  0  0  0  0  0  0  0  0  0  0  0  0  0  0  0  0  0  0  0  0  0  0  0  0  0  0  17  0  0  0  682  0  0  0  0  28259  0  0  0  41151  78931  0  0  0  0  0  0  0  0  0  123226  0  1  0  0  0  0  0  31749  0  0  0  0  1  0  87681  17480  0  0  0  0  0  0  16  0  0  0  0  0  5  0  7  0  3  0  0  4  1  0  0  2  0  0  0  0  0  3  44441  3743  0  106  1  0  0  0  0  0  0  0  
0  0  3  0  0  0  0  13  25839  0  0  0  0  0  0  4  0  0  0  0  0  0  0  0  0  0  0  0  0  6908  0  0  0  0  0  0  0  0  0  0  0  0  0  0  0  1497  0  1  0  0  0  0  0  0  1  0  0  0  0  0  0  0  0  0  0  617  0  0  0  0  28294  0  1  0  1  0  19  393  51  79  8740  843  95381  2416  31  18  0  12  134  24  5  226  1673  127  1  1  119  6  65  7414  25947  10  341  145116  0  12  0  0  0  2399  10  17  7  0  7851  0  2  4908  642  68177  67  37  1120  0  46  211  413  820  0  177115  1181  338  45  17  261  3  13  1  39659  10232  5182  425  478  0  0  0  1725  0  
0  0  0  0  0  0  0  0  0  0  0  0  0  0  0  0  0  0  0  0  0  0  0  0  0  0  0  0  0  0  0  0  0  0  0  0  0  0  0  0  0  0  0  0  0  0  0  0  0  0  0  0  0  0  0  0  0  0  0  0  0  0  0  0  0  0  0  0  0  0  0  0  0  0  0  878  0  15  0  0  0  0  11  1  0  0  0  0  1  0  0  0  1163  0  586  2  313  0  0  12  0  0  0  0  0  0  0  216  2034  3  249744  359707  0  0  46  0  24882  55  0  1  2  2285  18  39014  29  0  2  0  0  6  25  0  129926  119341  300  0  0  0  1  4  0  2  0  0  3  0  69723  145  
0  0  0  0  0  0  0  0  0  3  0  0  0  0  0  0  0  7  0  0  0  0  0  0  0  0  0  0  0  0  0  2  0  0  1  0  0  0  0  0  4  0  0  1  0  0  0  7  5  0  0  0  0  0  1  0  0  0  0  0  0  0  0  0  0  35  0  0  0  0  0  0  4  0  28  67  0  4506  109  137  522  95  1320  64  0  217  0  94  439  40  277  270  126230  0  24933  71  16070  10  377009  41897  66  142  239  0  5  50  0  295342  27589  97336  4244  536483  18  0  22513  1  34322  5119  4579  118  480  106376  13186  51465  14642  1045  1863  1415  10808  117225  23981  360  71467  68236  50880  30  13  7  970  961  185  9914  241  0  569  67422  0  36238  
0  0  0  0  0  0  0  0  0  0  0  0  0  0  0  0  0  0  0  0  0  0  0  0  0  0  0  0  0  0  0  0  0  0  0  0  0  0  0  0  0  0  0  0  0  0  0  0  0  0  0  0  0  0  0  0  0  0  0  0  0  0  0  0  0  0  0  0  0  0  0  0  0  0  0  0  0  6  0  0  0  0  0  1  0  0  0  0  0  0  8  1  0  0  1  0  109  0  12  458  0  0  0  0  0  0  65043  77219  18676  69454  3  549  0  0  31015  0  442  0  1  0  0  126282  5  142  0  0  0  0  0  0  1  0  0  38  19  0  0  0  0  1  0  4  0  0  0  131  47135  0  
