0  0  0  2  104210  24878  0  0  0  2  0  190  1  5235  34585  3834  4  429  1  0  0  0  4  74248  0  5  0  0  0  0  27351  2623  0  0  0  0  0  0  2275  2122  17  0  0  2  4  0  1275  7  18287  0  0  70766  59377  34  0  2  1  1  0  0  0  17051  115  15556  4  665  13  124  8  41295  0  0  30  0  0  0  0  0  0  0  0  0  0  0  0  0  0  0  0  0  0  0  0  0  0  0  0  0  0  0  0  0  0  0  0  1  0  0  0  0  0  0  0  0  0  0  0  0  0  0  0  0  0  0  0  0  0  0  0  0  0  0  0  0  0  0  0  0  0  22  1  0  0  0  0  0  0  0  
0  0  0  6  0  1  1  0  1  0  0  0  0  0  1  0  0  0  61274  0  132544  23836  0  0  0  2  0  0  0  0  0  0  0  0  0  0  16361  8064  0  0  2  124084  0  298  85  0  0  2  2  1  166238  0  0  4  18  2  128653  21  120782  57675  16463  0  0  0  2  2  0  22  0  0  0  0  235  0  0  0  0  0  0  0  0  0  0  0  0  0  0  0  0  0  0  0  0  0  0  46  0  0  0  0  0  0  0  0  0  0  0  0  0  0  0  0  0  0  0  2  0  0  0  0  0  0  0  0  1  0  0  0  0  0  0  0  0  0  0  0  0  0  0  0  0  0  0  0  0  0  0  0  
0  0  0  5  0  34  4  26302  352  0  0  0  0  0  0  123335  6  16  2  0  0  0  0  0  0  9  33627  67209  39709  21969  0  1  0  0  0  0  0  0  0  0  8  0  0  0  90499  123207  0  6  270  0  0  0  0  63  1  4  1  1  0  0  0  0  0  0  1  8  22914  1  27759  0  22  0  2  0  0  0  819  0  0  0  0  116  218  0  0  0  0  0  0  573  0  0  0  0  0  0  0  0  0  0  0  0  1  642  0  0  0  0  0  0  0  0  0  0  0  0  0  0  1  3078  0  0  0  0  0  0  0  0  0  0  0  0  0  0  0  0  0  0  0  0  0  0  0  0  87  0  0  0  
82  0  4  0  270  461  400  518  158  2  0  78763  41  125  150  31  635  1837  492  0  0  5  9  28  9  177151  0  92459  32294  5  0  52  24762  318  121  29  0  2  47  1046  73888  1  0  531  105093  1  273  329  157349  1  179  1865  190  452  914  37  1543  55  20  60  119  2  13  18  110  502  19923  22563  1691  6  51  0  820  189  0  0  0  0  0  0  0  0  0  0  0  0  0  0  0  0  0  0  0  0  0  0  0  0  0  0  0  0  0  0  0  0  0  0  0  0  0  0  0  0  2  0  0  0  0  0  0  0  0  0  0  0  0  0  0  0  0  0  0  0  0  0  0  0  0  10  0  0  0  0  0  0  0  0  
94822  0  0  2  0  19343  1  0  1  1  0  69  0  312  15917  89225  2  77  0  0  0  0  0  1787  0  3  0  0  0  0  9068  328  0  0  0  0  0  0  81  2081  16  0  0  0  3  0  125  2  4547  0  0  5990  37491  28  0  0  1  0  0  0  0  2  17  1357  0  79  15  90  4  6404  0  0  5  0  0  0  0  0  0  22  0  0  0  0  0  0  0  0  0  7  0  0  0  0  0  0  0  0  0  0  0  0  0  0  0  1  0  0  0  0  0  0  0  0  0  0  0  0  0  0  0  0  0  0  0  0  0  0  0  0  0  0  0  0  0  0  0  0  0  9  0  0  0  3  0  0  0  0  
37836  0  4  139  30736  0  78322  1561  2686  10  0  177  0  1459  9752  203773  42  4264  51  0  1  0  10  23336  1  252  7  0  23  2  8871  53158  0  0  0  0  0  0  271  2421  368  0  1  79  646  3  1729  254  20021  0  11  12589  4944  18111  207  48  38  4  1  5  6  10  5650  12211  393  123273  1524  1145  2405  126004  13  0  366  0  47  0  0  0  9  8049  142  30  33  0  0  0  0  0  6  1437  0  2  0  0  0  0  1  4  0  6  2  0  0  0  1166  760  0  0  0  1  0  0  3  0  10  0  0  0  2  0  1  0  1  0  0  9  3  1  0  2  0  0  0  0  0  6  3  2  0  21256  2  0  0  809  2  0  8  0  
8  0  1  1002  53  112796  0  119059  25096  0  0  18  0  2  98  234220  12  344  196  0  0  0  0  1  5  445  9  0  39  205  0  46  0  0  0  0  0  0  0  255  134  0  0  448  4071  2  99  57  4335  0  16  4033  91  21301  1056  107  123  22  2  4  9  0  3  1  9169  92789  1516  5044  10265  3  239  0  85  0  0  0  0  0  1  582  1305  1232  122  0  0  0  0  0  0  182  0  0  0  0  0  0  0  0  0  0  0  0  0  0  0  5  0  0  0  0  0  0  0  0  3  0  0  0  0  0  0  0  0  0  0  0  0  0  0  0  0  0  0  0  0  0  0  1  0  925  0  0  0  0  2  0  0  0  
5  0  12102  1803  54  3786  107705  0  105226  4  0  70  0  2  45  138790  8  100  140  0  0  0  4  1  0  456  3  8  17042  51  0  14  0  0  0  0  0  0  0  744  135  0  0  206  23898  61718  35  64  955  0  2  1696  70  63483  594  95  202  13  0  1  6  0  1  1  1585  65550  4212  677  56418  1  923  0  43  0  0  0  59  0  0  8  40  12917  918  0  0  0  0  0  0  8798  0  0  0  0  0  0  0  0  0  1  0  0  3  4  0  1  0  0  0  0  0  0  0  0  0  0  0  0  1  245  0  0  0  0  0  0  0  0  0  2  0  0  0  0  0  0  0  0  0  1391  0  0  0  0  41  0  0  0  
0  0  36  15  0  896  3100  45302  0  4719  1  0  0  2  0  144  18  378  663  15  0  8  0  0  10  764  30  69  70  12423  0  66  0  0  0  0  0  0  0  1  1251  0  1  764  1015  45852  5  446  886  0  8  31  2  1266  2634  2459  340  38  1  0  11  0  1  0  11531  92382  5559  89  255  1  85853  0  104  0  0  0  9  1  0  0  0  915  16518  95  0  0  0  0  0  162  0  0  0  0  0  0  1  0  0  7  0  0  0  1601  0  0  0  0  0  1  0  0  0  0  91  0  0  1  0  511  0  1  0  0  1  0  0  0  0  3  0  0  0  0  2  0  0  0  0  22095  0  0  0  0  29020  0  0  0  
25  0  0  70  254  238  65  63  5958  0  8  71  0  16  136  12  90  14472  168  2  1  1572  12625  1  15  845  21  1  26  32845  1  1600  1  0  0  1  0  0  6  884  13567  1  21  97807  410  1  202  4779  10302  4  313  397  280  142  3343  207  173  32  40  9  40  0  26  6  4005  160508  454  1215  73  21  58  0  6287  330  3  0  0  73  27  21  48  7  1103  153  4  26  0  10  3  3  2  63  29  0  3  67  24  2  0  187  9  1  8  19  4  40  0  0  0  55  2  0  9  0  1955  0  2  1  346  20  38  20  357  0  5  100  23  20  0  393  17  1  1  2  7  1  16  0  8  51067  116  133  11  0  96  0  120  0  
0  0  0  0  0  0  0  0  2  8  0  0  0  0  0  0  0  0  275  310433  0  21150  0  0  76  2  107  0  0  18498  0  0  0  0  0  0  0  0  0  0  3  24700  0  309966  1  0  0  1  3  0  0  0  0  0  12  23  1299  122913  0  0  20  0  0  0  145618  4  1  6  0  0  4  0  34  0  0  0  0  0  0  0  0  0  0  0  45412  0  0  0  0  0  0  0  0  329  0  1541  0  0  0  0  1  0  0  272  0  0  0  0  0  0  0  0  0  0  1  132  0  535  0  0  0  0  0  0  0  0  0  0  0  0  0  0  0  0  0  0  0  0  46  1  0  0  0  0  1  0  0  0  
410  0  0  164335  2029  1025  1  0  1  0  0  0  1104  26713  1269  47  144  6605  1  0  0  0  0  58  0  10  0  0  28075  0  1  26  1111  156  89  0  0  0  121  95245  6  0  0  0  12502  0  2426  60  78123  0  0  111042  2747  118  3  1  1  0  0  0  0  3  2  121  1  20  12  102804  21  2  0  0  1  0  0  0  0  0  0  0  0  0  0  0  0  0  0  0  0  0  0  0  0  0  0  0  0  0  0  0  0  0  0  0  0  0  0  0  0  0  0  0  0  0  0  0  0  0  0  0  0  0  0  0  0  0  0  0  0  0  0  0  0  0  0  0  0  0  0  0  0  0  0  0  0  0  0  0  
7  0  0  26  0  24  0  0  0  0  0  476  0  11854  0  0  2  631  0  0  0  0  0  50321  0  0  0  0  1  0  0  10  0  7  22  0  0  0  45915  34  0  0  10  0  0  0  54640  2  265  0  0  2  0  0  1  0  0  0  0  0  0  10240  9  5880  0  0  0  0  0  1  0  0  0  0  0  0  0  0  0  0  0  0  0  0  0  0  0  0  0  0  0  0  0  0  0  0  0  0  0  0  0  0  0  0  0  0  0  0  0  0  0  0  0  0  0  0  0  0  0  0  0  0  0  0  0  0  0  0  0  0  0  0  0  0  0  0  0  0  0  0  0  0  0  0  0  0  0  0  
3899  0  0  4  2191  3435  0  0  0  1  0  31154  16728  0  3035  57  2  106  0  0  0  0  0  920  0  0  0  0  23  0  0  85  0  0  0  0  0  0  61862  81594  2  0  0  0  0  0  2876  0  35484  0  0  98805  2811  9  0  0  1  0  0  0  0  18361  9  4576  0  30  1  48  4  35  0  0  3  0  0  0  0  0  0  1  0  0  0  0  0  0  0  0  0  0  0  0  0  0  0  0  0  0  0  0  0  0  0  0  0  0  0  0  0  0  0  0  0  0  0  0  0  0  0  0  0  0  0  0  0  0  0  0  0  0  0  0  0  0  0  0  0  0  0  1  1  0  0  0  0  0  1  0  
46866  0  0  8  16337  7159  19  0  7  2  0  3802  0  609  0  101716  3  140  4  0  0  0  0  19  0  162  0  0  29724  0  0  144  0  0  0  0  0  0  5  469  13  0  0  2  643  0  27  5  2358  0  0  411210  221299  284427  18  1  8  1  1  0  1  46270  5  23  5  197  86  79683  19300  12  8  0  12  0  0  0  0  0  0  0  0  0  0  0  0  0  0  0  0  0  0  0  0  0  0  0  0  0  0  0  0  0  0  0  0  1  0  0  0  0  0  0  0  0  0  0  0  0  0  0  0  0  0  0  0  0  0  0  0  0  0  0  0  0  0  0  0  0  0  8  0  0  0  0  0  0  0  0  
8517  0  144769  23  124216  190938  192103  147197  308  2  0  8  0  12  99842  0  6  322  11  0  0  0  0  614  1  67  0  1  16629  0  13187  1523  0  0  0  0  0  0  9  97  44  0  0  5  8445  6858  40  31  1773  0  1  1860  40532  310691  36  8  11  0  0  0  1  0  5  469  53  5280  369  308  58242  42941  12  0  99  0  0  0  471  0  0  2194  1226  5469  101  0  0  0  0  0  0  10115  0  0  0  0  0  0  0  0  0  1  0  0  9  15  0  180  0  0  0  0  0  0  0  0  1  0  0  0  0  212  0  0  0  0  0  0  0  0  0  0  0  0  0  0  0  0  0  0  0  200  0  0  0  7  6  0  0  0  
0  0  22  1871  2  15  8  28  34  80  0  142  1  0  1  17  0  132409  1583  0  0  1  10925  1256  2  479  3  0  61  0  0  11980  1432  18  24304  4  0  9  0  9  15079  0  8800  169  1701  0  8515  139111  80206  24  25  5  1  15  264  36  123  501  9  1  18  1  66  14  149  106  796  22  1321  5  2  0  4969  22  0  0  0  0  1  0  1  0  11  0  0  0  0  0  0  0  0  1  1  0  1  0  1  0  0  18  0  0  1  0  4  13  0  0  0  5  0  1  0  0  60  0  1  0  1  0  0  7  1  0  0  0  0  0  0  3  1  0  1  0  0  0  1  0  0  60  2  0  0  0  2  0  0  0  
297  0  3  3034  110  1022  3  4  38  195  0  7452  1094  117  12  8  74153  0  116  0  1  0  8345  15982  0  454  0  0  5  6  365  59172  742  40  4498  3  0  2  198  37  2959  0  4908  485  54  0  122849  33579  134539  32  32  149  9  57  484  10  93  22  7  3  11  1  1159  350  136  272  46  46  61  916  3  0  7988  41  0  0  0  0  0  0  0  0  18  3  0  1  0  1  0  0  0  3  1  0  1  0  6  0  0  23  2  0  0  0  1  24  0  0  0  5  0  0  0  0  91  0  0  0  5  0  0  8  4  0  0  4  2  0  0  11  0  0  1  0  2  0  0  0  1  116  8  2  0  0  6  0  4  0  
1  54731  0  60  2  3  5  5  21  2  41  0  0  0  8  1  3  52  0  18869  25  4159  4  0  96113  31  0  0  1  1  0  2  0  0  0  0  2  2845  0  0  155  62845  1  4935  784  0  2  132  139  0  10133  2  1  56  165  564  502597  246095  114346  409  10382  0  0  0  6637  10  16  5090  8  0  0  0  173133  0  0  0  0  0  0  0  0  0  0  0  0  0  0  0  0  0  0  0  0  0  0  0  0  0  0  0  0  0  0  0  0  0  0  0  0  1  0  0  0  0  2  0  0  0  0  0  0  1  0  0  0  0  0  0  0  0  0  0  0  0  0  0  0  0  0  1  0  0  0  0  0  0  0  0  
0  17  0  0  0  0  0  0  432  0  332608  0  0  0  0  0  0  12  13139  0  0  88  0  0  1811  7  37088  0  8  3380  0  3  0  0  0  0  0  0  0  0  21  41901  0  83649  19  0  0  7  10  0  2  0  0  0  33  25585  1986  187525  1  0  6  0  0  0  115690  3  4  26  1  0  1555  0  117  0  0  0  0  0  0  0  0  0  0  0  7194  0  0  0  0  0  0  0  0  56  0  0  0  0  0  0  3  0  0  193  0  0  0  0  0  0  0  0  0  0  0  11  0  8  0  0  0  0  0  0  0  0  0  0  0  0  0  0  0  0  0  0  0  0  0  0  0  0  0  0  0  0  0  0  
0  98211  0  1  0  1  0  0  0  1  0  0  0  0  0  0  0  0  19  0  0  14287  38098  0  0  6  0  0  0  0  0  2  0  0  1  0  52738  793  0  0  16  0  38  56  3  0  0  0  1  123371  39212  0  0  1  15  0  7  0  5926  127867  204066  0  0  0  2  1  0  17  0  0  0  6  167  0  0  0  0  0  0  0  0  0  0  2  0  0  0  0  0  0  0  0  0  0  7  2  0  0  0  0  0  0  0  0  0  0  0  0  0  0  0  0  0  0  0  0  0  0  0  0  0  0  0  0  34  0  0  0  0  0  0  0  0  0  11  0  0  0  0  0  0  0  0  0  0  0  1  0  
0  49834  0  17  15  12  3  5  19  17375  14079  4  0  0  3  2  1  46  1062  63  13151  0  44031  0  18  117  0  0  0  1074  0  6  0  0  0  0  0  43  1  44  1431  138014  0  391383  163  0  23  22  90  4  39826  23  18  24  680  4  36539  15166  356  14  457518  0  0  0  1797  120  3  148  8  0  1  0  306  0  0  3  0  1  0  0  0  0  5  50  9267  0  0  0  0  0  0  0  4  0  49  9517  12  0  0  12  0  0  0  18  1  1  0  0  0  2  0  0  1  0  30  40  0  2896  0  1  0  9  3  0  83  0  0  0  0  1  0  0  0  0  17  0  0  0  1  47  0  0  0  0  2  0  2  0  
4  2  0  48  13  37  41  81  276  13067  0  2  0  1  12  6  11931  14088  94  0  35142  46832  0  374  474  2477  0  0  3  36  0  27110  1  3  42850  0  787  7892  1  42  12786  0  143221  50291  143  0  79  11260  523  95531  129  27  18  67  4458  30  133  17  3672  7289  121415  0  42  3  1473  110  10  620  19  20  9  213  32106  2  0  0  0  2  0  0  0  0  3  1  0  0  0  0  0  0  0  1  0  0  8  5  2  1  0  10  0  0  0  0  2  6  0  0  0  0  0  0  0  0  19  1  0  0  1  1  0  0  0  0  88  1  0  0  0  3  0  0  0  0  31  0  0  0  0  17  1  1  0  0  0  0  2  0  
73168  0  0  6  2018  11304  0  0  0  1  0  131  54429  6108  76  367  272  11553  1  0  0  0  44  0  0  4  0  0  0  0  67319  17730  41  195  1913  0  0  0  16078  449  10  0  2600  5  1  0  93357  1570  2835  0  0  3090  614  4  4  0  0  0  0  0  0  75830  136481  292413  3  183  1  16  2  55921  0  0  51  0  0  0  0  0  1  0  1  0  0  0  0  0  0  0  0  0  0  0  0  0  0  0  0  18  0  2  0  0  0  0  62  0  0  0  0  0  0  0  0  0  3  0  0  0  0  1  0  0  0  0  0  0  0  0  0  0  0  0  0  0  0  0  8  0  0  12  0  0  0  0  0  0  0  0  
1  1  0  18  2  15  10  4  418  6  3  0  0  0  5  0  3  120  64367  3401  2  2  105  0  0  57125  3018  0  49  10  0  10  0  1  0  0  0  12  0  0  209  0  1  508  724  0  2  100  171  5  169  4  0  101  109743  216287  14329  12569  774  7  213  0  0  0  2503  139  51  5467  23  0  45  0  321377  0  0  0  0  0  0  0  0  0  0  0  0  0  0  0  0  0  0  0  0  0  0  0  0  0  0  0  0  0  0  0  0  1  0  0  0  0  0  0  0  0  1  0  0  0  0  0  0  0  0  0  0  0  0  0  0  0  0  0  0  0  0  0  0  0  0  1  0  0  0  0  0  0  0  0  
1  1  3  129692  18  185  130  161  993  166  0  3  0  5  30  7  128  815  221  7  0  13  162  0  46730  0  94  17023  66  439  1  126  863  41149  0  81463  0  6065  0  28  185160  1  3  3020  19296  1  33  763  5379  1  90  314  13  342  110529  59616  261  64  12  11  151  0  5  0  1943  4400  229903  4634  1774  2  303  0  25127  840  0  0  0  0  0  1  0  0  4  0  0  0  0  0  0  0  0  1  0  0  0  0  0  0  0  8  1  0  0  0  1  1  0  0  0  3  0  0  0  0  10  0  0  0  3  1  0  0  0  0  0  0  0  0  0  2  0  0  0  0  0  0  0  0  0  55  1  0  1  0  0  0  2  0  
1  0  34504  0  0  0  0  1  239  0  76  0  0  0  0  0  0  2  13  57438  0  0  0  0  1576  146  0  21  38  376450  0  0  0  0  0  0  0  0  0  0  8  0  0  11  229  2575  0  0  2  0  0  1  0  2  490  399738  1  22  0  0  0  0  0  0  95871  25  115348  2  24  0  50279  0  0  0  0  0  0  0  0  0  0  0  1  0  17  0  0  0  0  0  0  0  0  27  0  0  0  0  0  0  14  0  0  792  0  0  0  0  0  0  0  0  0  0  0  0  0  0  0  2  0  0  0  0  0  0  0  0  0  0  0  0  0  0  0  0  0  0  2  0  0  0  0  0  7  0  0  0  
0  0  52436  80127  0  0  0  2  217  0  0  0  0  0  0  5  0  4  1  0  0  0  0  0  0  25489  34  0  36793  0  0  0  0  0  0  0  0  0  0  0  6  0  0  1  245723  44506  0  1  21  0  1  0  0  1  2  216  0  0  0  0  0  0  0  0  4  4  199162  0  26  0  18  0  0  0  0  0  0  0  0  0  0  0  0  0  0  0  0  0  0  0  0  0  0  0  0  0  0  0  0  0  0  0  0  0  0  0  0  0  0  0  0  0  0  0  0  0  0  0  0  0  0  0  0  0  0  0  0  0  0  0  0  0  0  0  0  0  0  0  0  0  0  0  0  0  0  0  0  0  
1  0  48342  34480  13  79  10  36575  1250  1  0  18932  2  24  29287  13866  195  922  125  1  0  0  0  0  0  349  1  16838  0  2  0  103  1  0  0  0  0  0  1  23  319  0  0  27  319963  6925  115  2198  1727  0  0  4139  14  1668  66  24  36  15  0  0  0  0  11  0  120  2376  8111  176014  206889  7  296  0  63  0  0  0  0  1  0  0  1  0  3  0  0  0  0  0  0  0  0  1  0  0  0  0  0  0  0  3  0  0  0  0  0  1  0  0  0  1  0  0  0  0  6  0  0  0  0  0  0  1  0  0  0  0  0  0  0  1  0  0  0  0  0  0  0  0  0  4  0  0  0  0  1  0  0  0  
0  0  25712  4  0  10  11  5  13171  28685  11529  0  0  0  0  1  8  1097  82  2651  0  1094  2  0  4  282  292249  2  21  0  0  157  0  0  0  0  0  0  0  2  386  0  6  10663  304  111973  5  208  667  0  4  4  0  4  253  18010  153  15  2  0  1  0  0  0  180110  15743  12958  22  20  3  150374  0  400  0  0  0  1  0  0  0  1  0  3319  226  11433  0  0  1  1  0  0  2  0  197  0  1511  0  0  1  3  136  0  0  34103  1  0  0  0  0  1  1  0  0  0  87  0  0  3  1  12  0  1  1  0  0  1  0  0  0  4  0  0  0  1  2  0  0  0  249  1424  1  0  0  0  10243  0  2  0  
28573  0  0  0  18934  15726  0  0  0  0  0  0  0  0  0  16066  1  88  0  0  0  0  1  56992  0  0  0  0  0  0  0  11421  0  0  0  0  0  0  1  0  1  0  0  1  0  0  110  0  4  0  0  0  0  0  0  0  0  0  0  0  0  0  105279  256  0  3  0  0  0  109015  0  0  5  0  3  0  0  0  0  78  0  0  0  0  0  0  0  0  0  68  0  0  0  0  0  0  0  411  0  0  0  0  0  0  7930  66  0  0  0  0  0  0  0  0  0  0  0  0  0  0  0  0  0  0  0  0  0  0  0  0  0  0  0  0  0  0  186  4  0  5  0  0  0  139  0  0  0  0  
205  0  0  2  40  49810  1  2  28  138  0  1  14  25  7  682  16719  142449  26  0  3  8  28076  11939  1  296  2  0  7  4  15580  0  1  0  10190  0  1  2  135  6  1216  0  5344  689  99  0  9976  11896  16120  10  4  36  13  9  148  11  13  6  8  0  12  3  83441  2814  112  30943  32  17  25  61786  3  0  8433  4  1  0  0  3  0  770  2  0  41  2  0  0  0  0  0  326  0  5  0  0  3  0  4  0  0  39  2  0  0  0  143  22885  0  0  0  12  0  0  0  0  127  0  0  0  6  0  1  4  13  0  6  5  0  2  0  27  0  0  1  0  6  0  3  0  1  527  15  3  0  248  8  0  7  0  
0  0  0  32160  0  2  1  0  2  3  0  90  0  1  0  0  787  971  0  0  0  0  1  14  0  223  0  0  1  0  0  13  0  58978  13816  4813  0  0  0  0  19633  0  3  8  0  0  85  102208  1177  0  0  1  0  0  22  1  1  0  0  0  0  0  0  1  6  14  0  2  1  0  0  0  8386  109298  0  0  0  0  0  0  0  0  0  0  0  0  0  0  0  0  0  0  0  0  0  0  0  0  0  0  0  0  0  0  0  0  0  0  0  0  0  0  0  0  0  0  0  0  0  0  0  0  0  0  0  0  0  0  0  0  0  0  0  0  0  0  0  0  0  0  0  0  0  0  0  0  0  0  
0  0  0  952  0  0  0  0  0  0  0  173  10  1  0  0  13  70  0  0  0  0  0  331  1  31287  0  0  3  0  0  0  86470  0  180414  106908  15  126707  0  0  4408  0  43270  0  0  0  194  25653  19  3  0  0  0  0  45  0  0  0  1  0  3  0  0  10  0  0  0  0  0  0  0  688  211444  33623  0  0  0  0  0  0  0  0  0  0  0  0  0  0  0  0  0  0  0  0  0  0  0  0  0  0  0  0  0  0  0  0  0  0  0  0  0  0  0  0  0  0  0  0  0  0  0  0  0  0  0  0  0  0  0  0  0  0  0  0  0  0  0  0  0  0  0  0  0  0  0  0  0  0  
0  0  0  265  0  2  0  0  2  6  0  105  5  0  0  0  17758  5120  9  0  0  0  38209  1118  0  75  0  0  0  0  0  9489  15572  190216  0  1  208  15764  0  0  180  0  125472  62  0  0  398  115778  48  821  1  0  0  0  25  0  5  0  437  103  467  0  4  33  11  6  0  0  1  0  0  28631  47790  7  0  0  0  0  0  0  0  0  1  0  0  0  0  0  0  0  0  1  0  0  0  0  0  0  0  0  0  0  0  0  1  1  0  0  0  0  0  0  0  0  5  0  0  0  0  0  0  1  2  0  0  0  0  0  0  1  0  0  0  0  0  0  0  0  0  2  0  0  0  0  1  0  0  0  
0  0  0  11  0  0  0  0  0  0  0  0  0  0  0  0  2  3  0  0  0  0  0  0  4  88190  0  0  0  0  0  0  6447  124617  3  0  0  1879  0  0  48556  0  0  0  0  0  0  8042  37  0  0  0  0  0  1203  0  0  0  0  0  0  0  0  0  0  0  0  0  0  0  0  0  17409  64155  0  0  0  0  0  0  0  0  0  0  0  0  0  0  0  0  0  0  0  0  0  0  0  0  0  0  0  0  0  0  0  0  0  0  0  0  0  0  0  0  0  0  0  0  0  0  0  0  0  0  0  0  0  0  0  0  0  0  0  0  0  0  0  0  0  0  0  0  0  0  0  0  0  0  
0  15780  0  0  0  0  0  0  0  0  0  0  0  0  0  0  4  0  2  0  33113  0  1550  0  0  0  0  0  0  0  0  0  0  20  487  0  0  179691  0  0  0  0  66899  23  0  0  0  173  2  201639  1  0  0  0  1  0  0  0  46332  212851  1708  0  0  0  0  0  0  0  0  0  0  321332  7115  0  0  0  0  0  0  0  0  0  0  0  0  0  0  0  0  0  0  0  0  0  0  0  0  0  0  0  0  0  0  0  0  0  0  0  0  0  0  0  0  0  0  0  0  0  0  0  0  0  0  0  0  0  0  0  0  0  0  0  0  0  0  0  0  0  0  0  0  0  0  0  0  0  0  0  
0  9044  0  6  0  1  0  2  1  0  0  0  0  0  0  0  0  3  6598  1  82  60  891  0  5  353  0  0  0  0  0  2  0  128223  21875  50  164449  0  0  0  37  1  76479  3369  21  0  0  2157  1  12142  42  0  0  2  87  0  15  0  146024  29821  16480  0  0  0  1  1  0  24  0  0  0  341966  538740  1  0  0  0  0  0  0  0  0  0  0  0  0  0  0  0  0  0  0  0  0  0  0  0  0  0  1  0  0  0  0  0  0  0  0  0  0  0  0  0  0  0  0  0  0  0  0  0  0  0  0  0  0  0  0  0  0  0  0  0  0  0  0  0  0  0  0  0  0  0  0  0  0  0  0  
6247  0  0  0  301  2534  0  0  0  0  0  50  43754  70112  46  72  3  174  0  0  0  0  2  7362  0  1  0  0  0  0  3  926  0  0  0  0  0  0  0  3361  1  0  0  1  1  0  32455  0  30457  0  0  9957  137  1  0  0  0  0  0  0  0  4670  134  44769  0  114  2  16  1  155  0  0  13  0  0  0  0  0  0  0  0  0  0  0  0  0  0  0  0  0  0  0  0  0  0  0  0  0  0  0  0  0  0  0  0  1  0  0  0  0  0  0  0  0  0  0  0  0  0  0  0  0  0  0  0  0  0  0  0  0  0  0  0  0  0  0  0  0  0  5  0  0  0  0  0  0  0  0  
396  0  0  330  1478  811  2  1  0  1  0  88969  515  93448  758  23  2  83  2  0  0  0  0  77  0  3  0  0  2  0  0  31  0  0  0  0  0  0  1843  0  36  0  0  1  31  0  558  2  77966  0  0  9922  2066  63  1  0  2  0  0  0  0  67  0  318  0  34  8  12693  20  5  0  0  1  0  0  0  0  0  0  0  0  0  1  0  0  0  0  0  0  0  0  0  0  0  0  0  0  0  0  0  0  0  0  0  0  1  0  0  0  0  0  0  0  0  0  0  0  0  0  0  0  0  0  0  0  0  0  0  0  0  0  0  0  0  0  0  0  0  0  5  0  0  0  0  0  0  0  0  
117  0  1  49698  845  803  299  356  1085  7688  0  86  0  63  472  112  16748  24998  5718  11  2  30  1320  12  9  159916  53  3  65  55  0  1904  16847  4398  1  47536  0  0  15  1289  0  2  22  21215  2953  3  175  97214  76614  2  56  786  735  650  54112  1175  694  849  9  11  184  0  52  22  2210  3016  17473  2436  285  41  125  0  36356  34295  0  0  0  3  1  4  1  0  54  6  0  2  0  1  1  0  0  10  3  0  5  0  19  0  0  105  9  0  0  0  14  42  0  0  1  24  0  0  0  0  314  0  6  1  13  7  1  47  12  0  7  4  1  0  0  42  0  0  0  1  15  0  2  0  2  204  35  8  2  0  11  0  23  0  
0  182757  0  12  0  0  0  0  1  0  30031  0  0  1  0  0  0  0  51766  49888  1  165380  0  0  1  0  0  0  0  0  0  0  0  0  0  0  0  0  0  0  0  0  0  65753  178  0  0  2  5  0  18570  0  0  4  5  0  283690  12321  464  0  3733  0  0  0  3  2  1  34  0  0  0  0  4  0  0  0  0  0  0  0  0  0  0  0  128  0  0  0  0  0  0  0  0  0  0  21  0  0  0  0  0  0  0  0  0  0  0  0  0  0  0  0  0  0  0  12  0  1  0  0  0  0  0  0  0  0  0  0  0  0  0  0  0  0  0  0  0  0  0  0  0  0  0  0  0  0  0  0  
1  0  0  0  0  4  1  1  8  13  0  0  0  0  0  0  936  1840  15  0  20  2  140509  1181  3  156  0  0  0  1  0  562  0  62669  154009  0  52710  82715  0  0  410  0  0  169  4  0  8  29304  30  51956  7  1  0  0  58  0  6  0  3632  156  2312  0  9  187  40  18  2  4  0  7  0  52027  35726  1  0  0  0  0  0  0  0  0  3  0  0  0  0  0  0  0  0  0  0  0  0  0  0  0  0  1  1  0  0  0  0  3  0  0  0  0  0  0  0  0  8  0  1  0  0  0  0  2  0  0  1  0  0  0  0  0  0  0  0  0  0  0  0  0  0  10  0  0  0  0  0  0  1  0  
15  2394  0  2629  117  532  540  1343  2295  76315  315845  38  0  14  83  121  49  6841  7515  40015  3  334722  45272  3  299  6918  5  0  55  7569  1  900  0  0  2  0  0  301  0  405  32855  71244  20  0  8959  2  757  1237  8731  84  10780  398  119  1038  12027  332  41627  133371  2065  221  65323  0  32  5  128020  5040  312  4620  1148  26  118  3  13867  28  1  0  0  0  0  0  0  0  12  6  2192  0  0  0  0  0  0  4  0  0  0  95  0  0  0  19  1  0  1  4  0  5  0  0  0  5  0  0  0  0  28  18  0  75  1  1  1  5  2  0  1  1  0  0  0  9  0  0  0  0  3  0  0  0  0  93  3  0  0  0  5  0  5  0  
45  0  78699  117548  166  2541  783  22542  12522  72  0  2005  0  24  306  13212  1409  4253  933  0  0  0  8  4  12  23299  19  263233  259963  26  1  495  4  0  0  0  0  2  3  231  1974  0  0  510  0  136556  608  8886  28468  0  127  1333  222  2435  568  507  2121  74  33  48  104  0  47  10  760  9600  174924  62499  86375  48  3581  0  764  0  0  0  0  0  0  1  1  0  4  0  0  0  0  0  0  0  0  0  0  0  0  0  0  0  0  16  1  0  0  0  1  3  0  0  0  6  0  0  0  0  19  0  0  0  1  1  0  1  1  0  0  1  0  0  0  6  0  0  0  0  0  0  0  0  1  49  6  1  0  0  2  0  0  0  
0  0  93173  19  5  7  5  67923  50896  0  0  1  0  0  2  5356  3  15  9  0  0  0  0  0  0  18  4262  29224  681  96234  0  2  0  0  0  0  0  0  0  3  31  0  0  9  84212  0  0  24  186  0  0  20  1  126  8  104  9  0  0  0  0  0  0  0  22  208  56251  4  171  2  41681  0  2  0  0  0  91  0  0  0  0  22  1446  0  0  0  0  0  0  148  0  0  0  0  0  0  0  0  0  0  0  0  1  310  0  0  0  0  0  0  0  0  0  0  0  0  0  0  0  1799  0  0  0  0  0  0  0  0  0  0  0  0  0  0  0  0  0  0  0  0  0  0  0  0  3297  0  0  0  
4525  0  0  24  464  6401  2  2  6  1  0  580  44884  1436  136  48  87  72427  5  0  2  1  90  73167  0  77  0  0  0  3  590  18972  27  16  184  0  0  0  31550  202  171  0  74  146  34  0  0  1064  27202  0  0  1952  470  254  19  1  5  1  1  0  1  298  5448  61916  23  201  86  144  128  1145  0  0  341  0  0  0  0  0  0  0  0  0  2  0  0  0  0  0  0  0  0  0  0  0  0  1  0  0  0  2  1  0  0  0  0  3  0  0  0  2  0  0  0  0  5  0  0  0  0  0  1  0  0  0  1  0  0  0  0  1  0  0  0  0  1  0  2  0  0  19  2  0  0  0  0  0  1  0  
2  0  1  343  2  104  11  7  192  2130  0  94  2  0  4  9  115272  71322  333  13  1  10  9157  2014  33  808  13  0  39  23  7  6387  85425  11429  129070  3397  89  8426  3  16  70406  1  51344  1309  1339  1  10442  0  26333  585  77  62  4  19  2921  294  230  43  809  54  329  0  95  22  776  1274  2580  82  73  43  10  4880  248808  28300  0  0  0  9  0  0  3  3  110  12  0  2  0  4  0  0  0  13  5  0  3  0  12  2  0  125  6  0  0  1  15  69  0  0  0  22  2  0  2  0  496  0  3  3  17  4  3  63  21  0  1  8  1  2  0  44  0  0  0  2  13  0  0  0  2  533  26  6  3  0  13  0  21  0  
18984  0  722  159983  14076  16882  670  679  823  5190  0  63258  1665  37461  5750  1414  45520  105200  20177  4  0  8  81  1532  36  2818  10  1  646  22  65  19159  697  4  15  1  0  1  28298  86992  79972  2  18  3770  42880  1  28182  10132  0  0  98  34067  14255  13022  2065  506  8821  2318  13  14  54  479  1421  5939  1191  6045  5018  66252  10767  1695  53  0  2050  26  0  0  0  0  0  7  3  1  17  2  0  0  0  0  0  0  0  4  0  0  3  0  4  0  0  31  4  0  0  0  1  33  0  0  0  8  0  0  2  0  73  0  0  1  6  3  0  3  3  0  0  4  0  1  0  16  0  0  0  0  6  0  0  0  0  358  6  3  0  0  2  0  11  0  
0  2  0  0  0  0  0  1  4  0  0  0  0  0  0  0  18  16  0  0  123554  3  90240  0  6  5  0  0  1  0  0  13  0  0  922  0  178638  46981  0  0  16  0  87012  237  8  0  0  1708  1  0  4  0  0  0  26  0  0  0  27457  105970  29498  0  0  0  5  0  0  2  2  0  1  26916  49986  0  0  0  0  0  0  0  0  0  0  0  0  0  0  0  0  0  0  0  0  0  0  0  0  0  0  0  0  0  0  0  0  0  0  0  0  0  0  0  0  0  0  0  0  0  0  0  0  0  0  0  0  0  0  0  0  0  0  0  0  0  0  0  0  0  0  0  0  0  0  0  0  0  0  0  
0  101701  0  57  0  2  0  11  10  0  0  0  0  0  0  1  0  6  1055  0  20813  48262  3  0  8  14  0  0  0  0  0  1  0  0  0  0  0  9  0  0  16  7536  0  9803  256  0  0  4  27  0  0  2  0  13  94  0  5746  12  21199  909  86507  0  0  0  11  19  5  112  9  0  0  0  173  0  0  0  0  0  0  0  0  0  0  0  0  0  0  0  0  0  0  0  0  0  0  44  0  0  0  0  0  0  0  0  0  0  0  0  0  0  0  0  0  0  0  0  0  1  0  0  0  0  0  0  0  0  0  0  0  0  0  0  0  0  0  0  0  0  0  0  0  0  0  0  0  0  0  0  
43253  0  1  128  16280  20523  284  291  41  16  0  97881  4  115515  281687  1233  19  1353  210  0  0  0  1  624  6  501  1  0  10006  2  1  660  1  0  0  0  0  0  18515  30735  204  0  0  30  1168  0  1880  61  19309  0  42  0  86173  75339  368  44  486  27  0  1  10  19444  44  1057  42  1725  937  95099  2115  103  7  0  97  0  0  0  0  0  0  3  0  0  1  0  0  0  0  0  0  0  0  0  0  0  0  0  0  0  0  0  0  0  0  0  0  5  0  0  0  0  0  0  0  0  3  0  0  0  0  0  0  0  0  0  0  0  0  0  0  0  0  0  0  0  0  0  0  0  0  72  0  0  0  0  0  0  0  0  
49861  0  0  4  40661  9348  14  1  1  3  0  58  0  144  227730  23116  13  317  9  0  0  0  0  17  1  22  1  0  0  0  2  498  0  0  0  0  0  0  26  1491  27  0  0  5  12  0  113  4  4060  0  0  151017  0  24800  9  2  3  1  0  0  0  5  27  55  5  378  80  71  29  23  1  0  8  0  0  0  0  0  0  2  0  0  0  0  0  0  0  0  0  0  0  0  0  0  0  0  0  0  0  0  0  0  0  0  0  3  0  0  0  0  0  0  0  0  1  0  0  0  0  0  0  0  0  0  0  0  0  0  0  0  0  0  0  0  0  0  0  0  0  31  0  0  0  0  0  0  0  0  
316  0  5  1692  1779  33303  16809  41073  1734  4  0  36  0  14  259118  288703  15  831  251  0  0  0  0  3  38  3568  12  3  1447  20  0  157  0  0  0  0  0  1  2  360  387  0  0  97  4953  7  313  137  16943  0  49  121892  29177  0  1091  95  293  43  4  11  25  0  20  8  437  6205  6160  60386  103785  12  107  0  398  0  0  0  0  0  1  6  0  0  1  0  0  0  0  0  0  0  0  0  0  0  0  0  1  0  0  0  0  0  0  0  0  2  0  0  0  0  0  0  0  0  0  0  0  0  0  1  0  0  0  0  0  0  3  0  0  1  0  0  0  0  0  0  0  0  0  51  0  0  0  0  0  0  0  0  
1  0  0  135  2  120  250  352  5791  67  0  3  0  1  5  10  28  1450  3127  7  0  76  329  0  78016  124779  462  0  49  188  0  129  10  90  0  3860  0  11  0  11  38464  1  3  16612  722  0  22  751  1735  5  70  33  4  261  0  13383  2866  545  57  9  627  0  4  0  10751  1367  1796  3462  90  4  629  0  125021  46  0  0  0  0  1  0  0  0  2  0  0  0  0  0  0  0  0  2  0  0  0  0  0  0  0  3  0  0  1  0  2  0  0  0  0  1  0  0  0  0  9  0  1  0  1  0  0  1  0  0  0  0  0  0  0  0  0  0  0  0  0  0  0  0  0  22  1  0  0  0  1  0  3  0  
0  0  1  40  0  93  156  126  15526  10  2  1  0  0  3  5  26  1024  3843  40186  0  2  3  1  207099  92217  343871  111  1701  7450  1  155  4  0  0  0  0  0  0  9  2768  0  0  4614  12079  35  29  848  1623  0  58  97  4  259  39188  0  4552  43633  29  2  57  0  2  1  83926  3787  96083  3659  1282  4  98744  0  16616  1  0  0  0  0  1  0  0  0  0  0  0  0  0  0  0  0  0  0  0  0  0  0  0  0  0  3  0  0  0  0  0  0  0  0  0  2  0  0  0  0  5  0  0  0  2  0  0  0  0  0  0  0  0  0  0  0  0  0  0  0  0  0  0  0  0  23  2  0  0  0  0  0  0  0  
0  157105  0  96  2  9  5  1  24  1  657  0  0  1  5  0  5  74  542523  597  2  72649  1  0  20428  14  0  0  3  0  0  9  0  0  1  0  0  3  0  0  292  239097  1  33258  2079  0  1  89  369  0  20079  34  2  123  141  1814  0  45847  67094  16  12672  0  0  0  9344  28  27  13652  18  0  0  0  50225  0  0  0  0  0  0  0  0  0  0  0  0  0  0  0  0  0  0  0  0  0  0  0  0  0  0  0  0  0  0  0  0  0  0  0  0  0  0  0  0  0  0  0  0  0  0  0  0  0  0  0  0  0  0  0  0  0  0  0  0  0  0  0  0  0  0  0  0  0  0  0  0  0  1  0  
0  2067  0  117  2  8  9  1  91  5  103890  1  0  1  1  0  4  72  238546  180342  0  10357  7  0  18406  149  6  0  0  12  0  2  0  0  0  0  0  1  0  1  108  20856  0  98096  2580  0  0  89  302  0  4453  11  3  70  583  41589  73405  0  942  0  1211  0  0  1  74775  57  107  1627  4  0  10  0  998  0  0  0  0  0  0  0  0  0  0  0  0  0  0  0  0  0  0  0  0  0  0  0  0  0  0  0  0  0  0  1  0  0  0  0  0  0  0  0  0  0  0  0  0  0  0  0  0  0  0  0  0  0  0  0  0  0  0  0  0  0  0  0  0  0  0  1  1  0  0  0  0  0  0  0  
0  115355  0  350  0  17  13  13  4  3  0  0  0  0  7  1  1  24  95092  2  2145  4621  504  0  107  51  0  0  0  0  0  5  0  0  3  0  41054  170295  0  0  160  147  94  14345  3416  0  2  101  92  337  57699  3  0  104  315  3  53101  105  0  90557  41894  0  0  0  74  85  14  1289  43  0  1  93  77225  0  0  0  0  0  0  0  0  0  0  0  0  0  0  0  0  0  0  0  0  0  0  0  0  0  0  0  0  0  0  0  0  0  0  0  0  0  0  0  0  0  0  0  0  0  0  0  0  0  0  0  0  0  0  0  0  0  0  0  0  0  0  0  0  0  0  0  0  0  0  0  0  0  0  0  
0  47435  0  73  0  7  1  4  6  0  0  1  0  0  3  0  2  11  52  0  160474  124  1467  0  7  14  0  0  0  0  0  0  0  0  71  0  193948  47883  0  1  17  3  254  7356  436  0  0  68  24  103087  21806  0  1  14  338  0  62  0  90006  0  76287  0  0  0  12  15  5  146  13  0  2  62083  16843  0  0  0  0  0  0  0  0  0  0  0  0  0  0  0  0  0  0  0  0  0  0  0  0  0  0  0  0  0  0  0  0  0  0  0  0  0  0  0  0  0  0  0  0  0  0  0  0  0  0  0  0  0  0  0  0  0  0  0  0  0  0  0  0  0  0  0  0  0  0  0  0  0  0  0  
0  28006  0  327  1  25  17  37  101  25  1938  1  0  0  11  4  3  99  849  89  196211  350531  118092  0  367  97  1  0  0  10  0  17  0  0  28  0  729  34765  0  1  241  9184  559  78042  1962  0  3  129  216  24410  100957  4  2  164  5651  20  8900  2642  36362  71168  0  0  2  0  134  93  18  2858  89  0  10  235  26491  0  0  0  0  0  0  0  0  0  0  4  26  0  0  0  0  0  0  0  0  0  4  31  1  0  0  0  0  0  0  0  0  0  0  0  0  0  0  0  0  0  0  0  0  9  0  0  0  0  0  0  36  0  0  0  0  0  0  0  0  0  12  0  0  0  0  2  0  0  0  0  0  0  0  0  
38958  0  0  0  3  37  0  0  0  0  0  0  15610  15979  42562  0  0  2  0  0  0  0  0  69846  0  0  0  0  0  0  0  10  0  0  0  0  0  0  9088  14  0  0  0  0  0  0  66  0  102  0  0  29753  21  0  0  0  0  0  0  0  0  0  1  24434  0  2  0  2  0  1  0  0  1  0  0  0  0  0  0  0  0  0  0  0  0  0  0  0  0  0  0  0  0  0  0  0  0  0  0  0  0  0  0  0  0  0  0  0  0  0  0  0  0  0  0  0  0  0  0  0  0  0  0  0  0  0  0  0  0  0  0  0  0  0  0  0  0  0  0  0  0  0  0  0  0  0  0  0  
8  0  0  0  4  11622  0  0  1  8  0  0  129  24  0  0  4  4483  1  0  1  1  94  128666  0  61  0  0  0  1  104951  123621  0  0  1  0  0  1  433  0  179  0  10  127  0  0  17297  64  137  0  0  3  0  0  19  3  1  0  0  0  2  8  0  36845  28  8  1  2  0  35554  0  0  360  0  0  0  0  0  0  0  0  0  1  0  0  0  0  0  0  0  0  0  0  0  0  0  1  0  0  1  0  0  0  0  18  4  0  0  0  0  0  0  0  0  9  0  0  0  1  0  0  1  1  0  3  0  0  1  0  1  0  0  0  0  0  0  0  0  0  9  1  0  0  0  1  0  2  0  
15010  0  0  3  1440  11191  0  0  0  6  0  97  18080  16177  68  465  9  1434  1  0  0  0  11  289422  0  10  0  0  0  0  165  10451  0  3  12  0  0  0  75524  370  29  0  95  21  1  0  77271  14  5355  0  0  1120  296  8  1  0  0  0  0  0  0  36708  16217  0  1  646  3  19  7  4758  0  0  96  0  0  0  0  0  0  0  0  0  1  0  0  0  0  0  0  0  0  0  0  0  0  0  0  0  0  1  0  0  0  0  0  3  0  0  0  0  0  0  0  0  3  0  0  0  0  0  0  0  1  0  0  0  0  0  0  0  0  0  0  0  0  0  0  0  0  45  0  0  0  0  1  0  0  0  
2  76  0  481  4  200  1040  392  20379  2422  145477  5  0  1  10  8  50  2606  46957  235113  1  2063  35  3  2181  1922  124677  0  389  291732  0  507  3  0  0  0  0  4  1  40  2915  1022  1  132346  9088  8  141  1317  2832  1  2277  178  11  474  10455  42261  48718  82817  1110  28  1593  0  3  1  0  10315  1500  2429  160  14  54373  0  11309  2  0  0  0  0  0  0  0  0  5  1  3227  0  0  0  0  0  0  4  0  77  0  2  0  0  0  10  1  0  0  167  0  3  0  0  0  3  0  0  0  0  13  0  0  0  0  0  0  1  0  0  0  0  0  0  0  5  1  0  0  0  0  0  0  0  13  44  4  1  0  0  3  0  2  0  
294  0  8  256  111  163502  84547  71626  126821  130018  1  15  0  18  94  2934  155  15420  1104  3  0  13  48  161  13  3262  106  7  643  21556  5  41525  13  0  0  0  0  0  21  162  6804  1  17  7855  4545  9  399  3728  13248  2  38  1277  171  1541  3342  1469  306  104  10  3  9  3  67  741  20700  0  2605  1193  1667  93  204  0  7125  221  441  0  0  10  98  7927  680  1255  1683  95  1  0  0  10  34  78  1  83  2  0  1  27  40  12  1  198  29  1  92  9  10  1395  0  0  0  33  0  0  4  0  724  0  2  3  1245  85  21  21  28  0  7  43  68  35  0  332  1  0  3  0  9  51  24  15  9  159255  289  5  31  32  870  0  227  0  
2  0  21779  21400  20  887  1081  208  10229  9  0  0  0  2  43  540  176  1790  526  6  0  1  1  0  46  303041  123114  165413  2735  13761  0  213  0  0  0  0  0  0  0  6  16930  0  0  1975  106848  57716  14  2272  3949  0  13  93  34  1189  6840  115485  114  461  2  3  8  0  15  0  3330  13834  0  2729  7714  4  40619  0  199  0  0  0  0  0  0  0  1  0  1  0  0  0  0  0  0  0  0  1  0  0  0  0  2  0  0  4  1  0  0  0  0  3  0  0  0  1  0  0  0  0  9  0  0  0  2  0  0  0  1  0  0  0  0  0  0  4  0  0  0  0  0  0  0  0  0  17  2  0  0  0  0  0  1  0  
252  0  0  45683  799  2625  453  37  313  4  0  77743  0  274  84152  211  12  1685  823  1  0  1  1  14  63  3277  7  0  147197  6  3  280  0  0  0  0  0  0  121  4512  346  0  0  72  125580  5  2802  42  51694  0  183  127404  771  46656  2184  173  1975  105  19  24  51  10  31  35  138  1411  5153  0  41994  24  182  0  553  0  0  0  0  0  0  1  0  0  0  0  0  0  0  0  0  0  0  0  0  0  0  0  0  0  0  0  0  0  0  0  0  3  0  0  0  0  0  0  0  0  1  0  0  0  1  0  0  0  0  0  0  0  0  0  0  0  0  0  0  0  0  0  0  0  1  84  0  0  0  0  0  0  1  0  
45  0  17188  3297  250  3986  4405  51935  4848  9  0  26  0  17  22679  57815  116  1117  519  0  0  0  2  1  1  2242  11  18  168162  0  1  131  0  0  0  0  0  0  6  363  490  0  0  89  78448  214  98  1258  6155  0  5  4094  353  125588  160  152  749  62  2  1  11  0  12  2  117  8477  16479  38172  0  8  3425  0  118  0  0  0  0  1  0  0  0  0  2  0  0  0  0  0  0  0  0  0  0  0  0  0  0  0  0  1  0  0  0  0  0  1  0  0  0  0  0  0  0  0  6  0  0  0  1  0  0  0  1  0  0  0  0  0  0  2  0  0  0  0  0  0  0  0  0  27  1  0  0  0  0  0  0  0  
28073  0  0  0  29030  147182  0  0  0  5  0  0  0  9  3  51236  3  847  0  0  0  1  32  57315  0  19  0  0  0  0  121958  79399  0  0  0  0  0  0  35  6  92  0  0  49  0  0  771  22  186  0  0  18  2  1  3  0  0  0  1  0  0  0  33156  10065  9  27  0  0  3  0  0  0  248  0  0  0  0  0  1  787  0  0  0  0  0  0  0  0  0  398  0  0  0  0  0  1  0  8  0  5  0  0  0  0  1638  210  0  0  0  1  0  0  0  0  2  0  0  0  0  0  0  0  1  0  2  0  0  0  0  3  0  0  0  0  0  0  3  0  0  20  0  0  0  615  0  0  0  0  
0  0  5  4  1  27  24  44  129298  7  1  0  0  0  3  2  13  410  884  365  0  0  0  0  21  821  19637  21  294  148635  0  61  0  0  0  0  0  0  0  2  1213  0  0  242  2074  43789  3  664  457  0  4  18  1  167  580  76630  517  69  5  0  8  0  1  0  32067  2695  35134  68  342  2  0  0  104  0  0  0  0  0  0  0  0  1  1560  15  25  0  0  0  0  0  0  0  0  2  0  0  0  0  0  0  0  0  0  8192  0  1  0  0  0  0  0  0  0  0  10  0  0  0  1  14  0  1  0  0  0  0  0  0  0  0  0  0  0  0  0  0  0  0  0  20  0  0  1  0  58540  0  0  0  
0  0  0  0  0  0  0  0  0  0  0  0  0  0  0  0  1  1  0  0  3  1  342  0  0  1  0  0  0  0  0  0  0  142  17784  0  400827  329306  0  0  4  0  30818  30  0  0  0  1107  0  37147  0  0  0  0  4  0  0  0  10857  61107  2525  0  0  0  0  0  0  2  0  0  0  0  47842  0  0  0  0  0  0  0  0  0  0  0  0  0  0  0  0  0  0  0  0  0  0  0  0  0  0  0  0  0  0  0  0  0  0  0  0  0  0  0  0  0  0  0  0  0  0  0  0  0  0  0  0  0  0  0  0  0  0  0  0  0  0  0  0  0  0  0  0  0  0  0  0  0  0  0  
4  38  1  581  7  135  123  105  570  445  2  1  0  0  85  15  530  13111  132134  482  68  291  20899  14  333612  16677  2  0  20  73  1  4936  12204  191373  61486  8775  1835  608220  0  16  18672  10  65011  37820  7322  0  60  253685  2406  24410  5137  29  8  1324  180601  23845  41665  1098  62920  11976  48147  0  93  21  16942  675  66  30882  115  40  33  38600  0  6537  0  0  0  0  0  0  0  0  32  0  0  0  0  2  1  0  1  4  1  0  3  1  6  0  0  39  1  0  1  0  7  39  0  0  0  10  0  0  0  0  146  0  1  1  4  1  0  22  5  0  4  3  1  0  0  16  0  0  0  0  6  0  2  0  0  108  11  1  0  0  5  0  8  0  
0  0  0  54  0  5  0  0  2  322  0  0  0  0  0  0  8  750  1  0  0  0  12  0  0  175  0  0  0  0  0  27  115730  26937  10  59106  0  3  0  3  27869  0  0  147  19  0  0  45893  476  0  1  6  1  0  271  2  11  0  0  0  1  0  0  1  10  107  0  8  1  1  0  0  13551  0  0  0  0  0  0  0  0  0  2  1  0  0  0  0  0  0  0  1  0  0  0  0  1  0  0  4  0  0  0  0  1  2  0  0  0  1  0  0  0  0  20  0  0  0  0  0  0  7  2  0  0  0  0  0  0  0  0  0  0  0  1  0  0  0  0  13  2  0  0  0  0  0  3  0  
0  0  0  0  0  11  0  1  0  0  0  0  0  0  0  0  0  0  0  0  0  0  1  0  0  0  0  0  0  0  90  0  0  0  0  0  0  0  0  0  0  0  0  0  0  0  0  0  1  0  0  0  0  0  0  0  0  0  0  0  0  0  0  0  0  10  0  0  0  33  0  0  0  0  0  0  0  9  67918  18449  49  4  56  2  0  28  1468  1962  16675  23496  0  24  1  0  0  0  6  146766  0  8  4  0  4  0  34379  3218  0  0  0  4  0  0  26052  0  67  0  0  1  79  12  2098  0  2554  0  1  10839  98051  39  0  257  0  0  0  0  0  98009  1730  5845  5  1798  10  10  5  29085  21  0  7  0  
0  0  0  0  0  0  0  0  0  0  0  0  0  0  0  0  0  0  0  0  0  0  0  0  0  0  0  0  0  0  0  0  0  0  0  0  0  0  0  0  0  0  0  0  0  0  0  0  0  0  0  0  0  0  0  0  0  0  0  0  0  0  0  0  0  0  0  0  0  0  0  0  0  0  0  0  0  3  0  0  0  0  1  0  0  0  0  0  0  0  0  0  218516  0  116148  1  1  0  1  4  0  0  0  0  0  0  0  0  0  1  667  2078  0  0  5  80070  0  7  1  0  0  0  2  0  115402  0  0  0  0  2  4366  0  65015  59820  2481  0  0  0  0  1  0  0  1  0  0  232  95  0  
0  0  545  0  0  0  0  281  9  0  0  0  0  0  0  282  0  0  0  0  0  0  0  0  0  0  0  0  0  1  0  0  0  0  0  0  0  0  0  0  0  0  0  0  0  109  0  0  0  0  0  0  0  0  0  0  0  0  0  0  0  0  0  0  0  0  0  0  0  0  0  0  0  0  0  0  0  0  0  0  135  5931  40  0  0  0  0  0  0  157260  0  0  0  0  0  0  0  0  0  2  34681  43468  91398  20365  0  0  0  0  0  1  0  0  0  0  10  0  0  0  136747  141061  0  0  0  0  0  0  0  4  0  1  0  0  0  0  0  0  0  0  0  1  42470  0  115  0  17  0  0  0  
0  0  0  0  0  0  0  0  0  0  0  0  0  0  0  0  0  0  0  0  0  0  0  0  0  0  0  0  0  0  0  0  0  0  0  0  0  0  0  0  0  0  0  0  0  0  0  0  0  0  0  0  0  0  0  0  0  0  0  0  0  0  0  0  0  3  0  0  0  0  0  0  0  0  7  0  0  0  13  69  241  27  1111  38  0  130864  0  41  26  14  179  530  34  0  0  0  12  3  0  172805  88  40437  43501  0  0  9  7098  234  66  1676  0  0  28  25  38915  0  0  3  36475  125  180  289  180732  0  0  228  37  98  240  4513  10  2  1  0  0  2  7  8  84  829  819  43764  438  0  968  0  87  4  
0  0  0  0  0  6  1  1  0  0  0  0  0  0  0  4  0  0  0  0  0  0  1  0  0  0  0  0  0  0  0  0  0  0  0  0  0  0  0  0  0  0  0  0  0  0  1  0  1  0  0  0  0  0  0  0  0  0  0  0  0  0  0  0  0  50  0  0  0  0  0  0  1  0  48294  0  0  17  0  102049  481  92  793  4  0  155  0  1003  32990  171515  0  48  16  0  1  1  11  45  0  134  192  0  11  1  8  2301  0  0  0  50  0  0  1155  0  264  0  2  12  85  78  2472  2  3551  0  3  4588  204498  935  2  4578  9  2  0  0  2  4581  104  586  53  2302  781  39  98  12740  362  0  39  0  
0  0  0  0  8  4224  95  9  1  0  0  0  0  0  0  989  0  5  0  0  0  0  1  0  0  0  0  0  0  0  25  409  0  0  0  0  0  0  0  0  0  0  0  0  0  0  0  0  7  0  0  2  0  0  0  0  0  0  0  0  0  0  0  2  1  6694  0  0  0  284  0  0  2  0  15210  0  0  14  196511  0  121147  4329  1156  6  0  990  5  1079  39591  273465  0  280  9  0  1  0  93  59364  0  103  44  0  9  0  2228  79565  0  0  0  28  0  0  384  0  340  0  1  7  302  1003  1520  2  2059  0  3  6452  23498  35589  2  1620  5  1  2  0  6  245  29357  20352  15  216563  212  71  432  78411  224  0  326  0  
0  0  0  0  0  192  1979  61  0  0  0  0  0  0  0  1421  0  0  0  0  0  0  0  0  0  0  0  0  0  0  0  0  0  0  0  0  0  0  0  0  0  0  0  0  0  0  0  0  0  0  0  0  0  0  0  0  0  0  0  0  0  0  0  0  0  234  0  0  0  0  0  0  0  0  22  0  0  70  238  151105  0  129995  14216  7  0  111  0  67  4750  172264  1  122  7  0  1  0  51  9  1  446  58  5  251  0  1  110  0  0  0  30  0  0  3  0  321  0  2  3  504  3088  201  3  470  0  2  4184  1062  131313  1  6447  3  2  0  1  4  15  12  17  64  89278  240  575  3689  0  9834  0  217  0  
0  0  6  0  0  24  955  14021  2905  0  0  0  0  0  0  4849  0  6  0  0  0  0  0  0  0  0  0  0  0  12  0  0  0  0  0  0  0  0  0  0  9  0  0  0  0  35  0  1  2  0  0  0  1  0  0  0  0  0  0  0  0  0  0  0  0  1326  0  0  0  0  0  0  5  0  3  0  695  19  13  1558  112232  0  49093  5  0  0  0  2  25  176789  4  738  18  0  0  0  358  17  0  132  38  1  58357  17  0  7  0  0  1  19  1  0  1  0  1264  0  1  5  24152  75920  35  16  207  0  10  14  34  10532  0  1773  10  0  7  1  8  1  100  3  109  89887  112  14  148440  0  1850  0  771  0  
0  0  17  0  0  0  15  192  26105  51  0  0  0  0  0  25  0  5  0  0  0  0  0  0  0  1  0  0  0  8463  0  1  0  0  0  0  0  0  0  0  1  0  0  4  0  957  0  0  1  0  0  0  0  0  2  0  0  0  0  0  0  0  0  0  5  790  0  0  0  0  3875  0  2  0  1  0  80  202  9  27  21516  35271  0  26337  0  18  0  6  72  313  2  122  227  0  1  5  72  1  12  3446  401  2  39  8955  0  2  0  0  0  1002  20  2  1  0  5295  0  1  6016  267  49482  25  25  642  0  7  36  53  285  0  1086  180  21  11  27  168  1  8  2  2592  111501  1621  140  166  0  82030  1  279  0  
0  0  0  0  0  0  0  0  479  99  0  0  0  0  0  0  0  7  0  0  0  16  0  0  0  0  0  0  0  2235  0  1  0  0  0  0  0  0  0  0  2  0  0  14  0  0  0  6  4  0  1  0  0  0  3  0  0  0  0  0  0  0  0  0  3  107  0  0  0  0  82  0  2  0  0  0  0  317  8  8  62  11  39450  0  0  15  0  16  6  2  9  77  129  0  3  1910  8086  2  18  6518  124  1  17  17306  1  13  0  0  0  989  110  16  6  0  6702  1  13  39425  140  195  50  231  795  0  41  26  27  49  0  596  46  4  33  224  1743  2  2  1  619  34410  470  63  25  0  10119  0  183  0  
0  0  0  0  0  0  0  0  0  2  28180  0  0  0  0  0  0  0  0  5181  0  5927  0  0  0  0  2  0  0  11678  0  0  0  0  0  0  0  0  0  0  0  26  0  1660  0  0  0  0  0  0  0  0  0  0  0  0  0  1  0  0  19  0  0  0  1018  1  0  0  0  0  3  0  0  0  0  0  0  0  0  0  0  0  0  18  0  0  0  0  0  0  0  0  257  188186  0  33776  0  0  0  0  10  0  0  12260  0  0  0  0  0  0  0  0  0  0  2  54619  0  227943  0  0  0  0  0  0  1  0  0  0  0  1  100  54940  0  0  1  0  0  0  101610  0  0  0  0  0  0  0  0  0  
0  0  0  0  0  0  0  0  0  0  0  0  0  0  0  0  0  0  0  0  0  0  0  0  0  0  0  0  0  0  0  0  0  0  0  0  0  0  0  0  0  0  0  0  0  0  0  0  0  0  0  0  0  0  0  0  0  0  0  0  0  0  0  0  0  9  0  0  0  0  0  0  0  0  16  0  0  166997  238  660  132  2  80  4  0  0  229  58128  535  8  771  10204  2  0  0  0  1  569  0  831  2  3  1546  0  0  43  3908  328  1616  8  0  0  2835  53419  24  0  0  0  150  8  733  272  127358  0  3  38124  210  33  2  299  1  0  0  0  2  4  4  6  6  1067  9  102689  6  0  46  0  11  1  
0  0  0  0  0  0  0  0  0  0  0  0  0  0  0  0  0  0  0  0  0  0  0  0  0  0  0  0  0  0  0  0  0  0  0  0  0  0  0  0  0  0  0  0  0  0  0  0  0  0  0  0  0  0  0  0  0  0  0  0  0  0  0  0  0  0  0  0  0  0  0  0  0  0  1155  0  0  0  2  68  1  0  2  0  0  222  0  21870  1327  0  0  22  0  0  0  0  0  59883  0  0  0  0  0  0  3  19  0  6  11  0  0  0  58059  3  13  0  0  0  13  0  55350  0  42  0  0  23  2  0  0  8  0  0  0  0  0  48880  1505  23551  0  9  2  1  0  0  2  0  0  0  
0  0  0  0  0  0  0  0  0  0  0  0  0  0  0  0  0  0  0  0  0  0  0  0  0  0  0  0  0  0  0  0  0  0  0  0  0  0  0  0  0  0  0  0  0  0  0  0  0  0  0  0  0  0  0  0  0  0  0  0  0  0  0  0  0  10  0  0  0  0  0  0  0  0  3084  0  0  26  2625  2335  112  4  95  1  0  100237  21508  0  12377  8  0  156  0  0  0  0  2  1100  0  19  23  0  8  0  0  135  0  0  0  7  0  0  107001  34320  43  0  0  0  15  19  12176  0  66387  0  0  134235  1639  71  0  512  2  2  0  0  0  19123  10  16  7  1634  62  745  15  1  53  0  16  0  
0  0  0  0  0  1  0  0  0  0  0  0  0  0  0  0  0  0  0  0  0  0  0  0  0  0  0  0  0  0  0  0  0  0  0  0  0  0  0  0  0  0  0  0  0  0  0  0  1  0  0  0  0  0  0  0  0  0  0  0  0  0  0  0  0  38  0  0  0  0  0  0  0  0  19448  0  1  26  26663  33487  1572  37  349  3  0  576  6476  26673  0  32253  0  82  5  0  0  0  15  29704  0  90  34  1  62503  1  0  89  0  0  0  42  0  0  3  0  118  0  0  4  2542  19  131  2  499  0  1  500868  655060  213554  7  2419  4  7  0  0  3  53600  13  12  34  1621  274  74058  79443  0  205  0  56  0  
0  0  115  0  14  1483  120  7739  20  0  0  0  0  0  0  9101  0  0  0  0  0  0  0  0  0  0  0  0  0  0  483  210  0  0  0  0  0  0  0  0  0  0  0  0  0  100  0  0  0  0  0  0  0  0  0  0  0  0  0  0  0  0  0  0  0  17  0  0  0  683  0  0  0  0  27715  0  113000  19  225010  316473  235771  183332  324  1  0  9  0  16  45726  0  1  22  2  0  0  0  9  4964  0  92  20  101  111809  96  21681  186  0  0  0  7  0  0  1  0  63  0  1  0  29101  20913  12  0  151  0  0  112  28470  317278  0  962  0  0  1  0  0  3  677  713  16  729  92  57  82530  113265  355  0  18  0  
0  0  0  0  0  0  0  0  1  8  0  0  0  0  0  0  0  0  0  0  0  0  0  0  0  0  0  0  0  0  0  0  0  0  0  0  0  0  0  0  3  0  0  1  0  0  0  5  0  0  0  0  0  0  2  0  0  0  1  0  0  0  0  0  1  7  1  0  0  0  0  0  4  0  2  0  0  235  1  0  12  7  256  66  0  1161  0  0  0  1  0  141746  10  0  2  0  55475  3160  3  932  20  0  74  0  10  35  8937  21  48976  103  1  3  1  0  23664  0  12188  5  2773  40  2031  92624  22344  5  3  4  1  5  0  1064  7  0  2  3  22  1  100  15  19  381  124  6  61  0  265  4  238  2  
0  0  0  0  0  0  0  0  0  12  0  0  0  0  0  1  0  2  0  0  0  0  0  0  0  0  0  0  0  0  0  3  0  0  0  0  0  0  0  0  2  0  0  3  0  0  0  7  2  0  0  0  0  0  2  0  0  0  0  0  0  0  0  0  3  15  0  0  0  0  0  0  7  0  66  0  0  780  177  529  568  24  833  59  0  7237  3  262  486  3  104746  0  12  0  2  3  58515  60641  3  588  66  3  56  0  85  332  1335  12  10682  99  4  3  3  169  5418  0  5197  12  2482  124  71712  3527  79970  5  4  286  240  97  0  4318  2  4  6  4  34  19  2281  712  92  919  226  8  172  0  598  0  345  0  
0  0  0  0  0  0  0  0  0  1  0  0  0  0  0  0  0  0  0  0  0  0  0  0  0  0  0  0  0  0  0  0  0  0  0  0  0  0  0  0  0  0  0  0  0  0  0  0  0  0  0  1  0  0  0  0  0  0  0  0  0  0  0  0  0  12  0  0  0  0  0  0  0  0  8  218445  1  683  33  57  246  45  165  5  418  72  0  30  92  15  9  93  0  29118  991  9935  12  0  55087  1174  92  16  68  4  1  6  0  0  1  22  24  10254  11  0  386  110901  0  48629  1336  22  136  37  2858  0  62718  256  443  539  1  47123  527393  295108  60205  137  35674  5  6  2  3506  273  45  3755  74  0  158  6492  133435  0  
0  0  0  0  0  0  0  0  0  0  124  0  0  0  0  0  0  0  0  28  0  0  0  0  0  0  14  0  0  303  0  0  0  0  0  0  0  0  0  0  0  0  0  0  0  0  0  0  0  0  0  0  0  0  0  0  0  0  0  0  0  0  0  0  47  0  0  0  0  0  2  0  0  0  0  0  0  0  0  1  0  0  0  0  178362  0  0  0  0  0  0  0  34557  0  0  12  0  0  1802  0  53769  0  0  13352  0  0  0  0  0  0  0  0  0  0  0  72331  0  84047  0  0  0  0  2  0  18  0  0  0  0  62886  8437  158178  0  0  53  0  0  0  65673  0  0  0  0  0  60  0  0  0  
0  0  0  0  1  0  0  0  0  21  0  0  0  0  0  0  0  11  1  0  1  26  5  0  0  8  0  0  0  1  0  4  0  0  0  0  0  0  0  0  52  0  0  10  1  0  0  17  7  0  3  0  0  0  7  0  2  0  0  0  1  0  0  0  0  8  0  0  0  0  0  0  26  1  1  115923  0  28  0  1  1  0  59  23  0  1  0  0  1  0  6  14  1149  0  0  2624  66327  7  10  126  2  0  1  0  121  386  0  0  10  26  38513  418  0  0  306  5624  612  14  6  9  0  112  64  144962  78094  2  3  1  0  76  19  0  43443  276739  308189  0  14  0  0  59  20  4  2  0  18  168  9552  2  
0  8  0  0  0  0  0  0  4  143  1244  0  0  0  0  0  0  2  1  0  3  7348  5  0  0  1  0  0  0  461  0  2  0  0  0  0  0  0  0  0  19  24  0  156  0  0  0  6  3  0  2  0  0  0  3  0  1  0  0  0  13  0  0  0  5  156  0  0  0  0  0  0  10  0  0  8  0  5  0  1  0  0  31  1665  18371  1  0  0  1  0  1  11  11534  73  3307  0  28937  2  2  88  2  0  0  4676  34  154  0  0  0  21  0  0  0  0  189  147153  5  327499  1  4  3  17  21  0  22973  1  3  5  0  34  16966  98  123  6  257009  0  10  0  326  59  8  7  2  0  9  0  134  0  
0  0  0  0  0  0  1  0  1  26  0  0  0  0  0  0  0  10  0  0  0  1  4  0  0  1  0  0  0  3  0  2  0  0  0  0  0  0  0  1  29  0  2  11  0  0  0  18  9  0  0  0  0  0  6  0  0  0  0  0  0  0  0  0  1  29  0  1  0  0  0  0  16  0  0  0  1  154  7  14  30  3  1229  6292  0  18  0  1  11  3  31445  64624  83  0  62141  17194  0  13350  40  3698  80  0  13  1  121  587  0  7  84883  667  2211  80  3  0  5011  2  185922  31635  100  228  256  5725  469  91961  148  15  21  46  1  1123  94  2  107  2276  215139  0  956  17  162  716  303  31  28  0  677  7  11198  17  
0  0  0  0  0  4  0  0  0  1  0  0  0  0  0  0  0  3  0  0  0  0  2  8  0  1  0  0  0  0  492  3  0  0  0  0  0  0  0  0  4  0  0  1  0  0  0  6  0  0  0  0  0  0  0  0  0  0  0  0  0  0  0  0  0  4  0  0  0  27  0  0  1  0  140518  1  0  9  343  27812  38  1  69  1  0  659  109066  1798  34694  4120  2563  74543  6  0  3  4  26683  0  0  42  7  0  6  0  87770  8730  5  730  1177  6  0  0  54237  0  1389  0  2021  0  220  20  170343  245  370  0  2  110  50  12  0  308  0  0  3  0  19  96063  231697  420864  8  258  28  1  12  26493  42  0  140  0  
0  0  0  0  0  0  0  0  0  0  0  0  0  0  0  0  0  0  0  0  0  0  0  0  0  0  1  0  0  7  0  0  0  0  0  0  0  0  0  0  1  0  0  0  0  0  0  0  0  0  0  0  0  0  0  0  0  0  0  0  0  0  0  0  0  1  0  0  0  0  0  0  0  0  0  0  0  65  10  9  12  1  98  2  0  3  0  1  7  1  2  2  51973  217  256  6  16  0  0  178234  28390  2  2  4  0  0  1  19458  0  57484  128  476  0  0  2614  0  5  1176  61  2  4  31  191  1  1394  20  35  24  57868  259547  74  4040  877  415  2730  0  0  1  56  15  293  106  2  0  49  17  350538  0  
0  0  0  0  0  1  0  0  0  2  0  0  0  0  0  0  0  1  0  0  0  0  0  0  0  0  0  0  0  1  0  0  0  0  0  0  0  0  0  0  4  0  0  1  0  0  0  0  2  0  0  0  0  0  1  0  0  0  0  0  0  0  0  0  1  55  0  0  0  0  0  0  2  0  61  0  3  111101  62  243  693  134  3191  360  0  421  0  453  231  57  458  682  186  0  3  0  135  19  112904  0  8194  72353  307  2  2  41  29150  7983  1  220692  26  383  85  0  174517  0  7  116  56076  582  1481  183  14052  1  16  654  354  1658  68177  73218  91  18  28  88  186  6  27  16  120  8395  189591  2724  838  0  2032  3  13715  536  
0  0  0  0  0  0  0  0  0  0  0  0  0  0  0  0  0  0  0  0  0  0  0  0  0  0  11  0  0  296  0  0  0  0  0  0  0  0  0  0  0  0  0  0  0  0  0  0  0  0  0  0  0  0  0  0  0  0  0  0  0  0  0  0  0  1  0  0  0  0  0  0  1  0  1  0  47476  7  82  28  121  18  242  2  11  2  0  0  15  6  1  14  33  57821  0  0  2  0  11845  24481  0  828  121  260949  0  1  0  0  0  169  0  0  4  0  1359  0  0  7  219  30895  17  14  28  0  0  19  47  96  3382  334818  3  277  1  0  0  0  2  0  22594  636  233150  7  294  0  41979  0  32  0  
0  0  0  0  0  0  0  0  0  0  0  0  0  0  0  0  0  0  0  0  0  0  0  0  0  0  0  0  0  0  0  0  0  0  0  0  0  0  0  0  0  0  0  0  0  0  0  0  0  0  0  0  0  0  0  0  0  0  0  0  0  0  0  0  0  1  0  0  0  0  0  0  0  0  1  0  46313  46696  1  8  19  5  29  0  0  9  0  3  14  1212  0  8  0  0  0  0  0  0  0  91595  688  0  20239  0  0  1  0  0  0  11  0  0  2  0  22  0  0  0  380111  2776  39  0  731  0  1  21  28  34  0  72  1  0  0  0  1  0  0  1  1  97  205229  181  13  0  18  0  10  0  
0  0  0  0  0  0  0  1  0  0  0  0  0  0  0  3  0  0  0  0  0  0  0  0  0  0  0  0  0  0  0  0  0  0  0  0  0  0  0  0  0  0  0  0  0  0  0  0  0  0  0  0  0  0  0  0  0  0  0  0  0  0  0  0  0  11  0  0  0  0  0  0  0  0  1  0  61826  54767  13  27  382  29771  516  1  0  3933  0  8  56363  96666  2  60  4  0  0  0  19  2  0  90  59  28995  0  0  0  2  0  0  0  17  0  0  0  0  307  0  1  1  427473  3288  93  0  1338  0  1  2036  14  1100  0  1571  4  0  1  0  1  0  19  1  83  188  639  158598  230042  0  222  0  132  0  
0  0  160  0  0  0  0  5  2972  18  63  0  0  0  0  5  0  0  0  57  0  23  0  0  0  0  481  0  0  73666  0  0  0  0  0  0  0  0  0  0  0  0  0  4  0  388  0  1  0  0  0  0  0  0  0  0  0  0  0  0  0  0  0  0  51  15  0  0  0  0  5091  0  0  0  0  0  21509  1  1  0  0  353  12260  18427  16426  0  0  0  0  176  0  0  2  17508  0  7217  1  0  2  3  235573  0  0  0  0  0  0  0  0  0  0  0  0  0  22  0  0  11287  2  128064  0  0  0  0  0  0  1  0  0  46173  0  61  0  0  2  0  0  0  207411  17  312  0  1  0  167195  0  2  0  
0  0  0  0  0  589  0  0  0  1  0  0  0  0  0  4  1  6  0  0  0  0  0  46  0  0  0  0  1  0  8573  166  0  0  0  0  0  0  0  0  5  0  0  5  1  0  0  10  1  0  0  0  0  0  1  0  0  0  1  0  0  0  9  0  3  20  0  0  0  2221  0  0  8  0  21253  0  0  9  55  7103  7  1  44  1  0  1  0  9  3  15619  24  1080  3  0  1  0  1890  82562  1  44  5  0  6  0  0  61753  0  0  1  10  0  0  22  0  395  0  5  1  369  17  201  54  67  0  1  24  5  1  0  260  3  0  1  0  3  41  138590  413  14  108  21  1  7  83404  33  0  70  0  
4  0  0  0  0  218  1  0  0  6  0  0  0  1  0  16  4  66  2  0  0  0  12  7  0  1  0  0  0  0  85  21219  0  0  0  0  0  0  0  1  15  0  1  11  0  0  10  14  72  0  0  4  1  0  2  0  2  0  1  0  0  0  4  19  1  293  0  0  1  99  0  0  35  0  1651  0  0  14  339  50379  43  12  206  20  0  3  1  12  25  122  12  1003  7  0  11  12  795  3142  1  156  15  0  7  0  53807  0  0  0  0  28  0  0  81  0  740  0  9  6  797  31  610  215  172  0  16  142  46  12  0  680  6  1  16  1  27  149  75219  1929  17  28669  68  4  29  14020  92  0  1419  0  
0  0  0  0  0  0  0  0  0  0  0  0  0  0  0  0  0  0  0  0  0  0  0  0  0  0  0  0  0  0  0  0  0  0  0  0  0  0  0  0  0  0  0  0  0  0  0  0  0  0  0  0  0  0  0  0  0  0  0  0  0  0  0  0  0  0  0  0  0  0  0  0  0  0  0  0  0  4998  0  0  0  0  0  0  0  2848  0  0  0  0  9022  537  0  0  0  0  1  1  0  19392  0  0  0  0  0  0  0  42576  52337  79434  0  0  0  0  73891  0  0  0  0  0  2  83345  1174  0  0  0  0  0  0  0  0  0  0  0  0  0  0  0  0  0  0  0  0  0  0  0  1  72553  
0  0  0  0  0  0  0  0  0  0  0  0  0  0  0  0  0  0  0  0  0  0  0  0  0  0  0  0  0  0  0  0  0  0  0  0  0  0  0  0  0  0  0  0  0  0  0  0  0  0  0  0  0  0  0  0  0  0  0  0  0  0  0  0  0  0  0  0  0  0  0  0  0  0  0  0  0  494  0  0  0  0  5  0  0  853  97  0  0  0  7  4  0  0  0  0  18  1179  18136  9326  0  0  1  0  0  0  36931  0  298412  127474  5  34115  0  0  11338  0  72338  2  0  1  4  21470  5  11  1  0  0  0  0  2  0  1  4  9  71  0  0  98  0  0  0  1  0  0  0  40  317258  61579  
0  0  0  0  0  0  0  0  0  7  0  0  0  0  0  0  0  1  0  0  0  0  0  0  0  0  0  0  0  1  0  1  0  0  0  0  0  0  0  0  1  0  0  3  0  0  0  1  0  0  0  0  0  0  0  0  0  0  0  0  0  0  0  0  1  3  0  0  0  0  0  0  6  0  0  0  0  71  0  2  3  0  59  13  0  1392  41  0  1  0  35100  12090  7  0  15  0  68517  1746  2  118  4  0  0  0  2  29  54971  217869  0  24  74  17684  0  0  326  0  110470  8  5  10  453  154621  123  5453  2  0  1  2  1  87  1  0  5  283  180  0  0  109  0  87  14  0  2  0  10  4360  36856  28359  
0  0  0  0  0  0  0  0  0  0  0  0  0  0  0  0  0  0  0  0  0  0  0  0  0  0  0  0  0  0  0  0  0  0  0  0  0  0  0  0  0  0  0  0  0  0  0  0  0  0  0  0  0  0  0  0  0  0  0  0  0  0  0  0  0  2  0  0  0  0  0  0  0  0  6  0  0  1320  13  110  196  2  243  16  0  18  0  1  146  9  11  20  126  0  66  5  161  1  25356  171547  14  6  12  0  0  3  50521  144163  0  0  233  54  0  0  146142  0  219  774  257  28  26  953  608  25  22  111  166  1011  32576  6046  90  9  179  747  1396  0  1  0  18  314  2238  281  184  0  110  76  62756  59455  
0  0  0  0  0  0  0  0  0  0  0  0  0  0  0  0  0  0  0  0  0  0  0  0  0  0  0  0  0  0  0  0  0  0  0  0  0  0  0  0  0  0  0  0  0  0  0  0  0  0  0  0  0  0  0  0  0  0  0  0  0  0  0  0  0  0  0  0  0  0  0  0  0  0  0  3193  0  3  0  0  2  0  42  3  0  0  0  0  0  0  0  1  0  0  23926  0  2615  0  7  20  2  0  0  0  0  0  0  2  9  9  0  148500  0  0  130  0  92790  1  0  1  0  27  11  105193  0  0  0  0  0  11  1  1  21062  213931  1945  0  0  0  2  11  4  1  0  0  7  291246  2517  0  
0  0  0  0  0  0  0  0  0  0  0  0  0  0  0  0  0  0  0  0  0  0  0  0  0  0  0  0  0  0  0  0  0  0  0  0  0  0  0  0  0  0  0  0  0  0  0  0  0  0  0  0  0  0  0  0  0  0  0  0  0  0  0  0  0  0  0  0  0  0  0  0  0  0  0  8840  0  13  1  0  0  0  38  4  0  1  0  0  0  0  1  2  1292  0  391  0  819  4  159  237  1  0  0  0  0  0  0  26817  12367  18  142670  0  0  0  166  0  103972  4  3  3  0  16788  24  47560  40  0  0  0  0  20  12  0  104388  14374  1875  0  1  1  1  7  2  2  2  0  9  317633  504963  302  
0  0  0  0  0  0  0  0  0  0  0  0  0  0  0  0  0  0  0  0  0  0  0  0  0  0  0  0  0  0  0  0  0  0  0  0  0  0  0  0  0  0  0  0  0  0  0  0  0  0  0  0  0  0  0  0  0  0  0  0  0  0  0  0  0  1  0  0  0  0  0  0  0  0  34175  0  0  883  2199  6484  52  2  96  5  0  2596  48454  100723  16  0  1  111  1  0  0  0  8  9502  0  20  13  0  17  0  107  1079  0  0  0  2  0  0  0  345  202  0  0  1  231  17  28291  1  67337  0  0  8162  1955  23  0  342  0  1  0  0  0  13039  5159  19513  7  350  26  2295  10  11  57  0  1  0  
0  0  0  0  0  0  0  0  0  0  0  0  0  0  0  0  0  0  0  0  0  0  0  0  0  0  0  0  0  0  0  0  0  0  0  0  0  0  0  0  0  0  0  0  0  0  0  0  0  0  0  0  0  0  0  0  0  0  0  0  0  0  0  0  0  0  0  0  0  0  0  0  0  0  0  0  0  2358  0  0  0  0  0  0  0  80805  2  42688  1  0  0  111  0  0  0  0  0  1  0  0  0  0  0  0  0  0  0  0  0  0  0  0  1254  0  2  0  0  0  2  0  542  0  27606  0  0  751  0  0  0  0  0  0  0  0  0  0  0  0  0  0  0  9451  0  0  0  0  0  0  
0  0  0  0  0  3  0  0  20  197  0  1  0  0  0  0  2  105  1  0  0  0  0  0  0  10  0  0  0  46  0  24  0  0  0  0  0  0  0  1  84  0  1  93  3  0  0  157  69  0  1  0  0  0  43  3  5  0  0  0  0  0  1  0  27  259  1  2  0  0  1  0  109  3  58  0  8  48071  346  283  850  200  25325  3713  0  127  0  90  189  66  22699  12389  3438  0  49  19  15399  318  2530  175784  1202  40  932  15  81  423  61003  12737  100  123112  296  193  40  0  0  0  5180  1602  26895  1889  975  94760  36641  120  91  388  677  1073  14502  31254  1501  235  244  960  4477  16  1908  60  498  52959  5600  2681  1633  0  6905  66  29665  35377  
0  1  0  0  0  1  0  0  0  4  42  0  0  0  0  0  0  1  0  11  0  51  1  0  0  0  0  0  0  0  0  0  0  0  0  0  0  0  0  1  5  6  0  4  0  0  0  0  0  0  1  0  0  0  0  0  0  0  0  0  0  0  0  0  0  3  0  0  0  0  0  0  1  0  0  57340  0  0  0  0  0  0  0  1  56628  0  0  0  0  0  0  0  112605  75678  3699  162822  0  0  0  1  0  0  0  0  1  0  0  0  0  0  0  0  0  0  0  0  0  152343  0  0  0  1  1  0  133086  0  0  0  0  1  22666  1312  12  0  20248  0  0  0  0  0  0  0  0  0  0  0  0  0  
0  0  0  0  0  0  0  0  0  5  0  0  0  0  0  0  0  3  0  0  0  0  0  0  0  0  0  0  0  0  0  0  0  0  0  0  0  0  0  0  0  0  0  0  0  0  0  3  0  0  0  0  0  0  0  0  0  0  0  0  0  0  0  0  0  1  0  0  1  0  0  0  3  0  0  0  0  9  0  0  1  0  37  11  0  3  0  0  1  0  740  1447  3  0  32  0  161138  1621  5  91  3  0  0  0  2  12  0  50053  95594  25  61915  118090  0  0  285  0  0  2  3  6  1  11730  8  98212  7  2  1  3  0  39  3  0  4  474  465  0  0  4  0  32  4  2  0  0  13  15439  14109  266  
1  0  0  0  0  0  0  0  0  11  718  0  0  0  0  0  0  4  0  5  0  1809  0  0  0  0  0  0  0  5  0  1  0  0  0  0  0  0  0  0  6  0  0  296  0  0  0  5  3  0  1  0  0  0  3  0  0  1  0  0  3  0  0  0  1  11  0  0  0  0  0  0  6  1  3  21  0  1017  34  42  86  19  15134  47936  243796  37  0  17  82  7  5  125  29922  32705  25  311919  19243  1  100  5006  93  2  40  16339  1  5  0  0  0  212  5  0  7  0  3022  98240  0  0  503  208  99  25  2541  0  2820  133  254  312  0  4177  88452  112083  6740  21  55195  4  13  1  120190  619  336  615  79  0  20159  16  4758  0  
0  0  0  0  0  0  2  0  0  1  0  0  0  0  0  0  0  2  0  0  0  0  0  0  0  0  0  0  0  0  0  0  0  0  0  0  0  0  0  0  1  0  0  1  0  0  0  0  1  0  0  0  0  1  1  0  0  0  0  0  0  0  0  0  0  94  0  0  0  0  0  0  1  0  50  0  92191  33481  270  342  2909  15680  4409  100  0  350  0  209  1445  37345  138  1373  35  0  3  0  306  48  5  121699  439  354938  398806  2  4  96  0  0  0  621  0  0  53  0  6987  0  7  22  0  45001  2249  28  25609  0  12  1637  2736  5281  78  9181  22  7  8  2  17  22  189  40  282  6132  207917  46004  117543  0  2237  0  1305  0  
0  0  475  0  0  0  0  986  284  1  0  0  0  0  0  163  0  1  0  0  0  0  0  0  0  0  0  0  0  8  0  0  0  0  0  0  0  0  0  0  0  0  0  0  0  1464  0  2  0  0  0  0  0  0  0  0  0  0  0  0  0  0  0  0  0  12  0  0  0  0  16  0  4  0  1  0  95399  42  41  170  11697  76044  47682  59  0  3  0  3  19  14922  8  1079  51  0  2  0  468  27  3  5387  24572  1934  1438  146943  1  7  0  0  1  2416  2  0  3  0  11033  0  1  16  76523  0  49  41  343  0  4  48  91  412  0  45842  45  4  2  1  13  3  109  1  614  16445  41023  60  1679  0  63169  0  524  0  
0  0  0  0  0  0  0  0  0  0  0  0  0  0  0  0  0  0  0  0  0  0  0  0  0  0  0  0  0  0  0  0  0  0  0  0  0  0  0  0  0  0  0  1  0  0  0  0  0  0  0  0  0  0  0  0  0  0  0  0  0  0  0  0  0  13  0  0  0  0  0  0  0  0  7676  0  0  3  7409  4237  638  16  779  6  0  1904  36078  5687  525  13  110  47109  5  0  2  0  163  122413  1  119  68  2  43  0  176  2708  2  2  61  35  1  0  24582  204  2504  0  1  4  3823  104  0  46  22168  0  0  4278  833  162  0  4016  7  2  2  0  1  851  15985  78334  67  962  227  18  136  19  487  0  57  0  
0  0  0  1  2  3  0  0  3  289  0  0  0  0  0  0  4  179  3  0  0  1  0  0  0  14  1  0  0  20  0  40  0  0  0  0  0  0  0  0  54  0  1  46  1  0  1  272  95  0  1  1  0  0  18  2  3  0  0  0  1  0  0  1  27  261  9  1  0  1  1  0  176  1  0  0  0  613  9  9  24  2  624  563  0  557  6  2  3  1  91898  26986  110  0  31  8  15924  344  33  1860  37  0  8  0  90  638  87650  23644  172486  891  144  35383  2  0  89053  0  54269  91  95  115  114  0  697  9925  37  13  14  17  0  634  19  2  39  669  544  0  62  20  13  3400  148  17  20  0  143  8419  104329  104908  
0  0  0  0  0  3  0  1  0  3  0  0  0  0  0  0  0  2  0  0  0  0  0  0  0  0  0  0  0  0  0  0  0  0  0  0  0  0  0  0  0  0  0  0  0  0  0  1  1  0  0  0  0  0  0  0  0  0  0  0  0  0  0  0  0  60  0  0  0  0  0  0  0  0  6394  0  2  192288  20767  15517  7806  261  17156  756  0  139840  28  71282  3881  74  23089  86809  193  0  0  1  633  480  10  27988  928  547  3607  5  34  1102  2395  3  73  987  2  1  45413  16134  32608  0  1  127  35185  1598  24364  278  0  0  10  27493  4534  1082  42  60764  133  46  7  4  24  496  722  208  1253  10846  2416  23660  2129  31  8453  0  455  1  
0  0  0  0  0  0  0  0  0  0  0  0  0  0  0  0  0  0  0  0  0  0  0  0  0  0  0  0  0  0  0  0  0  0  0  0  0  0  0  0  0  0  0  0  0  0  0  0  0  0  0  0  0  0  0  0  0  0  0  0  0  0  0  0  0  0  0  0  0  0  0  0  0  0  0  0  0  2  0  0  0  0  11  0  0  0  0  0  0  0  4  1  2  0  134482  0  87431  0  15  32  0  0  0  0  0  0  0  18  2540  19  126990  40400  0  0  226  0  204156  2  1  1  0  1755  3  0  0  1  0  0  0  8  1  0  60  112245  35675  0  0  0  1  4  1  3  0  0  5  21569  61966  95  
0  3  0  0  0  0  0  0  0  4  0  0  0  0  0  0  0  3  1  0  1  84  0  0  0  1  0  0  0  0  0  1  0  0  0  0  0  0  0  1  14  0  0  3  0  0  0  8  2  0  5  0  0  0  0  0  2  0  1  0  3  0  0  0  0  4  0  0  0  0  0  0  6  0  0  95174  0  34  1  1  1  0  4  8  1  1  0  0  0  0  0  1  30976  6  68430  16298  3  1  0  43  1  0  2  0  6  7  0  0  0  3  2  0  0  0  14  127919  0  238  5  2  1  2  80  0  0  0  3  0  0  26  19434  5  21811  3790  139101  0  0  1  1  5  2  8  1  0  5  0  76  0  
0  0  0  0  0  10  0  0  0  0  0  0  0  0  0  0  0  0  0  0  0  0  0  0  0  0  0  0  0  0  0  1  0  0  0  0  0  0  0  0  2  0  0  0  0  0  0  0  2  0  0  0  0  0  0  0  0  0  0  0  0  0  0  0  0  168  0  0  0  0  0  0  0  0  7802  0  0  2953  27059  24913  14647  77  887  5  0  76076  11  232248  371770  925  0  345  14  0  0  0  53  305  1  149  113  1  2926  0  6  1198  0  0  0  40  0  0  5489  723  328  0  2  14  540  73  1612  1  15125  0  1  0  137172  175182  2  4574  5  7  3  0  3  61370  74  62  75  12669  773  201699  213  6  495  0  222  0  
0  0  0  0  0  7  1  2  0  0  0  0  0  0  0  0  0  0  0  0  0  0  0  0  0  0  0  0  0  0  0  0  0  0  0  0  0  0  0  0  0  0  0  0  0  0  0  0  0  0  0  0  0  0  0  0  0  0  0  0  0  0  0  0  0  155  0  0  0  0  0  0  0  0  61160  0  1  39  178719  31205  1472  271  1507  5  0  570  2  5604  726191  25389  1  77  17  0  0  0  20  56  0  223  188  0  17  1  2  1379  0  0  0  86  0  0  4634  0  429  0  0  13  381  118  228  0  933  0  1  207313  0  68263  7  6424  14  7  0  0  4  110777  50  44  86  6080  803  533  159  3  646  0  75  0  
0  0  0  0  0  0  0  0  0  1  0  0  0  0  0  0  0  1  0  0  0  0  0  0  0  0  0  0  0  1  0  1  0  0  0  0  0  0  0  0  0  0  0  0  0  0  0  0  1  0  0  1  0  0  0  0  0  0  0  0  0  0  0  0  0  154  0  0  0  0  0  0  0  0  48  0  0  94  421  31961  139493  25346  3777  20  0  82  0  121  238260  378170  4  372  34  0  1  0  136  9  2  1170  162  5  4941  1  0  51  0  0  0  304  0  0  42  0  1646  0  0  36  7974  809  254  12  1024  0  3  168220  29052  0  47  23268  26  24  8  0  14  89  36  4  551  5644  1466  29019  98649  0  2991  0  478  0  
0  0  0  0  0  0  0  0  0  0  0  0  0  0  0  0  0  0  0  0  0  0  0  0  0  0  0  0  0  0  0  0  0  0  0  0  0  0  0  0  0  0  0  0  0  0  0  0  0  0  0  0  0  0  0  0  0  0  0  0  0  0  0  0  0  0  0  0  0  0  0  0  0  0  0  0  0  237  14  97  124  1  10  0  0  6  0  9  114  16  0  5  40  0  0  0  1  0  65666  83779  1904  16  6  0  0  6  0  0  0  69168  0  0  3  0  21341  0  0  16  222  8  18  0  206  0  1  129  189  759  0  70472  32  5  0  0  1  0  0  0  4  63  6596  161  124  0  14  0  15734  0  
0  0  0  0  0  0  0  0  0  3  0  0  0  0  0  0  0  1  0  0  0  0  0  0  0  0  1  0  0  12  0  0  0  0  0  0  0  0  0  0  0  0  0  0  1  0  0  4  1  0  0  0  0  0  0  0  1  0  0  0  0  0  0  0  0  72  0  0  0  0  0  0  1  0  38  3  462  1877  2425  2082  4698  286  9279  61  4  152  0  141  1811  383  11  430  47641  43026  133  15  146  8  211346  79714  312151  87  414  36655  4  90  0  0  0  8850  48  37  58  0  24213  2  30  6206  3818  23586  612  296  6255  0  1407  2731  5700  10332  72452  0  5212  98382  826  156  2026  59  33  8  37630  6411  102694  8612  2574  0  106410  1  47301  0  
0  0  0  0  0  0  0  0  0  0  0  0  0  0  0  0  0  0  0  0  0  0  0  0  0  0  0  0  0  0  0  0  0  0  0  0  0  0  0  0  0  0  0  0  0  0  0  0  0  0  0  0  0  0  0  0  0  0  0  0  0  0  0  0  0  10  0  0  0  0  0  0  0  0  9  882  0  932  102  124  273  40  222  3  903  60  0  35  303  27  2  89  532692  13546  108  5514  14  5  55  1409  7  11  96  0  0  13  0  0  0  34  1  1  9  0  475  23197  0  152208  1243  59  142  2  3221  0  19883  568  1343  1275  1  2960  0  51784  19546  18  73939  13  6  2  3138  310  90  4306  84  0  261  1  36326  0  
0  0  0  0  0  0  0  0  0  0  0  0  0  0  0  0  0  0  0  0  0  0  0  0  0  0  0  0  0  2  0  0  0  0  0  0  0  0  0  0  0  0  0  0  0  0  0  0  0  0  0  0  0  0  0  0  0  0  0  0  0  0  0  0  0  0  0  0  0  0  0  0  0  0  2  0  0  118  78  97  132  4  62  2  54887  20  0  17  187  17  0  20  380073  144992  9  18  0  2  3624  359  121  0  21  26  0  11  0  0  0  21  0  0  7  0  162  3327  0  202118  334  31  29  0  392  0  204  293  798  801  1  92396  27646  0  125  6  454  14  2  0  101086  101  52  1273  31  0  674  0  397  0  
0  0  0  0  0  0  0  0  0  0  0  0  0  0  0  0  0  0  0  0  0  0  0  0  0  0  0  0  0  0  0  0  0  0  0  0  0  0  0  0  0  0  0  0  0  0  0  1  0  0  0  0  0  0  0  0  0  0  0  0  0  0  0  0  0  0  0  0  0  0  0  0  0  0  5  46825  0  3423  13  18  30  4  447  17  0  92  0  15  10  0  0  59  89190  0  22660  25  20  5  87  2035  35  9  99  1  0  5  0  0  0  103  17246  114552  4  0  923  2  2  1177  557  44  106  10  7939  8  75702  106  25  31  0  1027  19373  4  0  74461  33668  0  10  2  25  218  96  761  44  0  227  124663  72165  0  
0  0  0  0  0  0  0  0  0  1  0  0  0  0  0  0  0  0  0  0  0  0  0  0  0  0  0  0  0  0  0  0  0  0  0  0  0  0  0  0  0  0  0  0  0  0  0  0  0  0  0  0  0  0  0  0  0  0  0  0  0  0  0  0  0  0  0  0  0  0  0  0  0  0  0  64687  0  45  0  0  5  1  361  26  0  2  0  0  0  0  5  5  700  0  246643  36  2847  1  37  339  2  1  3  0  0  0  0  3  11  125  167725  22956  0  0  1037  0  526  42  12  30  8  94  120  128614  11381  1  1  7  0  136  26  2  76268  0  49115  0  0  0  8  106  30  15  3  0  76  125528  48185  15  
0  3  0  0  0  0  0  0  0  8  0  0  0  0  0  0  0  1  1  0  1  43  0  0  0  1  0  0  0  1  0  0  0  0  0  0  0  0  0  0  6  0  0  1  0  0  0  2  0  0  1  1  0  0  1  0  1  0  0  0  3  0  0  0  0  4  0  0  0  0  0  0  7  1  1  3002  2  301  5  9  45  9  2722  328  0  8  0  1  9  1  19  28  41986  36  274745  240119  170894  4  625  3158  77  0  25  2  8  33  0  54  184  1003  3981  3529  1  0  11216  13280  344  46608  80  151  16  174  641  22447  156570  19  24  57  0  1186  57173  103  43132  39377  0  1  2  2  14  1131  224  85  23  0  335  22  16728  5  
0  0  0  0  0  0  0  0  0  0  0  0  0  0  0  0  0  0  0  0  0  0  0  0  0  0  0  0  0  0  0  0  0  0  0  0  0  0  0  0  0  0  0  0  0  0  0  0  0  0  0  0  0  0  0  0  0  0  0  0  0  0  0  0  0  0  0  0  0  0  0  0  0  0  63390  0  0  8  3097  3390  21  4  65  0  0  9  84422  32523  44233  0  0  2  2  0  0  0  4  82867  0  16  10  0  1  0  5  241  0  0  0  6  0  0  58114  0  35  0  0  3  17  6  145  0  57  0  0  60002  67878  30  0  349  1  0  0  0  0  0  61  1141  9  216  27  26  9  1  40  0  2  0  
0  0  0  0  0  3  0  0  0  4  0  0  0  0  0  0  1  4  0  0  0  0  11  6  0  2  0  0  0  0  284  8  0  0  0  0  0  0  0  0  9  0  1  2  0  0  1  10  5  0  0  0  0  0  0  0  0  0  0  0  0  0  3  0  0  9  0  0  0  6  0  0  6  0  5443  0  0  8  514  27687  82  9  321  5  0  10  133  69  125  24  46  8566  11  0  8  15  6790  227144  2  128  22  1  28  0  121246  95779  1  0  5  37  0  0  762  0  4075  0  10  4  2518  48  8221  90  460  0  11  225  95  27  0  1619  2  2  6  1  11  692  0  40553  29  617  142  3  76  41311  236  0  331  0  
0  0  0  0  0  0  1  1  0  0  0  0  0  0  0  0  0  0  0  0  0  0  0  0  0  0  0  0  0  0  1  0  0  0  0  0  0  0  0  0  0  0  0  0  0  0  0  0  0  0  0  0  0  0  0  0  0  0  0  0  0  0  0  0  0  5  0  0  0  0  0  0  0  0  15791  0  0  1  1097  33289  42  3  74  0  0  7  57184  51  41  298  181  1113  0  0  0  0  475  406819  0  10  4  0  4  0  524  12965  0  35  36  1  0  0  134810  0  435  0  10  0  497  10  87918  7  130  0  0  174  53  9  0  325  0  0  1  0  0  3790  72345  0  9  1558  16  1  12  7558  43  0  15  0  
0  0  0  0  0  1  0  0  0  0  65  0  0  0  0  0  0  0  0  0  0  1  0  0  0  0  1  0  0  1854  0  0  0  0  0  0  0  0  0  0  0  0  0  1  0  0  0  0  0  0  0  0  0  0  1  0  0  0  0  0  0  0  0  0  7  2  0  0  0  0  0  0  0  0  3  1  0  211  94  133  304  62  5349  462  150972  20  0  15  231  28  0  23  8655  78185  19  269  7  3  419  1220  34191  1  34  258924  1  13  0  0  0  92  4  2  4  0  783  0  1  138588  322  300  32  10  678  0  473  335  765  1375  1  62600  7593  147622  321  20  590  7  1  1  0  209  168  803  165  0  42573  0  3581  0  
17  0  0  8  7  16089  806  1231  17204  31158  0  1  0  0  8  64  30  2442  14  1  0  11  17  10  0  121  3  0  10  4468  4  1083  2  0  2  1  0  1  2  2  605  0  8  1978  63  1  61  3142  1248  0  17  52  4  19  830  55  11  6  0  0  3  0  15  36  1417  104211  144  13  18  37  47  0  1538  3  1390  1  4  629  1505  205068  103326  83404  147872  50341  0  1120  0  1196  6246  946  35  1457  179  0  7  15  723  105  10  26573  1228  29  946  16  62  37274  0  0  1  7446  110  23  76  0  100459  0  28  186  9642  3004  1069  485  5113  1  32  2581  2958  2361  4  9228  95  9  56  226  2081  138  852  157  149  0  9678  877  792  233  12700  1  2120  0  
0  0  0  0  0  0  0  0  0  0  0  0  0  0  0  0  0  1  0  0  0  0  0  0  0  0  0  0  0  0  0  0  0  0  0  0  0  0  0  0  0  0  0  1  0  0  0  3  0  0  0  0  0  0  0  0  0  0  0  0  0  0  0  0  0  15  0  0  0  0  0  0  2  0  18  0  39078  944  1356  1163  2517  125  2633  32  0  27  0  40  648  589  11  245  61  0  2  0  50  9  19  237395  178336  199549  1111  2735  1  22  0  0  0  3416  2  0  15  0  8155  0  3  39  174117  55386  129  46  765  0  7  813  1198  4278  2106  104447  36  18  5  3  11  11  21  4  83  4870  0  955  11608  0  882  0  391  0  
0  0  0  0  0  0  0  0  0  0  0  0  0  0  0  0  0  1  0  0  0  0  0  0  0  0  0  0  0  0  0  0  0  0  0  0  0  0  0  0  0  0  0  0  0  0  0  0  0  0  0  0  0  0  0  0  0  0  0  0  0  0  0  0  0  43  0  0  0  0  0  0  0  0  78  0  0  85697  466  1869  3247  66  4179  45  0  122586  0  1340  87762  909  1  121  76  0  0  0  46  35  3  1855  161  21  219646  1  0  163  0  0  1  290  0  0  1899  3066  1181  0  0  26  74281  335  1279  7  26064  0  2  206144  2935  55499  62  17314  46  12  2  0  6  55  18  35  397  3299  1114  0  8187  1  2415  0  237  0  
0  0  0  0  0  0  0  0  0  0  0  0  0  0  0  0  0  0  0  0  0  0  0  0  0  0  0  0  0  0  0  0  0  0  0  0  0  0  0  0  1  0  0  0  0  0  0  0  0  0  0  0  0  0  0  0  0  0  0  0  0  0  0  0  0  100  0  0  0  0  0  0  0  0  4  0  1  50  111  209  13111  98857  2870  13  0  2  0  12  66184  70071  5  207  30  0  1  0  73  9  2  733  223  25  293864  0  0  12  0  0  0  197  0  0  8  0  1032  0  2  17  142069  6407  94  6  354  0  6  56  223  82541  48  8675  13  5  3  0  6  7  26  4  417  4366  13333  3430  0  0  1835  0  377  0  
0  0  0  0  1  896  0  0  0  0  0  0  0  0  0  8  0  1  0  0  0  0  0  0  0  0  0  0  0  0  197  286  0  0  0  0  0  0  0  0  0  0  0  0  0  0  0  0  1  0  0  0  0  0  0  0  0  0  0  0  0  0  0  0  0  16  0  0  0  661  0  0  0  0  28059  0  0  0  40951  78894  0  0  0  0  0  0  0  0  0  123361  0  2  0  0  0  0  0  31705  0  0  0  0  0  0  87891  17346  0  0  0  0  0  0  13  0  2  0  0  0  1  0  2  0  7  0  0  1  1  0  0  1  0  0  0  0  0  9  44731  3786  0  131  0  0  0  0  0  0  0  0  
0  0  6  0  0  0  0  10  25733  1  0  0  0  0  0  5  0  0  0  0  0  0  0  0  0  0  1  0  0  6778  0  0  0  0  0  0  0  0  0  0  0  0  0  0  0  1556  0  2  0  0  0  0  0  0  2  0  0  0  0  0  0  0  0  0  0  612  0  0  0  0  28462  0  1  0  2  1  24  404  59  79  8954  822  95241  2436  20  16  0  18  128  34  3  253  1656  111  1  2  99  3  79  7537  25669  9  303  144903  0  13  0  0  0  2300  19  13  5  0  7979  0  1  4863  644  67934  59  32  1150  0  40  213  441  867  0  176400  1122  335  63  25  251  5  15  1  39455  10501  4993  453  525  0  0  1  1704  0  
0  0  0  0  0  0  0  0  0  0  0  0  0  0  0  0  0  0  0  0  0  0  0  0  0  0  0  0  0  0  0  0  0  0  0  0  0  0  0  0  0  0  0  0  0  0  0  0  0  0  0  0  0  0  0  0  0  0  0  0  0  0  0  0  0  0  0  0  0  0  0  0  0  0  0  855  0  7  0  0  0  0  16  2  0  0  0  0  0  0  0  0  1197  0  560  1  328  0  3  14  1  0  1  0  0  0  0  205  2047  5  249719  360084  0  0  39  0  24682  46  2  1  0  2419  21  39264  39  0  1  0  0  6  29  0  129587  119515  307  0  0  0  0  4  2  3  0  0  7  0  69799  127  
0  0  0  0  0  0  0  0  0  5  0  0  0  0  0  0  0  1  0  0  0  0  0  0  0  0  0  0  0  0  0  4  0  0  0  0  0  0  0  0  2  0  0  0  0  0  0  6  3  0  0  0  0  0  0  0  0  0  0  0  0  0  0  0  0  36  0  0  0  0  0  0  2  0  26  64  0  4505  90  148  575  93  1347  64  0  239  0  130  451  38  281  298  126550  0  24830  63  15827  11  377239  41962  60  140  263  1  3  63  1  295905  27553  97018  4194  535663  21  0  22542  2  34521  5221  4589  119  463  106258  13465  51310  14768  1031  1888  1401  10931  117353  23985  360  72015  68181  50320  30  13  6  992  863  193  9785  225  0  627  67670  0  36492  
0  0  0  0  0  0  0  0  0  0  0  0  0  0  0  0  0  0  0  0  0  0  0  0  0  0  0  0  0  0  0  0  0  0  0  0  0  0  0  0  0  0  0  0  0  0  0  0  0  0  0  0  0  0  0  0  0  0  0  0  0  0  0  0  0  0  0  0  0  0  0  0  0  0  0  0  0  4  0  0  0  0  2  0  0  0  0  0  0  0  1  0  0  0  1  0  80  0  8  493  0  0  0  0  0  0  64797  76908  18712  69299  1  518  0  0  30892  0  425  0  0  0  0  126870  3  132  0  0  0  0  0  0  0  0  0  37  25  0  0  0  0  0  0  1  0  0  1  128  47422  0  
