0  0  1  8  260490  62838  3  1  0  4  0  497  2  12782  86547  9803  19  1004  8  0  0  0  8  185601  0  14  0  0  1  0  68045  6430  0  0  0  0  0  0  5753  5205  40  0  0  22  9  0  3187  11  45731  0  0  177604  148831  93  6  1  1  3  0  0  0  42411  247  38641  3  1605  22  307  29  102944  0  0  75  0  0  0  0  0  0  2  0  0  0  0  0  0  0  0  0  0  0  0  0  0  0  0  0  0  0  1  0  0  0  0  0  10  0  0  0  1  0  0  0  0  2  0  0  0  1  1  0  0  1  0  0  0  0  0  0  0  0  0  0  0  0  0  1  0  0  84  0  1  0  0  0  0  0  0  
0  0  0  16  0  0  0  2  0  0  0  0  0  0  0  0  0  4  153787  0  332447  59548  2  0  4  2  0  0  0  0  0  0  0  0  0  0  40655  20551  0  0  2  310326  0  738  193  0  0  11  8  0  416069  0  0  4  79  0  323086  70  303811  144562  41174  0  0  0  3  3  0  56  6  0  0  0  575  0  0  0  0  0  0  0  0  0  0  0  0  0  0  0  0  0  0  0  0  0  0  120  0  0  0  0  0  0  0  0  0  0  0  0  0  0  0  0  0  0  0  1  0  3  0  0  0  0  0  0  3  0  0  0  0  0  0  0  0  0  0  0  0  0  0  0  0  0  0  0  0  0  0  0  
0  0  0  6  0  95  10  65599  885  0  0  0  0  0  0  308106  7  32  6  0  0  0  0  0  0  10  83845  168230  99196  55680  0  7  0  0  0  0  0  0  0  0  15  0  0  1  225482  307939  1  15  670  0  0  0  0  173  4  6  2  2  0  0  0  0  0  0  0  22  56881  0  69496  0  51  0  4  0  0  0  1931  0  0  0  0  277  504  0  0  0  0  0  0  1414  0  0  0  0  0  0  0  0  0  0  0  0  0  1644  0  0  0  0  0  0  0  0  0  0  0  0  0  0  0  7833  0  0  0  0  0  0  0  0  0  0  0  0  0  0  0  0  0  0  0  1  0  0  0  0  185  0  0  0  
211  0  6  0  646  1188  1012  1339  421  13  0  196790  110  310  336  87  1603  4435  1176  2  0  28  13  57  22  443051  0  231953  80689  7  2  156  62191  717  332  67  0  1  121  2562  184558  3  6  1319  262946  1  655  805  393468  3  419  4733  539  1149  2227  89  3891  82  50  164  310  8  32  25  248  1195  50265  56170  4400  11  148  0  2041  426  0  0  0  0  0  3  0  0  2  0  0  0  0  0  0  0  0  1  0  0  0  0  0  0  0  1  0  0  0  0  0  1  0  0  0  0  0  0  0  0  3  0  0  0  0  0  0  0  1  0  0  0  0  0  0  0  0  0  0  0  0  0  0  0  0  24  0  0  0  0  0  0  0  0  
237213  0  0  14  0  48738  6  1  0  9  0  191  2  804  40021  222471  8  238  3  0  0  0  1  4468  0  8  0  0  1  0  22879  813  0  0  0  0  0  0  246  5089  30  0  0  8  2  0  311  3  11071  0  0  15081  93518  62  1  0  5  0  0  0  0  3  35  3361  6  229  42  238  10  16155  0  0  9  0  0  0  0  0  0  69  0  0  0  0  0  0  0  0  0  22  0  0  0  0  0  0  0  0  0  0  0  0  0  0  1  1  0  0  0  0  0  0  0  0  0  0  0  0  0  0  0  0  0  0  0  0  0  0  0  0  0  0  0  0  0  0  0  0  0  22  0  0  0  6  0  0  0  0  
94803  0  4  368  77026  0  195477  3865  6530  36  0  495  1  3700  24241  509007  157  10779  154  1  0  0  30  58786  7  787  19  0  43  12  22367  132883  0  0  1  0  0  0  716  6226  955  0  4  180  1594  0  4320  628  50697  0  20  30896  12463  45485  471  108  102  27  0  2  5  27  14484  30811  1031  309241  3748  2811  5985  314440  50  0  976  1  136  0  0  0  25  20153  362  78  86  2  0  0  0  4  6  3776  1  8  1  0  0  0  3  4  0  10  1  0  0  0  2751  1936  0  0  0  3  0  0  1  0  26  0  0  0  5  1  12  1  4  0  0  13  7  6  0  12  0  0  0  0  0  17  6  4  0  53532  3  1  1  2322  8  0  12  0  
21  0  6  2465  141  281945  0  297874  63252  7  0  65  0  4  257  585436  32  893  466  0  0  1  3  0  10  1042  22  1  100  498  1  131  0  0  0  0  0  0  1  630  430  1  0  987  10028  3  214  187  10618  0  42  10293  268  52678  2792  210  321  44  6  1  14  0  18  6  23012  232246  3916  12547  25697  19  595  0  226  0  0  0  0  0  3  1470  3423  3130  278  0  0  0  0  0  0  397  0  0  0  0  0  0  0  0  0  1  0  0  0  0  0  6  0  0  0  0  0  0  0  0  1  0  0  0  1  0  0  0  0  0  1  0  2  0  0  2  0  0  0  0  1  0  0  0  0  2275  0  0  0  0  7  0  1  0  
20  0  30036  4482  119  9475  269288  0  263689  6  0  190  0  5  88  347106  12  250  382  0  0  1  2  1  8  1086  11  23  42340  156  0  40  0  0  0  0  0  0  1  1847  320  0  0  491  59639  154349  115  189  2277  0  7  4452  182  158200  1534  254  511  20  2  0  12  0  3  1  4162  163199  10617  1709  140888  7  2168  0  127  0  0  0  155  0  1  38  122  32203  2342  0  0  0  0  0  0  22215  0  0  0  0  0  0  0  0  0  0  0  0  2  9  0  0  0  0  0  0  0  0  0  0  1  0  0  0  0  552  0  0  1  0  0  0  3  0  0  0  0  0  0  0  0  0  0  0  0  3389  0  0  0  0  76  0  0  0  
1  0  82  25  2  2147  8228  113237  0  11935  1  0  0  1  2  295  49  953  1637  46  0  20  0  0  26  1899  53  118  216  31491  0  181  0  0  0  0  0  0  1  2  3108  0  0  1929  2529  114602  14  1070  2089  0  13  73  1  3168  6688  6070  897  94  4  0  21  0  6  0  28235  230512  13852  229  608  5  214648  0  275  1  0  0  21  0  2  0  3  2217  41094  177  1  0  0  0  0  398  0  4  1  0  0  5  2  0  0  11  0  0  0  4094  0  0  0  0  0  6  0  0  0  0  197  0  1  0  0  1210  1  6  0  0  1  0  0  0  0  3  0  0  0  0  4  0  0  0  0  55266  1  0  0  0  72713  0  0  0  
77  0  0  183  660  649  194  233  14813  0  16  219  0  37  324  38  185  36537  383  6  3  3920  31667  6  32  2213  33  3  75  82437  3  3978  3  0  2  3  0  1  3  2104  33940  1  62  243966  987  3  541  12002  26055  4  772  990  724  359  8262  516  513  86  108  15  126  0  60  13  9968  401639  1207  2911  167  44  133  0  15470  778  7  0  0  190  68  49  106  13  2780  423  10  36  0  26  16  4  3  185  56  0  5  205  56  10  0  437  19  0  15  71  8  97  0  0  0  117  0  0  22  0  4958  0  4  13  750  26  81  60  880  0  19  275  45  71  0  960  41  1  3  1  19  2  47  2  19  127244  247  370  28  0  247  0  281  0  
0  2  0  0  0  0  0  0  12  22  0  0  0  0  0  0  0  0  717  775932  0  52682  0  0  172  2  297  0  0  45966  0  0  0  0  0  0  0  0  0  0  2  61270  0  773035  3  0  0  1  4  0  0  0  0  0  40  52  3290  307817  1  0  56  0  0  0  363993  18  1  20  0  0  22  0  97  0  0  0  0  0  0  0  0  0  1  0  113181  0  0  0  0  0  0  0  0  678  1  3789  0  0  0  1  1  0  0  792  0  0  0  0  0  1  0  0  0  0  1  316  0  1294  0  0  0  0  1  0  0  0  0  0  0  0  1  0  0  0  1  0  0  0  133  1  0  0  0  0  0  0  0  0  
938  0  0  411143  5012  2494  2  0  1  1  0  0  2853  66599  3228  119  448  16591  4  0  0  0  1  129  0  20  0  0  69833  0  0  53  2728  467  298  0  0  0  308  238513  29  0  1  5  31163  0  6027  172  195299  0  0  279632  6809  273  6  0  3  1  0  0  0  5  3  300  1  48  33  255553  59  9  0  0  1  0  0  0  0  0  0  0  0  0  0  0  0  0  0  0  0  0  0  0  0  0  0  0  0  0  0  0  0  0  0  0  0  0  0  0  0  0  0  0  0  0  0  0  0  0  0  0  0  0  0  0  0  0  0  0  0  0  0  0  0  0  0  0  0  0  0  2  0  0  0  0  0  0  0  0  
8  0  0  60  1  71  0  0  0  0  0  1281  0  29530  0  0  6  1626  0  0  0  0  0  125729  0  0  0  0  1  0  0  28  1  10  61  0  0  0  114856  82  0  0  31  0  0  0  136151  4  794  0  0  5  0  0  0  0  0  0  0  0  0  25715  14  14490  0  2  0  1  0  6  0  0  0  0  0  0  0  0  0  0  0  0  0  0  0  0  0  0  0  0  0  0  0  0  0  0  0  0  0  0  0  0  0  0  0  0  0  0  0  0  0  0  0  0  0  0  0  0  0  0  0  0  0  0  0  0  0  0  0  0  0  0  0  0  0  0  0  0  0  0  0  0  0  0  0  0  0  0  
9686  0  0  5  5386  8639  4  0  0  0  0  77885  42058  0  7748  129  3  308  1  0  0  0  0  2369  0  0  0  0  47  0  0  201  0  0  0  0  0  0  155021  204381  9  0  0  1  0  0  7330  0  88775  0  0  246447  7126  33  1  0  0  0  0  0  0  45969  10  11771  0  96  0  108  3  68  0  0  1  0  0  0  0  0  0  0  0  0  0  0  0  0  0  0  0  0  0  0  0  0  0  0  0  0  0  0  0  0  0  0  0  0  0  0  0  0  0  0  0  0  0  0  0  0  0  0  0  0  0  0  0  0  0  0  0  0  0  0  0  0  0  0  1  0  0  8  0  0  0  0  0  0  0  0  
117186  0  0  24  40906  17560  45  1  18  1  0  9370  0  1478  0  254390  8  302  9  0  0  1  1  45  1  432  1  0  74804  0  2  365  0  0  0  0  0  0  9  1200  44  0  0  7  1554  0  105  14  5818  0  1  1024689  552972  713859  64  8  12  1  0  0  1  115970  15  49  11  475  225  199330  48578  34  20  0  27  0  0  0  0  0  0  1  0  0  2  0  0  0  0  0  0  0  0  0  0  0  0  0  0  0  0  0  0  0  0  0  0  1  0  0  0  0  0  0  0  0  0  0  0  0  0  0  0  0  0  0  0  0  0  0  0  0  0  0  0  0  0  0  0  0  0  22  0  0  0  0  0  0  0  0  
21401  0  361957  64  309699  475450  479502  368812  798  6  0  16  0  36  249460  0  18  775  27  1  0  0  0  1633  1  174  3  7  41119  1  32977  3810  0  0  0  0  0  0  23  245  112  0  1  21  20797  17218  149  82  4182  0  2  4621  101131  775042  81  22  17  6  1  0  0  0  19  1137  121  13195  976  790  145131  107452  41  0  216  0  0  0  1143  0  0  5416  2843  13437  255  0  0  0  0  0  0  25245  0  0  0  0  0  0  0  0  0  1  0  0  20  36  5  471  0  0  0  0  0  0  0  0  3  0  0  0  0  584  0  0  0  0  0  0  0  0  0  0  0  0  0  0  0  0  0  0  0  458  0  0  0  10  16  0  0  0  
2  0  54  4722  6  58  19  50  77  200  0  353  5  0  3  35  0  329878  3954  1  0  1  27329  3102  10  1097  2  0  147  5  0  30101  3718  45  61012  4  0  11  0  20  37857  0  22177  504  4117  1  21098  347628  201068  83  68  17  11  42  677  104  324  1255  12  9  40  0  168  53  377  237  2062  70  3108  39  5  0  12693  68  0  0  0  1  3  2  1  0  19  0  0  0  0  1  0  0  0  5  0  0  0  0  6  0  0  38  3  0  1  0  5  37  0  0  0  13  0  0  0  0  103  0  0  2  4  3  0  13  4  0  3  5  0  0  0  16  0  0  0  0  7  0  3  0  0  137  9  4  0  0  3  0  11  0  
892  0  1  7583  281  2541  9  3  87  531  0  19157  2750  283  24  15  186219  0  275  0  2  3  20883  39857  3  1111  3  0  30  13  912  147656  1964  95  11457  5  0  6  450  87  7344  2  12221  1124  186  0  307480  84188  336191  82  86  351  20  141  1139  30  238  39  22  4  39  2  2843  896  336  763  116  122  181  2306  6  0  19859  100  0  0  0  1  0  1  5  1  51  8  0  0  0  2  0  0  0  3  2  0  3  1  9  0  0  69  6  0  2  0  10  67  0  0  0  20  0  0  1  0  192  0  2  1  13  2  1  24  11  0  8  8  0  2  0  26  1  0  0  1  7  0  0  0  2  230  20  6  1  0  13  0  12  0  
0  137041  0  140  1  7  11  9  65  3  86  0  0  0  9  0  5  111  0  47152  75  10199  22  0  238069  80  2  0  4  2  0  7  1  0  0  0  8  7002  0  3  381  157333  0  12363  2016  0  1  322  363  0  25924  19  1  121  390  1359  1256930  616175  286665  1046  25796  0  1  0  16570  25  40  13050  25  0  4  0  432439  0  0  0  0  0  0  0  0  0  0  0  0  0  0  0  0  0  0  0  0  0  0  0  0  0  0  0  0  0  0  0  0  0  0  0  0  0  0  0  0  0  0  0  0  0  0  1  0  0  0  0  0  0  0  0  0  0  0  0  0  0  2  0  0  0  0  2  0  0  0  0  0  0  1  0  
0  57  0  0  1  1  0  0  1032  0  833487  0  0  0  0  0  0  23  33232  0  0  225  0  0  4661  20  93135  0  10  8251  0  2  0  0  0  0  0  0  0  0  39  105199  0  208881  56  0  0  17  17  0  4  0  0  2  73  63823  4894  468673  7  0  11  0  0  0  289165  12  12  62  2  0  3819  0  311  0  0  0  0  0  0  0  0  0  0  0  17766  0  0  0  0  0  0  0  0  129  0  0  0  0  0  0  4  0  0  469  0  0  0  0  0  0  0  0  0  0  0  30  0  35  0  0  0  0  0  0  0  0  0  0  0  0  0  0  0  0  0  0  0  0  2  0  0  0  0  0  1  0  0  0  
0  245737  0  2  0  0  1  1  2  1  0  0  0  0  0  0  0  4  66  0  0  35777  94804  0  3  7  0  0  0  0  0  3  0  0  0  0  132003  1795  0  0  34  2  90  138  26  0  0  4  3  309766  97308  0  0  1  48  0  23  0  14624  319157  510172  0  0  0  0  1  0  17  0  0  0  25  391  0  0  0  0  0  0  0  0  0  0  1  0  0  0  0  0  0  0  1  0  0  7  5  2  0  0  0  0  0  0  0  0  1  0  0  0  0  0  0  0  0  3  1  0  0  0  0  0  0  0  0  99  0  0  0  0  0  0  0  0  0  34  0  0  0  0  0  0  0  0  0  0  0  0  0  
1  124836  0  48  37  24  6  8  50  43917  35326  15  0  2  14  1  2  124  2647  174  33333  0  110130  0  32  258  0  0  0  2631  0  19  0  0  0  0  0  107  2  115  3636  345306  2  976905  379  0  40  61  249  9  99507  33  31  36  1681  7  91789  38116  817  38  1142541  0  1  0  4553  311  3  401  13  0  0  1  763  0  0  8  0  0  0  0  0  0  20  117  23366  0  0  0  0  0  0  2  1  0  122  23528  18  0  0  36  0  0  0  36  3  5  0  0  0  9  0  0  0  0  69  95  1  7055  1  4  0  10  1  0  206  0  0  0  0  5  1  0  0  0  55  0  0  0  0  126  3  0  0  0  0  0  2  0  
4  4  0  127  39  135  127  233  668  32981  0  7  0  2  23  13  29839  35275  279  0  87690  117239  0  890  1208  6052  0  0  10  116  0  68012  2  2  106783  0  2052  19646  0  127  31854  0  357187  125097  369  0  206  28178  1231  239442  283  83  37  184  11105  90  341  64  8892  18388  303630  0  118  16  3587  272  26  1596  56  48  24  469  80862  4  0  0  0  1  0  2  0  0  9  6  0  0  0  0  0  0  0  2  0  0  19  9  2  0  0  23  0  0  0  0  1  16  0  0  0  8  0  0  0  0  45  1  0  0  2  0  1  5  2  0  190  1  0  0  0  7  0  0  0  0  79  0  4  0  0  33  4  2  0  0  3  0  5  0  
183599  0  0  33  5308  28082  0  0  0  2  0  326  136684  15111  222  998  677  29478  1  0  0  0  99  0  0  10  0  0  0  0  168967  44632  107  470  4612  0  0  0  40795  1181  37  0  6638  15  4  0  233925  3936  7196  0  0  7319  1555  12  2  0  0  0  0  0  0  188910  341649  729958  2  515  2  57  5  140210  0  0  107  0  0  0  0  0  0  1  0  1  1  0  0  0  0  0  0  0  0  0  0  0  0  0  0  54  0  1  0  0  0  0  143  2  0  0  0  1  0  0  0  0  1  0  0  0  0  0  0  0  0  0  0  0  0  0  0  1  0  0  0  0  0  0  23  0  0  34  0  0  0  0  0  0  1  0  
0  1  0  51  3  15  21  11  1065  25  7  0  0  0  17  3  6  284  160313  8688  3  2  318  0  0  142709  7785  2  115  20  0  48  0  1  0  1  0  33  0  1  546  1  2  1226  1877  0  4  230  379  12  407  8  2  255  273600  538523  35867  31576  1896  28  550  0  1  0  6587  384  130  13509  53  1  131  0  804767  1  0  0  0  0  0  0  0  0  2  1  0  0  0  0  0  0  0  0  0  0  0  0  0  0  0  3  0  0  0  0  0  1  0  0  0  0  0  0  0  0  5  0  0  0  0  0  0  0  0  0  0  0  0  0  0  0  0  0  0  0  0  0  0  0  0  1  0  0  0  0  0  0  0  0  
7  0  9  323227  43  457  319  419  2415  402  0  6  0  6  55  25  252  1992  510  16  1  36  365  3  116988  0  213  42079  137  1161  0  292  2132  102565  1  202992  0  15102  0  68  462575  2  9  7523  48098  6  82  1977  13133  2  249  756  41  919  275274  149520  653  172  29  41  383  0  11  7  5079  11038  575281  11396  4351  5  770  1  63150  2118  0  0  0  0  1  0  0  0  14  0  0  1  0  0  1  0  0  1  1  0  1  0  1  0  0  14  1  0  0  0  0  7  0  0  0  6  0  0  1  0  36  0  0  0  3  4  1  2  2  0  0  2  0  0  0  12  0  0  0  0  0  0  0  0  0  117  5  2  0  0  3  0  6  0  
0  0  85873  0  0  3  6  7  618  0  167  0  0  0  0  0  0  5  26  143362  0  0  0  0  3918  371  0  41  88  940084  0  0  0  0  0  0  0  0  0  0  15  0  0  62  571  6332  0  4  11  0  0  1  0  5  1249  999495  6  51  0  0  1  0  0  0  239854  53  288441  0  83  0  125179  0  2  0  0  0  1  0  0  0  0  0  0  0  50  0  0  0  0  1  0  0  0  72  0  0  0  0  0  0  16  0  0  2014  0  0  0  0  0  0  0  0  0  0  0  0  0  0  0  2  0  0  0  0  0  0  0  0  0  3  0  0  0  0  0  0  0  0  4  0  0  0  0  0  29  0  0  0  
0  0  130826  200348  0  0  0  2  549  0  0  0  0  0  0  11  0  6  1  0  0  0  0  0  0  63221  74  0  91909  0  0  2  0  0  0  0  0  0  0  0  30  0  0  4  613741  111639  1  4  41  0  1  3  0  1  0  472  2  0  0  0  0  0  0  0  8  9  497971  0  65  0  60  0  2  0  0  0  0  0  0  0  0  0  0  0  0  0  0  0  0  0  0  0  0  0  0  0  0  0  0  0  0  0  0  0  0  0  0  0  0  0  0  0  0  0  0  0  0  0  0  0  0  0  0  0  0  0  0  0  0  0  0  0  0  0  0  0  0  0  0  0  0  0  0  0  0  0  0  0  
4  0  120715  85892  34  209  24  91860  3025  11  0  47063  12  73  73479  34708  439  2125  332  0  0  0  0  1  1  921  2  41905  0  7  0  252  6  1  1  0  0  0  2  53  877  0  0  87  800007  17484  289  5508  4269  0  3  10363  30  4083  153  56  72  45  0  0  2  0  13  4  322  5731  19918  439496  516905  18  715  0  199  0  0  0  0  0  1  1  0  0  3  0  0  0  0  0  0  0  0  1  0  0  0  0  1  0  0  10  0  0  0  0  1  4  0  0  0  5  0  0  0  0  11  0  0  0  2  0  0  0  0  0  0  0  0  0  0  2  0  0  0  0  0  0  0  0  0  22  5  0  0  0  2  0  1  0  
0  0  64715  6  1  14  38  18  32810  71478  28291  0  0  1  1  3  21  2649  204  6862  0  2643  3  0  19  654  728156  4  81  0  1  386  0  0  0  0  0  0  0  1  929  0  6  26662  815  280357  4  564  1599  0  13  24  1  18  625  44576  437  58  3  0  13  0  3  1  451173  39183  32416  64  53  7  375533  0  976  0  0  0  3  1  0  0  1  0  8269  581  28268  0  0  1  0  1  0  1  1  451  0  3771  2  0  0  13  339  0  0  85820  0  3  0  0  0  5  0  0  0  0  241  0  0  9  1  33  0  7  1  0  0  1  0  0  0  11  0  1  0  0  3  0  0  0  534  3584  2  1  1  0  25489  0  2  0  
71545  0  0  0  47640  39555  0  0  0  0  0  0  0  0  0  40045  0  207  0  0  0  0  0  142331  0  1  0  0  0  0  0  28782  0  0  0  0  0  0  2  0  0  0  0  1  0  0  252  2  10  0  0  1  0  0  0  0  0  0  0  0  0  0  263507  620  0  3  1  0  0  272829  0  0  6  0  3  0  0  0  0  175  0  0  0  0  0  0  0  0  0  164  0  0  0  0  0  0  0  1083  0  0  0  0  0  0  20133  153  0  0  0  0  0  0  0  0  1  0  0  0  0  0  0  0  0  0  0  0  0  0  0  0  0  0  0  0  0  0  482  6  0  3  0  0  0  283  0  0  0  0  
491  0  2  5  96  124182  6  4  74  373  0  0  42  48  15  1655  41899  357294  84  0  17  16  70393  29848  0  748  3  0  24  18  38395  0  3  0  25306  1  2  7  335  20  2984  1  13278  1931  247  1  25023  29414  40080  25  25  89  11  19  344  28  45  14  11  1  24  8  209430  7064  285  77717  68  38  78  154852  1  0  20770  14  1  0  0  7  2  1912  3  4  136  4  0  3  0  7  0  838  0  6  3  0  4  1  14  5  0  121  4  0  2  0  324  57071  0  0  0  43  1  0  2  0  300  0  2  0  19  9  3  10  14  0  14  16  0  0  0  71  1  0  0  1  7  0  7  0  0  1296  38  6  3  638  14  0  32  0  
0  0  0  80581  0  4  1  0  4  9  0  248  0  0  0  0  1940  2390  1  0  0  0  0  57  0  548  0  0  0  0  0  35  0  147600  34747  12078  0  0  0  0  48812  0  5  16  9  0  237  255088  2964  0  0  3  0  2  43  7  1  0  0  0  0  0  0  0  8  21  7  1  1  1  0  0  20739  272896  0  0  0  0  0  0  0  0  1  0  0  0  0  0  0  0  0  1  0  0  0  0  0  0  0  0  0  0  0  0  0  1  0  0  0  0  0  0  0  0  1  0  0  0  0  0  0  0  0  0  0  0  0  0  0  1  0  0  0  0  0  0  0  0  0  2  0  0  0  0  0  0  0  0  
0  0  0  2374  0  0  0  0  0  0  0  446  22  1  0  0  23  147  0  0  0  0  0  864  0  77646  0  0  8  0  0  0  215308  0  451447  267128  30  318425  0  1  10856  0  107971  0  0  0  458  64239  48  8  0  0  0  0  98  0  0  0  2  0  9  0  0  18  0  0  0  0  0  0  0  1675  527718  83994  0  0  0  0  0  0  0  0  0  0  0  0  0  0  0  0  0  0  0  0  0  0  0  0  0  0  0  0  0  0  0  0  0  0  0  0  0  0  0  0  0  0  0  0  0  0  0  0  0  0  0  0  0  0  0  0  0  0  0  0  0  0  0  0  0  1  0  0  0  0  0  0  0  0  
0  0  0  669  0  2  1  1  11  20  0  231  21  1  0  1  44097  12627  38  0  1  3  96389  2769  0  186  0  0  1  2  0  24139  39064  474705  0  3  529  39484  0  1  415  0  313734  146  0  0  963  289363  142  2177  5  1  0  1  66  2  7  0  987  244  1254  0  5  81  33  22  0  0  0  1  0  71873  119467  35  0  0  0  0  0  0  0  0  4  0  0  0  0  0  0  0  0  0  0  0  0  0  0  0  0  5  0  0  0  0  2  5  0  0  0  2  0  0  0  0  9  0  0  0  0  1  0  0  0  0  0  0  0  0  0  3  0  0  0  0  2  0  0  0  0  8  1  0  0  0  0  0  0  0  
0  0  0  39  0  0  0  0  0  0  0  0  0  0  0  0  5  2  1  0  0  0  0  0  3  220025  0  0  0  0  0  0  16292  311544  3  0  0  4731  0  0  120767  0  0  0  0  0  0  20518  64  0  0  0  0  0  2936  0  0  0  0  0  0  0  0  0  0  0  0  0  0  0  0  0  43761  160927  0  0  0  0  0  0  0  0  0  0  0  0  0  0  0  0  0  0  0  0  0  0  0  0  0  0  0  0  0  0  0  0  0  0  0  0  0  0  0  0  0  0  0  0  0  0  0  0  0  0  0  0  0  0  0  0  0  0  0  0  0  0  0  0  0  0  0  0  0  0  0  0  0  0  
0  38997  0  0  0  0  0  0  0  0  0  0  0  0  0  0  8  1  12  0  83279  1  3870  0  0  0  0  0  0  0  0  3  0  53  1180  0  0  448498  0  0  1  0  167678  67  1  0  0  413  0  503106  0  0  0  0  4  0  0  0  115418  531231  4253  0  0  0  0  0  0  0  0  0  0  803825  17637  0  0  0  0  0  0  0  0  0  0  0  0  0  0  0  0  0  0  0  0  0  0  0  0  0  0  0  0  0  0  0  0  0  0  0  0  0  0  0  0  0  0  0  0  0  0  0  0  0  0  0  0  0  0  0  0  0  0  0  0  0  0  0  0  0  0  0  0  0  0  0  0  0  0  0  
0  22753  0  5  0  1  2  4  3  2  0  0  0  0  1  0  5  6  16186  0  183  212  2218  0  12  857  0  0  0  0  0  3  0  320399  55154  135  409519  0  0  0  68  7  191516  8492  67  0  0  5451  6  30159  130  0  0  1  210  1  51  3  365760  74435  41075  0  0  0  5  3  0  52  1  0  0  855402  1345495  7  0  0  0  0  0  0  0  0  0  0  0  0  0  0  0  0  0  0  0  0  0  0  0  0  0  0  0  0  0  0  0  0  0  0  0  0  0  0  0  0  0  0  0  0  0  0  0  0  0  0  0  0  0  0  0  0  0  0  0  0  0  0  0  0  0  0  0  0  0  0  0  0  0  0  
15314  0  1  0  768  6460  0  0  0  2  0  114  109551  174904  95  163  3  410  2  0  0  0  3  18670  0  2  0  0  0  0  2  2285  0  1  0  0  0  0  0  8462  9  0  0  3  1  0  81347  4  75916  0  0  24985  316  12  0  0  1  0  0  0  0  11432  309  111969  2  221  0  49  5  438  0  0  31  0  0  0  0  0  0  1  0  0  0  0  0  0  0  0  0  0  0  0  0  0  0  0  0  0  0  0  0  0  0  0  0  3  0  0  0  0  0  0  0  0  0  0  0  0  0  0  0  0  0  0  0  0  0  0  0  0  0  0  0  0  0  0  0  0  0  12  1  0  0  0  0  0  0  0  
1003  0  0  778  3667  1862  4  2  1  11  0  222862  1275  232855  1708  55  8  208  7  0  0  0  0  144  0  14  0  0  11  0  0  91  0  0  0  0  0  0  4554  0  87  0  0  5  63  0  1324  4  193854  0  0  24745  5234  182  5  2  5  1  0  0  0  134  6  818  1  88  23  31913  54  8  1  0  2  0  0  0  0  0  0  0  0  0  0  0  0  0  0  0  0  0  0  1  0  0  0  0  0  0  0  0  0  0  0  0  0  1  0  0  0  0  0  0  0  0  0  0  0  0  0  0  0  0  0  0  0  0  0  0  0  1  0  0  0  0  0  0  0  0  0  17  0  0  0  0  0  0  0  0  
330  0  3  123697  2116  2059  700  951  2678  18726  0  291  0  168  1079  280  42450  61936  14327  30  2  95  3258  28  32  399241  140  12  140  137  9  4807  42157  11220  6  118662  0  1  58  3430  0  3  45  53152  7691  5  484  244194  191677  1  197  1933  1817  1601  135570  2990  1627  2095  41  12  490  3  133  50  5361  7281  43709  6135  672  123  296  0  90379  85834  0  0  0  17  2  6  6  8  158  18  0  5  0  3  0  0  3  28  12  0  17  3  33  3  0  294  23  0  2  0  62  90  0  0  0  80  2  0  4  0  820  0  6  3  36  22  4  142  27  0  9  12  0  3  0  120  2  1  2  5  19  0  5  0  4  571  88  14  2  0  27  0  41  0  
0  457325  0  30  0  1  0  0  0  0  75179  0  0  0  1  0  0  10  130227  124039  7  413340  0  0  1  1  0  0  0  0  0  2  0  0  0  0  0  0  0  0  2  0  0  164743  524  0  0  1  9  0  46382  0  0  7  8  0  708316  30847  1135  3  9302  0  0  0  22  9  0  92  2  0  0  0  9  0  0  0  0  0  0  0  0  0  0  0  297  0  0  0  0  0  0  0  0  1  0  36  0  0  0  0  0  0  0  0  0  0  0  0  0  0  0  0  0  0  0  53  0  1  0  0  0  0  0  0  0  0  0  0  0  0  0  0  0  0  0  0  0  0  0  0  0  0  0  0  0  0  0  0  
0  0  0  1  0  9  4  5  19  27  0  0  0  0  0  0  2463  4556  60  0  41  3  350647  3018  10  422  0  0  0  5  0  1496  1  156426  385891  0  131563  206157  0  0  999  0  0  418  8  0  20  72993  86  129651  5  3  1  2  177  1  20  2  9013  388  5680  0  18  507  80  32  1  9  0  2  0  130248  88846  7  0  0  0  0  0  0  0  0  7  0  0  0  0  0  0  0  0  2  0  0  0  1  2  0  0  5  1  0  0  0  0  6  0  0  0  1  0  0  0  0  32  0  0  0  0  1  0  3  0  0  2  0  0  1  0  2  0  0  0  0  1  0  0  0  0  24  1  0  0  0  0  0  0  0  
37  6011  2  6485  299  1369  1382  3528  5840  190979  787795  102  0  20  221  299  102  17232  18700  100469  10  836508  113747  7  694  17149  25  0  131  18788  3  2163  1  0  5  0  0  700  2  1032  82409  178064  45  0  22719  4  1856  3094  22057  229  26544  959  314  2661  29899  868  103318  333128  5210  519  163523  1  57  12  319318  12744  730  11509  2782  58  259  3  34654  94  0  0  0  2  0  0  3  1  27  18  5314  0  0  0  0  0  0  5  4  0  4  189  1  1  0  52  1  0  0  10  5  21  0  0  0  16  0  0  0  0  117  53  1  177  3  1  1  6  6  0  9  3  1  1  0  13  0  0  0  0  5  0  2  0  2  194  10  3  1  0  9  0  7  0  
96  0  196662  294535  469  6550  1906  56680  31192  163  0  4886  0  61  716  33007  3472  10303  2221  4  0  3  20  10  26  58822  60  658228  651509  56  5  1186  4  2  0  0  0  1  7  536  4882  1  0  1166  0  341039  1450  22045  70733  0  317  3272  583  6122  1486  1281  5412  202  79  110  265  0  145  23  1941  23978  435984  157678  215264  97  9041  0  1995  0  0  0  0  1  0  2  0  0  19  0  0  0  0  0  0  0  0  5  0  0  0  0  2  0  0  23  1  0  1  0  0  6  0  0  0  8  0  0  0  0  72  0  2  0  2  3  0  0  2  0  0  1  1  0  0  11  0  0  0  0  0  0  0  0  1  104  3  0  0  0  2  0  6  0  
2  0  233508  57  2  49  22  169628  126636  0  0  1  0  2  2  13387  4  42  27  0  0  0  0  0  0  40  10632  72822  1840  240431  0  5  0  0  0  0  0  0  0  7  88  0  0  20  210409  0  0  75  480  0  0  37  5  402  23  283  31  0  0  0  0  0  0  0  52  474  141331  8  459  0  104301  0  10  0  0  0  222  0  0  0  0  54  3528  0  0  0  0  0  0  404  0  0  0  0  0  0  0  0  0  0  0  0  0  715  0  0  0  0  0  0  0  0  0  0  0  0  0  0  0  4557  0  0  0  0  0  0  0  0  0  0  0  0  0  0  0  0  0  0  0  0  0  0  0  0  8217  0  0  0  
11443  0  0  64  1277  15571  8  2  9  12  0  1495  112548  3781  361  128  217  181519  10  0  2  2  234  182577  0  180  4  0  5  0  1454  46996  80  33  409  0  0  0  79116  441  430  0  167  330  60  0  0  2642  68335  0  1  4809  1152  702  47  3  7  4  0  0  2  717  13898  155347  53  507  235  347  250  2779  0  0  822  0  0  0  0  1  0  3  0  0  2  0  0  0  0  0  0  0  0  2  0  0  2  1  1  0  0  5  0  0  0  0  0  5  0  0  0  2  0  0  0  0  6  0  0  0  1  1  0  1  1  0  2  0  0  0  0  4  0  0  0  0  1  0  0  0  0  45  2  0  0  0  0  0  1  0  
10  1  0  825  21  250  37  18  500  5373  0  221  6  2  8  22  287914  177324  836  31  7  8  22668  5066  109  1894  22  3  112  78  11  15745  212972  28478  323073  8674  211  21126  2  64  176172  2  128664  3237  3416  5  26024  0  65602  1495  199  177  24  72  7174  743  495  123  2092  96  774  0  216  55  1936  3344  6527  250  224  114  54  12256  619803  70577  4  0  0  12  4  4  6  1  247  24  0  1  0  4  2  0  2  37  13  0  13  3  33  3  1  318  12  0  2  0  32  211  0  0  1  68  1  0  6  0  1286  0  8  7  27  21  3  152  53  0  9  32  4  7  1  98  6  1  5  2  32  1  1  0  0  1272  74  23  7  0  40  0  51  0  
47547  0  1636  399262  35492  41810  1696  1593  2036  12797  0  158563  4089  93969  15032  3618  114567  263792  50696  11  0  21  194  3775  70  6957  22  3  1589  56  140  47992  1764  7  33  10  0  3  70641  218293  200113  1  65  9292  107219  7  70180  25550  0  2  300  84380  35002  32441  5332  1207  22035  6038  36  46  109  1281  3507  14663  2969  15205  11905  164313  26398  4140  166  0  4749  79  1  0  0  2  1  21  2  1  32  6  0  0  0  1  0  0  1  5  1  0  3  1  6  0  0  79  6  0  2  0  8  94  0  0  0  23  0  0  0  0  168  0  1  0  10  6  1  18  9  0  2  3  0  3  0  38  0  0  1  0  5  0  1  0  0  925  36  6  1  0  9  0  20  0  
0  3  0  4  0  1  0  1  2  1  0  0  0  0  0  0  77  29  2  0  307720  1  226199  1  15  16  0  0  0  0  0  29  0  0  2343  0  446393  116906  0  0  51  0  217816  506  19  0  0  4262  2  0  4  0  0  0  52  0  3  0  68429  265122  74389  0  0  0  18  1  0  7  0  0  0  66683  124888  0  0  0  0  0  0  0  0  0  0  0  0  0  0  0  0  0  0  0  0  0  0  0  0  0  0  0  0  0  0  0  0  0  0  0  0  0  0  0  0  0  0  0  0  0  0  0  0  0  0  0  0  0  0  0  0  0  0  0  0  0  0  0  0  0  0  0  0  0  0  0  0  0  0  0  
0  254643  0  101  0  6  4  14  15  1  1  0  0  0  1  1  0  23  2626  0  51823  120640  3  0  23  23  0  0  0  0  0  3  0  0  0  0  0  40  0  0  32  18588  0  24197  688  0  1  5  73  0  0  1  1  30  279  0  14533  24  53219  2315  216198  0  1  0  47  34  5  244  47  1  0  0  385  0  0  0  0  0  0  0  0  0  0  0  0  0  0  0  0  0  0  0  0  0  0  84  0  0  0  0  0  0  0  0  0  1  0  0  0  0  0  0  0  0  0  0  0  1  0  0  0  0  0  0  0  0  0  0  0  0  0  0  0  0  0  0  0  0  0  0  0  0  0  0  0  0  0  0  
107870  0  1  293  40959  51301  772  773  86  50  0  244907  8  289516  702675  3133  46  3333  534  1  0  0  4  1535  14  1226  3  0  25102  2  6  1662  1  0  0  0  0  0  46730  76378  479  0  0  91  2796  0  4671  140  48614  0  84  0  215761  189409  940  96  1090  82  3  12  19  48660  104  2634  138  4080  2347  236600  5154  237  10  0  226  0  0  0  0  0  0  5  0  0  1  0  0  0  0  0  0  0  0  0  0  0  0  0  0  0  0  1  0  0  0  0  0  7  0  0  0  0  0  0  0  0  7  0  0  0  0  0  0  0  0  0  0  0  0  0  0  1  0  0  0  0  0  0  0  0  0  175  0  0  0  0  1  0  1  0  
124140  0  0  8  101695  23572  44  3  2  3  0  178  0  379  569225  57741  29  901  10  0  0  0  3  51  0  52  2  0  1  0  6  1291  0  0  0  0  0  0  95  3585  59  0  0  11  25  0  254  28  9957  0  0  377302  0  61823  18  5  4  3  0  0  1  15  62  136  11  1030  223  150  71  85  0  0  19  0  0  0  0  0  0  3  0  0  0  0  0  0  0  0  0  0  0  0  0  0  0  0  0  0  0  2  0  0  0  0  0  9  0  0  0  0  0  0  0  0  0  0  0  0  0  0  0  0  0  0  0  0  0  0  0  0  0  0  0  0  0  0  1  0  0  88  0  0  0  0  0  0  0  0  
796  0  14  4204  4206  82940  41714  102812  4464  13  0  75  0  24  648273  722665  30  2184  599  2  0  3  3  12  65  8844  30  2  3687  39  1  379  1  0  0  0  0  1  7  819  919  1  1  219  12292  13  786  368  41745  0  113  304654  72550  0  2792  284  843  104  12  24  55  0  40  27  1143  15708  15506  151502  258758  46  236  0  1060  0  0  0  0  0  8  10  1  0  1  0  0  0  0  0  0  0  0  2  0  0  0  0  0  0  0  1  0  0  0  0  0  4  0  0  0  0  0  0  0  0  3  0  0  0  0  0  1  0  0  0  0  1  4  0  0  0  0  0  0  0  0  0  0  0  0  126  0  2  0  0  0  0  1  0  
2  1  0  382  15  288  615  815  14489  181  0  2  0  0  16  36  62  3662  7700  23  3  204  801  1  194713  313393  1172  0  155  430  0  314  26  225  1  9447  0  25  0  22  96667  4  17  42085  1855  0  69  1899  4427  11  169  85  13  653  0  33701  7203  1421  155  18  1560  0  11  4  26707  3293  4455  8685  221  7  1551  1  312416  96  0  0  0  0  0  0  0  1  2  0  0  0  0  0  0  0  0  3  1  0  0  0  2  0  0  15  0  0  1  0  1  4  0  0  0  5  0  0  0  0  21  0  0  0  2  1  0  5  0  0  0  1  0  0  0  0  0  0  0  0  1  0  0  0  0  54  2  0  0  0  2  0  3  0  
1  0  4  92  7  233  327  285  38588  25  1  0  0  0  11  15  74  2539  9539  100794  0  3  12  0  517415  230912  859686  225  4536  18250  1  363  12  0  0  0  0  1  0  12  7062  1  1  11546  29851  87  60  2244  4100  0  159  238  17  718  97032  0  11201  108642  83  7  136  0  10  1  209942  9369  241164  9519  3281  9  245751  0  41153  2  0  0  0  0  0  0  0  0  5  1  0  1  0  0  0  0  0  1  0  0  0  0  0  0  0  4  0  0  0  0  0  1  0  0  0  1  0  0  0  0  22  0  0  0  1  0  0  0  0  0  0  0  0  0  0  3  0  0  0  1  0  0  0  0  0  35  4  0  0  0  0  0  2  0  
1  393330  1  230  3  17  14  5  71  14  1663  0  0  2  19  0  9  217  1354236  1439  6  180238  6  1  51577  28  1  0  14  2  0  16  0  0  0  0  0  18  0  0  685  599100  0  83555  5219  0  1  211  970  0  49712  60  5  322  330  4470  0  114263  167940  38  31079  0  1  1  23445  64  83  33861  26  0  9  0  125747  0  0  0  0  0  0  0  0  0  0  0  0  0  0  0  0  0  0  0  0  0  0  0  0  0  0  1  0  0  0  0  0  0  0  0  0  1  0  0  0  0  3  0  0  0  0  0  0  0  0  0  0  0  0  1  0  0  0  0  0  0  0  0  0  0  0  4  0  0  0  0  0  0  0  0  
0  5122  0  280  2  33  14  7  238  6  259386  0  0  0  9  6  9  218  595094  450891  0  25675  7  0  45825  315  11  0  7  24  0  19  0  0  0  0  0  0  0  0  262  51959  0  245714  6533  0  4  225  766  0  11441  29  4  138  1398  104133  183828  0  2361  6  3096  0  0  0  186274  162  238  4113  25  0  24  0  2622  0  0  0  0  0  0  0  0  0  0  0  2  0  0  0  0  0  0  0  0  0  0  0  0  0  0  0  0  0  0  0  0  0  0  0  0  0  0  0  0  0  1  0  0  0  1  0  0  0  0  0  0  0  0  0  0  1  0  0  0  0  0  0  0  0  0  2  1  0  0  0  0  0  0  0  
0  288618  0  901  1  50  30  17  16  10  0  0  0  0  12  2  2  65  238143  6  5671  11741  1340  0  236  116  1  0  2  2  1  7  0  0  1  0  102990  426306  0  4  386  387  219  36020  8478  0  1  241  221  809  143616  9  1  283  791  7  132300  268  0  226168  104300  0  1  0  200  164  45  3176  81  0  3  236  194193  0  0  0  0  0  0  0  0  0  0  0  0  0  0  0  0  0  0  0  0  0  0  0  0  0  0  0  0  0  0  0  0  0  0  0  0  0  0  0  0  0  0  0  0  0  0  1  0  0  0  0  0  0  0  0  0  0  0  0  0  0  0  0  0  0  0  0  0  0  0  0  0  0  0  0  
1  118422  0  184  0  6  5  6  10  2  0  0  0  0  1  0  2  34  113  0  400955  322  3714  0  27  28  0  0  0  2  0  3  0  0  184  0  486035  119110  0  0  37  11  603  18403  1156  0  0  192  54  257366  54104  3  0  33  831  2  116  4  225289  0  190194  0  0  0  14  52  11  414  29  0  0  154881  42410  1  0  0  0  0  0  0  0  0  1  0  0  0  0  0  0  0  0  0  0  0  0  0  0  0  0  0  0  0  0  0  0  0  0  0  0  0  0  0  0  0  0  0  0  0  0  0  0  0  0  0  0  0  0  0  0  0  0  0  0  0  0  0  0  0  0  0  0  0  0  0  0  0  0  0  
0  69852  0  776  1  53  43  87  226  72  4828  0  0  1  16  12  17  297  2109  259  492019  876063  294752  1  1068  233  0  0  0  16  0  25  0  0  69  0  1781  86491  0  2  622  22873  1473  195575  5139  0  9  315  527  61285  251882  13  4  402  14378  54  22031  6659  90126  177454  0  0  2  0  368  254  44  7018  204  1  16  659  66308  2  0  0  0  0  0  0  0  0  1  7  64  0  0  0  0  0  0  0  0  0  12  74  1  0  0  2  0  0  0  0  0  1  0  0  0  1  0  0  0  0  2  0  0  24  0  0  0  2  0  0  106  0  0  0  0  1  0  0  0  0  40  0  0  0  0  7  0  0  0  0  0  0  0  0  
96857  0  0  0  4  109  0  0  0  0  0  1  38761  39756  106404  0  0  7  0  0  0  0  1  174956  0  0  0  0  0  0  0  40  0  0  0  0  0  0  22471  51  0  0  0  0  0  0  158  0  227  0  0  74089  38  0  0  0  0  0  0  0  0  0  6  60552  0  6  0  5  0  0  0  0  0  0  0  0  0  0  0  0  0  0  0  0  0  0  0  0  0  0  0  0  0  0  0  0  0  0  0  0  0  0  0  0  0  0  0  0  0  0  0  0  0  0  0  0  0  0  0  0  0  0  0  0  0  0  0  0  0  0  0  0  0  0  0  0  0  0  0  0  0  0  0  0  0  0  0  0  
12  0  0  0  3  29171  0  2  7  19  0  1  325  43  0  2  8  10866  0  0  8  5  235  322022  0  142  0  0  1  2  262157  308706  0  0  1  0  0  0  1150  6  478  0  22  322  3  0  43004  162  278  0  1  7  1  3  27  3  4  1  0  0  4  9  0  91552  56  19  2  2  0  88428  1  0  845  0  0  0  0  0  0  2  0  0  6  0  0  0  0  1  1  0  0  0  0  0  1  1  0  4  0  5  1  0  0  0  52  5  0  0  0  0  0  0  0  0  13  0  0  0  2  0  0  0  1  0  2  1  0  0  0  2  1  0  0  0  2  0  6  0  0  22  3  0  1  1  1  0  0  0  
37468  0  0  2  3448  28343  0  0  1  5  0  258  45391  40370  208  1138  27  3571  8  0  0  0  26  723569  0  25  0  0  0  0  404  26333  0  4  47  0  0  0  188724  1009  64  0  219  34  2  0  193810  32  13404  0  0  2943  733  25  9  3  0  2  0  0  0  91474  40228  0  5  1572  12  63  11  11811  0  0  272  0  0  0  0  1  0  3  0  0  2  0  0  0  0  0  0  0  0  1  0  0  0  0  0  0  0  4  0  0  0  0  0  16  0  0  0  1  0  0  0  0  9  0  0  0  0  0  0  0  0  0  0  1  0  0  0  1  0  0  0  0  0  0  0  0  0  103  2  0  0  0  0  0  0  0  
3  200  0  1170  18  516  2421  946  51426  5769  364163  11  0  1  38  24  128  6461  117048  589287  0  5288  84  4  5576  4488  312962  3  973  728225  3  1204  1  0  0  0  0  3  0  89  7350  2706  0  331701  22717  10  375  3379  7250  0  5657  417  16  1133  26541  105661  122009  208100  2651  87  4150  0  21  6  0  26139  3881  6240  511  23  135404  0  27977  3  0  0  0  1  1  0  3  0  30  7  8149  0  0  0  0  0  0  0  0  169  0  12  3  1  0  19  6  0  0  459  0  4  0  0  0  8  0  0  0  0  54  0  1  0  5  0  1  3  1  0  0  0  0  0  0  8  0  0  0  0  0  0  2  0  25  140  9  1  0  0  3  0  1  0  
760  0  12  755  334  407671  211601  179056  316843  325151  8  48  0  43  206  7210  363  38883  2874  8  0  27  130  394  10  8149  250  8  1735  53683  8  103704  27  0  5  4  0  1  81  454  16758  1  74  19962  11617  31  1019  9188  33514  1  113  3115  365  3833  8432  3824  749  317  21  9  32  4  180  1821  51387  0  6610  3134  4443  225  471  0  17766  493  1135  0  2  11  254  19842  1752  3251  4284  241  6  4  0  15  87  215  5  194  3  0  2  86  131  24  2  548  74  3  224  46  41  3462  0  0  0  69  0  0  27  0  1708  0  11  9  3055  233  60  46  99  0  6  114  189  111  0  939  5  0  6  0  15  114  53  47  9  398765  709  21  117  78  2162  0  568  0  
7  0  54579  53218  52  2214  2777  432  25655  33  0  1  0  2  129  1542  506  4525  1353  13  0  1  2  2  112  755070  307953  412715  6691  34515  2  600  9  0  0  0  0  1  0  13  41665  0  0  4686  266960  144745  29  5722  9714  0  44  254  69  2961  17501  288562  327  1287  13  15  28  1  15  3  8415  34666  0  6598  19083  15  101281  0  441  2  0  0  0  0  0  1  0  0  6  2  0  0  0  0  0  0  0  1  0  0  0  0  0  0  0  11  1  0  0  0  0  2  0  0  0  2  0  0  0  0  12  0  0  0  2  2  0  0  0  0  0  0  0  0  0  7  0  0  0  0  0  0  0  0  0  52  1  0  0  0  1  0  3  0  
643  0  0  113892  2004  6515  1231  94  802  16  0  194620  0  711  210094  493  26  4138  2031  4  0  1  4  33  179  8060  17  0  368475  10  2  806  0  0  0  0  0  0  266  11132  895  0  0  244  314245  14  6820  85  128631  0  405  317977  1849  117413  5685  393  4933  275  49  56  141  19  91  100  325  3670  13157  0  104484  74  511  0  1407  0  0  0  0  0  0  3  1  1  0  0  0  0  0  0  0  0  0  1  0  0  0  0  0  1  0  2  0  0  0  0  0  2  0  0  0  0  0  0  0  0  1  0  0  0  0  0  0  0  1  0  0  0  0  0  0  0  0  0  0  0  0  0  0  0  0  201  1  0  0  0  0  0  3  0  
99  0  42763  8111  638  10139  10959  130827  12101  17  0  83  0  51  56983  144588  251  2639  1217  0  0  0  2  5  7  5640  24  51  420798  11  1  393  3  0  0  0  0  0  3  863  1183  0  0  224  196340  514  206  3047  15213  0  17  10403  840  314053  379  407  1907  123  4  10  14  0  28  3  310  21073  41709  95474  0  28  8576  0  322  0  0  0  0  0  1  1  1  0  2  0  0  0  0  0  0  0  0  0  0  0  0  0  1  0  0  12  1  0  0  0  0  5  0  0  0  4  0  0  0  0  14  0  0  0  0  1  0  0  0  0  0  1  0  0  0  4  0  0  0  0  0  0  0  0  0  42  5  1  0  0  0  0  1  0  
70379  0  0  1  72658  368275  0  0  3  12  0  0  1  28  2  128145  2  2153  3  0  1  0  99  144336  0  71  0  0  0  1  305212  198013  0  1  0  0  0  0  116  18  236  0  1  132  3  0  1907  61  484  0  0  63  7  0  15  0  0  0  0  0  1  2  82988  25391  17  75  0  5  2  0  0  0  553  0  0  0  0  0  0  2061  0  0  7  1  0  0  0  0  0  985  0  0  0  0  0  0  0  22  0  5  0  0  0  0  4144  577  0  0  0  1  0  0  0  0  7  0  0  0  1  0  0  1  0  0  2  1  0  0  0  2  0  0  0  0  0  0  9  0  0  44  0  0  0  1578  0  0  0  0  
1  0  1  27  4  83  94  118  323142  14  0  0  0  0  2  14  35  991  2182  939  0  0  1  0  43  2173  49853  76  726  371875  0  124  1  0  0  1  0  0  0  5  3098  0  0  690  5119  109664  8  1738  1178  0  17  43  2  404  1475  190950  1375  165  5  1  17  0  5  1  79665  6619  87035  170  913  3  0  0  329  1  0  0  0  1  0  0  2  2  3996  17  40  1  0  0  0  0  0  1  0  2  0  0  0  1  0  4  1  0  0  20704  0  1  0  0  0  1  0  0  0  0  16  0  0  0  2  36  0  1  0  0  0  0  0  0  0  1  0  0  0  0  1  0  1  0  2  32  3  0  0  0  146026  0  1  0  
0  0  0  0  0  0  0  0  0  2  0  0  0  0  0  0  1  3  0  0  4  0  897  0  1  1  0  0  0  0  0  2  0  338  44915  0  1002467  824192  0  0  13  0  76734  86  0  0  0  2749  0  92348  2  0  0  2  11  0  1  0  27172  153631  6372  0  0  0  1  1  0  2  1  0  0  0  120473  0  0  0  0  0  0  0  0  0  0  0  0  0  0  0  0  0  0  0  0  0  0  0  0  0  0  0  0  0  0  0  0  0  0  0  0  0  0  0  0  0  0  0  0  0  0  0  0  0  0  0  0  0  0  0  0  0  0  0  0  0  0  0  0  0  0  0  0  0  0  0  0  0  0  0  
7  79  0  1465  25  392  324  250  1546  1162  7  4  0  5  195  43  1214  33301  330151  1317  156  740  52805  41  834763  41912  2  0  55  164  4  12379  30149  478852  153490  21635  4545  1519548  2  31  46946  29  162165  94646  18202  0  222  634108  6058  60641  13162  104  20  3240  449966  59776  104644  2745  156685  30277  120812  0  231  71  42540  1532  170  77168  271  113  65  96212  0  16507  2  0  0  5  1  1  4  0  66  7  0  1  0  1  0  0  0  11  3  0  4  0  13  2  1  114  10  0  0  0  19  83  0  0  0  26  0  0  0  0  343  0  4  2  10  9  2  57  19  0  7  6  1  3  0  40  0  0  0  3  12  0  2  0  1  252  24  6  1  0  12  0  22  0  
0  0  0  157  0  2  0  0  8  794  0  2  0  0  1  0  20  1937  13  0  0  0  13  0  0  493  0  0  0  5  1  69  289147  67037  45  147299  0  6  0  4  69774  0  1  393  57  0  4  114796  1247  0  2  15  0  2  695  2  14  1  1  0  0  0  3  0  30  280  3  15  0  4  0  0  33787  0  0  0  0  0  0  0  0  1  6  1  0  0  0  0  0  0  0  1  2  0  0  0  2  0  0  5  0  0  0  0  1  4  0  0  0  3  0  0  0  0  63  0  0  0  1  0  0  9  2  0  0  0  0  1  0  2  0  0  0  0  2  0  0  0  0  54  2  0  0  0  0  0  0  0  
0  0  0  0  1  27  0  0  0  1  0  0  0  0  0  1  0  0  0  0  0  0  1  0  0  0  0  0  0  0  216  0  0  0  0  0  0  0  0  0  0  0  0  0  0  0  0  0  0  0  0  0  0  0  0  0  0  0  0  0  0  0  0  0  0  22  0  0  0  90  0  0  0  0  0  0  0  18  170274  46194  125  8  130  2  0  92  3568  5034  41593  58443  0  70  3  0  0  1  8  366996  0  25  5  0  10  0  86101  7964  0  0  0  5  0  0  64945  0  188  0  0  1  219  17  5053  0  6199  0  1  27051  245082  104  0  652  1  1  0  0  1  245680  4163  14613  7  4593  35  38  14  72487  77  0  30  0  
0  0  0  0  0  0  0  0  0  0  0  0  0  0  0  0  0  0  0  0  1  0  0  0  0  0  0  0  0  0  0  0  0  0  0  0  0  0  0  0  0  0  0  0  0  0  0  0  0  0  0  0  0  0  0  0  0  0  0  0  0  0  0  0  0  0  0  0  0  0  0  0  0  0  0  0  0  1  0  0  0  0  4  0  0  0  0  0  0  0  0  0  547237  0  290524  10  8  0  0  7  0  0  1  0  0  0  0  0  0  0  1622  5533  0  0  11  199771  0  16  0  0  0  0  8  0  289204  0  1  0  0  0  10872  1  161910  149345  5903  0  0  0  0  1  0  0  0  0  1  558  252  0  
0  0  1371  0  0  0  0  727  20  0  0  0  0  0  0  764  0  0  0  0  0  0  0  0  0  0  0  0  0  1  0  0  0  0  0  0  0  0  0  0  0  0  0  0  0  327  0  0  0  0  0  0  0  0  0  0  0  0  0  0  0  0  0  0  0  0  0  0  0  0  0  0  0  0  0  0  0  0  0  0  375  15166  111  0  0  0  0  0  0  393078  0  0  0  0  0  0  0  0  0  1  86226  108705  227406  50747  0  0  0  0  0  0  0  0  0  0  9  0  0  0  341696  352916  0  0  0  0  0  0  0  12  0  10  0  0  0  0  0  0  0  0  0  3  106224  0  320  0  68  0  0  0  
0  0  0  0  0  1  0  0  0  0  0  0  0  0  0  0  0  0  0  0  0  0  0  0  0  0  0  0  0  0  0  0  0  0  0  0  0  0  0  0  0  0  0  0  0  0  0  0  0  0  0  0  0  0  0  0  0  0  0  0  0  0  0  0  0  16  0  0  0  0  0  0  0  0  13  0  3  0  33  160  516  78  2862  91  0  326591  0  110  75  34  460  1379  94  1  0  0  44  9  0  431575  210  101292  109019  3  0  20  17807  523  134  4212  0  0  80  58  97476  0  1  25  91852  398  413  706  450194  0  3  486  107  218  555  11535  51  11  2  0  4  5  7  11  204  2093  1953  109601  1064  0  2393  0  210  17  
0  0  0  0  0  2  1  4  1  0  0  0  0  0  0  9  0  1  0  0  0  0  1  0  0  0  0  0  0  0  0  0  0  0  0  0  0  0  0  0  0  0  0  0  0  0  0  0  0  0  0  0  0  0  0  0  0  0  0  0  0  0  0  0  0  159  0  0  0  0  0  0  0  0  120735  0  0  32  0  253608  1200  217  2080  5  0  396  0  2430  81846  428663  0  126  20  0  1  1  48  111  0  336  484  0  27  1  25  5656  0  0  0  112  0  0  2908  0  726  0  0  29  207  203  6242  5  9095  0  1  11390  511737  2365  2  11644  17  15  1  0  1  11413  264  1522  124  5776  2155  123  279  31885  940  0  103  0  
1  0  0  0  21  10775  265  37  1  1  0  0  0  0  1  2439  3  17  0  0  0  0  1  0  0  0  0  0  0  0  80  1072  0  0  0  0  0  0  0  0  3  0  0  0  1  0  5  1  27  0  0  2  0  0  0  0  0  0  0  0  0  0  0  4  0  16522  0  0  0  751  0  0  0  0  37767  0  0  33  492014  0  302201  10729  2868  12  0  2515  3  2742  99061  683943  3  663  14  0  2  1  190  148729  1  251  133  1  37  0  5641  198855  0  0  0  55  0  0  976  1  863  0  4  10  652  2509  3885  26  5286  0  4  16293  59424  88883  4  4202  6  7  7  3  10  694  73240  50801  48  542728  496  133  1118  196377  652  0  798  0  
0  0  0  0  0  423  5086  150  0  0  0  0  0  0  0  3363  0  0  0  0  0  0  0  0  0  0  0  0  0  0  0  2  0  0  0  0  0  0  0  0  0  0  0  0  0  0  0  0  0  0  0  0  0  0  0  0  0  0  0  0  0  0  0  0  0  591  0  0  0  0  0  0  1  0  63  0  2  197  510  376776  0  325700  35861  8  0  320  0  155  11899  430665  3  340  16  0  0  0  124  10  3  1165  142  12  652  4  6  271  0  0  1  86  0  0  7  0  896  0  2  14  1355  7701  526  8  1234  0  7  10428  2675  328572  4  16201  19  4  2  2  7  32  36  23  194  224028  505  1358  9157  0  25009  0  566  0  
0  0  5  1  0  54  2385  35110  7297  2  0  0  0  0  0  12114  0  3  0  0  0  0  0  0  0  0  0  0  0  36  0  1  0  0  0  0  0  0  0  0  8  0  0  0  1  76  0  5  5  0  0  0  0  1  2  0  0  0  0  0  0  0  0  0  1  3455  0  0  0  0  5  0  11  0  6  0  1809  44  35  4053  280664  0  122528  12  0  4  0  5  57  441732  18  1945  40  0  2  0  897  47  6  382  101  5  145449  48  3  21  0  0  1  29  1  0  2  0  3126  0  12  9  60146  190219  97  38  572  0  17  35  66  26097  0  4552  18  2  17  3  31  3  197  4  304  225375  269  54  370138  0  4409  0  1900  0  
0  0  45  0  0  0  19  522  65138  133  0  0  0  0  0  61  0  9  1  0  0  3  0  0  0  0  0  0  0  21146  0  0  0  0  0  0  0  0  0  0  4  0  0  12  0  2195  0  10  4  0  0  0  0  0  7  0  1  0  0  0  0  0  1  0  9  2092  0  0  0  0  9284  0  2  0  2  0  210  554  38  68  53623  87369  0  65385  0  33  0  18  141  763  4  308  570  0  0  4  170  4  31  8228  995  13  121  22323  2  10  0  1  0  2552  31  16  10  0  13549  0  6  14885  675  124511  79  64  1705  0  13  106  142  763  0  2695  435  39  26  41  420  1  22  3  6476  278680  3963  398  435  0  205082  1  625  0  
0  0  0  0  0  0  0  0  1168  198  0  0  0  0  0  0  2  16  0  0  1  67  0  0  0  1  0  0  0  5244  0  8  0  0  0  0  0  0  0  1  4  0  0  26  0  0  0  14  9  0  0  0  2  0  3  0  0  0  0  0  1  0  0  0  15  242  1  0  0  0  176  0  7  0  10  0  3  808  15  29  106  29  99136  0  0  28  0  31  20  3  21  182  328  0  8  4841  19868  9  33  16103  276  2  59  43787  4  22  0  0  0  2445  240  31  9  0  16185  1  24  98507  347  490  106  607  2051  1  103  60  66  126  0  1528  103  9  72  570  4359  3  12  2  1519  86109  1250  181  109  0  25293  4  522  0  
0  0  0  0  0  0  0  0  0  6  70437  0  0  0  0  0  0  0  0  12968  0  14758  0  0  0  0  13  0  0  29050  0  0  0  0  0  0  0  0  0  0  0  118  0  4150  0  0  0  0  1  0  0  0  0  0  0  0  0  0  0  0  52  0  0  0  2620  5  0  0  0  0  4  0  0  0  0  0  0  0  0  0  0  0  0  34  0  0  0  0  0  0  0  0  642  470098  0  83901  0  0  0  0  9  0  0  30988  0  0  0  0  0  0  0  0  0  0  7  136628  0  570162  0  0  0  0  0  0  3  0  0  0  0  3  255  138475  0  0  5  0  0  0  253839  0  0  0  0  0  0  0  0  0  
0  0  0  0  0  0  0  0  0  0  0  0  0  0  0  0  0  0  0  0  0  0  0  0  0  0  0  0  0  0  0  0  0  0  0  0  0  0  0  0  0  0  0  0  0  0  0  0  0  0  0  0  0  0  0  0  0  0  0  0  0  0  0  0  0  25  0  0  0  0  0  0  0  0  46  0  0  419065  629  1537  391  3  205  3  0  0  601  146325  1400  12  1816  25505  12  0  0  0  7  1489  0  2136  16  11  3930  0  1  136  9712  833  4028  34  0  0  7198  133868  91  0  2  2  448  13  1780  638  318877  0  1  95595  492  62  2  715  6  1  1  0  0  5  9  4  21  2560  32  256061  23  0  82  0  35  3  
0  0  0  0  0  0  0  0  0  0  0  0  0  0  0  0  0  0  0  0  0  0  0  0  0  0  0  0  0  0  0  0  0  0  0  0  0  0  0  0  0  0  0  0  0  0  0  0  0  0  0  0  0  0  0  0  0  0  0  0  0  0  0  0  0  0  0  0  0  0  0  0  0  0  3001  0  0  0  14  170  0  0  3  0  0  512  0  54670  3310  0  0  78  0  0  0  0  1  149602  0  0  0  0  0  0  15  79  0  14  20  1  0  0  145204  8  41  0  0  0  29  1  138295  0  80  0  0  48  7  0  0  8  0  0  0  0  0  122461  3743  59723  2  13  0  0  0  1  3  0  2  0  
0  0  0  0  0  1  0  0  0  0  0  0  0  0  0  0  0  0  0  0  0  0  0  0  0  0  0  0  0  0  0  0  0  0  0  0  0  0  0  0  0  0  0  0  0  0  0  0  0  0  0  0  0  0  0  0  0  0  0  0  0  0  0  0  0  35  0  0  0  0  0  0  0  0  7830  0  0  40  6649  5588  279  11  251  3  0  251022  53619  0  31060  29  1  408  3  0  0  1  11  2795  0  48  45  0  15  0  2  349  0  0  0  14  0  0  265892  85643  97  0  0  5  54  35  30288  0  166139  0  0  336176  4168  178  1  1309  2  1  1  0  0  47734  71  50  18  4137  142  1853  31  4  157  0  37  0  
0  0  0  0  0  2  0  0  0  1  0  0  0  0  0  0  0  0  0  0  0  0  0  0  0  0  0  0  0  0  0  0  0  0  0  0  0  0  0  0  0  0  0  0  0  0  0  0  0  0  0  0  0  0  0  0  0  0  0  0  0  0  0  0  0  70  0  0  0  0  0  0  0  0  48646  0  0  66  66467  84327  4072  129  871  5  0  1328  16393  66496  0  80483  1  222  14  0  0  0  35  74650  0  257  71  0  155064  0  1  247  0  0  1  96  0  0  20  0  350  0  0  13  6212  59  305  2  1229  0  5  1252557  1637730  534256  14  5948  13  6  4  1  2  134192  17  28  109  3889  788  185191  198624  0  547  0  145  0  
0  0  326  0  24  3847  291  19023  52  0  0  0  0  0  0  22710  0  1  0  0  0  0  0  0  0  0  0  0  0  0  1351  473  0  0  0  0  0  0  0  0  0  0  0  0  0  238  0  0  0  0  0  0  0  0  0  0  0  0  0  0  0  0  0  0  0  62  0  0  0  1670  0  0  0  0  69325  0  281733  36  560445  791026  591832  459516  854  2  0  18  0  35  113542  0  2  48  5  0  0  0  14  12785  0  202  49  277  280037  249  53915  469  0  0  0  15  0  0  9  0  176  0  0  2  72397  51925  34  2  363  0  0  247  71845  791172  2  2340  5  2  1  0  2  11  1696  1772  85  1670  239  169  206100  283409  804  0  40  0  
0  0  0  0  0  0  0  0  2  13  0  1  0  0  0  0  0  7  0  0  0  0  0  0  0  0  0  0  0  3  0  7  0  0  0  0  0  0  0  1  5  0  0  7  0  0  0  10  7  0  0  0  0  0  2  0  0  0  0  0  0  0  0  0  3  21  0  0  0  0  0  0  10  0  10  0  0  648  9  5  34  18  616  181  0  2968  0  0  1  1  0  355691  23  0  2  0  138173  7834  4  2199  61  2  152  1  16  73  22165  34  122525  181  2  15  0  0  59093  0  31095  20  6971  101  5164  231961  56134  21  6  10  6  21  0  2614  5  0  6  7  40  0  243  75  60  967  318  7  147  0  655  15  651  0  
0  0  0  0  0  0  0  0  2  26  0  0  0  0  0  0  0  13  1  0  0  0  2  0  0  0  0  0  0  3  0  9  0  0  0  0  0  0  0  0  5  0  0  3  0  0  0  17  6  0  0  0  0  0  1  0  3  0  0  0  0  0  0  0  4  34  1  0  0  0  0  0  18  0  165  0  0  1846  424  1315  1411  40  2160  150  0  18233  12  681  1120  7  261323  0  36  0  4  5  147140  150952  4  1429  167  5  127  2  217  859  3463  40  26943  250  0  4  17  417  13245  0  13007  27  6141  326  179465  8692  199641  11  24  799  578  214  0  10770  18  7  15  8  73  19  5831  1786  220  2198  580  30  449  0  1404  6  849  0  
0  0  0  0  0  1  0  0  0  2  0  0  0  0  0  0  0  0  0  0  0  0  0  0  0  0  1  0  0  1  0  0  0  0  0  0  0  0  0  0  0  0  0  0  0  0  0  2  0  0  0  0  0  0  0  0  0  0  0  0  0  0  0  0  0  23  0  0  0  0  0  0  0  0  18  544975  0  1751  90  121  617  119  415  12  1043  154  0  72  288  45  3  221  0  72326  2488  24880  27  5  137994  2795  214  37  180  6  3  22  0  0  0  35  86  25522  22  0  1008  276734  3  121142  3385  66  367  93  7269  0  156917  639  1060  1265  2  117105  1318731  736707  149942  387  89033  14  18  4  8860  641  122  9209  212  0  419  16321  332804  0  
0  0  0  0  0  0  0  0  0  0  319  0  0  0  0  0  0  0  0  48  0  0  0  0  0  0  28  0  0  747  0  0  0  0  0  0  0  0  0  0  0  0  0  0  0  0  0  0  0  0  0  0  0  0  0  0  0  0  0  0  0  0  0  0  113  0  0  0  0  0  2  0  0  0  0  0  0  0  0  0  0  0  2  0  446006  0  0  0  0  0  0  0  86079  0  0  28  0  0  4628  2  135132  0  0  33364  0  0  0  0  0  0  0  0  0  0  1  181360  0  210199  0  0  0  0  0  0  41  0  0  0  0  157222  21428  395422  0  0  115  0  0  0  163657  2  0  0  0  0  117  0  1  0  
0  0  0  0  0  1  0  0  2  49  0  0  0  0  0  0  1  34  4  0  1  60  18  0  0  17  0  0  0  0  0  15  0  0  0  0  0  0  0  1  117  0  0  33  0  0  1  49  31  0  6  1  2  0  11  0  6  0  1  0  5  0  3  0  2  35  1  0  0  1  0  0  70  1  0  290362  0  85  1  3  7  3  146  37  0  2  0  1  2  1  3  49  2740  0  0  6273  165718  14  25  361  10  0  2  0  346  1013  0  2  28  73  95849  1206  0  0  795  14138  1626  30  23  17  3  249  140  363216  195253  0  2  4  0  219  62  3  108308  692347  769459  0  56  1  0  159  36  9  2  0  21  461  24295  7  
0  25  0  0  0  1  0  0  10  365  2928  0  0  0  0  0  0  11  0  2  1  18391  10  0  0  4  0  0  0  1152  0  2  0  0  0  1  0  0  0  0  45  78  0  367  0  0  0  15  4  0  9  1  0  0  7  0  1  0  0  0  28  0  1  0  5  375  0  0  0  0  3  0  14  2  0  39  1  14  1  2  4  0  82  4179  45777  1  0  0  0  0  0  12  28313  165  8584  0  72756  11  1  294  5  0  1  11783  114  399  0  0  1  60  2  0  0  0  437  369094  11  818419  10  17  4  44  40  0  57652  2  10  9  0  91  43030  231  278  2  642565  1  21  0  914  147  30  9  3  0  28  0  282  0  
0  0  0  0  0  3  0  0  1  74  0  0  0  0  0  0  0  30  1  0  0  4  3  0  0  3  0  0  0  5  0  13  0  0  0  0  0  0  0  1  68  0  0  19  0  0  1  51  17  0  0  1  0  0  10  0  3  0  0  0  0  0  1  0  8  51  1  1  0  0  1  0  47  0  6  1  3  412  15  21  80  11  3050  15607  0  36  0  4  20  6  78518  162156  218  0  154969  43098  0  33387  103  9176  218  0  30  6  277  1559  2  11  212501  1738  5557  182  1  0  12738  3  462898  79263  189  590  646  14306  1140  230305  383  33  48  99  1  2782  212  8  262  5623  535704  3  2305  39  353  1727  810  52  76  0  1730  19  28552  48  
0  0  0  0  0  6  0  0  0  6  0  0  0  0  0  1  0  7  2  0  1  0  6  31  0  0  0  0  0  0  1316  7  0  0  0  0  0  0  0  1  4  0  0  5  0  0  0  15  1  0  0  2  0  0  0  1  1  0  0  0  1  0  3  0  0  9  0  0  0  70  0  0  8  0  350493  0  0  7  840  69481  101  5  200  6  0  1539  272295  4518  86991  10306  6381  185597  5  0  10  10  66370  0  3  94  20  0  8  0  219646  22498  14  1798  2800  19  0  0  135854  7  3238  0  4843  7  534  26  424303  562  824  0  9  277  100  23  0  760  5  0  3  0  9  239027  579038  1051315  11  663  57  8  21  67150  92  0  330  0  
0  0  0  0  0  0  0  0  0  0  0  0  0  0  0  0  0  0  0  0  0  0  0  0  0  0  0  0  0  13  0  0  0  0  0  0  0  0  0  0  0  0  0  0  0  0  0  0  0  0  0  0  0  0  0  0  0  0  0  0  0  0  0  0  0  3  0  0  0  0  0  0  0  0  0  0  0  150  24  16  25  1  261  9  0  10  0  2  18  0  2  11  129669  520  618  11  47  0  0  444982  70909  4  12  11  1  3  2  48886  0  143168  377  1141  1  0  6555  1  13  3027  152  6  10  90  512  0  3535  34  80  70  144811  647080  111  9897  2185  1046  6691  2  1  0  134  59  719  239  14  0  107  45  876052  0  
0  0  0  0  0  0  1  0  1  3  0  0  0  0  0  0  0  2  1  0  0  1  0  0  0  0  0  0  0  2  0  1  0  0  0  0  0  0  0  0  2  0  0  0  1  0  0  1  4  0  0  1  0  0  0  0  0  0  0  0  0  0  0  0  1  106  0  0  0  0  0  0  2  0  135  1  5  276987  183  660  1823  342  7658  973  0  1037  0  1097  626  138  1175  1634  460  0  4  3  289  62  281972  0  20618  180824  715  3  9  93  72828  20277  1  552439  79  1008  223  0  435496  0  12  275  139397  1443  3795  451  34917  0  53  1818  838  4112  171020  184743  256  44  63  193  425  17  84  65  310  21091  472876  6837  2113  0  5029  10  33955  1475  
0  0  0  0  0  0  0  0  0  0  0  0  0  0  0  0  0  0  0  0  0  0  0  0  0  0  26  0  0  751  0  0  0  0  0  0  0  0  0  0  0  0  0  0  0  0  0  0  0  0  0  0  0  0  0  0  0  0  0  0  0  0  0  0  0  4  0  0  1  0  0  0  0  0  2  0  119146  11  202  96  263  44  701  10  22  4  0  7  29  20  4  44  85  144056  0  0  7  1  29460  61196  0  2087  346  652207  0  3  0  0  0  366  2  0  1  0  3269  0  0  23  499  77460  38  14  71  0  0  51  129  232  8568  835812  10  629  0  1  4  0  1  1  57345  1437  581592  24  704  0  104883  0  64  0  
0  0  0  0  0  0  0  0  0  0  0  0  0  0  0  0  0  0  0  0  0  0  0  0  0  0  0  0  0  0  0  0  0  0  0  0  0  0  0  0  0  0  0  0  0  0  0  0  0  0  0  0  0  0  0  0  0  0  0  0  0  0  0  0  0  5  0  0  0  0  0  0  0  0  2  0  115476  116305  4  14  40  10  60  2  0  24  0  9  27  2962  0  30  1  0  0  0  3  1  0  230695  1768  0  50304  0  0  2  0  0  0  19  0  0  0  0  80  0  0  1  950832  7028  111  1  1978  0  0  48  68  52  2  180  0  1  0  0  1  0  2  2  0  221  514666  470  15  0  49  0  30  0  
0  0  0  0  0  1  0  0  0  0  0  0  0  0  0  4  0  1  0  0  0  0  0  0  0  0  0  0  0  0  0  0  0  0  0  0  0  0  0  0  0  0  0  0  0  0  0  1  1  0  0  0  0  0  0  0  0  0  0  0  0  0  0  0  0  16  0  0  0  0  0  0  1  0  2  1  153889  137364  24  70  940  73673  1281  10  0  10340  0  10  141852  241485  9  147  9  0  0  0  51  9  0  186  133  72899  0  1  0  10  2  0  0  37  0  0  2  0  852  0  1  4  1069135  8251  223  7  3379  0  4  5134  23  2867  1  3987  5  4  4  0  5  0  42  6  181  506  1634  395412  575694  0  616  0  376  0  
0  0  443  0  0  0  0  28  7628  65  161  0  0  0  0  27  0  2  0  113  0  48  0  0  0  0  1208  0  0  182498  0  0  0  0  0  0  0  0  0  0  0  0  0  15  0  1046  0  2  0  0  0  0  0  0  0  0  0  0  0  0  0  0  0  0  155  65  0  0  0  0  12524  0  0  0  0  0  54001  0  1  0  6  901  30529  46322  40564  0  0  0  0  459  0  1  1  44326  0  18468  0  0  5  12  588192  0  0  0  0  0  0  0  0  1  0  0  0  0  42  0  0  28385  5  321318  0  1  6  0  0  0  0  2  0  115469  0  178  0  0  3  0  0  0  519603  37  816  1  3  0  417966  0  0  0  
0  0  0  1  0  1492  0  0  0  12  0  0  0  0  0  11  0  18  2  0  0  0  4  119  0  1  0  0  0  2  21339  459  0  0  0  0  0  0  0  0  16  0  0  4  1  0  1  15  14  0  0  2  0  1  1  0  1  1  0  0  0  0  28  2  1  58  0  1  0  5481  0  0  13  0  53137  0  0  4  175  17783  11  3  131  2  0  1  0  14  7  39382  60  2831  6  0  9  2  4829  206157  2  105  9  1  10  0  0  154047  1  0  5  20  0  0  57  0  941  0  6  2  1067  26  500  146  138  0  8  77  20  5  0  597  4  0  2  1  11  104  346337  1018  8  274  52  4  31  209584  81  0  223  0  
21  0  0  0  2  547  2  2  0  18  0  0  0  0  0  40  5  147  6  0  0  0  41  16  0  8  0  0  0  1  227  52647  0  0  0  0  0  0  1  0  28  0  1  25  1  0  34  39  182  0  2  9  1  3  1  0  3  0  0  0  3  0  12  31  4  736  1  0  6  230  0  0  74  0  4198  0  0  49  860  125911  101  14  428  26  0  9  2  48  88  279  37  2512  29  0  24  43  1843  7635  2  427  30  0  26  0  134528  0  0  0  5  86  0  0  192  0  1871  0  37  16  1968  71  1517  561  347  0  49  348  85  30  0  1633  13  1  28  5  70  403  188803  4920  45  71287  172  8  55  35314  238  0  3492  0  
0  0  0  0  0  0  0  0  0  0  0  0  0  0  0  0  0  0  0  0  0  0  0  0  0  0  0  0  0  0  0  0  0  0  0  0  0  0  0  0  0  0  0  0  0  0  0  0  0  0  0  0  0  0  0  0  0  0  0  0  0  0  0  0  0  0  0  0  0  0  0  0  0  0  0  0  0  12431  0  0  0  0  0  0  0  7180  1  0  0  0  23022  1403  0  0  0  0  0  5  0  48836  0  0  0  0  0  0  0  106345  130432  198956  0  1  0  0  184985  0  1  0  0  0  0  208343  2955  0  0  0  0  0  0  0  0  0  0  0  0  0  0  0  0  0  0  0  0  0  0  0  6  182021  
0  0  0  0  0  0  0  0  0  0  0  0  0  0  0  0  0  0  0  0  0  0  0  0  0  0  0  0  0  0  0  0  0  0  0  0  0  0  0  0  0  0  0  0  0  0  0  0  0  0  0  0  0  0  0  0  0  0  0  0  0  0  0  0  0  0  0  0  0  0  0  0  0  0  0  0  0  1208  0  0  0  0  6  1  0  2227  240  1  0  0  19  20  1  0  0  0  59  2971  45601  23012  0  0  0  0  0  0  91881  0  745096  317989  11  84908  0  0  28236  0  180644  2  2  1  18  53882  8  39  0  0  0  0  0  6  0  0  5  10  176  0  0  201  1  2  2  1  0  0  2  104  792568  153028  
0  0  0  0  0  2  0  0  0  11  0  0  0  0  0  0  1  7  0  0  0  0  1  0  0  1  0  0  0  1  0  2  0  0  0  0  0  0  0  0  3  0  0  4  0  0  0  12  3  0  1  0  0  0  1  0  0  0  0  0  0  0  0  0  1  14  0  0  0  0  0  0  9  0  1  0  0  177  1  2  2  0  143  39  0  3496  101  0  1  0  87822  30265  7  0  37  0  171885  4405  3  312  8  0  4  0  10  57  136938  545003  0  60  223  43798  1  0  789  0  275528  5  13  21  1158  386586  245  13734  14  5  2  7  0  229  2  0  17  688  421  0  8  273  0  193  32  8  2  0  40  10943  92182  71145  
0  0  0  0  0  0  0  0  0  0  0  0  0  0  0  0  0  0  0  0  0  0  0  0  0  0  0  0  0  0  0  0  0  0  0  0  0  0  0  0  0  0  0  0  0  0  0  0  0  0  0  0  0  0  0  0  0  0  0  0  0  0  0  0  0  1  0  0  0  0  0  0  1  0  5  0  0  3336  26  264  480  18  611  36  0  62  0  17  349  41  34  41  319  0  167  30  349  1  63315  429138  41  9  42  0  1  9  126173  360597  1  0  674  161  2  0  365946  0  638  2003  743  79  51  2357  1508  58  45  353  438  2323  81256  15250  244  45  452  1920  3555  4  3  2  38  723  5536  585  473  0  258  203  157345  148471  
0  0  0  0  0  0  0  0  0  0  0  0  0  0  0  0  0  0  0  0  0  0  0  0  0  0  0  0  0  0  0  0  0  0  0  0  0  0  0  0  0  0  0  0  0  0  0  0  0  0  0  0  0  0  0  0  0  0  0  0  0  0  0  0  0  0  0  0  0  0  0  0  0  0  0  8193  0  6  0  0  0  0  85  7  0  0  0  0  0  0  0  1  1  0  59523  3  6475  0  12  57  2  0  0  0  0  0  0  8  30  20  0  370845  0  0  296  0  232349  4  4  4  0  86  11  262021  0  0  0  1  0  26  1  0  52585  533441  4737  0  0  0  2  24  8  3  2  0  25  730780  6401  12  
0  0  0  0  0  0  0  0  0  0  0  0  0  0  0  0  0  0  0  0  0  0  0  0  0  0  0  0  0  0  0  0  0  0  0  0  0  0  0  0  0  0  0  0  0  0  0  0  0  0  0  0  0  0  0  0  0  0  0  0  0  0  0  0  0  0  0  0  0  0  0  0  0  0  0  21951  0  28  0  0  1  0  79  2  0  1  1  0  0  0  3  3  3090  0  970  5  2102  3  401  659  2  0  2  0  0  0  0  66784  30953  36  356842  0  0  0  381  0  259779  24  9  4  0  41774  59  119596  87  1  0  1  0  36  35  0  261903  35817  4970  0  0  0  0  26  5  6  0  0  20  793435  1262628  732  
0  0  0  0  0  1  0  0  0  0  0  0  0  0  0  0  0  0  0  0  0  0  1  0  0  0  0  0  0  0  0  1  0  0  0  0  0  0  0  0  0  0  0  0  0  0  0  0  0  0  0  0  0  0  0  0  0  0  0  0  0  0  0  0  0  9  0  0  0  0  0  0  0  0  85833  0  0  2276  5443  15996  100  4  288  13  0  6457  120782  252059  39  4  3  297  2  0  0  0  8  23712  1  67  19  0  35  0  258  2566  0  1  0  10  0  0  0  853  524  0  0  1  589  30  71018  2  168543  0  0  20308  4810  54  0  893  1  1  0  0  0  32175  13076  49217  15  894  55  5683  35  32  138  0  12  0  
0  0  0  0  0  0  0  0  0  0  0  0  0  0  0  0  0  0  0  0  0  0  0  0  0  0  0  0  0  0  0  0  0  0  0  0  0  0  0  0  0  0  0  0  0  0  0  0  0  0  0  0  0  0  0  0  0  0  0  0  0  0  0  0  0  0  0  0  0  0  0  0  0  0  0  0  0  5757  0  1  0  0  0  0  0  203484  9  107118  0  0  0  222  0  0  0  0  0  1  0  0  0  0  0  0  0  0  0  0  0  0  0  0  3170  0  0  0  0  0  0  0  1318  0  68821  0  0  1969  0  0  0  1  0  0  0  0  0  0  0  0  0  1  0  23695  0  0  0  0  0  0  
1  0  0  0  0  6  0  0  43  496  0  0  0  0  0  2  4  307  4  0  0  2  2  0  0  24  0  0  2  85  0  53  0  0  0  0  0  1  0  0  203  0  2  236  10  0  0  336  146  0  5  4  2  1  84  4  6  0  3  0  3  0  1  0  60  660  8  6  1  1  1  0  315  4  130  0  16  120481  865  714  2118  476  63155  9319  1  335  1  217  501  152  56558  30877  8543  0  147  72  38871  866  6238  437894  2919  79  2256  29  200  1051  152308  32038  223  307990  770  483  98  0  0  0  12699  4098  66687  4703  2535  237327  91547  288  214  1002  1654  2719  36570  77573  4016  586  659  2480  11126  32  4600  136  1323  132591  13914  6819  4205  0  17070  160  75050  88376  
0  4  0  0  0  0  0  0  0  5  103  0  0  0  0  0  0  0  0  10  0  173  1  0  0  0  0  0  0  0  0  0  0  0  0  0  0  0  0  0  9  11  0  15  0  0  0  3  2  0  7  0  0  0  1  0  0  0  0  0  2  0  0  0  0  3  0  0  0  0  0  0  3  0  0  143328  0  0  0  0  0  0  0  2  141204  0  0  0  0  0  0  0  280624  188539  9209  405618  3  0  0  0  0  0  0  0  1  2  0  0  0  0  0  0  0  0  3  0  0  380348  0  1  0  1  1  0  333961  0  0  0  0  1  56437  3162  24  0  50869  0  0  0  0  1  0  2  0  0  0  0  1  0  
0  0  0  0  0  0  0  0  0  8  0  0  0  0  0  0  0  12  0  0  0  0  0  0  0  0  0  0  0  0  0  4  0  0  0  0  0  0  0  0  2  0  0  0  0  0  0  7  4  0  0  0  0  0  1  0  0  0  0  0  0  0  0  0  1  4  0  0  0  0  0  0  8  0  0  0  0  11  0  0  3  0  76  25  0  4  1  1  0  0  1843  3593  10  0  75  4  403016  4103  20  188  4  0  0  0  8  42  0  125663  238678  60  154428  295960  0  0  721  0  0  10  8  13  4  28578  28  245725  6  1  1  1  0  92  4  0  13  1147  1161  0  4  14  0  111  21  4  1  0  12  38642  35604  621  
0  0  0  1  0  0  0  0  0  30  1676  1  0  0  0  0  0  16  0  13  0  4629  0  0  0  2  0  0  0  17  0  2  0  0  0  0  0  0  0  2  26  0  1  687  0  0  0  14  8  0  1  0  1  0  5  0  3  0  0  0  3  0  0  0  1  30  0  0  0  0  0  0  19  0  14  55  1  2540  107  114  196  36  37895  119127  608906  111  0  44  187  20  8  254  74286  81736  60  779506  48676  10  219  12718  198  4  126  41061  3  13  0  0  0  576  11  1  15  0  7694  245728  1  0  1177  498  259  62  6401  0  6764  318  632  764  1  10134  219960  281359  16901  46  137627  13  40  12  300190  1512  776  1617  217  0  50531  43  11838  0  
0  0  1  0  1  0  0  0  0  0  0  0  0  0  1  1  0  8  0  0  0  0  1  0  0  0  0  0  0  2  0  1  0  0  0  0  0  0  0  0  16  0  0  0  0  0  0  5  2  0  0  2  0  0  1  0  1  0  0  0  0  0  0  0  2  253  1  0  0  0  0  0  6  0  130  0  230428  83970  800  908  7416  39455  10803  202  0  929  0  584  3645  93414  344  3297  111  0  4  1  727  102  3  302340  1073  885265  997229  5  11  188  0  0  1  1533  0  1  135  0  17238  0  12  42  0  113203  5531  68  64250  0  34  3857  6842  13347  200  22855  66  19  35  8  61  83  531  102  670  14980  517384  114500  296130  0  5811  1  3204  0  
0  0  1115  0  0  0  0  2581  732  0  0  0  0  0  0  405  0  1  0  0  0  0  0  0  0  1  1  0  0  8  0  0  0  0  0  0  0  0  0  0  2  0  0  0  0  3527  0  2  0  0  0  0  0  0  4  0  0  0  0  0  0  0  0  0  1  35  0  0  0  0  47  0  4  0  8  0  238489  82  128  432  28836  189752  118644  187  0  8  0  2  78  37314  25  2682  132  0  2  1  1069  71  3  13537  61508  4926  3666  366617  4  27  0  0  0  6030  2  1  4  0  27459  0  9  29  190576  0  129  86  753  0  9  103  211  1036  1  114088  104  7  18  4  38  2  274  8  1531  41117  103209  145  4251  0  158087  0  1284  0  
0  0  0  0  0  2  0  1  0  0  0  0  0  0  0  0  0  3  0  0  0  0  2  0  0  1  0  0  0  0  0  2  0  0  0  0  0  0  0  0  1  0  0  0  0  0  0  0  2  0  0  0  0  0  0  0  0  0  0  0  0  0  0  0  0  33  1  0  0  0  0  0  0  0  19065  0  0  22  18577  10536  1426  37  1965  17  1  4639  89609  14383  1291  21  261  118021  25  0  0  1  367  305939  0  367  168  7  103  2  398  6646  5  5  131  135  0  0  61603  530  6313  0  1  14  9512  311  0  94  55626  0  5  10660  2079  403  0  9994  11  7  2  0  7  2138  39609  196359  170  2504  583  54  378  33  1273  0  119  0  
0  0  0  1  0  4  4  0  24  612  0  1  0  0  0  0  7  460  1  0  0  4  2  0  0  22  0  0  0  73  1  121  0  0  0  0  0  0  0  1  137  0  3  138  5  0  1  641  206  0  2  3  1  1  60  6  9  2  1  0  2  0  0  0  82  569  15  2  3  0  4  0  425  3  1  0  0  1540  7  30  45  11  1491  1348  0  1402  5  6  7  0  229915  67229  288  0  98  14  39552  778  112  4664  103  1  21  3  280  1610  218039  59152  430429  2212  336  88307  2  0  222557  0  136311  179  211  200  289  0  1767  24432  68  15  25  63  0  1629  60  8  69  1675  1337  0  169  54  29  8686  437  57  49  0  353  21304  260782  261283  
0  0  0  0  0  1  1  0  0  9  0  0  0  0  0  0  0  4  0  0  0  0  1  0  0  0  0  0  0  1  0  0  0  0  0  0  0  0  0  0  0  0  0  2  0  0  0  2  3  0  0  0  0  0  0  0  0  0  0  0  0  0  0  0  0  143  0  0  0  0  0  0  5  0  15939  0  5  481246  51367  38442  19883  577  43102  1896  1  350001  90  177339  9563  226  57684  216963  472  1  1  0  1706  1231  16  70097  2369  1537  9302  9  93  2632  6025  6  252  2318  2  1  114055  40584  81629  0  6  273  87358  4070  60695  788  0  0  17  68729  11127  2839  117  151478  357  124  14  4  70  1309  1629  487  2926  27046  6021  59774  5381  86  21353  1  1071  0  
0  0  0  0  0  0  0  0  0  0  0  0  0  0  0  0  0  0  0  0  0  0  0  0  0  0  0  0  0  0  0  0  0  0  0  0  0  0  0  0  0  0  0  0  0  0  0  0  0  0  0  0  0  0  0  0  0  0  0  0  0  0  0  0  0  0  0  0  0  0  0  0  0  0  0  0  0  10  0  0  0  0  46  2  0  0  0  0  0  0  10  1  2  0  336694  1  219085  0  35  90  0  0  0  0  0  0  0  56  6385  71  317379  101164  0  0  541  0  509996  9  3  2  0  4409  12  0  1  0  0  1  0  14  0  0  158  279528  88228  0  1  0  1  14  2  3  2  0  5  54162  155395  244  
0  8  0  0  0  0  0  0  0  21  0  0  0  0  0  0  0  7  0  0  0  172  1  0  0  2  0  0  0  5  0  1  0  0  0  0  0  0  0  0  37  0  0  6  0  0  0  12  6  0  9  0  0  0  5  0  2  0  0  0  4  0  0  0  2  11  0  1  0  0  0  0  20  0  0  237420  0  93  1  0  1  0  13  10  2  2  0  0  1  0  1  6  77626  14  171123  41069  11  1  2  109  2  0  0  0  11  13  0  0  0  2  1  0  0  0  44  319883  1  585  17  2  0  8  230  0  0  2  2  1  0  50  47991  4  53946  9409  347345  0  1  0  1  10  5  17  2  0  7  0  186  0  
0  0  0  0  0  25  2  2  0  0  0  0  0  0  0  0  0  2  0  0  0  0  0  0  0  0  0  0  0  0  0  1  0  0  0  0  0  0  0  0  0  0  0  0  0  0  1  0  2  0  0  0  0  0  0  0  0  0  0  0  0  0  0  0  0  388  0  0  0  0  0  0  0  0  19343  0  0  7443  67414  62798  36487  175  2299  18  0  190498  26  581181  929297  2214  2  966  31  0  2  0  89  731  1  409  293  2  7476  0  8  2972  0  0  0  151  1  0  13558  1863  857  0  1  27  1385  216  4081  6  37712  0  6  0  344307  437481  16  11347  20  11  13  1  13  153445  206  180  164  31489  1979  504086  526  1  1342  0  566  0  
0  0  0  0  0  6  7  9  0  0  0  0  0  0  0  0  0  0  0  0  0  0  0  0  0  0  0  0  0  0  0  0  0  0  0  0  0  0  0  0  1  0  0  0  0  0  0  1  0  0  0  1  0  0  0  0  0  0  0  0  0  0  0  0  0  374  0  0  0  0  0  0  0  0  153183  0  1  88  446827  78030  3555  715  3629  13  0  1441  4  13909  1816252  63563  1  221  30  0  0  0  56  136  0  571  409  2  85  1  7  3388  0  0  0  195  0  0  11301  0  1030  0  1  44  1116  243  641  6  2233  0  2  518967  0  171985  14  16269  29  22  1  0  2  276997  116  92  264  15103  1989  1383  420  15  1653  0  199  0  
0  0  0  0  0  1  0  0  0  1  0  0  0  0  0  0  0  1  0  0  0  0  0  0  0  0  0  0  0  0  0  0  0  0  0  0  0  0  0  0  2  0  0  1  0  0  0  2  1  0  0  0  0  0  1  0  0  0  0  0  0  0  0  0  1  399  0  0  0  0  0  0  2  0  110  0  1  253  1203  79471  349350  63546  9720  42  0  190  0  322  597507  945798  10  843  94  0  2  1  340  18  5  2944  362  10  12213  4  1  140  0  0  0  881  1  1  91  0  4120  0  3  86  20138  1922  707  28  2522  0  12  420326  72538  0  135  58138  80  34  9  2  29  206  65  22  1347  14302  3791  71473  246108  0  7218  0  1265  0  
0  0  0  0  0  0  0  0  0  0  0  0  0  0  0  0  0  0  0  0  0  0  0  0  0  0  0  0  0  0  0  0  0  0  0  0  0  0  0  0  0  0  0  0  0  0  0  0  0  0  0  0  0  0  0  0  0  0  0  0  0  0  0  0  0  3  0  0  0  0  0  0  0  0  6  0  0  595  28  216  369  9  43  0  0  18  0  22  340  48  0  17  131  0  0  0  4  1  164131  209538  4890  32  18  0  0  10  0  0  0  172481  0  0  6  0  52427  0  0  42  600  12  58  0  467  0  2  341  468  1962  0  176581  72  33  1  0  3  2  2  0  25  187  16280  353  308  0  33  0  39668  0  
0  0  0  0  0  1  0  0  1  3  0  0  0  0  0  1  0  3  0  0  0  0  0  0  0  0  0  0  0  24  0  1  0  0  0  0  0  0  0  0  3  0  0  0  0  0  0  3  0  0  0  0  0  1  0  0  0  0  0  0  0  0  0  0  0  185  0  1  0  0  0  0  1  0  105  2  1071  4806  6139  5322  11787  785  23065  173  6  393  0  334  4409  901  38  1017  119908  107490  323  16  408  31  528956  198841  780982  221  1008  91457  8  211  0  1  2  21943  164  91  145  0  59629  2  85  15382  9915  59209  1594  702  15905  2  3575  6869  14332  25888  180068  0  13030  246122  2140  396  4990  157  91  39  94651  15797  257764  21701  6337  0  266222  3  118444  0  
0  0  0  0  0  1  0  0  0  0  0  0  0  0  0  0  0  0  0  0  0  0  0  0  0  0  0  0  0  0  0  0  0  0  0  0  0  0  0  0  0  0  0  0  0  0  0  0  0  0  0  0  0  0  0  0  0  0  0  0  0  0  0  0  0  23  0  0  0  0  0  0  1  0  29  2103  1  2441  246  305  715  79  531  6  2221  147  0  93  823  56  7  218  1331492  33645  253  13727  29  5  168  3407  31  26  228  0  0  47  0  0  0  66  6  2  25  0  1101  57806  0  380126  3098  170  349  10  8001  0  50302  1475  3357  3237  10  7320  0  128948  48797  39  184135  39  18  6  7818  770  199  10715  240  0  729  1  90838  0  
0  0  0  0  0  0  0  0  0  0  0  0  0  0  0  0  0  0  0  0  0  0  0  0  0  0  0  0  0  3  0  0  0  0  0  0  0  0  0  0  0  0  0  0  0  0  0  0  0  0  0  0  0  0  0  0  0  0  0  0  0  0  0  0  0  1  0  0  0  0  0  0  0  0  13  3  0  307  182  224  337  20  164  1  137234  34  0  35  498  40  1  38  950055  362817  25  43  6  0  8859  884  288  2  52  90  0  20  0  0  0  71  2  0  7  0  399  8328  0  505527  805  48  90  1  920  0  540  889  2095  2070  10  231093  69402  0  338  15  1107  25  0  2  252924  259  95  3076  82  0  1624  0  994  0  
0  0  0  0  0  0  0  0  0  1  0  0  0  0  0  0  0  1  0  0  0  0  0  0  0  0  0  0  0  0  0  0  0  0  0  0  0  0  0  0  0  0  0  1  0  0  0  0  0  0  0  0  0  0  0  0  0  0  0  0  0  0  0  0  0  10  0  0  0  0  0  0  0  0  11  117854  0  8446  38  38  101  17  1156  51  0  248  0  44  20  5  2  164  223261  0  57088  48  51  1  234  5101  61  30  227  0  0  9  0  0  0  270  43407  286917  12  0  2221  11  9  2940  1373  113  245  34  19858  26  190527  267  64  78  0  2545  48143  14  0  186005  83570  1  15  11  71  575  220  2021  103  0  566  312509  180613  0  
0  0  0  0  0  0  0  0  0  0  0  0  0  0  0  0  0  0  0  0  0  0  0  0  0  0  0  0  0  0  0  0  0  0  0  0  0  0  0  0  0  0  0  0  0  0  0  1  0  0  0  0  0  0  0  0  0  0  0  0  0  0  0  0  0  2  0  0  0  0  0  0  0  0  1  162094  0  138  2  5  10  3  891  75  0  3  0  2  2  1  6  12  1746  0  617779  83  7040  0  97  927  17  0  6  0  1  2  0  9  35  310  419385  57143  0  0  2668  0  1420  116  47  35  12  237  355  321909  28757  9  11  19  0  363  75  5  190711  0  121688  0  2  1  17  255  68  55  12  0  138  314478  120238  13  
0  19  0  0  0  0  0  0  0  13  0  0  0  0  0  0  0  9  0  0  1  117  5  0  0  4  0  0  0  1  0  3  0  0  0  0  0  0  0  0  18  0  0  5  0  0  0  10  1  0  2  1  0  0  1  0  1  0  0  0  3  0  0  0  1  10  0  0  0  0  0  0  9  0  2  7497  2  708  13  7  96  10  6980  789  1  21  0  5  20  7  35  79  105680  97  688976  601938  426466  8  1670  8060  184  1  38  3  33  72  0  112  482  2509  10099  8774  2  0  27937  33420  876  116215  195  424  36  396  1698  56465  390700  53  44  148  0  2928  142066  231  108090  98132  0  1  11  3  48  3003  547  186  78  0  776  66  42001  8  
0  0  0  0  0  0  0  0  0  0  0  0  0  0  0  0  0  0  0  0  0  0  0  0  0  0  0  0  0  0  0  0  0  0  0  0  0  0  0  0  0  0  0  0  0  0  0  0  0  0  0  0  0  0  0  0  0  0  0  0  0  0  0  0  0  2  0  0  0  0  0  0  0  0  158430  0  0  27  7669  8545  55  3  162  1  0  21  211081  81329  110778  1  0  13  6  0  0  0  2  206248  0  31  15  0  0  0  27  617  0  0  0  11  0  0  145393  0  67  0  0  0  56  9  363  2  144  0  0  149518  170186  78  1  896  1  1  0  0  0  0  178  2809  20  548  57  42  24  0  104  0  7  0  
0  0  0  0  0  4  0  0  0  14  0  0  0  0  0  0  0  24  1  0  0  0  38  9  0  2  0  0  0  1  724  28  0  0  0  0  0  0  0  0  20  0  0  10  0  0  1  25  15  0  0  0  0  0  0  0  2  0  0  0  0  0  3  0  0  23  0  0  1  24  0  0  21  0  13710  0  0  24  1269  69094  211  14  881  12  0  13  349  156  370  101  100  21123  25  0  16  22  17028  567160  4  321  72  2  78  1  303517  240162  1  1  12  74  0  0  1945  0  10066  0  24  11  6320  146  20737  259  1206  0  17  629  250  80  1  4272  17  0  15  2  30  1815  0  101720  85  1345  355  12  178  102854  580  0  920  0  
0  0  0  0  0  3  0  0  0  0  0  0  0  0  0  0  0  0  0  0  0  0  0  0  0  0  0  0  0  0  0  0  0  0  0  0  0  0  0  0  0  0  0  0  0  0  0  0  0  0  0  0  0  0  0  0  0  0  0  0  0  0  0  0  0  22  0  0  0  0  0  0  0  0  39042  0  0  1  2764  83702  87  15  187  2  0  9  143429  156  116  685  461  2752  2  0  0  0  1177  1016823  0  32  9  0  15  0  1315  33058  0  81  83  10  0  0  338607  0  1044  0  30  1  1152  30  220074  9  321  0  1  490  117  28  0  887  0  1  1  0  3  9609  181633  0  13  4064  59  6  35  18876  128  0  25  0  
0  0  0  0  0  0  0  0  0  0  151  0  0  0  0  0  0  0  0  0  0  0  0  0  0  0  9  0  0  4571  0  0  0  0  0  0  0  0  0  0  0  0  0  3  0  0  0  1  0  0  0  0  0  0  0  0  0  0  0  0  0  0  0  0  22  4  0  0  0  0  0  0  0  0  14  0  0  513  260  367  751  101  13566  1151  377046  33  0  45  550  59  2  76  21216  195300  54  753  19  4  1131  3023  85198  7  84  648468  0  18  0  0  0  259  9  2  12  0  1845  0  0  346211  840  798  100  22  1711  0  1077  848  1851  3228  2  157491  18822  369026  742  54  1409  28  3  2  0  617  403  1888  430  0  106157  0  8702  0  
39  0  0  11  20  40142  2035  3109  43313  78135  0  1  0  1  11  127  86  6239  49  1  0  13  39  27  1  326  18  0  29  11588  7  2636  1  0  2  0  0  0  8  8  1571  1  34  5001  195  0  119  7532  3182  0  11  129  9  44  2169  136  31  7  3  0  5  0  28  97  3660  260963  338  38  62  96  105  0  3897  10  3519  0  9  1670  3842  512290  257566  209592  368584  126328  0  2725  3  2969  15243  2332  106  3576  381  0  9  44  1679  302  19  65373  2971  75  2448  28  188  93475  0  0  9  18559  316  76  195  0  251298  0  59  454  24065  7438  2578  1272  13104  3  78  6692  7567  6038  5  23460  249  31  135  630  5316  303  2110  407  324  0  24428  2189  2024  538  31602  2  5221  0  
0  0  0  0  0  1  0  0  0  1  0  0  0  0  0  0  0  2  0  0  0  0  0  0  0  0  0  0  0  0  0  1  0  0  0  0  0  0  0  0  1  0  0  0  0  0  0  0  1  0  0  0  0  0  3  0  0  0  0  0  0  0  0  0  1  39  0  0  0  0  0  0  9  0  25  0  97679  2518  3410  3039  6141  289  6552  97  0  94  0  103  1547  1479  40  607  149  0  1  1  150  19  70  594080  446969  498641  2849  6950  1  50  0  0  0  8619  0  1  55  0  20657  0  16  106  433361  138910  332  106  1926  0  5  2076  2972  10935  5152  260310  102  28  12  3  35  34  53  15  225  12268  0  2431  29010  0  2100  0  1024  0  
0  0  0  0  0  8  3  1  0  0  0  0  1  1  0  0  0  1  0  0  0  0  0  0  0  0  0  0  0  1  0  0  0  0  0  0  0  0  0  0  0  0  0  0  0  0  0  0  2  0  0  0  0  0  0  0  0  0  0  0  0  0  0  0  0  148  0  0  0  0  0  0  0  0  216  0  1  214320  1193  4585  7944  168  10502  120  0  306042  0  3218  219550  2223  5  419  185  1  0  0  123  84  4  4500  431  37  550595  4  4  430  0  0  0  739  0  1  4510  8015  3093  0  1  99  186252  733  3230  6  65498  0  5  514397  7427  139759  140  43317  139  58  8  1  16  140  44  77  987  7979  2870  0  20637  1  5982  0  640  0  
0  0  0  0  0  0  1  0  0  0  0  0  0  0  0  0  0  1  0  0  0  0  0  0  0  0  0  0  0  0  0  1  0  0  0  0  0  0  0  0  3  0  0  0  0  0  0  1  0  0  0  0  0  0  0  0  0  0  0  0  0  0  0  0  0  242  0  0  0  0  0  0  3  0  8  0  4  143  245  506  33226  247986  7104  24  0  10  0  20  165467  174988  29  473  56  0  2  0  167  11  3  1899  551  34  735169  4  1  32  0  0  0  411  0  0  18  0  2605  0  2  53  354676  16112  234  20  890  0  6  131  619  206184  111  21317  28  19  8  3  10  16  67  11  1004  10735  33791  8502  0  0  4727  1  973  0  
0  0  0  0  6  2305  0  0  0  0  0  0  0  0  0  15  0  0  0  0  0  0  0  0  0  0  0  0  0  0  475  764  0  0  0  0  0  0  0  0  0  0  0  0  0  0  0  0  1  0  0  0  0  0  0  0  0  0  0  0  0  0  1  0  0  51  0  0  0  1742  0  0  0  0  70224  0  0  0  102104  197743  2  0  0  0  0  0  0  1  3  308302  0  4  0  0  0  0  0  79719  0  0  0  0  0  0  219369  43630  0  0  0  0  0  0  44  0  6  0  0  0  5  0  14  0  9  0  0  5  5  0  0  6  0  0  0  0  0  14  111075  9410  1  282  1  0  0  0  0  0  1  0  
0  0  22  0  0  0  0  25  64082  0  2  0  0  0  0  12  0  0  0  0  0  0  0  0  0  0  2  0  0  17018  0  0  0  0  0  0  0  0  0  0  0  0  0  0  0  3963  0  2  1  0  0  0  0  0  1  0  0  0  0  0  0  0  0  0  2  1500  1  0  1  0  70723  0  2  0  4  0  57  920  185  211  22361  1984  237806  6119  59  47  0  30  342  79  13  604  4195  287  17  5  310  13  199  19079  64637  20  930  362650  1  18  0  1  0  6048  50  29  12  0  20042  0  8  12604  1642  170496  177  80  2944  1  109  485  1015  2150  0  441560  2815  758  121  63  650  16  40  3  99178  25695  12673  1043  1387  0  0  1  4299  0  
0  0  0  0  0  0  0  0  0  0  0  0  0  0  0  0  0  0  0  0  0  0  0  0  0  0  0  0  0  0  0  0  0  0  0  0  0  0  0  0  0  0  0  0  0  0  0  0  0  0  0  0  0  0  0  0  0  0  0  0  0  0  0  0  0  0  0  0  0  0  0  0  0  0  0  2012  0  40  0  0  1  0  26  1  0  0  0  0  0  0  1  2  2971  0  1443  4  746  0  3  40  0  0  2  0  0  0  0  558  4993  10  624021  900796  0  0  111  0  62331  144  6  1  0  5901  61  97477  109  1  0  0  0  26  45  0  323839  298147  746  0  0  0  1  5  0  4  1  0  10  0  174337  309  
0  0  0  0  0  0  0  0  0  7  0  0  0  0  0  0  0  8  0  0  0  0  0  0  0  1  0  0  0  0  0  3  0  0  0  0  0  0  0  0  2  0  0  3  1  0  0  19  7  0  0  0  0  0  1  0  0  0  0  0  0  0  0  0  2  71  0  0  0  0  1  0  4  0  40  138  2  11423  269  418  1452  268  3378  149  0  530  0  310  1096  131  602  656  315546  0  62499  179  40085  22  941074  105210  144  389  654  1  11  136  0  738446  69342  243456  10598  1340129  69  0  56104  2  86227  12875  11389  276  1160  265988  33427  128226  36797  2707  4893  3619  27262  293426  60008  861  179351  171038  126160  67  29  12  2398  2278  502  24126  528  0  1536  169420  0  90852  
0  0  0  0  0  0  0  0  0  0  0  0  0  0  0  0  0  0  0  0  0  0  0  0  0  0  0  0  0  0  0  0  0  0  0  0  0  0  0  0  0  0  0  0  0  0  0  0  0  0  0  0  0  0  0  0  0  0  0  0  0  0  0  0  0  0  0  0  0  0  0  0  0  0  0  0  0  4  0  0  0  0  3  0  0  0  0  0  0  0  19  2  4  0  1  0  248  0  27  1213  0  0  0  0  0  0  162564  192752  47024  173521  8  1389  0  0  77546  0  1058  2  1  0  0  316946  7  328  0  0  1  0  0  2  0  0  1  115  69  0  0  0  0  1  0  2  0  0  2  321  118142  0  
