0  0  0  14  261211  62875  2  0  2  7  0  515  0  12759  86776  9816  8  982  3  0  0  0  5  185914  0  15  0  0  0  0  68115  6447  0  0  0  0  0  0  5782  5143  50  0  0  12  7  0  3138  12  45284  0  0  177355  148803  99  9  1  3  0  0  0  0  42398  253  38753  4  1629  33  332  37  102842  2  0  77  0  0  0  0  0  0  2  0  0  0  0  0  0  0  0  0  0  0  0  0  0  0  0  0  0  0  1  0  0  0  0  0  10  0  0  0  0  0  0  0  0  1  0  0  0  1  0  0  0  0  0  1  0  0  0  0  2  0  0  0  0  0  0  0  0  0  89  0  1  0  0  0  0  0  0  
0  0  0  23  0  1  0  0  1  0  0  0  0  0  1  1  0  5  153990  0  333394  59680  0  0  4  1  0  0  0  0  0  0  0  0  0  0  40242  20311  0  0  0  310533  0  757  194  0  0  17  7  1  415370  0  0  9  73  0  322486  72  303183  144621  40909  0  0  0  5  5  1  65  4  0  0  0  614  0  0  0  0  0  0  0  0  0  0  0  0  0  0  0  0  0  0  0  0  0  1  115  0  0  0  0  0  0  0  0  0  0  0  0  0  0  0  0  0  0  0  0  0  1  0  0  0  0  0  0  4  0  0  0  0  0  0  0  0  0  1  0  0  0  0  0  0  0  0  0  0  0  0  0  
0  0  0  7  0  94  17  64743  953  0  0  0  0  0  0  308608  12  35  3  0  0  0  0  0  0  10  84166  168061  99060  55344  0  10  0  0  0  0  0  0  0  1  14  0  0  0  225632  308733  0  18  673  0  0  1  0  163  2  10  3  1  0  0  0  0  0  0  1  35  56971  0  69654  1  55  0  2  0  0  0  2016  0  0  0  0  265  531  0  0  0  0  0  0  1454  0  0  0  0  0  0  0  0  0  1  1  0  3  1569  0  0  0  0  0  0  0  0  0  0  0  0  0  0  1  7732  0  0  0  0  0  0  0  0  0  0  0  0  0  0  0  0  0  0  0  1  0  0  0  0  210  0  0  0  
179  0  9  0  674  1148  985  1355  406  9  0  197397  89  281  329  68  1687  4578  1246  0  2  19  9  58  13  442858  1  231924  80508  5  0  156  62386  705  291  79  0  1  112  2476  184179  0  1  1377  263509  1  706  789  393913  0  404  4886  473  1189  2254  85  3848  96  68  174  291  8  18  27  260  1200  50053  56373  4408  10  132  0  1981  456  0  0  0  0  0  1  0  0  1  0  0  0  0  0  0  0  0  0  0  0  0  0  0  0  0  2  0  0  0  0  0  1  0  0  0  0  0  0  0  0  1  0  0  0  0  0  0  0  0  0  0  0  0  0  0  2  0  0  0  0  0  0  0  0  0  22  0  0  0  0  0  0  0  0  
237366  0  0  7  0  48818  2  1  1  5  0  190  0  797  39884  223624  4  235  3  0  0  0  1  4553  0  12  0  0  0  0  22769  840  0  0  0  0  0  0  246  5165  36  0  0  5  6  0  306  3  11222  0  0  14932  93896  77  0  0  1  0  0  0  0  3  41  3292  2  241  22  256  26  15788  0  0  10  0  0  0  0  0  0  71  0  0  0  0  0  0  0  0  0  21  0  0  0  0  0  0  0  0  0  0  0  0  0  0  0  1  0  0  0  0  0  0  0  0  0  0  0  0  0  0  0  0  0  0  1  0  0  0  0  0  0  0  0  0  0  0  0  0  0  23  0  0  0  6  0  0  1  0  
94986  1  7  388  76783  0  195459  3999  6739  30  0  529  2  3714  23887  509646  142  10655  138  0  0  0  27  58449  2  820  15  0  45  5  22467  132926  0  0  0  0  0  0  797  6215  939  0  1  182  1580  2  4188  586  50622  0  18  30889  12565  45118  451  85  91  37  0  2  9  24  14322  30816  1027  307707  3867  2779  5857  314982  49  0  907  0  149  0  0  0  26  19976  354  76  64  0  0  1  0  2  6  3732  0  8  0  0  1  0  0  8  0  12  1  0  0  0  2732  1926  0  0  0  1  0  0  4  0  27  0  0  0  5  1  6  2  1  0  1  20  9  0  0  18  0  0  0  0  0  20  9  11  0  53263  5  0  1  2114  6  0  10  0  
18  0  4  2399  141  281705  0  297243  63312  3  0  54  0  2  268  585676  22  849  471  1  0  0  2  0  14  1013  21  0  120  508  0  112  2  0  0  0  0  1  1  606  421  0  0  1087  9922  6  234  160  10518  0  35  10403  264  53195  2824  228  274  42  6  7  14  0  15  2  23196  232364  3777  12623  26128  17  603  0  207  0  0  0  0  0  0  1476  3316  2984  301  0  0  0  0  0  1  422  0  1  0  0  0  0  0  0  0  1  0  0  0  0  0  4  0  0  0  0  0  0  0  0  3  0  0  0  0  1  0  0  0  0  0  0  2  0  0  0  0  0  0  0  0  0  0  0  0  2184  0  0  0  0  8  0  0  0  
15  0  29924  4644  128  9444  269502  0  263608  3  0  188  0  3  86  347383  10  239  341  0  0  2  5  0  3  1107  10  27  42394  170  0  47  0  0  0  0  0  0  1  1789  335  0  1  453  60027  154459  90  176  2238  0  7  4461  180  158039  1467  236  508  23  2  1  13  0  4  1  4157  163643  10559  1743  140141  3  2140  0  105  0  0  0  137  0  0  32  110  32048  2403  0  0  0  0  0  0  22386  0  0  0  0  0  0  0  0  0  2  0  0  4  10  0  5  0  0  0  0  0  0  0  0  1  0  0  0  0  604  0  0  0  0  0  1  0  0  0  0  0  0  0  0  0  0  0  0  0  3375  0  0  0  0  76  0  0  0  
0  0  75  31  3  2100  8126  113750  0  11978  0  0  0  0  5  309  61  955  1627  47  0  23  3  0  30  1890  79  142  238  31311  0  176  1  0  0  0  0  0  0  6  3144  0  0  1871  2555  114924  18  1056  2118  0  15  72  2  3232  6697  6253  917  86  4  2  19  0  3  3  28466  229769  13690  199  623  6  214841  0  247  0  0  0  23  0  0  2  2  2268  40727  192  0  0  0  0  0  416  0  1  0  0  0  1  1  0  0  15  0  0  0  4065  0  3  0  0  0  7  0  0  0  0  235  0  1  0  0  1243  0  4  2  0  0  0  0  0  0  3  0  0  0  0  3  0  0  0  0  55607  0  0  0  0  72195  0  0  0  
99  0  1  184  689  649  184  197  14879  0  26  168  0  40  353  35  194  36693  384  4  4  3981  31748  8  28  2288  38  1  51  83275  2  4015  2  0  4  1  1  5  8  2097  34195  4  79  244498  965  2  546  11839  26132  6  778  1050  660  342  8307  537  501  94  109  19  118  0  60  7  10155  401634  1200  2833  174  57  122  0  15638  785  4  0  0  175  68  59  83  12  2721  404  3  33  0  38  16  5  3  175  80  0  8  177  52  2  1  456  23  0  20  52  5  88  0  0  1  113  1  1  27  0  4932  0  1  13  738  48  67  57  866  0  18  270  47  62  0  1014  41  2  4  2  17  3  41  1  29  127179  249  367  20  0  224  0  305  0  
0  3  0  0  0  0  0  0  7  14  0  0  0  0  0  0  0  2  683  774935  0  52598  0  0  184  2  280  0  0  45649  0  0  0  0  0  0  0  0  0  0  9  61517  0  774171  2  0  0  2  4  0  0  0  0  1  44  48  3281  307165  0  0  67  0  0  0  364521  21  3  21  0  0  13  0  109  0  0  0  0  0  0  0  0  0  0  1  113148  0  0  0  0  0  0  0  0  768  0  3932  0  0  0  0  1  0  0  727  0  0  0  0  0  0  0  0  0  0  2  381  0  1314  0  0  0  0  0  0  0  0  0  0  0  0  0  0  0  0  0  0  0  0  128  3  0  0  0  0  3  0  0  0  
952  0  0  411223  5061  2588  3  1  2  2  0  0  2739  66770  3247  86  446  16522  3  0  0  0  0  128  0  22  0  0  70315  0  1  56  2746  443  250  0  0  0  334  237642  23  0  0  4  31084  0  6019  143  195557  0  1  279310  6787  287  2  0  2  1  0  0  1  5  6  285  1  49  25  255984  54  13  0  0  2  0  0  0  0  0  0  0  0  0  0  0  0  0  0  0  0  0  0  0  0  0  0  0  0  0  0  0  0  0  0  0  0  0  0  0  0  0  0  0  0  0  0  0  0  0  0  0  0  0  0  0  0  0  0  0  0  0  0  0  0  0  0  0  0  0  0  6  0  0  0  0  0  0  1  0  
11  0  0  70  3  65  0  0  0  0  0  1295  0  29682  0  0  2  1706  0  0  0  0  0  126020  0  0  0  0  2  0  0  26  0  14  60  0  0  0  114603  100  0  0  28  0  0  0  136122  2  734  0  0  5  0  0  0  0  0  0  0  0  0  25484  15  14695  0  4  0  0  0  3  0  0  1  0  0  0  0  0  0  0  0  0  0  0  0  0  0  0  0  0  0  0  0  0  0  0  0  0  0  0  0  0  0  0  0  1  0  0  0  0  0  0  0  0  0  0  0  0  0  0  0  0  0  0  0  0  0  0  0  0  0  0  0  0  0  0  0  0  0  0  0  0  0  0  0  0  0  0  
9796  0  0  5  5450  8533  0  0  1  4  0  77930  42179  0  7631  120  0  265  2  0  0  0  1  2234  0  5  0  0  58  0  1  238  0  0  0  0  0  0  155170  203783  9  0  0  4  1  0  7371  0  88609  0  0  246441  7095  25  0  0  2  1  0  0  0  45645  13  11540  1  78  0  110  3  54  0  0  5  0  0  0  0  0  0  0  0  0  0  0  0  0  0  0  0  0  0  0  0  0  0  0  0  0  0  0  0  0  0  0  0  0  0  0  0  0  0  0  0  0  0  0  0  0  0  0  0  0  0  0  0  0  0  0  0  0  0  0  0  0  0  0  0  0  0  3  0  0  0  0  0  0  0  0  
116904  0  0  26  40837  17554  37  2  14  1  0  9445  0  1524  0  254309  6  301  11  0  0  0  0  41  1  423  1  0  74752  0  0  352  0  0  0  0  0  0  11  1180  45  0  0  7  1587  0  91  21  5896  0  0  1025899  552461  713739  48  5  15  0  0  0  1  116146  21  53  15  501  236  199114  48383  33  14  0  32  0  0  0  0  0  0  0  0  0  0  0  0  0  0  0  0  0  0  0  0  0  0  0  0  0  0  0  0  0  0  0  0  5  0  0  0  0  0  0  0  0  0  0  0  0  0  0  0  0  0  0  0  0  0  0  0  0  0  0  0  0  0  0  0  0  0  19  0  0  0  0  0  0  0  0  
21675  0  361795  64  310392  475572  480181  369718  853  5  0  13  0  36  248970  0  17  755  31  0  0  0  3  1593  0  166  1  9  41264  1  32870  3767  0  0  0  0  0  1  26  256  120  0  1  16  21085  17289  157  81  4198  0  6  4619  100761  775411  86  29  28  5  0  2  1  0  19  1154  113  13084  984  879  145490  107330  23  0  237  0  0  0  1205  0  2  5398  2794  13544  273  0  0  0  0  0  0  25129  0  0  0  0  0  0  0  1  0  2  0  0  20  37  0  427  0  0  0  0  0  0  0  0  3  0  0  0  2  578  0  0  1  0  0  0  0  0  0  0  0  0  0  0  0  0  0  0  0  460  0  0  0  14  14  0  0  0  
0  0  58  4707  12  52  25  49  92  203  0  352  2  0  9  42  0  329627  4004  0  1  1  27214  3250  4  1165  5  0  150  4  0  29926  3716  45  60845  6  1  16  0  27  37446  0  22084  510  4258  1  21079  347316  200585  87  61  17  4  40  692  107  297  1301  13  7  43  0  209  62  392  270  2105  55  3169  36  9  3  12724  81  0  0  0  2  0  0  1  1  15  4  0  1  0  0  0  0  1  8  2  0  0  1  4  0  0  37  3  0  0  0  5  31  0  0  0  7  0  0  0  0  127  0  0  0  5  3  0  7  6  0  0  1  0  1  0  17  0  0  0  0  5  0  0  0  0  128  3  0  1  0  5  0  5  0  
819  0  4  7389  275  2538  1  1  77  512  0  18900  2615  280  24  13  186123  0  287  0  3  3  20810  39979  3  1134  4  0  29  12  907  147843  1903  91  11470  2  0  11  446  76  7346  0  11970  1193  184  1  307389  84384  336054  89  91  323  14  127  1175  24  246  50  14  6  42  1  2867  995  360  711  143  110  169  2311  0  0  19807  99  0  0  0  3  1  1  1  0  57  4  0  2  0  0  1  0  0  8  3  0  3  1  7  0  0  70  7  0  1  0  7  65  0  0  0  18  1  0  0  0  210  0  2  0  16  4  1  23  10  0  6  8  3  0  0  34  1  0  0  1  9  0  1  0  0  248  23  7  2  0  7  0  12  0  
1  137823  0  131  0  15  8  7  51  3  96  0  0  0  9  3  2  118  0  47294  61  10219  21  0  238948  90  0  0  5  2  0  10  0  0  0  0  11  7175  0  0  385  156973  3  12391  2090  0  1  302  326  0  25647  15  1  139  444  1335  1256011  617100  286309  1028  26009  0  0  0  16597  31  33  13010  17  2  3  0  432242  0  0  0  0  0  0  0  0  0  0  0  0  0  0  0  0  0  0  0  0  0  0  0  0  0  0  0  0  0  0  0  0  0  0  0  0  0  0  0  0  0  1  0  0  0  0  1  0  0  0  0  0  1  0  0  0  0  0  0  0  0  0  0  0  0  0  2  0  1  0  0  0  0  1  0  
0  55  0  2  0  0  0  0  1017  0  833765  0  0  0  0  0  0  26  32980  0  0  262  0  0  4604  23  93202  0  10  8113  0  1  0  0  0  0  0  0  0  0  48  105228  0  209140  43  0  0  24  25  0  1  0  0  2  76  63927  5012  468700  6  0  12  0  0  0  290081  12  12  59  5  0  3832  0  290  0  0  0  0  0  0  0  0  0  0  0  17507  0  0  0  0  0  0  0  0  148  0  1  0  0  0  0  2  0  0  503  0  0  0  0  0  0  0  0  0  0  0  22  0  24  0  0  0  0  0  0  0  0  0  0  0  0  0  0  0  0  0  0  0  0  4  0  0  0  0  0  0  0  0  0  
0  245430  0  1  0  0  0  0  0  4  0  0  0  0  0  0  0  4  59  0  0  35315  95041  0  5  7  0  0  0  0  0  1  0  0  0  0  131653  1790  0  1  39  6  75  133  9  0  0  3  5  309720  97549  0  0  1  37  0  22  0  14766  319555  510634  0  0  0  2  1  0  18  1  0  0  31  413  0  0  2  0  0  0  0  0  0  0  3  0  0  0  0  0  0  0  0  0  0  13  5  0  0  0  1  0  0  0  0  1  2  0  0  0  1  0  0  0  0  2  3  0  2  0  0  0  1  0  0  100  0  0  0  0  0  0  0  0  0  40  0  0  0  0  0  0  0  0  0  0  0  1  0  
2  124156  0  54  28  33  5  11  33  43662  35078  7  0  0  14  0  1  113  2740  161  33289  0  110508  1  25  264  0  0  1  2729  0  24  0  0  0  0  0  119  0  117  3673  346374  0  976618  377  0  34  58  243  4  99729  39  19  33  1661  4  91575  37776  834  28  1143299  0  1  0  4465  329  9  373  15  1  0  0  790  2  0  10  0  0  0  0  1  0  10  110  23480  0  0  1  0  0  1  1  1  0  118  23356  21  2  0  23  1  0  0  33  2  7  0  0  0  6  0  0  0  0  88  86  0  7101  0  6  0  11  0  0  202  0  0  0  0  1  0  0  0  0  41  0  0  0  1  106  1  0  0  0  1  0  4  0  
1  1  0  100  51  128  125  215  670  33006  0  14  0  1  20  21  29879  35006  255  1  88045  117320  0  903  1182  6060  3  0  3  128  1  67775  5  0  106712  0  1991  19789  0  126  31719  2  358804  125331  346  0  261  28493  1283  239316  293  104  38  202  11125  99  348  63  8858  18250  304382  0  99  8  3546  261  30  1540  59  38  27  468  80156  3  0  1  0  2  0  0  0  0  9  2  0  0  0  0  0  0  0  2  1  0  23  13  2  0  1  15  0  0  0  0  5  16  0  0  0  3  0  0  0  0  36  5  0  0  0  0  0  4  2  0  185  0  1  0  0  4  0  0  0  0  82  0  1  0  0  32  1  0  0  0  2  0  3  0  
182889  0  0  25  5200  28429  0  0  0  1  0  315  136662  14969  209  990  657  29413  1  0  0  0  103  0  0  16  0  0  1  0  168344  44672  114  461  4689  0  0  0  39832  1106  31  0  6701  27  2  0  233732  4106  7215  0  0  7576  1469  8  2  1  0  1  0  0  0  189403  341865  729315  1  491  6  61  7  139850  0  0  89  0  0  0  0  0  0  1  0  0  3  0  0  0  0  0  0  0  0  0  0  0  0  0  0  45  0  0  0  0  0  0  161  3  0  0  0  0  0  0  0  0  2  0  0  0  0  0  0  0  0  0  0  0  0  0  0  0  1  0  0  0  0  0  21  0  0  37  1  0  0  2  0  0  0  0  
0  0  0  41  1  22  15  5  1104  20  5  0  0  1  17  0  3  300  160520  8505  5  4  285  0  0  142432  7696  0  116  16  0  37  0  0  0  3  0  24  0  0  545  0  4  1255  1922  0  4  198  427  12  410  13  1  260  273898  539263  35929  31578  1879  30  559  0  1  1  6712  370  138  13464  45  1  116  0  803887  1  0  0  0  0  0  0  0  0  0  0  0  0  0  0  0  0  0  0  0  0  0  0  0  0  0  1  0  0  0  0  0  0  0  0  0  1  0  0  0  0  1  0  0  0  0  0  0  1  0  0  0  0  0  0  0  0  0  0  0  0  0  0  0  0  0  2  0  1  0  0  0  0  0  0  
12  0  11  324522  38  460  340  452  2294  459  0  5  0  9  57  29  293  2153  562  17  0  47  391  0  116403  0  222  42193  183  1116  1  317  2252  102548  3  203242  0  15115  3  78  462925  0  9  7488  48059  7  89  1915  13525  0  254  762  32  909  275261  149549  699  184  27  43  384  0  7  1  5127  11156  576217  11451  4418  7  827  0  63377  2071  0  0  0  0  0  0  1  0  12  1  0  0  0  1  0  0  0  2  0  0  0  0  1  0  0  23  0  0  1  0  0  2  0  0  0  2  0  0  0  0  30  0  0  0  5  0  0  1  0  0  0  1  0  0  0  14  0  0  0  0  0  0  1  0  0  120  5  1  0  0  1  0  2  0  
0  0  85983  0  0  2  5  4  607  0  198  0  0  0  0  3  0  6  20  143381  0  0  0  0  3864  391  0  34  76  940638  0  3  0  0  0  0  0  0  0  1  15  0  0  48  605  6246  1  5  10  0  1  1  0  2  1188  998505  7  58  1  0  0  0  0  0  240564  49  288359  0  57  0  125322  0  4  0  0  0  0  0  0  0  0  0  0  0  41  0  0  0  0  0  0  0  0  77  0  0  0  0  0  0  19  0  0  2080  0  0  0  0  0  0  0  0  0  0  0  0  0  0  0  4  0  0  0  0  0  0  0  0  0  1  0  0  0  0  0  0  0  0  0  0  0  0  0  0  15  0  0  0  
0  0  130650  200637  0  2  0  2  572  0  0  0  0  0  0  16  0  10  4  0  0  0  0  0  0  63507  88  0  91885  0  0  1  0  0  0  0  0  0  0  0  19  0  0  6  614298  111541  0  3  52  0  0  4  1  1  1  489  1  0  0  0  0  0  1  0  7  10  497389  8  58  0  52  0  1  0  0  0  0  0  0  0  0  0  0  0  0  0  0  0  0  0  0  0  0  0  0  0  0  0  0  0  0  0  0  0  0  0  0  0  0  0  0  0  0  0  0  0  0  0  0  0  0  0  0  0  0  0  0  0  0  0  0  0  0  0  0  0  0  0  0  0  0  0  0  0  0  0  0  0  
9  0  120357  86109  25  179  38  91453  2904  10  0  46952  8  73  73387  34819  442  2156  340  0  0  0  0  3  0  868  9  41526  0  4  0  237  4  1  1  0  0  0  1  59  913  0  0  72  799555  17435  242  5610  4291  0  2  10463  33  4125  151  57  83  46  1  0  2  0  18  5  314  6113  20377  439823  518360  11  764  0  193  0  0  0  0  0  0  0  0  0  7  0  0  0  0  0  0  0  0  1  0  0  0  0  0  0  0  8  0  0  0  0  0  3  0  0  0  1  0  0  0  0  13  0  0  0  0  0  1  2  0  0  0  1  0  0  0  4  0  0  0  0  0  0  0  0  0  28  3  0  0  0  0  0  2  0  
0  0  64261  5  1  25  34  9  32579  71742  28716  0  0  0  1  2  10  2691  205  6791  0  2682  2  1  12  595  730564  6  76  0  0  398  1  0  1  0  0  0  0  1  880  0  10  26568  758  280473  9  592  1676  0  13  12  0  11  657  44719  438  50  6  0  11  0  6  2  451465  39218  32457  59  67  5  375487  0  1009  0  0  0  6  1  0  0  0  1  8399  601  28139  0  0  0  0  2  1  1  0  445  0  3796  2  0  0  19  360  0  0  85327  0  2  0  0  0  8  1  0  0  0  215  0  0  7  0  30  0  4  1  0  1  0  0  1  0  18  0  0  1  2  8  0  0  0  525  3518  4  0  0  0  25347  0  1  0  
71443  0  0  0  48043  39496  0  0  0  0  0  0  0  0  0  40214  0  212  0  0  0  0  0  142717  0  1  0  0  0  0  0  28739  0  0  0  0  0  0  1  0  0  0  0  2  0  0  265  0  15  0  0  1  1  2  1  0  0  0  0  0  0  0  263487  570  0  3  0  0  1  273757  0  0  5  0  6  0  0  0  0  196  0  0  0  0  0  0  0  0  0  210  0  0  0  0  0  0  0  1088  0  0  0  0  0  0  19962  147  0  0  0  0  0  0  0  0  0  0  0  0  0  0  0  0  0  0  0  0  0  0  0  0  0  0  0  0  0  0  484  3  0  13  0  0  0  325  0  0  0  0  
480  0  0  6  98  124551  2  6  62  338  0  2  39  46  9  1711  41808  357164  68  0  16  8  70276  29839  0  678  3  0  20  21  38316  0  5  0  25072  0  2  9  359  22  3033  0  13343  1778  243  0  25234  29338  40389  20  15  112  11  26  406  41  39  16  15  2  16  6  209458  7039  286  77883  79  39  91  154707  3  1  20818  17  1  0  0  2  0  1867  4  3  93  5  0  1  0  4  1  878  0  12  2  0  4  1  10  4  0  104  12  0  5  0  291  57316  0  0  0  30  0  0  2  0  279  0  3  2  14  17  5  9  26  0  17  7  1  1  0  48  0  0  0  0  9  0  8  0  3  1466  32  9  4  643  19  0  31  0  
0  0  0  80546  1  4  1  0  5  6  0  231  0  0  0  0  1962  2486  2  0  0  0  0  39  0  561  0  0  0  1  0  34  0  147488  34479  11832  0  0  0  0  48941  0  5  16  4  0  249  255243  2924  0  0  1  0  0  53  3  0  1  0  0  0  0  1  0  9  14  4  4  0  0  2  0  20950  273569  0  0  0  0  0  0  0  0  2  0  0  0  0  0  0  0  0  0  0  0  0  0  0  0  0  0  0  0  0  0  0  0  0  0  0  0  0  0  0  0  0  0  0  0  0  0  0  0  0  0  0  0  0  0  0  0  0  0  0  0  0  0  0  0  0  4  0  0  0  0  0  0  0  0  
0  0  0  2382  0  0  0  0  0  1  0  442  30  1  0  0  30  181  0  0  0  0  1  901  0  77833  0  0  16  0  0  0  214265  0  451379  267287  43  318071  0  0  11022  0  107984  0  0  0  451  64488  40  7  0  0  0  0  114  0  0  0  4  1  2  0  0  23  0  0  0  0  0  0  0  1650  529096  84243  0  0  0  0  0  0  0  0  0  0  0  0  0  0  0  0  0  0  0  0  0  0  0  0  0  0  0  0  0  0  0  0  0  0  0  0  0  0  0  0  0  0  0  0  0  0  0  0  0  0  0  0  0  0  0  0  0  0  0  0  0  0  0  0  0  0  0  0  0  0  0  0  0  0  
0  0  0  686  0  1  3  2  14  19  0  203  9  1  0  0  44348  12702  35  0  1  1  95848  2795  0  201  0  0  2  3  0  23871  39135  475008  0  0  551  39282  0  0  480  0  313531  146  5  0  1010  289460  123  2146  1  2  1  0  77  1  12  1  1019  266  1276  0  5  70  39  25  1  4  0  2  0  72095  120081  34  0  0  0  0  0  0  0  0  4  1  0  0  0  0  0  0  0  0  0  0  0  0  0  0  0  2  0  0  0  0  1  3  0  0  0  0  0  0  0  0  13  0  0  0  0  1  0  0  0  0  0  1  0  0  0  1  0  0  0  0  0  0  1  0  0  16  0  1  0  0  1  0  2  0  
0  0  0  38  0  0  0  0  0  1  0  0  0  0  0  0  1  1  0  0  0  0  0  0  3  220106  0  0  0  0  0  1  16364  312022  3  0  0  4818  0  0  121263  0  0  0  0  0  0  20454  78  0  0  0  0  0  2999  0  0  0  0  0  0  0  1  0  0  0  1  0  0  0  0  0  43623  160476  0  0  0  0  0  0  0  0  0  0  0  0  0  0  0  0  0  0  0  0  0  0  0  0  0  0  0  0  0  0  0  0  0  0  0  0  0  0  0  0  0  0  0  0  0  0  0  0  0  0  0  0  0  0  0  0  0  0  0  0  0  0  0  0  0  0  0  0  0  0  0  0  0  0  
0  39147  0  0  0  0  0  0  1  0  0  0  0  0  0  0  4  0  9  0  83386  1  3869  0  0  0  0  0  0  0  0  0  0  62  1195  0  0  448543  0  0  4  0  167598  46  0  0  0  416  0  504007  1  0  0  0  8  0  0  0  114891  530918  4249  0  0  0  0  0  0  0  0  0  0  802910  17639  0  0  0  0  0  0  0  0  0  0  0  0  0  0  0  0  0  0  0  0  0  0  0  0  0  0  0  0  0  0  0  0  0  0  0  0  0  0  0  0  0  0  0  0  0  0  0  0  0  0  0  0  0  0  0  0  0  0  0  0  0  0  0  0  0  0  0  0  0  0  0  0  0  0  0  
0  22855  0  12  0  2  0  1  2  3  0  0  0  0  0  0  3  6  16377  0  199  196  2158  0  12  855  0  0  0  0  0  1  1  319771  55107  118  409024  0  0  0  58  4  190587  8552  66  0  1  5416  2  30250  137  1  1  3  223  2  36  0  365100  75019  40826  0  0  0  5  3  0  65  0  0  0  854431  1346922  2  0  0  0  0  0  0  0  0  0  0  0  0  0  0  0  0  0  0  0  0  0  0  0  0  0  0  0  0  0  0  0  0  0  0  0  0  0  0  0  0  0  0  0  0  0  0  0  0  0  0  0  0  0  0  0  0  0  0  0  0  0  0  0  0  0  0  0  0  0  0  0  0  0  0  
15107  0  0  1  763  6482  1  0  0  2  0  157  109394  175241  106  179  2  435  0  0  0  0  4  18515  0  3  0  0  0  0  9  2283  0  1  0  0  0  0  0  8533  13  0  0  7  2  0  80639  5  76179  0  0  24679  346  8  1  0  0  0  0  0  0  11531  308  111521  1  269  1  44  3  391  0  0  33  0  0  0  0  0  0  0  0  0  1  0  0  0  0  0  0  0  0  0  0  0  0  0  0  0  0  0  0  0  0  0  0  1  0  0  0  0  0  0  0  0  1  0  0  0  0  0  0  0  0  0  1  0  0  0  0  0  0  0  0  0  0  0  0  0  0  12  0  0  0  0  0  0  0  0  
1012  0  0  816  3634  1875  8  1  4  5  0  222443  1275  232386  1711  61  6  176  6  0  0  0  0  141  0  19  1  0  9  0  1  106  0  0  0  0  0  0  4755  0  105  0  0  8  72  0  1377  0  194457  0  1  24848  5300  177  3  1  7  1  0  0  0  136  3  803  2  104  36  32078  62  12  0  0  1  0  0  0  0  0  0  1  0  0  0  0  0  0  0  0  0  0  0  0  0  0  0  0  0  0  0  0  0  0  0  0  0  1  0  0  0  0  0  0  0  0  0  0  0  0  0  0  0  0  0  0  0  0  0  0  0  0  0  0  0  0  0  0  0  0  0  16  0  0  0  0  0  0  0  0  
307  0  1  123908  2004  2037  744  927  2801  18944  0  262  0  135  1038  265  42164  62006  14471  29  1  79  3321  18  34  399177  128  12  135  150  8  4852  41903  11002  3  118478  0  4  43  3396  0  4  45  53313  7542  5  489  243804  191919  5  163  1985  1777  1621  135936  2918  1693  2171  32  18  488  0  132  62  5358  7362  43793  5943  690  138  307  0  91197  86005  1  0  0  8  4  3  8  4  139  9  0  2  0  2  0  1  2  26  15  0  13  3  21  3  3  273  17  0  0  0  53  93  0  0  0  68  2  0  0  0  872  1  12  6  32  23  3  149  40  0  9  14  2  5  0  111  3  1  0  4  21  0  7  0  4  587  82  13  4  0  35  0  43  0  
0  457450  0  28  1  3  0  2  0  0  74975  0  0  0  1  0  0  9  129634  124198  2  412529  0  0  2  1  0  0  0  1  0  0  0  0  0  0  0  0  0  0  2  0  0  164769  475  0  0  4  6  0  46675  0  0  16  16  0  708994  30898  1159  2  9206  0  0  0  11  0  0  88  1  0  0  0  4  0  0  0  0  0  0  0  0  0  0  0  298  0  0  0  0  0  0  0  0  1  0  45  0  0  0  0  0  0  0  0  0  0  0  0  0  0  0  0  0  0  0  56  0  5  0  0  0  0  0  0  0  0  0  0  0  0  0  0  0  0  0  0  0  0  0  0  0  0  0  0  0  0  0  0  
1  0  0  1  0  5  2  2  25  32  0  0  0  0  0  1  2396  4503  63  0  43  7  350434  2888  10  396  0  0  1  1  0  1513  1  156643  385391  0  131767  206624  0  0  949  0  0  446  4  0  25  72897  70  129908  8  0  0  3  173  3  20  0  9093  338  5728  0  12  494  106  43  2  15  0  10  0  129701  89110  7  0  0  0  0  0  0  0  0  5  0  0  0  0  1  0  1  0  0  0  0  1  0  0  0  0  7  0  0  1  0  0  7  0  0  0  2  0  0  0  0  20  0  0  0  2  0  0  0  1  0  2  0  0  1  0  5  0  0  0  1  3  0  0  0  0  15  2  0  0  0  1  0  0  0  
54  5892  2  6418  324  1373  1372  3409  5804  190159  787394  99  0  19  217  308  87  17515  18504  100864  9  836480  114061  4  723  17303  25  0  142  18487  0  2248  1  0  2  0  1  761  1  1096  82275  178673  41  0  22473  7  1842  3195  22588  211  27009  973  324  2707  29926  848  103214  333480  5249  541  163624  0  70  17  319101  12692  773  11572  2974  62  266  4  34561  77  0  1  0  1  0  0  5  0  32  6  5401  0  0  0  0  0  0  9  0  1  2  214  6  0  0  34  4  0  2  9  2  22  0  0  0  7  1  0  0  0  100  36  1  169  7  3  1  13  6  0  7  3  0  0  0  17  0  0  0  3  1  0  0  0  3  191  13  2  1  0  5  0  6  0  
98  3  196033  295349  434  6306  2069  56509  31383  167  0  4844  0  71  731  32838  3389  10320  2226  0  0  5  23  7  31  58256  44  659159  650622  53  3  1204  8  1  0  0  0  0  11  581  4839  1  1  1232  0  340484  1476  22329  70918  0  322  3220  526  6032  1507  1274  5448  211  97  122  282  1  118  14  1999  23643  436510  157141  215320  100  9046  0  2001  0  1  0  0  0  0  2  1  1  20  0  0  0  0  0  0  0  1  7  0  0  0  0  0  1  0  26  3  0  0  0  0  12  0  0  0  6  0  0  0  0  55  0  0  0  7  4  0  0  0  0  0  3  1  0  0  10  0  0  0  0  0  0  0  0  0  117  11  2  0  0  3  0  6  0  
0  0  232938  45  4  49  31  169483  126515  1  0  0  0  1  3  13274  6  36  25  0  0  0  2  0  0  31  10666  72372  1770  240536  0  10  0  0  0  0  0  0  0  4  73  0  0  20  211055  0  0  83  523  0  0  33  8  347  13  273  27  3  0  0  1  0  0  0  42  490  141307  10  413  0  104195  0  5  0  0  0  244  0  0  0  0  47  3548  0  0  0  0  0  0  453  0  0  0  0  0  0  0  0  0  0  0  0  0  726  0  0  0  0  0  0  0  0  0  0  0  0  0  0  0  4617  0  0  0  0  0  0  0  0  0  0  0  0  0  0  0  0  0  0  0  1  0  0  0  0  8125  0  1  0  
11508  0  0  50  1222  15796  8  2  11  14  0  1510  112513  3775  408  120  220  181731  9  0  6  1  200  182485  0  165  1  0  3  1  1525  47507  85  54  463  0  0  0  79517  430  438  0  163  303  74  0  0  2694  68129  1  1  4644  1235  720  41  5  5  4  0  0  1  765  13611  155877  55  571  225  377  239  2797  2  0  812  0  0  0  0  1  0  0  0  0  2  0  0  0  0  0  0  0  0  0  0  0  0  0  0  1  0  4  1  0  0  0  0  5  0  0  0  1  0  0  0  0  9  0  0  0  0  0  0  1  1  0  0  0  0  0  0  1  0  0  0  0  1  0  1  0  0  32  1  0  0  0  2  0  0  0  
11  0  0  853  20  257  40  15  511  5271  0  213  8  1  18  34  288160  177574  866  23  7  14  22418  5104  124  1936  33  2  114  71  17  15757  212802  28404  323429  8473  200  21215  4  60  175756  1  128493  3328  3234  7  26076  0  65669  1561  200  158  25  68  7092  690  474  120  2048  102  773  0  222  62  1914  3288  6562  254  215  118  53  12033  619142  70050  3  0  0  14  6  7  8  4  255  32  0  1  0  5  2  0  2  29  6  0  9  0  32  2  0  297  14  0  3  0  30  202  0  0  0  87  2  1  1  0  1221  0  4  2  40  19  4  138  58  0  3  33  1  10  0  155  5  0  1  2  27  0  3  0  3  1256  68  21  4  0  30  0  53  0  
47509  0  1741  399238  35299  41957  1648  1629  2028  12883  0  158176  4174  93155  14827  3517  113725  263677  50426  15  3  15  216  3904  87  6807  30  1  1557  60  163  47905  1736  8  38  5  0  0  70863  218136  199789  2  41  9430  106973  3  70466  25810  0  0  274  84010  35150  32650  5172  1215  22081  6075  29  47  130  1360  3456  14575  2875  15006  12142  164916  26752  4165  126  0  4924  77  1  0  0  2  0  16  6  1  56  3  0  0  0  0  0  0  0  6  1  0  1  0  13  0  0  83  6  0  0  0  7  106  0  0  0  17  0  0  0  0  198  0  1  1  10  4  0  13  9  0  2  6  1  0  0  32  0  0  0  0  3  0  2  0  1  945  28  3  3  0  13  0  21  0  
0  5  0  0  0  0  1  0  1  3  0  0  0  0  0  0  54  36  3  0  308465  3  226187  1  10  16  0  0  0  1  0  22  0  1  2391  0  446555  116845  0  0  58  0  217289  548  6  0  0  4121  1  0  10  0  0  0  62  1  3  0  68947  264869  74448  0  0  0  13  2  0  6  2  0  1  67091  125334  0  0  0  0  0  0  0  0  0  0  0  0  0  0  0  0  0  0  0  0  0  0  0  0  0  0  0  0  0  0  0  0  1  0  0  0  0  0  0  0  0  0  0  0  0  0  0  0  0  0  0  0  0  0  0  0  0  0  0  0  0  0  0  0  0  0  0  0  0  0  0  0  0  0  0  
0  254014  0  143  0  7  5  16  14  2  0  0  0  0  1  2  1  22  2675  0  51725  121013  7  0  27  26  0  0  1  1  0  2  0  0  0  0  0  44  0  0  34  19002  1  24079  685  0  3  5  72  0  0  2  0  36  268  2  14402  23  53078  2411  216208  0  0  0  35  35  9  259  50  0  2  0  356  0  0  0  0  0  0  0  0  0  0  0  0  0  0  0  0  0  0  0  0  0  0  78  1  0  0  0  0  0  0  0  0  0  0  0  0  0  0  0  0  0  0  1  0  3  0  0  0  0  0  0  2  0  0  0  0  0  0  0  0  0  0  0  0  0  0  0  0  0  0  0  0  0  0  0  
107993  1  1  286  40450  50999  771  762  93  57  0  244286  15  289151  703841  3247  40  3151  535  0  0  1  8  1583  20  1260  2  1  25234  4  5  1677  1  0  0  0  0  0  46753  76251  473  0  0  82  2747  0  4722  136  48634  0  77  0  215869  189585  887  83  1170  80  8  15  23  48781  126  2689  108  4103  2294  237015  5318  257  13  0  210  0  0  0  0  0  1  4  1  0  2  0  0  0  0  1  0  0  0  0  0  0  0  0  1  0  0  1  0  0  0  0  0  8  0  0  0  1  0  0  0  0  6  0  0  0  1  0  0  0  0  0  0  0  0  1  0  0  0  0  0  0  0  0  0  0  0  129  0  0  0  0  0  0  0  0  
124095  0  0  8  101593  23727  37  1  3  5  0  166  1  384  567949  57828  26  860  9  0  0  0  3  65  0  48  0  0  2  1  4  1335  0  0  0  0  0  0  75  3584  69  0  0  10  29  0  272  27  9976  0  1  377672  0  61673  17  5  2  2  0  1  0  14  60  124  21  1005  212  131  69  57  2  0  18  0  0  0  0  0  0  2  1  0  0  0  0  0  0  0  0  0  0  1  0  0  0  0  0  0  0  0  0  0  0  0  0  6  0  0  0  0  0  0  0  0  3  0  0  0  0  0  0  0  0  0  0  0  0  0  0  0  0  0  0  0  0  0  0  0  0  102  1  0  0  0  1  0  0  0  
768  1  12  4275  4337  83527  41708  102919  4416  5  0  94  0  28  648024  722773  43  2105  584  1  1  2  8  13  53  8756  36  3  3606  33  4  371  0  0  0  0  0  0  8  821  917  0  0  275  12169  9  753  334  41966  0  131  305132  72569  0  2863  265  827  111  9  22  55  0  48  29  1106  15626  15686  151934  258463  36  237  0  1056  0  0  0  0  0  5  7  1  0  0  0  0  0  0  0  0  0  0  2  0  0  0  0  0  0  0  1  0  0  0  0  0  10  0  0  0  0  0  0  0  0  4  0  0  0  0  0  1  0  1  0  0  0  1  0  0  1  0  0  0  0  0  0  0  1  0  112  0  0  0  0  0  0  4  0  
1  2  3  408  13  256  651  808  14499  179  0  0  0  2  21  25  59  3530  7799  31  1  184  753  0  194704  312480  1188  0  163  462  0  303  20  251  0  9550  0  13  0  29  96572  5  10  41625  1907  3  74  1869  4271  15  164  90  13  713  0  33594  7229  1486  175  24  1575  0  14  1  26720  3325  4413  8807  226  8  1562  0  312173  120  0  0  0  0  0  0  1  1  3  0  0  0  0  2  0  0  0  1  1  0  0  0  2  0  0  13  2  0  0  0  3  1  0  0  0  6  0  0  0  0  26  0  0  0  1  0  0  4  2  0  1  1  1  0  0  5  0  0  0  0  0  0  0  0  0  57  3  0  0  0  0  0  3  0  
3  1  0  79  4  238  434  342  38307  33  7  1  0  0  7  10  68  2414  9755  100632  0  3  10  2  518116  231281  860197  226  4459  18460  1  348  12  0  0  0  0  2  1  22  7093  0  0  11617  30296  84  66  2317  4005  0  145  224  15  720  97620  0  11288  109074  95  7  150  0  11  3  209641  9241  241181  9396  3149  8  245749  0  41471  3  0  0  0  0  0  1  1  0  2  0  0  0  0  0  0  0  0  3  0  0  0  0  1  0  0  10  1  0  0  1  0  5  0  0  0  3  0  0  0  0  13  0  0  0  1  3  1  0  0  0  0  0  1  0  0  4  0  0  0  0  0  0  0  0  0  28  4  0  0  0  2  0  2  0  
1  393870  1  214  3  24  14  8  69  8  1590  0  0  0  29  3  7  180  1354392  1408  3  180085  10  0  51420  42  3  0  13  0  0  16  0  0  0  0  0  11  0  0  732  599354  1  82896  5308  0  4  193  964  0  49632  70  3  311  332  4509  0  113833  167767  45  31320  0  0  0  23430  54  97  34153  34  1  6  0  125054  0  0  0  0  0  0  0  0  0  0  0  0  0  0  0  0  0  0  0  0  0  0  0  0  0  0  0  0  0  0  0  0  1  0  0  0  0  0  0  0  0  0  0  0  0  0  0  0  0  0  0  0  0  0  0  0  0  0  0  0  0  0  0  0  0  0  4  0  0  0  0  0  0  0  0  
0  5243  0  274  4  21  17  4  229  10  259401  0  0  0  10  4  6  195  595512  451116  0  25901  5  0  46204  350  14  0  4  17  0  19  0  0  0  0  0  1  0  0  234  52675  0  246186  6438  0  2  206  782  0  11283  31  5  152  1417  104065  183657  0  2320  1  3020  0  0  0  186348  176  236  4028  23  0  21  0  2569  0  0  0  0  0  0  0  0  0  0  0  4  0  0  0  0  0  0  0  0  0  0  0  0  0  0  0  0  0  0  0  0  0  0  0  0  0  0  0  0  0  0  0  0  0  0  0  0  0  0  0  0  0  0  0  0  0  0  0  0  0  0  0  0  0  0  3  0  0  0  0  0  0  0  0  
1  288400  0  873  1  31  27  23  11  11  0  0  0  2  14  3  6  66  238434  11  5322  11616  1385  0  216  117  0  0  0  1  0  9  0  0  2  0  103053  426352  0  0  383  376  234  35654  8532  0  7  251  213  878  143708  4  0  249  787  8  131912  262  0  227212  104710  0  0  0  183  152  49  3198  80  1  2  220  194490  0  0  0  0  0  0  0  0  0  0  0  0  0  0  0  0  0  0  0  0  0  0  0  0  0  0  0  0  0  0  0  0  0  0  0  0  0  0  0  0  0  0  0  0  0  1  0  0  0  0  0  0  0  0  0  0  0  0  0  0  0  0  0  0  0  0  0  0  0  0  0  0  0  0  0  
0  118656  0  182  0  10  7  9  6  1  0  0  0  0  2  0  1  31  114  0  401002  342  3800  0  26  35  0  0  1  0  0  4  0  0  148  0  485135  119376  0  0  46  8  644  18014  1133  0  1  167  47  257293  54009  2  0  36  856  2  140  2  225380  0  189650  0  0  0  17  38  10  384  38  1  1  154787  42389  0  0  0  0  0  0  0  0  0  0  0  0  0  0  0  0  0  0  0  0  0  0  0  0  0  0  0  0  0  0  0  0  0  0  0  0  0  0  0  0  0  0  0  0  0  0  0  0  0  0  0  0  0  0  0  0  0  0  0  0  0  0  0  0  0  0  0  0  0  0  0  0  0  0  0  
2  70119  0  821  2  66  42  96  230  87  4750  0  0  0  32  19  10  272  2116  253  491447  876596  295096  1  1089  215  0  0  1  10  0  36  0  0  64  0  1803  86319  0  3  609  22865  1519  195365  5079  0  11  336  570  60873  251934  16  2  395  14178  47  22093  6638  90214  177952  0  0  1  0  322  257  50  7228  177  2  16  658  66255  1  0  0  0  0  0  0  0  0  0  3  44  0  0  0  0  0  0  0  0  0  19  63  4  0  0  1  0  0  0  0  0  0  0  0  0  0  0  0  0  0  4  1  0  16  0  0  0  1  0  0  124  0  0  1  0  1  1  0  0  0  44  0  0  0  0  4  0  0  0  0  0  0  0  0  
96299  0  0  2  4  91  0  0  0  0  0  1  38680  39980  106651  0  0  4  1  0  0  0  0  174537  0  0  0  0  0  0  0  23  0  0  0  0  0  0  22560  56  0  0  0  0  0  0  166  0  225  0  0  74144  43  0  0  0  0  0  0  0  0  0  2  60628  0  9  0  5  0  1  0  0  0  0  0  0  0  0  0  0  0  0  0  0  0  0  0  0  0  0  0  0  0  0  0  0  0  0  0  0  0  0  0  0  0  0  0  0  0  0  0  0  0  0  0  0  0  0  0  0  0  0  0  0  0  0  0  0  0  0  0  0  0  0  0  0  0  0  0  1  0  0  0  0  0  0  0  0  
19  0  0  0  9  29012  0  1  13  17  0  0  275  51  0  0  12  10801  0  0  3  2  214  321395  0  136  0  0  1  2  262689  309109  0  0  1  0  0  0  1160  2  405  0  23  327  4  0  43150  150  308  0  1  6  1  0  22  0  1  0  0  0  4  14  0  91610  41  19  2  1  0  88771  0  0  881  0  0  0  0  0  0  0  0  0  10  0  0  0  0  0  1  0  0  1  0  0  1  0  0  7  0  6  0  0  0  0  53  10  0  0  0  6  0  0  0  0  17  0  0  0  0  0  0  0  1  0  4  0  0  0  0  4  0  1  0  0  0  0  8  0  0  13  1  0  1  0  0  0  0  0  
37219  0  0  5  3522  28029  1  0  1  2  0  246  44869  40402  216  1117  37  3594  4  0  0  1  31  724180  0  27  1  0  0  1  415  26144  0  3  33  0  0  0  188573  984  72  0  248  45  8  0  194012  42  13426  0  0  2977  715  21  6  0  3  1  0  0  1  91559  40592  0  4  1658  8  60  21  11966  0  0  240  0  0  0  0  0  0  2  0  2  4  0  0  0  0  0  0  0  0  0  0  0  0  0  1  0  0  1  0  0  0  0  0  13  0  0  0  0  0  0  0  0  10  0  0  0  0  0  0  0  1  0  0  0  0  0  0  1  0  0  0  0  1  0  0  0  0  115  0  0  0  0  1  0  0  0  
3  220  1  1201  18  524  2448  877  50813  5834  364456  9  0  4  28  16  148  6595  117062  589385  0  5278  92  1  5552  4585  313140  1  1020  729078  3  1242  10  0  1  0  0  9  0  101  7361  2589  3  331828  22653  10  337  3388  7359  0  5640  412  22  1114  26611  105686  121621  208479  2665  71  4071  0  27  8  0  26010  3739  6415  435  25  134995  0  28357  2  0  0  0  0  0  1  0  0  22  12  8046  0  0  0  0  0  0  2  0  176  0  8  1  1  0  23  7  0  1  441  0  6  0  0  0  6  0  0  0  0  50  0  1  0  4  5  0  0  1  0  0  3  0  0  0  13  1  0  1  0  0  0  0  0  23  106  9  1  0  0  3  0  8  0  
712  1  9  663  359  407178  211186  179919  316423  325081  6  45  1  38  239  7093  417  38609  2941  13  0  32  104  402  17  8228  243  13  1755  54120  12  104041  37  0  2  0  0  1  81  423  17023  2  79  20066  11656  23  981  9079  33201  1  110  2975  398  3885  8523  3701  765  305  18  2  24  1  170  1757  51350  0  6586  3089  4364  255  454  0  17764  528  1063  0  0  13  276  20179  1750  3219  4138  237  3  6  3  21  86  210  0  196  5  0  1  65  114  22  3  545  77  4  225  42  38  3628  0  0  0  94  1  0  38  0  1707  0  5  7  2964  192  69  40  80  0  7  108  199  111  0  905  0  2  4  1  10  102  56  33  11  399084  741  12  99  85  2160  0  542  0  
12  0  54632  53305  49  2202  2797  478  26049  39  0  2  0  4  105  1503  433  4611  1365  16  0  3  1  2  111  753888  307641  413057  6748  34499  1  572  11  0  0  1  0  0  2  19  41889  1  0  4820  267647  144394  22  5770  10023  0  41  216  88  3039  17497  288559  288  1242  3  10  25  0  22  4  8356  34781  0  6790  18843  16  101364  0  470  0  0  0  0  0  0  0  0  0  11  1  0  0  0  0  0  0  0  4  0  0  0  0  1  0  0  12  1  0  1  0  0  2  0  0  0  6  0  0  0  0  25  0  1  0  2  1  0  0  0  0  0  1  0  0  0  5  0  0  0  0  0  0  1  0  0  58  4  0  0  0  2  0  2  0  
634  1  1  114073  2010  6525  1224  88  859  16  0  194635  0  691  210531  477  21  4285  2043  6  0  2  9  36  143  8045  20  0  368604  13  2  832  0  0  0  0  0  0  284  11087  994  0  0  206  313786  15  6670  71  128032  0  387  317696  1903  117050  5441  419  4889  285  55  54  146  13  89  94  311  3684  13049  0  104830  86  520  0  1413  0  0  0  0  0  0  7  0  0  1  0  0  0  0  0  0  0  0  1  0  0  0  0  0  0  0  1  0  0  0  0  0  5  0  0  0  1  0  0  0  0  2  0  0  0  1  0  0  0  1  0  0  0  0  0  0  2  0  0  0  0  0  0  0  0  0  194  0  0  0  0  0  0  2  0  
95  0  42907  8223  617  10430  11128  130677  11969  13  0  108  0  54  56800  144545  285  2598  1288  0  0  0  6  3  5  5739  25  48  420991  8  0  391  2  0  0  0  0  0  5  960  1212  0  0  216  196320  555  224  3152  15395  0  19  10484  879  314322  376  396  1902  129  1  4  10  0  18  7  309  21251  41056  95536  0  26  8418  0  272  0  0  0  0  0  0  2  0  0  6  0  0  0  0  0  0  0  0  2  1  0  0  0  0  0  0  12  0  0  0  0  0  3  0  0  0  3  0  0  0  0  15  0  0  0  0  0  0  0  2  0  0  0  0  0  0  4  0  0  0  0  0  0  0  0  0  53  1  0  0  0  0  0  3  0  
70653  0  0  0  72261  367801  0  1  3  14  0  2  0  39  4  128433  4  2190  0  0  2  3  100  143722  0  59  0  0  0  0  305438  198224  1  0  0  0  0  0  112  16  202  0  2  125  4  0  1945  68  452  0  0  63  5  0  10  2  1  0  0  0  0  5  83142  25361  18  65  1  4  3  0  0  0  578  0  0  0  0  0  0  2010  0  0  7  0  0  0  0  0  0  965  0  0  0  0  0  0  1  23  0  2  0  0  0  0  4123  587  0  0  0  1  0  0  0  0  11  0  0  0  1  0  1  0  0  0  1  0  0  0  0  1  0  0  0  0  0  0  12  0  0  51  1  0  0  1613  1  0  1  0  
1  0  5  35  2  84  70  109  323372  19  3  0  0  1  2  8  25  986  2309  969  1  0  0  1  52  2091  49627  64  761  371706  0  113  1  0  0  0  0  0  0  1  3056  0  1  629  5071  109648  8  1843  1136  0  16  38  2  380  1462  191332  1346  165  8  2  21  0  4  1  79599  6651  87010  189  922  4  0  0  281  0  0  0  0  0  0  0  0  2  3983  20  41  0  0  0  0  0  0  0  0  4  0  0  0  0  0  6  0  0  0  20966  0  1  0  0  0  2  0  0  0  0  16  0  0  0  0  27  0  0  0  0  0  0  0  0  0  1  0  0  0  0  1  0  1  0  0  39  0  0  0  0  146626  0  1  0  
0  0  0  0  0  0  0  0  0  0  0  0  0  0  0  0  1  2  0  0  9  1  792  0  1  3  0  0  0  0  0  1  0  352  45139  0  1002570  822770  0  0  6  0  76448  86  0  0  0  2805  0  92294  0  0  0  0  10  0  0  0  27062  153397  6339  0  0  0  2  0  0  5  0  0  0  0  120825  0  0  0  0  0  0  0  0  0  0  0  0  0  0  0  0  0  0  0  0  0  0  0  0  0  0  0  0  0  0  0  0  0  0  0  0  0  0  0  0  0  0  0  0  0  0  0  0  0  0  0  0  0  0  0  0  0  0  0  0  0  0  0  0  0  0  0  0  0  0  0  0  0  0  0  
18  82  0  1491  22  378  379  250  1496  1169  9  3  0  3  209  40  1306  33390  330825  1285  135  715  52551  35  834102  42036  2  0  42  171  4  12148  30265  478858  153773  21663  4533  1519138  1  41  47316  35  162159  94658  18012  0  175  635210  6075  60507  12825  90  25  3261  450553  59987  105184  2664  156689  30141  120518  1  231  57  42484  1612  173  76974  260  111  73  96156  0  16732  0  0  0  2  2  1  1  4  74  5  0  0  0  3  0  0  1  6  4  0  7  1  15  1  1  97  3  0  1  0  19  74  0  0  0  26  0  0  0  0  328  0  3  3  13  13  2  54  15  0  7  3  0  3  0  28  1  0  0  2  8  0  2  0  0  280  24  4  1  0  6  0  21  0  
0  0  0  169  1  4  0  0  7  782  0  0  0  0  2  0  27  1954  6  0  0  0  19  0  0  478  0  0  0  4  0  58  289302  66959  45  147632  0  3  0  2  69369  0  2  353  53  0  2  114801  1296  0  2  14  1  0  636  9  14  1  1  0  2  0  1  1  21  246  3  22  1  1  1  0  33599  0  0  0  0  0  0  0  1  0  9  0  0  0  0  0  0  0  0  4  0  0  0  0  3  0  0  14  0  0  0  0  1  2  0  0  0  5  0  0  0  0  61  0  2  2  2  2  0  8  1  0  0  0  0  0  0  2  0  0  0  0  0  0  0  0  0  50  1  0  0  0  0  0  3  0  
0  0  0  0  0  44  0  0  0  0  0  0  0  0  0  0  0  0  0  0  0  0  0  0  0  0  0  0  0  0  232  1  0  0  0  0  0  0  0  0  0  0  0  0  0  0  0  0  0  0  0  0  0  0  0  0  0  0  0  0  0  0  0  0  0  7  0  0  0  84  0  0  0  0  0  0  0  20  170166  46365  112  7  158  4  0  89  3639  4995  41431  58432  1  72  0  0  0  0  13  366624  0  27  10  0  8  0  86137  7983  0  0  0  7  0  0  63766  0  171  0  0  0  195  6  5099  0  6291  0  0  27108  245620  88  0  626  1  1  0  0  2  246214  4124  14626  12  4716  26  41  15  73229  79  0  35  0  
0  0  0  0  0  0  0  0  0  0  0  0  0  0  0  0  0  0  0  0  0  1  0  0  0  0  0  0  0  0  0  0  0  0  0  0  0  0  0  0  0  0  0  1  0  0  0  1  0  0  1  0  0  0  0  0  0  0  0  0  0  0  0  0  0  0  0  0  0  0  0  0  0  0  0  0  0  5  0  1  0  0  4  0  0  0  0  0  0  1  0  0  547693  0  290884  8  11  0  1  9  1  0  1  0  0  0  0  0  0  2  1665  5442  0  0  11  199901  1  11  1  1  0  0  14  0  288475  0  1  1  0  4  10942  0  161773  149787  5980  0  0  0  1  1  1  1  0  0  2  549  301  0  
0  0  1387  0  0  0  0  747  26  0  0  0  0  0  0  699  0  0  0  0  0  0  0  0  0  0  0  0  0  2  0  0  0  0  0  0  0  0  0  0  0  0  0  0  0  318  0  0  0  0  0  0  0  0  0  0  0  0  0  0  0  0  0  0  0  0  0  0  0  0  0  0  0  0  0  0  0  0  0  0  349  15151  96  0  0  0  0  0  0  392746  0  0  0  0  0  0  0  0  0  4  85990  109123  227816  50960  0  0  0  0  0  0  0  0  0  0  9  0  0  0  341661  352443  0  0  0  0  0  0  0  6  0  6  0  0  0  0  0  0  0  0  0  2  105629  0  315  0  64  0  0  0  
0  0  0  0  0  0  0  0  0  1  0  0  0  0  0  0  0  0  0  0  0  0  0  0  0  0  0  0  0  1  0  1  0  0  0  0  0  0  0  0  0  0  0  0  0  0  0  0  1  0  0  0  0  0  0  0  0  0  0  0  0  0  0  0  0  6  0  0  0  0  0  0  0  0  29  0  1  0  36  176  542  78  2896  106  0  327090  0  81  91  35  513  1379  112  0  1  0  21  8  1  431284  251  101056  108558  0  3  19  17633  578  151  4271  0  0  61  66  97555  0  0  31  91782  404  447  658  449508  0  3  510  102  222  597  11332  55  13  4  0  4  3  6  3  232  1948  1985  109455  1072  0  2395  0  221  10  
0  0  0  0  0  9  0  1  0  0  0  0  0  0  0  8  0  0  0  0  0  0  0  0  0  0  0  0  0  0  0  0  0  0  0  0  0  0  0  0  0  0  0  0  0  0  0  0  2  0  0  0  0  0  0  0  0  0  0  0  0  0  0  0  0  135  0  0  0  0  0  0  0  0  120436  0  0  32  0  254123  1229  199  2046  10  0  454  0  2440  82078  428283  2  117  26  0  0  0  37  99  0  326  456  2  37  0  29  5554  0  0  0  111  0  0  2756  0  661  0  1  39  201  222  6251  2  9304  0  1  11464  511321  2458  1  11451  19  10  1  0  2  11544  216  1476  109  5765  2074  88  283  31941  867  0  94  0  
1  0  0  0  30  10827  269  36  1  0  0  0  0  0  0  2449  3  18  0  0  0  0  6  3  0  0  0  0  0  0  83  1041  0  0  0  0  0  0  0  0  2  0  0  1  0  0  5  0  23  0  0  3  1  2  0  0  0  0  0  0  0  0  0  3  1  16604  1  2  2  752  0  0  1  0  37950  0  0  28  492226  0  302238  10568  2875  15  0  2544  2  2830  99586  684034  8  662  29  0  2  2  214  149093  1  232  134  1  33  0  5577  198343  0  0  0  57  0  0  1001  0  841  0  3  10  731  2520  3761  24  5243  0  14  16187  59218  89304  2  4179  10  4  11  2  20  683  73141  50765  44  542901  508  137  1130  196254  596  0  807  0  
0  0  0  0  0  464  5202  162  0  1  0  0  0  0  0  3373  0  0  0  0  0  0  0  0  0  0  0  0  0  1  0  2  0  0  0  0  0  0  0  0  0  0  0  1  0  0  0  0  1  0  0  1  0  0  0  0  0  0  0  0  0  0  0  0  0  584  0  0  0  1  0  0  2  0  54  0  2  179  505  377229  0  325685  35773  9  0  291  0  149  11930  429988  5  327  23  0  0  0  139  13  2  1148  142  9  657  2  1  260  0  0  1  77  0  0  12  0  813  0  1  8  1289  7764  484  9  1178  0  7  10462  2811  328170  5  16279  14  5  7  0  11  30  50  24  188  224117  507  1406  8965  1  24737  0  519  0  
0  0  8  0  0  49  2380  35052  7384  2  0  0  0  0  0  12079  0  7  1  0  0  0  0  0  0  0  0  0  0  30  0  0  0  0  0  0  0  0  0  0  9  0  0  0  3  78  0  1  6  0  0  1  0  1  3  1  0  0  0  0  0  0  0  0  0  3533  2  0  0  0  9  0  11  0  3  0  1777  43  18  4182  281121  0  121977  13  0  6  0  5  67  442105  18  1893  38  0  1  1  920  30  2  370  77  3  145855  47  0  27  0  0  1  44  1  1  1  0  3033  0  8  4  60075  190464  88  50  563  0  16  49  87  26126  0  4432  18  0  14  3  22  3  221  8  316  225022  299  50  370334  0  4391  0  1972  0  
0  0  55  0  0  0  21  462  65273  133  0  0  0  0  0  92  0  12  0  0  0  1  0  0  0  0  0  0  0  21003  0  3  0  0  0  0  0  0  0  0  2  0  0  18  0  2309  0  7  6  0  0  0  0  0  7  0  0  0  0  0  0  0  0  0  6  2045  0  0  0  0  9236  0  0  0  7  0  223  538  22  69  53751  87102  0  65384  0  33  0  27  141  742  5  306  552  0  3  6  171  9  26  8418  1063  8  109  22436  1  6  0  0  0  2555  30  12  7  0  13309  0  4  15066  672  124351  57  55  1682  1  22  93  168  803  0  2734  455  50  32  50  389  2  17  2  6682  278540  4070  385  447  0  205031  0  677  0  
0  0  0  0  0  0  0  0  1231  191  0  1  0  0  0  0  0  9  1  0  0  54  0  0  0  0  0  0  0  5564  0  3  0  0  0  0  0  0  0  1  8  0  0  28  0  0  0  21  3  0  0  0  0  0  5  0  2  0  0  0  0  0  0  0  9  244  0  0  0  0  173  0  14  0  7  0  2  738  22  17  109  21  98987  0  3  35  0  33  12  3  17  153  364  0  12  4810  20086  5  32  15949  271  6  50  43578  7  25  0  1  1  2418  254  33  7  0  16456  2  30  98278  337  494  100  625  1963  2  80  53  73  109  1  1359  96  9  82  488  4402  1  10  4  1547  85809  1181  140  91  0  25329  2  476  0  
0  0  0  0  0  0  0  0  0  9  70539  0  0  0  0  0  0  0  0  12971  0  14514  0  0  0  0  15  0  0  28816  0  0  0  0  0  0  0  0  0  0  0  108  0  4207  0  0  0  0  0  0  0  0  0  0  0  0  0  3  0  0  69  0  0  0  2546  8  0  0  0  0  5  0  0  0  0  0  0  0  0  0  0  0  0  36  0  0  0  0  0  0  0  1  669  470457  0  84805  0  0  0  0  18  0  0  31187  0  0  0  0  0  0  0  0  0  0  6  136607  0  569483  0  0  0  1  0  0  1  0  0  0  0  2  248  138257  0  0  1  0  0  0  254125  1  0  0  0  0  2  0  0  0  
0  0  0  0  0  0  1  0  0  0  0  0  0  0  0  0  0  0  0  0  0  0  0  0  0  0  0  0  0  0  0  0  0  0  0  0  0  0  0  0  0  0  0  0  0  0  0  0  0  0  0  0  0  0  0  0  0  0  0  0  0  0  0  0  0  27  0  0  0  0  0  0  0  0  39  0  0  418766  586  1603  369  2  209  6  0  0  604  146387  1384  7  1790  25468  8  0  0  0  9  1437  0  2042  23  27  3930  0  0  113  9802  838  4028  22  0  0  7050  133571  90  0  0  4  465  15  1742  683  319055  0  0  95498  516  78  6  718  5  5  0  0  0  9  7  6  16  2637  51  255773  23  0  97  0  41  6  
0  0  0  0  0  0  0  0  0  0  0  0  0  0  0  0  0  0  0  0  0  0  0  0  0  0  0  0  0  0  0  0  0  0  0  0  0  0  0  0  0  0  0  0  0  0  0  0  0  0  0  0  0  0  0  0  0  0  0  0  0  0  0  0  0  0  0  0  0  0  0  0  0  0  2940  0  0  0  13  153  2  0  3  0  0  547  0  54844  3225  0  0  72  0  0  0  0  0  150009  0  1  0  0  0  0  10  78  0  16  12  0  0  0  145261  7  33  0  0  0  24  0  138240  0  82  0  0  48  9  1  0  14  0  0  0  0  0  122159  3775  59513  1  11  3  1  1  0  1  0  0  0  
0  0  0  0  0  0  0  0  0  0  0  0  0  0  0  0  0  1  0  0  0  0  0  0  0  0  0  0  0  0  0  0  0  0  0  0  0  0  0  0  0  0  0  0  0  0  0  0  1  0  0  0  0  0  0  0  0  0  0  0  0  0  0  0  0  28  0  0  0  0  0  0  0  0  7625  0  0  57  6532  5699  287  8  256  3  0  250499  53755  0  31076  22  0  404  3  0  1  0  6  2779  0  66  42  0  11  0  6  354  0  0  0  17  0  0  266949  85487  95  0  0  2  62  34  30643  0  165849  0  0  336246  4173  202  1  1228  2  1  0  0  0  47752  62  45  21  4074  122  1824  25  3  164  0  37  0  
0  0  0  0  0  5  3  0  0  0  0  0  0  0  0  0  1  0  0  0  0  0  0  0  0  0  0  0  0  0  0  0  0  0  0  0  0  0  0  0  0  0  0  0  0  0  0  0  1  0  0  1  0  0  0  0  0  0  0  0  0  0  0  0  0  78  0  0  0  0  0  0  0  0  48668  0  0  73  66718  84554  3942  88  826  6  0  1360  16162  66806  0  80416  0  195  12  0  0  0  25  74493  1  245  86  0  155103  0  0  233  0  0  0  96  0  0  15  0  378  0  0  9  6208  48  295  1  1249  0  1  1252431  1638979  534300  22  6140  6  5  1  1  3  133107  15  24  100  3965  775  184766  198486  0  567  0  137  0  
0  0  300  0  20  3856  278  19054  62  0  0  0  0  0  0  22514  0  1  0  0  0  0  0  0  0  0  0  0  0  0  1223  457  0  0  0  0  0  0  0  0  0  0  0  0  0  268  0  0  1  0  0  0  0  0  0  0  0  0  0  0  0  0  0  0  0  45  0  0  0  1682  0  0  0  0  69116  0  282455  52  561832  790999  591204  460318  849  1  0  18  0  37  113697  0  0  39  4  0  0  0  14  12651  1  248  46  269  279734  258  54029  473  0  0  0  20  0  0  8  0  187  0  0  5  72026  52274  33  3  368  0  1  242  71686  791950  1  2304  5  0  0  0  1  16  1654  1844  87  1642  265  216  206589  282800  784  0  50  0  
0  0  0  0  0  0  0  0  2  14  0  0  0  0  0  0  0  7  0  0  0  0  0  0  0  0  0  0  0  1  0  4  0  0  0  0  0  0  0  0  4  0  0  6  0  0  0  17  5  0  0  0  0  1  2  0  0  0  0  0  0  0  0  0  5  18  1  0  1  0  0  0  10  0  5  0  0  597  3  5  30  13  588  170  0  2917  0  2  1  7  0  355275  15  0  3  0  138187  8112  2  2235  60  2  153  0  26  79  22059  33  121892  237  1  17  1  0  58896  0  30895  29  6955  86  4997  231724  56044  22  11  8  5  22  0  2587  9  1  5  10  53  2  209  52  61  1013  296  9  142  0  660  6  579  3  
0  0  0  0  0  1  0  0  0  28  0  0  0  0  0  0  1  16  1  0  0  0  2  0  0  1  0  0  0  3  0  7  0  0  0  0  0  1  0  0  5  0  0  5  2  0  0  30  12  0  0  0  0  1  1  1  1  0  1  0  0  0  0  0  4  26  0  0  0  0  0  0  15  0  168  0  0  1873  442  1313  1403  29  2151  164  0  18357  8  624  1092  8  260719  0  24  0  2  2  147039  151874  5  1486  157  2  124  0  214  871  3463  37  27061  252  4  12  13  362  13269  0  13029  39  6153  324  178932  8830  199870  10  17  729  562  219  2  10918  22  2  8  8  87  27  5847  1748  226  2268  524  29  441  1  1424  4  822  2  
0  0  0  0  0  0  1  0  0  0  0  0  0  0  0  0  0  0  0  0  0  0  0  0  0  0  0  0  0  0  0  0  0  0  0  0  0  0  0  0  1  0  0  0  0  0  0  0  0  0  0  0  0  0  0  0  0  0  0  0  0  0  0  0  0  30  0  0  0  0  0  0  1  0  15  546083  1  1651  75  150  659  132  406  10  1039  164  0  108  235  50  6  191  0  72460  2435  24845  39  7  138354  2788  192  56  180  10  2  21  0  0  0  39  89  25182  22  0  1087  276522  5  121321  3396  62  340  91  7217  0  157035  588  1043  1303  1  117636  1318243  736911  149748  399  89242  15  7  5  8969  649  115  9111  226  0  436  16199  332821  0  
0  0  0  0  0  0  0  0  0  0  291  0  0  0  0  0  0  0  0  40  0  0  0  0  0  0  41  0  0  754  0  0  0  0  0  0  0  0  0  0  0  0  0  0  0  0  0  0  0  0  0  0  0  0  0  0  0  0  0  0  0  0  0  0  111  0  0  0  0  0  3  0  0  0  0  1  0  0  0  0  0  0  1  0  446754  0  0  0  0  0  0  0  86554  0  1  28  0  0  4646  0  134457  0  0  33279  0  0  0  0  0  0  0  0  0  0  4  180920  0  209130  0  0  0  0  0  0  47  0  0  0  0  157224  21516  395891  0  0  118  0  0  0  163383  0  0  0  0  0  127  0  1  0  
0  2  0  0  0  0  0  0  2  57  0  0  0  0  0  0  0  23  0  0  4  59  8  0  0  12  0  0  0  2  0  11  0  0  0  0  0  0  0  3  124  0  0  19  3  0  0  48  26  0  8  1  1  0  25  0  4  0  0  0  3  0  2  0  2  37  0  1  0  0  0  0  74  1  0  290206  0  69  2  2  8  0  149  26  0  0  0  0  1  0  3  45  2803  0  0  6388  165241  13  21  363  11  0  6  0  310  1065  0  0  31  78  96104  1114  0  0  828  14338  1644  32  8  21  7  251  168  363089  195007  4  2  5  0  190  70  0  108018  692252  769256  0  49  0  3  160  39  16  6  0  40  482  23931  6  
0  18  0  0  0  1  0  0  6  338  2974  0  0  0  0  0  0  9  1  1  3  18367  6  0  0  3  0  0  0  1136  0  5  0  0  0  0  0  0  0  1  38  53  0  385  0  0  0  10  4  0  10  1  0  0  11  0  1  0  0  0  34  0  1  0  17  359  0  0  0  1  1  0  23  0  0  27  0  17  1  2  6  1  88  4223  45971  1  0  0  1  0  1  21  28425  211  8606  0  72872  10  2  278  6  0  0  11721  100  438  0  0  0  47  0  0  0  0  446  368998  13  819727  9  13  3  71  35  0  57569  3  6  12  0  87  42294  207  325  10  642743  0  22  0  884  131  25  20  2  0  29  1  285  0  
0  0  0  0  1  0  0  0  1  69  0  0  0  0  0  0  0  34  1  0  1  3  9  0  0  5  0  0  0  7  0  14  0  0  0  0  0  0  0  1  66  0  0  20  1  0  0  52  13  0  0  1  0  1  19  0  2  0  1  0  1  0  0  0  8  50  1  0  0  0  1  0  41  1  3  0  2  430  20  22  69  5  3079  15621  0  44  0  8  14  3  78776  161940  237  0  155241  43430  0  33457  106  9210  211  1  34  4  273  1553  1  14  212641  1777  5671  180  3  0  12610  1  463553  78990  225  578  642  14398  1106  230165  380  32  55  102  2  2793  220  7  272  5917  535227  0  2356  63  379  1767  766  58  64  0  1684  22  28399  51  
0  0  0  0  0  4  0  0  0  4  0  0  0  0  0  0  2  7  0  0  0  0  12  28  0  0  0  0  0  0  1406  5  0  0  0  0  0  0  0  0  6  0  0  1  1  0  0  4  6  0  0  1  0  1  1  0  1  0  0  0  0  0  3  0  1  6  0  0  1  71  0  0  7  0  350593  0  0  12  784  69435  91  7  179  4  0  1486  272047  4561  86862  10368  6337  186210  8  0  6  11  66593  0  0  97  11  0  6  1  219395  22334  18  1810  2922  31  1  0  135417  1  3270  0  4937  7  544  19  424209  568  897  0  8  309  88  23  0  783  0  1  5  1  10  238588  579108  1052496  10  639  58  4  20  66583  92  0  322  0  
0  0  0  0  0  0  0  0  0  1  0  0  0  0  0  0  0  0  0  0  0  0  0  0  0  0  0  0  0  19  0  1  0  0  0  0  0  0  0  0  0  0  0  0  0  0  0  1  0  0  0  0  0  0  0  0  0  0  0  0  0  0  0  0  0  0  0  0  0  1  0  0  0  0  0  0  0  143  27  27  33  4  264  7  0  9  0  6  20  4  3  11  130163  540  656  5  45  0  0  444088  71119  5  9  21  0  4  1  48430  0  143378  386  1103  1  0  6618  0  14  3024  140  10  15  84  530  0  3526  31  67  87  144675  647651  128  9838  2135  1045  6728  0  2  0  125  43  705  236  12  0  125  37  877962  2  
0  0  0  0  0  1  0  0  3  3  0  0  0  0  0  0  0  4  0  0  0  0  0  0  0  1  0  0  1  5  0  1  0  0  0  0  0  0  0  0  4  0  0  3  1  0  0  1  2  0  0  1  0  0  0  0  1  0  0  0  0  0  0  0  1  135  0  0  0  0  1  0  2  0  146  0  8  277437  171  659  1927  353  7964  869  0  1041  0  1106  635  132  1236  1648  434  0  9  3  287  61  282427  0  20493  181315  773  10  2  100  72208  20318  2  553033  64  1050  222  0  435615  0  7  268  139385  1491  3814  482  34955  1  38  1816  812  3972  170553  184567  238  50  69  204  462  20  63  53  309  20924  472276  7011  2050  0  5141  13  34062  1491  
0  0  0  0  0  0  0  0  0  0  1  0  0  0  0  0  0  0  0  1  0  0  0  0  0  0  24  0  0  678  0  0  0  0  0  0  0  0  0  0  1  0  0  0  0  0  0  0  0  0  0  0  0  0  0  0  0  0  0  0  0  0  0  0  1  3  0  0  0  0  0  0  0  0  0  1  118851  17  195  93  283  38  654  7  23  7  0  3  25  20  4  33  79  144383  0  0  7  1  29237  61358  0  1963  348  651763  0  2  0  0  0  393  1  0  2  0  3390  0  1  20  512  77469  25  20  83  0  3  47  108  229  8453  837097  8  682  1  1  7  0  2  1  57338  1456  582716  27  709  0  104706  0  58  0  
0  0  0  0  0  0  0  0  0  0  0  0  0  0  0  0  0  0  0  0  0  0  0  0  0  0  0  0  0  0  0  0  0  0  0  0  0  0  0  0  0  0  0  0  0  0  0  1  0  0  0  0  0  0  0  0  0  0  0  0  0  0  0  0  0  6  0  0  0  0  0  0  1  0  2  0  115786  115967  6  10  33  8  65  1  0  26  0  12  19  2974  0  37  1  0  0  0  6  2  0  229873  1802  0  50077  0  0  2  0  0  0  15  0  0  1  0  69  0  0  0  949183  6908  94  0  1878  0  0  50  78  59  4  192  0  0  0  0  0  0  2  1  3  222  515221  425  25  0  39  0  19  0  
0  0  0  0  0  0  0  3  0  0  0  0  0  0  0  8  0  1  0  0  0  0  0  0  0  0  0  0  0  0  0  0  0  0  0  0  0  0  0  0  1  0  0  0  0  0  0  1  1  0  0  0  0  0  0  0  0  0  0  0  0  0  0  0  0  17  0  0  0  0  0  0  0  0  3  0  154346  137413  21  78  911  73876  1303  5  0  10235  0  14  141104  241393  7  134  10  0  3  0  46  6  1  199  120  72553  0  3  0  13  1  0  0  43  0  0  2  0  833  0  0  2  1067948  8237  246  5  3298  0  2  5168  53  2756  2  4145  6  3  6  2  5  1  32  3  183  526  1499  396522  575095  0  565  0  394  0  
0  0  421  0  0  0  0  26  7760  63  163  0  0  0  0  27  0  1  0  101  0  41  0  0  0  0  1220  0  0  182750  0  0  0  0  0  0  0  0  0  0  1  0  0  24  0  1088  0  0  0  0  0  0  0  0  0  0  0  0  0  0  0  0  0  0  154  62  0  0  0  0  12670  0  0  0  0  0  54285  0  1  1  2  894  30732  46598  40829  0  0  0  0  452  0  1  7  44015  0  18347  0  0  5  8  587852  0  0  0  0  0  0  0  0  3  0  0  0  0  38  0  0  28576  4  320402  0  6  4  0  0  0  0  1  0  115625  1  184  0  0  1  0  0  0  519181  43  740  0  4  0  417620  0  1  0  
0  0  0  0  0  1442  0  0  0  11  0  0  0  0  0  10  0  12  0  0  0  0  2  113  0  1  0  0  0  0  21202  444  0  0  0  0  0  0  0  0  15  0  0  8  0  0  0  17  11  0  1  4  0  0  0  0  2  0  0  0  0  0  31  0  0  58  0  0  0  5455  0  0  23  0  52836  0  0  7  175  17706  14  3  139  3  0  2  0  8  7  39294  81  2753  4  0  5  4  4868  206716  1  106  16  0  12  0  0  154454  0  0  6  19  0  0  58  0  926  0  5  5  994  24  502  136  147  0  3  106  13  8  0  663  2  1  5  0  7  111  346413  1024  10  260  55  1  27  208722  87  0  202  0  
6  0  0  1  2  551  4  2  4  12  0  0  0  0  1  46  16  154  6  0  0  0  50  16  0  9  0  0  1  1  246  52694  0  0  0  0  0  0  3  0  32  0  0  29  3  0  30  37  176  0  0  4  0  0  7  0  7  0  0  0  0  0  15  37  1  742  1  2  7  244  1  0  76  0  4229  0  0  61  829  125849  85  23  502  24  0  10  2  46  80  312  31  2407  26  0  29  39  1962  7663  5  409  31  0  29  0  134214  0  0  0  6  66  2  0  198  0  1856  0  28  15  1898  58  1526  545  357  0  42  367  97  37  1  1646  11  2  32  3  69  443  188141  4784  34  71701  173  11  67  35310  243  0  3464  0  
0  0  0  0  0  0  0  0  0  0  0  0  0  0  0  0  0  0  0  0  0  0  0  0  0  0  0  0  0  0  0  0  0  0  0  0  0  0  0  0  0  0  0  0  0  0  0  0  0  0  0  0  0  0  0  0  0  0  0  0  0  0  0  0  0  0  0  0  0  0  0  0  0  0  0  0  0  12496  0  0  0  0  0  0  0  7161  0  0  0  0  22984  1356  0  0  0  0  0  4  2  48890  0  0  0  0  0  0  0  106171  130610  198929  0  0  0  0  185115  0  0  0  0  0  1  207798  3007  0  0  0  0  0  0  0  0  0  0  0  0  0  0  0  0  0  0  0  0  0  0  0  3  182213  
0  0  0  0  0  0  0  0  0  0  0  0  0  0  0  0  0  0  0  0  0  0  0  0  0  0  0  0  0  0  0  0  0  0  0  0  0  0  0  0  0  0  0  0  0  0  0  0  0  0  0  0  0  0  0  0  0  0  0  0  0  0  0  0  0  0  0  0  0  0  0  0  0  0  0  0  0  1179  0  0  0  0  8  0  0  2163  221  1  0  0  17  13  0  0  0  0  75  3033  45614  23113  0  0  0  0  0  0  92296  0  746863  317870  12  85119  1  0  28087  0  180404  5  0  1  17  54271  13  35  0  0  0  1  0  7  0  0  7  18  197  0  0  212  0  1  1  1  1  0  3  121  791081  153478  
0  0  0  0  0  0  0  0  1  11  0  0  0  0  0  0  0  1  0  0  0  0  0  0  0  0  0  0  0  1  0  0  0  0  0  0  0  0  0  0  4  0  0  3  0  0  0  18  1  0  0  0  0  0  4  0  1  0  0  0  0  0  0  0  2  15  1  0  0  0  0  0  5  0  0  0  0  176  1  1  4  0  142  39  0  3460  105  2  0  0  87639  30498  17  0  35  1  171685  4533  5  323  6  0  2  0  9  70  137245  544976  0  67  225  44323  0  0  791  0  275504  12  19  15  1095  387307  268  13707  12  0  1  3  0  293  3  0  15  694  459  0  4  245  0  178  30  7  2  0  40  10780  91675  70850  
0  0  0  0  0  0  0  0  0  0  0  0  0  0  0  0  0  1  0  0  0  0  1  0  0  0  0  0  0  0  0  0  0  0  0  0  0  0  0  0  0  0  0  0  0  0  0  1  0  0  0  0  0  0  0  0  0  0  0  0  0  0  0  0  0  5  0  0  0  0  0  0  0  0  6  0  1  3470  36  285  435  12  585  40  0  60  0  7  314  55  28  42  285  0  161  23  347  2  63074  427437  38  6  38  1  0  7  126153  360745  3  0  672  187  4  0  365797  0  577  1995  725  64  58  2375  1452  49  45  374  453  2338  81304  15175  253  36  494  1942  3494  5  1  1  43  715  5697  633  441  0  242  201  157227  148607  
0  0  0  0  0  0  0  0  0  0  0  0  0  0  0  0  0  0  0  0  0  0  0  0  0  0  0  0  0  0  0  0  0  0  0  0  0  0  0  0  0  0  0  0  0  0  0  0  0  0  0  0  0  0  0  0  0  0  0  0  0  0  0  0  0  0  0  0  0  0  0  0  0  0  0  8261  0  5  0  0  0  1  73  1  0  0  0  0  0  0  0  0  2  0  59781  3  6840  0  18  58  0  0  1  0  0  1  0  9  43  14  0  370456  0  0  280  0  231970  4  4  5  1  87  21  261992  1  0  0  3  0  17  5  0  52528  534723  4735  0  1  0  4  25  6  3  0  0  21  731069  6448  4  
0  0  0  0  0  0  0  0  0  0  0  0  0  0  0  0  0  0  0  0  0  0  0  0  0  0  0  0  0  0  0  0  0  0  0  0  0  0  0  0  0  0  0  0  0  0  0  0  0  0  0  0  0  0  0  0  0  0  0  0  0  0  0  0  0  0  0  0  0  0  0  0  0  0  0  21930  0  26  0  0  1  0  93  2  0  1  0  1  1  0  4  4  3100  0  1022  0  2089  1  389  676  4  1  0  0  0  0  0  66693  30938  38  356427  0  0  0  419  0  260343  14  5  6  0  41968  49  118662  74  3  0  0  0  54  31  0  261183  36079  4796  0  0  1  5  19  9  10  1  0  27  795251  1262360  794  
0  0  0  0  0  1  0  0  0  0  0  0  0  0  0  0  0  0  0  0  0  0  1  0  0  0  0  0  0  0  0  0  0  0  0  0  0  0  0  0  0  0  0  1  0  0  0  0  0  0  0  0  0  0  0  0  0  0  0  0  0  0  0  0  0  5  0  0  0  0  0  0  0  0  86021  0  0  2264  5491  16471  94  1  261  9  0  6465  120898  251639  47  2  1  281  4  0  0  0  10  23794  0  45  23  1  30  0  260  2669  0  0  0  8  0  0  0  902  491  0  0  2  558  39  70750  0  168254  0  0  20351  4847  78  1  934  2  0  0  0  0  32541  12988  48957  23  898  81  5553  36  23  148  0  15  0  
0  0  0  0  0  0  0  0  0  0  0  0  0  0  0  0  0  0  0  0  0  0  0  0  0  0  0  0  0  0  0  0  0  0  0  0  0  0  0  0  0  0  0  0  0  0  0  0  0  0  0  0  0  0  0  0  0  0  0  0  0  0  0  0  0  0  0  0  0  0  0  0  0  0  0  0  0  5947  2  1  0  0  0  0  0  203143  12  107082  0  0  0  202  0  0  0  0  0  1  0  1  0  0  0  0  0  0  0  0  0  0  0  0  3135  0  0  0  0  0  1  0  1389  0  69127  0  0  1987  0  0  0  1  0  0  0  0  0  0  0  0  0  1  0  23633  0  0  0  0  0  0  
0  0  0  0  0  5  2  0  59  507  0  1  0  0  2  0  4  306  4  0  1  3  4  0  0  20  0  0  3  99  0  46  1  0  0  0  0  0  0  3  181  0  0  230  8  0  1  379  171  0  4  2  0  0  96  1  8  1  3  0  2  0  0  0  72  665  10  1  2  1  2  0  258  2  136  2  20  120426  878  728  2171  501  63320  9368  0  316  0  227  505  136  56819  30577  8401  0  138  58  38794  822  6383  437527  3055  93  2132  38  208  1058  152508  31805  230  307053  760  540  104  0  0  0  12933  4027  66832  4791  2431  237418  92082  291  218  1017  1766  2804  36860  77524  3945  589  644  2428  11080  41  4672  142  1317  132482  14190  6681  4091  0  17589  166  74334  88630  
0  5  0  0  0  0  0  0  0  7  120  0  0  0  0  0  0  0  0  12  1  182  1  0  0  2  0  0  0  1  0  1  0  0  0  0  0  0  0  0  13  20  0  14  0  0  0  3  0  0  5  0  0  0  0  0  0  0  0  0  3  0  0  0  0  1  0  0  0  0  0  0  5  0  0  143459  0  0  0  0  0  0  0  5  141161  0  0  0  0  0  0  1  280998  188708  9292  406231  3  0  0  2  0  0  0  0  1  3  0  0  0  0  0  0  0  0  1  0  0  380347  0  0  0  1  1  0  334210  0  0  1  0  1  57111  3327  24  1  50905  0  0  0  0  1  0  0  0  0  0  0  0  0  
0  0  0  0  0  0  0  0  0  3  0  0  0  0  0  0  0  4  0  0  0  0  0  0  0  0  0  0  0  0  0  3  0  0  0  0  0  0  0  0  2  0  0  0  0  0  0  2  2  0  0  0  0  0  1  0  0  0  0  0  0  0  0  0  1  8  1  0  0  0  0  0  5  0  0  0  0  17  0  1  3  1  97  24  0  1  0  0  0  0  1756  3433  6  0  67  4  402794  4156  7  181  10  0  0  0  10  38  0  125897  238825  77  154887  296141  0  0  737  0  0  6  6  10  3  28830  30  245199  8  1  2  2  0  115  3  2  14  1168  1158  0  1  11  1  97  12  4  0  0  22  38611  35453  632  
0  0  0  0  0  0  0  0  0  29  1694  0  0  0  0  0  0  17  0  16  0  4624  0  0  0  0  0  0  0  19  0  1  0  0  0  0  0  0  0  0  19  0  0  746  0  0  0  18  6  0  2  0  1  0  3  0  2  0  0  0  7  0  0  0  1  26  0  1  1  0  0  0  14  0  12  35  2  2526  111  140  215  26  37461  119053  609589  77  0  57  170  18  6  311  74825  81658  70  779411  48483  5  216  12865  198  4  105  40817  1  23  0  0  0  585  10  3  9  0  7830  245627  3  0  1312  538  232  71  6324  0  6924  303  648  811  0  10215  219505  280710  16962  45  137434  8  39  11  299856  1552  766  1496  207  0  50643  41  11757  0  
0  0  0  0  0  3  1  1  1  4  0  0  0  0  0  0  0  4  0  0  0  0  0  0  0  0  0  0  0  1  0  2  0  0  0  0  0  0  0  0  8  0  0  2  0  0  1  1  6  0  0  1  0  1  0  0  0  0  0  0  0  0  0  0  0  220  0  0  0  0  0  0  8  0  142  0  229775  83911  737  948  7300  39182  10762  230  0  978  0  595  3652  93115  375  3282  88  0  4  2  726  89  6  303184  1024  886225  998724  3  3  187  0  0  0  1485  0  0  133  0  17330  0  15  53  0  112995  5700  81  63997  0  32  3807  6849  13431  178  22699  63  21  25  4  68  104  510  108  721  15342  517872  113913  295689  0  5743  0  3247  0  
0  0  1177  0  0  0  0  2503  747  0  0  0  0  0  0  432  0  2  1  0  0  0  0  0  0  0  1  0  0  12  0  1  0  0  0  0  0  0  0  0  4  0  0  0  2  3487  0  2  1  0  1  0  0  0  0  0  0  0  0  0  0  0  0  0  1  37  1  0  0  0  57  0  8  0  4  0  239183  76  122  393  29248  189512  118615  196  0  12  0  16  71  37004  36  2756  118  1  2  1  1127  49  8  13631  61547  4828  3767  366643  2  30  0  0  1  6000  3  0  10  0  27936  0  14  42  191304  0  154  103  803  0  10  126  216  984  1  114294  88  8  10  6  39  3  247  3  1525  41364  102348  142  4259  0  158779  0  1369  0  
0  0  0  0  0  8  0  0  0  2  0  0  0  0  0  0  0  0  0  0  0  0  0  0  0  1  0  0  0  0  0  0  0  0  0  0  0  0  0  0  1  0  0  0  0  0  0  1  0  0  0  0  0  0  0  0  0  0  0  0  0  0  0  0  0  33  0  0  0  0  0  0  0  0  19174  0  1  26  18184  10676  1417  36  2026  18  0  4743  89920  14278  1266  37  286  117965  12  0  0  0  376  306054  0  353  185  6  121  1  378  6611  5  3  149  123  0  0  61504  493  6407  0  2  15  9371  254  0  92  55668  0  2  10531  2076  426  0  9919  9  7  1  0  6  2207  39771  196381  170  2449  595  41  387  30  1255  0  156  0  
0  0  0  1  1  8  3  0  20  644  0  0  0  0  1  1  9  476  5  0  0  1  7  0  0  31  1  0  2  57  0  142  0  0  2  0  0  0  0  0  116  0  5  122  6  0  2  665  175  0  4  4  0  1  84  3  5  0  0  0  1  0  0  0  76  625  16  3  1  0  4  0  411  3  2  0  2  1607  14  21  36  10  1518  1449  0  1393  12  8  14  2  229808  67317  278  0  86  20  39724  732  113  4720  90  1  21  3  253  1674  218307  58819  430733  2255  359  88378  2  0  222764  0  136225  191  229  252  286  0  1760  24529  71  19  29  46  2  1766  62  5  88  1745  1411  0  173  77  30  8746  363  66  41  0  376  21201  259934  261976  
0  0  0  0  0  4  1  1  1  7  0  0  0  0  0  0  0  2  0  0  0  0  1  0  0  1  0  0  0  0  0  0  0  0  0  0  0  0  0  0  3  0  0  3  1  0  0  4  3  0  0  0  0  0  0  0  0  0  0  0  0  0  0  0  1  128  0  0  0  0  0  0  1  0  15826  0  11  482538  51985  38986  19782  602  42932  1864  0  349902  71  178203  9688  233  58150  216408  573  2  5  0  1701  1209  23  70132  2393  1509  9280  19  91  2643  6025  8  239  2421  7  3  114195  40454  81858  0  5  269  88018  4120  60859  745  0  0  17  68638  11268  2870  84  151684  304  134  7  6  61  1249  1645  473  3077  26586  5976  59748  5343  84  21685  0  1046  0  
0  0  0  0  0  0  0  0  0  0  0  0  0  0  0  0  0  0  0  0  0  0  0  0  0  0  0  0  0  0  0  0  0  0  0  0  0  0  0  0  0  0  0  0  0  0  0  0  0  0  0  0  0  0  0  0  0  0  0  0  0  0  0  0  0  0  0  0  0  0  0  0  0  0  0  0  0  7  0  0  0  0  45  6  0  0  0  0  0  0  6  3  0  0  336762  0  219128  0  30  81  0  0  0  0  0  0  0  58  6334  67  317782  101414  0  0  518  0  509731  4  4  2  0  4656  21  0  0  0  0  0  0  20  2  0  175  280060  88928  0  0  0  1  15  4  2  0  0  5  54080  155806  236  
0  8  0  0  0  0  0  0  0  18  0  0  0  0  0  0  0  7  0  0  1  166  1  0  0  5  0  0  0  3  0  2  0  0  0  0  0  0  0  0  33  0  0  7  0  0  0  12  5  0  14  2  0  0  5  0  3  0  0  0  1  0  0  0  0  11  0  0  0  0  0  0  19  0  0  237000  0  89  0  1  1  0  15  8  1  4  0  3  0  0  0  4  77418  21  170625  40996  10  1  1  91  0  1  3  0  10  16  0  0  0  1  1  0  0  0  45  320019  0  578  14  1  2  7  241  0  0  2  1  1  0  47  47950  7  54646  9338  347231  0  3  0  5  18  7  16  1  0  6  0  201  0  
0  0  0  0  0  30  3  4  0  1  0  0  0  0  0  1  0  0  0  0  0  0  0  0  0  0  0  0  0  0  0  0  0  0  0  0  0  0  0  0  0  0  0  1  0  0  0  2  1  0  0  0  0  0  0  0  0  0  0  0  0  0  0  0  0  400  1  0  0  0  0  0  0  0  19298  0  0  7314  67223  62941  36452  188  2239  14  0  190973  21  580558  928154  2191  3  1027  35  0  0  0  122  734  3  423  316  1  7429  1  16  2974  0  0  2  146  0  0  13300  1924  846  0  0  33  1485  215  4020  12  38265  0  5  0  344170  436408  7  11570  23  9  4  0  13  153571  201  189  167  31609  1999  504213  520  4  1296  0  575  0  
0  0  0  0  0  11  7  4  0  0  0  0  0  0  0  0  0  0  0  0  0  0  0  0  0  0  0  0  0  0  0  0  0  0  0  0  0  0  0  0  0  0  0  0  0  0  0  0  0  0  0  0  0  0  0  0  0  0  0  0  0  0  0  0  0  379  0  0  0  0  0  0  0  0  153106  0  1  100  447507  77957  3535  744  3625  24  0  1425  5  13954  1814940  63794  1  200  44  1  0  0  61  146  2  558  411  1  82  2  8  3434  0  0  0  176  1  0  11560  0  1012  0  0  56  995  258  645  2  2274  0  2  520337  0  171952  10  16241  33  21  3  0  8  276821  125  96  237  15144  1990  1379  431  12  1660  0  228  0  
0  0  0  0  0  3  0  1  0  1  0  0  0  0  0  0  0  3  0  0  0  1  0  0  0  0  0  0  0  1  0  1  0  0  0  0  0  0  0  0  3  0  0  0  0  0  0  0  3  0  0  0  0  0  0  0  0  0  0  0  0  0  0  0  1  352  1  0  0  0  0  0  1  0  127  0  2  231  1236  79388  349041  63490  9693  51  0  193  0  314  596245  946279  13  889  102  0  0  0  314  19  2  3044  373  8  12632  4  1  129  0  0  0  924  0  2  119  0  4052  0  0  83  20159  1960  680  25  2456  0  9  419476  72322  0  115  58638  93  46  11  1  32  220  63  18  1424  14178  3819  71870  245972  0  7303  0  1282  0  
0  0  0  0  0  0  0  0  0  0  0  0  0  0  0  0  0  0  0  0  0  0  0  0  0  0  0  0  0  0  0  0  0  0  0  0  0  0  0  0  0  0  0  0  0  0  0  0  0  0  0  0  0  0  0  0  0  0  0  0  0  0  0  0  0  1  0  0  0  0  0  0  0  0  3  0  0  648  32  217  372  5  50  1  0  19  0  19  325  41  1  14  154  0  0  0  2  2  164800  208865  4848  39  17  0  0  7  0  0  0  172567  0  0  7  0  52363  0  0  42  591  14  64  0  480  0  0  321  444  1971  0  177101  63  18  0  0  0  1  3  0  19  172  16697  388  297  0  55  0  39516  0  
0  0  0  0  0  3  0  0  0  4  0  0  0  0  0  0  0  4  0  0  0  0  0  0  0  1  2  0  0  35  0  1  0  0  0  0  0  0  0  0  5  0  0  1  0  0  0  3  6  0  0  0  0  0  0  0  0  0  0  0  0  0  0  0  1  196  0  0  0  0  0  0  6  0  86  0  1147  4800  6065  5401  11911  692  23149  190  8  349  0  347  4490  907  35  1053  119388  107355  365  17  379  21  529137  198726  781461  203  991  91301  10  204  0  1  3  21838  156  63  144  0  59613  0  105  15673  9901  58831  1617  683  16106  2  3591  7013  14275  25830  180206  0  12878  246021  2082  377  5046  181  83  35  94372  15696  257720  21859  6444  1  266041  5  118310  0  
0  0  0  0  0  0  1  0  0  0  0  0  0  0  0  0  0  0  0  0  0  0  0  0  0  0  0  0  0  0  0  0  0  0  0  0  0  0  0  0  0  0  0  0  0  0  0  0  0  0  0  0  0  1  0  0  0  0  0  0  0  0  0  0  0  27  0  0  0  0  0  0  0  0  29  2108  1  2401  213  274  701  88  553  8  2177  151  0  102  791  77  7  189  1332314  33455  269  13514  25  8  156  3507  40  29  186  2  2  34  0  0  0  77  4  1  37  0  1164  57991  0  380463  3283  129  353  7  8029  0  50364  1418  3482  3188  12  7251  0  129553  48804  42  183861  43  16  11  7683  752  196  10727  223  0  728  1  90420  0  
0  0  0  0  0  0  0  0  0  0  0  0  0  0  0  0  0  0  0  0  0  0  0  0  0  0  0  0  0  0  0  0  0  0  0  0  0  0  0  0  0  0  0  0  0  0  0  0  0  0  0  0  0  0  0  0  0  0  0  0  0  0  0  0  0  9  0  0  0  0  0  0  0  0  16  1  0  303  193  210  361  15  184  0  137375  30  0  41  496  36  0  36  948767  362574  28  48  8  4  8957  948  278  0  65  110  0  22  0  0  0  52  3  0  14  0  394  8441  0  505794  795  65  83  0  986  0  527  802  2160  1998  3  231784  69455  0  346  15  1044  27  6  2  253007  227  80  3178  93  0  1582  0  1026  0  
0  0  0  0  0  0  0  0  0  0  0  0  0  0  0  0  0  0  0  0  0  0  0  0  0  0  0  0  0  0  0  0  0  0  0  0  0  0  0  0  0  0  0  0  0  0  0  1  0  0  0  0  0  0  0  0  0  0  0  0  0  0  0  0  0  2  0  0  0  0  0  0  0  0  6  117571  2  8304  32  43  100  15  1117  44  0  215  0  36  14  6  3  124  223043  0  57072  50  57  4  246  5194  77  28  236  0  0  1  0  0  0  276  43426  286347  12  0  2383  7  11  3055  1308  106  212  30  20212  27  190443  269  58  75  0  2609  48169  17  0  185603  83340  1  17  4  74  553  238  2043  98  0  568  312127  180383  0  
0  0  0  0  0  0  0  0  0  1  0  0  0  0  0  0  0  0  0  0  0  0  0  0  0  0  0  0  0  0  0  0  0  0  0  0  0  0  0  0  0  0  0  1  0  0  0  0  0  0  0  0  0  0  0  0  0  0  0  0  0  0  0  0  0  3  0  0  0  0  0  0  0  0  0  161784  1  144  5  1  7  3  862  57  0  2  0  1  2  1  3  17  1713  0  616591  107  7149  0  100  882  13  0  13  1  0  0  0  10  35  344  418961  56970  0  0  2663  0  1378  131  48  30  12  191  330  322482  28968  3  8  15  0  294  86  1  190574  0  122094  0  2  0  14  242  71  60  9  0  180  313173  119961  20  
0  7  0  1  0  0  0  0  0  14  0  0  0  0  0  0  0  7  0  0  1  140  2  0  0  2  0  0  0  0  0  0  0  0  0  0  0  0  0  0  25  0  0  4  0  0  0  9  6  0  2  0  0  0  2  0  1  0  0  0  8  0  0  0  1  15  0  0  0  0  0  0  12  0  2  7325  1  674  19  16  98  9  7015  869  2  16  0  6  21  1  39  66  104678  111  688600  601229  426653  9  1554  7926  195  0  40  1  25  77  0  112  461  2495  9991  8718  2  0  27761  33293  880  116056  207  398  36  369  1635  56299  389647  42  34  134  0  2780  141938  264  108123  97866  0  0  10  0  42  2937  598  212  79  0  789  62  41587  7  
0  0  0  0  0  0  0  0  0  0  0  0  0  0  0  0  0  0  0  0  0  0  0  0  0  0  0  0  0  0  0  0  0  0  0  0  0  0  0  0  0  0  0  0  0  0  0  0  0  0  0  0  0  0  0  0  0  0  0  0  0  0  0  0  0  2  0  0  0  0  0  0  0  0  158455  0  0  16  7563  8468  49  5  212  0  0  17  211075  81040  110743  4  0  19  1  0  0  0  2  206028  0  28  15  0  5  0  12  581  0  0  0  13  0  0  145023  0  62  0  0  4  57  13  371  0  146  0  1  149718  170024  63  3  849  3  1  0  0  0  0  156  2883  17  594  38  31  16  2  104  0  9  0  
0  0  0  0  1  1  0  0  0  19  0  0  0  0  0  0  2  17  1  0  1  0  29  16  0  2  0  0  0  1  811  13  0  0  0  0  0  0  0  0  26  0  0  4  1  0  0  19  13  0  0  3  0  1  2  0  0  0  0  0  0  0  2  2  1  26  0  0  0  23  0  0  19  0  13610  0  0  21  1105  69331  202  21  913  14  0  24  343  183  348  91  106  20921  18  0  19  19  16880  567237  4  343  83  5  84  0  303717  240558  0  0  11  66  1  0  1917  0  10132  0  17  12  6385  159  20681  243  1212  0  15  629  256  70  0  4186  12  2  8  2  28  1803  0  102066  77  1376  364  21  185  103046  597  0  865  0  
0  0  0  0  0  2  1  0  0  0  0  0  0  0  0  0  0  0  0  0  0  0  0  0  0  0  0  0  0  0  0  1  0  0  0  0  0  0  0  0  0  0  0  0  0  0  0  0  1  0  0  0  0  0  0  0  0  0  0  0  0  0  0  0  0  15  0  0  0  0  0  0  0  0  38856  0  0  2  2732  83971  95  8  201  0  0  12  143718  133  119  702  404  2667  3  0  0  0  1172  1016661  0  38  11  1  14  0  1384  33031  0  89  97  11  0  0  337408  0  1046  0  24  1  1146  29  220234  9  325  0  0  482  116  27  0  925  1  0  0  0  1  9492  181667  0  13  3859  62  7  35  19151  119  0  36  0  
0  0  0  0  0  0  0  0  0  0  160  0  0  0  0  0  0  0  0  2  0  1  0  0  0  0  7  0  0  4593  0  0  0  0  0  0  0  0  0  0  0  0  0  0  0  0  0  0  0  0  0  0  0  0  0  0  0  0  0  0  0  0  0  0  20  10  0  0  0  0  1  0  0  0  11  0  0  481  297  319  741  105  13439  1099  377178  24  0  42  620  71  8  66  21294  196110  64  727  16  1  1098  3041  85067  6  89  647923  0  16  0  1  1  248  16  4  10  0  1732  2  0  346867  850  843  96  25  1564  0  1136  845  1816  3320  6  157602  18984  368595  807  40  1498  14  5  4  0  594  388  1857  406  0  105806  0  8894  0  
40  0  1  7  13  39831  2051  3112  43084  77611  0  0  0  0  5  122  95  6039  46  1  0  13  38  48  2  311  13  0  34  11409  15  2702  1  0  1  0  0  0  7  5  1611  0  32  4831  162  0  123  7602  3276  0  11  105  14  47  2244  107  35  12  3  0  3  0  29  100  3684  261074  382  44  69  76  119  0  3918  7  3585  0  10  1682  3702  513341  257984  209048  369019  125942  0  2740  1  2980  15343  2456  96  3604  385  0  12  34  1711  337  22  65600  2948  72  2420  40  180  93015  0  0  6  18437  283  60  207  0  251739  1  62  475  24012  7459  2699  1218  12812  2  54  6424  7444  6129  4  23275  201  35  140  601  5249  308  2084  410  340  0  24225  2109  2036  572  31192  2  5245  0  
0  0  0  0  0  0  0  0  0  1  0  0  0  0  0  0  0  3  0  0  0  0  0  0  0  0  0  0  0  0  0  0  0  0  0  0  0  0  0  0  1  0  0  1  0  0  0  2  2  0  0  0  0  0  1  1  0  0  0  0  0  0  0  0  0  35  0  0  0  0  0  0  1  0  18  0  97790  2586  3183  3008  6247  287  6677  74  0  78  0  101  1634  1529  31  547  158  0  2  0  149  19  53  593302  446127  499123  2819  6935  3  49  0  0  0  8511  0  0  51  0  20919  0  12  103  433164  138860  346  98  1828  1  16  2026  3002  10585  5241  261486  88  30  10  0  29  52  77  15  220  12370  0  2339  28951  0  2095  0  1055  0  
0  0  0  0  0  5  0  1  0  0  0  0  0  0  0  0  0  1  0  0  0  0  0  0  0  0  0  0  0  0  0  0  0  0  0  0  0  0  0  0  0  0  0  1  0  0  0  0  0  0  0  0  0  0  0  0  0  0  0  0  0  0  0  0  0  136  0  0  0  0  0  0  0  0  200  0  1  214316  1209  4792  7941  170  10467  113  0  305966  0  3300  219773  2151  5  377  170  0  0  0  159  62  12  4372  420  52  550192  8  1  441  0  0  0  742  1  0  4442  7822  3030  0  1  81  186437  755  3288  14  65457  0  7  514810  7436  139976  158  43551  118  53  10  3  15  131  36  82  1056  8149  2813  0  20494  0  5899  0  667  0  
0  0  0  0  0  0  0  0  0  0  0  0  0  0  0  0  0  1  0  0  0  0  0  0  0  0  0  0  0  0  0  1  0  0  0  0  0  0  0  0  2  0  0  0  0  0  0  2  1  0  0  0  0  0  0  0  0  0  0  0  0  0  0  0  0  226  0  0  0  0  0  0  3  0  6  0  4  113  270  502  33282  247798  6887  29  0  9  0  32  164701  175407  25  513  62  0  1  0  164  10  2  1891  490  47  734260  5  3  27  0  0  1  438  1  0  14  0  2647  0  2  43  354777  15977  228  9  975  0  10  137  617  206531  110  21262  35  37  5  1  15  16  62  8  1102  10592  33978  8405  0  0  4593  0  934  0  
0  0  0  0  5  2217  0  0  0  0  0  0  0  0  0  16  0  1  0  0  0  0  0  0  0  0  0  0  0  0  486  770  0  0  0  0  0  0  0  0  0  0  0  0  0  0  0  0  1  0  0  0  0  0  0  0  0  0  0  0  0  0  0  0  0  49  0  0  0  1634  0  0  2  0  70452  0  0  0  102269  197423  2  0  3  0  0  0  0  1  1  307873  0  4  0  0  0  0  1  79218  0  1  0  0  0  0  219645  43637  0  0  0  0  0  0  49  0  4  0  0  0  8  0  19  1  13  0  0  5  4  0  0  6  0  0  0  0  0  15  110749  9378  0  316  0  0  0  0  1  0  0  0  
0  0  17  0  0  0  1  25  64389  1  0  0  0  0  0  5  0  1  0  0  0  0  0  0  0  1  1  0  0  16723  0  0  0  0  0  0  0  0  0  0  2  0  0  1  1  3878  0  0  0  0  0  0  0  0  2  0  0  0  0  0  0  0  0  0  0  1475  1  0  0  0  71065  0  7  0  5  0  68  968  167  189  22114  2058  238109  6115  50  44  0  22  328  65  13  650  4048  328  7  5  336  11  156  19029  64922  11  859  362661  0  30  0  2  0  6113  54  33  11  0  20062  0  2  12435  1641  170352  169  84  2938  1  122  482  1066  2165  2  442380  2888  773  132  73  656  16  44  4  99002  25639  12711  1082  1327  0  0  2  4449  0  
0  0  0  0  0  0  0  0  0  0  0  0  0  0  0  0  0  0  0  0  0  0  0  0  0  0  0  0  0  0  0  0  0  0  0  0  0  0  0  0  0  0  0  0  0  0  0  0  0  0  0  0  0  0  0  0  0  0  0  0  0  0  0  0  0  0  0  0  0  0  0  0  0  0  0  2083  0  20  0  0  1  0  38  2  0  0  0  1  0  0  1  5  2869  0  1428  3  810  0  6  52  2  0  1  0  0  0  0  526  5006  10  623863  900279  0  0  110  0  62197  127  5  1  3  5782  63  98471  110  3  0  0  0  28  55  3  324461  298169  719  0  1  0  0  11  3  6  0  0  9  0  174155  306  
0  0  0  0  0  2  1  0  0  9  0  0  0  0  0  0  1  7  1  0  0  0  0  0  0  0  0  0  0  0  0  1  0  0  0  0  0  0  0  0  4  0  0  3  1  0  0  14  4  0  0  1  0  0  4  0  1  0  0  0  0  0  0  0  1  84  1  0  0  0  0  0  10  0  45  129  1  11388  252  349  1422  271  3374  163  0  509  0  284  1062  113  620  641  316027  0  61885  182  39862  31  941799  104483  147  326  691  2  13  149  3  739862  69236  243411  10742  1339335  64  0  56485  3  86063  13029  11389  291  1202  266485  33119  127792  36745  2655  4876  3642  27401  293203  59722  855  179761  171420  126348  54  32  14  2469  2308  470  24115  494  0  1547  168424  0  91018  
0  0  0  0  0  0  0  0  0  0  0  0  0  0  0  0  0  0  0  0  0  0  0  0  0  0  0  0  0  0  0  0  0  0  0  0  0  0  0  0  0  0  0  0  0  0  0  0  0  0  0  0  0  0  0  0  0  0  0  0  0  0  0  0  0  0  0  0  0  0  0  0  0  0  0  0  0  4  0  0  0  0  2  0  0  0  0  0  0  0  8  3  0  0  2  0  265  0  21  1214  0  0  1  0  0  0  162195  192781  46932  173224  2  1368  0  0  77907  0  1031  0  0  0  0  316002  6  320  0  0  1  0  0  4  0  0  1  109  38  0  0  0  0  2  0  1  0  0  1  309  118134  0  
