0  0  0  12  260555  62690  3  0  1  5  0  470  1  12795  86872  9550  23  1048  6  0  0  0  6  185929  0  10  0  0  1  0  68146  6378  0  0  0  0  0  0  5750  5213  49  0  0  12  12  0  3169  12  45667  0  0  177663  149444  92  4  0  3  1  0  0  0  42519  273  38936  1  1640  39  290  30  102951  1  0  66  0  0  0  0  0  0  0  0  0  0  0  0  0  0  0  0  0  0  0  0  0  0  0  0  0  0  2  0  0  0  0  0  14  0  0  0  1  0  0  0  0  0  0  0  0  0  0  0  0  0  0  0  0  0  0  0  0  0  0  0  0  0  0  0  0  0  79  1  0  0  0  0  0  1  0  
0  0  0  16  0  0  0  1  2  0  0  0  0  0  1  0  0  5  153576  0  332834  59651  0  0  3  1  0  0  0  0  0  2  0  0  0  0  40977  20552  0  0  2  310615  0  781  197  0  0  9  9  1  417529  0  0  5  75  0  322750  76  302809  144270  41417  0  0  0  5  5  0  69  2  0  1  0  599  0  0  0  0  0  0  0  0  0  0  0  0  0  0  0  0  0  0  0  0  0  0  139  0  0  0  0  0  0  0  0  0  0  0  0  0  0  0  0  0  0  0  1  0  3  0  0  0  0  0  0  0  0  0  0  0  0  0  0  0  0  1  0  0  0  0  1  0  0  0  0  0  0  0  0  
1  0  0  7  2  86  8  65406  959  1  0  0  0  0  0  308536  6  30  9  0  0  0  0  0  0  15  84239  168031  99170  55548  0  10  0  0  0  0  0  0  0  0  12  0  0  1  225348  308943  1  18  636  0  0  1  0  174  4  10  2  5  0  0  0  0  1  1  3  29  57219  0  69353  0  33  0  0  0  0  0  1964  0  0  0  0  307  488  0  0  0  0  0  0  1409  0  0  0  0  0  0  0  0  0  1  1  0  0  1676  0  0  0  0  0  0  0  0  0  0  0  0  0  0  0  7880  0  0  0  0  0  0  0  0  0  0  0  0  0  0  0  0  0  0  0  0  0  0  0  0  204  0  0  0  
184  0  9  0  666  1230  946  1332  413  6  0  196639  106  293  300  89  1619  4544  1192  1  0  9  8  61  16  442523  1  231469  80806  10  0  154  61975  750  287  71  0  0  119  2485  184365  2  2  1276  264223  1  670  792  393575  0  390  4723  479  1248  2352  75  3729  92  53  171  311  8  20  37  272  1270  50151  55617  4261  19  134  0  2049  466  0  0  0  0  0  1  0  1  2  0  0  0  0  0  0  0  0  1  0  0  0  0  0  0  0  1  0  0  0  0  0  5  0  0  0  0  0  0  0  0  4  0  0  0  1  1  0  0  0  0  0  0  0  0  0  1  0  0  0  0  0  0  0  0  0  28  0  0  0  0  0  0  0  0  
237550  0  0  6  0  48866  2  0  2  1  0  170  0  805  39935  222553  6  227  1  0  0  0  2  4411  0  7  0  0  0  0  22737  874  0  0  0  0  0  0  253  4987  34  0  0  2  6  0  332  4  11265  0  1  15093  94011  58  3  1  3  0  0  0  1  1  34  3342  3  238  21  233  17  16080  0  0  9  0  0  0  0  0  0  75  0  0  0  0  0  0  0  0  0  19  0  0  0  0  0  0  0  0  0  0  0  0  0  0  4  1  0  0  0  0  0  0  0  0  0  0  0  0  0  0  0  0  0  0  0  0  0  0  0  0  0  0  0  0  0  0  0  0  0  16  0  0  0  6  0  0  0  0  
94678  0  11  380  76952  0  194934  3988  6828  31  0  536  0  3689  23988  509077  133  10826  140  0  0  0  30  58165  7  771  11  0  49  10  22366  132995  1  0  0  0  0  1  704  6242  1008  0  3  160  1586  0  4343  659  50490  0  12  31144  12219  45500  452  98  112  36  2  2  6  23  14266  31061  988  307797  3749  2645  6033  314797  54  0  964  0  143  0  0  0  22  19679  376  67  78  0  0  0  0  5  7  3654  0  4  0  0  0  0  3  9  0  13  1  0  0  0  2797  1910  0  0  0  4  0  0  10  0  22  0  0  0  6  0  10  3  4  0  0  10  9  3  0  14  0  0  0  0  0  18  5  2  0  53267  3  1  1  2150  8  0  15  0  
20  0  7  2427  113  281751  0  297368  63162  9  0  63  0  5  235  585636  26  898  439  0  0  0  3  2  13  980  30  0  122  508  0  134  0  0  0  0  0  0  3  645  368  0  0  1051  10184  5  258  168  10997  0  30  10219  255  53036  2768  223  282  42  4  4  13  0  16  4  22902  232204  3772  12879  26037  21  576  0  221  0  0  0  0  0  1  1520  3387  3118  323  0  0  0  0  0  0  418  0  0  0  0  0  0  0  0  0  1  0  0  0  0  0  5  0  0  0  0  0  0  0  0  3  0  0  0  1  0  0  0  0  0  0  1  0  0  0  0  0  0  0  0  0  0  0  0  0  2232  0  0  0  0  10  0  1  0  
21  0  30382  4541  114  9416  268670  0  264020  0  0  156  0  1  79  347358  10  224  386  0  0  1  7  0  6  1149  8  36  42406  148  0  38  0  0  0  0  0  0  1  1752  283  1  0  439  59640  153967  85  164  2167  0  5  4441  209  157955  1483  248  498  16  0  0  9  0  2  1  4136  163496  10630  1736  141062  3  2119  0  99  0  0  0  146  0  0  32  123  32496  2362  0  0  0  0  0  0  22297  0  0  0  0  0  0  0  0  0  1  0  0  4  7  0  1  0  0  0  0  0  0  0  0  2  0  0  0  0  584  0  0  0  0  0  0  0  0  0  0  0  0  0  0  0  0  0  0  0  3320  0  0  0  0  69  0  1  0  
1  0  105  25  0  2158  8062  113108  0  12143  1  0  0  0  2  343  60  994  1681  39  0  15  3  0  33  1993  81  126  181  31186  0  186  0  0  0  0  0  1  0  4  3208  0  0  1881  2499  114692  11  1098  2181  0  12  54  2  3350  6719  6133  905  106  5  1  10  0  4  0  28254  230514  13558  178  617  1  214659  0  258  1  0  0  21  0  0  0  1  2202  41163  148  0  0  0  1  0  364  0  2  0  0  0  6  0  0  0  14  1  0  0  4108  0  1  0  0  0  3  0  0  0  0  213  0  0  1  1  1354  0  3  1  0  0  1  0  0  0  1  0  0  0  0  7  0  0  0  0  55256  1  0  0  0  72900  0  1  0  
112  1  0  179  622  632  214  219  15031  0  18  204  0  52  356  32  198  36588  382  3  3  3872  31479  6  41  2269  36  1  76  82696  0  3946  1  0  3  1  0  4  2  2082  34176  2  69  244712  1015  1  551  12338  25891  8  810  1049  664  344  8223  563  508  80  100  17  112  0  63  15  10133  401573  1110  2919  183  45  139  0  15688  777  8  0  0  196  83  46  105  10  2810  419  8  32  0  38  12  2  2  200  62  0  2  197  53  6  1  457  21  1  16  68  11  99  0  0  0  116  0  0  12  0  4999  0  0  15  750  41  62  57  849  0  18  274  67  78  0  1002  41  0  2  3  20  2  31  2  40  127246  242  363  27  0  223  0  290  0  
0  3  0  0  0  0  0  0  7  28  0  0  0  0  0  0  0  1  695  776325  0  53032  0  0  189  4  277  0  0  46123  0  2  0  0  0  0  0  0  0  0  5  61406  0  773452  2  0  0  3  6  0  1  0  0  0  32  52  3210  306876  0  0  66  0  0  0  363469  29  1  17  0  0  10  0  112  0  0  0  0  0  0  0  0  0  0  0  112912  0  0  0  0  0  0  0  0  698  0  3845  0  0  0  0  1  0  0  765  0  0  0  0  0  0  0  0  0  0  2  409  0  1293  0  1  0  0  0  0  0  0  0  0  0  0  0  0  0  0  0  0  0  0  132  5  0  0  0  0  1  0  0  0  
955  0  0  410745  5102  2476  8  1  1  6  0  0  2744  66967  3184  93  448  16900  4  0  0  0  0  134  0  15  0  0  69838  0  0  56  2696  443  228  0  0  0  337  237854  22  0  0  5  31106  0  5818  153  195398  0  1  278896  6871  259  6  0  5  0  0  0  1  2  5  281  3  61  37  255157  63  15  0  0  3  0  0  0  0  0  0  0  0  0  0  0  0  0  0  0  0  0  0  0  0  0  0  0  0  0  0  0  0  0  0  0  0  0  0  0  0  0  0  0  0  0  0  0  0  0  0  0  0  0  0  0  0  0  0  0  0  0  0  0  0  0  0  0  0  0  0  3  0  0  0  0  0  0  0  0  
13  0  0  78  0  50  0  0  0  0  0  1329  0  29645  1  0  3  1741  0  0  0  0  0  125954  0  0  0  0  1  0  0  24  2  18  49  0  0  0  114761  83  0  0  25  1  0  0  136158  1  796  0  0  3  1  1  0  0  0  0  0  0  0  25571  15  14570  0  2  0  0  0  2  0  0  1  0  0  0  0  0  0  0  0  0  0  0  0  0  0  0  0  0  0  0  0  0  0  0  0  0  0  0  0  0  0  0  0  0  0  0  0  0  0  0  0  0  0  0  0  0  0  0  0  0  0  0  0  0  0  0  0  0  0  0  0  0  0  0  0  0  0  0  0  0  0  0  0  0  0  0  
9931  0  0  5  5439  8701  2  0  0  4  0  77937  42099  0  7660  132  1  267  0  0  0  0  0  2317  0  1  0  0  39  0  1  226  0  0  0  0  0  0  154829  203703  6  0  0  2  1  0  7309  2  88878  0  0  246264  7036  28  1  0  1  0  0  0  0  45630  21  11645  0  83  6  97  1  60  0  0  1  0  0  0  0  0  0  0  0  0  0  0  0  0  0  0  0  0  0  0  0  0  0  0  0  0  0  0  0  0  0  0  0  2  0  0  0  0  0  0  0  0  0  0  0  0  0  0  0  0  0  0  0  0  0  0  0  0  0  0  0  0  0  0  0  0  0  4  0  0  0  0  0  0  0  0  
117280  0  0  28  41177  17625  36  5  9  0  0  9359  0  1522  0  254377  3  312  5  0  0  0  0  33  2  420  0  0  74596  0  2  342  0  0  0  0  0  0  11  1185  43  0  0  8  1544  0  98  16  5793  0  3  1026655  551850  713789  66  3  6  1  0  0  1  115689  21  55  9  496  222  198882  48787  35  17  0  33  0  0  0  0  0  0  0  0  0  0  0  0  0  0  0  0  0  0  0  0  0  0  0  0  0  0  0  0  0  0  0  0  2  0  0  0  0  0  0  0  0  1  0  0  0  0  0  0  0  0  0  0  0  0  0  0  0  0  0  0  0  0  0  0  0  0  21  0  0  0  0  0  0  0  0  
21593  0  362835  62  310030  475389  481463  369009  794  4  0  10  0  31  249582  0  15  753  24  0  0  0  1  1649  0  197  2  7  41348  4  32970  3828  0  0  0  0  0  0  34  249  130  0  1  17  21099  17274  148  67  4163  0  2  4437  100802  774928  77  18  20  8  0  0  2  0  20  1221  122  13051  924  816  145688  107047  24  0  237  0  0  0  1148  0  1  5385  2827  13515  281  0  0  0  0  0  0  25311  0  0  0  0  0  0  0  0  0  0  0  0  29  32  2  441  0  0  0  0  0  0  0  0  1  0  0  0  0  590  0  0  0  0  0  1  0  0  0  4  0  0  0  0  0  0  0  0  0  464  0  0  0  10  13  0  0  0  
1  0  54  4605  6  51  19  50  87  219  0  356  3  0  5  48  0  329771  3993  1  0  3  27113  3207  3  1183  2  1  148  5  2  29784  3593  43  60816  12  0  14  0  20  37287  1  22014  462  4231  1  21355  347444  200502  75  60  16  6  36  712  85  301  1314  13  6  39  0  178  70  398  272  2049  65  3002  32  13  1  12847  69  0  0  0  2  1  0  3  0  31  2  0  0  0  0  0  0  0  2  0  0  1  0  6  0  0  30  1  1  0  0  5  37  0  0  0  7  0  0  0  0  125  0  1  1  3  2  0  15  4  0  0  5  0  0  0  14  0  0  1  1  1  0  0  0  0  132  15  2  0  0  2  0  11  0  
876  0  1  7680  245  2554  6  5  65  484  0  19131  2744  262  22  18  185273  0  255  1  3  4  20926  39802  4  1081  2  0  18  12  933  147580  1846  92  11197  3  0  7  466  91  7244  0  12134  1207  165  0  307898  84647  335785  82  79  334  16  152  1138  33  235  34  17  7  37  0  2943  930  318  736  141  102  182  2346  4  1  19771  86  1  0  1  1  0  1  2  0  61  3  0  0  0  0  0  1  1  5  1  0  5  1  15  0  0  78  6  0  1  1  6  67  0  0  0  23  0  0  2  0  198  0  0  0  12  3  1  19  11  0  2  2  0  1  0  20  0  0  0  0  4  0  2  0  1  260  18  3  1  0  11  0  15  0  
0  137041  0  145  2  9  7  9  44  5  96  0  0  0  10  1  7  137  0  47419  68  10271  24  0  238803  73  0  0  2  1  0  9  0  0  0  0  4  6832  0  0  368  156763  5  12406  2016  0  1  348  349  0  25615  14  0  142  425  1267  1257547  616531  286066  1030  25640  0  0  0  16469  47  30  12950  20  0  2  0  433220  3  0  0  0  0  0  0  0  0  1  0  0  0  0  0  0  0  0  0  0  0  0  0  0  0  0  0  0  0  0  0  0  1  0  0  0  0  0  0  0  0  0  0  0  0  0  0  0  0  0  0  0  0  0  0  0  0  0  0  0  0  0  0  0  0  0  1  0  0  0  0  0  0  1  0  
0  49  0  0  0  1  0  1  1062  1  832592  0  0  0  0  0  1  23  33034  0  1  244  0  0  4772  25  93001  0  11  8382  0  2  0  0  0  0  0  0  0  0  39  105175  0  208463  41  0  0  17  26  0  1  0  0  0  83  63755  4918  469301  10  0  8  0  0  0  288646  7  7  53  3  0  3826  0  312  0  0  0  0  0  0  0  0  0  0  0  17586  0  0  0  0  0  0  0  0  132  0  1  0  0  0  0  9  0  0  523  0  0  0  0  0  0  0  0  0  0  0  27  0  32  0  0  0  0  0  0  0  0  0  0  0  0  0  0  0  0  0  0  0  0  2  0  0  0  0  0  0  0  0  0  
0  245004  0  3  0  0  0  1  2  1  0  0  0  0  0  1  0  0  67  0  0  35684  95145  0  7  5  0  0  0  0  0  7  0  0  0  0  131761  1700  0  0  39  2  101  123  20  0  0  7  0  309699  98026  0  0  0  39  1  27  0  14473  319465  510379  0  3  0  0  3  1  15  1  0  0  28  373  0  0  0  0  0  0  0  0  0  1  3  0  0  0  0  0  0  0  0  0  0  15  3  2  0  0  1  0  0  0  0  0  2  0  0  0  0  0  0  0  0  3  3  0  1  3  0  0  0  0  0  88  0  0  0  0  0  0  0  0  0  46  0  0  0  0  0  0  0  0  0  0  0  0  0  
3  123968  0  48  28  35  10  9  49  43660  35521  10  0  0  8  0  1  116  2713  143  33539  0  110413  0  18  272  0  0  0  2627  0  13  0  0  0  0  0  107  0  111  3647  346302  3  976927  370  0  39  59  219  7  99328  40  37  27  1665  8  91423  38491  829  40  1144495  0  3  0  4481  310  5  363  18  0  2  0  737  0  0  7  0  0  0  0  0  0  12  125  23430  0  0  0  0  0  0  0  0  1  114  23660  29  0  0  23  0  0  0  30  3  6  0  0  1  4  0  0  0  0  76  91  0  7089  1  1  1  6  0  0  202  0  0  0  0  4  0  0  0  0  54  0  1  0  1  117  1  0  1  0  1  0  0  0  
6  1  0  139  40  124  122  256  628  32843  0  9  0  1  24  9  29833  35075  277  0  87920  117204  0  868  1265  6218  0  0  5  124  0  67847  1  1  107061  0  2007  19728  0  126  31877  2  357368  125613  360  1  236  28219  1272  239300  260  106  52  191  11034  75  347  65  9053  18305  303722  0  83  11  3520  301  30  1567  55  45  29  516  80202  7  0  0  0  1  1  0  0  0  12  3  0  0  0  1  0  0  0  2  0  0  22  3  5  0  0  18  0  0  0  0  6  17  0  0  0  5  0  0  0  0  32  1  1  2  2  2  0  5  3  0  191  1  0  0  0  11  0  0  0  0  81  0  0  0  0  39  2  1  0  0  1  0  0  0  
183284  0  0  26  5062  28338  1  0  0  2  0  307  136483  14750  226  1062  647  29255  2  0  1  0  120  0  0  11  0  0  0  0  169413  44673  124  440  4789  0  0  0  40262  1072  28  0  6652  28  4  0  233426  4000  7196  0  0  7446  1532  19  2  0  0  1  0  0  0  189084  342233  730241  4  492  2  67  7  140146  0  0  95  0  0  0  0  0  0  2  0  0  0  0  0  0  0  0  0  0  0  0  0  0  0  0  0  38  0  1  0  0  0  0  162  4  0  0  0  0  0  0  0  0  3  0  0  0  0  0  0  0  0  0  0  0  0  0  0  2  0  0  0  0  0  0  13  0  0  25  1  1  0  0  0  0  1  0  
0  0  1  36  2  16  33  14  1073  19  5  0  0  0  16  3  4  321  160720  8554  4  8  282  0  0  142840  7626  1  104  16  0  34  0  0  0  5  0  26  0  0  574  0  4  1258  1855  1  3  212  416  13  412  8  2  262  273898  538596  35588  31559  1997  34  567  0  0  0  6556  389  123  13149  56  0  124  0  804483  1  0  0  0  1  0  0  0  0  0  0  0  0  0  0  0  0  0  1  0  0  0  0  0  0  0  0  0  0  0  0  0  0  0  0  0  0  0  0  0  0  5  0  0  0  0  0  0  0  0  0  0  0  0  0  0  0  0  0  0  0  0  0  0  0  0  2  2  0  0  0  0  0  0  0  
3  1  9  323369  38  400  326  447  2267  429  0  7  0  12  64  32  297  1986  591  14  0  42  379  0  116614  0  207  42129  139  1060  0  298  2093  102960  3  202997  0  15174  0  71  462843  2  10  7607  48086  12  98  1894  13285  0  221  750  44  920  275315  149539  624  183  27  40  368  0  4  2  5035  11045  574933  11520  4297  7  856  0  62945  2047  0  0  0  0  0  0  0  0  14  1  0  0  0  1  0  0  0  4  0  0  1  0  1  1  0  14  2  0  0  0  1  4  0  0  0  7  0  0  0  0  39  0  0  0  2  0  0  0  1  0  0  0  0  0  0  14  0  0  0  0  0  0  0  0  0  132  2  1  1  0  0  0  6  0  
0  0  85757  1  0  2  4  6  631  0  202  0  0  0  0  0  0  7  25  143177  0  0  0  0  4005  359  0  37  80  941118  0  3  0  0  0  0  0  0  0  0  16  0  0  56  585  6267  0  2  8  0  0  0  0  9  1234  997603  3  46  0  1  1  0  0  0  239910  60  289741  1  68  0  125323  0  1  1  0  0  0  0  0  0  0  0  2  0  58  0  0  0  0  0  0  0  0  69  0  0  0  0  0  0  37  0  0  1933  0  0  0  0  0  0  0  0  0  0  0  0  0  0  0  9  0  0  0  0  0  0  0  0  0  0  0  0  0  0  0  0  0  0  3  0  1  0  0  0  24  0  0  0  
0  0  130499  199632  0  1  1  4  541  0  0  0  0  1  0  12  1  6  3  0  0  0  0  0  0  63891  73  0  91990  0  0  0  0  0  0  0  0  0  0  0  15  0  0  11  614878  111504  0  3  43  0  0  3  1  5  1  498  2  0  0  0  0  0  0  0  8  14  497735  2  57  0  47  0  0  0  0  0  0  0  0  0  0  0  0  0  0  0  0  0  0  0  0  0  0  0  0  0  0  0  0  0  0  0  0  0  0  0  0  0  0  0  0  0  0  0  0  0  0  0  0  0  0  0  0  0  0  0  0  0  0  0  0  0  0  0  0  0  0  0  0  0  0  0  0  0  0  0  0  0  
3  0  121029  85812  23  197  32  91693  3069  18  0  46991  8  69  73203  34765  455  2146  344  0  0  0  2  0  0  931  4  41543  0  5  0  231  1  0  0  0  0  0  0  73  832  0  0  92  799876  17260  269  5535  4353  0  2  10183  26  4196  166  50  86  47  0  0  2  0  12  1  319  6108  19649  438935  518510  10  784  0  212  0  0  0  0  0  0  0  0  0  3  0  0  0  0  0  0  0  0  0  0  0  0  0  0  0  0  7  0  0  0  0  0  1  0  0  0  2  0  0  0  0  15  0  0  0  1  1  0  0  0  0  0  0  0  0  0  4  0  0  0  0  0  0  0  0  0  31  0  0  1  0  0  0  0  0  
0  0  64516  8  1  17  40  16  32774  71566  28559  1  0  0  1  2  19  2685  225  6736  0  2713  6  0  18  623  729925  5  79  0  0  395  0  0  0  0  0  0  0  2  882  0  3  26496  776  280332  13  531  1613  0  18  13  0  19  665  44917  437  69  3  2  13  0  3  3  451156  39395  32555  49  63  2  375272  0  1043  1  0  0  3  1  0  0  1  0  8184  561  28393  0  0  0  0  1  0  1  0  439  0  3772  1  0  1  9  361  0  2  85763  1  3  0  0  0  2  0  0  0  0  246  0  1  16  2  34  0  1  1  0  3  0  0  0  0  10  0  3  0  0  6  0  0  0  553  3460  4  1  0  0  25559  0  2  0  
72065  0  0  0  47585  39427  0  0  0  0  0  0  0  0  0  40151  0  203  0  0  0  0  3  142428  0  0  0  0  0  0  0  28676  0  0  0  0  0  0  3  0  2  0  0  0  0  0  272  1  18  0  0  1  0  0  0  0  0  0  0  0  0  0  263404  639  0  3  0  0  0  273147  0  0  6  0  11  0  0  0  0  163  0  0  0  0  0  0  0  0  0  194  0  0  0  0  0  0  0  1089  0  0  0  0  0  0  19897  167  0  0  0  0  0  0  0  0  0  0  0  0  0  0  0  0  0  0  0  0  0  0  0  0  0  0  0  0  0  0  455  5  0  8  0  0  0  334  0  0  0  0  
480  0  0  9  96  124042  6  6  61  349  0  2  22  56  13  1648  41436  357475  76  2  8  8  70530  29677  1  694  0  0  20  11  38431  0  3  2  25379  0  3  8  376  11  3020  0  13355  1754  270  0  25080  29454  40034  20  16  83  20  21  374  34  33  11  12  3  15  11  209381  7058  295  78291  64  46  81  154943  1  0  20675  19  0  0  0  2  1  1840  4  3  118  8  0  0  0  3  0  854  1  17  1  0  10  0  7  4  0  127  6  0  2  0  298  57094  0  0  0  33  0  0  1  0  292  0  0  0  25  9  1  8  25  0  20  13  0  1  0  57  0  0  0  0  7  0  6  0  2  1355  33  12  3  618  15  0  22  0  
0  0  0  80771  0  2  0  0  7  6  0  243  0  0  0  0  2035  2472  3  0  0  0  1  33  0  558  1  0  0  0  0  34  0  147601  34471  11949  0  0  0  0  49085  0  2  10  3  0  245  254506  3039  0  0  2  0  0  51  4  1  0  0  0  0  0  1  0  9  25  5  1  0  0  1  0  20570  272663  0  0  0  0  0  0  0  0  0  0  0  0  0  0  0  0  0  0  0  0  0  0  0  0  0  0  0  0  0  0  0  0  0  0  0  0  0  0  0  0  0  0  0  0  0  0  1  0  0  0  0  0  0  0  0  0  0  0  0  0  0  0  0  0  0  1  0  0  0  0  0  0  1  0  
0  0  0  2396  0  0  0  0  0  0  0  451  27  2  0  0  36  187  0  0  0  0  1  884  1  77648  0  0  7  0  0  0  216268  0  451539  266858  34  317946  0  1  11019  0  108215  0  0  0  446  63995  40  9  0  0  0  0  117  0  0  0  4  0  4  0  0  16  0  0  0  0  0  0  0  1635  528185  84295  0  0  0  0  0  0  0  0  0  0  0  0  0  0  0  0  0  0  0  0  0  0  0  0  0  0  0  0  0  0  0  0  0  0  0  0  0  0  0  0  0  0  0  0  0  0  0  0  0  0  0  0  0  0  0  0  0  0  0  0  0  0  0  0  0  0  0  0  0  0  0  0  0  0  
1  0  0  671  0  2  1  1  9  15  0  234  7  0  0  0  44059  12643  18  0  0  1  95683  2905  0  184  0  0  0  2  0  24119  39083  474789  0  0  502  39350  0  2  456  0  313472  156  2  0  979  289398  108  2168  1  0  0  0  86  0  5  0  1010  243  1318  0  6  65  31  23  1  2  0  2  0  71995  120109  26  0  0  0  0  0  0  0  0  0  0  0  0  0  0  0  0  0  1  0  0  0  0  1  0  0  0  1  0  0  0  0  1  0  0  0  1  0  0  0  0  5  0  0  0  1  0  0  0  0  0  0  0  0  0  0  0  0  0  0  0  0  0  0  0  0  11  1  0  0  0  1  0  0  0  
0  0  0  23  0  0  0  0  0  0  0  0  0  0  0  0  3  1  0  0  0  0  0  0  4  220188  0  0  0  0  0  0  16204  311768  7  0  0  4704  0  0  120443  0  0  0  0  0  0  20442  87  0  0  0  0  0  3076  0  0  0  0  0  0  0  0  0  0  0  0  0  0  0  0  0  43510  160551  0  0  0  0  0  0  0  0  0  0  0  0  0  0  0  0  0  0  0  0  0  0  0  0  0  0  0  0  0  0  0  0  0  0  0  0  0  0  0  0  0  0  0  0  0  0  0  0  0  0  0  0  0  0  0  0  0  0  0  0  0  0  0  0  0  0  0  0  0  0  0  0  0  0  
0  39307  0  0  0  0  0  0  0  0  0  0  0  0  0  0  10  0  5  0  83375  0  3824  0  0  0  0  0  0  0  0  1  0  43  1187  0  0  448107  0  0  1  0  167598  56  0  0  0  376  0  503756  0  0  0  0  3  0  0  0  115193  530631  4232  0  0  0  0  0  0  1  0  0  0  803694  17613  0  0  0  0  0  0  0  0  0  0  0  0  0  0  0  0  0  0  0  0  0  0  0  0  0  0  0  0  0  0  0  0  0  0  0  0  0  0  0  0  0  0  0  0  0  0  0  0  0  0  0  0  0  0  0  0  0  0  0  0  0  0  0  0  0  0  0  0  0  0  0  0  0  0  0  
0  22412  0  4  0  0  0  2  5  1  0  0  0  0  1  0  1  6  16436  0  217  215  2212  0  17  839  0  0  0  0  0  3  0  319538  55071  132  409892  0  0  0  70  3  190763  8406  58  0  1  5357  6  30358  109  1  0  4  185  1  41  0  365736  75054  41051  0  0  0  7  8  0  54  2  1  0  854262  1345777  6  0  0  0  0  0  0  0  0  0  0  0  0  0  0  0  0  0  0  0  0  0  0  0  0  0  0  0  0  0  0  0  0  0  0  0  0  0  0  0  0  0  0  0  0  0  0  0  0  0  0  0  0  0  0  0  0  0  0  0  0  0  0  0  0  0  0  0  0  0  0  0  0  0  0  
15457  0  0  3  782  6439  0  0  0  1  0  118  109774  174532  93  201  1  371  0  0  0  0  2  18860  0  6  0  0  0  0  9  2279  0  1  0  0  0  0  0  8568  14  0  0  4  1  0  80697  1  75970  0  0  24826  363  9  0  0  2  0  0  0  0  11441  332  112553  2  278  1  47  1  379  0  0  25  0  0  0  0  0  0  0  0  0  0  0  0  0  0  0  0  0  0  0  0  0  0  0  0  0  0  1  0  0  0  0  0  0  0  0  0  0  0  0  0  0  1  0  0  0  0  0  0  0  0  0  0  0  0  0  0  0  0  0  0  0  0  0  0  0  0  8  0  0  0  0  0  0  0  0  
959  0  0  770  3733  1867  2  2  1  7  0  223017  1216  233027  1760  60  5  154  3  0  0  0  0  134  0  12  0  0  12  0  0  100  0  0  0  0  0  0  4625  0  105  0  0  3  84  0  1349  1  194577  0  0  24544  5313  172  6  3  5  2  0  0  0  115  7  812  1  107  30  31540  52  17  1  0  1  0  0  0  0  0  0  2  0  0  0  0  0  0  0  0  0  0  0  0  0  0  0  0  0  0  0  0  0  0  0  0  0  0  0  0  0  0  0  0  0  0  0  0  0  0  0  0  0  0  0  0  0  0  0  0  0  0  0  0  0  0  0  0  0  0  0  12  0  0  0  0  0  0  0  0  
314  1  3  124219  2102  2047  694  843  2733  19021  0  234  0  140  1106  271  42450  62155  14166  28  1  97  3266  15  26  399176  136  8  161  139  4  4792  42132  11071  8  118413  0  2  42  3262  0  4  50  53083  7470  5  494  243426  192150  2  176  2030  1837  1475  135349  2935  1806  2075  31  32  514  0  132  41  5265  7334  43750  5981  655  115  318  0  91312  86000  2  0  0  10  3  1  5  2  146  16  0  3  0  1  0  0  4  27  15  0  12  0  26  2  3  293  11  0  4  0  48  93  0  0  1  84  0  0  2  0  794  0  7  4  30  24  3  128  30  0  6  13  1  4  0  116  1  0  2  1  20  0  4  0  2  590  86  11  4  0  29  0  42  0  
0  456772  0  22  0  2  0  1  0  1  74890  0  0  0  0  0  0  6  130139  124201  6  413687  0  0  2  0  0  0  0  0  0  1  0  0  0  0  0  0  0  0  0  0  0  164297  521  0  0  6  14  0  46890  0  0  11  14  0  709058  31028  1091  0  9305  0  0  0  5  7  0  88  2  0  0  0  8  0  0  0  0  0  0  0  0  0  0  0  273  0  0  0  0  0  0  0  0  0  0  35  0  0  0  0  0  0  0  0  0  0  0  0  0  0  0  0  0  0  0  49  0  0  0  0  0  0  0  0  0  0  0  0  0  0  0  0  0  0  0  0  0  0  0  0  0  0  0  0  0  0  0  0  
0  0  0  0  0  7  0  1  30  40  0  0  0  0  0  1  2414  4546  53  0  51  6  351259  3043  9  383  0  0  0  8  0  1405  0  157379  385271  0  131334  206529  0  1  1013  0  0  420  3  0  22  72989  87  130307  6  1  0  1  179  1  22  2  8981  356  5848  0  12  509  89  33  1  9  0  3  1  129579  88960  1  0  0  0  0  0  0  1  0  7  1  0  0  0  0  0  0  0  1  1  0  0  0  1  0  0  9  1  0  0  0  1  7  0  0  0  3  0  0  0  0  20  0  0  0  0  0  0  1  1  0  6  1  0  0  0  5  0  0  0  0  2  0  0  0  0  25  3  1  0  0  2  0  1  0  
38  5882  3  6389  306  1332  1279  3449  5881  190582  787893  103  0  22  188  304  108  17563  18638  100811  8  836064  113621  8  717  17317  29  0  123  18719  3  2267  1  0  2  1  1  765  3  999  82329  178386  59  0  22700  3  1916  3180  22543  206  26912  981  360  2736  30086  846  102710  332865  5308  509  164373  0  41  11  320025  12746  735  11055  3006  53  309  2  34603  77  0  0  0  0  0  0  0  0  27  7  5400  0  0  2  0  0  0  4  1  0  3  204  2  0  0  43  1  0  1  10  5  23  0  0  0  13  0  0  0  0  94  49  0  163  7  4  1  5  4  0  11  1  0  0  0  21  0  0  0  0  6  0  0  0  0  188  13  1  0  0  3  0  7  0  
74  1  196525  295075  453  6360  1980  56611  31402  182  0  5019  0  65  717  33057  3460  10259  2240  6  0  3  24  8  41  58504  48  658476  650071  68  3  1226  10  0  0  0  0  1  8  558  4995  0  1  1242  0  340554  1488  22239  70660  0  332  3278  495  6016  1611  1256  5443  231  90  123  280  0  127  20  1899  23787  436966  157897  214977  116  9124  0  2076  2  0  0  0  0  1  0  2  1  24  1  0  2  0  0  0  0  0  3  0  0  0  0  3  0  0  27  1  0  0  0  0  10  0  0  0  12  0  0  0  0  48  0  0  0  4  2  0  1  1  0  0  1  0  0  0  13  0  0  0  0  0  0  0  0  0  101  6  2  1  0  4  0  1  0  
0  0  233306  48  7  38  25  169553  126624  0  0  1  0  0  7  13255  6  46  23  0  0  0  0  0  0  39  10528  72663  1766  241233  0  6  0  0  0  0  0  0  0  10  71  0  0  14  210853  0  1  77  493  0  0  29  15  355  15  295  28  1  0  0  0  0  0  0  54  516  141630  7  457  0  104409  0  3  0  0  0  252  0  0  0  0  41  3559  0  0  0  0  0  0  411  0  0  0  0  0  0  0  0  0  0  0  0  0  767  0  0  0  0  0  0  0  0  0  0  0  0  0  0  0  4607  0  0  0  0  0  0  0  0  0  0  0  0  0  0  0  0  0  0  0  2  0  0  0  0  8362  0  0  0  
11248  0  0  44  1224  15437  6  1  18  12  0  1547  112475  3745  349  135  218  181428  8  0  2  0  215  182044  0  195  1  0  1  1  1480  46810  67  53  432  0  0  0  79236  461  451  0  173  313  70  0  0  2671  68340  0  5  4862  1194  716  33  6  2  2  0  0  2  736  13735  156156  57  525  207  353  279  2678  2  0  855  1  0  0  0  0  0  0  1  0  4  0  0  0  0  0  0  0  0  1  0  0  0  0  0  0  0  3  0  0  0  0  0  6  0  0  0  0  0  0  0  0  11  0  0  0  0  0  0  1  1  0  4  0  0  0  0  5  0  0  1  1  1  0  1  0  0  39  0  1  0  0  1  0  1  0  
13  0  2  805  24  232  42  10  506  5182  0  242  7  3  13  27  286923  177823  843  18  13  10  22557  5049  92  2032  29  3  119  64  15  15631  213060  28531  323435  8478  205  21008  6  61  176528  1  128295  3252  3312  4  26127  0  65522  1542  192  169  21  52  7154  752  552  130  2031  91  796  0  209  53  1984  3267  6641  267  203  116  50  12100  619613  70181  0  0  0  10  4  2  17  2  237  37  0  10  0  9  1  0  3  34  9  0  11  2  38  3  0  328  15  0  4  2  25  211  0  0  0  84  4  0  1  0  1276  0  10  6  34  15  3  151  45  0  10  24  2  4  0  136  3  1  1  5  30  0  5  0  5  1227  68  26  3  0  31  0  31  0  
47961  0  1802  400180  35298  41987  1703  1708  2124  12997  0  158427  4152  93848  15071  3634  114559  263390  50635  12  2  16  191  3843  90  6995  30  3  1497  49  153  47849  1708  14  31  3  0  1  70567  217998  199886  0  38  9376  107243  5  70455  25861  0  0  286  84463  35076  32709  5394  1271  21770  5770  44  52  120  1235  3484  14684  2902  14963  11881  165256  26659  4269  142  0  4857  63  0  0  0  2  0  20  4  0  55  5  0  4  0  1  0  1  1  10  2  0  1  2  10  0  0  75  8  0  2  0  9  91  0  0  0  27  0  0  0  0  173  0  1  0  9  9  1  16  10  0  3  3  0  1  0  33  2  0  2  0  2  0  2  0  0  941  33  3  0  0  7  0  17  0  
0  2  0  2  0  0  0  0  0  3  0  0  0  0  0  0  59  29  1  0  307995  7  226117  0  9  23  0  0  0  0  0  34  0  0  2304  0  445444  116642  0  0  57  0  217341  524  11  0  0  4329  2  0  3  1  0  1  57  3  0  0  68449  264728  74385  0  0  0  8  0  0  5  0  0  0  66762  124868  0  0  0  0  0  0  0  0  0  0  0  0  0  0  0  0  0  0  0  0  0  0  0  0  0  0  0  0  0  0  0  0  0  0  0  0  0  0  0  0  0  0  0  0  0  0  0  0  0  0  0  0  0  0  0  0  0  0  0  0  0  0  0  0  0  0  0  0  0  0  0  0  0  0  0  
0  254631  0  126  0  6  1  18  11  2  0  1  0  0  1  3  0  27  2732  0  51690  120717  4  0  20  25  0  0  0  1  0  3  0  0  0  0  0  42  0  1  28  18864  0  24094  663  0  0  10  75  0  0  1  0  22  246  2  14424  31  53227  2244  216322  0  0  0  47  32  7  322  50  0  2  0  367  0  0  0  0  0  0  0  0  0  0  0  0  0  0  0  0  0  0  0  0  0  0  92  0  0  0  0  0  0  0  0  0  0  0  0  0  0  0  0  0  0  0  0  0  0  0  0  0  0  0  0  0  0  0  0  0  0  0  0  0  0  0  0  0  0  0  0  0  0  0  0  0  0  0  0  
108013  0  5  305  40390  51256  773  765  79  44  0  244703  9  289308  704033  3211  52  3264  533  0  0  1  4  1513  18  1243  7  0  25004  3  3  1670  3  0  0  0  0  0  46474  76054  490  0  0  94  2680  0  4798  138  48440  0  94  0  215393  189214  874  98  1091  72  8  16  29  48411  89  2638  132  4245  2262  237092  5352  248  11  0  208  0  0  0  0  0  0  7  0  0  1  0  0  0  0  0  0  0  0  0  0  0  0  0  2  0  0  2  0  0  0  0  0  7  0  0  0  0  0  0  0  0  4  0  0  0  0  0  0  0  0  0  0  0  0  0  0  2  0  0  0  0  1  0  0  0  0  158  2  0  0  0  0  0  3  0  
124421  0  0  12  101752  23577  42  1  3  8  0  158  1  365  568513  57787  28  827  11  0  0  0  4  60  0  32  0  0  1  1  2  1331  0  0  0  0  0  0  72  3484  71  0  0  6  22  0  246  29  10083  0  2  377509  0  61986  17  6  11  0  1  0  0  15  73  132  22  1052  195  150  78  79  2  0  17  0  0  0  0  0  0  5  0  0  1  0  0  0  0  0  0  0  0  0  0  0  0  0  0  0  0  2  0  0  0  0  0  5  0  0  0  0  0  0  0  0  1  0  1  0  0  0  0  0  0  0  0  0  0  0  0  1  0  0  0  0  0  0  0  0  0  91  0  0  0  0  0  0  1  0  
709  1  10  4255  4264  83274  41789  102818  4393  9  0  94  0  18  647685  723191  44  2021  600  1  0  2  2  8  69  8794  24  2  3627  38  0  381  0  0  0  0  0  0  8  822  879  0  0  205  12347  10  823  350  42102  0  136  305458  72586  0  2866  271  811  91  10  22  61  1  27  26  1167  15726  15829  151441  258888  53  220  0  1027  0  0  0  0  0  5  10  0  1  0  0  0  0  0  1  0  0  0  1  0  0  0  0  0  0  0  1  0  0  0  0  0  6  0  0  0  0  0  0  0  0  3  0  0  0  0  0  0  1  0  0  0  2  4  0  0  1  0  0  0  0  0  0  0  0  1  115  0  0  0  0  0  0  0  0  
1  2  3  377  14  279  608  805  14383  149  2  0  0  3  18  26  62  3591  7627  30  2  191  856  0  194993  312204  1225  3  150  480  0  312  18  237  0  9711  0  26  0  23  96398  8  12  42142  1918  1  69  1846  4384  21  180  99  20  653  0  33522  7419  1488  174  19  1572  0  4  2  26949  3308  4452  8805  209  11  1592  0  311587  87  0  0  0  1  0  0  0  1  3  0  0  0  0  0  0  0  0  2  1  0  0  0  1  0  0  7  2  0  0  0  1  2  0  0  0  2  0  0  1  0  21  0  0  0  2  0  0  2  1  0  0  1  0  0  0  4  0  0  0  0  1  0  0  0  0  48  6  1  0  0  1  0  5  0  
2  2  0  59  3  232  377  305  38376  37  3  1  0  0  12  9  74  2506  9570  100133  0  0  8  0  518032  230609  860326  227  4418  18554  0  389  4  0  1  0  0  1  0  17  7153  1  0  11567  30098  77  55  2316  4009  0  142  210  14  721  96893  0  11400  109179  88  6  129  0  12  0  209426  9187  241781  9385  3118  15  246211  0  41493  1  0  0  0  0  1  0  0  1  5  1  0  0  0  1  0  0  0  0  0  0  0  0  0  0  0  4  3  0  0  2  0  4  0  0  0  0  0  0  0  0  11  0  0  0  5  0  0  0  1  0  1  0  0  0  0  1  0  0  0  0  0  0  0  0  0  26  2  0  0  0  1  0  3  0  
1  393196  0  197  0  20  20  5  67  10  1617  0  0  0  20  1  11  198  1354544  1369  4  180342  8  0  51483  47  4  0  16  2  0  22  0  0  0  0  0  12  0  1  707  598139  1  82849  5117  0  4  174  986  0  49972  50  2  311  364  4515  0  113906  168246  38  31404  0  1  0  23496  58  80  34220  31  1  11  0  126037  0  0  0  0  0  0  0  0  0  0  0  0  0  0  0  0  0  0  0  0  0  0  0  0  0  0  1  0  0  0  0  0  0  0  0  0  0  0  0  0  0  1  0  0  0  0  0  0  0  0  0  0  0  0  0  0  0  0  0  0  0  0  0  0  0  0  3  0  0  0  0  0  0  0  0  
1  5058  0  320  3  25  24  9  207  8  259095  0  0  0  11  3  2  203  595976  451167  0  25932  7  0  46042  316  16  0  5  17  0  14  1  0  1  0  0  0  0  0  251  52430  1  246477  6433  0  2  246  847  0  11460  36  0  157  1411  104036  184089  0  2364  1  3001  0  0  0  186521  161  231  4061  25  1  27  0  2555  0  0  0  0  0  0  0  0  0  0  1  4  0  0  0  0  0  0  0  0  1  0  0  0  0  0  2  0  0  0  0  0  0  0  0  0  1  0  0  0  0  1  0  0  0  0  0  0  0  0  0  0  0  0  0  0  0  0  0  0  0  0  0  0  0  0  5  0  0  0  0  0  0  0  0  
0  288062  0  895  1  41  34  19  9  6  0  0  0  0  18  2  4  84  238203  11  5431  11621  1387  0  245  102  0  0  2  1  0  11  0  0  4  0  103135  425219  0  0  373  428  212  35705  8324  0  3  249  236  860  144279  6  1  288  779  7  131789  266  0  226458  104571  0  0  1  205  177  26  3356  79  0  2  222  193955  2  0  0  0  0  0  0  0  0  0  0  0  0  0  0  0  0  0  0  0  0  0  0  0  0  0  1  0  0  0  0  1  0  0  0  0  0  0  0  0  0  1  0  0  0  0  0  0  0  0  0  0  0  0  0  0  0  0  0  0  0  0  0  0  0  0  0  0  0  0  0  0  0  0  0  
0  118910  0  183  0  6  4  7  11  2  0  0  0  0  2  1  2  36  108  0  401210  324  3675  0  32  36  0  0  0  0  0  1  0  0  181  0  485403  119395  0  0  41  14  610  18699  1104  0  0  194  56  257870  54062  3  0  35  819  0  126  0  225141  0  189737  0  1  0  21  42  9  396  32  0  2  154638  42544  0  0  0  0  0  0  0  0  0  0  0  0  0  0  0  0  0  0  0  0  0  0  0  0  0  0  0  0  0  0  0  0  0  0  0  0  0  0  0  0  0  0  0  0  0  0  0  0  0  0  0  0  0  0  0  0  0  0  0  0  0  0  0  0  0  0  0  0  0  0  0  0  0  0  0  
1  69551  0  812  3  64  56  108  224  80  4717  0  0  0  29  6  9  274  2053  257  492850  876463  294831  2  1033  250  0  0  0  9  0  47  0  0  58  0  1800  86798  0  3  647  22980  1426  194807  5210  0  5  341  587  61318  251881  20  2  382  14317  46  22113  6730  90006  177479  0  0  3  0  355  243  38  7140  170  1  11  624  66071  1  0  1  0  0  0  0  0  0  0  5  58  0  0  0  0  0  0  0  0  0  19  74  1  0  0  4  0  0  0  0  1  0  0  0  0  1  0  0  0  0  6  4  0  15  0  0  0  1  0  0  109  1  0  0  0  0  0  0  0  0  49  0  0  0  0  3  0  1  0  0  1  0  0  0  
96919  0  0  1  7  100  0  0  0  0  0  1  39104  39976  106669  0  0  5  0  0  0  0  0  175172  0  0  0  0  0  0  0  28  0  0  0  0  0  0  22384  55  0  0  0  0  0  0  161  0  215  0  0  73945  43  0  0  0  0  0  0  0  0  0  4  60274  1  3  0  2  0  5  0  0  0  0  0  0  0  0  0  0  0  0  0  0  0  0  0  0  0  0  0  0  0  0  0  0  0  0  0  0  0  0  0  0  0  0  0  0  0  0  0  0  0  0  0  0  0  0  0  0  0  0  0  0  0  0  0  0  0  0  0  0  0  0  0  0  0  0  0  0  0  0  0  0  0  0  0  0  
19  0  0  1  7  29080  1  2  10  20  0  2  271  44  0  0  12  11015  2  0  1  2  253  321508  0  127  0  0  0  0  263036  309069  0  0  2  0  0  0  1114  1  452  0  26  350  4  0  42956  151  266  0  0  14  2  3  35  2  1  0  0  0  3  16  0  91612  48  20  1  3  1  88793  1  0  904  0  0  0  0  0  0  0  2  0  2  0  0  0  0  0  0  0  0  0  0  0  0  0  2  6  0  6  1  0  0  0  52  7  0  0  0  3  0  0  0  0  11  0  0  0  2  0  0  0  1  0  3  1  0  0  0  5  0  0  0  0  2  0  1  0  0  25  4  0  0  0  0  0  0  0  
37399  0  0  4  3407  28196  0  1  0  8  0  240  45130  40332  184  1100  25  3620  6  0  0  1  32  724418  0  13  0  0  0  0  418  26189  0  4  41  0  0  0  188317  975  66  0  244  35  5  0  193675  45  13350  0  0  2834  763  24  2  0  2  1  0  0  1  91677  40379  0  3  1729  9  46  13  11895  0  0  255  0  0  0  0  0  0  2  1  1  2  0  0  0  0  0  0  0  0  0  0  0  0  0  1  0  0  2  0  0  0  0  0  11  0  0  0  1  0  0  0  0  6  0  0  0  1  0  0  1  1  0  0  0  0  0  0  1  0  0  0  0  0  0  0  0  0  118  0  0  0  0  0  0  0  0  
2  218  2  1164  14  488  2470  960  51104  5884  363936  8  0  2  27  13  142  6545  117363  589025  0  5251  77  1  5501  4562  313095  5  987  729223  1  1277  6  0  0  0  0  5  0  86  7254  2635  6  331181  23028  7  373  3368  7221  1  5827  410  17  1133  26369  105156  121366  208774  2699  82  4146  0  28  9  0  25986  3771  6256  433  34  135440  0  28305  4  0  0  0  0  0  1  1  0  14  10  8148  1  0  2  0  0  0  3  1  148  0  3  0  0  0  19  2  0  2  436  0  5  0  0  0  1  0  0  0  0  37  0  0  0  1  0  0  2  3  0  1  0  0  0  0  9  1  0  0  0  0  0  0  0  28  105  14  0  0  0  2  0  4  0  
704  0  6  746  308  408248  211307  179636  316807  324935  7  39  0  51  203  7137  414  38767  2780  10  0  46  150  416  17  8079  230  12  1702  53462  11  103836  29  0  5  1  0  1  80  381  16825  0  74  19738  11790  28  1001  9334  33458  1  107  3022  385  3888  8475  3755  757  276  14  7  31  4  161  1810  51205  0  6517  3135  4316  249  488  0  17870  521  1113  0  1  9  239  20005  1782  3119  4315  233  1  3  0  22  109  229  5  157  7  0  2  66  119  29  1  570  104  5  222  42  30  3440  0  0  0  99  0  0  37  0  1693  0  6  2  3056  200  59  56  96  0  6  135  160  97  0  861  1  1  2  0  15  104  53  36  13  398752  779  14  112  74  2114  0  541  0  
6  0  54381  53535  53  2204  2783  448  25973  24  0  0  0  3  117  1483  478  4456  1382  17  0  3  3  3  76  755277  307762  413196  6743  34432  2  553  12  0  0  0  0  0  1  11  41900  0  0  4725  267084  144720  25  5779  9912  0  37  251  86  2989  17596  288821  292  1317  11  6  20  0  21  5  8522  34783  0  6682  18973  20  101361  0  562  1  1  0  0  0  0  1  1  0  13  0  0  0  0  1  1  0  0  1  0  0  0  0  0  0  0  11  1  0  1  0  1  4  0  0  0  5  0  0  0  0  18  0  0  0  1  3  0  0  1  0  0  0  0  0  0  3  0  0  0  0  0  0  0  0  0  45  4  2  0  0  4  0  2  0  
648  2  0  114179  1982  6756  1149  86  814  20  0  194692  0  673  210547  526  32  4149  2048  3  0  5  6  33  145  8055  16  0  368639  9  1  790  1  0  0  0  0  1  282  11163  871  0  1  194  313565  17  6711  81  128112  0  388  317456  1855  117158  5387  466  4980  292  53  60  137  17  92  81  298  3712  13041  0  104791  75  535  0  1440  0  0  0  0  0  0  2  0  0  0  0  0  0  0  0  0  0  0  2  0  0  0  1  0  0  0  0  0  0  0  0  0  2  0  0  0  0  0  0  0  0  3  0  0  0  0  0  0  0  0  0  0  0  0  0  0  0  0  0  0  0  1  0  0  0  0  189  0  0  0  0  0  0  2  0  
107  0  42903  8014  651  9930  11102  131134  11835  13  0  101  0  74  56943  144125  288  2667  1307  0  0  3  4  4  5  5516  26  51  421216  7  0  390  6  0  0  0  0  1  5  939  1184  0  0  207  195777  558  237  3174  15380  0  13  10408  912  313642  381  458  1788  136  3  4  20  0  24  10  297  21320  41464  95159  0  22  8613  0  323  0  0  0  0  0  0  0  1  0  7  0  0  0  0  0  1  0  0  3  0  0  0  0  0  0  0  9  2  0  0  0  0  5  0  0  0  3  0  0  0  0  18  0  0  0  2  1  0  0  1  0  0  1  0  0  0  5  0  0  0  0  1  0  0  0  1  45  2  0  0  0  1  0  1  0  
70472  0  0  0  72420  367956  0  0  4  14  0  0  0  31  5  128083  4  2147  0  0  1  2  96  143768  0  61  0  0  0  2  305098  198002  0  0  0  0  0  0  107  12  207  0  3  139  2  0  2004  62  481  0  1  54  7  0  12  2  1  0  0  0  1  1  82951  25566  24  58  1  3  2  0  0  0  524  0  1  0  0  0  0  2053  1  0  2  0  0  0  0  0  0  964  0  0  0  0  0  0  1  22  0  3  0  0  0  0  4192  572  0  0  0  0  0  0  0  0  13  0  0  0  0  0  0  1  0  0  0  0  0  0  0  2  0  0  0  0  1  0  14  0  1  53  0  0  0  1612  2  0  1  0  
0  0  4  15  1  66  81  100  324159  19  0  1  0  0  5  13  35  997  2270  987  0  0  2  1  39  2068  49772  81  756  371400  0  110  2  0  0  0  0  0  0  2  3070  0  1  647  5026  109069  6  1743  1195  0  16  35  2  380  1439  191738  1372  153  9  1  13  0  2  1  79593  6663  87395  202  873  4  0  0  310  0  0  0  0  0  0  1  1  2  3984  25  35  0  0  0  0  1  0  1  0  1  0  2  0  0  0  3  0  0  0  20988  0  0  0  0  0  1  0  0  0  0  17  0  0  0  2  27  0  0  0  0  0  0  0  0  0  2  0  0  0  0  0  0  0  0  1  35  1  1  0  0  146033  0  0  0  
0  0  0  2  0  0  0  0  2  0  0  0  0  0  0  0  6  0  0  0  5  2  827  0  4  3  0  0  0  1  0  2  0  341  45110  0  1001935  823699  0  0  12  0  76771  87  1  0  0  2805  0  92059  0  0  0  0  14  0  1  1  26807  152956  6343  0  0  0  1  0  0  4  0  0  1  0  120599  0  0  0  0  0  0  0  0  0  0  0  0  0  0  0  0  0  0  0  0  0  0  0  0  0  0  0  0  0  0  0  0  0  0  0  0  0  0  0  0  0  0  0  0  0  0  0  0  0  0  0  0  0  0  0  0  0  0  0  0  0  0  0  0  0  0  0  0  0  0  0  0  0  0  0  
10  75  0  1516  20  412  338  238  1566  1152  6  3  0  4  213  40  1289  33232  331086  1211  147  692  52489  36  834534  41545  3  0  41  167  5  12190  30022  478922  153171  21463  4509  1519289  1  44  46786  23  161316  94690  18077  0  166  634339  6038  60711  12897  83  18  3298  451071  59602  104860  2719  156079  30159  120968  0  230  73  42668  1619  190  76761  242  131  61  96257  0  16936  0  0  0  3  0  2  3  3  85  7  0  0  0  1  0  0  3  8  2  0  3  1  15  1  0  90  6  0  1  0  18  86  0  0  0  22  0  0  0  0  367  0  5  4  10  7  1  58  16  0  11  6  2  3  0  41  1  0  0  1  16  0  0  0  1  261  29  7  0  0  15  0  23  0  
0  0  0  172  3  2  0  0  5  774  0  0  0  0  0  0  26  1938  4  0  0  0  20  0  0  435  0  0  0  1  1  65  289177  66415  44  147391  0  1  0  5  69648  0  1  353  60  0  3  114891  1260  0  3  15  1  1  663  2  17  1  0  0  1  0  2  0  18  241  2  22  1  0  1  0  33168  0  0  0  0  1  0  0  0  0  10  2  0  0  0  0  0  0  0  1  1  0  2  0  1  0  0  8  0  0  0  0  1  2  0  0  0  4  0  0  0  0  66  0  1  0  3  0  0  8  0  0  0  0  0  0  0  1  0  0  0  0  2  0  0  0  0  57  1  0  0  0  1  0  1  0  
0  0  0  0  1  32  0  0  0  0  0  0  0  0  0  0  0  0  0  0  0  0  0  3  0  0  0  0  0  0  226  0  0  0  0  0  0  0  0  0  1  0  0  0  0  0  0  0  1  0  0  0  0  0  0  0  0  0  0  0  0  0  0  0  0  23  0  0  0  91  0  0  0  0  0  0  0  20  169912  46370  104  9  148  4  0  90  3554  5045  41581  57866  2  88  3  0  0  0  14  367050  0  21  9  0  4  0  86141  7925  0  0  0  5  0  0  64644  0  172  0  1  1  220  18  5084  1  6294  0  1  26825  245354  102  0  668  0  0  0  0  0  245866  3988  14691  14  4632  29  36  12  72989  91  0  34  0  
0  0  0  0  0  0  0  0  0  0  0  0  0  0  0  0  0  0  0  0  0  1  0  0  0  0  0  0  0  0  0  0  0  0  0  0  0  0  0  0  0  0  0  0  0  0  0  0  0  0  0  0  0  0  0  0  0  0  0  0  0  0  0  0  0  0  0  0  0  0  0  0  1  0  0  0  0  2  0  0  0  0  7  0  0  0  0  0  0  0  0  1  547150  0  290589  4  5  0  1  6  0  0  0  0  1  0  0  0  0  2  1574  5300  0  0  8  200782  0  13  1  0  0  0  5  1  289007  0  0  1  0  5  10977  2  162371  149645  5858  0  0  0  0  2  1  1  0  0  0  547  271  0  
0  0  1434  0  0  0  0  703  23  0  0  0  0  0  0  717  0  0  0  0  0  0  0  0  0  0  1  0  0  5  0  0  0  0  0  0  0  0  0  0  0  0  0  0  0  293  0  0  0  0  0  0  0  0  0  0  0  0  0  0  0  0  0  0  0  0  0  0  0  0  2  0  0  0  0  0  0  0  0  0  332  15128  91  0  0  0  0  0  0  392896  0  0  0  0  0  0  0  0  0  5  86625  108336  228363  50758  0  0  0  0  0  1  0  0  0  0  11  0  0  0  341244  352004  0  0  0  0  0  0  0  18  0  5  0  0  0  0  0  0  0  0  0  3  106013  0  297  0  50  0  1  0  
0  0  0  0  0  1  0  0  0  0  0  0  0  0  0  0  0  0  0  0  0  0  0  0  0  0  0  0  0  0  0  0  0  0  0  0  0  0  0  0  0  0  0  0  0  0  0  0  0  0  0  0  0  0  0  0  0  0  0  0  0  0  0  0  0  14  0  0  0  0  0  0  0  0  21  0  0  0  42  175  514  99  2784  95  0  327201  0  85  100  28  491  1425  113  0  1  0  38  11  2  431444  198  101482  108878  1  1  25  17783  529  135  4172  0  0  77  58  97601  0  0  27  92109  386  398  746  449315  0  5  528  103  224  587  11528  38  10  4  1  4  8  10  7  229  2001  1915  109398  1070  0  2303  0  177  17  
0  0  0  0  3  12  0  1  0  0  0  0  0  0  0  18  0  0  0  0  0  0  0  0  0  0  0  0  0  0  0  0  0  0  0  0  0  0  0  0  0  0  0  0  0  0  0  0  0  0  0  0  0  0  0  0  0  0  0  0  0  0  0  0  0  154  0  0  0  0  0  0  0  0  120417  0  0  44  0  255048  1179  245  2131  7  0  428  0  2488  81883  428670  1  118  20  0  0  0  38  95  1  339  458  1  31  0  24  5753  0  0  0  120  1  0  2897  0  684  0  0  16  242  225  6231  6  9128  0  3  11398  511278  2353  3  11428  22  14  0  2  5  11335  241  1471  128  5775  2144  114  272  31533  895  0  105  0  
2  0  0  0  22  10727  264  47  1  1  0  0  0  0  0  2447  1  10  1  1  0  0  2  1  0  0  0  0  0  0  70  1075  0  0  0  0  0  0  0  1  0  0  0  0  0  0  1  1  17  0  0  2  0  0  0  0  0  0  0  0  0  0  0  3  1  16461  0  0  0  683  0  0  2  0  37934  0  0  32  490916  0  301874  10699  2970  6  0  2535  4  2786  99287  684044  8  706  18  0  3  1  237  149844  1  244  128  1  31  0  5651  198169  0  0  0  59  1  0  1092  1  901  0  1  11  755  2492  3752  20  5176  0  10  16280  59219  89176  2  4192  4  6  8  0  14  674  73164  51199  46  542743  515  122  1107  195958  650  0  782  0  
0  0  0  0  0  438  5146  133  4  0  0  0  0  0  0  3321  0  1  0  0  0  0  1  0  0  0  0  0  0  0  0  2  0  0  0  0  0  0  0  0  0  0  0  0  0  0  0  0  0  0  0  0  0  0  0  0  0  0  0  0  0  0  0  0  0  594  0  0  0  0  0  0  1  0  41  0  3  159  541  376269  0  325288  35855  4  0  292  0  169  12003  431163  2  349  19  0  2  0  135  14  1  1124  157  9  651  1  1  255  0  0  0  63  0  0  15  0  862  0  1  5  1257  7807  510  13  1220  0  6  10464  2779  328476  6  16186  17  2  6  0  10  34  35  28  202  223820  479  1362  9166  0  24603  0  577  0  
0  0  4  0  0  41  2374  35209  7246  0  0  0  0  0  0  11927  0  2  0  0  0  0  0  0  0  1  0  0  0  21  0  1  0  0  0  0  0  0  0  0  2  0  0  0  1  88  0  8  0  0  0  3  0  0  4  0  0  0  0  0  0  0  0  0  0  3521  0  0  0  0  2  0  8  0  3  0  1781  39  23  4101  280609  0  122195  7  0  3  0  4  51  441041  13  1901  50  0  3  3  895  42  2  397  84  4  146219  41  2  25  0  0  0  41  1  0  2  0  3041  0  7  4  59950  190314  95  35  575  0  24  32  84  26129  0  4381  23  1  16  3  20  2  233  13  323  224619  273  49  370031  0  4520  0  2004  0  
0  0  42  0  0  0  22  555  65145  148  0  0  0  0  0  69  0  5  0  0  0  3  0  0  0  0  0  0  0  20930  0  3  0  0  0  0  0  0  0  0  3  0  0  17  0  2306  0  6  6  0  0  0  0  0  5  0  0  0  0  0  0  0  0  0  7  2031  1  0  0  0  9341  0  2  0  7  0  171  518  22  73  53835  87357  0  65445  0  24  0  19  145  733  5  302  534  0  1  11  187  5  28  8231  1047  11  122  22461  1  8  0  0  1  2574  37  23  8  0  13488  0  2  15195  658  124529  55  70  1680  0  12  112  156  761  1  2725  473  41  21  58  411  2  22  1  6585  277921  3943  389  440  0  205612  1  573  0  
0  0  0  0  0  0  0  0  1191  200  0  0  0  0  0  0  0  15  0  0  0  54  0  0  0  0  0  0  1  5438  0  2  0  0  0  0  0  0  0  0  6  0  0  26  0  0  0  15  8  0  0  1  0  0  4  0  1  0  0  0  4  0  0  0  8  233  0  1  0  0  180  0  6  0  4  0  7  750  15  24  125  29  99099  0  1  28  0  19  21  2  19  177  401  0  10  4917  20130  3  34  16091  271  3  36  43600  3  20  0  0  2  2445  224  37  5  0  16221  1  17  98692  369  509  94  605  2075  0  95  65  65  119  1  1461  87  5  64  498  4255  2  8  2  1543  85928  1303  168  105  0  25283  3  508  0  
0  1  0  0  0  0  0  0  0  10  70151  0  0  0  0  0  0  0  0  12904  0  14755  0  0  0  0  10  0  0  29009  0  0  0  0  0  0  0  0  0  0  0  92  0  4101  0  0  0  0  0  0  0  0  0  0  0  0  0  1  0  0  43  0  0  0  2627  7  0  0  0  0  2  0  0  0  0  0  0  0  0  0  0  0  0  38  0  0  0  0  0  0  0  1  655  470183  0  85208  0  0  0  0  22  0  0  31234  0  0  0  0  0  0  0  0  0  0  0  136602  0  570398  1  0  0  1  0  0  4  0  0  0  0  2  246  138002  0  0  8  0  0  0  252914  0  0  0  0  0  3  0  0  0  
0  0  0  0  0  0  0  0  0  0  0  0  0  0  0  0  0  0  0  0  0  0  0  0  0  0  0  0  0  0  0  0  0  0  0  0  0  0  0  0  0  0  0  0  0  0  0  0  0  0  0  0  0  0  0  0  0  0  0  0  0  0  0  0  0  13  0  0  0  0  0  0  0  0  45  0  0  417340  577  1667  402  6  205  2  0  0  568  146044  1396  17  1846  25518  14  0  0  0  1  1506  0  2139  10  26  4010  0  0  104  9735  762  3999  24  0  0  6857  134398  75  0  1  0  456  17  1733  639  319348  0  1  95186  527  83  0  734  6  2  1  0  2  7  8  9  15  2695  34  256071  12  0  88  0  39  5  
0  0  0  0  0  0  0  0  0  0  0  0  0  0  0  0  0  0  0  0  0  0  0  0  0  0  0  0  0  0  0  0  0  0  0  0  0  0  0  0  0  0  0  0  0  0  0  0  0  0  0  0  0  0  0  0  0  0  0  0  0  0  0  0  0  0  0  0  0  0  0  0  0  0  2939  0  0  0  14  158  0  0  5  0  0  555  0  54760  3304  1  0  78  0  0  0  0  1  149059  0  2  0  0  1  0  19  83  0  12  18  1  0  0  145444  6  41  0  0  0  18  1  138261  0  89  0  0  35  7  0  0  9  0  0  0  0  0  122299  3832  59574  0  13  4  1  0  0  3  0  1  0  
0  0  0  0  0  1  0  0  0  0  0  0  0  0  0  0  0  0  0  0  0  0  0  0  0  0  0  0  0  0  0  0  0  0  0  0  0  0  0  0  0  0  0  0  0  0  0  0  0  0  0  0  0  0  0  0  0  0  0  0  0  0  0  0  0  31  0  0  0  0  0  0  0  0  7759  0  0  52  6441  5683  269  10  247  3  0  251061  53688  0  31125  18  0  384  4  0  0  0  9  2878  0  47  44  0  20  0  5  373  0  0  1  7  0  0  267361  85625  103  0  0  2  57  28  30438  1  166148  0  0  336606  4149  143  0  1303  2  3  0  0  0  47621  47  48  22  4010  135  1822  24  1  139  0  35  0  
0  0  0  0  0  1  0  0  0  0  0  0  0  0  0  0  0  1  0  0  0  0  0  0  0  0  0  0  0  0  0  0  0  0  0  0  0  0  0  0  0  0  0  0  0  0  0  0  1  0  0  0  0  0  0  0  0  0  0  0  0  0  0  0  0  73  0  0  0  0  0  0  0  0  48673  0  0  73  66546  84012  4051  118  806  3  0  1346  16269  67107  0  80611  0  183  10  0  0  0  39  74519  0  216  83  0  155039  0  1  237  0  0  0  90  0  0  14  0  330  0  0  10  6210  50  299  3  1236  0  1  1251352  1637379  535204  16  6066  11  2  1  0  2  133522  15  34  100  3985  794  185517  199221  0  561  0  123  0  
0  0  291  0  39  3774  271  19151  42  0  0  0  0  0  0  22516  0  1  0  0  0  0  0  0  0  0  0  0  0  0  1296  478  0  0  0  0  0  0  0  0  1  0  0  0  0  256  1  0  0  0  0  0  0  0  0  0  0  0  0  0  0  0  0  0  0  45  0  0  0  1642  0  0  0  0  69111  0  282777  45  561195  790638  591218  459128  829  1  0  26  0  45  113986  0  2  32  2  0  0  0  12  12820  0  237  42  272  279885  273  53808  468  0  0  0  18  0  0  8  0  173  0  0  2  72310  52334  32  2  402  0  0  265  71638  790804  1  2263  6  0  0  0  0  12  1705  1850  71  1747  249  196  206527  283368  846  0  39  0  
0  0  0  0  0  0  0  0  0  9  0  0  0  0  0  0  0  6  0  0  0  0  0  0  0  4  1  0  0  1  0  5  0  0  0  0  0  0  0  0  7  0  0  4  0  0  0  11  4  0  0  0  0  0  3  0  0  0  0  0  0  0  0  0  0  17  1  0  0  0  0  0  7  0  6  0  0  632  2  6  43  25  644  175  0  2905  0  1  2  1  0  354914  16  0  2  3  138400  7993  7  2214  64  2  150  0  29  81  21997  32  122027  227  2  5  0  0  59266  0  30677  28  6935  97  5096  232142  56220  17  17  6  8  27  0  2636  5  3  10  4  52  0  227  55  63  960  303  6  180  0  682  16  611  3  
0  0  0  0  0  2  0  2  1  26  0  0  0  0  0  0  0  16  0  0  0  1  5  0  0  2  0  0  0  2  0  5  0  0  0  0  0  0  0  0  3  0  0  8  1  0  0  16  7  0  0  0  0  0  6  0  0  0  0  0  0  0  0  0  4  35  0  0  0  0  0  0  12  1  149  0  0  1992  398  1364  1461  37  2170  172  0  18320  16  659  1075  16  260868  0  39  0  0  4  147115  151488  6  1462  148  4  139  1  220  892  3317  47  26897  250  4  7  22  407  13291  1  12882  40  6246  280  179519  8804  199439  11  15  722  551  239  0  10733  25  3  8  6  75  29  6090  1726  222  2206  573  32  417  0  1427  7  879  3  
0  0  0  0  0  0  0  0  0  0  0  0  0  0  0  0  0  1  0  0  0  0  0  0  0  0  0  0  0  0  0  0  0  0  0  0  0  0  0  0  0  0  0  0  0  0  0  1  0  0  0  0  0  0  0  0  0  0  0  0  0  0  0  0  0  17  0  0  0  0  0  0  0  0  16  544944  0  1679  86  133  609  130  397  12  1031  141  0  76  229  36  11  240  0  72448  2402  24819  32  12  138134  2809  195  46  184  2  1  26  0  0  0  53  71  25473  23  0  960  277290  3  121513  3472  64  355  89  7293  0  156979  608  1061  1309  6  117550  1318821  737156  149865  370  89218  14  11  3  9055  645  141  9267  230  0  397  16139  333609  0  
0  0  0  0  0  0  0  0  0  0  301  0  0  0  0  0  0  0  0  34  0  0  0  0  0  0  35  0  0  726  0  0  0  0  0  0  0  0  0  0  0  0  0  0  0  0  0  0  0  0  0  0  0  0  0  0  0  1  0  0  0  0  0  0  115  0  0  0  0  0  1  0  0  0  0  0  0  0  0  0  0  0  3  0  445944  0  0  0  0  0  0  0  86259  0  0  32  0  0  4629  0  134669  0  0  33401  0  0  0  0  0  0  0  0  0  0  1  181425  0  209174  0  0  0  0  0  0  43  0  0  0  0  157014  21365  395705  0  0  113  0  0  0  162990  0  1  0  0  0  140  0  2  0  
0  2  0  0  1  0  0  0  0  66  0  0  0  0  1  0  1  22  1  0  0  65  12  0  0  20  0  0  0  0  0  9  0  0  0  0  0  0  0  1  144  0  0  20  1  0  0  62  24  0  4  2  0  0  10  0  5  1  0  0  1  0  0  1  3  32  0  4  0  2  0  0  74  0  0  290384  0  54  1  2  6  2  156  43  0  2  0  2  1  0  7  35  2749  0  0  6524  165018  17  27  352  7  0  4  0  306  948  0  1  23  68  96249  1204  1  0  792  14250  1579  35  23  24  3  247  163  363334  195506  2  1  1  0  161  73  0  108356  691083  768626  0  53  0  6  173  28  12  3  0  29  465  24281  4  
0  19  0  0  0  0  0  0  10  315  2903  0  0  0  0  0  0  13  0  0  5  18189  9  0  0  9  0  0  0  1213  0  6  0  0  0  0  0  0  0  0  56  66  0  386  0  0  0  17  9  0  16  0  0  1  7  0  0  0  0  0  21  0  0  0  13  341  0  1  0  0  0  0  18  0  0  31  0  21  0  6  4  0  93  4222  45807  1  0  0  1  0  2  16  28631  166  8465  0  72621  8  0  319  8  0  1  11549  95  375  0  0  0  58  0  1  0  0  459  368653  15  818568  12  26  3  53  38  0  57659  3  8  4  0  67  42308  230  297  8  642774  0  23  0  914  134  27  14  2  0  33  0  314  0  
0  0  0  0  0  0  0  0  2  52  0  0  0  0  0  0  1  33  0  0  0  7  9  0  0  9  0  0  1  3  0  12  0  0  0  0  0  0  0  0  64  0  0  21  1  0  0  65  21  0  1  1  0  0  14  1  0  1  0  0  1  0  0  0  6  39  0  0  0  0  0  0  48  0  2  1  5  441  21  30  73  7  3124  15457  0  37  0  11  19  4  78818  161623  230  0  155119  43214  0  33128  83  9166  210  0  37  6  266  1590  0  14  212051  1763  5511  223  2  0  12654  2  463504  79196  213  617  643  14414  1101  230772  427  48  43  123  0  2754  230  7  268  5934  535393  0  2328  65  408  1769  765  78  79  0  1763  19  28291  34  
1  0  0  0  0  1  0  0  0  6  0  0  0  0  0  0  0  5  0  0  0  0  11  33  0  3  0  0  0  0  1306  7  0  0  0  0  0  0  0  0  9  0  0  1  0  0  0  8  4  0  0  1  0  0  1  0  0  0  0  0  0  0  5  0  0  10  0  0  0  73  0  0  5  1  350929  0  0  13  827  69811  82  3  189  5  0  1486  272422  4605  86980  10338  6168  185682  4  0  12  13  66447  0  0  91  16  0  6  0  219844  22380  15  1793  3001  26  0  0  135897  2  3273  0  4968  3  521  32  424200  596  868  0  5  320  135  27  0  719  2  0  2  0  10  239111  578311  1051839  14  658  54  5  27  66749  107  0  329  0  
0  0  0  0  0  0  0  0  0  0  0  0  0  0  0  0  0  1  0  0  0  0  0  0  0  0  0  0  0  11  0  0  0  0  0  0  0  0  0  0  0  0  0  0  0  0  0  1  1  0  0  0  0  0  0  0  0  0  0  0  0  0  0  0  0  0  0  0  0  0  0  0  0  0  1  2  0  139  18  15  32  5  271  4  0  8  0  4  19  4  0  14  129478  552  698  8  46  0  0  444318  70884  6  6  13  0  5  2  48737  1  143554  360  1138  4  0  6474  0  16  3021  140  11  9  104  488  0  3614  43  72  81  145200  647770  148  9907  2304  1074  6590  2  0  1  136  43  663  247  13  0  104  37  877442  0  
0  0  0  0  0  2  1  0  3  3  0  1  0  0  0  0  1  7  0  0  0  0  0  0  0  0  0  0  0  2  0  1  0  0  0  0  0  0  0  1  6  0  0  0  1  0  1  0  2  0  0  3  0  0  2  1  0  0  0  0  0  0  0  1  0  133  2  0  0  0  0  0  1  0  144  1  10  276954  187  648  1824  339  7729  974  0  978  0  1008  656  143  1186  1685  475  0  10  2  312  53  282191  0  20311  181043  774  12  4  97  72123  20329  1  551726  62  1009  198  0  435925  0  8  266  139902  1482  3839  449  35016  0  51  1872  853  4045  170816  184465  225  53  51  213  452  27  89  54  317  21247  472913  6918  2019  0  5055  11  33796  1513  
0  0  0  0  0  0  0  0  0  1  1  0  0  0  0  0  0  0  0  0  0  0  0  0  0  0  19  0  0  701  0  0  0  0  0  0  0  0  0  0  0  0  0  0  0  0  0  0  0  0  0  0  0  0  0  0  0  0  0  0  0  0  0  0  0  4  0  0  0  0  0  0  0  0  1  0  119433  13  169  94  277  49  708  7  24  4  0  2  24  22  0  33  57  144003  0  0  12  0  29390  60886  0  2122  352  652671  0  1  0  0  0  388  0  0  3  0  3248  0  1  16  526  77108  39  17  77  0  1  58  127  248  8378  837546  12  630  1  0  3  1  5  2  56900  1377  581960  22  733  0  104632  0  65  0  
0  0  0  0  0  0  0  0  0  1  0  0  0  0  0  0  0  0  0  0  0  0  0  0  0  0  0  0  0  0  0  0  0  0  0  0  0  0  0  0  0  0  0  0  0  0  0  0  0  0  0  0  0  0  0  0  0  0  0  0  0  0  0  0  0  5  0  0  0  0  0  0  0  0  1  0  115918  116620  4  8  43  11  70  1  0  24  0  5  21  3011  0  26  3  0  0  0  4  3  0  229991  1824  0  50400  0  0  4  0  0  0  12  0  0  1  0  81  0  0  0  951350  6847  106  0  1921  0  0  42  83  54  4  184  2  0  2  0  0  0  6  2  2  201  514573  438  18  0  42  0  36  0  
0  0  0  0  0  0  0  2  0  0  0  0  0  0  0  3  0  2  0  0  0  0  0  0  0  0  0  0  0  0  0  0  0  0  0  0  0  0  0  0  3  0  0  0  0  0  0  0  1  0  0  0  0  0  0  0  0  0  0  0  0  0  0  0  0  30  0  0  0  0  0  0  1  0  3  0  154267  137416  28  67  890  73760  1343  13  0  10100  0  21  141291  240588  3  154  9  0  0  0  47  4  0  194  139  72985  0  0  0  11  0  1  0  40  0  0  3  0  848  0  0  6  1067743  8134  243  2  3355  0  1  5201  47  2818  1  4024  11  1  0  1  10  3  26  4  216  504  1480  395647  575685  0  603  0  380  0  
0  0  408  0  0  0  0  25  7775  47  184  0  0  0  0  14  0  0  0  123  0  47  0  0  0  1  1226  0  0  182634  0  0  0  0  0  0  0  0  0  0  1  0  0  16  0  1052  0  0  0  0  0  0  0  0  0  0  0  1  0  0  0  0  0  0  154  65  0  0  0  0  12469  0  0  0  0  0  54084  1  1  0  5  913  30565  46571  40678  0  0  0  0  463  0  1  0  43970  0  18082  0  0  4  17  588818  0  0  0  0  0  0  0  0  6  0  0  0  0  45  0  0  28548  2  321212  0  5  4  0  1  0  2  3  0  115491  1  139  0  0  5  0  0  0  519503  44  801  0  0  0  417874  0  1  0  
0  0  0  0  0  1529  0  0  0  22  0  0  0  0  0  11  1  13  3  0  0  1  5  113  0  1  0  0  0  0  21186  474  0  0  0  0  0  0  0  0  16  0  0  2  0  0  1  19  10  0  1  0  0  0  4  0  1  0  0  0  0  0  23  0  0  46  0  0  0  5456  0  0  19  1  52796  0  0  4  166  17723  7  5  156  1  0  6  1  16  6  39287  77  2849  10  0  8  3  5011  206563  2  108  10  0  15  0  0  154340  0  0  4  20  0  1  62  0  942  0  8  4  971  30  479  139  146  0  8  87  15  6  0  592  3  0  2  0  11  121  346552  1061  12  266  51  2  24  208691  88  0  204  0  
13  0  0  1  5  588  1  0  0  18  0  0  0  0  0  51  9  162  1  0  2  2  34  12  0  5  0  0  0  0  192  52353  0  0  0  0  0  0  2  0  29  0  0  18  0  0  23  31  167  0  0  8  0  3  6  0  4  0  0  0  1  0  16  32  3  730  3  0  9  287  0  0  71  0  4257  0  2  59  824  125566  96  22  435  37  0  11  1  50  74  275  28  2373  29  0  34  35  1862  7638  7  416  30  0  19  2  134826  0  0  0  4  76  2  0  207  0  1852  1  28  29  1941  63  1484  566  376  0  56  354  120  40  0  1717  10  1  38  5  78  451  188389  4804  27  71323  173  10  62  35552  240  0  3559  0  
0  0  0  0  0  0  0  0  0  0  0  0  0  0  0  0  0  0  0  0  0  0  0  0  0  0  0  0  0  0  0  0  0  0  0  0  0  0  0  0  0  0  0  0  0  0  0  0  0  0  0  0  0  0  0  0  0  0  0  0  0  0  0  0  0  0  0  0  0  0  0  0  0  0  0  0  0  12557  0  0  0  0  0  0  0  7309  0  0  0  0  23099  1419  0  0  0  0  0  1  1  48665  0  0  0  0  0  0  0  106342  130750  199264  0  0  0  0  185308  0  0  0  0  0  1  208686  3042  0  0  0  0  0  0  0  0  0  0  0  0  0  0  0  0  0  0  0  0  0  0  0  3  182347  
0  0  0  0  0  0  0  0  0  0  0  0  0  0  0  0  0  0  0  0  0  0  0  0  0  0  0  0  0  0  0  0  0  0  0  0  0  0  0  0  0  0  0  0  0  0  0  0  0  0  0  0  0  0  0  0  0  0  0  0  0  0  0  0  0  1  0  0  0  0  0  0  0  0  0  0  0  1140  0  0  1  0  6  0  0  2288  205  2  0  0  19  16  0  0  0  0  63  2952  45516  23058  0  0  1  0  0  0  91893  0  746401  318148  13  85335  0  0  28001  0  180960  4  1  0  18  54184  14  35  0  0  0  0  0  3  2  0  3  13  164  0  0  216  1  1  1  1  0  0  4  101  791980  153387  
0  0  0  0  0  0  0  0  0  6  0  0  0  0  0  0  0  6  0  0  0  0  0  0  0  0  0  0  0  1  0  3  0  0  0  0  0  0  0  0  7  0  0  3  0  0  0  16  2  0  0  0  0  0  0  0  0  0  0  0  0  0  0  0  0  13  0  0  0  0  0  0  8  0  0  0  0  189  0  5  2  0  144  47  0  3381  118  2  1  0  87978  30360  17  0  33  2  171825  4518  4  318  8  0  2  0  11  65  137106  544965  0  56  223  44230  0  0  805  0  275772  9  14  16  1215  386634  262  13796  14  1  2  3  0  261  4  0  10  711  424  0  5  267  2  199  24  5  2  0  28  10568  92577  70822  
0  0  0  0  0  0  0  0  0  0  0  0  0  0  0  0  0  0  0  0  0  0  0  0  0  0  0  0  0  0  0  0  0  0  0  0  0  0  0  0  0  0  0  0  0  0  0  0  0  0  0  0  0  0  0  0  0  0  0  0  0  0  0  0  0  7  0  0  0  0  0  0  0  0  3  2  0  3414  38  285  478  9  619  39  0  58  0  8  371  54  33  63  276  0  158  25  382  1  63086  428123  40  9  44  0  0  9  125686  361097  3  0  679  139  4  0  365114  0  594  1943  734  80  59  2459  1563  49  40  346  465  2286  81106  15026  223  18  448  2025  3458  3  4  0  36  669  5647  589  406  0  308  202  156636  148533  
0  0  0  0  0  0  0  0  0  0  0  0  0  0  0  0  0  0  0  0  0  0  0  0  0  0  0  0  0  0  0  0  0  0  0  0  0  0  0  0  0  0  0  0  0  0  0  0  0  0  0  0  0  0  0  0  0  0  0  0  0  0  0  0  0  0  0  0  0  0  0  0  0  0  0  8115  0  6  1  0  0  0  91  6  0  0  0  0  0  0  0  0  1  0  59706  2  6771  0  11  52  1  0  0  0  0  1  0  7  30  25  0  370612  0  0  297  0  232169  4  2  2  0  84  14  261967  2  0  1  0  0  17  3  0  52745  534040  4706  0  0  0  1  21  6  3  1  0  23  730719  6413  8  
0  0  0  0  0  0  0  0  0  0  0  0  0  0  0  0  0  0  0  0  0  0  0  0  0  0  0  0  0  0  0  0  0  0  0  0  0  0  0  0  0  0  0  0  0  0  0  0  0  0  0  0  0  0  0  0  0  0  0  0  0  0  0  0  0  0  0  0  0  0  0  0  0  0  0  21708  0  22  1  0  1  0  80  4  0  0  0  0  0  0  1  4  3071  0  988  5  2097  2  381  595  3  0  0  0  0  0  0  66554  30947  51  357218  0  0  0  406  0  259893  14  7  4  2  41900  52  119168  102  0  2  1  0  57  43  0  261757  36135  4753  0  0  0  3  25  6  6  1  0  22  793863  1262300  862  
0  0  0  0  0  3  0  0  0  0  0  0  0  0  0  0  0  0  0  0  0  0  0  0  0  0  0  0  0  0  0  0  0  0  0  0  0  0  0  0  0  0  0  0  0  0  0  0  0  0  0  0  0  0  0  0  0  0  0  0  0  0  0  0  0  5  0  0  0  0  0  0  0  0  85746  0  0  2221  5505  16241  131  13  258  15  0  6542  120978  252280  43  5  1  279  1  0  0  0  6  23420  0  58  22  1  40  0  240  2648  0  0  0  15  0  0  0  866  480  0  0  1  573  31  70431  0  168656  0  0  20385  4887  71  0  903  0  0  0  0  0  32544  13102  49081  13  924  57  5749  25  39  116  0  16  0  
0  0  0  0  0  0  0  0  0  0  0  0  0  0  0  0  0  0  0  0  0  0  0  0  0  0  0  0  0  0  0  0  0  0  0  0  0  0  0  0  0  0  0  0  0  0  0  0  0  0  0  0  0  0  0  0  0  0  0  0  0  0  0  0  0  0  0  0  0  0  0  0  0  0  0  0  0  5743  1  0  0  0  2  0  0  203884  6  107172  1  0  0  216  0  0  0  0  0  1  0  0  0  0  0  0  0  0  0  0  0  0  0  0  3234  0  0  0  0  0  0  0  1339  0  68768  0  0  1970  0  0  0  3  0  0  0  0  0  0  0  0  0  0  0  23696  0  0  1  0  0  0  
1  0  0  0  1  6  3  1  55  482  1  0  0  0  0  0  4  296  5  0  0  1  6  0  0  21  0  0  2  109  0  63  0  0  0  0  0  0  0  3  197  0  2  212  2  0  0  355  133  0  3  1  0  2  108  2  12  0  0  0  2  0  1  1  61  641  9  4  0  0  2  0  307  6  138  3  24  120431  937  754  2140  477  63231  9238  0  311  1  222  494  151  56680  30735  8522  1  125  72  38351  795  6401  437656  2855  80  2199  42  221  1029  152737  31997  206  307368  735  513  103  0  0  1  12869  4004  67040  4836  2564  237151  91670  270  201  1062  1716  2771  36595  77375  3982  608  647  2470  11094  46  4652  151  1308  132674  13970  6668  3997  0  17518  172  74587  88653  
0  6  0  0  0  0  0  0  0  6  110  0  0  0  0  0  0  0  0  12  1  168  0  0  0  1  0  0  0  0  0  0  0  0  0  0  0  0  0  0  9  10  0  16  0  0  0  4  1  0  5  0  0  0  0  0  0  0  0  0  2  0  0  0  0  3  0  0  0  0  0  0  5  0  0  142764  0  0  0  0  0  0  3  2  141011  0  0  0  1  0  0  0  280509  188851  9257  406249  3  0  0  2  0  0  0  0  2  0  0  0  0  0  0  1  0  0  1  0  0  380435  0  0  0  0  1  0  333337  1  0  0  0  1  56590  3305  24  2  50507  0  0  0  0  0  0  0  0  0  1  0  4  0  
0  0  0  0  0  1  0  0  1  9  0  0  0  0  0  0  0  1  0  0  0  0  0  0  0  0  0  0  0  1  0  2  0  0  0  0  0  0  0  0  1  0  0  2  0  0  0  5  1  0  0  0  0  0  1  1  0  0  0  0  0  0  0  0  4  7  1  0  0  0  0  0  6  0  0  0  0  13  1  2  2  0  84  28  0  1  0  0  0  0  1808  3443  8  0  75  3  403202  4058  14  190  3  0  1  0  10  30  0  125622  238771  71  154808  296321  0  0  805  0  0  6  7  10  5  28896  35  245512  14  1  2  2  0  95  3  0  15  1162  1171  0  4  12  1  115  10  5  1  0  17  38731  35218  663  
0  0  0  0  0  0  0  0  0  29  1694  0  0  0  0  0  1  11  0  15  0  4752  0  0  0  3  0  0  0  15  0  1  0  0  0  0  0  0  0  1  26  0  0  664  1  0  0  15  11  0  0  0  0  0  3  0  0  0  0  0  6  0  0  0  1  36  0  0  0  0  0  0  15  1  10  45  0  2548  98  103  225  34  37976  119120  609601  82  0  44  181  16  5  284  74750  81530  68  778511  48689  6  224  12687  189  10  132  40902  0  20  0  0  1  579  12  1  16  0  7828  245244  3  0  1226  501  255  70  6287  0  6897  274  688  768  1  10339  220559  281129  16660  59  137697  7  34  11  299823  1522  756  1532  211  0  50531  48  11899  0  
0  0  0  0  0  2  1  1  0  5  0  0  0  0  0  0  0  5  1  0  0  0  0  0  0  0  0  0  0  0  0  1  0  0  0  0  0  0  0  0  2  0  0  1  0  0  2  2  5  0  0  3  0  1  1  0  0  0  0  0  0  0  0  0  0  217  0  0  1  0  0  0  3  0  140  0  229909  84044  779  877  7334  39589  10816  233  0  919  0  595  3617  93097  390  3297  103  0  3  1  693  102  2  303227  1044  886179  998700  1  11  188  0  0  0  1576  1  1  147  0  17422  0  7  69  0  112881  5460  56  63785  0  23  3783  6831  13360  192  22997  67  28  29  5  45  91  494  100  704  15328  517796  114282  295284  1  5787  0  3184  0  
0  0  1175  0  0  1  0  2537  754  0  0  0  0  0  0  452  0  3  0  0  0  0  0  0  0  2  0  0  0  10  0  0  0  0  0  0  0  0  0  0  0  0  0  1  1  3526  0  2  3  0  0  0  0  0  0  0  0  0  0  0  0  0  0  0  0  29  0  0  0  0  50  0  9  0  4  0  239387  78  117  428  28854  189488  118495  185  0  4  0  4  76  37174  21  2625  135  2  1  0  1160  44  9  13566  61197  4899  3856  367222  2  25  0  0  1  6020  4  0  1  0  27709  0  15  35  190842  0  143  100  788  0  10  133  233  964  1  114253  90  11  15  6  39  5  227  7  1456  41428  102798  137  4141  0  158124  0  1325  0  
0  0  0  0  0  0  1  0  0  0  0  0  0  0  0  0  0  0  0  0  0  0  2  0  0  0  0  0  0  0  0  0  0  0  0  0  0  0  0  0  0  0  0  0  0  0  0  1  0  0  0  0  0  0  0  0  0  0  0  0  0  0  0  0  0  24  1  0  0  0  0  0  0  0  19076  0  0  22  18379  10562  1528  39  2037  21  0  4833  89615  14369  1284  37  312  118072  9  0  1  2  412  306230  1  303  157  2  126  0  383  6541  9  3  173  104  0  0  61705  472  6411  0  3  6  9359  273  0  98  55792  0  1  10835  2066  395  3  10150  11  4  1  1  5  2140  39547  195887  151  2466  570  52  363  24  1220  0  144  0  
0  0  0  0  1  7  0  0  19  615  0  0  0  0  0  0  10  504  5  0  0  0  2  0  0  28  1  0  2  58  0  129  0  0  0  0  0  0  0  1  163  0  4  124  2  0  5  628  209  0  6  3  0  1  56  9  8  0  0  0  3  0  0  0  70  639  15  4  2  0  2  0  431  5  1  0  0  1563  12  16  37  10  1544  1375  0  1362  2  3  11  2  229842  67015  273  0  99  9  39589  762  114  4691  92  1  24  4  242  1660  218132  58722  430820  2230  343  87511  3  0  222694  0  136379  193  214  241  301  0  1742  24382  74  25  21  38  0  1722  64  3  81  1600  1412  1  162  62  33  8833  390  46  44  0  405  21460  259871  261910  
0  0  0  0  0  9  0  0  0  4  0  0  0  0  0  0  0  4  0  0  0  0  1  0  0  1  0  0  0  0  0  3  0  0  0  0  0  0  0  0  0  0  0  2  0  0  0  2  1  0  0  1  0  0  0  0  0  0  0  0  0  0  0  0  0  126  1  0  0  0  0  0  1  0  15798  0  10  481722  51712  39252  19698  599  42607  2020  0  350155  85  177646  9552  203  57861  216486  509  1  5  4  1687  1175  20  70694  2449  1443  9199  12  77  2465  5891  9  192  2456  2  3  113975  40462  81628  0  2  277  87501  4080  60745  784  0  0  17  68876  11039  2880  110  151442  359  135  13  7  61  1287  1666  513  3082  27089  5901  59425  5223  80  21379  0  1093  0  
0  0  0  0  0  0  0  0  0  0  0  0  0  0  0  0  0  0  0  0  0  0  0  0  0  0  0  0  0  0  0  0  0  0  0  0  0  0  0  0  0  0  0  0  0  0  0  0  0  0  0  0  0  0  0  0  0  0  0  0  0  0  0  0  0  0  0  0  0  0  0  0  0  0  0  0  0  9  0  0  1  0  31  1  0  0  0  0  2  0  7  3  0  0  336261  1  219421  0  36  90  0  0  0  0  0  0  0  51  6433  50  316788  101161  0  0  583  0  509777  2  0  4  0  4486  18  0  0  0  0  2  0  24  1  0  156  279951  88306  0  0  0  0  10  0  7  1  0  7  53978  154855  232  
0  7  0  0  0  3  0  0  0  17  0  0  0  0  0  0  0  7  1  0  1  182  0  0  0  3  0  0  0  3  0  2  0  0  0  0  0  0  0  0  34  0  0  8  0  0  1  11  5  0  10  0  1  0  5  0  2  0  0  0  2  0  0  0  0  8  0  0  0  0  0  0  18  1  0  237955  0  91  0  1  0  0  7  10  2  2  0  1  0  0  0  5  77737  20  170747  41042  8  1  2  92  2  0  5  0  12  18  0  0  0  3  8  0  1  0  39  319627  0  578  22  1  6  4  231  0  0  5  2  1  0  55  48384  6  54701  9522  346644  0  0  1  5  18  8  22  2  0  10  0  190  0  
0  0  0  0  0  29  6  0  0  0  0  0  0  0  0  0  1  0  0  0  0  0  0  0  0  0  0  0  0  0  0  0  0  0  0  0  0  0  0  0  1  0  0  0  0  0  0  1  3  0  0  0  1  0  0  0  0  0  0  0  0  0  0  0  0  391  0  0  0  0  0  0  0  0  19254  0  0  7179  67007  62715  36687  187  2250  18  0  190426  35  580848  927794  2197  5  972  40  0  0  1  96  695  2  385  319  6  7458  1  8  3018  0  0  0  122  0  0  13419  1804  884  0  3  20  1340  220  4089  6  37906  0  5  0  345255  436787  13  11446  26  13  7  1  11  153272  167  183  182  32038  1937  504481  491  4  1217  1  573  0  
0  0  0  0  0  18  5  9  1  0  0  0  0  0  0  0  0  1  0  0  0  0  0  0  0  0  0  0  0  0  0  0  0  0  0  0  0  0  0  0  0  0  0  0  0  0  0  0  2  0  0  0  0  0  0  0  0  0  0  0  0  0  0  0  0  398  0  0  0  0  0  0  0  0  153137  0  0  85  446976  78032  3474  795  3761  13  0  1405  3  13901  1815048  63753  0  227  53  0  1  0  47  125  0  539  373  1  90  1  6  3415  0  0  1  167  0  0  11381  0  998  0  0  47  1037  267  599  5  2372  0  3  520073  0  170893  14  16284  25  22  2  0  4  276509  135  90  266  15429  1906  1396  391  8  1594  0  222  0  
0  0  0  0  0  0  0  0  0  0  0  0  0  0  0  0  0  0  0  0  0  0  0  0  0  0  0  0  0  1  0  0  0  0  0  0  0  0  0  0  0  0  0  0  0  0  0  1  2  0  0  0  0  0  0  0  0  0  0  0  0  0  0  0  0  375  0  0  0  0  0  0  1  0  151  0  2  225  1141  79511  348616  63474  9595  54  0  193  0  312  596242  945988  10  869  95  0  1  0  397  19  1  2963  393  7  12380  3  1  121  0  0  0  846  0  2  107  0  4112  0  5  83  20180  2052  622  28  2536  0  15  419972  72618  0  142  58158  80  55  14  0  26  182  75  20  1330  14005  3916  71612  246144  0  7283  0  1303  0  
0  0  0  0  0  0  0  0  0  0  0  0  0  0  0  0  0  0  1  0  0  0  0  0  0  0  0  0  0  0  0  0  0  0  0  0  0  0  0  0  0  0  0  0  0  0  0  0  0  0  0  0  0  0  0  0  0  0  0  0  0  0  0  0  0  4  0  0  0  0  0  0  0  0  3  0  0  626  38  244  338  10  47  1  0  21  0  19  285  46  0  15  116  0  0  0  4  0  164255  209202  4801  42  24  0  0  10  0  0  0  173193  0  0  4  0  52515  0  0  48  539  12  53  0  448  0  0  340  480  1888  0  177044  81  30  0  0  1  5  0  0  17  163  16464  358  284  0  39  0  39758  0  
0  0  0  0  0  1  0  0  0  2  0  0  0  0  0  0  0  3  0  0  0  0  0  0  0  0  0  0  0  38  0  1  0  0  0  0  0  0  0  0  5  0  0  0  0  0  0  2  3  0  0  0  0  0  2  0  0  0  0  0  0  0  0  0  0  197  0  0  0  0  0  0  5  0  119  2  1021  4820  6218  5157  11755  714  22944  185  10  370  0  336  4435  905  26  1055  119486  107296  365  16  354  23  528918  198865  781275  245  1049  91203  4  182  0  4  3  21683  152  65  167  0  59800  2  85  15380  10017  58471  1594  660  15934  2  3565  6761  14135  26305  180280  0  12895  246458  2063  366  5049  137  79  35  94445  15672  257396  21815  6493  0  266012  2  118247  0  
0  0  0  0  0  0  0  0  0  0  0  0  0  0  0  0  0  1  0  0  0  0  0  0  0  0  0  0  0  0  0  0  0  0  0  0  0  0  0  0  0  0  0  0  0  0  0  0  0  0  0  0  0  0  0  0  0  0  0  0  0  0  0  0  0  31  0  0  0  0  0  0  0  0  35  2169  1  2418  252  308  670  93  526  6  2203  147  0  102  873  58  9  211  1331169  33748  258  13643  21  3  160  3376  44  25  181  1  0  32  0  0  0  85  3  4  27  0  1172  57763  0  380781  3220  142  368  7  8115  0  50054  1475  3521  3164  8  7401  0  129109  48873  35  184410  31  11  7  7563  734  190  10749  215  0  646  2  90994  0  
0  0  0  0  0  0  0  0  0  0  0  0  0  0  0  0  0  0  0  0  0  0  0  0  0  0  0  0  0  3  0  0  0  0  0  0  0  0  0  0  0  0  0  0  0  0  0  0  0  0  0  0  0  0  0  0  0  0  0  0  0  0  0  0  0  6  0  0  0  0  0  0  0  0  10  1  0  278  194  206  322  17  163  4  137201  36  0  29  562  32  2  33  950950  362205  19  52  5  1  8819  932  251  3  61  93  0  16  0  0  0  76  4  0  9  0  367  8302  0  505793  843  51  73  1  978  0  515  859  2129  2029  9  231560  69604  0  331  11  1099  29  5  0  252915  241  87  3112  93  0  1651  0  986  0  
0  0  0  0  0  0  0  0  0  0  0  0  0  0  0  0  0  0  0  0  0  0  0  0  0  0  0  0  0  0  0  0  0  0  0  0  0  0  0  0  1  0  0  0  0  0  0  0  0  0  0  0  0  0  0  0  0  0  0  0  0  0  0  0  0  9  0  0  0  0  0  0  1  0  6  118053  0  8367  37  53  106  11  1150  55  0  221  0  38  27  9  3  147  223098  0  56832  51  46  4  212  5109  73  34  256  0  0  8  0  1  0  245  43708  286492  8  0  2307  13  5  2935  1371  123  262  29  19809  24  190227  271  63  76  0  2477  48253  13  0  185926  83574  0  13  3  78  599  229  2049  99  0  603  312499  180413  0  
0  0  0  0  0  0  0  0  0  0  0  0  0  0  0  0  0  0  0  0  0  0  0  0  0  0  0  0  0  0  0  0  0  0  0  0  0  0  0  0  0  0  0  0  0  0  0  1  0  0  1  0  0  0  0  0  0  0  0  0  0  0  0  0  0  1  0  0  0  0  0  0  0  0  0  162125  0  127  3  3  26  6  863  64  0  5  0  2  4  1  3  11  1723  0  616539  96  6972  1  122  893  18  0  3  0  0  1  0  8  38  316  419352  57105  1  0  2615  0  1339  119  38  42  7  221  309  322259  28739  5  9  13  0  326  89  3  190255  0  122165  0  1  1  15  261  69  45  15  0  156  313518  120529  15  
0  12  0  0  0  1  0  0  1  18  0  0  0  0  0  0  0  3  0  0  2  139  1  0  0  4  0  0  0  6  0  2  0  0  0  0  0  0  0  0  29  0  0  5  0  0  0  13  1  0  2  0  0  0  1  0  2  0  0  0  5  0  0  0  0  11  0  0  0  0  0  0  15  0  4  7479  0  711  10  19  101  20  6925  855  1  28  0  4  17  2  35  63  105122  86  688517  600789  427039  4  1650  7976  167  2  35  2  19  81  0  117  476  2429  9911  8729  3  0  27817  33400  860  115948  213  429  33  396  1633  56553  390320  38  55  140  0  2877  142354  256  108174  98403  0  1  11  0  46  3017  621  209  60  0  745  74  41944  10  
0  0  0  0  0  0  0  0  0  0  0  0  0  0  0  0  0  0  0  0  0  0  0  0  0  0  0  0  0  0  0  0  0  0  0  0  0  0  0  0  0  0  0  0  0  0  0  0  0  0  0  0  0  0  0  0  0  0  0  0  0  0  0  0  0  3  0  0  0  0  0  0  0  0  159257  0  0  21  7670  8548  47  2  173  4  0  20  210582  81331  110483  4  0  9  7  0  0  0  2  206748  0  32  11  0  5  0  16  580  0  0  0  11  0  0  144842  0  81  0  0  1  55  13  405  0  173  0  0  149963  169789  71  0  938  2  0  0  0  0  0  154  2893  19  574  45  32  17  4  98  0  4  0  
0  0  0  0  0  2  0  0  0  10  0  0  0  0  1  2  0  13  1  0  0  0  35  15  0  1  0  0  0  1  762  27  0  0  0  0  0  0  0  0  16  0  0  5  2  0  0  26  12  0  0  1  0  0  1  0  2  0  0  0  2  0  2  1  2  16  0  0  0  26  0  0  9  0  13687  0  0  27  1131  69043  188  20  910  15  0  39  346  166  381  90  92  20785  25  0  13  19  16968  567251  3  314  73  0  57  0  303232  239808  1  0  10  65  1  0  1970  0  10045  1  12  11  6542  127  20602  265  1203  0  26  635  233  82  0  4222  8  2  11  0  22  1857  0  101441  90  1369  344  13  188  102826  616  0  866  0  
0  0  0  0  0  3  0  0  0  0  0  0  0  0  0  0  1  0  0  0  0  0  1  0  0  0  0  0  0  0  0  0  0  0  0  0  0  0  0  0  0  0  0  0  0  0  0  0  0  0  0  0  0  0  0  0  0  0  0  0  0  0  0  0  0  16  0  0  0  0  0  0  0  0  39280  0  0  0  2714  83975  112  8  190  1  0  16  143446  141  135  615  418  2763  1  0  0  3  1151  1014682  0  44  16  0  13  0  1324  32518  0  82  85  13  0  0  338259  0  1074  0  19  0  1219  32  220154  14  312  0  0  483  129  26  0  962  0  0  0  0  2  9424  181018  0  11  3926  62  5  31  19137  136  0  36  0  
0  0  0  0  0  0  0  0  0  1  170  0  0  0  0  0  0  0  0  0  0  0  0  0  0  0  6  0  0  4704  0  0  0  0  0  0  0  0  0  0  0  0  0  7  0  0  0  0  0  0  0  0  0  0  0  0  0  0  0  0  0  0  0  0  25  4  0  0  0  0  0  0  0  0  8  2  0  533  237  343  718  132  13337  1168  376499  32  0  34  591  56  0  84  21662  196564  59  709  14  2  1126  2922  85207  7  70  648110  0  20  0  0  1  244  18  10  19  0  1820  4  0  346401  829  785  109  23  1585  1  1190  887  1846  3313  5  157203  18986  368494  768  63  1406  18  6  2  0  598  412  1951  448  0  106005  0  8725  0  
47  0  0  13  14  39991  2034  3140  43209  77911  0  1  0  1  9  134  111  6082  52  1  0  17  28  55  1  335  13  0  24  11496  12  2728  2  0  1  1  0  0  4  3  1583  0  34  5004  174  0  138  7600  3208  0  15  102  21  43  2146  136  30  6  0  0  1  2  35  111  3655  261457  387  34  58  79  125  0  3872  13  3559  0  8  1689  3693  513206  257859  209032  367845  126376  0  2697  1  2931  15402  2370  76  3541  403  0  16  27  1750  332  30  65128  2967  69  2251  31  181  93342  0  1  10  18394  289  62  200  1  251736  0  70  507  24133  7496  2668  1190  12931  1  53  6597  7500  6007  3  23619  205  37  130  610  5278  342  2146  407  355  0  24444  2165  2022  541  31418  5  5179  0  
0  0  0  0  0  0  0  0  0  2  0  0  0  0  0  0  0  4  0  0  0  0  0  0  0  0  0  0  0  0  0  1  0  0  0  0  0  0  0  0  2  0  0  0  0  0  0  0  1  0  0  0  0  0  1  0  0  0  0  0  0  0  0  0  0  39  0  0  0  0  0  0  2  0  22  0  97864  2468  3415  2985  6242  294  6589  93  0  80  0  88  1587  1448  29  543  140  1  2  0  167  12  48  592851  445999  499549  2903  6895  1  73  0  0  0  8588  2  1  54  0  20622  0  9  117  433624  138613  354  119  1748  0  11  2038  2868  10761  5013  260901  91  34  11  5  42  31  54  11  204  12123  0  2383  29049  0  2045  1  1106  0  
0  0  0  0  0  7  2  1  0  1  0  0  0  0  0  0  0  1  0  0  0  0  1  0  0  0  0  0  0  0  0  0  0  0  0  0  0  0  0  0  1  0  0  0  0  0  0  0  4  0  0  0  0  0  0  0  0  0  0  0  0  0  0  0  1  115  0  0  0  0  0  0  0  0  198  0  1  214429  1221  4706  7955  181  10406  126  0  305407  1  3266  219178  2241  1  357  184  0  0  0  144  68  5  4532  415  43  550372  5  3  423  0  0  0  795  0  1  4399  7994  3055  0  1  96  186927  746  3221  9  65435  0  6  515029  7413  139684  153  43474  118  42  7  0  17  112  60  90  1080  8142  2782  0  20665  0  6107  0  661  0  
0  0  0  0  0  0  0  0  0  0  0  0  0  0  0  0  0  1  0  0  0  0  0  0  0  0  0  0  0  0  0  0  0  0  0  0  0  0  0  0  1  0  0  0  0  0  0  0  1  0  0  0  0  0  1  0  0  0  0  0  0  0  0  0  0  206  0  0  0  0  0  0  1  0  10  0  3  109  260  504  33300  247309  6876  27  0  5  0  26  164751  175054  29  528  55  0  1  0  199  16  1  1830  539  34  734124  4  1  20  0  0  1  444  0  0  22  0  2670  0  1  40  355079  16166  250  18  981  0  16  141  620  206140  141  21368  41  15  12  2  13  13  65  12  1025  10722  33744  8294  0  0  4555  0  883  0  
0  0  0  0  4  2287  0  0  0  0  0  0  0  0  0  14  0  1  1  0  0  0  0  0  0  0  0  0  0  0  492  806  0  0  0  0  0  0  0  0  0  0  0  0  0  0  1  0  1  0  0  0  0  0  0  0  0  0  0  0  0  0  1  0  0  26  0  0  0  1676  0  0  0  0  69668  0  0  0  102445  197753  1  0  0  0  0  0  1  0  0  307894  0  0  0  0  0  0  0  79284  0  1  0  0  0  0  219216  43900  0  0  0  0  0  0  46  0  5  0  0  0  10  0  14  0  18  0  0  4  7  0  0  5  0  0  0  0  0  15  111155  9554  0  328  0  0  0  0  0  0  1  0  
0  0  19  0  0  0  1  20  64558  5  1  0  0  0  0  10  0  2  0  0  0  0  0  0  0  0  0  0  0  17009  0  1  0  0  0  0  0  0  0  0  0  0  0  0  0  4017  0  2  2  0  0  0  0  0  1  0  0  0  0  0  0  0  0  0  2  1399  0  0  0  0  71165  0  3  0  14  0  71  981  143  206  22520  1947  238124  6188  56  43  0  36  340  68  12  605  4129  287  11  2  303  16  157  18760  64327  21  876  363054  0  25  0  1  0  6050  49  26  13  0  19867  0  7  12364  1595  170638  184  87  2866  1  128  480  1050  2085  2  441370  2815  741  138  70  620  12  52  4  99273  26276  12606  1083  1367  0  0  0  4252  0  
0  0  0  0  0  0  0  0  0  0  0  0  0  0  0  0  0  0  0  0  0  0  0  0  0  0  0  0  0  0  0  0  0  0  0  0  0  0  0  0  0  0  0  0  0  0  0  0  0  0  0  0  0  0  0  0  0  0  0  0  0  0  0  0  0  0  0  0  0  0  0  0  0  0  0  2042  0  26  2  0  1  1  31  5  0  0  0  1  0  0  2  0  3011  0  1452  3  818  0  4  42  0  0  3  0  0  0  0  498  4941  12  623837  901468  0  0  104  0  61896  104  3  1  1  5880  58  97770  88  0  1  0  0  17  47  0  324331  297531  717  0  0  0  2  8  3  6  1  0  13  0  174180  333  
0  0  0  0  0  0  0  0  0  13  0  0  0  0  0  0  0  16  0  0  0  0  0  0  0  0  0  0  0  0  0  4  0  0  0  0  0  0  0  0  1  0  0  3  1  0  1  14  2  0  0  0  0  0  2  1  1  0  0  0  0  0  0  0  2  71  0  0  0  0  0  0  8  0  53  143  3  11374  251  379  1476  262  3376  160  0  525  0  272  1078  113  649  650  316182  1  62049  206  40097  19  943018  104784  137  350  640  2  7  141  2  738939  69614  243220  10494  1340247  75  0  56347  1  86214  12972  11515  277  1149  265574  33278  127807  36880  2597  4838  3628  27566  293017  59691  867  178674  170448  126692  63  36  22  2428  2246  438  24553  492  0  1519  168453  0  90922  
0  0  0  0  0  0  0  0  0  0  0  0  0  0  0  0  0  0  0  0  0  0  0  0  0  0  0  0  0  0  0  0  0  0  0  0  0  0  0  0  0  0  0  0  0  0  0  0  0  0  0  0  0  0  0  0  0  0  0  0  0  0  0  0  0  0  0  0  0  0  0  0  1  0  0  0  0  4  0  0  0  0  2  0  0  0  0  0  0  0  10  6  1  0  4  0  225  0  34  1203  0  0  0  0  0  1  162307  192133  46804  173827  2  1327  0  0  77604  0  1065  0  2  0  0  315634  9  304  1  0  0  0  0  5  0  0  2  122  60  0  0  0  0  2  0  1  1  0  1  298  118325  0  
