0  0  0  14  260868  62832  4  2  1  4  0  500  0  12773  86484  9624  11  1028  9  0  0  0  10  185765  0  13  0  0  2  0  68189  6482  0  0  0  0  0  0  5823  5309  41  0  0  17  10  0  3166  13  45588  0  0  176973  149031  79  2  0  2  0  0  0  0  42168  291  38991  1  1640  24  308  38  102714  1  0  70  0  0  0  0  0  0  0  1  0  0  0  0  0  0  0  0  0  0  0  0  0  0  0  1  0  0  1  0  0  0  0  0  18  0  0  0  0  0  0  0  0  1  0  0  0  0  0  0  0  0  0  0  1  0  0  0  2  0  0  0  0  0  0  0  0  0  87  1  1  0  0  0  0  0  0  
0  0  0  13  0  0  0  0  1  1  0  0  0  0  0  0  0  5  153845  0  332076  59410  2  0  6  4  0  0  0  0  0  1  0  0  0  0  40873  20420  0  0  5  309620  0  785  193  0  0  6  5  0  416654  0  0  11  62  0  323199  68  303900  144430  40991  0  0  0  4  4  0  62  3  0  1  0  614  0  0  0  0  0  0  0  0  0  0  0  0  0  0  0  0  0  0  0  0  0  1  129  0  0  0  0  0  0  0  0  0  0  0  0  0  0  0  0  0  0  0  1  0  2  0  0  0  0  0  0  0  0  0  0  0  0  0  0  0  0  0  0  0  0  0  0  0  0  0  0  0  0  0  0  
0  0  0  8  0  92  10  64939  878  0  0  0  0  0  0  307637  14  36  7  0  0  0  0  0  0  20  83681  167362  99110  55396  0  12  0  0  0  0  0  0  0  0  10  0  0  0  225410  307807  0  18  649  0  0  1  0  156  1  7  0  3  0  0  0  0  1  0  0  27  56929  0  69677  1  49  0  0  0  0  0  1981  0  0  0  0  260  507  0  0  0  0  0  0  1477  0  0  0  0  0  0  0  0  0  0  2  0  0  1592  0  0  0  0  0  0  0  0  0  0  0  0  0  0  0  7775  0  0  0  0  0  0  0  0  0  0  0  0  0  0  0  0  0  0  0  2  0  0  0  0  196  0  0  0  
180  1  7  0  666  1195  960  1339  391  6  0  197043  96  303  322  77  1547  4647  1223  2  0  10  13  47  25  442463  0  230979  80494  13  2  154  62185  707  320  68  0  4  112  2566  184190  3  0  1380  263694  2  669  829  392891  1  429  4720  496  1222  2333  85  3883  113  42  169  333  7  13  23  288  1187  50177  55948  4491  19  131  0  2030  485  0  0  0  0  0  0  0  0  2  0  0  0  0  0  0  0  0  0  0  0  0  0  0  0  0  1  0  0  0  0  0  0  0  0  0  0  0  0  0  0  1  0  0  0  0  1  0  0  0  0  0  0  0  0  0  2  0  0  0  0  0  0  0  0  0  27  0  0  0  0  0  0  0  0  
237443  0  0  8  0  48804  3  0  0  4  0  182  0  801  40037  223425  7  249  4  0  0  0  1  4421  0  7  0  0  0  0  22685  765  0  0  0  0  0  0  225  5119  41  0  0  5  9  0  314  2  11029  0  1  14997  93605  71  5  1  0  1  0  0  0  2  31  3321  2  228  17  261  16  16123  0  0  4  0  0  0  0  0  0  73  0  0  0  0  0  0  0  0  0  19  0  0  0  0  0  0  0  0  0  0  0  0  0  0  0  3  0  0  0  0  0  0  0  0  0  0  0  0  0  0  0  0  0  0  0  0  0  0  0  0  0  0  0  0  0  0  0  0  0  19  0  0  0  7  0  0  0  0  
95044  0  8  408  76497  0  195465  3901  6573  39  0  497  1  3780  24277  508914  129  10766  162  1  0  0  33  58222  2  785  12  1  60  9  22093  133643  1  0  0  0  0  0  742  6174  1006  0  2  193  1575  1  4352  667  50214  0  17  31374  12498  45210  486  109  95  32  3  3  6  24  14512  30974  956  308250  3671  2701  6051  314098  47  0  939  1  165  0  0  0  24  20191  373  71  75  1  0  2  0  2  5  3643  0  7  0  0  0  0  3  7  0  10  3  0  0  0  2863  1935  0  0  0  6  0  0  5  0  26  0  0  0  1  1  4  1  3  0  0  20  5  2  0  11  0  0  0  0  0  16  5  7  0  53665  5  2  2  2149  9  0  18  0  
12  0  6  2398  152  280632  0  297207  63132  5  0  68  0  6  239  586100  35  896  446  1  0  1  2  1  13  980  24  1  120  504  0  121  0  0  0  0  0  0  3  594  413  0  0  1066  10017  2  249  163  10583  0  30  10298  274  53291  2785  200  284  50  5  5  10  0  16  1  23046  232679  3830  12749  25868  17  566  0  225  0  0  0  0  0  2  1529  3358  2983  322  0  0  0  0  0  0  392  0  1  0  0  0  0  0  0  0  1  0  0  0  0  0  4  0  0  0  0  0  0  0  0  3  0  0  0  0  1  0  0  0  0  0  0  4  0  0  0  0  0  0  0  0  0  0  0  0  2230  0  0  0  0  10  0  1  0  
10  0  30434  4532  107  9658  269010  0  263451  10  0  187  0  3  88  347140  19  270  321  0  0  1  4  0  0  1086  4  30  42293  149  0  48  1  0  0  0  0  0  3  1890  303  0  0  428  59585  154238  94  173  2264  0  8  4443  182  157477  1495  236  496  15  1  0  16  0  6  0  4221  163771  10466  1785  140831  2  2124  0  142  0  0  0  174  0  0  28  111  32390  2397  0  0  0  0  0  0  22199  0  0  0  0  0  0  0  0  0  0  0  0  3  5  0  2  0  0  0  0  0  0  0  0  0  0  0  0  0  583  0  0  0  0  0  0  0  0  0  0  0  0  0  0  0  0  0  0  0  3353  0  0  0  0  67  0  1  0  
0  0  91  35  2  2100  7906  113002  0  11884  0  1  0  1  1  320  53  971  1664  34  0  18  4  1  40  1949  66  128  222  31499  0  161  1  0  0  0  0  0  0  10  3184  0  0  1877  2570  115041  14  1049  2103  0  13  71  3  3273  6716  6082  874  100  10  1  14  0  5  0  28416  230036  13785  236  630  3  214729  0  252  0  0  0  27  0  0  1  2  2252  40872  200  4  1  0  0  0  389  0  0  0  0  0  1  1  0  0  17  1  0  0  3979  0  2  0  0  0  2  0  0  0  0  224  0  0  0  0  1330  1  0  1  0  0  0  0  0  0  4  0  0  0  0  3  0  0  0  0  55320  1  0  0  0  72897  0  0  0  
85  0  0  194  646  632  176  225  14891  0  26  223  0  39  370  36  211  36354  377  4  1  3905  31521  8  43  2263  32  4  69  82698  2  4059  3  0  6  1  0  4  3  2126  34438  5  66  243711  992  2  530  11954  25922  6  866  1010  706  385  8083  537  483  94  97  15  101  0  49  11  10218  401160  1185  2936  170  46  136  2  15486  767  12  0  0  194  60  48  96  9  2790  433  6  47  0  44  19  7  7  189  50  0  8  184  61  6  1  385  22  0  14  71  11  84  0  0  0  104  0  0  19  0  4918  3  6  16  749  53  75  48  937  0  15  249  58  64  0  1003  38  5  5  0  23  7  39  0  28  127198  252  347  26  0  228  0  328  0  
0  3  0  0  0  0  0  0  8  30  0  0  0  0  0  0  0  5  674  776929  0  52673  0  0  166  2  262  0  0  46419  0  0  0  0  0  0  0  0  0  0  7  61570  0  773717  3  0  0  2  9  0  0  0  0  0  36  53  3357  307044  1  0  47  0  0  0  364623  19  1  20  0  0  16  0  91  0  0  0  0  0  0  0  0  0  0  0  113144  0  0  0  0  0  0  0  0  759  0  3688  0  0  0  0  0  0  0  744  0  0  0  0  0  0  0  0  0  0  0  371  0  1383  0  0  0  0  0  0  0  0  0  0  0  0  0  0  0  0  0  0  0  0  125  2  0  0  0  0  1  0  0  0  
967  0  0  409587  5238  2540  3  2  0  5  0  0  2803  66842  3171  99  414  16522  1  0  0  0  1  138  0  18  0  0  69557  0  0  40  2719  449  290  0  0  0  304  238227  30  0  1  4  31087  0  5971  137  195897  0  0  278391  6765  289  5  0  3  0  0  0  1  9  2  332  1  46  41  255672  54  8  0  0  1  0  0  0  0  0  0  0  0  0  0  0  0  0  0  0  0  0  0  0  0  0  0  0  0  0  0  0  0  0  0  0  0  0  0  0  0  0  0  0  0  0  0  0  0  0  0  0  0  0  0  0  0  0  0  0  0  0  0  0  0  0  0  0  0  0  0  1  0  0  0  0  0  0  0  0  
11  0  0  82  1  58  0  0  0  0  0  1262  0  29426  0  0  4  1703  0  0  0  0  0  125779  0  0  0  0  2  0  1  32  1  15  63  0  0  0  114975  89  0  0  31  0  0  0  135597  2  725  0  0  3  0  0  0  0  0  0  0  0  0  25519  19  14746  0  0  0  0  0  4  0  0  0  0  0  0  0  0  0  0  0  0  0  0  0  0  0  0  0  0  0  0  0  0  0  0  0  0  0  0  0  0  0  0  0  0  0  0  0  0  0  0  0  0  0  0  0  0  0  0  0  0  0  0  0  0  0  0  0  0  0  0  0  0  0  0  0  0  0  0  0  0  0  0  0  0  0  0  
9782  0  1  8  5518  8719  3  0  0  2  0  78091  41957  0  7787  142  0  263  0  0  0  0  0  2313  0  3  0  0  50  0  0  215  0  1  0  0  0  0  154774  204182  9  0  0  0  1  0  7295  0  88964  0  0  246993  7014  31  0  0  3  0  0  0  0  45791  7  11653  0  83  3  105  1  48  0  0  3  0  0  0  0  0  0  1  0  0  0  0  0  0  0  0  0  0  0  0  0  0  0  0  0  0  0  0  0  0  0  0  0  0  0  0  0  0  0  0  0  0  0  0  0  0  0  0  0  0  0  0  0  0  0  0  0  1  0  0  0  0  0  0  0  0  0  0  0  0  0  0  0  0  0  0  
117372  0  1  33  40779  17714  34  4  13  3  0  9141  0  1503  0  254250  8  345  4  0  0  0  0  32  0  445  0  0  74980  0  1  358  0  0  0  0  0  0  17  1196  41  0  0  5  1637  0  93  13  5972  0  1  1025381  552036  712874  71  6  9  1  0  0  2  115934  15  34  12  503  231  198738  48450  28  12  0  35  0  0  0  0  0  0  0  0  0  0  0  0  0  0  0  0  0  0  1  0  0  0  0  0  0  0  0  0  0  0  0  0  2  0  0  0  0  0  0  0  0  0  0  0  0  0  0  0  0  0  0  0  0  0  0  0  0  0  0  0  0  0  0  0  0  0  23  0  0  0  0  0  0  1  0  
21783  0  362516  52  310075  475194  480202  368317  851  8  0  10  0  31  249131  0  10  705  29  0  0  0  3  1501  0  177  2  6  41564  1  33061  3789  0  0  0  0  0  0  20  242  121  0  1  22  21112  17326  135  69  4034  0  3  4516  101106  776440  69  30  11  11  2  0  0  0  19  1167  124  13030  922  809  145409  107337  25  0  196  0  0  0  1155  0  0  5275  2912  13530  245  0  0  0  0  0  0  25358  0  0  0  0  0  0  0  0  0  1  0  0  30  33  2  457  0  0  0  0  0  0  0  0  3  0  0  0  1  550  0  0  0  0  0  1  0  0  0  1  0  0  0  0  0  0  0  0  0  444  0  0  0  16  5  0  1  0  
3  1  49  4598  5  54  21  43  90  209  0  375  3  0  1  63  0  330067  3963  0  0  2  27651  3227  5  1093  3  4  155  11  1  29945  3787  56  60722  7  0  16  0  31  37420  1  22105  510  4210  2  21337  348141  201347  77  58  12  11  36  653  90  286  1335  15  5  30  0  179  60  390  265  2034  59  2971  39  10  2  12608  65  0  0  0  1  1  1  0  0  31  2  0  1  0  0  2  0  0  3  2  0  2  0  4  0  0  35  0  0  0  0  4  44  0  0  0  4  0  0  0  0  136  0  1  2  4  2  0  14  8  0  1  3  0  1  0  10  0  0  0  1  5  0  0  0  0  122  7  4  0  0  0  0  3  0  
847  0  3  7559  250  2490  9  7  103  531  0  19038  2787  291  15  16  185977  0  258  0  1  2  20921  40079  5  1067  0  0  33  22  939  147573  1897  104  11539  5  0  7  474  82  7393  1  11978  1235  165  0  307740  83927  335914  67  85  342  21  142  1189  36  232  48  15  6  27  0  2864  877  329  748  121  110  162  2321  3  0  19653  98  1  0  1  2  0  0  1  0  52  4  0  0  0  1  0  0  2  7  1  0  2  0  5  1  0  62  4  0  1  0  9  65  0  0  1  10  0  0  0  0  197  0  2  1  13  6  0  14  7  0  6  4  0  0  0  28  0  0  0  1  3  0  3  0  1  219  14  5  0  0  13  0  11  0  
0  137464  0  133  1  14  11  6  63  8  90  0  0  0  12  1  5  123  0  47165  71  10110  25  0  238934  80  0  0  3  0  1  8  0  0  1  1  5  6982  0  0  406  157789  3  12361  2055  0  3  317  342  0  25802  10  0  154  403  1351  1256962  616819  286272  1045  25767  0  1  1  16807  40  27  12921  19  1  1  0  432233  5  0  0  0  0  0  0  0  0  0  0  0  0  0  0  0  0  0  0  0  0  0  0  0  0  0  0  0  0  0  0  0  1  0  0  0  0  0  0  0  0  0  0  0  0  0  0  0  0  0  0  0  0  0  0  0  0  0  0  0  0  0  0  0  0  0  2  1  0  0  0  0  0  0  0  
0  39  0  1  0  0  0  0  1009  0  832949  0  0  0  0  0  1  15  32909  0  0  261  0  0  4739  33  93169  0  1  8219  0  4  0  0  0  0  0  0  0  0  38  105249  0  209263  43  0  0  17  25  0  3  0  0  2  65  64029  5023  467924  3  0  11  0  0  0  288898  7  8  51  6  0  3750  0  289  0  0  0  0  0  0  0  0  0  0  0  17521  0  0  0  0  0  0  0  0  150  0  2  0  0  0  0  1  0  0  511  0  0  0  0  0  0  0  0  0  0  0  26  0  25  0  0  0  0  0  0  0  0  0  0  0  1  0  0  0  0  0  0  0  0  1  0  0  0  0  0  0  0  0  0  
0  245811  0  3  1  0  0  0  1  2  0  0  0  0  0  0  0  1  51  1  0  35604  95316  0  3  5  1  0  0  0  0  0  0  0  0  0  132104  1822  0  0  39  1  92  118  13  0  0  3  4  309372  97466  0  0  2  41  0  16  0  14596  319446  509229  0  0  0  2  1  1  24  0  0  0  14  369  0  0  0  0  0  0  0  0  0  0  3  0  0  0  0  0  0  0  0  0  0  20  7  2  0  0  1  0  0  0  0  1  1  0  0  0  0  0  0  0  0  1  2  0  0  0  0  0  0  1  0  96  0  0  0  0  1  0  0  0  0  40  0  0  0  0  2  0  0  0  0  0  0  0  0  
6  124285  0  63  36  32  5  11  39  43993  35090  10  0  1  14  6  1  132  2728  160  33320  0  110238  0  24  255  0  0  1  2766  0  10  0  0  1  1  1  107  0  104  3604  346816  1  975543  369  0  30  60  263  3  99623  45  23  43  1660  8  91388  38159  772  28  1143525  0  0  0  4483  319  4  416  15  0  0  0  837  1  0  8  0  2  0  0  0  0  19  130  23095  0  0  0  0  0  1  1  0  0  107  23229  22  0  0  23  2  0  0  35  4  0  0  0  0  7  0  0  0  0  77  86  0  7010  0  0  2  14  6  0  220  0  0  0  0  3  0  0  0  0  43  0  0  0  1  119  1  0  1  0  2  0  3  0  
7  1  1  112  41  115  138  235  602  33018  0  5  0  0  21  12  30030  35129  265  0  87681  117011  0  925  1222  5980  0  0  7  109  2  67855  2  0  106561  0  2076  19794  1  125  31437  0  358123  125257  375  0  219  28085  1325  239213  331  112  36  180  11065  93  336  47  8890  18424  303622  0  105  16  3652  290  41  1549  41  39  29  445  79836  4  0  0  0  0  1  0  0  0  9  2  0  0  0  0  0  0  0  1  0  0  14  7  6  0  0  25  1  0  0  0  1  25  0  0  0  8  0  0  0  0  25  4  0  0  0  1  0  4  1  0  166  1  0  0  0  5  0  0  0  0  89  0  4  0  0  39  2  0  0  0  0  0  3  0  
182628  0  0  28  5160  28116  2  0  1  0  0  334  136486  15060  227  997  637  29391  1  0  1  0  104  0  0  12  0  0  0  0  169111  44294  96  461  4724  0  0  0  40653  1180  31  0  6498  27  1  0  233236  4090  7061  0  0  7336  1581  17  6  0  0  1  0  0  1  188450  341812  730488  5  456  4  51  8  140304  0  0  115  0  0  0  0  0  0  0  0  0  0  0  0  0  0  0  0  0  0  0  0  0  1  0  0  37  0  1  0  0  0  0  161  5  0  0  0  1  0  0  0  0  4  0  0  0  0  0  0  0  1  0  0  1  0  0  0  0  0  0  0  0  0  0  7  0  0  24  0  1  0  0  0  0  0  0  
0  0  0  50  2  16  20  10  1063  28  6  0  0  0  19  3  6  317  160647  8549  4  2  308  0  0  142997  7670  0  125  16  0  45  1  0  0  2  0  21  0  1  526  0  6  1230  1845  0  3  217  420  20  400  3  0  266  273873  539107  35782  31426  1878  18  505  0  1  1  6616  379  132  13281  58  2  96  0  803280  1  0  0  0  0  0  0  0  0  0  0  0  0  0  0  0  0  0  0  0  0  0  0  0  0  0  0  0  0  0  0  0  1  0  0  0  0  0  0  0  0  1  0  0  0  0  0  0  0  1  0  0  0  1  0  0  0  0  0  0  0  0  0  0  0  0  3  0  0  0  0  0  0  1  0  
7  3  11  323948  43  443  317  452  2292  426  0  8  0  5  76  20  281  2001  525  20  0  32  336  0  116413  0  214  42177  129  1068  0  257  2245  102583  2  202899  0  15211  0  75  463146  5  2  7387  48174  8  76  1921  13533  1  268  730  38  911  275358  149140  674  181  28  38  372  0  7  3  5009  11075  574968  11567  4465  10  805  1  63284  2144  0  0  0  1  0  0  1  0  13  0  0  0  0  2  0  0  0  4  0  0  0  0  1  1  0  14  0  0  0  0  0  3  0  0  0  6  0  0  0  0  48  0  0  0  4  4  1  2  5  0  0  1  0  1  0  7  1  0  0  0  0  0  1  0  0  124  4  2  0  0  4  0  6  0  
0  0  86377  0  0  1  3  0  656  0  211  0  0  0  0  1  1  8  18  143242  0  0  1  0  4002  359  0  44  70  940832  0  2  0  0  0  0  0  0  0  0  12  0  0  43  586  6291  0  7  15  0  0  1  0  10  1228  998607  6  57  0  0  1  0  0  0  239766  54  288255  0  63  0  125625  0  4  0  0  0  0  0  0  0  0  0  0  0  51  0  0  0  0  0  0  0  0  59  0  0  0  0  0  0  28  0  0  2023  0  0  0  0  0  0  0  0  0  0  0  0  0  0  0  4  0  0  0  0  0  0  0  0  0  3  0  0  0  0  0  0  0  0  2  0  0  0  0  0  28  0  0  0  
0  0  130773  200578  0  1  0  7  535  0  0  0  0  0  1  11  0  6  4  0  0  0  0  0  0  63612  83  0  92313  0  0  1  0  0  0  0  0  0  0  0  20  0  0  7  614433  111527  0  3  41  0  0  2  0  2  4  498  1  0  0  0  0  0  0  0  9  11  498306  6  67  0  65  0  0  0  0  0  0  0  0  0  0  0  0  0  0  0  0  0  0  0  0  0  0  0  0  0  0  0  0  0  0  0  0  0  0  0  0  0  0  0  0  0  0  0  0  0  0  0  0  0  0  0  0  0  0  0  0  0  0  0  0  0  0  0  0  0  0  0  0  0  0  0  0  0  0  0  0  0  
4  0  120569  86163  21  202  35  91546  3049  12  0  47027  4  69  73306  34529  443  2179  297  1  0  0  8  3  2  978  2  41476  0  6  0  264  1  0  0  0  0  0  0  52  889  0  1  77  799113  17423  274  5443  4323  0  1  10291  39  4163  150  54  82  48  2  0  1  0  17  1  303  6049  19915  439973  518009  10  773  0  182  0  0  0  0  0  0  0  0  1  3  1  0  0  0  0  0  0  0  1  0  0  0  0  0  0  0  4  1  0  0  0  0  0  0  0  0  0  0  0  0  0  10  0  0  0  1  1  0  0  2  0  0  0  0  0  0  4  0  0  0  0  0  0  0  0  0  21  0  0  0  0  1  0  2  0  
0  0  64512  10  0  22  28  16  32600  71706  28512  0  0  0  0  0  14  2749  202  6787  0  2688  6  0  15  609  730205  6  73  0  2  397  0  0  2  0  0  0  0  0  903  0  1  26476  743  280372  8  517  1579  0  13  12  0  8  688  45334  412  63  5  1  17  0  4  0  451371  39451  32642  55  57  4  375883  0  988  1  0  0  7  0  0  0  0  0  8453  609  28167  0  0  0  0  1  0  1  1  452  0  3749  0  0  0  20  328  0  0  86080  0  6  0  0  0  8  0  1  0  0  207  0  0  6  1  42  0  6  2  0  0  0  0  0  0  15  0  0  0  0  7  0  0  0  552  3468  4  1  0  0  25603  0  0  0  
71938  0  0  0  47769  39554  0  0  0  0  0  0  0  1  0  40034  0  204  0  0  0  0  0  142177  0  2  0  0  0  0  0  28571  0  0  0  0  0  0  1  0  3  0  0  1  0  0  263  1  9  0  0  1  0  0  0  0  0  0  0  0  0  0  263305  597  0  2  0  0  1  272980  0  0  9  0  6  0  0  0  0  184  0  0  1  0  0  0  0  0  0  181  0  0  0  0  0  0  2  1107  0  0  0  0  0  0  20097  169  0  0  0  0  0  0  0  0  0  0  0  0  0  0  0  0  0  0  0  0  0  0  0  0  0  0  0  0  0  0  510  6  0  13  0  0  0  320  0  0  0  0  
518  0  2  9  85  124360  5  8  60  355  0  0  38  53  16  1663  41689  357063  66  0  13  8  70504  29605  0  687  2  0  24  17  38572  0  5  0  25387  0  3  7  363  14  2983  0  13136  1799  246  0  25469  29443  40469  20  21  94  22  25  360  36  35  7  13  2  15  5  209389  6987  282  78045  63  23  82  154743  3  0  21042  19  0  0  0  3  0  1904  3  4  106  3  0  3  0  4  0  857  0  14  1  0  3  0  9  1  0  133  6  0  2  0  315  56725  0  0  0  44  0  0  3  0  279  0  1  2  15  14  1  12  17  0  10  12  1  2  0  69  0  0  1  0  2  0  8  0  0  1404  32  10  6  653  8  0  21  0  
0  0  0  80900  0  3  0  0  3  3  0  236  1  0  0  0  1997  2485  6  0  0  0  2  35  0  571  0  0  0  0  0  53  0  147638  34546  12091  0  0  0  0  48856  0  2  14  3  0  237  255348  3001  0  0  2  0  0  43  9  0  0  0  0  0  0  2  1  11  20  10  2  1  2  1  0  20826  273475  0  0  0  0  0  0  0  0  0  0  0  0  0  0  0  0  0  0  0  0  0  0  0  0  0  1  0  0  0  0  0  0  0  0  0  0  0  0  0  0  0  0  0  0  0  0  0  0  0  0  0  0  0  0  0  1  0  0  0  0  0  0  0  0  0  3  0  0  0  0  0  0  0  0  
0  0  0  2363  0  0  0  0  0  1  0  457  23  5  0  0  30  166  0  0  0  0  0  842  1  77632  0  0  8  0  0  0  216006  0  451703  267200  45  317490  0  0  10911  0  108031  0  0  0  449  64445  45  5  0  0  0  0  115  0  0  0  4  0  8  0  0  15  0  0  0  0  0  0  0  1710  528167  83903  0  0  0  0  0  0  0  0  0  0  0  0  0  0  0  0  0  0  0  0  0  0  0  0  0  0  0  0  0  0  0  0  0  0  0  0  0  0  0  0  0  0  0  0  0  0  0  0  0  0  0  0  0  0  0  0  0  0  0  0  0  0  0  0  0  0  0  0  0  0  0  0  0  0  
0  0  0  682  0  3  1  1  12  13  0  241  10  0  0  0  44405  12350  32  0  0  0  95761  2751  1  170  0  0  3  1  0  24009  38995  474829  0  2  539  38900  0  0  422  0  314212  156  0  0  1007  288863  136  2222  6  2  0  1  71  2  11  0  1024  256  1217  0  6  71  31  24  0  4  0  1  1  71190  120229  26  0  0  0  0  0  0  0  0  1  0  0  0  0  1  0  0  0  0  0  0  1  0  2  0  0  5  0  0  0  0  0  7  0  0  0  1  0  0  0  0  9  0  0  1  0  0  0  0  0  0  0  1  0  0  0  2  0  0  0  0  1  0  0  0  0  5  1  1  0  0  0  0  0  0  
0  0  0  54  0  0  0  0  0  0  0  0  0  0  0  0  3  3  0  0  0  0  0  0  3  220387  0  0  0  0  0  1  16438  312411  6  0  0  4757  0  0  120683  0  0  0  0  0  0  20547  82  0  0  0  0  0  3102  0  0  0  0  0  0  0  0  0  0  0  0  0  0  0  0  0  43706  160534  0  0  0  0  0  0  0  0  0  0  0  0  0  0  0  0  0  0  0  0  0  0  0  0  0  0  0  0  0  0  0  0  0  0  0  0  0  0  0  0  0  0  0  0  0  0  0  0  0  0  0  0  0  0  0  0  0  0  0  0  0  0  0  0  0  0  0  0  0  0  0  0  0  0  
0  39241  0  0  0  0  0  0  0  0  0  0  0  0  0  0  7  0  5  0  83241  0  3794  0  0  0  0  0  0  0  0  1  0  57  1173  0  0  448498  0  0  5  0  167636  58  1  0  0  424  0  503777  0  0  0  0  2  0  0  0  114708  530758  4237  0  0  0  2  0  0  0  0  0  0  804663  17635  0  0  0  0  0  0  0  0  0  0  0  0  0  0  0  0  0  0  0  0  0  0  0  0  0  0  0  0  0  0  0  0  0  0  0  0  0  0  0  0  0  0  0  0  0  0  0  0  0  0  0  0  0  0  0  0  0  0  0  0  0  0  0  0  0  0  0  0  0  0  0  0  0  0  0  
0  22418  0  7  0  0  0  0  1  0  0  0  0  0  0  0  3  14  16581  0  217  189  2106  0  12  845  0  0  0  0  0  2  2  320369  55377  117  409839  0  0  0  55  4  191218  8340  61  0  0  5341  10  30300  122  1  0  1  231  1  52  0  365873  74833  40841  0  0  0  8  1  0  45  3  0  0  854205  1345862  2  0  0  0  0  0  0  0  0  0  0  0  0  0  0  0  0  0  0  0  0  0  0  0  0  0  0  0  0  0  0  0  0  0  0  0  0  0  0  0  0  0  0  0  0  0  0  0  0  0  0  0  0  0  0  0  0  0  0  0  0  0  0  0  0  0  0  0  0  0  0  0  0  0  0  
15369  0  0  0  794  6613  0  0  0  1  0  108  109351  174633  101  212  2  433  1  0  0  0  5  18535  0  1  0  0  0  0  4  2312  0  0  0  0  0  0  0  8477  8  0  1  5  1  0  80957  2  76034  0  0  24513  339  6  0  0  0  1  0  0  0  11460  342  111726  0  277  0  43  1  379  0  0  34  0  0  0  0  0  0  0  0  0  0  0  0  0  0  0  0  0  0  0  0  0  0  0  0  0  0  1  0  0  0  0  0  2  0  0  0  0  0  0  0  0  0  0  0  0  0  0  0  0  0  0  0  0  0  0  0  0  0  0  0  0  0  0  0  0  0  10  0  0  0  0  0  0  0  0  
993  0  0  770  3781  1919  10  3  0  16  0  222482  1257  233214  1687  59  8  155  3  0  0  0  0  163  0  17  0  0  9  0  0  102  0  0  0  0  0  0  4677  0  99  0  0  6  68  1  1266  1  194134  0  1  24576  5184  184  8  0  12  1  0  0  0  129  11  755  0  95  19  31930  61  10  1  0  0  0  0  0  0  0  0  0  0  0  0  0  0  0  0  0  0  0  0  0  0  0  0  0  0  0  0  0  0  0  0  0  0  0  0  0  0  0  0  0  0  0  0  0  0  0  0  0  0  0  0  0  0  0  0  0  0  0  0  0  0  0  0  0  0  0  0  15  0  0  0  0  0  0  0  0  
289  1  0  123879  2119  2040  697  873  2768  18892  1  298  0  161  1080  247  42344  62337  14141  21  6  114  3224  14  35  399517  150  4  163  124  4  4843  41926  11309  7  118437  0  2  52  3364  0  3  52  52946  7534  7  504  243926  191500  7  173  2068  1826  1634  135720  2929  1649  2063  27  17  519  0  154  54  5321  7574  43575  6047  653  124  300  0  90596  85857  0  0  0  8  2  4  6  1  168  18  0  5  0  4  1  0  4  34  10  0  17  1  34  1  0  306  12  0  3  0  49  107  0  0  0  82  0  0  0  0  785  0  10  11  28  21  1  125  27  0  11  14  1  4  0  109  4  1  2  2  23  0  4  0  3  555  80  5  1  0  28  0  52  0  
0  457078  0  25  0  2  0  0  0  0  74759  0  0  0  0  0  0  7  130350  124105  4  413883  0  0  0  0  0  0  0  0  0  0  0  0  0  0  0  0  0  0  1  0  0  164700  495  0  0  3  14  0  46606  0  0  9  8  0  708242  30867  1134  0  9224  0  0  0  21  2  1  81  0  0  0  0  13  0  0  0  0  0  0  0  0  0  0  0  319  0  0  0  0  0  0  0  0  0  0  36  0  0  0  0  0  0  0  0  0  0  0  0  0  0  0  0  0  0  0  63  0  6  0  0  0  0  0  0  0  0  0  0  0  0  0  0  0  0  0  0  0  0  0  0  0  0  0  0  0  0  0  0  
0  0  0  1  2  13  4  1  19  37  0  0  0  0  1  1  2403  4605  52  0  33  1  350298  2957  11  424  0  0  0  0  0  1461  1  157397  385951  0  131254  206552  0  0  980  0  0  412  11  0  21  73053  75  129807  12  0  0  0  177  2  11  1  9048  320  5781  0  10  489  99  46  0  5  0  4  1  129223  89416  2  0  0  0  0  0  1  1  0  1  0  0  0  0  0  1  0  0  0  0  0  1  0  0  0  0  13  1  0  0  0  1  3  0  0  0  1  0  0  0  0  20  0  0  1  0  0  1  6  2  0  4  0  0  0  0  7  0  0  0  0  2  0  0  0  0  16  0  0  0  0  0  0  0  0  
27  5965  0  6542  316  1335  1386  3528  5752  190525  788258  91  0  17  202  266  114  17601  18525  100705  13  835458  114316  6  739  17166  22  2  143  18673  4  2248  3  0  2  0  1  724  1  973  81938  178470  38  0  22441  2  1820  3110  22628  204  27076  986  321  2670  29859  821  103083  333114  5358  545  164054  0  52  15  319147  12632  750  11702  2750  52  273  2  35025  88  0  0  0  0  0  2  3  1  20  13  5325  0  0  0  0  0  0  5  1  0  1  212  3  1  0  32  2  0  0  6  5  27  0  0  0  12  0  0  0  0  86  40  1  159  6  0  0  7  2  0  8  2  1  0  0  8  1  0  0  0  5  0  3  0  1  189  16  1  0  0  6  0  7  0  
73  1  196663  294386  447  6467  2001  56839  31536  201  0  4858  0  84  750  32880  3426  10046  2278  2  0  6  20  7  33  58593  59  659107  649926  52  2  1211  13  1  0  0  0  4  0  520  4952  2  1  1208  0  340708  1460  22132  70523  0  314  3172  553  5968  1495  1289  5524  202  79  122  284  0  134  20  2005  23950  436522  156824  215362  86  9162  0  2019  1  0  0  0  0  0  3  0  1  12  2  0  0  0  0  1  0  0  4  1  0  0  0  0  0  0  31  2  0  2  0  0  6  0  0  0  7  0  0  0  0  54  0  1  0  5  4  1  2  0  0  1  1  1  0  0  15  0  0  0  0  0  0  0  0  0  122  5  1  0  0  5  0  10  0  
0  0  232849  57  6  44  26  169688  126993  0  0  0  0  0  3  13195  7  43  27  0  0  0  0  0  0  48  10507  72879  1764  240483  0  4  0  0  0  0  0  0  0  4  66  0  0  18  210561  0  1  79  527  0  0  30  8  380  20  276  30  2  1  0  0  0  0  0  46  472  140919  8  427  0  103852  0  7  0  0  0  268  0  0  0  0  52  3634  0  0  0  0  0  0  451  0  0  0  0  0  0  0  0  0  0  0  0  0  684  0  0  0  0  0  0  0  0  0  0  0  0  0  0  0  4449  0  0  0  0  0  0  0  0  0  0  0  0  0  0  0  0  0  0  0  0  0  0  0  0  8323  0  1  0  
11419  0  0  49  1252  15857  1  4  13  10  0  1543  112358  3786  367  122  237  180982  10  0  5  3  211  182266  0  183  0  0  3  2  1396  46924  79  55  462  0  0  0  78760  507  435  0  147  311  69  0  0  2773  68030  0  2  4693  1173  700  42  5  2  2  1  0  5  716  13645  155312  53  524  226  336  273  2743  1  0  874  1  0  0  0  0  0  1  0  0  6  0  0  0  0  0  0  0  0  0  0  0  0  0  0  1  0  5  0  0  0  0  0  10  0  0  0  0  0  0  0  0  14  0  1  0  1  0  0  0  1  0  4  0  1  1  0  1  0  0  0  0  1  0  1  0  0  41  4  0  0  0  3  0  0  0  
10  0  0  829  21  245  42  12  484  5241  0  231  7  2  10  29  287931  178290  877  26  9  13  22467  5001  116  1975  36  1  118  68  16  15569  213111  28547  322626  8557  178  21041  3  79  175754  2  128444  3312  3261  2  26125  0  65762  1542  187  170  28  67  7138  760  512  153  2106  90  735  0  220  51  1879  3189  6536  257  203  118  48  12169  619314  70427  0  0  0  9  4  7  14  4  222  28  0  6  0  4  4  0  2  44  7  0  11  2  34  3  3  279  24  0  3  1  35  195  0  0  1  88  0  3  3  0  1227  0  8  9  40  18  3  158  36  0  10  34  1  7  0  128  1  0  1  2  21  0  5  0  1  1284  69  28  6  0  38  0  52  0  
47845  2  1772  399564  35369  41780  1732  1674  2099  12858  0  157901  4158  93917  15051  3579  113811  263289  51155  9  2  16  190  3888  81  6892  41  1  1523  51  156  48126  1695  11  29  9  0  1  70431  217865  200329  2  45  9108  106946  6  70271  25838  0  0  296  85201  35311  32816  5308  1286  21848  5818  36  51  102  1297  3496  14763  2904  15063  11879  165196  26870  4221  168  0  4850  56  0  0  0  2  2  13  3  4  53  1  0  1  0  2  0  0  0  4  1  0  0  1  8  1  1  85  3  0  1  0  8  89  0  0  0  17  0  0  1  0  180  0  0  1  11  4  1  24  10  0  2  2  2  0  0  29  0  0  1  0  4  0  0  0  1  928  34  6  1  0  13  0  17  0  
0  4  0  0  0  0  0  2  3  2  0  0  0  0  0  0  53  34  0  0  308977  6  226164  0  10  16  0  0  0  1  0  26  0  0  2293  0  445403  117085  0  0  49  0  217003  539  14  0  0  4272  6  0  5  0  0  0  51  0  3  0  68856  264232  73801  0  0  0  12  5  1  5  0  0  0  66633  124936  1  0  0  0  0  0  0  0  0  0  0  0  0  0  0  0  0  0  0  0  0  0  0  0  0  0  0  0  0  0  0  0  0  0  0  0  0  0  0  0  0  0  0  0  0  0  0  0  0  0  0  0  0  0  0  0  0  0  0  0  0  0  0  0  0  0  0  0  0  0  0  0  0  0  0  
0  254669  0  138  1  3  6  22  12  2  0  0  0  0  0  2  0  16  2665  0  51832  120737  3  0  21  41  0  0  0  1  0  1  0  0  0  0  0  31  0  0  26  18548  0  24128  676  0  1  15  51  1  0  1  0  32  274  0  14358  36  52949  2362  216217  0  0  0  58  31  11  269  31  0  0  0  388  0  0  0  0  0  0  0  0  0  0  0  0  0  0  0  0  0  0  0  0  0  0  79  0  0  0  0  0  0  0  0  0  0  0  0  0  0  0  0  0  0  0  0  0  1  0  0  0  0  0  0  3  0  0  0  0  0  0  0  0  0  0  0  0  0  0  0  0  0  0  0  0  0  0  0  
108455  0  0  272  40337  50898  720  768  75  44  0  244734  12  289521  704632  3210  60  3176  540  0  0  2  4  1523  15  1243  5  0  25069  3  6  1722  1  0  0  0  0  0  46268  76363  436  0  0  81  2845  0  4724  144  48419  0  81  0  215755  189555  884  91  1104  93  5  16  32  48414  117  2555  114  4076  2304  237611  5300  213  11  0  201  0  0  0  0  0  0  1  1  1  3  0  0  0  0  0  0  0  0  0  0  0  0  0  1  0  0  0  0  0  0  0  0  8  0  0  0  0  0  0  0  0  3  0  0  0  0  0  0  0  0  0  0  0  0  0  0  0  0  0  0  0  0  0  0  0  0  154  0  0  0  0  0  0  7  0  
123927  0  0  4  101634  23406  37  1  2  3  0  141  0  372  569436  57787  25  815  10  0  0  0  1  66  0  48  0  0  2  0  3  1351  0  0  0  0  0  0  67  3494  66  0  0  6  30  0  253  21  10050  0  1  377345  0  62023  12  4  9  0  0  0  2  16  60  143  20  1022  238  152  71  76  0  0  15  1  0  0  0  0  0  1  0  1  0  0  0  0  0  0  0  0  0  0  0  0  0  0  0  0  0  1  0  0  0  0  0  5  0  0  0  0  0  0  0  0  0  0  0  0  0  0  0  0  1  0  0  0  0  0  0  0  0  0  0  0  0  0  0  0  0  83  0  0  0  0  0  0  0  0  
730  0  12  4257  4152  82543  41908  102735  4464  9  0  82  0  32  647340  722703  38  2177  601  0  0  3  7  11  58  8791  34  3  3652  31  0  375  1  0  0  0  0  1  8  815  893  0  0  246  12338  8  787  353  42024  0  112  305007  72855  0  2813  289  806  93  14  17  46  0  43  13  1085  15617  15711  151668  259367  49  221  0  1060  0  0  0  0  0  0  13  1  0  2  0  0  0  0  0  1  0  0  1  0  0  0  0  0  0  0  2  0  0  0  0  0  5  0  0  0  0  0  0  0  0  3  0  0  0  0  0  0  0  1  0  0  0  1  0  0  0  0  0  0  0  0  0  0  0  0  103  1  0  1  0  0  0  4  0  
1  4  0  419  6  288  597  775  14640  167  0  1  0  2  13  32  56  3576  7602  23  3  177  808  2  194766  312613  1216  0  146  430  0  317  29  246  0  9678  0  23  0  31  96524  3  11  41663  1904  0  65  1775  4485  12  172  84  11  648  0  33581  7000  1435  162  20  1565  0  6  2  26436  3305  4524  8674  241  8  1535  0  312395  84  0  0  0  0  0  0  0  0  8  1  0  1  0  0  0  0  0  1  1  0  0  0  2  0  0  8  0  0  0  0  0  1  0  0  0  2  0  0  0  0  26  0  0  0  3  0  0  2  2  0  0  0  0  0  0  1  0  0  0  0  0  0  0  0  0  43  3  1  0  0  1  0  1  0  
1  0  1  85  10  234  430  320  38301  37  4  2  0  1  12  15  58  2456  9735  100129  0  2  6  2  518733  230926  859544  216  4595  18498  0  333  15  0  0  0  0  1  1  14  7277  1  2  11536  29843  64  61  2199  4008  1  137  251  9  697  97284  0  11327  108648  76  1  136  0  9  2  209631  9093  240617  9372  3146  3  245428  0  41118  2  0  0  0  0  0  1  0  0  7  0  0  0  0  1  0  0  0  1  0  0  0  0  3  0  0  10  1  0  0  0  0  1  0  0  0  4  0  0  0  0  10  0  0  0  3  0  0  1  0  0  0  0  0  0  0  3  0  0  0  0  0  0  0  0  0  22  3  0  0  0  3  0  2  0  
1  394112  0  219  1  21  19  3  56  12  1667  0  0  0  24  1  6  182  1354091  1412  2  180307  5  0  51544  25  2  0  10  2  0  17  0  0  0  0  0  13  0  0  717  598373  2  82632  5108  0  2  194  974  0  50062  61  8  293  334  4567  0  114445  168125  40  31140  0  0  0  23577  71  81  34436  34  0  9  0  126430  0  0  0  0  0  0  0  0  0  0  0  0  0  0  0  0  0  0  0  0  0  0  0  0  0  0  0  0  0  0  0  0  1  0  0  0  0  0  0  0  0  4  0  0  0  0  0  0  1  0  0  0  0  0  0  0  0  0  0  0  0  0  0  0  0  0  2  2  0  0  0  0  0  0  0  
1  5141  0  317  3  31  16  4  238  7  259299  0  0  0  8  2  3  184  596303  451206  0  26021  9  0  46093  342  14  0  7  11  0  21  0  0  0  0  0  1  0  0  221  51862  1  246582  6564  0  2  198  709  0  11355  28  3  167  1473  104044  183710  0  2379  0  3102  0  0  0  185854  167  257  3992  25  0  19  0  2576  0  0  0  0  0  0  0  0  0  0  0  2  0  0  0  0  0  0  0  0  0  0  0  0  0  0  2  0  0  0  1  0  0  0  0  0  1  0  0  0  0  1  0  0  0  0  0  0  0  0  0  0  0  0  0  0  0  0  0  0  0  0  0  0  0  0  4  0  0  0  0  0  0  0  0  
1  288245  0  867  2  40  38  19  9  9  0  0  0  0  19  6  6  67  238226  7  5471  11668  1370  0  251  110  1  0  1  0  0  7  0  0  6  0  102978  426214  0  3  376  385  209  35875  8430  0  1  266  217  864  144718  5  1  269  727  12  131819  272  0  226385  104220  0  0  0  201  154  22  3183  81  2  0  232  194065  0  0  0  0  0  0  0  0  0  0  0  0  0  0  0  0  0  0  0  0  0  0  0  0  0  0  0  0  0  0  0  0  0  0  0  0  0  0  0  0  0  0  0  0  0  0  0  0  0  0  0  0  0  0  0  0  0  0  0  0  0  0  0  0  0  0  0  0  0  0  0  0  0  0  0  
0  118621  0  177  1  12  9  5  10  1  0  0  0  0  4  1  2  35  131  0  400868  321  3724  0  27  24  0  0  0  0  0  3  0  0  153  0  485499  119241  0  0  20  7  567  18258  1061  0  1  208  51  257371  53978  1  0  50  805  0  138  1  225987  0  189358  0  0  0  16  37  7  379  18  0  0  155004  42494  1  0  0  0  0  0  0  0  0  0  0  0  0  0  0  0  0  0  0  0  0  0  0  0  0  0  0  0  0  0  0  0  0  0  0  0  0  0  0  0  0  0  0  0  0  0  0  0  0  0  0  0  0  0  0  0  0  0  0  0  0  0  0  0  0  0  1  0  0  0  0  0  0  0  0  
1  69746  0  827  2  54  44  95  225  88  4704  0  0  0  23  8  13  286  2039  276  491687  877861  294783  3  1103  234  0  0  4  14  0  34  0  0  66  0  1711  86658  0  2  590  23100  1454  195158  5126  1  8  319  518  60880  252115  20  2  403  14133  52  22088  6587  89430  177579  0  0  0  1  352  243  49  7073  205  2  11  659  66123  1  0  0  0  0  0  0  0  0  1  11  48  0  0  0  0  0  0  0  1  0  12  60  2  0  0  1  0  0  0  0  0  1  0  0  0  0  0  0  0  0  4  1  0  17  0  1  0  0  0  0  100  1  0  0  0  0  1  0  0  0  33  0  0  0  0  1  1  1  0  0  1  0  0  0  
96127  0  0  0  1  102  0  0  0  0  0  1  38830  40027  106726  0  1  4  0  0  0  0  0  174886  0  1  0  0  0  0  0  24  0  0  0  0  0  0  22587  60  0  0  0  1  0  0  156  0  213  0  0  74019  46  0  0  0  0  0  0  0  0  0  5  60246  0  9  0  12  0  1  0  0  1  0  0  0  0  0  0  0  0  0  0  0  0  0  0  0  0  0  0  0  0  0  0  0  0  0  0  0  0  0  0  0  0  0  0  0  0  0  0  0  0  0  0  0  0  0  0  0  0  0  0  0  0  0  0  0  0  0  0  0  0  0  0  0  0  0  0  0  0  0  0  0  0  0  0  0  
17  0  0  1  2  29206  1  1  9  18  0  1  241  40  0  0  11  10803  1  0  3  3  236  322078  0  128  0  0  0  0  262874  308746  0  0  0  0  0  0  1144  2  472  0  25  338  1  0  43073  163  308  0  2  6  5  1  21  3  3  1  0  0  2  13  0  91908  47  13  2  3  1  89093  1  0  851  0  0  0  0  0  1  0  0  0  4  1  0  0  0  0  0  0  0  3  0  0  1  0  1  7  0  2  1  0  1  0  48  8  0  0  0  1  0  0  0  0  15  0  0  0  1  1  1  1  1  0  3  0  0  0  0  2  0  0  0  0  1  0  5  0  0  16  1  0  0  0  1  0  0  0  
37512  0  0  5  3592  28042  1  0  2  5  0  235  45136  40536  213  1113  21  3700  4  0  0  0  40  724506  0  16  0  0  2  0  423  26220  0  8  51  0  0  0  188497  1011  74  0  240  35  0  0  193434  38  13573  0  0  2904  749  9  4  0  3  1  0  0  0  91691  40464  0  6  1581  8  58  10  11983  2  0  249  1  0  0  0  0  0  3  0  0  2  0  0  0  0  0  0  0  0  0  0  0  0  0  0  0  0  4  0  0  0  0  0  13  0  0  0  1  0  0  0  0  7  0  0  0  0  0  0  0  0  0  0  0  0  0  0  2  0  0  0  0  0  0  0  0  0  99  1  0  0  0  1  0  0  0  
5  209  2  1190  16  542  2525  984  50460  5888  364385  9  0  1  28  24  133  6498  117224  590339  1  5379  88  4  5595  4670  312764  6  1046  728787  1  1131  10  0  0  0  0  6  0  71  7355  2522  8  330645  22607  7  335  3421  7339  1  5867  412  22  1112  26601  105747  121449  207991  2710  84  4154  0  33  7  0  25737  3748  6249  473  20  135290  0  28364  2  0  0  0  1  0  1  0  0  11  6  8289  0  0  0  0  0  0  2  0  168  0  8  0  0  0  31  3  0  0  437  0  7  0  0  0  5  0  0  0  0  53  0  0  1  3  3  0  1  1  0  0  1  0  0  0  14  0  0  0  0  0  0  0  0  17  124  11  2  0  0  2  0  9  0  
704  0  15  753  325  408277  211034  178956  316457  325089  11  47  0  50  207  7286  385  38787  2795  6  2  25  149  384  17  8293  254  11  1680  53858  9  104282  37  0  3  1  0  0  72  396  17073  0  66  20253  11700  20  996  9244  33603  0  115  3144  381  3911  8411  3683  786  305  19  7  31  3  192  1731  51299  0  6697  3065  4402  266  468  0  17733  521  1152  0  0  16  248  19907  1699  3150  4143  244  2  6  1  24  95  222  4  193  8  0  1  74  130  29  1  618  85  4  222  42  44  3429  0  0  1  99  0  0  44  0  1696  0  9  6  2996  203  84  57  109  0  6  97  172  117  0  931  2  0  5  1  8  86  60  50  11  398259  695  15  106  75  2130  1  509  0  
5  0  54720  53389  43  2200  2821  416  26168  39  0  0  0  3  123  1515  449  4369  1360  15  0  0  6  3  88  755599  306965  412554  6587  34663  0  521  9  0  0  0  0  1  1  12  41395  0  0  4816  267036  144691  37  5775  9804  1  37  233  79  2927  17420  288026  280  1279  7  8  26  0  19  5  8305  34665  0  6693  19010  11  101367  0  485  1  0  0  0  0  0  1  0  0  4  0  0  0  0  0  0  0  0  2  1  0  0  0  0  0  0  6  1  0  0  0  0  2  0  0  0  1  0  0  0  0  31  0  0  0  0  3  0  0  0  0  0  0  0  1  0  7  0  0  0  0  0  0  1  0  0  58  1  0  1  0  0  0  1  0  
634  0  1  114145  2065  6587  1158  72  798  17  0  194473  0  722  210883  478  32  4115  1989  2  0  3  9  39  153  7939  16  0  369049  10  3  782  0  0  0  0  0  1  258  11054  899  1  0  251  314072  10  6774  88  128473  0  395  317974  1884  116785  5463  442  5005  290  51  44  173  11  80  92  330  3514  12909  0  104761  87  538  0  1351  0  0  0  0  0  0  1  0  0  1  0  0  0  0  0  1  0  0  4  0  0  0  0  0  0  0  3  0  0  0  0  0  2  0  0  0  0  0  0  0  0  3  0  0  0  0  0  1  0  0  0  1  0  1  0  0  0  0  0  0  0  1  0  0  0  0  200  0  0  0  0  0  0  5  0  
94  0  42725  7941  622  10117  10957  130780  11990  19  0  105  0  49  56657  144533  272  2702  1298  0  0  1  9  2  5  5433  23  54  421175  3  1  394  3  0  0  0  0  0  2  967  1239  0  0  217  196320  567  209  3067  15472  0  18  10440  834  314564  419  440  1878  133  2  9  15  0  23  7  343  21310  41500  95563  0  31  8638  0  314  2  0  0  0  1  1  4  1  0  7  1  0  0  0  0  0  1  0  0  0  0  0  0  0  0  0  6  1  0  1  0  0  3  0  0  0  0  0  0  0  0  9  0  0  0  1  1  0  2  0  0  0  0  0  0  0  3  0  0  0  0  0  0  0  0  0  58  3  0  0  0  1  0  2  0  
70152  0  0  1  72283  368275  0  1  4  12  0  1  1  30  6  128297  6  2193  3  0  3  1  100  143700  0  69  0  0  0  1  305497  197713  0  0  0  0  0  0  104  12  208  0  0  111  2  0  1896  65  466  0  0  67  9  2  10  1  0  0  0  0  1  1  82968  25372  22  86  1  4  2  0  0  0  567  0  2  0  0  0  0  2013  0  0  5  0  0  0  0  0  0  991  0  0  0  0  1  0  0  27  0  4  0  0  1  0  4179  569  0  0  0  0  0  0  0  0  15  1  0  0  0  1  0  0  0  0  0  0  0  0  0  3  0  0  0  0  0  0  14  0  0  42  4  0  0  1553  1  0  0  0  
0  0  2  29  1  98  105  110  323316  25  0  1  0  0  1  15  31  947  2321  965  0  0  1  0  58  2222  49605  77  754  371105  0  121  4  0  0  0  0  0  0  6  3158  0  1  631  5058  109631  15  1643  1125  0  13  31  4  391  1476  191827  1282  155  8  1  18  0  2  1  79770  6695  87498  187  942  3  0  0  286  0  0  0  0  0  0  0  1  3  3978  22  43  0  0  0  0  0  0  3  0  3  0  0  0  0  0  4  0  0  1  20738  0  1  0  0  0  3  0  0  0  0  23  0  0  0  2  31  0  1  0  0  0  0  0  0  0  1  0  0  0  0  0  0  0  0  0  48  0  0  0  0  146529  0  0  0  
0  0  0  0  0  0  0  0  0  1  0  0  0  0  0  0  3  3  0  0  7  1  874  0  3  2  0  0  0  0  0  1  0  324  44962  0  1001042  823847  0  0  7  0  76606  97  2  0  0  2826  1  91693  2  0  0  0  5  0  0  0  26816  153416  6528  0  0  0  0  0  0  3  0  0  0  0  120635  0  0  0  0  0  0  0  0  0  0  0  0  0  0  0  0  0  0  0  0  0  0  0  0  0  0  0  0  0  0  0  0  0  0  0  0  0  0  0  0  0  0  0  0  0  0  0  0  0  0  0  0  0  0  0  0  0  0  0  0  0  0  0  0  0  0  0  0  0  0  0  0  0  0  0  
13  100  0  1428  15  393  291  262  1609  1115  9  5  0  2  223  45  1332  33357  330441  1234  151  724  52719  32  832434  41663  1  0  40  183  6  12433  30390  478729  153507  21742  4486  1520569  1  45  46697  34  161054  94709  18183  0  213  635633  6217  60957  12882  113  21  3277  451011  59885  104808  2701  157137  29961  120884  0  204  55  42910  1616  159  76465  255  123  87  96404  0  16763  0  0  0  8  2  0  2  1  61  10  0  3  0  3  0  0  2  8  3  0  4  1  10  0  0  106  4  0  0  0  19  67  0  0  0  29  0  0  0  0  342  0  2  1  11  4  2  52  15  0  6  5  1  0  0  37  0  0  0  0  9  0  4  0  3  263  19  8  0  0  3  0  27  0  
0  0  0  158  4  6  0  0  10  780  0  0  0  0  1  0  30  1886  9  0  0  0  17  0  0  467  0  0  1  6  0  68  289281  66915  30  147247  0  2  0  5  69884  0  3  356  58  0  5  114674  1240  0  5  22  1  3  677  4  18  1  0  0  3  0  0  0  26  248  1  25  1  3  0  0  33522  0  0  0  0  0  0  0  0  0  8  6  0  0  0  1  0  0  0  3  0  0  0  2  2  0  0  11  1  0  0  0  2  3  0  0  1  5  2  0  0  0  62  0  1  0  1  0  0  6  1  0  1  0  0  1  0  1  0  0  0  2  4  0  0  0  0  55  1  0  0  0  0  0  0  0  
0  0  0  0  1  22  0  0  0  0  0  0  0  0  0  0  0  0  0  0  0  0  1  1  0  0  0  0  0  0  208  0  0  0  0  0  0  0  0  0  1  0  0  0  0  0  0  0  0  0  0  0  0  0  0  0  0  0  0  0  0  0  0  0  0  14  0  0  0  92  0  0  0  0  0  0  0  23  170191  46174  126  13  137  3  0  72  3601  5145  41574  58311  1  71  0  0  0  0  14  367388  0  32  4  0  8  0  85766  7776  0  0  0  10  0  0  64696  0  160  0  1  0  242  11  5124  3  6236  0  2  27090  245044  116  0  673  0  2  0  0  1  246278  4128  14668  10  4707  18  39  15  73013  69  0  30  0  
0  0  0  0  0  0  0  0  0  0  0  0  0  0  0  0  0  0  0  0  0  1  0  0  0  1  0  0  0  0  0  0  0  0  0  0  0  0  0  0  2  0  0  0  0  0  0  0  0  0  0  0  0  0  0  0  0  0  0  0  0  0  0  0  0  0  0  0  0  0  0  0  0  0  0  0  0  3  0  0  0  0  6  4  0  0  0  0  0  0  0  0  547546  0  290515  4  5  0  0  2  2  0  0  0  1  0  0  0  0  1  1649  5294  0  0  9  200793  0  20  0  0  0  0  3  0  288182  1  0  0  0  5  10838  0  162115  149260  5935  0  0  0  1  2  1  2  1  0  2  558  260  0  
0  0  1451  0  0  0  0  780  21  0  0  0  0  0  0  743  0  0  0  0  0  0  0  0  0  0  0  0  0  2  0  0  0  0  0  0  0  0  0  0  0  0  0  0  0  311  0  0  0  0  0  0  0  0  0  0  0  0  0  0  0  0  0  0  0  0  0  0  0  0  0  0  0  0  0  0  0  0  0  0  359  14989  124  0  0  0  0  0  0  394056  0  0  0  0  0  0  0  0  0  5  86592  108380  228497  50879  0  0  0  0  0  1  0  0  0  0  17  0  0  0  341732  352311  0  0  0  0  0  0  0  11  0  5  0  0  0  0  0  0  0  0  0  4  105902  0  296  0  70  0  0  0  
0  0  0  0  0  0  0  0  0  0  0  0  0  0  0  0  0  0  0  0  0  0  0  0  0  0  0  0  0  0  0  0  0  0  0  0  0  0  0  0  0  0  0  0  0  0  0  0  1  0  0  0  0  0  0  0  0  0  0  0  0  0  0  0  0  10  0  0  0  0  0  0  1  0  13  0  0  0  35  182  522  103  2807  100  0  326708  0  85  91  40  486  1397  77  0  1  0  44  13  2  431548  220  101130  108845  0  2  24  17691  527  165  4256  0  0  72  57  97662  0  0  32  91804  415  439  715  450069  0  4  524  88  248  563  11327  45  14  4  0  7  3  7  15  228  1998  1916  109589  1005  0  2415  1  210  16  
0  0  0  0  0  17  4  0  0  0  0  0  0  0  0  16  0  1  0  0  0  0  1  0  0  0  0  0  0  0  1  0  0  0  0  0  0  0  0  0  0  0  0  0  0  0  0  0  1  0  0  0  0  0  0  0  0  0  0  0  0  0  0  0  0  143  0  0  0  0  0  0  0  0  120476  0  0  45  0  254136  1208  220  2075  20  0  395  0  2374  81997  428434  3  117  20  0  2  0  46  77  1  349  453  0  38  0  35  5755  0  0  0  128  0  0  2915  0  713  0  0  25  207  214  6256  2  9188  0  2  11418  511397  2405  3  11395  22  16  2  0  4  11365  225  1474  118  5815  2010  109  284  31698  865  0  120  0  
2  0  0  0  20  10693  279  29  1  0  0  0  0  0  0  2406  0  21  0  0  0  0  6  0  0  0  0  0  0  1  73  1077  0  0  0  0  0  0  0  0  3  0  0  0  0  0  7  2  36  0  0  2  1  0  0  0  0  0  0  0  0  0  0  0  0  16504  0  1  2  727  1  0  2  0  37739  0  0  32  492517  0  302539  10530  2955  7  0  2660  9  2955  98994  682596  7  646  11  0  1  4  233  148838  2  242  116  1  35  0  5619  199067  0  0  0  56  0  0  1027  0  869  0  1  15  725  2385  3772  24  5262  0  10  16150  59576  89247  2  4236  5  2  4  0  12  703  73122  51084  43  542204  531  115  1140  196159  586  0  795  0  
0  0  0  0  0  461  4988  142  3  1  0  0  0  0  0  3420  0  0  0  0  0  0  0  0  0  0  0  0  0  0  0  1  0  0  0  0  0  0  0  0  2  0  0  0  0  0  0  2  1  0  0  0  0  0  0  0  0  0  0  0  0  0  0  0  0  533  0  0  0  0  0  0  1  0  48  0  2  204  549  377903  0  325771  36067  11  0  300  0  162  12022  429919  5  381  24  0  1  0  130  7  0  1143  132  12  677  2  0  271  0  0  0  89  0  0  6  0  775  0  4  12  1355  7880  528  12  1224  0  8  10490  2775  328042  7  15940  16  5  5  0  11  34  36  26  205  223493  461  1393  9128  0  24701  0  570  0  
0  0  13  0  0  49  2325  35188  7399  0  0  0  0  0  0  12194  0  6  0  0  0  0  0  0  0  0  0  0  0  27  0  4  0  0  0  0  0  0  0  0  8  0  0  0  0  104  0  1  4  0  0  4  0  0  2  1  0  0  0  0  0  0  0  0  0  3514  1  0  1  0  3  0  10  0  3  0  1831  37  32  4057  280897  0  122237  8  0  0  0  0  66  440583  12  1875  38  0  4  0  919  44  2  360  67  2  145396  44  1  21  0  0  0  38  0  0  0  0  2973  0  5  9  59938  190232  98  49  534  0  25  41  79  25888  0  4475  28  2  21  0  37  4  213  7  324  224924  299  52  370099  0  4485  0  1850  0  
0  0  51  0  0  1  24  486  65116  142  0  0  0  0  0  71  0  12  0  0  0  1  0  0  0  0  0  0  0  20883  0  0  0  0  0  0  0  0  0  0  6  0  0  22  0  2244  0  9  2  0  0  0  0  0  4  0  0  0  0  0  0  0  0  0  13  2073  0  0  0  0  9383  0  4  0  5  0  178  578  29  71  53516  87242  0  65827  0  27  0  26  113  752  8  312  564  0  2  4  170  10  37  8299  1033  14  113  22346  1  7  0  2  2  2569  31  25  7  0  13463  0  8  15141  705  124308  70  66  1629  1  9  91  141  767  2  2857  449  46  20  44  425  1  18  2  6571  278001  4005  375  442  0  205152  1  655  0  
0  0  0  0  0  0  0  0  1091  212  0  0  0  0  0  0  0  12  0  0  0  62  1  0  0  1  0  0  0  5362  0  2  0  0  0  0  0  0  0  0  5  0  0  21  0  0  0  17  7  0  0  0  0  0  2  0  0  0  0  0  3  0  0  0  11  209  0  0  0  0  179  0  8  0  5  0  0  718  19  28  110  23  99297  0  1  29  0  32  20  3  20  195  364  0  10  4735  20093  1  37  16178  257  3  46  43455  7  20  0  1  1  2402  277  29  12  0  16231  0  28  98656  358  521  102  589  2006  0  85  67  58  123  1  1502  98  9  83  566  4395  3  9  5  1478  86079  1239  172  102  0  25122  1  549  0  
0  1  0  0  0  0  0  0  0  2  70400  0  0  0  0  0  0  0  0  12992  0  14611  0  0  0  0  10  0  0  28869  0  0  0  0  0  0  0  0  0  0  0  109  0  4196  0  0  0  0  0  0  0  0  0  0  0  0  0  3  0  0  40  0  0  0  2619  8  0  0  0  0  6  0  0  0  0  0  0  1  0  1  0  0  0  39  0  0  0  0  0  0  0  0  657  470721  0  85085  1  0  0  1  16  0  0  31077  0  0  0  0  0  0  0  0  0  0  2  136184  0  570118  0  0  0  0  0  0  1  0  0  0  0  0  226  138548  0  0  2  0  0  0  253957  0  0  0  0  0  1  0  0  0  
0  0  0  0  0  2  1  0  0  0  0  0  0  0  0  0  0  0  0  0  0  0  0  0  0  0  0  0  0  0  0  0  0  0  0  0  0  0  0  0  0  0  0  0  0  0  0  0  1  0  0  0  0  0  0  0  0  0  0  0  0  0  0  0  0  16  0  0  0  0  0  0  0  0  53  0  0  418761  617  1558  381  4  198  5  0  0  574  146159  1414  11  1752  25434  16  0  0  0  8  1394  0  2101  13  8  4025  0  1  94  9741  790  3877  34  0  0  7035  133761  83  0  1  2  417  13  1865  665  318936  0  1  95436  558  54  1  694  5  2  0  0  1  3  8  7  19  2603  41  256216  13  0  106  0  36  6  
0  0  0  0  0  0  0  0  0  0  0  0  0  0  0  0  0  0  0  0  0  0  0  0  0  0  0  0  0  0  0  0  0  0  0  0  0  0  0  0  0  0  0  0  0  0  0  0  0  0  0  0  0  0  0  0  0  0  0  0  0  0  0  0  0  0  0  0  0  0  0  0  0  0  2944  0  0  0  7  151  0  1  4  0  0  570  0  54641  3365  0  1  61  0  0  0  0  1  149614  0  0  1  0  0  0  5  65  0  10  15  0  0  0  145540  6  33  0  0  0  29  0  138576  0  86  0  0  47  12  0  0  20  0  0  0  0  0  122167  3807  59441  0  12  3  0  0  0  1  0  0  0  
0  0  0  0  0  2  0  0  0  0  0  0  0  0  0  0  0  0  0  0  0  0  0  0  0  0  0  0  0  0  0  0  0  0  0  0  0  0  0  0  0  0  0  0  0  0  0  0  0  0  0  0  0  0  0  0  0  0  0  0  0  0  0  0  0  27  0  0  0  0  0  0  0  0  7635  0  0  53  6489  5623  276  8  270  1  0  250597  53530  0  30850  16  0  406  4  0  0  0  10  2861  0  46  44  0  18  0  2  310  0  0  0  18  0  0  266850  85741  96  0  0  0  54  37  30241  0  165707  0  0  336126  4037  167  0  1348  1  2  0  0  0  47691  58  46  6  4121  128  1890  28  1  167  0  33  0  
0  0  0  0  0  0  0  0  0  0  0  0  0  0  0  0  0  0  0  0  0  0  0  0  0  0  0  0  0  0  0  0  0  0  0  0  0  0  0  0  0  0  0  0  0  0  0  0  0  0  0  0  0  0  0  0  0  0  0  0  0  0  0  0  0  56  0  0  0  0  0  0  0  0  48468  0  0  71  66486  84076  3882  129  814  2  0  1278  16303  66831  0  80196  2  204  10  0  1  1  29  74736  1  231  86  1  154829  1  0  261  0  0  2  100  0  0  14  0  333  0  0  12  6209  53  286  5  1245  0  0  1252732  1638808  534790  19  6171  8  3  0  0  2  133631  25  26  137  3916  796  185042  199325  0  558  0  148  0  
0  0  293  0  33  3757  289  19227  44  0  0  0  0  0  0  22636  0  0  0  0  0  0  0  1  0  0  0  0  0  0  1231  487  0  0  0  0  0  0  0  0  0  0  0  0  0  263  0  0  2  0  0  0  0  0  0  0  0  0  0  0  0  0  0  0  0  35  0  0  0  1590  0  0  0  0  69129  0  282276  46  560503  790978  591948  458994  785  1  0  26  0  34  113470  0  0  41  6  0  0  0  15  12630  0  245  45  230  280388  256  53766  438  0  0  0  19  0  0  10  0  182  0  0  0  72496  51856  38  1  357  0  1  287  71851  791889  4  2236  2  2  0  0  0  14  1649  1795  70  1680  244  166  206153  283494  727  0  46  0  
0  0  0  0  0  0  0  0  1  16  0  0  0  0  0  0  0  15  0  0  0  0  0  0  0  0  0  0  0  3  0  1  0  0  0  0  0  0  0  0  5  0  0  8  0  0  0  19  7  0  0  0  0  0  4  0  0  0  0  0  0  0  0  0  4  19  1  0  0  0  0  0  15  0  8  0  0  631  6  6  41  10  630  149  0  2920  0  1  3  0  0  355644  17  0  3  3  138025  7922  2  2243  49  2  160  0  28  77  21840  40  122307  209  0  8  2  0  59212  0  31078  22  7077  99  5105  231715  56113  16  9  6  2  21  0  2575  6  1  9  5  66  2  201  52  68  972  301  4  179  0  653  8  646  2  
0  0  0  0  0  1  0  0  2  20  0  0  0  0  0  0  1  22  0  0  0  0  1  0  0  1  0  0  0  1  0  5  0  0  0  0  0  0  0  0  8  0  0  6  0  0  0  13  7  0  0  0  0  0  4  0  0  0  0  0  0  0  0  0  8  28  0  0  1  0  0  0  13  0  177  0  0  1883  445  1320  1515  42  2203  160  0  18333  19  664  1113  12  261919  0  26  0  4  3  146835  151401  2  1448  168  2  140  0  210  936  3418  43  26900  246  1  7  16  414  13473  0  12941  34  6350  316  179199  8832  199542  9  27  734  582  236  0  10978  16  3  5  8  67  23  5907  1709  207  2235  522  29  446  0  1410  4  848  2  
0  0  0  0  0  1  0  1  0  0  0  0  0  0  0  0  0  0  0  0  0  0  0  0  0  0  0  0  0  0  0  0  0  0  0  0  0  0  0  0  0  0  0  0  0  0  0  0  0  0  0  0  0  0  0  0  0  0  0  0  0  0  0  0  0  25  0  0  1  0  0  0  0  0  18  545632  0  1683  91  140  639  131  421  7  1037  162  0  91  245  35  18  220  0  72247  2383  24738  26  9  138143  2927  200  43  162  3  1  29  0  0  1  54  97  25515  17  0  957  277020  6  121844  3364  68  370  94  7379  0  157005  634  1047  1177  4  116856  1318190  737053  149557  347  89115  19  9  7  9156  557  118  9262  229  0  422  16243  333460  0  
0  0  0  0  0  0  0  0  0  0  306  0  0  0  0  0  0  0  0  54  0  0  0  0  0  0  32  0  0  804  0  0  0  0  0  0  0  0  0  0  0  0  0  0  0  0  0  0  0  0  0  0  0  0  0  0  0  1  0  0  0  0  0  0  136  0  0  0  0  0  3  0  0  0  0  0  0  0  0  0  0  0  1  0  446250  0  0  0  0  0  0  0  86480  0  0  26  0  0  4637  1  134954  0  0  33495  0  0  0  0  0  0  0  0  0  0  0  180938  0  210350  0  0  0  0  0  0  36  0  0  0  0  157136  21417  395096  0  0  124  0  0  0  163411  0  0  0  0  0  115  0  1  0  
0  0  0  0  0  1  0  0  1  57  0  0  0  0  0  0  1  33  0  0  0  66  14  0  0  14  0  0  0  0  0  8  0  0  0  0  0  0  0  2  131  0  1  24  1  0  1  52  29  0  9  2  1  1  24  0  6  0  0  0  4  0  2  0  1  25  0  3  0  0  0  0  86  1  0  291594  0  69  0  4  4  0  129  33  0  4  0  0  0  0  5  29  2817  0  0  6469  165339  19  29  335  8  0  2  0  352  960  0  1  26  80  95878  1171  0  0  805  14249  1679  33  12  20  6  268  151  363601  194894  4  1  4  0  182  71  1  109298  690865  770743  0  48  1  3  175  31  15  6  0  35  512  24044  3  
1  22  0  0  1  0  0  0  3  321  3008  0  0  0  0  0  0  16  0  0  1  18144  6  0  0  3  0  0  0  1180  0  4  0  0  0  0  0  0  0  1  40  49  0  425  0  0  0  5  7  0  8  0  0  0  3  0  4  0  0  0  31  0  3  0  10  352  1  1  0  0  2  0  15  0  1  26  0  11  1  3  1  2  87  4293  45794  1  0  0  2  0  0  16  28308  153  8485  0  72571  5  1  249  8  0  0  11843  79  403  0  0  0  40  0  0  1  0  450  368029  20  820254  15  13  1  55  39  0  57452  2  5  8  0  91  42355  227  298  12  642542  0  25  0  899  152  23  11  2  0  29  0  296  0  
0  0  0  0  0  0  1  0  5  66  0  0  0  0  0  0  0  36  1  0  0  5  6  0  0  7  0  0  0  5  0  9  1  0  0  0  0  0  0  2  70  0  0  18  0  0  0  52  24  0  1  1  1  1  11  0  6  0  0  0  0  0  0  0  2  56  2  1  1  0  0  0  52  2  5  2  1  440  19  27  71  6  3145  15665  0  38  0  8  21  2  78349  162209  207  0  154932  43106  0  33303  93  9165  205  2  37  3  316  1542  1  16  212676  1752  5540  188  2  0  12550  6  463032  79272  213  553  663  14370  1150  229980  389  31  41  116  1  2825  224  6  249  5707  535265  2  2324  41  383  1772  715  63  73  0  1723  18  28396  39  
0  0  0  0  0  3  0  0  0  6  0  0  0  0  0  1  0  8  0  0  0  1  11  29  0  0  0  0  0  1  1336  6  0  0  0  0  0  0  0  1  8  0  0  4  1  0  0  3  6  0  0  0  0  1  0  0  0  0  0  0  0  0  1  0  0  10  0  1  1  62  0  0  7  0  350833  0  1  13  871  69282  109  7  177  8  0  1499  272444  4609  86865  10462  6326  186159  5  0  4  13  66678  0  2  99  12  1  9  1  219462  22436  8  1809  2997  20  0  0  135931  2  3318  0  4990  9  520  20  424304  609  841  0  7  304  97  35  0  783  3  1  3  2  12  238701  579304  1052271  9  607  57  9  20  66589  91  0  322  0  
0  0  0  0  0  0  0  0  0  1  0  0  0  0  0  0  0  0  0  0  0  0  0  0  0  0  0  0  0  7  0  0  0  0  0  0  0  0  0  0  0  0  0  0  0  0  0  0  0  0  0  0  0  0  0  0  0  0  0  0  0  0  0  0  0  0  0  0  0  0  0  0  0  0  1  0  0  163  19  9  33  3  236  6  0  14  0  6  16  2  2  12  129376  523  661  4  42  1  0  444118  71108  4  7  17  1  3  5  48950  0  144034  350  1114  0  0  6610  0  17  3041  145  6  13  94  480  1  3574  28  66  81  144942  646716  151  9920  2184  964  6721  0  0  0  125  32  739  256  15  0  119  34  877948  0  
0  0  0  0  0  4  3  0  0  5  0  0  0  0  0  0  1  4  1  0  0  0  0  0  0  0  0  0  0  1  0  1  0  0  0  0  0  0  0  0  4  0  0  0  1  0  0  2  3  0  0  0  0  0  1  0  0  0  0  0  0  0  0  0  0  153  0  0  0  0  0  0  2  0  136  1  7  276450  207  672  1942  375  7607  878  0  1075  1  1041  603  145  1227  1668  434  0  10  6  283  60  282031  0  20458  181132  743  8  3  104  72571  20356  3  552960  58  1051  203  0  435625  1  5  253  139471  1462  3779  467  34942  0  43  1759  795  4012  170704  184521  243  48  70  177  447  25  86  52  317  20942  472014  6873  2145  0  5027  16  33794  1460  
0  0  0  0  0  0  0  0  0  0  0  0  0  0  0  0  0  0  0  1  0  0  0  0  0  0  18  0  0  735  0  0  0  0  0  0  0  0  0  0  0  0  0  1  0  0  0  0  0  0  0  0  0  0  0  0  0  0  0  0  0  0  0  0  1  4  0  0  0  0  0  0  1  0  1  0  118972  20  195  89  287  59  659  5  24  4  0  2  22  23  5  34  79  143945  0  1  11  0  29540  61189  0  2101  398  651600  0  1  0  0  0  394  0  0  4  0  3204  0  0  26  501  77185  30  17  82  0  1  41  115  216  8412  835088  14  615  2  1  8  1  3  1  57181  1474  583018  17  733  0  104628  0  62  0  
0  0  0  0  0  0  0  0  0  0  0  0  0  0  0  0  0  0  0  0  0  0  0  0  0  0  0  0  0  0  0  0  0  0  0  0  0  0  0  0  0  0  0  0  0  0  0  0  0  0  0  0  0  0  0  0  0  0  0  0  0  0  0  0  0  4  0  0  0  0  0  0  0  0  6  0  115523  116097  4  7  36  8  60  0  0  26  0  10  22  3139  0  30  1  0  0  0  2  0  0  229243  1687  0  50201  1  0  1  0  0  0  9  0  0  5  0  89  0  0  0  950349  7020  116  3  1889  0  0  54  76  59  5  177  3  0  0  0  0  1  2  3  3  190  514619  445  25  0  51  0  24  0  
0  0  0  0  0  0  0  6  0  0  0  0  0  0  0  2  0  0  0  0  0  0  0  0  0  0  0  0  0  0  0  0  0  0  0  0  0  0  0  0  1  0  0  0  0  0  0  0  0  0  0  0  0  1  0  0  0  0  0  0  0  0  0  0  0  12  0  0  0  0  0  0  2  0  1  0  153956  136935  23  75  921  73600  1272  8  0  10278  0  15  141474  241146  5  158  18  0  1  0  51  7  1  193  138  72791  0  1  0  11  1  0  0  44  0  0  3  0  814  0  1  0  1068241  8282  201  3  3321  0  6  5127  46  2843  5  3958  7  2  2  0  11  0  40  3  215  509  1614  396129  576578  0  578  0  368  0  
0  0  434  0  0  0  0  30  7649  48  151  0  0  0  0  27  0  0  0  144  0  44  0  0  0  0  1219  0  0  182757  0  0  0  0  0  0  0  0  0  0  0  0  0  23  0  1030  0  0  0  0  0  0  0  0  0  0  0  0  0  0  0  0  0  0  127  66  0  0  0  0  12573  0  0  0  0  0  54127  2  0  0  3  922  30899  46296  40714  0  0  0  0  495  0  0  3  44087  0  18272  2  0  8  13  587277  1  0  0  0  0  0  0  0  2  1  0  0  0  37  0  0  28391  5  321034  0  2  2  0  0  0  0  1  0  115159  1  186  1  1  4  0  0  0  519010  43  814  0  3  0  418063  0  1  0  
0  0  0  0  0  1425  0  0  0  6  0  0  0  0  0  15  0  18  2  0  0  0  2  107  0  2  0  0  0  0  21247  480  0  0  0  0  0  0  0  0  22  0  1  7  0  0  1  19  10  0  0  0  0  1  2  0  2  0  0  0  0  0  24  0  0  54  0  0  1  5490  0  0  18  0  52768  0  0  9  173  17751  18  1  129  6  0  5  0  8  5  39235  63  2786  11  0  4  2  4866  206348  1  129  8  0  9  0  0  154447  0  0  2  30  2  0  56  0  934  0  9  2  987  30  495  120  158  0  6  63  13  8  0  605  4  0  3  2  16  105  346899  1059  15  258  48  3  37  209371  99  0  253  0  
13  0  0  0  4  539  0  0  1  25  0  0  0  0  0  31  13  123  5  0  1  0  47  11  0  7  0  0  1  0  207  52560  0  0  0  0  0  0  0  0  25  0  1  33  3  0  27  32  179  0  0  7  0  2  6  0  7  0  0  0  0  1  19  37  2  704  4  1  5  224  0  0  72  0  4140  0  0  46  865  125862  88  27  489  30  0  7  1  58  63  298  28  2404  30  0  23  33  1891  7812  7  425  26  2  33  0  134067  0  1  0  7  70  0  0  269  0  1838  0  28  14  1976  65  1571  601  339  0  57  369  95  36  0  1701  12  1  25  7  76  461  188143  4821  25  71404  159  14  56  35417  218  0  3434  0  
0  0  0  0  0  0  0  0  0  0  0  0  0  0  0  0  0  0  0  0  0  0  0  0  0  0  0  0  0  0  0  0  0  0  0  0  0  0  0  0  0  0  0  0  0  0  0  0  0  0  0  0  0  0  0  0  0  0  0  0  0  0  0  0  0  0  0  0  0  0  0  0  0  0  0  0  0  12416  0  0  0  0  0  0  0  7293  0  0  0  0  22681  1422  0  0  0  0  0  0  1  48711  0  1  0  0  0  0  0  106047  130844  199561  0  0  0  0  185053  0  0  0  0  0  1  208301  2945  0  0  0  0  0  0  0  0  0  0  0  0  0  0  0  0  0  0  0  0  0  0  0  3  182048  
0  0  0  0  0  0  0  0  0  0  0  0  0  0  0  0  0  0  0  0  0  0  0  0  0  0  0  0  0  0  0  0  0  0  0  0  0  0  0  0  0  0  0  0  0  0  0  0  0  0  0  0  0  0  0  0  0  0  0  0  0  0  0  0  0  0  0  0  0  0  0  0  0  0  0  0  0  1155  0  0  0  0  7  1  0  2177  210  2  0  0  16  11  0  0  0  0  78  3058  45745  23010  0  0  0  0  0  0  92019  0  746702  319225  13  85456  0  0  28066  0  181006  2  1  0  13  53862  16  36  0  0  0  1  0  7  1  0  3  17  173  0  0  210  0  2  0  1  0  0  4  100  791976  153098  
0  0  0  0  0  1  0  0  2  14  0  0  0  0  0  0  0  5  0  0  0  0  1  0  0  0  0  0  0  1  0  3  0  0  0  0  0  0  0  0  0  0  0  2  0  0  0  15  3  0  0  0  0  0  2  0  0  0  0  0  0  0  0  0  2  8  0  0  0  0  0  0  1  0  0  0  0  176  1  1  7  3  165  38  0  3499  89  0  0  0  87529  30413  13  0  30  1  171791  4630  7  308  9  0  1  0  6  58  137030  545184  0  75  193  43981  0  0  769  0  275637  7  11  31  1172  387049  280  13663  11  1  2  6  0  246  6  1  23  678  467  0  1  300  2  179  30  6  6  0  30  10805  92087  71040  
0  0  0  0  0  0  0  0  0  0  0  0  0  0  0  0  0  0  0  0  0  0  0  0  0  0  0  0  0  1  0  0  0  0  0  0  0  0  0  0  0  0  1  0  0  0  0  0  0  0  0  0  0  0  0  0  0  0  0  0  0  0  0  0  1  3  0  0  0  0  0  0  0  0  1  0  1  3374  36  267  428  9  540  38  0  52  0  13  371  60  38  40  282  0  167  28  355  2  63372  428907  31  14  33  2  2  3  126297  361005  2  0  679  166  1  0  366935  0  567  1924  778  61  49  2507  1431  60  49  363  460  2412  80970  15279  240  19  482  1988  3529  2  3  1  46  701  5625  600  450  0  253  221  156641  148141  
0  0  0  0  0  0  0  0  0  0  0  0  0  0  0  0  0  0  0  0  0  0  0  0  0  0  0  0  0  0  0  0  0  0  0  0  0  0  0  0  0  0  0  0  0  0  0  0  0  0  0  0  0  0  0  0  0  0  0  0  0  0  0  0  0  0  0  0  0  0  0  0  0  0  0  8103  0  8  0  0  1  0  81  8  0  0  0  0  1  0  0  0  1  0  59708  2  6520  0  10  53  0  0  0  0  2  0  0  11  32  22  0  369605  0  0  305  0  232373  3  2  3  1  80  10  261789  1  0  1  0  0  27  1  1  52703  533848  4700  0  1  0  0  18  6  0  0  0  17  730871  6428  10  
0  0  0  0  0  0  0  0  0  0  0  0  0  0  0  0  0  0  0  0  0  0  0  0  0  0  0  0  0  0  0  0  0  0  0  0  0  0  0  0  0  0  0  0  0  0  0  0  0  0  0  0  0  0  0  0  0  0  0  0  0  0  0  0  0  0  0  0  0  0  0  0  0  0  0  21833  0  29  0  1  3  1  78  4  0  1  0  0  0  0  4  3  3201  0  1005  2  2134  5  404  638  0  0  1  0  0  0  0  67127  31165  49  357322  0  0  0  395  0  259843  9  4  6  1  41752  39  119671  96  0  2  1  0  47  39  2  262120  35871  4815  0  0  0  0  17  3  8  1  0  14  793275  1263481  795  
0  0  0  0  0  0  0  0  0  0  0  0  0  0  0  0  0  0  0  0  0  0  0  0  0  0  0  0  0  0  0  0  0  0  0  0  0  0  0  0  0  0  0  0  0  0  0  1  0  0  0  0  0  0  0  0  0  0  0  0  0  0  0  0  0  3  0  0  0  0  0  0  0  0  85872  0  0  2233  5476  16023  112  4  263  8  0  6530  120708  252039  49  6  7  278  0  0  0  0  10  23609  1  59  33  0  46  0  239  2628  0  0  0  13  0  0  0  846  507  0  0  0  511  26  70448  0  168439  0  0  20353  4826  64  0  878  2  1  1  0  0  32604  12814  49057  16  890  54  5786  31  37  153  0  14  0  
0  0  0  0  0  0  0  0  0  0  0  0  0  0  0  0  0  0  0  0  0  0  0  0  0  0  0  0  0  0  0  0  0  0  0  0  0  0  0  0  0  0  0  0  0  0  0  0  0  0  0  0  0  0  0  0  0  0  0  0  0  0  0  0  0  0  0  0  0  0  0  0  0  0  0  0  0  5957  1  0  0  0  0  0  0  203127  10  106596  0  0  0  198  0  0  0  0  0  1  0  1  0  0  0  0  0  0  0  0  0  0  0  0  3249  0  0  0  0  0  1  0  1371  0  69324  0  0  1981  0  0  0  0  0  0  0  0  0  0  0  0  0  0  0  23513  0  0  0  0  0  0  
0  0  0  0  0  4  2  1  52  464  0  1  0  0  0  1  3  303  6  0  0  5  7  0  0  22  0  0  0  106  0  45  0  0  0  0  0  0  0  2  156  1  2  252  7  0  2  358  181  0  7  3  3  0  98  2  10  0  0  0  1  0  1  0  74  653  11  5  2  0  3  0  279  3  159  1  12  120281  927  777  2126  508  63124  9226  0  319  0  254  511  143  56877  30918  8510  0  138  65  38630  832  6203  437768  2960  98  2054  23  208  1043  152609  31894  255  307846  766  512  84  0  0  1  12774  4156  66860  4835  2459  237269  91751  248  177  1007  1667  2874  36563  77626  3879  528  678  2486  11162  43  4553  132  1278  132820  14009  6668  4132  1  17179  203  74963  88950  
0  4  0  0  0  0  0  0  0  7  120  0  0  0  0  0  0  1  1  20  1  196  0  0  0  2  0  0  0  1  0  0  0  0  0  0  0  0  0  0  6  10  0  18  0  0  0  1  1  0  5  0  0  0  1  0  0  0  0  0  1  0  0  0  0  3  0  0  0  0  0  0  3  0  0  143137  0  1  0  0  0  0  0  0  141093  0  0  0  0  0  0  0  281091  188284  9054  405507  0  0  0  3  0  0  0  0  0  2  0  0  0  0  1  0  0  0  2  0  0  381134  0  0  0  2  3  0  333003  0  0  0  0  1  56482  3308  23  1  50635  0  0  0  0  1  0  1  0  0  0  0  0  0  
0  0  0  0  0  0  0  0  0  5  0  0  0  0  0  0  0  12  0  0  0  0  0  0  0  0  0  0  0  0  0  2  0  0  0  0  0  0  0  0  3  0  0  1  0  0  0  7  5  0  0  0  0  0  1  0  0  0  0  0  0  0  0  0  1  6  0  0  0  0  0  0  6  0  0  0  0  10  2  3  1  0  68  35  0  2  0  0  0  0  1783  3572  5  0  84  4  402788  3988  10  192  1  0  0  0  3  41  0  125704  238899  65  154188  295987  0  0  769  0  0  9  7  5  2  28579  34  245549  6  2  2  4  0  89  2  0  17  1222  1201  0  2  17  2  96  24  6  3  0  29  38614  35096  640  
0  0  0  0  1  0  0  0  0  22  1640  0  0  0  0  0  0  11  0  22  0  4719  1  0  0  4  0  0  0  19  0  0  0  0  0  0  0  0  0  1  23  1  1  704  0  0  0  17  8  0  0  1  1  0  7  0  2  0  0  0  3  0  0  0  2  27  0  1  0  0  0  0  18  0  16  39  2  2559  92  108  240  28  37884  119475  609871  78  0  49  154  18  11  290  74836  81312  53  778191  48539  7  228  13149  197  5  132  40986  0  18  0  0  2  621  15  3  16  0  7972  246006  2  0  1248  518  247  69  6401  0  6789  302  629  783  1  10202  221017  280275  16822  62  137307  4  40  9  299899  1540  805  1561  191  0  50674  66  11957  0  
0  0  0  0  0  2  0  0  0  2  0  0  0  0  0  0  0  1  0  0  0  0  0  0  0  0  0  0  0  0  0  0  0  0  0  0  0  0  0  0  9  0  0  1  0  0  0  5  3  0  0  0  0  1  3  0  0  0  0  0  0  0  0  0  0  202  0  0  0  0  0  0  8  0  129  0  229911  83833  779  945  7421  39587  10931  236  0  960  0  585  3581  93418  396  3244  98  1  6  0  675  117  3  302963  1039  886401  997367  5  11  180  0  0  2  1508  0  0  153  0  17549  0  13  54  0  113214  5348  72  64358  0  35  3855  6785  13330  203  22978  54  32  31  5  65  97  524  115  685  15119  518402  114658  295480  0  5908  0  3261  0  
0  0  1113  0  0  0  1  2482  818  2  0  0  0  0  0  419  0  8  0  0  0  0  0  0  0  0  0  0  0  12  0  3  0  0  0  0  0  0  0  0  2  0  0  0  0  3589  0  1  5  0  0  0  0  0  1  0  0  0  0  0  0  0  0  0  0  32  0  0  0  0  55  0  4  0  7  0  239084  85  133  438  28967  190430  118725  194  0  11  0  7  72  37152  21  2817  124  0  0  0  1095  64  6  13735  61482  4788  3643  366659  5  27  0  0  1  6060  1  0  3  0  27525  0  14  25  190924  0  158  83  812  0  13  106  208  1083  1  113565  92  12  14  6  35  1  247  1  1524  41648  102700  157  4137  0  158378  0  1344  0  
0  0  0  0  0  2  0  0  0  0  0  0  0  0  0  0  0  0  0  0  0  0  3  0  0  0  0  0  0  0  0  0  0  0  0  0  0  0  0  0  0  0  0  0  0  0  0  0  0  0  0  1  0  0  0  0  0  0  0  0  0  0  0  0  0  23  0  0  0  0  0  0  0  0  19182  0  1  18  18476  10651  1503  51  1957  26  0  4802  89716  14351  1300  35  301  118092  14  0  2  1  389  306580  1  348  175  6  114  0  397  6637  6  3  138  113  0  0  61699  525  6411  0  4  13  9318  293  0  108  55893  0  1  10719  2066  354  0  10031  14  3  1  0  7  2128  39731  196118  152  2466  602  38  342  29  1209  0  136  0  
0  0  0  0  0  4  0  0  25  630  0  0  0  0  0  1  13  471  3  0  0  0  4  0  0  19  2  0  0  68  0  150  0  0  0  0  0  0  0  1  132  0  2  129  4  0  2  646  201  0  6  2  0  0  57  5  5  0  0  0  0  0  0  0  72  607  16  1  1  1  3  0  389  3  2  0  2  1601  8  25  41  8  1437  1367  0  1433  4  6  11  2  230002  67310  275  0  107  11  39474  764  105  4665  107  1  19  5  235  1695  218273  58788  431082  2260  368  88023  3  0  223301  0  134719  202  203  241  301  0  1795  24203  75  24  27  44  1  1724  56  2  81  1559  1429  0  164  71  27  8769  412  60  40  0  420  21237  259604  261450  
0  0  0  0  0  11  2  0  0  11  0  0  0  0  0  0  0  3  0  0  0  0  0  0  0  1  0  0  0  0  0  1  0  0  0  0  0  0  0  0  1  0  0  3  0  0  0  3  3  0  0  0  0  0  0  0  0  0  0  0  0  0  0  0  0  163  0  0  0  0  0  0  1  0  15740  0  10  481409  52177  39001  19807  567  42765  1997  0  350069  73  178132  9630  216  58016  216108  523  0  3  1  1678  1150  21  70436  2394  1518  9447  10  102  2602  5886  11  214  2345  0  1  114080  40363  81587  0  5  304  87960  3988  60836  749  0  0  11  69242  11083  2843  119  151643  308  124  9  3  60  1296  1735  510  3038  26865  5904  59986  5186  87  21252  0  1062  0  
0  0  0  0  0  0  0  0  0  0  0  0  0  0  0  0  0  0  0  0  0  0  0  0  0  0  0  0  0  0  0  0  0  0  0  0  0  0  0  0  0  0  0  0  0  0  0  0  0  0  0  0  0  0  0  0  0  0  0  0  0  0  0  0  0  0  0  0  0  0  0  0  0  0  0  0  0  8  1  2  1  0  43  4  0  0  0  0  0  0  7  5  2  0  336419  1  218591  1  35  86  0  0  1  0  0  0  0  59  6247  58  317300  101169  0  0  497  0  509625  1  4  3  0  4534  15  0  1  0  0  0  0  16  0  0  165  280356  88549  0  0  0  0  9  4  2  0  0  7  54372  155066  255  
0  6  0  0  0  0  0  0  2  22  0  0  0  0  0  0  0  6  1  0  1  172  3  0  0  8  0  0  0  4  0  0  0  0  0  0  0  0  0  0  36  0  0  7  1  0  0  22  5  0  10  0  0  0  5  0  4  0  0  0  1  0  0  0  1  10  0  1  0  0  0  0  21  1  0  238246  0  96  0  1  0  0  19  16  0  3  0  0  1  1  0  2  77580  13  170889  40915  9  0  5  90  0  0  1  0  16  15  0  0  0  2  4  0  0  0  54  320665  0  577  18  3  5  4  247  0  0  6  4  3  0  58  48234  5  54546  9333  347362  0  1  0  2  14  2  23  0  0  8  0  174  0  
0  0  0  0  0  23  3  0  0  0  0  0  0  0  0  0  0  0  0  0  0  0  1  0  0  0  0  0  0  0  0  1  0  0  0  0  0  0  0  0  0  0  0  0  0  0  0  0  1  0  0  1  1  0  0  0  0  0  0  0  0  0  0  0  0  425  0  0  0  0  0  0  0  0  19426  0  0  7366  67383  62573  36681  183  2168  11  0  190500  24  579247  927974  2201  4  1017  31  0  3  1  120  765  0  408  330  3  7471  0  21  2924  0  0  1  139  0  0  13580  1850  817  0  0  19  1413  193  4059  5  38354  0  10  0  344364  437352  12  11497  22  6  6  1  12  153369  201  235  166  31700  2011  503790  489  2  1372  0  521  0  
0  0  0  0  0  10  9  10  0  0  0  0  0  0  0  0  0  0  0  0  0  0  0  0  0  0  0  0  0  0  0  0  0  0  0  0  0  0  0  0  0  0  0  0  0  0  0  0  0  0  0  1  0  0  0  0  0  0  0  0  0  0  0  0  0  401  0  0  0  0  0  0  0  0  152795  0  0  95  446499  77465  3447  690  3738  16  0  1519  4  13713  1814303  63906  2  237  46  0  0  0  56  131  2  521  371  1  79  2  5  3425  0  0  0  200  0  0  11333  0  1054  0  2  46  1042  275  648  3  2209  0  3  518999  0  171679  11  16186  24  15  3  1  6  275934  108  81  254  15323  2025  1318  352  13  1610  0  213  0  
0  0  0  0  0  2  1  0  0  0  0  0  0  0  0  0  0  1  0  0  0  0  0  0  0  0  0  0  0  0  0  0  0  0  0  0  0  0  0  0  2  0  0  2  0  0  0  1  1  0  0  0  0  0  1  0  0  0  0  0  0  0  0  0  0  417  0  1  0  0  0  0  1  0  110  0  2  237  1198  79185  349693  63244  9580  44  0  223  0  322  596090  947566  11  888  119  0  0  1  350  27  4  2962  367  17  12494  1  2  139  0  0  0  867  1  2  105  0  4125  0  3  85  20253  1989  619  25  2647  0  15  420960  72735  0  122  58721  72  40  16  1  23  225  79  24  1426  14284  3966  71513  245764  1  7355  0  1260  0  
0  0  0  0  0  0  0  0  0  0  0  0  0  0  0  0  0  0  0  0  0  0  0  0  0  0  0  0  0  0  0  0  0  0  0  0  0  0  0  0  0  0  0  0  0  0  0  0  0  0  0  0  0  0  0  0  0  0  0  0  0  0  0  0  0  1  0  0  0  0  0  0  0  0  3  0  0  654  30  214  362  11  49  0  0  25  0  22  299  29  1  6  138  0  0  0  0  1  164808  208684  4769  34  19  0  0  3  0  0  0  173150  0  0  7  0  52744  0  0  40  566  14  49  0  476  0  0  358  478  1856  0  176680  73  41  0  0  0  4  2  0  16  171  16370  426  284  0  52  0  39409  0  
0  0  0  0  0  1  0  0  0  3  0  0  0  0  0  0  0  2  0  0  0  0  0  0  0  0  1  0  0  20  0  1  0  0  0  0  0  0  0  0  6  0  0  1  0  0  0  3  1  0  0  0  0  0  0  0  0  0  0  0  0  0  0  0  0  210  0  0  0  0  0  0  2  0  95  2  1062  4843  6138  5270  11921  744  23266  169  6  358  0  324  4537  893  34  1018  119553  107690  348  16  341  35  529003  198739  778893  236  932  91296  10  168  0  4  1  21980  145  69  167  1  59944  0  79  15367  9786  58834  1569  646  15969  2  3630  6948  14133  26018  180620  0  13087  246669  2107  365  5020  200  88  35  94845  15863  257538  21510  6569  0  266420  3  118267  0  
0  0  0  0  0  0  0  0  0  1  0  0  0  0  0  0  0  0  0  0  0  0  0  0  0  0  0  0  0  0  0  0  0  0  0  0  0  0  0  0  0  0  0  0  0  0  0  0  1  0  0  0  0  0  0  0  0  0  0  0  0  0  0  0  0  18  0  0  0  0  0  0  0  0  26  2108  1  2466  225  254  726  92  522  12  2156  136  0  84  834  73  9  227  1331339  33475  261  13707  41  3  147  3416  49  21  202  1  0  42  0  0  0  84  3  1  24  0  1152  57588  1  381373  3147  136  380  11  7884  0  50219  1434  3499  3182  5  7273  0  129348  48765  38  183803  28  12  10  7802  776  210  10842  235  0  721  3  90821  0  
0  0  0  0  0  0  0  0  0  0  1  0  0  0  0  0  0  0  0  0  0  0  0  0  0  0  0  0  0  2  0  0  0  0  0  0  0  0  0  0  0  0  0  0  0  0  0  0  0  0  0  0  0  0  0  0  0  0  0  0  0  0  0  0  0  6  0  0  0  0  0  0  0  0  13  2  0  275  159  227  304  13  172  2  137009  29  0  31  520  53  0  38  951042  362740  26  52  5  2  8883  904  266  3  71  84  0  17  0  0  0  62  2  0  12  0  406  8322  0  506464  794  42  77  0  937  0  506  793  2077  2006  11  231538  69584  0  310  14  1106  20  4  2  252964  284  93  3104  80  0  1647  0  1036  0  
0  0  0  0  0  0  0  0  0  1  0  0  0  0  0  0  0  0  0  0  0  0  0  0  0  0  0  0  0  0  0  0  0  0  0  0  0  0  0  0  1  0  0  1  0  0  0  1  0  0  0  0  0  0  0  0  0  0  0  0  0  0  0  0  0  2  0  0  0  0  0  0  0  0  5  117986  0  8357  28  45  110  12  1109  45  0  229  0  34  17  5  5  161  223194  0  57060  52  48  6  215  4976  56  21  234  0  3  10  0  0  0  257  43314  286690  12  1  2233  10  7  3047  1343  124  241  35  19966  20  190284  267  60  72  0  2671  48218  8  0  186192  83411  4  14  4  84  590  202  2086  112  0  563  312799  179742  0  
0  0  0  0  0  0  0  0  0  0  0  0  0  0  0  0  0  0  0  0  0  0  0  0  0  0  0  0  0  1  0  0  0  0  0  0  0  0  0  0  1  0  0  1  0  0  0  0  0  0  0  0  0  0  0  0  0  0  0  0  0  0  0  0  0  2  0  0  0  0  0  0  0  0  0  161599  0  149  4  2  11  0  818  62  0  4  0  1  3  0  1  8  1778  0  617070  86  7144  0  124  936  16  0  9  0  0  1  0  10  31  308  419439  56814  0  0  2664  0  1342  122  42  41  9  192  352  322245  28909  6  11  15  0  323  69  2  190986  0  122348  0  0  0  16  255  66  46  11  0  182  313648  120417  21  
0  5  0  0  0  0  0  0  0  10  0  0  0  0  0  0  0  8  1  0  2  141  4  0  0  3  0  0  0  0  0  1  0  0  0  0  0  0  0  0  24  0  0  3  0  0  0  10  4  0  0  0  0  0  2  0  1  0  0  0  4  0  0  0  0  3  0  1  0  0  0  0  10  0  4  7541  2  690  19  21  105  16  7037  839  1  17  0  5  22  2  41  58  105138  104  687874  601247  425873  6  1637  8009  181  2  33  4  16  72  0  108  415  2471  9775  8641  1  0  27617  33437  843  116018  184  413  41  361  1636  56329  390565  47  46  118  0  2892  142804  256  107602  98007  0  1  9  1  46  2971  566  195  78  0  781  71  42049  5  
0  0  0  0  0  0  0  0  0  0  0  0  0  0  0  0  0  0  0  0  0  0  0  0  0  0  0  0  0  0  0  0  0  0  0  0  0  0  0  0  0  0  0  0  0  0  0  0  0  0  0  0  0  0  0  0  0  0  0  0  0  0  0  0  0  4  0  0  0  0  0  0  0  0  157862  0  0  22  7734  8462  47  5  175  1  0  14  210972  81304  110553  8  0  10  1  0  0  0  3  206380  0  28  12  0  5  0  14  602  0  0  0  11  0  0  145989  0  78  0  0  2  52  15  446  1  158  0  0  149732  170002  78  0  843  1  0  0  0  0  0  151  2910  17  548  45  42  21  1  98  0  6  0  
0  0  0  0  0  1  0  0  0  16  0  0  0  0  0  1  0  18  2  0  0  1  28  16  0  6  0  0  0  0  775  17  0  0  0  0  0  0  0  0  34  0  0  6  0  0  1  18  19  0  1  0  1  0  1  0  1  0  0  0  0  0  3  1  2  22  1  0  0  16  0  0  18  1  13685  0  0  15  1203  68833  204  19  855  13  0  27  324  155  362  80  94  21405  14  0  20  26  16943  567385  4  320  79  0  54  0  303459  240601  3  1  10  69  0  0  1955  0  10152  0  15  10  6440  156  20640  233  1194  0  23  627  269  86  0  4216  6  0  8  2  22  1803  0  102062  77  1324  336  16  180  103039  540  0  816  0  
0  0  0  0  0  1  0  0  0  0  0  0  0  0  0  0  0  1  0  0  0  0  1  0  0  0  0  0  0  0  0  0  0  0  0  0  0  0  0  0  0  0  0  0  0  0  0  1  1  0  0  0  0  0  0  0  0  0  0  0  0  0  0  0  0  12  0  0  0  0  0  0  0  0  39230  0  0  1  2720  83886  79  8  183  3  0  11  143463  128  146  707  491  2718  4  0  1  0  1214  1016700  0  35  8  1  20  0  1199  32585  0  86  93  10  0  0  337334  0  1075  0  28  1  1182  22  220468  10  279  0  1  476  120  24  0  951  1  2  2  0  2  9539  181443  0  15  3877  71  4  29  19321  127  0  48  0  
0  0  0  0  0  0  0  0  0  0  169  0  0  0  0  0  0  0  0  1  0  3  0  0  0  0  5  0  0  4598  0  0  0  0  0  0  0  0  0  0  0  0  0  4  0  0  0  0  0  0  0  0  0  0  0  0  0  0  0  0  0  0  0  0  14  5  0  0  0  0  0  0  1  0  10  2  2  513  223  349  730  106  13592  1158  377794  26  0  40  626  55  3  84  21441  195908  70  762  11  4  1111  2944  85235  2  81  648577  0  20  0  0  0  244  13  6  18  0  1746  2  0  346431  852  768  113  24  1601  0  1146  873  1885  3248  7  157539  19108  368871  791  51  1388  20  8  2  0  576  446  1945  426  0  106079  0  8585  0  
46  0  2  5  11  40206  1996  3191  43624  78036  0  0  0  1  12  154  93  6056  59  1  0  16  33  42  0  302  9  0  29  11635  8  2608  1  0  4  0  0  0  7  2  1586  0  36  4882  175  1  121  7698  3152  0  10  115  23  52  2218  143  30  8  1  0  6  0  32  111  3645  261415  399  42  61  89  126  0  3775  14  3491  0  2  1654  3825  513666  257499  209236  369039  126155  0  2655  1  2886  15449  2376  95  3782  372  0  13  44  1716  299  21  65595  2933  75  2431  32  177  93100  0  0  4  18466  276  46  209  0  251506  1  62  454  23922  7552  2605  1217  12764  0  75  6687  7470  6024  3  23638  240  36  131  577  5262  278  2075  427  338  0  24341  2202  2006  574  31282  5  5112  0  
0  0  0  0  0  1  1  0  0  0  0  0  0  0  0  0  0  3  0  0  0  0  0  0  0  0  0  0  0  0  0  0  0  0  0  0  0  0  0  0  2  0  0  0  0  0  0  1  4  0  0  0  0  0  1  0  0  0  0  0  0  0  0  0  0  35  0  0  0  0  0  0  6  0  19  0  97016  2479  3353  3102  6227  258  6593  92  0  80  0  103  1497  1451  32  599  144  0  1  1  140  18  65  593106  446533  499358  2807  6782  0  64  0  0  1  8616  2  0  50  0  20856  0  9  128  433522  138225  331  116  1883  0  17  2054  2949  10852  5210  261191  104  27  13  4  38  30  66  11  224  12306  0  2303  29140  0  2027  1  1050  0  
0  0  0  0  0  7  6  0  0  1  0  0  0  0  0  0  0  0  0  0  0  0  1  0  0  0  0  0  0  0  0  0  0  0  0  0  0  0  0  0  0  0  0  0  0  0  0  0  1  0  0  0  0  0  0  0  0  0  0  0  0  0  0  0  0  132  0  0  0  0  0  0  0  0  208  0  1  214248  1220  4460  7877  176  10434  97  0  305847  0  3286  219495  2198  5  347  155  0  0  0  147  66  7  4470  400  50  550530  4  0  439  0  0  0  735  0  0  4473  7804  3046  0  1  75  186355  738  3244  13  65370  0  7  515595  7497  138990  139  43590  120  53  10  1  14  136  46  81  982  8013  2835  0  20557  0  6072  0  673  0  
0  0  0  0  0  1  0  0  0  0  0  0  0  0  0  0  0  0  0  0  0  0  0  0  0  0  0  0  0  0  0  0  0  0  0  0  0  0  0  0  4  0  0  0  0  0  0  0  0  0  0  0  0  0  0  0  0  0  0  0  0  0  0  0  0  207  0  0  0  0  0  0  0  0  6  0  1  105  274  497  32939  247059  7207  23  0  14  0  25  165542  175557  26  504  55  0  1  0  170  7  5  1879  479  42  734103  1  2  12  0  0  0  438  1  0  19  0  2574  0  3  30  354703  16252  265  12  1027  0  11  153  621  206216  104  21337  23  10  8  1  15  17  59  10  1073  10885  33684  8426  0  0  4657  0  902  0  
0  0  0  0  4  2246  0  1  0  0  0  0  0  0  0  26  0  4  1  0  0  0  0  0  0  0  0  0  0  0  503  781  0  0  0  0  0  0  0  0  0  0  0  0  0  0  0  0  2  0  0  0  0  0  0  0  0  0  0  0  0  0  0  0  0  57  0  0  0  1716  0  0  0  0  70314  0  0  1  102210  197642  0  1  1  0  0  0  0  0  0  307598  0  2  0  0  0  0  1  79686  0  0  0  0  0  0  219266  43353  0  0  0  0  0  0  36  0  5  0  0  0  2  0  11  0  13  0  0  2  1  1  0  6  0  0  0  0  0  17  110696  9497  0  301  1  0  1  0  0  0  0  0  
0  0  17  0  0  1  1  25  64926  1  0  0  0  0  0  7  0  0  0  0  0  0  0  0  0  0  1  0  0  16957  0  0  0  0  0  0  0  0  0  0  3  0  0  0  0  3875  0  2  0  0  0  0  0  1  1  0  0  0  0  0  0  0  0  0  1  1565  0  0  0  0  70696  0  4  0  15  0  74  970  154  220  22025  1984  238658  6192  64  36  0  36  334  63  11  590  4129  314  7  0  319  10  186  18976  64620  19  863  362519  3  21  0  1  0  6080  47  36  9  0  19763  1  3  12343  1643  169379  196  84  2845  2  116  523  1041  2046  0  441798  2850  817  140  81  649  10  53  9  99024  26197  12325  1028  1400  0  0  0  4216  0  
0  0  0  0  0  0  0  0  0  0  0  0  0  0  0  0  0  0  0  0  0  0  0  0  0  0  0  0  0  0  0  0  0  0  0  0  0  0  0  0  0  0  0  0  0  0  0  0  0  0  0  0  0  0  0  0  0  0  0  0  0  0  0  0  0  0  0  0  0  0  0  0  0  0  0  2031  0  22  0  1  0  0  23  0  0  0  0  0  0  0  2  2  2862  0  1421  5  757  0  4  50  2  0  0  0  0  1  0  522  5143  27  623839  900812  0  0  133  0  61986  121  1  2  1  5816  57  98176  79  0  1  0  0  14  52  0  324263  298121  701  0  0  0  1  2  2  7  1  0  8  0  174001  288  
0  0  0  0  0  1  1  0  0  6  0  0  0  0  0  0  1  13  0  0  0  0  0  0  0  0  0  0  0  0  0  4  0  0  0  0  0  0  0  0  4  0  0  5  0  0  0  9  6  0  0  0  0  0  1  1  0  0  0  0  0  0  0  0  4  67  0  1  0  0  0  0  11  0  65  126  2  11444  283  391  1437  263  3444  177  0  532  1  285  1148  127  625  664  315143  0  62221  186  40417  21  941849  103888  133  346  659  2  14  148  1  739698  68831  243068  10563  1339158  57  1  56494  5  86193  12900  11478  308  1200  266253  33447  128193  36623  2560  4890  3770  27247  292339  59896  843  179241  170660  126493  67  31  16  2399  2242  510  24234  512  0  1577  169305  0  90766  
0  0  0  0  0  0  0  0  0  0  0  0  0  0  0  0  0  0  0  0  0  0  0  0  0  0  0  0  0  0  0  0  0  0  0  0  0  0  0  0  0  0  0  0  0  0  0  0  0  0  0  0  0  0  0  0  0  0  0  0  0  0  0  0  0  0  0  0  0  0  0  0  0  0  0  0  0  10  0  0  0  0  0  0  0  0  0  0  0  0  6  5  1  0  5  0  218  0  31  1226  0  0  0  0  0  0  162658  192270  47029  173206  8  1429  0  0  77696  0  1003  1  0  2  0  315584  14  307  0  0  0  0  0  3  0  1  0  106  66  0  0  0  0  0  0  2  0  0  1  305  118227  0  
