0  0  1  13  259852  62747  1  0  3  2  0  466  3  12951  86646  9664  16  1083  4  0  0  0  2  185732  0  9  1  0  1  0  68043  6533  0  0  0  0  0  0  5775  5154  39  0  0  22  4  0  3273  2  45419  0  0  176833  149009  89  5  2  3  0  0  0  1  42278  285  38654  6  1709  30  322  33  102801  0  0  59  0  0  0  0  0  0  1  0  0  0  0  0  0  0  0  0  0  0  0  0  0  0  0  0  0  0  2  0  0  0  0  0  14  0  0  0  0  0  0  0  0  2  0  0  0  0  0  0  0  0  0  0  0  0  0  0  1  0  0  0  0  0  0  0  0  0  77  0  0  0  0  1  0  1  0  
0  0  0  21  0  2  0  1  2  0  0  0  0  0  1  0  0  3  154140  0  332232  59869  1  0  2  1  0  0  0  0  0  0  0  0  0  0  40581  20278  0  0  2  310229  0  723  204  0  0  19  9  0  416668  0  0  4  67  1  322760  70  302456  144556  40888  0  0  0  4  5  1  60  0  0  1  0  608  0  0  0  0  0  0  0  0  0  0  0  0  0  0  0  0  0  0  0  0  0  1  119  0  0  0  0  0  0  0  0  0  0  0  0  0  0  0  0  0  0  0  0  0  1  0  0  0  0  0  0  4  0  0  0  0  0  0  0  0  0  1  0  0  0  0  0  0  0  0  0  0  0  0  0  
0  0  0  14  0  103  7  65238  918  0  0  0  0  0  0  307892  8  38  7  0  0  0  0  0  0  19  84156  167787  99487  55695  0  10  0  0  0  0  0  0  0  0  16  0  0  1  225084  307395  1  19  623  0  0  0  0  158  4  8  2  3  0  0  0  0  1  0  0  26  57163  1  69158  0  36  0  3  0  0  0  2020  0  0  0  0  262  498  0  0  0  0  0  0  1437  0  0  0  0  0  0  0  0  0  0  1  0  1  1643  0  0  0  0  0  0  0  0  0  0  0  0  0  0  2  7884  0  0  0  0  0  0  0  0  0  0  0  0  0  0  0  0  0  0  0  0  0  0  0  0  200  0  0  0  
205  3  4  0  647  1167  982  1296  439  10  0  196864  89  307  325  78  1590  4581  1206  0  0  16  17  48  23  442715  1  230996  80798  15  1  164  62526  760  353  72  0  3  111  2534  184257  3  5  1312  263149  1  699  810  393106  0  428  4722  501  1190  2278  100  3852  107  57  163  289  3  17  24  249  1231  50049  55876  4253  21  124  0  2093  449  0  0  0  0  0  0  0  1  1  0  0  0  0  0  0  0  0  0  0  0  0  0  1  0  0  0  0  0  0  0  0  0  0  0  0  0  0  0  0  0  1  0  0  0  0  0  0  0  0  0  0  0  0  0  0  0  0  0  0  0  0  0  1  0  0  28  0  1  0  0  0  0  0  0  
236546  0  0  10  0  48985  3  0  1  2  0  169  1  786  39998  222892  5  238  1  0  0  0  0  4345  0  9  0  0  0  0  22865  824  0  0  0  0  0  0  251  5078  38  0  0  9  6  0  310  3  11182  0  1  14995  93861  74  2  0  1  1  0  0  0  2  41  3260  1  221  30  256  18  15780  0  0  9  0  0  0  0  0  0  63  0  0  1  0  0  0  0  0  0  19  0  0  0  0  0  0  0  0  0  0  0  0  0  0  1  4  0  0  0  0  0  0  0  0  0  0  0  0  0  0  0  0  0  0  0  0  0  0  0  0  0  0  0  0  0  0  0  0  0  19  0  0  0  4  0  0  0  0  
95092  0  8  427  76974  0  194785  4002  6804  30  0  499  1  3819  23903  509329  155  10895  148  0  1  0  27  58271  5  763  18  0  55  11  22339  133286  4  0  0  0  0  0  716  6158  937  0  4  196  1622  1  4266  657  50413  0  18  31011  12468  45693  470  106  94  28  2  5  7  19  14250  30905  992  307897  3723  2693  5958  314233  56  0  973  2  140  0  0  2  26  20019  326  79  86  0  0  0  0  0  13  3734  0  2  0  0  0  0  3  7  0  9  0  0  1  0  2787  1989  0  0  0  2  0  0  2  0  25  0  0  0  8  4  8  1  9  0  0  12  9  2  0  13  0  0  0  0  0  12  7  7  0  53537  6  0  2  2189  9  0  12  0  
28  0  3  2470  127  281247  0  298452  63234  6  0  58  0  5  287  585429  26  862  416  0  0  0  2  0  10  1042  24  0  96  527  0  138  0  0  0  0  0  0  2  612  406  0  0  1020  9983  5  257  172  10692  0  32  10460  261  52732  2722  228  279  42  3  3  17  0  14  0  22851  231980  3924  12649  25757  14  608  0  193  0  0  0  1  0  3  1547  3300  3115  341  0  0  0  0  0  1  403  0  0  0  0  0  0  0  0  0  2  0  0  0  0  0  3  0  0  0  1  0  0  0  0  2  0  0  0  0  4  0  0  0  0  0  0  3  0  0  0  0  0  0  0  0  0  0  0  0  2160  0  0  0  0  8  0  0  0  
14  0  30396  4580  109  9378  269015  0  262962  4  0  172  0  4  77  347366  17  234  368  0  0  0  3  3  6  1120  8  26  42181  140  0  34  0  0  1  0  0  0  0  1798  323  0  2  505  59827  154314  100  151  2218  0  9  4522  187  157513  1488  265  481  28  1  0  11  0  2  6  4139  163058  10713  1747  140458  3  2219  0  126  0  0  0  148  0  0  28  124  32548  2339  0  0  0  0  0  0  22183  0  0  0  0  0  0  0  0  0  0  0  0  5  10  0  1  0  0  0  0  0  0  0  0  0  0  0  0  1  598  0  0  0  0  0  0  1  0  0  0  0  0  0  0  0  0  0  0  0  3472  0  0  0  0  78  0  1  0  
1  0  82  32  4  2077  8072  113115  0  11913  0  0  0  0  6  307  45  1018  1657  40  0  20  2  0  27  1999  80  151  195  31271  0  148  1  0  0  0  0  0  0  6  3113  0  0  1856  2489  114371  19  1065  2136  0  11  73  7  3328  6668  5949  881  95  9  0  11  0  4  0  28168  229989  13723  225  603  1  214705  0  259  0  0  0  24  0  1  2  2  2233  40918  159  0  0  0  0  0  400  0  1  0  0  0  2  1  0  0  11  0  0  0  4066  0  0  0  0  0  8  0  0  0  0  258  0  0  0  1  1235  0  3  1  0  0  0  0  1  0  3  0  0  0  0  2  0  0  0  0  55301  1  1  1  0  72776  0  1  0  
95  1  0  191  649  637  218  219  14892  0  15  193  0  33  372  28  194  36716  370  2  1  3838  31683  9  37  2215  38  0  71  82579  1  3969  4  2  4  2  0  1  4  2126  34113  4  83  243460  965  1  586  12198  26069  4  784  1027  692  348  8441  555  495  107  101  13  101  0  53  17  10211  401527  1159  2914  175  50  114  0  15660  780  6  1  0  178  78  53  121  10  2802  402  10  53  0  50  19  3  4  186  65  0  10  149  43  11  1  409  26  0  27  55  12  101  0  0  1  121  1  0  23  0  4999  2  6  14  763  53  72  69  919  0  9  279  50  61  0  1003  36  2  3  2  23  2  43  0  17  127440  232  382  27  0  221  0  303  0  
0  0  0  0  0  0  0  0  5  22  0  0  0  0  0  0  0  4  686  775520  0  52499  0  0  167  3  289  0  0  45659  0  0  0  0  0  0  0  0  0  0  4  61371  0  772712  0  0  0  1  4  0  0  0  0  0  28  60  3345  307612  0  0  55  0  0  0  363934  28  1  28  0  0  14  0  109  0  0  0  0  0  0  0  0  0  0  0  112993  0  0  0  0  0  0  0  0  785  0  3722  0  0  0  1  2  0  0  739  0  0  0  0  0  1  0  0  0  0  3  366  0  1398  0  0  0  0  0  0  0  0  0  0  0  0  0  0  0  0  2  0  0  0  124  1  0  0  0  0  0  0  0  0  
970  0  0  410673  5073  2584  9  0  2  3  0  0  2773  66665  3344  104  449  16877  3  0  0  0  0  129  0  19  0  0  70236  0  0  63  2691  447  241  0  0  0  303  238360  24  0  1  3  31064  0  5964  153  195549  0  0  279225  6950  292  7  2  3  0  0  0  0  5  5  265  0  47  33  255890  53  7  0  0  1  0  0  0  0  0  0  0  0  0  0  0  0  0  0  0  0  0  0  0  0  0  0  0  0  0  0  0  0  0  0  0  0  0  0  0  0  0  0  0  0  0  0  0  0  0  0  0  0  0  0  0  0  0  0  0  0  0  0  0  0  0  0  0  0  0  0  2  0  0  0  0  0  0  0  0  
7  0  0  70  0  62  0  0  0  0  0  1280  0  29874  0  0  4  1726  0  0  0  0  0  125687  0  0  0  0  5  0  1  32  2  16  62  0  0  0  114899  97  0  0  26  0  0  0  135723  3  770  0  0  6  0  1  0  0  0  0  0  0  0  25593  18  14487  0  3  0  0  0  5  0  0  1  0  0  0  0  0  0  0  0  0  0  0  0  0  0  0  0  0  0  0  0  0  0  0  0  0  0  0  0  0  0  0  0  0  0  0  0  0  0  0  0  0  0  0  0  0  0  0  0  0  0  0  0  0  0  0  0  0  0  0  0  0  0  0  0  0  0  1  0  0  0  0  0  0  0  0  
9831  0  0  3  5489  8553  4  0  0  0  0  78044  41930  0  7684  132  1  267  0  0  0  0  1  2300  0  1  0  0  60  0  0  237  0  0  0  0  0  0  154182  204107  13  0  0  2  4  0  7291  0  88951  0  0  246402  7054  26  0  0  1  0  0  0  0  45859  18  11455  0  85  2  97  3  58  0  0  1  0  0  0  0  0  0  0  0  0  0  0  0  0  0  0  0  0  0  0  0  0  0  0  0  0  0  0  0  0  0  0  0  0  0  0  0  0  0  0  0  0  0  0  0  0  0  0  0  0  0  0  0  0  0  0  0  0  0  0  0  0  0  0  0  0  0  5  0  0  0  0  0  0  0  0  
116945  0  1  26  40860  17662  32  2  12  3  0  9326  0  1587  0  254333  6  301  9  0  0  0  0  41  3  415  1  0  74978  0  0  342  0  0  0  0  0  0  13  1132  45  0  0  4  1519  0  78  19  5901  0  2  1025486  551843  713425  58  4  10  2  0  0  1  115918  18  44  10  526  232  199131  48513  23  20  0  43  0  0  0  0  0  0  1  0  0  0  0  0  0  0  0  0  0  0  0  0  0  0  0  0  0  0  0  0  0  0  0  0  0  0  0  0  0  0  0  0  0  0  0  0  0  0  0  0  0  0  0  0  0  0  0  0  0  0  0  0  0  0  0  0  0  0  18  0  0  0  0  0  0  0  0  
21461  0  361860  69  310531  474873  480393  368300  752  9  0  20  0  31  249230  0  7  785  30  0  0  1  3  1589  2  204  2  9  41277  2  33041  3902  1  0  0  0  0  0  28  261  101  0  1  29  21012  17156  150  74  4181  0  6  4420  100663  774360  101  27  23  8  1  3  2  0  12  1172  124  13085  906  825  146143  107488  24  0  209  0  0  0  1138  0  0  5379  2900  13569  245  0  0  0  0  0  0  25273  0  1  0  0  0  0  0  0  0  1  0  0  26  50  0  457  0  0  0  0  0  0  0  0  5  0  0  0  0  598  0  0  1  0  0  0  0  0  0  0  0  0  0  0  0  0  0  0  0  491  0  0  0  10  12  0  1  0  
0  1  57  4589  3  49  20  48  95  188  0  391  4  0  3  41  0  330425  4046  1  1  2  27122  3264  4  1080  10  0  146  7  3  30060  3709  56  60561  12  0  16  0  26  37736  0  22196  544  4264  2  21122  347409  201054  92  60  14  6  30  700  107  312  1250  15  5  31  0  173  70  388  244  2066  47  3137  30  10  2  12548  64  0  0  0  0  0  1  1  0  23  0  0  0  0  0  0  0  0  1  0  0  0  0  9  0  0  46  4  0  0  0  8  36  0  0  0  12  1  0  0  0  122  0  3  2  5  2  0  22  5  0  1  1  0  0  0  23  1  0  0  1  4  0  0  0  0  127  8  1  1  0  0  0  13  0  
847  0  2  7499  271  2553  9  7  101  494  0  18912  2702  311  18  14  185962  0  243  0  5  2  21005  39801  3  1026  6  0  22  10  923  147080  1950  94  11451  4  0  8  508  88  7394  0  12206  1202  189  0  307716  84262  335787  73  83  341  19  149  1167  26  236  34  16  5  36  0  2910  926  328  747  126  109  149  2332  6  0  19729  99  1  0  0  3  1  1  2  0  55  2  0  2  0  0  0  0  1  5  3  0  1  0  9  0  0  65  7  0  0  0  10  64  0  0  0  16  1  0  0  0  199  0  1  0  10  7  1  22  19  0  8  8  0  5  0  29  0  0  2  2  1  0  3  0  0  238  24  8  2  0  12  0  10  0  
0  137515  0  151  0  11  7  10  45  4  90  0  0  0  15  1  3  132  0  47341  69  9942  19  0  238533  85  1  0  5  0  0  10  0  0  1  0  6  7031  0  2  413  157123  0  12405  2020  0  3  360  361  0  25749  15  1  143  432  1285  1256136  616886  286246  1072  25692  0  1  0  16493  48  30  13118  22  0  3  0  431911  1  0  0  0  0  0  0  0  0  0  0  0  0  0  0  0  0  0  0  0  0  0  0  0  0  0  1  0  0  0  0  0  0  0  0  0  0  0  0  0  0  1  0  0  0  0  0  0  1  0  0  0  0  0  0  0  1  0  0  0  0  0  0  0  0  0  0  1  0  0  0  0  0  0  0  
0  40  0  1  0  0  1  0  1063  0  833736  0  0  0  0  0  0  26  32933  0  0  243  0  0  4607  18  93402  0  2  8380  0  3  0  0  0  0  0  0  0  0  31  105067  0  209054  43  0  0  20  25  0  6  1  0  2  59  63795  4939  468861  2  0  12  0  0  0  288777  13  7  49  3  0  3877  0  320  0  0  0  0  0  0  0  0  0  0  0  17695  0  0  0  0  0  0  0  0  160  0  1  0  0  0  0  6  0  0  540  0  0  0  0  0  0  0  0  0  0  0  26  0  40  0  0  0  0  0  0  0  0  0  0  0  0  0  0  0  0  0  0  0  0  3  0  0  0  0  0  0  0  0  0  
0  245038  0  1  0  1  0  0  0  3  0  0  0  0  0  0  0  1  62  0  0  35679  95354  0  5  10  0  0  0  0  0  7  0  0  0  0  132189  1838  0  0  35  3  89  126  16  0  0  2  1  309526  97187  1  1  2  33  0  23  0  14588  319689  509633  0  3  0  1  3  0  16  0  0  0  20  415  0  0  0  0  0  0  0  0  0  0  4  0  0  0  0  0  0  0  0  0  0  17  6  1  0  0  1  0  0  0  0  0  1  0  0  0  0  0  0  0  0  3  0  0  1  0  0  0  0  0  0  75  0  0  0  0  0  0  0  0  0  51  0  0  0  0  0  0  0  0  0  0  0  0  0  
5  124379  0  51  30  30  4  10  41  43544  34622  10  0  0  18  0  3  122  2678  160  33247  0  110637  0  27  270  0  0  0  2641  0  18  0  0  0  0  0  118  0  111  3510  346355  2  976756  392  0  28  58  238  2  99580  35  35  29  1627  3  91574  38063  809  43  1144133  0  1  0  4430  358  4  344  17  3  2  0  839  2  0  4  0  0  0  0  0  0  11  122  23234  0  0  0  0  0  0  2  0  1  135  23667  20  0  0  20  2  0  0  37  3  4  0  0  0  8  0  0  0  0  69  83  1  7140  0  3  0  7  3  0  222  0  0  0  0  4  2  0  0  0  54  0  0  0  2  103  3  1  0  0  2  0  2  0  
4  1  0  124  44  138  127  250  595  32667  0  10  0  0  27  12  29839  34925  275  0  88011  116999  0  890  1228  6225  0  0  6  103  0  68030  2  0  107077  0  1975  19699  1  120  32028  0  357451  125804  365  0  249  28128  1287  239686  288  94  44  210  11040  83  316  56  8811  18384  303608  0  113  13  3574  283  21  1537  64  38  30  508  79538  4  0  0  0  0  0  0  0  0  13  5  0  0  0  0  0  0  0  3  2  0  27  9  4  0  0  11  1  0  0  0  2  19  0  0  0  2  0  0  0  0  41  2  0  1  1  1  0  2  4  0  166  1  0  0  0  7  0  0  0  0  82  0  1  0  0  31  3  0  0  0  2  0  3  0  
183400  0  0  33  5099  28148  0  0  2  5  0  306  136491  14953  215  1013  653  29462  2  0  0  0  110  0  0  12  0  0  0  1  169451  44530  110  463  4657  0  0  0  40710  1090  40  0  6539  23  0  0  233967  4084  7046  0  0  7567  1566  18  4  0  1  0  0  0  0  189398  342139  730397  2  485  6  52  3  140196  0  0  100  0  0  0  0  0  0  2  0  0  0  0  0  0  0  1  0  0  0  0  0  0  0  0  1  38  0  4  0  0  0  0  174  4  0  0  0  1  0  0  0  0  3  0  0  0  0  0  0  0  0  0  0  0  0  0  0  1  0  0  0  0  0  0  13  0  0  21  0  1  0  0  0  0  0  0  
0  3  0  52  1  22  10  4  1058  27  8  0  0  0  12  1  7  263  160626  8661  3  3  297  0  0  142802  7620  0  94  16  0  36  1  0  0  3  1  24  0  0  543  0  8  1300  1878  0  5  184  431  14  377  7  1  250  274108  539141  35775  31752  1867  25  541  0  1  0  6688  384  132  13399  72  0  106  0  803467  0  0  0  0  0  0  0  0  0  2  1  0  0  0  0  0  0  0  0  0  0  0  0  0  0  0  0  0  0  0  0  0  1  0  0  0  0  0  0  0  0  5  0  0  0  0  0  0  1  0  0  0  0  0  0  0  0  0  0  0  0  0  0  0  0  0  2  0  0  0  0  1  0  1  0  
11  0  12  324478  43  434  311  399  2309  418  0  10  0  5  71  26  288  2089  566  19  0  31  385  4  116437  0  225  42109  143  1086  2  315  2088  102536  2  203274  0  15177  3  83  463210  0  7  7600  48110  5  81  1951  13313  0  231  772  39  890  275119  149157  622  192  37  36  350  0  15  4  4806  11141  575196  11500  4437  13  844  1  62987  2098  1  0  0  1  0  0  1  0  13  0  0  0  0  0  0  0  0  2  0  0  0  0  2  1  0  14  1  0  0  0  0  0  0  0  0  4  0  0  0  0  42  0  0  0  2  1  0  1  0  0  1  1  0  0  0  6  1  0  0  0  0  0  0  0  0  110  3  0  0  0  3  0  2  0  
0  0  86169  1  0  1  7  8  590  1  195  0  0  0  0  2  0  7  25  142996  0  0  0  0  3952  398  0  36  95  941372  0  3  0  0  0  0  0  0  0  0  19  0  0  44  600  6125  0  5  13  0  1  1  0  6  1162  999353  5  55  0  0  0  0  0  0  239547  49  288290  2  75  0  125614  0  2  0  0  0  0  0  0  0  0  0  0  0  48  0  0  0  0  1  0  0  1  66  0  0  0  0  0  0  28  0  0  2039  0  0  0  0  0  0  0  0  0  0  0  0  0  0  0  3  0  0  0  0  0  0  0  0  0  1  0  0  0  0  0  0  0  0  2  0  0  0  0  0  26  0  0  0  
1  0  131330  200168  2  2  0  6  485  0  0  0  0  0  0  7  0  12  0  0  0  0  0  0  0  63459  91  0  91636  1  0  0  0  0  0  0  0  0  0  0  30  0  0  9  614624  111850  0  3  41  0  0  2  0  5  1  511  0  0  0  0  0  0  0  0  13  15  498245  4  65  0  55  0  0  0  0  0  0  0  0  0  0  0  0  0  0  0  0  0  0  0  0  0  0  0  0  0  0  0  0  0  0  0  0  0  0  0  0  0  0  0  0  0  0  0  0  0  0  0  0  0  0  0  0  0  0  0  0  0  0  0  0  0  0  0  0  0  0  0  0  0  0  0  0  0  0  0  0  0  
3  0  120796  85895  19  210  33  91045  2915  15  0  46997  3  83  73683  34444  464  2122  329  0  0  0  2  2  1  883  1  41222  0  2  1  236  1  0  0  0  0  0  0  90  863  0  0  86  799500  17016  289  5585  4356  0  1  10347  34  4045  167  65  61  52  0  0  1  0  16  4  335  5946  19907  440089  517659  11  727  0  167  1  0  0  0  0  0  1  0  0  4  1  0  0  0  0  0  0  0  1  0  0  0  0  1  0  0  8  0  0  0  0  0  3  0  0  0  5  0  0  0  0  16  0  0  0  2  3  0  1  0  0  0  0  0  0  0  2  0  0  0  0  0  0  0  0  0  24  4  0  0  0  0  0  2  0  
0  0  64592  4  1  21  25  20  32820  71419  28384  0  0  0  2  6  15  2783  242  6666  0  2722  6  2  10  679  731090  6  71  0  1  354  0  0  0  0  0  0  0  1  907  1  7  26633  816  280041  8  529  1637  0  10  12  0  10  636  44226  427  52  4  2  5  0  1  2  450987  38947  32557  45  65  7  375287  0  1021  1  0  0  4  0  0  1  0  1  8209  632  28046  0  0  0  0  0  0  2  2  466  3  3786  2  0  0  16  322  0  0  85672  0  2  0  0  0  3  0  0  0  0  240  1  0  12  2  33  0  3  0  0  0  1  0  0  0  12  0  0  0  0  5  0  0  0  513  3578  4  0  0  0  25464  0  1  0  
71617  0  0  0  47817  39433  0  0  0  0  0  0  0  0  0  40078  0  198  0  0  0  0  2  142207  0  3  0  0  0  0  0  28669  0  0  0  0  0  0  2  0  5  0  0  2  0  0  267  0  13  0  0  0  0  0  0  0  0  0  0  0  0  0  263719  585  0  7  0  0  0  273271  0  0  7  0  3  0  0  0  0  157  0  0  0  0  0  0  0  0  0  161  0  0  0  0  0  0  0  1044  0  0  0  0  0  0  20146  170  0  0  0  0  0  0  0  0  0  0  0  0  0  0  0  0  0  0  0  0  0  0  0  0  0  0  0  0  0  0  477  4  0  9  0  0  0  271  0  0  0  0  
505  0  0  8  89  124426  4  6  85  356  0  1  28  46  14  1658  41511  356935  71  1  18  17  70186  29752  0  729  0  0  19  17  38591  0  7  0  25397  0  2  7  386  20  2971  0  13307  1840  251  0  24994  29288  40259  23  10  84  17  21  392  34  53  13  9  1  22  14  209385  7076  280  78153  55  28  80  155409  1  3  20821  13  1  0  0  7  1  1864  4  0  110  13  0  4  0  3  2  827  0  10  1  0  1  1  9  2  0  116  13  0  4  0  324  57213  0  0  0  44  0  0  0  0  294  0  1  0  17  8  0  10  15  0  12  15  0  3  0  77  0  0  0  0  13  0  4  0  1  1420  50  8  4  656  17  0  21  0  
0  0  0  80724  0  3  0  0  4  5  0  225  0  0  0  0  1851  2330  4  0  0  0  0  40  0  593  0  0  0  0  0  44  0  147696  34560  11867  0  0  0  0  49351  0  4  9  4  0  205  255212  2837  0  0  0  0  0  39  4  0  2  0  0  0  0  2  1  15  20  4  1  0  1  0  0  20873  273123  0  0  0  0  0  0  0  0  3  0  0  0  0  0  0  0  0  0  0  0  0  0  0  0  0  1  0  0  0  0  0  0  0  0  0  0  0  0  0  0  1  0  0  0  0  0  0  0  0  0  0  0  0  0  0  1  0  0  0  0  0  0  0  0  0  4  0  0  0  0  0  0  0  0  
0  0  0  2396  0  0  0  0  0  0  0  446  19  1  0  0  36  176  0  0  0  0  1  789  0  77772  0  0  12  0  0  0  215174  0  451611  266747  31  317326  2  0  10832  0  108211  0  0  0  466  63928  41  6  0  0  0  0  84  0  0  0  3  0  4  0  0  10  0  0  0  1  0  0  0  1631  528065  84088  0  0  0  0  0  0  0  0  0  0  0  0  0  0  0  0  0  0  0  0  0  0  0  0  0  0  0  0  0  0  0  0  0  0  0  0  0  0  0  0  0  0  0  0  0  0  0  0  0  0  0  0  0  0  0  0  0  0  0  0  0  0  0  0  0  0  0  0  0  0  0  0  0  0  
0  0  0  668  0  1  0  2  12  9  0  228  15  0  1  0  43962  12610  27  0  1  1  95854  2739  0  191  0  0  1  5  0  24045  38777  474162  0  0  521  39347  0  1  444  0  313724  147  3  0  959  289649  134  2097  1  0  1  1  71  5  4  0  974  269  1300  0  9  80  35  13  4  5  0  1  0  71522  119894  38  0  0  0  0  0  0  1  0  4  0  0  0  0  0  0  0  0  1  0  0  0  0  1  0  0  1  0  0  0  0  0  2  0  0  0  1  0  0  0  0  14  0  0  0  1  0  0  0  1  0  0  1  0  0  0  2  0  0  0  0  0  0  0  0  0  10  1  1  0  0  0  0  1  0  
0  0  0  44  0  0  0  0  0  0  0  0  0  0  0  0  3  2  0  0  0  0  0  0  4  220146  0  0  0  0  0  1  16448  312448  12  0  0  4704  0  0  121158  0  0  0  0  0  0  20621  74  0  0  0  0  0  3039  0  0  0  0  0  0  0  0  0  0  0  2  0  0  0  0  0  43382  160890  0  0  0  0  0  0  0  0  0  0  0  0  0  0  0  0  0  0  0  0  0  0  0  0  0  0  0  0  0  0  0  0  0  0  0  0  0  0  0  0  0  0  0  0  0  0  0  0  0  0  0  0  0  0  0  0  0  0  0  0  0  0  0  0  0  0  0  0  0  0  0  0  0  0  
0  39312  0  0  0  0  0  0  0  0  0  0  0  0  0  0  5  1  7  0  83292  0  3776  0  2  1  0  0  0  0  0  1  0  46  1255  0  0  447604  0  0  1  0  167429  54  0  0  0  414  1  504299  1  0  0  0  4  0  0  0  114644  531290  4278  0  0  0  0  0  0  1  0  0  0  803743  17525  0  0  0  0  0  0  0  0  0  0  0  0  0  0  0  0  0  0  0  0  0  0  0  0  0  0  0  0  0  0  0  0  0  0  0  0  0  0  0  0  0  0  0  0  0  0  0  0  0  0  0  0  0  0  0  0  0  0  0  0  0  0  0  0  0  0  0  0  0  0  0  0  0  0  0  
0  22180  0  8  0  2  0  2  2  1  0  0  0  0  0  0  0  7  16382  0  189  186  2131  0  19  888  0  0  0  0  0  0  0  319414  54875  131  409983  0  0  0  73  2  190985  8417  52  0  0  5388  5  30164  120  0  0  5  222  0  49  1  365880  74431  40897  0  0  0  4  2  2  49  5  0  0  854278  1343901  3  0  0  0  0  0  0  0  0  0  0  0  0  0  0  0  0  0  0  0  0  0  0  0  0  0  0  0  0  0  0  0  0  0  0  0  0  0  0  0  0  0  0  0  0  0  0  0  0  0  0  0  0  0  0  0  0  0  0  0  0  0  0  0  0  0  0  0  0  0  0  0  0  0  0  
15230  0  0  3  797  6474  0  0  0  1  0  141  109369  174717  104  204  0  410  1  0  0  0  4  18828  0  2  0  0  0  0  10  2291  0  0  0  0  0  0  0  8505  5  0  0  4  0  0  81139  8  75805  0  0  24776  361  7  0  0  0  0  0  0  0  11490  354  111835  2  278  1  44  3  418  0  0  44  0  0  0  0  0  0  1  0  0  1  0  0  0  0  0  0  0  0  0  0  0  0  0  0  0  0  0  0  0  0  0  1  0  0  0  0  0  0  0  0  0  0  0  0  0  0  0  0  0  0  0  0  0  0  0  0  0  0  0  0  0  0  0  0  0  0  20  0  0  0  0  0  0  0  0  
1015  0  0  791  3710  1978  3  3  3  8  0  223004  1282  232770  1704  62  9  166  5  0  0  0  1  154  0  12  0  0  12  0  0  89  0  0  0  0  0  0  4619  0  92  0  0  7  71  0  1345  2  194576  0  0  24907  5166  163  8  0  8  1  0  0  0  119  7  741  1  94  23  31627  62  8  0  0  0  0  0  0  0  0  0  0  0  1  0  0  0  0  0  0  0  0  0  0  0  0  0  0  0  0  0  0  0  0  0  0  0  0  0  0  0  0  0  0  0  0  0  0  0  0  0  0  0  0  0  0  0  0  0  0  0  0  0  0  0  0  0  0  0  0  0  17  0  0  0  0  0  0  0  0  
320  0  3  123829  2096  2073  632  913  2710  18958  0  267  0  153  1112  275  42473  61778  14182  31  1  102  3280  24  36  398327  158  8  140  128  8  4845  42160  10997  4  118180  0  4  47  3436  0  7  42  53107  7848  5  484  243884  191938  3  172  2024  1857  1523  135595  2924  1614  2037  27  13  509  3  153  45  5318  7435  43414  6044  695  137  314  0  90698  86038  0  0  0  12  3  2  5  4  154  13  0  2  0  6  4  0  0  31  13  0  18  1  38  1  1  301  17  0  3  0  38  106  0  0  1  74  0  0  0  0  832  0  4  4  30  22  2  142  33  0  12  10  1  5  0  114  2  1  3  0  28  0  7  0  1  607  92  7  3  0  35  0  49  0  
0  457052  0  21  0  2  1  0  0  0  75069  0  0  0  0  0  0  3  130311  124495  5  413386  2  0  2  1  0  0  0  0  0  0  0  0  1  0  0  0  0  0  1  0  1  164540  476  0  0  12  13  0  46568  2  0  9  10  0  707825  30707  1183  1  9303  0  0  0  12  8  2  100  3  0  0  0  10  0  0  0  0  0  0  0  0  0  0  0  304  0  0  0  0  0  0  0  0  1  0  37  0  0  0  0  0  0  0  0  0  0  0  0  0  0  0  0  0  0  0  59  0  3  0  0  0  0  0  0  0  0  0  0  0  0  0  0  0  0  0  0  0  0  0  0  0  0  0  0  0  0  0  0  
1  0  0  0  1  7  1  0  27  29  0  0  0  1  0  0  2440  4576  55  0  35  6  351280  2911  6  391  0  0  0  5  0  1510  5  157013  386220  0  130963  205788  0  0  920  0  0  408  6  0  28  72712  84  130031  7  1  1  1  179  1  10  2  9209  338  5792  0  18  458  98  37  4  8  2  3  1  129781  89415  4  0  0  0  0  0  0  0  1  6  1  0  0  0  1  0  0  0  0  0  0  0  0  1  0  0  10  2  0  0  0  0  9  0  0  0  3  0  0  0  0  20  0  0  0  2  2  0  3  2  0  3  2  0  0  0  2  0  0  0  0  2  0  1  0  0  21  3  1  0  0  2  0  0  0  
39  5991  4  6441  297  1331  1293  3431  5634  191149  788410  96  0  25  199  288  113  17214  18708  100257  16  837166  114027  14  745  17043  21  0  132  18882  3  2264  4  0  4  0  1  686  2  1000  82039  178290  55  0  22501  0  1883  3127  22352  214  26986  962  333  2692  30031  832  103454  332314  5293  532  163673  0  55  20  319460  12759  733  11373  2869  56  295  5  34445  87  0  0  0  2  0  1  1  1  29  11  5450  0  0  1  1  0  0  5  1  0  0  224  6  0  0  42  1  0  3  12  3  23  0  0  0  12  0  0  0  0  105  51  1  165  4  2  0  7  3  0  9  2  1  1  0  24  0  0  0  0  5  0  1  0  2  213  21  1  0  0  3  0  7  0  
74  1  196677  295262  419  6450  1990  56638  31258  164  0  4898  0  61  720  32957  3527  10439  2223  2  0  8  18  13  35  58139  57  659156  650697  54  3  1166  7  0  0  0  0  2  9  528  4859  0  0  1196  0  341008  1498  22540  70826  0  302  3286  556  6032  1528  1279  5304  237  91  118  257  0  145  20  1988  23849  436502  157354  215472  98  9213  0  2020  0  0  0  0  0  0  1  3  0  14  1  0  0  0  0  0  0  0  2  0  0  1  0  3  0  0  35  0  0  0  0  0  4  0  0  0  15  0  0  0  0  50  0  0  0  8  3  0  0  1  0  0  0  0  0  0  10  0  0  0  0  2  0  0  0  0  112  6  0  0  0  2  0  4  0  
1  0  232714  53  6  46  16  169550  126558  0  0  1  0  0  4  13352  6  31  21  0  0  0  0  0  0  44  10641  72767  1758  240586  0  7  0  0  0  0  0  0  0  5  87  0  0  21  211013  0  0  91  513  0  0  26  6  379  16  275  22  3  0  0  0  0  1  0  41  498  141836  5  445  0  104036  0  6  0  0  0  259  0  0  0  0  49  3641  0  0  0  0  0  0  430  0  0  0  0  0  0  0  0  0  1  0  0  0  794  0  0  0  0  0  0  0  0  0  0  1  0  0  0  0  4643  0  0  0  0  0  0  0  0  0  0  0  0  0  0  0  0  0  0  0  3  0  0  0  0  8233  0  0  0  
11364  0  0  60  1337  15726  6  0  18  10  0  1447  112670  3819  408  142  246  181175  9  0  4  1  192  182317  0  184  1  0  6  4  1510  47337  83  40  451  0  0  0  79338  469  424  0  172  336  65  0  0  2646  68217  1  4  4860  1180  742  44  5  7  6  0  0  1  753  13690  155581  49  489  215  342  261  2721  2  0  839  0  0  0  0  0  0  1  1  0  1  0  0  0  0  0  0  0  0  2  0  0  2  1  0  0  0  2  0  0  0  0  0  8  0  0  0  0  0  0  0  0  9  0  0  0  2  0  0  0  1  0  4  2  0  0  0  3  0  0  0  0  0  0  2  0  1  27  1  3  0  0  0  0  0  0  
7  1  3  861  22  249  45  16  556  5262  0  244  5  3  13  17  287764  177734  847  19  6  13  22647  5088  107  1998  21  1  120  72  23  15859  212891  28537  322717  8606  213  21346  3  58  176140  0  128446  3214  3419  3  25910  0  65908  1538  200  160  25  61  7060  746  538  128  2058  84  828  0  193  58  1923  3289  6566  267  232  104  51  12062  619983  70348  2  0  0  10  7  3  15  2  271  23  0  0  0  5  1  0  2  24  7  0  15  4  37  1  2  303  14  0  4  1  35  185  0  0  0  83  3  0  1  0  1236  0  9  11  31  15  4  152  44  0  5  20  1  6  0  123  6  0  1  3  28  0  3  0  3  1241  61  22  7  0  35  0  43  0  
47650  0  1704  399683  35459  41983  1730  1672  2089  13101  0  158118  4095  93520  14887  3509  114506  263479  50933  10  1  14  226  3741  85  6946  31  3  1633  54  170  47681  1740  14  30  4  0  0  70608  218169  199973  3  52  9451  107441  3  70654  25665  0  0  275  84777  35391  32740  5287  1260  21910  5793  30  46  123  1370  3539  14458  2939  14917  12022  164386  26413  4112  154  0  4931  78  0  0  0  1  0  13  4  6  57  5  0  0  0  2  1  0  0  9  1  0  3  1  6  0  1  77  5  0  0  0  8  94  0  0  0  25  0  0  0  0  165  0  1  0  12  8  2  22  8  0  1  5  0  1  0  26  1  0  1  1  4  0  1  0  0  913  29  1  0  0  11  0  12  0  
0  5  0  1  0  0  2  1  1  3  0  0  0  0  0  0  75  26  0  0  308270  6  226475  0  17  18  0  0  0  0  0  36  0  1  2267  0  446006  116356  0  0  51  1  217323  550  9  0  1  4245  4  0  5  1  0  1  52  1  2  0  68334  264108  74672  0  0  0  12  2  0  5  0  0  0  66876  125114  0  0  0  0  0  0  0  0  0  0  0  0  0  0  0  0  0  0  0  0  0  0  0  0  0  0  0  0  0  0  0  0  0  0  0  0  0  0  0  0  0  0  0  0  0  0  0  0  0  0  0  0  0  0  0  0  0  0  0  0  0  0  0  0  0  0  0  0  0  0  0  0  0  0  0  
0  254140  0  140  1  7  3  18  20  1  0  0  0  0  2  3  2  24  2711  0  51712  120853  6  0  20  20  0  0  0  0  0  1  0  0  0  0  0  38  0  0  25  18759  0  24237  725  0  1  14  72  1  0  2  0  30  267  3  14309  27  53241  2358  215927  0  0  0  55  28  14  264  42  0  0  0  427  0  0  0  0  0  0  0  0  0  0  0  0  0  0  0  0  0  0  0  0  0  1  103  0  0  0  0  0  0  0  0  0  0  0  0  0  0  0  0  0  0  0  0  0  0  0  0  0  0  0  0  3  0  0  0  0  0  0  0  0  0  0  0  0  0  0  0  0  0  0  0  0  0  0  0  
107686  1  0  275  40202  51098  745  770  77  38  0  244668  11  288721  703784  3315  42  3294  560  0  0  0  8  1589  17  1318  7  0  25034  2  6  1639  1  0  0  0  0  0  46396  76200  426  0  0  103  2748  1  4826  122  49050  0  84  0  215448  189144  910  91  1162  76  6  11  33  48323  97  2583  115  4182  2380  237489  5232  254  16  0  173  0  0  0  0  0  0  5  0  0  2  0  0  0  0  0  0  0  0  0  1  0  0  0  0  0  0  2  0  0  0  0  0  6  0  0  0  1  0  0  0  0  2  0  0  0  0  0  1  1  1  0  0  0  0  0  0  1  0  0  0  0  0  0  0  0  0  160  0  0  0  0  0  0  1  0  
124177  0  0  10  102184  23530  45  2  3  3  0  156  0  351  568550  57778  27  818  13  0  1  0  0  81  0  39  1  0  2  0  4  1413  0  0  0  0  0  0  70  3707  55  0  0  12  39  0  216  19  10155  0  0  378548  0  61602  17  4  3  1  0  0  0  11  54  139  18  1002  211  146  77  83  0  0  19  0  0  0  0  0  0  2  0  0  0  0  0  0  0  0  0  0  0  1  0  0  0  0  0  0  0  0  0  0  0  0  0  4  0  0  0  0  0  0  0  0  2  0  0  0  1  0  0  0  0  0  0  0  0  0  0  0  0  0  0  0  0  0  0  0  0  85  0  0  0  0  0  0  0  0  
780  0  7  4214  4239  83097  42011  102738  4416  4  0  84  0  27  648708  723340  38  2044  596  1  0  3  7  10  59  8756  29  4  3622  26  1  355  0  0  0  0  0  0  9  815  923  0  0  243  12176  6  789  323  41747  0  132  304135  72725  0  2839  266  818  86  12  22  63  0  49  19  1083  15611  15766  151382  259181  36  208  0  1090  0  0  0  0  0  2  7  0  0  0  0  0  1  0  0  1  1  0  0  0  0  0  0  0  0  0  2  0  0  0  0  0  10  0  0  0  2  0  0  0  0  3  0  0  0  2  0  0  0  0  0  0  0  7  0  0  0  0  0  0  0  0  0  0  0  0  117  1  0  0  0  0  0  0  0  
4  4  1  385  10  292  610  764  14523  163  0  1  0  0  22  35  57  3522  7717  28  0  189  790  3  194961  312610  1210  0  156  474  1  299  28  266  0  9585  0  21  1  16  96419  8  14  42217  1917  0  59  1843  4360  11  182  91  12  663  0  33443  7083  1377  158  18  1528  0  6  1  26638  3370  4412  8839  232  9  1517  0  312383  129  0  0  0  1  0  0  0  0  5  1  0  0  0  0  0  0  0  0  0  0  0  0  2  0  0  10  0  0  0  0  0  3  0  0  0  1  0  0  0  0  29  0  1  0  3  0  0  2  0  0  0  1  0  0  0  3  0  0  0  0  0  0  0  0  0  53  1  1  0  0  1  0  2  0  
3  0  1  100  7  225  404  321  38111  49  2  4  0  1  7  11  65  2529  9822  100156  0  6  9  2  517653  230885  858920  231  4519  18455  3  359  7  0  0  0  0  0  0  19  7187  1  0  11593  30362  91  59  2285  4158  0  149  214  12  676  97690  0  11387  108525  109  1  141  0  10  2  208514  9247  240836  9251  3053  11  245905  0  41604  0  0  0  0  0  0  0  0  1  5  1  0  0  0  0  0  0  0  0  0  0  0  0  0  0  0  4  0  0  0  0  0  4  0  0  0  1  0  1  0  0  19  0  0  0  1  2  0  0  0  0  0  1  0  0  0  2  0  0  0  0  0  0  0  0  0  31  0  1  0  0  0  0  1  0  
1  393945  0  220  0  21  14  6  57  10  1612  0  0  0  22  1  6  185  1355822  1476  3  180394  8  0  51564  35  4  0  14  0  0  14  0  0  0  0  0  21  0  0  666  600364  1  82705  5154  0  3  203  980  0  49985  63  4  323  339  4493  0  113750  167891  41  31359  0  0  0  23559  68  70  34377  40  1  6  0  125751  0  0  0  0  0  0  0  0  0  0  0  0  0  0  0  0  0  0  0  0  0  0  0  0  0  0  0  0  0  0  0  0  0  0  0  0  0  0  0  0  0  0  0  0  0  0  0  0  0  0  0  0  0  0  0  0  0  0  0  0  0  0  0  0  0  0  4  0  0  0  0  0  0  0  0  
5  4936  0  314  5  20  20  6  229  10  259321  0  0  0  12  6  5  194  596140  451625  0  25994  5  0  46147  337  16  0  8  29  0  29  0  0  1  0  0  0  1  0  214  52245  1  246405  6509  0  2  228  784  0  11432  28  5  152  1419  104174  184160  0  2339  3  3041  0  1  0  186699  148  255  3995  26  3  18  0  2482  0  0  0  0  0  0  1  0  0  0  0  4  0  0  0  0  0  0  0  0  0  0  0  0  0  0  1  1  0  0  0  0  1  0  0  0  0  0  0  0  0  3  0  0  0  0  0  0  1  0  0  0  0  0  0  0  0  0  0  0  0  0  0  0  0  0  5  1  0  0  0  0  0  0  0  
0  288853  0  897  0  42  36  15  13  8  0  1  0  0  15  4  2  65  237977  10  5456  11698  1351  0  254  124  0  1  1  0  0  10  0  0  5  0  103016  425695  0  1  409  383  241  35993  8270  0  1  275  242  825  144572  3  3  244  785  9  132020  278  0  226044  105045  0  1  0  200  181  27  3221  87  0  2  234  193837  0  0  0  0  0  0  0  0  0  0  0  0  0  0  0  0  0  0  0  0  0  0  0  0  0  0  0  0  0  0  0  0  0  0  0  0  0  0  0  0  0  0  0  0  0  0  0  0  0  0  0  0  0  0  0  0  0  0  0  0  0  0  0  0  0  0  0  0  0  0  0  0  0  0  0  
0  118907  0  183  2  6  11  10  7  1  0  0  0  0  6  0  3  46  126  0  400959  320  3723  0  28  34  0  0  1  1  0  5  0  0  152  0  484209  119119  0  0  36  5  541  18243  1076  0  1  174  50  257677  53499  4  0  39  852  1  118  4  224964  0  189024  0  0  0  19  35  15  361  21  1  0  154925  42330  2  0  0  0  0  0  0  0  0  0  0  0  0  0  0  0  0  0  0  0  0  0  0  0  0  0  0  0  0  0  0  0  0  0  0  0  0  0  0  0  0  0  0  0  0  0  0  0  0  0  0  0  0  0  0  0  0  0  0  0  0  0  0  0  0  0  0  0  0  0  0  0  0  0  0  
2  69307  0  776  1  60  52  97  230  88  4721  0  0  4  22  11  6  289  2122  226  492330  876492  294281  1  1071  232  1  0  0  9  0  18  0  0  64  0  1786  86783  0  5  604  23068  1472  195611  5180  0  11  364  535  61639  252360  15  4  373  14135  49  22033  6629  90440  177925  0  0  0  2  363  226  50  7017  184  2  16  619  66345  2  0  0  0  1  0  0  0  0  1  7  51  0  0  0  0  0  0  0  0  0  14  80  2  0  0  2  0  0  0  0  0  1  0  0  0  1  0  0  0  0  7  1  0  17  0  1  0  1  0  0  104  0  0  0  0  0  0  0  0  0  50  0  0  0  0  5  0  0  0  0  0  0  0  0  
96917  0  0  1  4  87  0  0  0  0  0  0  39196  39828  106560  0  0  4  0  0  0  0  0  175335  0  0  0  0  0  0  0  25  0  0  0  0  0  0  22492  58  0  0  0  0  0  0  159  0  235  0  0  74243  53  0  0  0  0  0  0  0  0  0  2  60393  0  6  0  2  0  3  0  0  0  0  0  0  0  0  0  0  0  0  0  0  0  0  0  0  0  0  0  0  0  0  0  0  0  0  0  0  0  0  0  0  0  0  0  0  0  0  0  0  0  0  0  0  0  0  0  0  0  0  0  0  0  0  0  0  0  0  0  0  0  0  0  0  0  0  0  0  0  0  0  0  0  0  0  0  
20  0  0  0  5  29348  1  1  18  17  0  0  253  37  0  0  11  10869  3  0  2  5  214  321944  0  134  0  0  0  3  263152  309364  0  0  0  0  0  0  1130  2  445  0  28  331  4  0  43412  136  293  1  1  9  1  0  30  4  0  0  1  0  4  7  0  91486  45  18  0  1  1  89173  1  0  925  0  0  0  0  0  0  0  0  1  4  0  0  0  0  0  0  0  0  2  0  0  1  0  0  7  0  9  0  0  0  0  46  4  0  0  0  3  0  0  0  0  15  0  0  0  1  1  0  3  1  0  3  0  0  0  0  2  0  0  0  0  0  0  2  0  0  20  1  0  0  1  0  0  0  0  
37368  0  1  4  3414  28190  0  0  3  7  0  263  44894  40362  192  1126  26  3586  2  0  0  0  26  723884  0  24  0  0  0  1  437  26403  0  2  45  0  0  0  188123  1022  73  0  237  48  5  0  193338  32  13575  0  0  2926  734  12  9  1  0  0  0  0  1  91604  40798  0  6  1647  6  44  5  12004  0  0  243  0  0  0  0  0  0  3  0  0  4  1  0  0  0  0  0  0  0  0  0  0  0  0  0  0  0  2  0  0  0  0  0  10  0  0  0  1  0  0  0  0  9  0  0  0  1  0  0  0  1  0  0  1  1  0  0  1  0  0  0  0  0  0  0  0  0  106  1  1  0  0  0  0  0  0  
2  216  0  1167  17  518  2465  965  50887  5837  364511  7  0  2  27  19  163  6454  117136  589969  1  5388  84  0  5712  4658  312421  5  919  727241  0  1188  7  0  2  0  0  8  0  101  7297  2575  8  331037  22586  15  379  3291  7238  0  5933  418  20  1131  26478  106009  122154  208237  2617  74  4216  0  19  10  0  25982  3685  6142  467  23  135519  0  28396  5  0  0  0  0  0  0  1  0  28  4  8068  0  0  0  0  0  0  5  0  181  0  7  1  0  0  17  1  0  0  422  0  2  0  0  0  6  0  0  1  0  42  0  0  0  8  1  1  1  3  0  1  0  0  2  0  7  1  0  0  0  1  0  0  0  21  122  9  1  0  0  3  0  4  0  
746  0  7  757  303  407338  211647  179244  315836  325601  8  54  3  46  203  7444  406  38588  2886  12  0  41  123  386  22  8210  268  7  1663  54048  9  103935  35  0  4  2  0  0  86  438  17083  0  69  20087  11749  26  1000  9143  33289  0  118  3151  371  3966  8424  3658  779  304  15  6  40  3  161  1855  51429  0  6540  3104  4417  249  470  0  17662  501  1133  0  0  12  252  20053  1689  3214  4302  225  2  3  0  16  104  229  5  183  2  0  1  77  123  15  0  597  74  7  248  38  41  3388  0  0  1  93  1  0  33  0  1766  0  9  4  2993  210  69  56  89  0  2  112  174  109  0  899  0  0  4  0  18  87  65  46  6  399301  717  13  101  88  2052  0  501  0  
15  0  54748  53232  48  2230  2746  457  25907  32  1  1  0  1  104  1460  447  4446  1434  14  0  1  6  1  97  754799  307477  412861  6847  34619  1  584  11  0  0  0  0  0  1  18  41957  1  0  4804  266719  144088  31  5734  9892  0  49  238  90  3063  17511  288411  280  1288  11  5  25  0  29  5  8493  34592  0  6711  18937  23  101285  0  521  0  0  0  0  0  1  2  1  0  11  1  0  0  0  1  0  0  0  1  0  0  0  0  2  0  0  11  2  0  0  0  0  1  0  0  0  3  0  0  0  0  31  0  0  0  1  0  0  1  1  0  0  1  0  0  0  3  0  0  0  0  0  0  0  0  0  52  4  0  0  0  1  0  2  0  
599  1  1  114177  1959  6631  1255  68  833  18  0  194371  0  668  210901  554  26  4335  1995  3  1  1  5  29  161  8024  18  0  368481  16  3  803  0  0  1  0  0  3  240  11042  854  0  0  225  314164  10  6788  68  127988  0  353  317764  1853  117080  5308  417  4827  311  43  47  129  17  97  88  330  3667  13060  0  104825  88  519  0  1400  0  0  0  0  0  0  3  1  0  1  0  0  0  0  0  0  0  0  0  0  0  0  0  0  0  0  2  0  0  0  0  0  2  0  0  0  1  0  0  0  0  3  0  0  0  0  1  1  0  1  0  0  0  0  0  0  3  0  0  0  0  0  0  0  0  0  224  0  0  0  0  0  0  5  0  
101  0  42934  8049  608  10308  11031  130702  11972  11  0  92  0  61  56992  144356  246  2625  1332  0  0  2  13  4  6  5543  20  54  421298  8  0  396  2  0  0  0  0  0  4  919  1238  0  0  243  196020  568  225  3047  15705  0  18  10490  901  313527  402  435  1799  157  2  1  15  0  19  7  299  21370  41562  95513  0  28  8517  0  271  2  0  0  0  0  2  2  0  0  4  0  0  0  0  0  1  0  0  0  0  0  0  0  0  0  0  4  2  0  0  0  0  4  0  0  0  3  0  0  0  0  15  0  0  0  2  0  0  0  0  0  0  1  3  0  0  4  0  0  0  0  0  0  0  0  0  55  3  1  0  0  1  0  5  0  
70372  0  0  1  72262  367584  0  0  2  6  0  2  0  40  3  128145  9  2055  1  0  2  1  81  143725  0  68  0  0  0  2  304862  198472  0  0  0  0  0  0  99  10  210  0  0  114  2  0  1845  57  465  0  0  42  3  3  11  2  2  0  0  0  1  4  83383  25552  13  61  2  1  1  0  1  0  628  0  0  0  0  0  0  2013  0  0  9  0  0  0  0  0  0  963  0  1  0  0  0  1  1  31  0  5  0  0  0  0  4199  554  0  0  0  0  0  0  0  0  16  0  0  0  2  1  0  0  1  0  1  0  2  0  0  2  0  0  0  0  1  0  14  0  0  42  2  0  0  1558  0  0  0  0  
1  0  7  34  1  68  75  114  322986  20  0  1  0  0  2  15  30  938  2170  927  0  0  3  0  42  2136  49756  71  750  372200  0  130  1  0  0  0  0  0  0  3  3158  0  1  588  5089  109912  5  1717  1102  0  10  33  0  409  1541  191676  1365  182  8  0  19  0  6  2  79548  6512  87553  190  872  4  0  0  293  0  0  0  0  0  0  0  0  6  3960  22  38  0  0  0  0  0  0  0  0  3  0  0  0  0  0  3  0  0  0  20860  0  0  0  0  0  1  0  0  0  0  17  0  0  0  0  30  0  1  0  0  0  0  0  0  0  0  0  0  0  0  1  0  0  0  1  41  0  0  0  0  146728  0  0  0  
0  0  0  0  0  0  0  0  1  0  0  0  0  0  0  0  5  0  0  0  6  1  848  0  0  0  0  0  0  0  0  2  0  347  44956  0  1002812  824311  0  0  4  0  76588  88  1  0  0  2774  1  91989  1  0  0  0  18  0  0  0  27056  153245  6305  0  0  0  0  0  0  2  0  0  0  0  120382  0  0  0  0  0  0  0  0  0  0  0  0  0  0  0  0  0  0  0  0  0  0  0  0  0  0  0  0  0  0  0  0  0  0  0  0  0  0  0  0  0  0  0  0  0  0  0  0  0  0  0  0  0  0  0  0  0  0  0  0  0  0  0  0  0  0  0  0  0  0  0  0  0  0  0  
12  89  0  1415  16  364  295  262  1529  1145  4  4  0  2  206  40  1303  32816  330408  1213  141  702  52322  47  834022  41694  2  0  57  172  6  12470  30346  478930  153460  21651  4469  1518299  4  42  47008  39  161772  94401  18154  0  180  634868  6235  60201  12913  86  28  3156  450998  59978  104701  2743  156741  29971  120909  0  262  70  42647  1609  154  77166  222  118  59  96041  0  16668  1  0  1  5  0  3  3  1  74  6  0  2  0  3  0  0  0  10  5  0  4  1  14  0  0  91  9  0  0  1  31  79  0  0  0  25  0  0  2  0  340  0  0  1  13  7  0  60  19  0  5  8  1  3  0  39  0  0  0  0  16  0  3  0  2  234  23  9  2  0  8  0  20  0  
0  0  0  159  1  1  0  0  8  778  0  1  0  0  1  0  24  1907  9  0  0  1  24  1  1  430  0  0  0  3  0  74  289470  66905  29  148170  0  4  0  4  69921  0  2  344  70  0  4  114413  1281  0  3  15  1  1  660  2  14  1  3  0  1  0  4  1  23  243  2  12  0  3  0  0  33429  0  0  0  0  1  0  0  0  0  5  0  0  0  0  0  0  0  0  2  0  0  1  0  3  0  0  14  1  0  0  0  0  6  0  0  0  3  0  0  0  0  61  0  0  1  0  1  0  10  4  0  0  1  0  0  0  3  0  0  0  0  2  0  0  0  0  50  4  2  0  0  3  0  3  0  
0  0  0  0  0  29  0  0  0  0  0  0  0  0  0  0  0  0  0  0  0  0  0  1  0  0  0  0  0  0  233  0  0  0  0  0  0  0  0  0  0  0  0  0  0  0  0  0  0  0  0  0  0  0  0  0  0  0  0  0  0  0  0  0  0  12  0  0  0  88  0  0  0  0  0  0  0  25  169917  46008  128  11  142  0  0  87  3543  5003  41468  58401  2  89  2  0  0  0  14  367253  1  26  11  1  10  0  86121  7848  0  0  0  8  0  0  64387  0  165  0  0  1  195  13  5088  1  6262  0  0  27061  244839  99  0  647  1  2  0  0  1  245899  4183  14627  5  4670  43  51  9  73268  80  0  33  0  
0  0  0  0  0  0  0  0  0  0  0  0  0  0  0  0  0  0  0  0  0  1  0  0  0  0  0  0  0  0  0  0  0  0  0  0  0  0  0  0  0  0  0  0  0  0  0  0  0  0  0  0  0  0  0  0  0  0  0  0  0  0  0  0  0  0  0  0  0  0  0  0  0  0  0  0  0  5  0  0  0  0  9  2  0  0  0  0  0  0  0  0  547355  0  291191  5  5  0  0  7  1  0  0  0  0  0  0  0  0  2  1648  5199  0  0  8  199897  1  14  0  0  0  0  16  0  288901  0  1  0  0  4  10837  0  161942  149381  6054  0  0  0  0  3  1  0  0  0  3  551  275  0  
0  0  1364  0  0  0  0  767  24  0  0  0  0  0  0  780  0  0  0  0  0  0  0  0  0  0  0  0  0  0  0  0  0  0  0  0  0  0  0  0  0  0  0  0  0  298  0  0  0  0  0  0  0  0  0  0  0  0  0  0  0  0  0  0  0  0  0  0  0  0  0  0  0  0  0  0  0  0  0  1  367  15149  109  0  0  0  0  0  0  393323  0  0  0  0  0  0  0  0  0  8  86436  108999  228640  50959  0  0  0  0  0  1  0  0  0  0  13  0  0  0  341616  352643  0  0  0  0  0  0  0  13  0  12  0  0  0  0  0  0  0  0  0  1  105709  0  277  0  58  0  0  0  
0  0  0  0  0  0  0  0  0  0  0  0  0  0  0  0  0  0  0  0  0  0  0  0  0  0  0  0  0  0  0  0  0  0  0  0  0  0  0  0  0  0  0  0  0  0  0  0  0  0  0  0  0  0  1  0  0  0  0  0  0  0  0  0  0  7  0  0  0  0  0  0  0  0  14  0  0  0  50  193  503  82  2810  99  0  326437  0  79  74  32  511  1432  94  0  0  0  38  16  3  431591  206  101083  109009  0  1  28  17638  561  161  4394  0  0  63  45  97298  0  1  23  91675  418  424  714  449892  0  3  509  106  218  589  11483  43  10  3  0  3  6  13  8  225  2020  2024  109440  1130  0  2437  0  240  13  
0  0  0  0  0  13  3  2  0  0  0  0  0  0  1  7  0  0  0  0  0  0  2  0  0  0  0  0  0  0  0  1  0  0  0  0  0  0  0  0  0  0  0  0  0  0  0  0  0  0  0  0  0  0  0  0  0  0  0  0  0  0  0  0  0  133  0  0  0  0  0  0  0  0  120557  0  0  38  0  254090  1170  202  2044  7  0  436  0  2476  81869  427887  1  130  26  0  0  0  44  86  1  343  503  1  24  0  24  5643  0  0  0  112  0  0  2845  0  678  0  1  26  241  232  6405  2  9074  0  3  11225  511179  2361  1  11471  17  11  0  0  4  11407  265  1453  117  5912  2112  86  270  31895  893  0  119  0  
0  0  0  0  17  10840  261  26  4  0  0  0  0  0  0  2389  1  16  0  0  0  0  4  1  0  0  0  0  0  0  72  1056  0  0  0  0  0  0  0  0  0  0  0  0  0  0  4  1  30  0  0  3  0  2  0  0  0  0  0  0  0  0  0  3  0  16528  0  0  1  768  0  0  1  0  37705  0  0  29  492999  0  302132  10563  2871  4  0  2498  8  2786  99040  683443  4  651  8  0  0  3  206  149004  1  221  122  3  33  0  5599  198626  0  0  1  53  0  0  1046  0  856  0  0  14  745  2405  3723  14  5226  0  10  16116  58992  89360  3  4163  7  5  6  0  22  655  72900  51221  53  542861  472  131  1172  195804  629  0  804  0  
0  0  0  0  0  434  5065  184  1  0  0  0  0  0  0  3378  0  1  0  0  0  0  0  0  0  0  0  0  0  1  0  1  0  0  0  0  0  0  0  0  0  0  0  0  0  0  0  0  0  0  0  1  0  0  0  0  0  0  0  0  0  0  0  0  1  592  0  0  0  0  0  0  0  0  56  0  3  178  531  377254  0  325303  35691  8  0  316  0  180  11980  430279  5  374  16  0  2  0  127  18  0  1034  134  5  664  1  2  274  0  0  0  81  0  0  11  0  798  0  3  10  1393  7752  527  11  1192  0  8  10438  2659  327618  4  16161  10  7  6  2  7  37  37  31  167  223623  449  1353  9157  0  24713  0  566  0  
0  0  9  0  0  47  2374  35211  7216  1  0  0  0  0  0  12252  0  5  0  0  0  0  1  0  0  1  0  0  0  22  0  0  0  0  0  0  0  0  0  0  6  0  0  1  0  81  0  2  3  0  0  1  0  0  0  0  0  0  0  0  0  0  0  0  0  3474  0  1  1  0  4  0  6  0  1  0  1727  44  39  4043  281082  0  122305  7  0  3  0  1  53  440864  10  1843  50  0  2  0  909  35  3  365  82  6  146018  34  0  21  0  0  0  52  0  0  0  0  3054  0  14  10  60020  190049  101  47  597  0  16  36  73  26105  0  4426  16  0  16  3  27  1  193  3  299  224618  246  52  369845  0  4487  0  1912  0  
0  0  39  0  0  1  19  499  65277  139  0  0  0  0  0  73  0  11  0  0  0  0  0  0  0  0  0  0  0  20591  0  0  0  0  0  0  0  0  0  0  0  0  0  22  0  2309  0  11  2  0  0  0  0  0  3  0  0  0  0  0  0  0  0  0  10  2063  0  1  0  0  9526  0  3  0  6  1  215  513  39  75  53531  87224  0  65438  0  31  0  20  137  728  9  338  565  0  2  5  173  12  29  8571  988  13  111  22436  1  11  0  0  0  2529  34  31  5  0  13423  0  4  15146  676  124150  73  58  1638  0  15  99  157  700  1  2626  450  53  35  52  413  3  12  0  6788  278478  3968  396  420  0  205560  0  670  0  
0  0  0  0  1  0  2  0  1175  192  1  0  0  0  1  0  0  15  0  0  0  53  0  0  0  1  0  0  0  5396  0  3  0  0  0  0  0  0  0  0  12  0  0  17  0  0  0  12  7  0  0  0  0  0  9  0  1  0  0  0  2  0  0  0  10  228  0  0  0  0  170  0  10  0  7  0  5  716  15  23  126  36  98944  0  2  30  0  30  13  2  16  177  387  0  10  4886  20226  7  38  16185  246  2  46  43781  0  19  0  0  2  2420  263  42  13  0  16230  3  25  98567  353  507  101  624  2000  1  93  75  70  126  1  1459  92  8  91  538  4395  1  6  3  1583  86074  1238  209  93  0  25643  3  503  0  
0  0  0  0  0  0  0  0  0  8  69957  0  0  0  0  0  0  0  0  12948  0  14873  0  0  0  0  13  0  0  29243  0  0  0  0  0  0  0  0  0  0  0  103  0  4207  0  0  0  0  0  0  0  0  0  0  0  0  0  2  0  0  43  0  0  0  2655  7  0  0  0  0  8  0  0  0  0  0  0  0  0  0  0  0  0  36  0  0  0  0  0  0  0  0  693  471261  0  84997  0  0  0  0  16  0  0  31373  0  0  0  0  0  0  0  0  0  0  0  136254  0  568798  0  0  0  0  0  0  0  0  0  0  0  1  226  137984  0  0  1  0  0  0  253409  2  0  0  0  0  2  0  0  0  
0  0  0  0  0  0  0  0  0  0  0  0  0  0  0  0  0  0  0  0  0  0  0  0  0  0  0  0  0  0  0  0  0  0  0  0  0  0  0  0  0  0  0  0  0  0  0  0  0  0  0  0  0  0  0  0  0  0  0  0  0  0  0  0  0  18  0  0  0  0  0  0  0  0  45  0  0  418151  649  1550  386  5  181  8  0  0  596  146472  1356  7  1769  25584  12  0  0  0  11  1406  1  2125  15  28  3907  0  0  151  9665  815  4004  31  0  0  7043  134276  88  0  1  3  444  18  1870  632  319216  0  0  95351  540  79  1  690  7  2  0  0  2  6  2  10  18  2678  26  256115  23  0  86  0  39  5  
0  0  0  0  0  0  0  0  0  0  0  0  0  0  0  0  0  0  0  0  0  0  0  0  0  0  0  0  0  0  0  0  0  0  0  0  0  0  0  0  0  0  0  0  0  0  0  0  0  0  0  0  0  0  0  0  0  0  0  0  0  0  0  0  0  1  0  0  0  0  0  0  0  0  2986  0  0  0  14  150  1  0  3  1  0  553  0  54389  3281  0  0  61  0  0  0  0  0  149850  0  0  1  0  0  0  10  77  0  16  19  0  0  0  145058  6  28  0  0  0  21  0  138217  0  102  0  0  45  6  0  0  14  0  0  0  0  0  122096  3912  59496  0  15  2  0  0  0  3  0  0  0  
0  0  0  0  0  1  0  1  0  0  0  0  0  0  0  0  0  0  0  0  0  0  0  0  0  0  0  0  0  0  0  0  0  0  0  0  0  0  0  0  0  0  0  0  0  0  0  0  1  0  0  0  0  0  0  0  0  0  0  0  0  0  0  0  0  32  0  0  0  0  0  0  0  0  7662  0  0  53  6426  5599  296  4  265  1  0  251194  53652  0  30726  25  0  369  1  0  0  0  7  2791  1  45  44  0  20  0  5  344  0  0  0  18  0  0  267651  85639  103  0  0  2  65  42  30617  0  166059  0  1  335979  4101  182  0  1314  1  2  1  0  2  47539  51  65  17  4185  131  1810  18  0  163  0  37  0  
0  0  0  0  0  4  0  0  0  0  0  0  0  0  0  0  0  0  0  0  0  0  0  0  0  1  0  0  0  0  0  0  0  0  0  0  0  0  0  0  1  0  0  0  0  0  0  0  0  0  0  0  0  0  0  0  0  0  0  0  0  0  0  0  0  66  0  0  0  0  0  0  0  0  48557  0  0  61  66670  84283  3988  121  881  3  0  1390  16054  66743  0  80184  0  212  10  0  0  0  32  74543  0  249  92  2  155179  0  0  263  0  0  0  101  1  0  16  0  344  0  0  11  6196  53  294  3  1187  0  0  1250950  1638078  535235  16  6125  9  7  4  1  2  133693  23  28  125  3839  792  185314  198380  0  556  0  130  0  
0  0  307  0  32  3906  263  19176  56  0  0  0  0  0  0  22633  0  0  0  0  0  0  0  0  0  0  0  0  0  0  1258  471  0  0  0  0  0  0  0  0  0  0  0  0  0  283  0  0  0  0  0  1  0  0  0  0  0  0  0  0  0  0  0  0  0  66  0  0  0  1606  0  0  0  0  69277  0  282658  46  560430  790468  590996  459571  811  1  0  23  0  31  113961  0  2  50  4  0  0  0  13  12830  0  247  36  219  280415  240  53883  484  0  0  0  18  0  0  7  0  173  0  0  0  72604  51970  33  0  391  0  0  255  71280  790975  1  2286  1  2  1  0  2  12  1653  1915  89  1733  226  175  206522  282917  883  0  54  0  
0  0  0  0  0  0  0  0  0  25  0  0  0  0  0  0  1  8  0  0  0  0  1  0  0  0  0  0  0  2  0  3  0  0  0  0  0  0  0  0  3  0  0  3  0  0  0  23  3  0  0  0  0  0  2  1  0  0  0  0  0  0  0  0  0  18  1  0  0  0  0  0  9  0  7  0  0  627  6  9  30  12  621  161  0  2975  0  1  3  1  0  355418  13  0  1  1  138041  7921  4  2284  54  1  151  0  19  91  22024  31  122380  226  2  10  2  0  59074  0  30709  32  6887  97  5106  232040  56096  18  9  6  4  23  0  2527  14  2  12  8  61  0  198  66  66  942  307  9  174  0  653  7  666  4  
0  0  0  0  0  0  1  0  0  26  0  0  0  0  0  0  0  24  0  0  0  0  0  0  0  3  0  0  0  4  0  6  0  0  0  0  0  0  0  0  7  0  0  7  0  0  0  26  10  0  1  0  0  1  2  0  0  0  0  0  0  0  0  0  4  30  0  0  0  0  0  0  15  0  191  0  0  1906  431  1310  1419  32  2234  174  0  18273  10  686  1081  9  261140  0  38  0  5  1  146772  151985  4  1462  170  3  133  0  204  873  3593  44  27016  239  5  8  13  412  13327  0  13064  35  6137  298  179437  8842  199960  11  18  762  560  190  0  10686  19  2  16  13  75  39  5940  1791  250  2225  557  30  385  0  1392  7  930  3  
0  0  0  0  0  1  0  0  0  0  0  0  0  0  0  0  0  1  0  0  0  0  0  0  0  0  0  0  0  2  0  0  0  0  0  0  0  0  0  0  0  0  0  0  0  0  0  1  1  0  0  0  0  0  0  0  0  0  0  0  0  0  0  0  0  16  0  0  0  0  0  0  1  0  17  545574  1  1726  78  133  639  138  421  12  1042  170  0  81  260  54  7  226  0  72270  2454  24965  39  3  138277  2807  218  52  174  6  1  18  0  0  0  60  96  25507  24  0  1011  276959  8  121545  3325  61  352  82  7312  0  157340  569  1085  1337  2  117032  1317670  736877  149621  367  89571  11  8  6  9018  584  148  9288  212  0  421  16313  333281  0  
0  0  0  0  0  0  0  0  0  0  293  0  0  0  0  0  0  0  0  49  0  0  0  0  0  0  39  0  0  679  0  0  0  0  0  0  0  0  0  0  0  0  0  0  0  0  0  0  0  0  0  0  0  0  0  0  0  0  0  0  0  0  0  0  130  0  0  0  0  0  1  0  0  0  0  0  0  0  0  0  0  1  3  0  446746  0  0  0  0  0  0  0  86593  0  0  31  0  0  4609  1  135402  0  0  33182  0  0  0  0  0  0  0  0  0  0  0  181408  0  209231  0  0  0  0  1  0  44  0  0  0  1  157242  21536  395156  0  0  147  0  0  0  163407  0  0  0  0  0  135  0  0  0  
0  0  0  1  1  2  0  0  1  52  0  0  0  1  0  0  0  41  2  0  0  72  10  0  0  18  0  0  0  1  0  11  0  0  0  0  0  0  0  1  144  0  1  31  0  0  0  54  34  0  7  1  1  0  17  0  6  1  1  0  5  0  1  0  3  37  1  1  0  0  0  0  76  1  0  290015  1  53  3  3  1  0  164  39  0  4  0  1  0  0  4  46  2750  0  0  6502  165698  19  27  380  6  1  3  1  303  950  0  0  27  70  95967  1133  0  0  800  14199  1652  28  11  15  1  234  161  362974  195414  3  4  3  0  145  67  2  108526  690749  768643  0  58  0  3  184  31  15  3  0  38  464  24392  5  
0  28  0  0  1  0  0  0  5  330  2965  0  0  0  0  0  0  14  1  1  4  18054  4  0  0  2  0  0  0  1281  0  2  0  0  0  0  0  0  0  0  37  65  0  398  0  0  0  14  13  0  8  0  0  0  8  0  1  0  1  0  19  0  0  0  10  340  0  0  0  0  0  0  22  1  0  22  0  12  1  0  5  0  74  4285  45969  1  0  0  0  1  1  18  28429  181  8521  0  72155  11  2  217  4  0  0  11843  96  410  0  0  0  32  2  1  0  0  400  368461  17  818738  11  15  7  51  28  0  57543  1  5  6  0  78  42404  238  267  11  641657  0  17  0  871  159  28  24  1  0  33  0  276  0  
0  0  0  0  0  1  0  0  4  64  0  0  0  0  0  0  0  26  0  0  0  9  7  0  0  7  0  0  0  8  0  5  0  0  0  0  0  0  0  0  42  0  0  17  1  0  2  59  15  0  2  2  0  1  11  0  2  0  0  0  0  0  0  0  3  53  1  0  0  0  0  0  43  1  6  0  1  444  18  28  67  11  3183  15580  0  43  0  8  13  2  78489  161696  225  0  155286  43281  0  33524  101  9244  178  2  28  3  289  1530  1  16  212583  1679  5457  195  5  0  12639  3  464330  79142  223  578  598  14246  1167  230485  397  27  51  138  0  2889  227  9  261  5821  536598  0  2377  53  359  1760  729  68  78  0  1736  25  28198  43  
0  0  0  0  0  8  0  0  0  5  0  0  0  0  0  0  0  6  1  0  0  0  18  30  0  2  0  0  0  0  1355  9  0  0  0  0  0  0  0  0  10  0  0  3  0  0  0  12  5  0  0  1  0  0  1  0  0  0  0  0  1  0  5  0  0  10  0  0  0  66  0  0  6  0  349716  0  1  17  789  69118  74  6  189  4  0  1513  271639  4586  86796  10470  6243  186163  6  0  9  10  66761  0  0  108  18  0  5  1  219984  22688  15  1784  2932  17  0  0  135867  2  3286  0  4921  5  547  27  425254  572  879  0  9  298  110  27  0  779  8  0  5  0  21  239450  579203  1052084  8  696  56  10  20  66912  97  0  321  0  
0  0  0  0  0  0  0  0  0  0  0  0  0  0  0  0  0  0  0  0  0  0  0  0  0  0  0  0  0  12  0  0  0  0  0  0  0  0  0  0  0  0  0  0  0  0  0  1  0  0  0  0  0  0  0  0  0  0  0  0  0  0  0  0  0  2  0  0  0  0  0  0  0  0  0  0  0  129  22  25  29  1  228  7  1  10  0  3  19  1  1  13  129365  554  666  4  54  1  0  443875  70972  7  8  15  1  4  1  48552  0  143530  375  1145  3  0  6558  0  16  3125  149  10  16  105  466  1  3575  42  76  93  144875  647585  130  9914  2147  1101  6592  0  0  0  133  62  683  255  12  0  121  38  877134  0  
0  0  0  0  0  2  1  0  2  3  0  0  0  0  0  0  0  1  0  0  0  0  0  0  0  0  0  0  0  1  0  0  0  0  0  0  0  0  0  0  5  0  0  1  3  0  0  0  4  0  0  0  0  0  0  0  0  0  0  0  0  0  0  0  1  140  0  1  0  0  0  0  2  0  152  2  10  276251  202  692  1887  314  7805  899  0  1077  0  1072  651  159  1174  1650  436  0  9  6  310  61  282222  0  20541  180925  727  12  9  103  72267  20289  2  552791  70  1001  220  0  435502  0  15  243  139972  1469  3747  483  35055  0  42  1812  822  3955  170316  184431  269  53  63  211  451  23  71  45  311  20987  472649  6987  2063  0  5174  13  34085  1434  
0  0  1  0  0  0  0  0  0  0  0  0  0  0  0  0  0  2  0  1  0  0  0  0  0  0  16  0  0  714  0  0  0  0  0  0  0  0  0  0  1  0  0  0  0  0  0  0  0  0  0  0  0  0  0  0  0  0  0  0  0  0  0  0  0  5  0  0  0  0  0  0  0  0  2  0  118690  17  177  78  272  47  673  1  24  4  0  3  32  29  4  38  70  144428  1  0  14  2  29662  61156  0  2167  338  652006  1  5  0  0  0  388  1  0  2  0  3377  0  1  20  495  77182  30  7  77  0  2  46  114  232  8468  836562  5  639  1  0  1  1  5  0  57537  1429  584103  20  683  0  104760  0  50  0  
0  0  0  0  0  0  0  0  0  0  0  0  0  0  0  0  0  0  0  0  0  0  0  0  0  0  0  0  0  0  0  0  0  0  0  0  0  0  0  0  0  0  0  0  0  0  0  0  0  0  0  0  0  0  0  0  0  0  0  0  0  0  0  0  0  2  0  0  0  0  0  0  0  0  3  0  115577  116288  6  11  44  11  59  1  0  26  0  9  18  2969  1  28  0  0  0  0  7  1  1  230183  1720  0  50370  0  0  6  0  0  0  13  0  0  2  0  73  0  1  0  950383  7056  126  0  1869  0  2  47  61  62  7  180  2  0  0  0  1  1  2  0  7  231  514954  448  39  0  38  0  22  0  
0  0  0  0  0  0  0  3  0  0  0  0  0  0  0  5  0  1  0  0  0  0  0  0  0  1  0  0  0  0  0  0  0  0  0  0  0  0  0  0  0  0  0  0  0  0  0  0  0  0  0  0  0  0  0  0  0  0  0  0  0  0  0  0  0  20  0  0  0  0  0  0  1  0  2  0  153957  137530  26  77  898  74385  1203  11  0  10167  0  18  140856  240979  8  144  15  0  0  0  41  7  1  190  121  72707  0  1  0  5  1  0  0  38  0  0  1  0  860  0  0  5  1069239  8136  274  13  3295  0  1  5181  48  2767  5  4023  8  1  1  0  5  1  33  3  190  512  1567  395864  575629  0  589  0  370  0  
0  0  423  0  0  0  0  31  7659  62  171  0  0  0  0  28  0  1  0  121  0  39  0  0  0  0  1238  0  0  182384  0  0  0  0  0  0  0  0  0  0  0  0  0  15  0  1024  0  0  0  0  0  0  0  0  0  2  0  0  0  0  0  0  0  0  144  54  0  0  0  0  12581  0  0  0  0  0  53926  0  2  0  5  860  30688  46267  40663  0  0  0  0  471  0  1  5  43791  0  18040  0  0  8  14  588690  0  1  0  0  0  0  0  0  3  0  0  0  0  52  0  0  28561  6  320801  0  1  5  0  0  1  0  0  0  115716  1  182  1  1  3  0  0  0  519408  38  803  1  1  0  417463  0  2  0  
0  0  0  0  1  1518  0  0  1  15  0  0  0  0  0  12  0  12  1  0  0  0  0  116  0  2  0  0  0  0  21208  464  0  0  0  0  0  0  0  1  11  0  0  4  0  0  1  19  13  0  1  0  1  0  2  0  1  0  0  0  0  0  23  1  1  31  0  0  0  5565  0  0  8  0  52998  0  0  7  187  17871  7  7  166  8  0  5  1  13  6  39437  64  2764  6  0  10  3  4883  206863  0  99  11  0  9  0  0  154738  0  0  5  11  0  0  58  0  868  0  5  1  997  18  497  143  162  0  7  64  15  8  0  645  4  0  2  1  14  99  346499  1030  19  263  48  4  32  209084  103  0  259  0  
14  0  0  0  1  567  0  2  2  19  0  0  0  1  2  41  8  158  6  0  0  1  45  13  0  6  0  0  1  0  211  52920  0  0  0  0  0  0  0  2  35  0  0  17  1  0  38  32  176  0  0  7  0  3  5  0  2  1  0  0  0  0  17  38  6  717  2  1  2  235  0  0  80  0  4208  0  0  60  905  126155  85  25  474  41  0  9  1  52  70  297  34  2407  27  0  23  32  1936  7727  2  446  34  2  16  0  134359  0  0  0  1  72  0  1  245  0  1835  0  35  21  1873  61  1556  571  336  0  38  376  94  24  0  1707  14  2  23  4  55  453  188477  4828  26  71558  175  8  62  35210  214  0  3485  0  
0  0  0  0  0  0  0  0  0  0  0  0  0  0  0  0  0  0  0  0  0  0  0  0  0  0  0  0  0  0  0  0  0  0  0  0  0  0  0  0  0  0  0  0  0  0  0  0  0  0  0  0  0  0  0  0  0  0  0  0  0  0  0  0  0  0  0  0  0  0  0  0  0  0  0  0  0  12732  0  0  0  0  0  0  0  7370  0  0  0  0  22703  1455  0  0  0  0  0  1  1  48397  0  0  1  0  0  0  0  106377  130658  198908  0  0  0  0  184596  0  0  0  0  0  0  208381  2958  0  0  0  0  0  0  0  0  0  0  0  1  0  0  0  0  0  0  0  0  0  0  0  5  182039  
0  0  0  0  0  0  0  0  0  0  0  0  0  0  0  0  0  0  0  0  0  0  0  0  0  0  0  0  0  0  0  0  0  0  0  0  0  0  0  0  0  0  0  0  0  0  0  0  0  0  0  0  0  0  0  0  0  0  0  0  0  0  0  0  0  0  0  0  0  0  0  0  0  0  0  0  0  1241  0  0  0  0  11  0  0  2161  231  3  0  1  17  20  0  0  0  0  79  2932  45325  23085  0  0  0  0  0  0  92185  0  746048  319240  14  85581  0  0  28266  0  180904  0  1  0  12  53929  15  35  0  0  0  1  0  3  0  0  4  20  175  0  0  234  1  0  0  0  1  0  3  103  792555  152720  
0  0  0  0  0  0  0  0  0  13  0  0  0  0  0  0  1  9  0  0  0  0  0  0  0  0  0  0  0  0  0  5  0  0  0  0  0  0  0  0  4  0  0  5  0  0  0  11  4  0  0  0  0  0  1  2  0  0  0  0  0  0  0  0  3  12  0  0  0  0  0  0  6  0  0  0  0  179  0  2  1  0  166  43  0  3438  124  2  0  0  87734  30466  14  0  29  1  171924  4602  4  337  11  0  2  0  8  73  136959  545749  0  56  213  43718  1  0  808  0  275757  11  15  15  1137  387057  264  13796  19  1  2  6  0  258  4  1  13  654  485  0  4  290  1  192  27  5  3  0  29  10902  91535  71081  
0  0  0  0  0  0  0  0  0  0  0  0  0  0  0  0  0  0  0  0  0  0  0  0  0  0  0  0  0  0  0  0  0  0  0  0  0  0  0  0  1  0  0  0  0  0  0  1  0  0  0  0  0  0  1  0  0  0  0  0  0  0  0  0  0  2  0  0  0  0  0  0  0  0  3  0  0  3528  38  252  431  11  645  43  0  53  0  9  356  61  38  53  271  0  151  23  346  2  63044  428348  29  11  37  0  1  8  125859  360826  5  0  682  167  6  0  364840  1  600  2075  770  63  47  2519  1457  59  52  343  444  2432  81208  14885  221  35  482  1985  3580  4  6  0  39  703  5700  631  451  0  273  184  157335  148297  
0  0  0  0  0  0  0  0  0  1  0  0  0  0  0  0  0  1  0  0  0  0  0  0  0  0  0  0  0  0  0  0  0  0  0  0  0  0  0  0  0  0  0  0  0  0  0  1  1  0  0  0  0  0  0  0  0  0  0  0  0  0  0  0  0  0  0  0  0  0  0  0  0  0  0  7944  0  3  0  0  1  0  70  5  0  0  0  0  1  0  0  1  1  0  59598  0  6642  0  10  41  2  0  1  0  0  0  0  4  31  13  0  370149  0  0  308  0  232038  6  3  4  0  95  19  262106  0  1  0  1  0  16  0  0  52690  535449  4726  0  0  0  2  17  6  5  0  0  13  730833  6426  15  
0  0  0  0  0  0  0  0  0  1  0  0  0  0  0  0  0  0  0  0  0  0  0  0  0  0  0  0  0  0  0  0  0  0  0  0  0  0  0  0  0  0  0  0  0  0  0  0  0  0  0  0  0  0  0  0  0  0  0  0  0  0  0  0  0  1  0  0  0  0  0  0  0  0  1  21927  0  19  0  0  3  1  93  4  0  0  0  0  0  0  3  6  3164  0  1029  2  2166  0  420  687  1  0  1  0  0  0  1  66792  30817  45  357068  0  0  0  425  0  259281  9  4  4  1  42046  54  118703  89  2  1  0  0  55  39  0  261440  36166  4963  0  0  0  1  19  10  9  0  0  25  794556  1262776  769  
0  0  0  0  0  0  0  0  0  0  0  0  0  0  0  0  0  0  0  0  0  0  0  0  0  0  0  0  0  0  0  0  0  0  0  0  0  0  0  0  0  0  0  0  0  0  0  1  0  0  0  0  0  0  0  0  0  0  0  0  0  0  0  0  0  4  0  0  0  0  0  0  0  0  85611  0  0  2268  5680  16178  121  4  282  12  0  6549  120865  252817  38  2  2  261  1  0  0  0  11  23588  0  59  27  0  34  0  246  2652  0  0  0  9  0  0  0  831  453  0  0  0  546  27  70520  1  168290  0  0  20530  4953  58  0  948  2  4  0  0  0  32187  13273  49406  16  918  61  5655  33  37  142  0  16  0  
0  0  0  0  0  0  0  0  0  0  0  0  0  0  0  0  0  0  0  0  0  0  0  0  0  0  0  0  0  0  0  0  0  0  0  0  0  0  0  0  0  0  0  0  0  0  0  0  0  0  0  0  0  0  0  0  0  0  0  0  0  0  0  0  0  0  0  0  0  0  0  0  0  0  0  0  0  5888  1  1  0  0  1  0  0  203540  16  107112  1  0  0  212  0  0  0  0  0  1  0  0  0  0  0  0  0  0  0  0  0  0  0  0  3250  0  1  0  0  0  0  0  1319  0  68945  0  0  1994  1  0  0  1  0  0  0  0  0  0  0  0  0  0  0  23313  0  0  0  0  1  0  
0  0  0  0  1  2  1  0  48  463  0  0  0  0  0  0  2  280  4  0  0  5  6  0  0  15  0  0  0  122  0  49  0  0  0  1  0  0  0  1  189  0  2  240  5  0  0  376  136  0  4  3  1  2  102  5  15  0  0  0  2  0  0  1  79  615  10  2  4  0  2  0  286  4  140  0  15  120254  853  713  2189  479  62609  9361  0  316  0  218  516  146  56758  31083  8551  0  109  62  38365  751  6407  437156  3029  87  2124  36  213  1038  152171  31942  248  308002  815  527  77  0  0  1  12803  4017  67078  4656  2560  237239  91546  304  223  1016  1626  2757  36544  77391  3860  589  696  2506  11133  52  4619  158  1314  133411  13942  6612  4130  0  17234  183  74874  88237  
0  2  0  0  0  0  0  0  0  9  125  0  0  0  0  0  0  0  0  14  1  176  0  0  0  1  0  0  0  1  0  1  0  0  0  0  0  0  0  0  7  17  0  16  0  0  0  5  0  0  8  1  0  0  0  0  2  0  0  0  5  0  0  0  0  4  0  0  0  0  0  0  3  0  0  143034  0  0  0  0  0  0  0  2  141340  0  0  0  0  0  0  0  280726  188433  9266  406933  0  1  0  2  0  0  0  0  1  0  0  0  0  1  0  0  0  0  3  0  0  380039  0  1  0  1  0  0  333859  0  0  0  0  2  56846  3391  23  0  51045  0  1  0  0  3  0  0  0  0  0  0  2  0  
0  0  0  0  0  0  0  0  0  12  0  0  0  0  0  0  0  4  0  0  0  0  0  0  0  0  0  0  0  1  0  3  0  0  0  0  0  0  0  0  0  0  0  4  0  0  0  9  6  0  0  0  0  0  0  0  0  0  0  0  0  0  0  0  3  10  0  0  0  0  0  0  5  0  1  0  0  15  0  3  1  1  86  25  0  2  0  0  1  0  1773  3519  11  0  95  4  402739  3986  20  191  5  0  0  0  5  32  0  126020  238907  65  154477  295849  0  0  734  0  0  11  4  10  4  28793  28  246007  10  0  1  6  0  112  5  0  17  1223  1149  0  1  10  1  109  16  0  0  0  19  38924  34964  592  
0  0  0  0  0  0  0  0  0  24  1713  0  0  0  0  0  0  16  1  11  0  4677  0  0  0  5  0  0  0  10  0  0  0  0  0  0  0  0  0  0  24  0  0  728  0  0  0  15  7  0  0  1  0  0  5  0  1  0  2  0  3  0  0  0  2  33  0  0  0  0  0  0  13  0  9  47  3  2686  111  97  201  32  37786  119479  609216  100  0  48  177  21  12  284  74597  81443  67  778632  48396  3  240  12690  217  7  121  41363  1  8  0  0  0  566  17  2  15  0  7804  245600  4  0  1277  514  244  68  6386  0  6946  285  667  745  1  10218  220724  280244  16718  50  137364  10  27  5  300716  1584  748  1569  206  0  50496  45  11764  0  
0  0  0  1  0  3  0  0  0  3  0  0  0  0  0  1  0  9  1  0  0  0  0  0  0  1  0  0  0  1  0  3  0  0  0  0  0  0  0  0  9  0  0  2  0  0  1  4  8  0  0  3  0  1  0  0  0  0  0  0  0  0  0  1  1  220  0  0  0  0  0  0  5  0  155  0  229939  83998  803  901  7437  39802  10823  228  0  949  0  576  3618  93257  371  3187  112  0  4  1  738  90  7  302823  1057  886295  997409  10  10  171  0  0  0  1520  1  1  158  0  17148  0  15  63  0  112906  5688  78  64037  0  23  3800  7004  13343  197  22938  63  30  28  2  51  79  522  113  675  14951  517262  114597  295210  0  5687  0  3314  0  
0  0  1147  0  0  1  1  2537  760  1  0  0  0  0  0  390  0  3  0  0  0  0  0  0  0  1  0  0  0  9  0  1  0  0  0  0  0  0  0  0  2  0  0  0  0  3402  1  1  2  0  0  0  0  0  0  0  0  0  0  0  0  0  0  0  0  30  0  0  0  0  55  0  4  0  2  0  238895  79  132  471  29055  189976  118381  175  0  9  0  10  62  36953  14  2664  131  0  2  0  1134  51  6  13632  61660  4887  3680  366744  5  21  0  0  1  6052  1  0  6  0  27778  0  12  25  190421  0  137  97  839  0  11  103  230  1017  1  114307  98  9  15  2  34  6  254  10  1596  41136  103109  135  4069  0  158117  0  1329  0  
0  0  0  0  0  3  0  0  0  1  0  0  0  0  0  0  0  1  0  0  0  0  3  0  0  0  0  0  0  0  0  0  0  0  0  0  0  0  0  0  2  0  0  0  0  0  0  0  0  0  0  1  0  0  1  0  0  0  0  0  0  0  0  0  0  26  0  0  0  0  0  0  1  0  19248  0  0  24  18247  10469  1416  58  2012  34  0  4639  89351  14393  1272  33  264  117768  19  0  0  1  402  305967  0  330  180  5  109  0  409  6624  6  7  149  121  1  0  61628  478  6424  0  2  10  9474  286  0  114  55559  1  2  10930  1987  372  0  10176  13  4  1  0  5  2209  39517  196077  168  2448  551  55  353  27  1214  0  156  0  
1  0  0  0  0  7  0  0  28  572  0  0  0  0  0  0  8  438  2  0  0  2  7  1  0  26  0  0  0  52  0  123  0  0  0  0  0  0  0  2  123  0  1  119  5  0  2  632  187  0  2  1  0  0  58  6  5  1  1  0  1  0  0  0  76  602  8  3  1  1  2  0  399  3  1  0  0  1562  13  16  45  15  1498  1335  0  1380  6  4  10  1  230513  67086  299  0  91  11  39598  775  112  4649  106  1  28  5  261  1642  218392  58564  430346  2277  365  88476  1  0  223136  0  135724  191  215  245  278  0  1754  24501  93  22  24  50  0  1713  59  6  83  1680  1372  1  177  77  31  8538  428  54  47  0  385  21089  260573  261524  
0  0  0  0  0  5  1  0  1  7  0  0  0  0  0  1  0  2  0  0  0  0  0  0  0  1  0  0  0  1  0  1  0  0  0  0  0  0  0  0  1  0  0  1  0  0  0  3  2  0  0  1  0  0  1  0  0  0  0  0  0  0  0  0  0  134  0  0  0  0  0  0  0  0  15788  1  7  481685  51696  38747  19501  566  43258  1881  0  349921  68  177925  9667  216  58003  216319  543  2  1  0  1668  1136  32  70344  2416  1465  9222  12  70  2588  5912  7  225  2295  3  1  114038  40329  82274  0  5  249  87695  3956  60723  789  0  0  13  68864  11000  2743  114  151551  351  112  8  6  63  1363  1548  445  3108  26737  5889  59200  5433  77  21333  0  1110  0  
0  0  0  0  0  0  0  0  0  0  0  0  0  0  0  0  0  0  0  0  0  0  0  0  0  0  0  0  0  0  0  0  0  0  0  0  0  0  0  0  0  0  0  0  0  0  0  0  0  0  0  0  0  0  0  0  0  0  0  0  0  0  0  0  0  0  0  0  0  0  0  0  0  0  0  0  0  11  0  0  0  0  40  3  0  1  0  0  0  0  14  4  1  0  335950  2  219017  0  36  90  0  0  1  0  0  0  0  47  6309  76  317633  101025  0  0  534  0  509784  4  3  0  1  4556  19  0  1  0  1  1  0  18  3  0  179  279693  88391  0  0  0  1  18  1  2  3  0  4  54059  154970  256  
0  6  0  0  0  0  0  0  0  24  0  0  0  0  1  0  0  5  1  0  3  160  0  0  0  3  0  0  0  2  0  0  0  0  0  0  0  0  0  0  25  0  0  11  1  0  1  16  6  0  7  0  1  0  3  0  2  0  0  0  8  0  0  0  0  6  0  1  0  0  0  0  13  0  1  238249  0  101  0  0  0  0  17  12  1  2  0  1  0  0  0  3  77251  13  171248  40938  4  1  1  112  0  0  2  0  8  10  0  0  0  3  4  0  0  0  47  320540  0  584  22  1  7  3  224  0  0  2  1  3  0  58  47985  5  54582  9409  347481  0  0  0  0  19  1  15  1  0  14  1  192  0  
0  0  0  0  0  34  5  0  0  0  0  0  0  0  0  0  0  1  0  0  0  0  2  0  0  0  0  0  0  1  0  1  0  0  0  0  0  0  0  0  1  0  0  0  1  0  0  0  5  0  0  0  0  0  0  0  0  0  0  0  0  0  0  0  1  385  0  0  0  0  0  0  0  0  19210  0  0  7331  67391  62677  36658  180  2218  14  0  190254  22  579578  928543  2167  3  978  28  0  1  0  102  716  3  406  313  2  7479  1  11  2978  0  0  0  151  0  0  13560  1861  854  0  1  26  1444  223  4086  12  38271  0  6  0  345085  437393  7  11456  21  11  7  1  9  152917  204  190  174  31706  2017  504558  492  6  1298  0  575  0  
0  0  0  0  0  16  3  10  0  0  0  0  0  0  0  0  0  0  0  0  0  0  0  0  0  0  0  0  0  0  0  1  0  0  0  0  0  0  0  0  0  0  0  0  0  0  0  0  0  0  0  1  0  0  0  0  0  0  0  0  0  0  0  0  0  392  0  0  0  0  0  0  0  0  153040  0  0  87  447359  78096  3612  691  3852  15  0  1429  1  13798  1814441  63649  0  221  58  0  0  1  70  136  1  595  425  5  88  1  8  3387  0  0  1  226  1  0  11439  0  1003  0  0  41  1044  225  581  3  2315  0  3  519992  0  171450  12  16126  24  22  2  3  5  276046  111  95  237  15134  2035  1300  363  12  1709  0  237  0  
0  0  0  0  0  2  0  0  0  0  0  0  0  0  0  0  0  3  0  0  0  0  0  0  0  0  0  0  0  0  0  0  0  0  0  0  0  0  0  0  1  0  0  0  0  0  0  2  0  0  0  0  0  0  0  0  0  0  0  0  0  0  0  0  0  380  1  1  0  0  0  0  3  0  110  0  1  259  1139  79537  349111  63468  9677  48  0  227  0  323  596271  945956  8  880  106  0  1  1  360  31  6  3009  344  19  12358  3  0  108  0  0  1  844  2  0  119  0  4095  0  8  102  20203  2025  662  20  2548  0  10  420148  72618  0  128  58589  95  56  6  0  31  214  55  22  1339  14272  3823  71389  245971  0  7270  0  1315  0  
0  0  0  0  0  0  0  0  0  0  0  0  0  0  0  0  0  0  0  0  0  0  0  0  0  0  0  0  0  0  0  0  0  0  0  0  0  0  0  0  0  0  0  0  0  0  0  0  0  0  0  0  0  0  0  0  0  0  0  0  0  0  0  0  0  4  0  0  0  0  0  0  0  0  6  0  0  623  15  202  348  9  53  0  0  11  0  15  329  48  0  11  130  0  0  0  0  0  164989  209310  4939  44  20  0  0  5  0  0  0  172701  0  0  7  0  52307  0  0  52  594  7  56  0  456  0  0  352  488  1976  0  177031  79  26  0  0  3  5  1  0  18  161  16468  377  283  0  54  0  39591  0  
0  0  0  0  0  5  0  1  0  6  0  0  0  0  0  0  0  6  0  0  0  0  0  0  0  0  1  0  0  30  0  0  0  0  0  0  0  0  0  0  0  0  0  1  0  0  0  3  3  0  0  0  0  0  1  0  0  0  0  0  0  0  0  0  0  186  0  0  0  0  0  0  3  0  104  0  1121  4952  6081  5219  11661  756  23312  179  9  378  0  308  4578  901  26  1065  119285  107784  358  13  353  28  529618  198777  779928  241  1012  91200  12  188  0  1  2  21774  142  55  169  0  59608  1  80  15682  9772  58948  1585  690  15778  2  3536  6956  14352  25650  180361  0  13087  246228  2144  365  5106  178  66  39  94161  16019  257158  21750  6413  0  265976  2  118642  0  
0  0  0  0  0  0  0  0  0  2  0  0  0  0  0  0  0  0  0  0  0  0  0  0  0  0  0  0  0  0  0  0  0  0  0  0  0  0  0  0  0  0  0  0  0  0  0  0  0  0  0  0  0  0  0  0  0  0  0  0  0  0  0  0  0  31  0  0  0  0  0  0  0  0  28  2193  0  2432  256  291  715  87  541  7  2211  169  0  78  901  72  5  212  1331430  33616  254  13698  38  4  145  3563  40  22  224  0  0  44  0  0  0  94  2  3  26  0  1210  57553  0  380957  3248  132  352  10  7768  0  49976  1506  3638  3063  12  7222  0  128857  48815  40  184422  43  11  4  7723  734  200  10630  213  0  695  4  90729  0  
0  0  0  0  0  0  0  0  0  0  0  0  0  0  0  0  0  0  0  0  0  0  0  0  0  0  0  0  0  0  0  0  0  0  0  0  0  0  0  0  0  0  0  0  0  0  0  0  0  0  0  0  0  0  0  0  0  0  0  0  0  0  0  0  0  1  0  0  0  0  0  0  0  0  10  0  0  283  177  222  340  16  171  3  137477  36  0  32  494  39  1  45  949565  363187  17  48  6  0  8924  918  259  2  58  89  0  20  0  0  0  58  6  0  13  0  421  8273  0  505312  746  57  91  1  935  0  544  806  2113  2015  7  231590  69398  0  338  17  1023  22  2  3  252180  264  89  3036  90  0  1654  0  1013  0  
0  0  0  0  0  0  0  0  0  0  0  0  0  0  0  0  0  0  0  0  0  0  0  0  0  0  0  0  0  0  0  0  0  0  0  0  0  0  0  0  0  0  0  0  0  0  0  2  0  0  0  0  0  0  0  0  0  0  0  0  0  0  0  0  0  11  0  0  0  0  0  0  1  0  9  118021  0  8558  38  37  92  15  1139  30  0  224  0  48  18  5  3  134  222481  0  57016  59  50  4  215  5110  78  28  256  1  1  7  0  2  1  280  43382  286735  13  0  2325  13  6  3004  1421  123  193  26  19861  29  189711  272  58  68  0  2528  47993  12  0  185949  83668  2  19  5  75  595  213  1996  110  0  545  312698  180422  0  
0  0  0  0  0  0  0  0  0  0  0  0  0  0  0  0  0  0  0  0  0  0  0  0  0  0  0  0  0  0  0  0  0  0  0  0  0  0  0  0  0  0  0  0  0  0  0  1  0  0  0  0  0  0  0  0  0  0  0  0  0  0  0  0  0  0  0  0  0  0  0  0  0  0  1  161628  0  172  4  4  12  4  861  71  0  4  0  2  5  0  4  13  1800  0  617370  94  7082  1  122  905  13  0  8  0  0  1  0  14  42  346  419384  56608  0  0  2688  0  1392  125  65  30  12  228  337  322667  28835  5  3  10  0  338  81  0  191084  0  122193  0  2  0  19  263  59  49  11  0  154  313699  120654  25  
0  6  0  0  0  0  0  0  1  10  0  0  0  0  0  0  0  8  0  0  1  154  1  0  0  1  0  0  0  1  0  2  1  0  0  0  0  0  0  1  25  0  0  5  0  0  0  9  4  0  8  0  0  0  4  0  0  0  0  0  4  0  0  0  1  10  0  1  0  0  0  0  15  0  0  7436  4  678  12  25  105  17  6908  771  2  20  0  7  15  7  49  71  105356  109  688118  600768  426097  5  1619  7986  201  2  35  3  20  87  0  136  435  2424  9865  8721  1  0  27714  33707  812  116026  194  401  46  404  1696  56338  391300  43  43  113  0  2821  142077  247  107830  98134  0  0  17  3  60  2949  550  216  57  0  790  64  42086  11  
0  0  0  0  0  0  0  0  0  0  0  0  0  0  0  0  0  0  0  0  0  0  0  0  0  0  0  0  0  0  0  0  0  0  0  0  0  0  0  0  0  0  0  0  0  0  0  0  0  0  0  0  0  0  0  0  0  0  0  0  0  0  0  0  0  2  0  0  0  0  0  0  0  0  158401  0  0  23  7675  8588  51  3  166  0  0  13  210706  81885  110563  5  0  13  0  0  0  0  3  206347  0  23  10  0  5  0  15  597  0  0  0  9  0  0  145451  0  83  0  0  2  47  6  398  0  161  0  0  149736  170193  78  0  888  1  1  0  0  0  0  152  2884  22  547  50  45  28  3  96  0  3  0  
1  0  0  0  0  4  0  0  0  17  0  0  0  0  0  0  0  17  1  0  0  0  22  12  0  1  0  0  0  0  737  19  0  0  0  0  0  0  0  0  20  0  0  6  0  0  1  10  8  0  0  0  0  1  6  0  1  0  0  0  1  0  1  0  1  27  0  1  1  23  0  0  18  0  13695  0  1  29  1124  69080  209  13  828  24  0  32  326  141  386  70  97  20991  24  0  28  27  16863  568024  3  338  81  2  55  1  302959  239753  1  2  5  79  1  0  1932  0  9979  0  17  15  6586  150  20460  247  1224  0  24  649  263  78  0  4393  8  1  10  3  31  1852  0  101383  97  1373  349  10  210  102690  584  0  853  0  
0  0  0  0  0  3  0  0  0  1  0  0  0  0  0  0  0  0  0  0  0  0  0  0  0  0  0  0  0  0  0  0  0  0  0  0  0  0  0  0  0  0  0  0  0  0  0  0  0  0  0  0  0  0  0  0  0  0  0  0  0  0  0  0  0  18  0  0  0  0  0  0  0  0  39265  0  0  3  2697  84247  95  9  187  0  0  19  143350  124  125  709  426  2722  4  0  0  0  1220  1015763  0  38  12  0  8  0  1282  32708  0  88  70  17  0  0  337178  0  1082  0  20  2  1148  21  220160  11  303  0  0  516  133  32  0  940  1  4  0  0  1  9440  181796  0  15  3954  59  4  30  19150  119  0  29  0  
0  0  0  0  0  0  0  1  0  1  162  0  0  0  0  0  0  1  0  0  0  0  0  0  0  0  3  0  0  4610  0  1  0  0  0  0  0  0  0  0  0  0  0  2  0  0  0  0  0  0  0  0  0  0  0  0  0  0  0  0  0  0  0  0  18  8  0  0  0  0  1  0  0  0  15  3  0  527  254  351  761  104  13392  1155  376634  33  0  35  563  67  6  83  21388  195924  58  681  18  3  1100  2915  85117  7  67  648436  0  19  0  0  0  241  15  3  19  0  1762  0  1  346155  847  815  115  21  1581  0  1156  843  1821  3290  4  157809  18910  369689  779  41  1482  22  8  6  0  560  382  1956  382  0  106368  0  8687  0  
41  0  0  15  15  40095  2059  3079  43446  78177  1  2  0  2  6  139  91  6048  69  2  0  19  23  36  0  333  15  3  26  11558  10  2665  1  0  0  0  0  0  5  5  1592  0  43  5104  167  0  121  7608  3172  2  15  100  19  43  2242  138  33  7  0  0  2  0  31  97  3642  261005  399  46  52  87  127  0  3884  18  3653  0  9  1641  3772  512514  257913  209528  368645  126130  0  2668  2  2999  15289  2408  90  3734  431  0  13  47  1694  311  28  65483  2943  90  2333  29  199  93335  0  0  6  18310  280  63  209  0  250878  1  61  497  23628  7597  2660  1243  13071  2  63  6522  7442  5968  6  23848  193  25  117  601  5156  306  2126  402  290  0  24261  2093  1935  598  31444  5  5246  0  
0  0  0  0  0  1  0  0  0  2  0  0  0  0  0  0  0  5  0  0  0  0  0  0  0  0  0  0  0  0  0  1  0  0  0  0  0  0  0  0  4  0  0  2  0  0  0  2  5  0  0  0  0  0  0  0  0  0  0  0  0  0  0  0  0  29  0  0  0  0  0  0  4  0  33  0  98006  2516  3344  3037  6381  256  6636  94  0  73  0  99  1583  1510  32  613  146  0  1  0  145  19  55  593751  446150  498356  2877  6930  1  56  0  0  2  8648  5  0  43  0  20749  0  7  125  433514  139070  358  123  1874  0  11  2046  2970  10802  5158  260832  105  25  11  7  34  41  84  11  235  12387  0  2421  29085  0  2070  0  1069  0  
0  0  0  0  0  12  0  0  0  1  0  0  0  0  0  0  0  0  0  0  0  0  0  0  0  0  0  0  0  0  0  0  0  0  0  0  0  0  0  0  0  0  0  2  0  0  0  0  3  0  0  0  0  0  0  0  0  0  0  0  0  0  0  0  1  117  0  0  0  0  0  0  0  0  218  0  2  214855  1238  4703  7961  180  10535  116  1  306254  1  3292  220121  2195  9  404  188  0  2  0  137  71  12  4598  429  43  549173  3  2  465  0  0  0  797  1  0  4654  7912  3081  0  0  94  186096  755  3221  12  64849  0  10  515034  7480  139430  127  43238  104  44  5  3  23  121  32  98  1002  8116  2769  0  20786  0  6109  0  653  0  
0  0  0  0  0  0  0  0  0  0  0  0  0  0  0  0  0  1  0  0  0  0  0  0  0  0  0  0  0  0  0  0  0  0  0  0  0  0  0  0  1  0  0  1  0  0  0  0  0  0  0  0  0  0  2  0  0  0  0  0  0  0  0  0  1  244  0  0  0  0  0  0  3  0  8  0  3  130  241  528  33044  246744  7155  30  0  7  0  19  165227  174728  34  548  62  0  0  0  192  13  4  1906  509  32  734138  2  1  15  0  0  0  507  1  0  23  0  2661  0  5  49  354895  16175  235  14  995  0  9  151  585  206154  140  21694  40  26  6  1  19  9  52  5  1052  10577  33622  8468  0  0  4532  0  924  0  
0  0  0  0  3  2276  0  0  0  0  0  0  0  0  0  22  0  3  0  0  0  0  0  0  0  0  0  0  0  0  499  796  0  0  0  0  0  0  0  0  0  0  0  0  0  0  0  0  1  0  0  1  0  0  0  0  0  0  0  0  0  0  0  0  0  44  0  0  0  1699  0  0  0  0  70198  0  0  0  102020  196993  1  0  1  0  0  0  0  0  0  308414  0  3  0  0  0  0  0  79400  0  1  0  0  0  0  219165  43803  0  0  0  1  0  0  47  0  10  0  0  0  10  0  9  1  16  0  0  3  5  1  0  7  0  0  0  0  0  14  111411  9558  0  269  0  0  0  0  1  0  0  0  
0  0  15  0  0  1  0  36  64814  0  0  0  0  0  0  10  0  0  0  0  0  0  0  0  0  0  0  0  0  17118  0  0  0  0  0  0  0  0  0  0  1  0  1  0  0  4039  0  0  0  0  0  1  0  0  1  0  0  0  0  0  0  0  0  0  2  1539  0  0  0  0  71113  0  0  0  13  0  50  915  153  225  22214  2032  238633  6067  44  54  0  24  358  76  10  609  4131  320  7  4  330  10  190  18771  64483  23  921  363160  1  21  0  1  2  6029  54  30  13  0  20145  0  6  12395  1601  170375  190  68  2811  0  132  487  970  2124  0  442693  2710  751  109  70  640  12  36  12  98800  25710  12646  1033  1408  1  0  1  4195  0  
0  0  0  0  0  0  0  0  0  0  0  0  0  0  0  0  0  0  0  0  0  0  0  0  0  0  0  0  0  0  0  0  0  0  0  0  0  0  0  0  0  0  0  0  0  0  0  0  0  0  0  0  0  0  0  0  0  0  0  0  0  0  0  0  0  0  0  0  0  0  0  0  0  0  0  2053  0  26  0  0  0  0  40  1  0  1  0  0  0  0  1  2  2900  0  1451  2  808  0  2  41  0  0  0  0  0  0  0  543  5100  6  623777  900847  0  0  135  0  62024  138  4  2  1  5907  55  98267  90  1  1  1  0  19  65  0  325094  297511  669  0  1  0  1  6  0  7  1  0  3  0  174233  306  
0  0  0  0  0  1  0  0  0  6  0  0  0  0  0  0  0  11  0  0  0  0  0  0  0  1  0  0  0  1  0  3  0  0  0  0  0  0  0  0  2  0  0  6  0  0  0  12  8  0  0  0  0  0  0  0  0  0  0  0  0  0  0  0  2  83  0  0  0  0  1  0  2  1  40  142  3  11391  272  365  1379  240  3328  181  0  527  0  313  1156  128  627  622  315997  0  62287  195  40057  19  941024  104620  138  373  654  2  12  138  2  739716  69046  243369  10740  1340777  67  0  55924  6  85965  13047  11462  271  1208  265436  33092  128444  37206  2674  4779  3706  27501  293325  59864  909  179340  170875  127120  64  37  18  2511  2290  448  24443  501  0  1585  168643  0  90892  
0  0  0  0  0  0  0  0  0  0  0  0  0  0  0  0  0  0  0  0  0  0  0  0  0  0  0  0  0  0  0  0  0  0  0  0  0  0  0  0  0  0  0  0  0  0  0  0  0  0  0  0  0  0  0  0  0  0  0  0  0  0  0  0  0  0  0  0  0  0  0  0  0  0  0  0  0  5  0  0  0  0  3  0  0  0  0  0  0  0  11  2  0  0  5  0  255  0  27  1207  1  0  0  0  0  1  162886  192313  46757  173934  7  1374  0  0  77567  0  1047  1  1  0  0  315998  16  325  1  0  0  0  0  6  0  0  1  91  75  0  0  0  0  1  0  2  0  0  1  292  118420  0  
