0  0  0  6  260364  62932  3  0  3  8  0  470  2  12792  86346  9654  22  1068  6  0  0  0  6  185679  0  14  0  0  0  0  67973  6380  0  0  0  0  0  0  5900  5180  42  0  0  7  8  0  3203  18  45838  0  1  177010  148720  100  2  2  5  2  0  0  2  42341  236  38731  4  1594  24  312  23  102829  1  0  67  0  0  0  0  0  0  3  0  0  1  0  0  0  0  0  0  0  0  0  0  0  0  0  0  0  0  0  1  0  0  0  0  8  0  0  0  0  0  0  0  0  4  0  0  0  0  0  0  0  0  0  0  0  0  0  0  1  0  0  0  0  0  0  0  0  0  86  1  0  0  0  0  0  2  0  
0  0  0  15  0  1  1  0  1  0  0  0  0  0  0  0  0  3  153799  0  332240  59980  1  0  4  3  0  0  0  0  0  0  0  0  0  0  40949  20429  0  0  1  310404  0  718  185  0  0  15  0  1  416897  0  0  4  66  1  322947  71  302688  144340  41018  0  0  0  3  4  0  61  1  0  0  0  615  0  0  0  0  0  0  0  0  0  0  0  0  0  0  0  0  0  0  0  0  0  1  147  0  0  0  0  0  0  0  0  0  0  0  0  0  0  0  0  0  0  0  0  0  1  0  0  0  0  0  0  1  0  0  0  0  0  0  0  0  0  1  0  0  0  0  0  0  0  0  0  0  0  0  0  
0  0  0  9  0  96  11  65281  863  0  0  1  0  0  1  307721  6  26  7  0  0  0  0  0  0  17  84398  167367  99163  55284  0  5  0  0  0  0  0  0  0  1  21  0  0  2  225374  308082  1  15  622  0  0  0  1  149  5  7  1  5  0  0  0  0  2  0  0  32  57189  0  69514  1  38  0  5  0  0  0  1974  0  0  0  0  289  534  0  0  0  0  0  0  1381  0  0  0  0  0  0  0  0  0  0  1  0  1  1577  0  0  0  0  0  0  0  0  0  0  0  0  0  0  0  7840  0  0  0  0  0  0  0  0  0  0  0  0  0  0  0  0  0  0  0  0  0  0  0  0  195  0  0  0  
181  2  8  0  703  1124  1013  1271  394  9  0  197526  99  295  373  74  1646  4564  1218  1  1  22  11  63  22  442562  3  231854  80668  6  1  150  62184  715  338  79  0  1  120  2493  184038  4  5  1404  264067  0  698  781  393581  0  422  4790  508  1172  2343  82  3782  94  50  163  285  11  23  39  242  1281  50165  55759  4389  19  141  0  2059  486  0  0  0  0  0  1  0  0  1  0  0  0  0  0  0  0  0  1  0  0  0  0  0  0  0  1  0  0  0  0  0  0  0  0  0  0  0  0  0  0  3  0  0  0  0  1  0  0  0  0  0  0  0  0  0  0  0  0  0  0  0  0  0  0  0  29  0  0  0  0  2  0  1  0  
237427  0  0  7  0  49016  6  1  2  5  0  196  0  818  39840  223222  4  238  2  0  0  0  0  4411  0  10  0  0  0  0  22726  807  0  0  0  0  0  0  244  5085  25  0  0  5  7  0  328  2  11017  0  0  14950  93733  85  2  1  3  0  0  0  0  5  41  3308  3  244  32  259  13  15800  0  0  5  0  0  0  0  0  1  69  0  0  0  0  0  0  0  0  0  20  0  0  0  0  0  0  0  0  0  0  0  0  0  0  0  2  0  0  0  0  0  0  0  0  0  0  0  0  0  0  0  0  0  0  0  0  0  0  0  0  0  0  0  0  0  0  0  0  0  22  0  0  0  4  0  0  0  0  
95389  0  1  396  76593  0  195568  3917  6446  39  0  488  0  3752  24019  508934  140  10657  153  0  0  1  25  58486  7  810  16  0  61  10  22313  133326  2  0  0  0  0  0  772  6317  930  0  4  179  1534  0  4277  634  50456  0  20  30778  12311  45588  456  84  96  28  2  1  7  26  14147  30988  980  308503  3719  2788  5941  314621  40  0  934  1  131  0  0  0  32  20096  374  72  69  1  0  1  0  4  11  3826  0  6  0  0  0  0  2  10  0  7  2  0  0  0  2840  1913  0  0  0  1  0  0  5  0  26  0  0  0  1  2  4  1  5  0  1  13  11  2  0  15  0  0  0  1  0  9  4  10  0  53369  4  1  2  2196  9  0  7  0  
15  0  4  2390  145  281308  0  297577  63358  2  0  59  0  6  280  586065  23  858  450  1  0  0  4  2  13  1048  22  1  95  538  0  126  0  0  0  0  0  0  0  614  415  0  0  1056  10064  9  235  182  10808  0  37  10272  248  52744  2740  231  258  42  8  11  11  0  19  4  22981  232152  3727  12568  26005  10  633  0  217  0  0  0  0  0  1  1529  3498  3027  336  0  0  0  0  0  1  401  0  0  0  0  0  0  0  0  0  1  0  0  0  0  0  3  0  0  0  0  0  0  0  0  2  0  0  0  0  1  0  0  0  0  0  2  2  1  0  2  0  0  0  0  0  0  1  0  0  2242  0  0  0  0  14  0  2  0  
16  0  30143  4530  113  9385  268704  0  263549  4  0  171  0  3  75  347718  16  287  352  0  0  2  5  0  5  1117  8  26  42408  154  0  40  1  0  0  0  0  0  1  1853  307  0  0  442  59583  154261  95  147  2247  0  9  4366  189  158144  1455  256  484  33  2  0  15  0  1  2  4112  163951  10490  1692  140787  3  2194  0  107  0  0  0  145  0  0  29  135  32388  2378  0  0  0  0  0  1  22129  0  0  0  0  0  0  0  0  0  0  0  0  2  7  0  1  0  0  0  0  0  0  0  0  0  0  0  0  0  613  0  0  0  0  0  0  0  0  0  1  0  0  0  0  0  0  0  1  0  3446  0  0  0  0  86  0  0  0  
0  0  70  22  1  2196  8189  113312  0  12013  1  1  0  1  2  293  67  1016  1643  54  0  21  4  0  27  1947  63  139  218  31374  1  179  0  0  0  0  0  0  0  7  3179  0  0  1923  2552  114496  13  1079  2215  0  9  66  1  3246  6752  6336  877  78  4  0  16  0  7  2  28570  229994  13829  210  598  4  214462  0  254  0  0  0  27  0  0  1  1  2218  41113  159  1  0  0  0  0  372  0  1  0  0  0  2  2  0  0  13  0  0  0  4231  0  2  0  0  0  3  0  0  0  0  199  0  0  0  0  1217  0  4  2  0  0  1  0  0  0  5  0  0  0  0  2  0  0  0  0  55754  2  1  1  0  72467  0  1  0  
94  1  0  177  730  628  176  223  14819  0  24  190  0  40  360  32  213  36662  403  5  5  3923  31678  11  32  2301  43  1  61  82404  2  3970  2  0  6  1  0  0  1  1999  34167  4  69  244270  968  2  551  11946  25904  10  845  1015  706  368  8189  523  493  83  108  14  104  0  65  16  10294  401620  1150  2965  156  48  113  0  15642  750  5  0  0  216  67  56  96  9  2723  399  7  50  0  30  15  3  2  196  56  0  5  160  68  3  1  411  21  0  11  65  12  97  0  0  0  108  1  1  17  0  4995  1  1  13  735  50  65  51  841  0  12  253  58  72  0  928  44  3  3  1  29  2  28  3  24  127553  220  367  31  0  233  0  288  0  
0  0  0  0  0  0  0  0  6  25  0  0  0  0  0  0  0  2  647  774578  0  52740  0  0  160  4  294  0  0  45775  0  0  0  0  0  0  0  0  0  0  6  61482  0  773541  4  0  0  3  3  0  0  1  0  0  33  56  3287  306828  0  0  44  0  0  0  364259  28  2  22  0  0  13  0  105  0  0  0  0  0  0  0  0  0  0  0  112708  0  0  0  0  0  0  0  0  703  0  3717  1  0  0  1  0  0  0  745  0  0  0  0  0  0  0  0  0  0  3  327  0  1364  0  0  0  0  0  0  0  0  0  0  0  0  0  0  0  0  0  0  0  0  115  4  0  0  0  0  0  0  0  0  
993  0  0  410138  4886  2591  3  4  0  7  0  0  2676  66676  3252  92  424  16639  1  0  0  0  0  105  0  20  0  0  69717  0  0  61  2691  470  243  0  0  0  301  238547  22  0  0  3  31107  0  6084  164  195558  0  0  279152  6692  287  6  1  2  1  0  0  0  6  4  304  2  33  34  255144  45  11  1  0  4  0  0  0  0  0  0  0  0  0  0  0  0  0  0  0  0  0  0  0  0  0  0  0  0  0  0  0  0  0  0  0  0  0  0  0  0  0  0  0  0  0  0  0  0  0  0  0  0  0  0  0  0  0  0  0  0  0  0  0  0  0  0  0  0  0  0  2  0  0  0  0  0  0  0  0  
7  0  0  74  1  60  0  0  0  0  0  1263  0  29810  1  1  3  1712  0  0  0  0  1  125752  0  0  0  0  2  0  1  29  3  8  60  0  0  0  114760  87  0  0  33  0  0  0  135991  1  789  0  0  7  0  0  0  0  0  0  0  0  0  25634  16  14577  0  1  0  0  0  9  0  0  0  0  0  0  0  0  0  0  0  0  0  0  0  0  0  0  0  0  0  0  0  0  0  0  0  0  0  0  0  0  0  0  0  0  0  0  0  0  0  0  0  0  0  0  0  0  0  0  0  0  0  0  0  0  0  0  0  0  0  0  0  0  0  0  0  0  0  0  0  0  0  0  0  0  0  0  
9844  0  0  7  5378  8482  1  0  0  4  0  78033  41975  0  7590  112  0  284  1  0  0  0  0  2268  0  2  0  0  46  0  0  246  0  0  0  0  0  0  154031  204124  16  0  0  1  0  0  7266  1  88935  0  0  246511  7015  30  0  0  2  0  0  0  0  45682  6  11768  0  91  3  112  2  69  0  0  1  0  0  0  0  0  0  0  0  0  0  0  0  0  0  0  0  0  0  0  0  0  0  0  0  0  0  0  0  0  0  0  0  0  0  0  0  0  0  0  0  0  0  0  0  0  0  0  0  0  0  0  0  0  0  0  0  0  0  0  0  0  0  0  0  0  0  1  0  0  0  0  0  0  0  0  
117671  0  0  19  40711  17687  32  1  13  4  0  9447  0  1497  0  254186  8  322  10  0  0  0  1  31  3  422  0  0  74581  0  1  351  0  0  0  0  0  0  14  1174  47  0  0  5  1640  0  64  20  5856  0  3  1024754  552255  712888  61  6  9  1  0  0  3  115538  16  44  11  495  237  198419  48416  31  10  0  17  0  0  0  0  0  0  0  0  0  0  0  0  0  0  0  0  0  0  0  0  0  0  0  0  0  0  0  0  0  0  0  0  1  0  0  0  0  0  0  0  0  0  0  0  0  1  0  0  0  0  0  0  0  0  0  0  0  0  0  0  0  0  0  0  0  0  24  0  0  0  0  0  0  0  0  
21650  0  362111  59  309090  475702  480610  370010  781  2  0  14  0  32  248669  0  13  741  37  0  0  0  3  1639  1  183  2  10  41698  1  32993  3885  0  0  0  0  0  0  20  275  125  0  2  19  21030  17220  134  77  4118  0  4  4500  101090  775746  89  23  25  12  1  4  1  0  15  1227  109  13068  913  807  145339  107301  26  0  226  0  0  0  1121  0  1  5533  2859  13578  249  0  0  0  0  0  0  24969  0  0  0  0  0  0  0  0  0  1  0  0  19  43  0  480  0  0  0  0  0  0  0  0  4  0  0  0  0  590  0  0  0  0  0  0  0  0  0  0  0  0  0  0  0  0  0  0  0  491  0  0  0  12  19  0  0  0  
1  0  48  4600  13  49  19  63  74  187  0  346  6  0  6  33  0  329670  3997  0  0  1  27329  3197  2  1093  4  1  176  2  3  29738  3613  48  60886  5  0  15  0  23  37791  0  22213  501  4249  1  21121  347358  201385  84  54  17  6  37  663  115  310  1318  19  5  39  0  190  60  400  241  2075  66  3015  42  4  1  12743  67  0  0  0  1  0  2  3  0  22  3  0  0  0  0  0  0  0  2  0  0  0  1  7  0  0  31  3  0  1  0  5  33  0  0  0  5  0  0  0  0  140  0  0  1  5  3  0  13  3  0  1  2  1  1  0  15  0  0  0  0  5  0  3  0  1  126  6  1  1  0  1  0  4  0  
830  0  3  7540  230  2613  5  4  67  495  0  18972  2748  288  28  7  185666  0  267  1  7  3  21080  39759  4  1095  2  0  23  7  921  147028  1959  108  11460  4  0  5  461  72  7259  0  12263  1191  197  1  307788  84194  336004  69  82  338  18  129  1229  30  229  48  12  4  26  0  2827  947  322  687  126  110  184  2327  5  0  19725  86  0  0  0  3  0  1  1  3  49  4  0  1  0  1  0  1  1  10  6  0  2  0  7  2  1  71  6  0  1  0  5  66  0  0  0  22  0  0  2  0  218  0  2  1  12  3  0  20  14  0  7  5  0  0  0  34  3  0  0  1  6  0  0  0  0  268  25  7  1  0  5  0  17  0  
0  137031  0  141  1  16  6  12  54  2  84  0  0  0  4  4  4  111  0  47208  59  10279  23  0  238815  70  3  0  5  2  0  8  0  0  0  0  6  6891  0  2  346  156930  4  12437  2011  0  3  321  355  0  25420  13  2  132  462  1290  1256784  616854  286682  966  25647  0  0  0  16762  42  25  13060  22  0  3  0  431805  2  0  0  0  0  0  0  0  0  1  0  0  0  0  0  0  0  0  1  0  0  0  0  0  0  0  0  0  0  0  0  0  0  0  0  0  0  0  0  0  0  0  0  0  0  0  0  0  0  0  0  0  0  0  0  0  0  0  0  0  0  0  0  0  0  0  0  0  0  0  0  0  0  0  0  
0  40  0  0  0  0  0  0  1000  0  832326  0  0  0  0  0  0  14  33236  0  0  253  1  0  4669  27  92822  0  6  8210  0  1  0  0  0  0  0  0  0  0  44  104918  0  208374  50  0  0  22  25  0  4  1  0  2  55  64241  4925  469001  5  0  21  0  0  0  289098  9  12  55  0  0  3898  0  313  0  0  0  0  0  0  0  0  0  0  0  17895  0  0  0  0  0  0  0  0  142  0  2  0  0  0  1  6  0  0  539  0  0  0  0  0  0  0  0  0  0  0  14  0  40  0  0  0  0  0  0  0  0  0  0  0  0  0  0  0  0  0  0  0  0  3  0  0  0  0  0  0  0  0  0  
0  245762  0  4  0  0  0  1  0  5  0  0  0  0  0  0  0  3  70  0  0  35547  94944  0  5  4  0  0  0  0  0  9  0  0  0  0  132303  1785  0  0  25  5  72  156  11  0  0  6  4  309203  97691  0  0  0  64  0  25  0  14747  319740  510053  0  2  0  4  3  0  21  1  0  0  29  380  0  0  0  0  0  0  0  0  0  0  2  0  0  0  0  0  0  0  0  0  0  11  13  1  0  0  2  0  0  0  0  0  1  0  0  0  1  0  0  0  0  3  0  0  0  0  0  0  0  0  0  95  0  0  0  0  0  0  0  0  0  38  0  0  0  0  1  0  0  0  0  0  0  1  0  
2  123796  0  42  16  29  6  14  47  43835  35294  13  0  3  17  1  1  122  2727  167  33465  0  110008  0  24  253  0  0  0  2675  0  12  0  0  0  0  0  129  1  112  3646  345730  1  976760  380  0  29  53  235  4  99711  40  24  33  1661  5  92207  38397  843  34  1143802  0  4  1  4458  342  4  373  9  1  3  0  783  1  0  0  0  0  0  0  0  0  17  105  23638  0  0  0  0  0  0  0  3  1  125  23555  15  1  0  24  2  0  0  36  2  2  0  0  0  4  0  0  0  0  65  101  0  7251  0  0  0  5  2  0  225  0  0  1  0  2  0  0  0  0  52  0  0  0  0  64  6  0  0  0  3  0  2  0  
7  4  0  117  31  124  122  241  633  32870  0  7  0  2  29  16  29932  34861  294  0  87738  117235  0  913  1146  6191  2  0  8  89  2  67977  0  0  106818  0  2110  19780  0  111  31656  2  358193  125350  365  0  206  28110  1282  239095  291  89  42  165  11325  94  367  53  8862  18342  303214  0  99  13  3626  283  35  1538  58  49  26  500  79709  7  0  0  0  2  0  1  1  2  7  6  0  1  0  1  0  0  0  3  1  0  16  12  4  0  0  12  2  0  0  0  4  18  0  0  0  1  0  0  0  0  35  4  0  0  1  3  0  1  1  0  168  1  0  1  0  7  0  0  0  0  73  0  3  0  0  35  6  1  1  0  1  0  3  0  
183244  0  0  36  5149  28328  0  0  1  1  0  319  136244  15162  221  1046  631  29399  2  0  1  0  112  0  0  10  0  0  0  0  168766  44213  90  484  4774  0  0  0  40625  1085  33  0  6561  26  2  0  233163  4111  7097  0  0  7541  1503  16  1  0  0  0  0  0  1  188837  341404  728679  7  481  3  55  6  140243  0  0  114  0  0  0  0  0  0  2  0  0  0  0  0  0  0  0  0  0  0  0  0  0  0  0  0  40  0  1  0  0  0  0  171  1  0  0  0  0  0  0  0  0  3  0  0  0  0  0  0  0  2  0  1  0  0  0  0  0  0  0  0  0  0  0  17  0  0  33  0  0  0  0  0  0  0  0  
0  2  0  42  0  17  19  5  1119  35  5  0  0  0  13  4  7  299  160809  8632  5  7  320  0  0  142586  7596  0  118  15  0  36  1  0  0  4  0  28  0  1  553  0  4  1318  1808  0  3  226  428  10  377  14  0  290  273604  539690  35525  31679  1949  25  539  0  0  0  6568  391  132  13464  61  0  117  0  802590  0  0  0  0  0  0  0  0  0  2  0  0  0  0  0  0  0  0  1  0  0  0  0  2  0  0  2  0  0  0  0  0  0  0  0  0  0  0  0  0  0  2  0  0  0  1  0  0  0  0  0  0  0  0  0  0  0  0  0  0  0  0  0  0  0  0  4  1  0  0  0  0  0  1  0  
7  0  9  323937  31  431  285  449  2309  401  0  8  0  5  59  28  277  2102  551  22  0  29  351  0  116071  0  200  42149  145  1105  2  288  2172  102736  1  203065  0  15227  0  70  461841  5  4  7459  48108  4  86  1854  13393  0  244  708  53  967  274903  149847  685  180  28  36  351  0  11  3  4942  10890  574633  11572  4419  17  817  0  62812  2094  0  0  0  2  0  0  0  0  14  1  0  1  0  0  0  0  0  0  1  0  0  0  1  0  0  11  1  0  1  0  0  3  0  0  0  4  0  0  0  0  35  0  0  0  2  1  0  3  2  0  0  3  0  0  0  11  0  0  0  0  0  0  1  0  0  114  5  3  0  0  3  0  1  0  
0  0  86344  0  0  2  2  3  622  0  208  0  0  0  0  3  1  12  24  143410  0  0  0  0  3930  340  0  38  68  940845  0  5  0  0  0  0  0  0  0  1  15  0  0  60  600  6294  0  8  5  0  0  1  0  3  1353  998751  7  48  0  0  0  0  0  0  239744  45  288555  0  51  0  125627  0  2  0  0  0  0  0  0  0  0  0  2  0  49  0  0  0  0  1  0  0  1  63  0  0  0  0  0  0  34  0  0  2031  0  0  0  0  0  0  0  0  0  0  0  0  0  0  0  4  0  0  0  0  0  0  0  0  0  1  0  0  0  0  0  0  0  0  0  0  0  0  0  0  22  0  0  0  
0  0  130911  200287  1  2  0  5  519  0  0  0  0  0  0  8  0  6  1  0  0  0  0  0  0  63169  85  0  91964  0  0  0  0  0  0  0  0  0  0  0  15  0  0  4  613931  111691  1  4  39  0  0  4  0  2  4  506  1  0  0  0  0  0  0  0  8  6  498405  0  67  0  57  0  3  0  0  0  0  0  0  0  0  0  0  0  0  0  0  0  0  0  0  0  0  0  0  0  0  0  0  0  0  0  0  0  0  0  0  0  0  0  0  0  0  0  0  0  0  0  0  0  0  0  0  0  0  0  0  0  0  0  0  0  0  0  0  0  0  0  0  0  0  0  0  0  0  0  0  0  
3  0  120813  86198  27  197  32  91662  3104  12  0  46970  6  67  73584  34650  469  2208  337  0  0  0  5  1  1  923  5  41571  0  9  1  245  3  1  0  0  0  0  1  61  874  0  0  104  799315  17320  277  5604  4320  0  2  10517  22  4232  158  57  88  47  0  0  0  0  12  1  297  5946  19989  439408  518022  13  714  0  186  0  0  0  0  0  0  0  0  0  5  0  0  0  0  0  0  0  0  1  0  0  0  0  0  0  0  9  0  0  0  0  0  2  0  0  0  3  0  0  0  0  18  0  1  0  1  0  0  0  0  0  0  1  0  0  0  2  0  0  0  0  0  0  0  0  0  27  4  0  0  0  0  0  5  0  
1  0  64305  4  0  20  28  8  32841  71636  28569  0  0  0  1  2  13  2737  225  6830  0  2730  6  0  17  628  729822  7  73  0  0  402  0  0  0  0  0  0  0  0  809  0  6  26423  775  280285  6  597  1647  0  12  28  0  18  698  44761  454  56  0  0  17  0  7  1  450685  39415  32599  54  52  4  375577  0  1014  0  0  0  5  0  0  0  0  1  8286  636  28333  0  0  0  0  0  0  0  0  489  0  3678  2  0  0  13  319  0  1  85850  0  5  0  0  0  6  0  0  0  0  223  0  0  15  2  32  0  8  1  0  0  0  0  0  0  9  0  0  0  0  7  0  0  0  550  3452  5  0  0  0  25612  0  3  0  
71935  0  0  0  47835  39288  0  0  0  0  0  0  0  0  0  40192  0  187  0  0  0  0  2  142415  0  1  0  0  0  0  0  28656  0  0  0  0  0  0  0  0  3  0  0  2  0  0  241  1  9  0  0  1  0  0  0  0  0  0  0  0  0  1  263263  605  0  4  0  0  0  272623  0  0  4  0  7  0  0  0  0  189  0  0  0  0  0  0  0  0  0  183  0  0  0  0  0  0  0  1034  0  0  0  0  0  0  19959  174  0  0  0  0  0  0  0  0  0  0  0  0  0  0  0  0  0  0  0  0  0  0  0  0  0  0  0  0  0  0  470  5  0  4  0  0  0  330  0  0  0  0  
488  0  0  5  89  124126  4  10  63  318  0  1  40  46  13  1635  41669  357433  78  0  13  15  70506  29582  1  746  6  0  14  18  38371  0  5  0  25298  0  1  6  369  13  2996  0  13418  1780  247  0  25264  29504  40078  21  17  77  17  27  378  42  46  14  13  1  27  12  209446  7010  293  77939  59  31  66  154706  1  0  20761  16  0  0  0  3  3  1867  6  1  109  3  0  1  0  2  2  813  1  19  1  0  3  7  6  2  0  112  10  0  1  0  331  57373  0  0  0  28  0  0  2  0  264  0  0  0  18  11  1  14  15  0  10  11  4  3  0  82  1  0  0  0  12  0  8  0  0  1378  48  9  2  649  12  0  26  0  
0  0  0  81021  0  2  0  0  4  7  0  210  0  0  0  0  1928  2472  4  0  0  0  0  38  0  569  0  0  0  0  0  43  0  147482  34567  11778  0  0  0  0  49086  0  2  16  2  0  219  255163  3074  0  0  1  0  0  52  8  2  1  0  0  0  0  1  0  15  15  6  1  2  0  0  0  20904  273172  0  0  0  0  0  0  0  0  0  0  0  0  0  0  0  0  0  0  0  0  0  0  1  0  0  0  0  0  1  0  0  0  0  0  0  0  0  0  0  0  3  0  0  0  0  0  0  0  0  0  0  0  0  0  0  0  0  0  0  0  0  0  0  0  0  1  0  0  0  0  0  0  1  0  
0  0  0  2375  0  0  0  0  0  2  0  429  20  1  0  0  35  185  0  0  0  0  1  868  0  78011  0  0  7  0  0  0  215375  0  450558  266909  42  318198  1  0  10891  0  108175  0  0  0  500  64430  41  7  0  0  0  0  112  0  0  0  3  0  4  0  0  15  0  1  0  0  0  0  0  1666  528190  84386  0  0  0  0  0  0  0  0  0  0  0  0  0  0  0  0  0  0  0  0  0  0  0  0  0  0  0  0  0  0  0  0  0  0  0  0  0  0  0  0  1  0  0  0  0  0  0  1  0  0  0  0  0  0  0  0  0  0  0  0  0  0  0  0  0  0  0  0  0  0  0  0  0  0  
0  0  0  631  1  4  0  2  14  15  0  215  12  1  1  1  44157  12665  23  0  1  0  96115  2765  1  192  0  0  0  2  0  24061  38826  474459  0  0  508  39398  0  1  454  0  313313  159  1  0  948  289927  122  2225  3  0  0  0  78  1  10  0  1092  242  1291  0  2  66  37  14  0  4  0  1  1  71894  119524  28  0  0  0  0  0  0  0  0  4  0  0  0  0  0  0  0  0  1  0  0  0  0  1  0  0  5  0  0  0  0  0  0  0  0  0  2  0  0  0  0  6  0  0  0  1  0  0  2  0  0  0  2  0  0  0  2  0  0  0  0  0  0  0  0  0  5  1  0  0  0  2  0  2  0  
0  0  0  42  0  0  0  0  0  0  0  0  0  0  0  0  5  0  0  0  0  0  0  0  8  219855  0  0  0  0  0  0  16314  312221  4  0  0  4645  0  0  120788  0  0  0  0  0  0  20588  81  0  0  0  0  0  3048  0  0  0  0  0  0  0  0  0  0  0  0  0  0  0  0  0  43628  160277  0  0  0  0  0  0  0  0  0  0  0  0  0  0  0  0  0  0  0  0  0  0  0  0  0  0  0  0  0  0  0  0  0  0  0  0  0  0  0  0  0  0  0  0  0  0  0  0  0  0  0  0  0  0  0  0  0  0  0  0  0  0  0  0  0  0  0  0  0  0  0  0  0  0  
0  39274  0  0  0  0  0  0  0  0  0  0  0  0  0  0  5  0  10  0  83191  0  3680  0  0  0  0  0  0  0  0  0  0  42  1235  0  0  447991  0  0  1  0  167413  48  0  0  0  403  1  503538  0  0  0  0  6  0  0  0  114934  530077  4262  0  0  0  0  0  0  0  0  0  0  803928  17568  0  0  0  0  0  0  0  0  0  0  0  0  0  0  0  0  0  0  0  0  0  0  0  0  0  0  0  0  0  0  0  0  0  0  0  0  0  0  0  0  0  0  0  0  0  0  0  0  0  0  0  0  0  0  0  0  0  0  0  0  0  0  0  0  0  0  0  0  0  0  0  0  0  0  0  
0  22463  0  10  1  1  0  0  4  2  0  0  0  0  0  0  3  6  16321  0  189  194  2167  0  8  823  0  0  0  0  0  1  0  318738  54920  116  409864  0  0  0  64  1  190961  8506  54  0  0  5369  6  30489  117  0  0  7  197  0  40  0  364943  74619  41363  0  0  0  5  3  2  52  3  0  0  854995  1346175  6  0  0  0  0  0  0  0  0  0  0  0  0  0  0  0  0  0  0  0  0  0  0  0  0  0  0  0  0  0  0  0  0  0  0  0  0  0  0  0  0  0  0  0  0  0  0  0  0  0  0  0  0  0  0  0  0  0  0  0  0  0  0  0  0  0  0  0  0  0  0  0  0  0  0  
15264  0  0  0  830  6449  0  0  1  0  0  109  109397  174453  93  170  2  440  0  0  0  0  5  18675  0  0  0  0  1  0  11  2333  0  0  0  0  0  0  0  8650  6  0  0  8  0  0  80774  3  76360  0  0  24556  346  8  1  0  0  0  0  0  0  11462  314  112239  1  266  2  42  0  365  0  0  25  0  0  0  0  0  0  0  0  0  0  0  0  0  0  0  0  0  0  0  0  0  0  0  0  0  0  0  0  0  0  0  0  2  0  0  0  0  0  0  0  0  0  0  0  0  0  0  0  0  0  0  0  0  0  0  0  0  0  0  0  0  0  0  0  0  0  14  0  0  0  0  0  0  0  0  
961  0  0  820  3744  1924  6  1  3  10  0  222208  1292  233149  1700  67  6  171  4  0  0  0  0  143  0  19  0  0  6  0  1  88  0  0  0  0  0  0  4673  0  87  0  0  6  59  0  1324  3  194449  0  0  24234  5310  160  4  2  4  1  0  0  0  142  6  779  2  88  27  32085  58  8  0  0  3  0  0  0  0  0  0  0  0  0  0  0  0  0  0  0  0  0  0  0  0  0  0  0  0  0  0  0  0  0  0  0  0  1  0  0  0  0  0  0  0  0  0  0  0  0  0  0  0  0  0  0  0  0  0  0  0  0  0  0  0  0  0  0  0  0  0  15  0  0  0  0  0  0  0  0  
321  0  3  123802  2113  2089  660  895  2725  18922  1  268  0  139  1099  319  42285  61919  14274  33  2  91  3170  23  35  398570  153  6  168  136  7  4899  42058  11193  4  118216  0  2  52  3310  0  2  56  53616  7439  12  464  243509  191590  4  173  1974  1819  1563  135024  2857  1700  2111  34  30  444  1  136  49  5427  7378  43597  5958  687  109  302  0  90811  86006  0  1  0  11  2  4  8  3  169  10  0  3  0  5  5  0  3  38  7  0  17  3  40  1  0  336  21  1  4  0  46  101  0  0  1  83  2  0  3  0  847  1  5  6  35  21  3  133  33  0  9  10  2  10  0  118  1  0  0  2  24  0  2  0  2  589  85  14  5  0  18  0  50  0  
0  456978  0  30  0  3  2  1  0  0  74767  0  0  0  3  0  0  2  130771  123984  4  413500  0  0  4  1  0  0  0  0  0  0  0  0  0  0  0  0  0  0  2  0  0  164721  508  0  0  5  3  0  46560  1  0  9  9  0  708313  31027  1119  0  9304  0  0  0  16  7  1  81  1  0  0  0  9  0  0  0  0  0  0  0  0  0  0  0  297  0  0  0  0  0  0  0  0  0  0  37  0  0  0  0  0  0  0  0  0  1  0  0  0  0  0  0  0  0  0  42  0  4  0  0  0  0  0  0  0  0  0  0  0  0  0  0  0  0  0  0  0  0  0  0  0  0  0  0  0  0  0  0  
0  0  0  1  1  8  2  1  22  32  0  1  0  0  1  0  2474  4653  65  0  36  3  350091  2977  5  412  0  0  0  4  0  1444  1  156977  384696  0  131074  206369  0  2  991  1  0  404  5  0  26  72766  66  129951  9  2  1  1  169  2  15  0  9181  357  5659  0  12  496  98  50  0  14  0  5  1  129716  88766  10  0  0  0  1  0  0  1  0  6  1  0  0  0  0  0  0  0  1  0  0  1  0  0  0  0  4  1  0  0  0  0  9  0  0  0  1  0  0  0  0  23  0  0  0  0  1  0  4  0  0  3  3  0  0  0  5  0  0  0  0  1  0  0  0  0  16  2  1  0  0  0  0  1  0  
34  5948  1  6524  319  1388  1419  3456  5788  190420  787887  94  0  20  202  309  95  17386  18646  100747  7  835654  114216  9  792  17189  14  0  151  18693  3  2244  4  0  4  1  0  742  0  1016  82189  178156  41  0  22526  3  1978  3057  22575  184  26657  915  323  2742  29851  845  103738  332607  5223  464  163759  0  46  12  319339  12661  779  11403  2923  50  264  1  34046  79  0  0  0  0  0  1  1  0  22  10  5420  0  0  0  0  0  0  4  1  0  3  201  3  0  0  39  4  0  0  9  5  22  0  0  0  14  0  0  0  0  116  43  1  174  6  4  0  14  2  0  10  3  0  1  0  15  0  0  0  0  8  0  2  0  1  192  20  2  0  0  3  0  6  0  
69  1  195805  294035  390  6414  1954  56513  31330  185  0  5033  0  49  684  32776  3371  10379  2274  2  0  4  12  12  24  58018  47  659001  650198  53  2  1197  3  0  2  0  0  0  4  543  5007  2  1  1214  0  340221  1388  22408  70515  0  350  3296  568  5920  1512  1343  5468  201  87  134  259  0  121  22  1954  23635  435998  156457  214676  92  8971  0  1996  0  0  0  1  0  0  3  0  0  12  4  0  0  0  0  0  0  0  1  0  0  0  0  3  0  0  33  1  0  0  1  0  6  0  0  0  10  0  0  0  0  55  0  0  1  9  3  0  1  1  0  0  0  0  1  0  14  0  0  0  0  0  0  0  0  0  123  6  1  0  0  6  0  6  0  
1  0  233200  64  5  42  16  169954  126385  0  0  0  0  1  3  13245  10  37  23  0  0  0  0  0  0  31  10553  72573  1726  240602  0  9  0  0  0  0  0  0  0  7  81  0  0  15  210636  0  1  69  530  0  0  26  10  366  17  267  29  0  0  0  1  0  1  0  66  492  141827  13  426  0  104171  0  5  0  0  0  232  0  0  0  0  36  3457  0  0  0  0  0  0  440  0  0  0  0  0  0  0  0  0  0  0  0  0  708  0  0  0  0  0  0  0  0  0  0  0  0  0  0  0  4613  0  0  0  0  0  0  0  0  0  1  0  0  0  0  0  0  0  0  0  1  0  0  0  0  8215  0  0  0  
11494  0  0  49  1183  15677  7  2  16  21  0  1527  112921  3848  332  132  217  181693  12  0  4  0  218  182387  0  176  0  0  1  2  1521  47374  81  38  439  0  0  1  79266  451  427  0  136  336  53  0  0  2698  68513  1  0  4745  1217  735  40  8  10  2  1  0  2  722  13766  155488  54  495  221  360  271  2789  1  0  844  0  0  0  0  0  0  0  0  0  3  0  0  0  0  0  0  0  0  1  1  0  0  0  0  0  0  2  0  0  0  0  0  6  0  0  0  3  1  0  0  0  9  0  0  0  1  0  0  1  0  0  2  1  0  0  0  3  0  0  0  1  1  0  0  0  0  36  2  0  0  0  1  0  3  0  
8  0  0  845  21  250  29  10  550  5404  0  227  6  1  15  30  287299  178021  872  20  7  11  22721  5033  81  1956  31  2  94  64  23  15662  213546  28507  322988  8519  191  21218  5  71  175855  0  128144  3195  3304  5  26098  0  66249  1527  193  156  27  64  7271  767  548  124  2049  102  794  0  189  65  1967  3307  6507  251  205  110  51  12160  620226  70463  0  0  0  14  1  6  5  6  252  23  0  3  0  1  5  0  2  28  7  0  19  2  47  1  1  281  22  0  5  1  30  185  0  0  0  76  3  2  1  0  1212  0  11  4  36  24  5  143  50  0  10  27  4  5  0  116  3  1  5  3  26  0  5  0  6  1230  88  22  4  0  29  0  49  0  
47546  1  1723  399351  35294  41682  1737  1680  1981  12838  0  158683  4236  93472  14859  3687  114218  263361  50629  14  0  15  206  3833  84  6960  34  0  1509  63  136  47415  1711  13  29  8  0  2  70589  217803  200157  3  41  9465  107194  1  70442  25678  0  1  241  84399  35436  32476  5229  1282  22230  5839  25  33  95  1279  3543  14726  2882  15078  12028  165086  26709  4168  174  0  4913  75  0  0  0  1  1  16  1  2  47  2  0  1  0  1  0  0  1  2  3  0  3  0  6  0  1  80  9  0  0  0  5  99  0  0  0  18  0  0  1  0  169  0  1  1  9  5  3  15  8  0  0  4  0  2  0  33  1  0  1  1  6  0  3  0  0  949  24  4  0  0  14  0  16  0  
0  4  0  1  0  0  1  0  4  2  0  0  0  0  0  0  70  45  1  0  308527  6  226275  0  9  19  0  0  0  0  0  22  0  0  2323  0  445659  117008  0  0  58  0  217106  524  12  0  0  4201  3  0  10  0  0  0  45  0  1  0  68240  264531  74739  0  0  0  14  2  0  8  0  0  0  66691  125480  0  0  0  0  0  0  0  0  0  0  0  0  0  0  0  0  0  0  0  0  0  0  0  0  0  0  0  0  0  0  0  0  0  0  0  0  0  0  0  0  0  0  0  0  0  0  0  0  0  0  0  0  0  0  0  0  0  0  0  0  0  0  0  0  0  0  0  0  0  0  0  0  0  0  0  
0  254185  0  147  0  5  2  20  11  1  0  0  0  0  0  6  0  23  2547  0  51856  120822  3  0  21  40  0  0  0  1  0  3  0  0  0  0  0  34  0  1  41  18805  0  23981  668  0  0  16  66  0  0  5  0  32  296  3  14369  23  52989  2271  216450  0  0  0  40  31  10  247  38  0  2  0  406  0  0  0  0  0  0  0  0  0  0  0  0  0  0  0  0  0  0  0  0  0  1  90  0  0  0  0  0  0  0  0  0  0  0  0  0  0  0  0  0  0  1  0  0  2  0  0  0  0  0  0  1  0  0  0  0  0  0  0  0  0  0  0  0  0  0  0  0  0  0  0  0  0  0  0  
108016  0  1  294  40498  51163  723  805  81  46  0  244524  7  289041  703893  3160  45  3223  514  1  0  0  4  1553  17  1220  4  0  24905  2  9  1676  0  0  0  0  0  0  46422  76255  428  0  0  99  2814  0  4625  129  48832  0  78  0  216389  189036  884  99  1146  63  7  21  26  47971  110  2640  120  4107  2400  236694  5333  273  8  0  235  0  1  0  0  0  0  3  0  0  0  0  0  0  0  1  0  0  0  0  0  0  0  0  0  0  0  3  0  0  0  0  0  7  0  0  0  1  0  0  0  0  2  0  0  0  0  0  0  0  0  0  0  0  0  0  0  0  0  0  0  0  0  0  1  0  0  144  0  0  0  0  0  0  0  0  
124380  0  1  6  101945  23491  36  0  3  7  0  139  0  343  568950  57388  28  811  12  0  0  0  1  52  0  38  1  0  3  0  6  1387  0  0  0  0  0  0  81  3715  57  0  0  7  34  0  253  23  10201  0  0  378510  0  61718  21  3  4  1  0  0  0  6  75  98  25  1016  210  146  67  83  0  0  21  0  0  0  0  0  0  4  0  0  0  0  0  0  0  0  0  0  0  0  0  0  0  0  0  0  0  1  0  0  0  0  0  10  0  0  0  1  0  0  0  0  1  0  0  0  0  0  0  0  0  0  0  0  0  1  0  1  0  0  0  0  1  0  0  0  0  82  0  0  0  0  0  0  2  0  
720  0  14  4226  4222  83034  41856  102929  4374  7  0  90  0  26  647534  723113  49  2036  568  1  0  1  5  8  56  8860  33  1  3711  36  4  354  0  0  0  0  0  1  10  889  856  0  1  226  12296  6  750  354  42148  1  128  304857  73054  0  2782  277  822  97  8  22  47  0  51  17  1195  15592  15878  151422  258879  34  226  0  1036  0  1  0  0  0  3  14  0  0  0  0  0  0  0  0  0  0  0  0  0  0  0  0  0  0  0  1  0  0  0  0  0  6  0  0  0  1  0  0  0  0  3  0  0  0  0  0  0  0  0  0  0  0  2  0  0  0  1  0  0  0  0  0  0  0  0  128  0  0  0  0  1  0  2  0  
1  3  0  376  14  273  566  800  14541  174  0  1  0  3  20  35  45  3541  7761  32  0  195  820  0  195018  313360  1190  1  153  499  0  329  20  240  1  9731  0  13  0  14  96383  8  13  41931  1860  2  66  1821  4405  13  184  86  9  659  0  33283  7064  1454  167  29  1521  0  7  2  26614  3309  4347  8678  225  8  1586  1  311707  90  0  0  0  0  0  0  0  0  1  0  0  1  0  1  0  0  0  1  1  0  0  0  2  0  1  7  2  0  0  0  1  4  0  0  0  2  0  0  0  0  15  0  0  1  0  0  0  3  1  0  0  0  0  1  0  2  0  0  0  0  0  0  0  0  0  50  4  0  0  0  0  0  0  0  
1  0  0  71  6  255  395  311  38361  35  6  1  0  0  10  23  68  2564  9358  100405  0  2  7  1  517636  230993  859539  222  4424  18489  0  390  14  0  0  0  0  1  0  12  7122  0  0  11642  30091  83  63  2122  4029  0  145  202  14  702  97164  0  11163  109283  98  8  141  0  10  2  209967  9239  241242  9301  3136  7  245268  0  41705  0  0  0  0  0  0  0  0  0  4  0  0  0  0  0  0  0  0  0  0  0  0  0  1  0  0  6  0  0  0  0  0  3  0  0  0  0  0  0  0  0  20  0  0  0  1  0  0  0  1  0  0  0  0  0  0  2  0  0  0  0  0  0  0  0  0  32  1  0  0  0  1  0  1  0  
0  393420  0  235  3  30  12  2  68  7  1664  0  0  0  16  2  9  189  1355218  1366  5  180568  9  0  51526  39  2  0  15  3  0  29  0  0  0  0  0  13  0  0  707  599330  1  83143  5288  0  3  209  969  0  49758  67  2  290  347  4434  0  113936  168699  41  31670  0  1  0  23612  63  79  34525  32  1  8  0  125585  0  0  0  0  0  0  0  0  0  0  0  0  0  0  0  0  0  0  0  0  0  0  0  0  0  0  0  0  0  0  0  0  0  0  0  0  0  0  0  0  0  2  0  0  0  0  0  0  0  0  0  0  0  0  0  0  0  0  0  0  0  0  0  0  0  0  2  0  0  0  0  0  0  0  0  
0  5097  0  287  3  26  12  4  209  7  259777  0  0  0  5  2  5  174  596210  451776  0  26042  8  0  46405  313  21  0  3  17  0  15  0  0  0  0  0  0  0  1  221  52136  1  246229  6484  0  5  212  779  0  11410  32  3  138  1358  104057  183775  0  2291  2  2958  0  0  2  187311  173  229  4122  17  0  33  0  2608  0  0  0  0  0  0  0  0  0  1  0  4  0  0  0  0  0  0  0  0  0  0  0  0  0  0  1  0  0  0  0  0  0  0  0  0  0  0  0  0  0  0  0  0  0  0  0  0  1  0  0  0  0  0  0  0  0  0  0  0  0  0  0  0  0  0  2  0  0  0  0  0  0  1  0  
0  288865  0  917  0  35  28  20  12  11  1  0  0  0  15  7  2  71  238789  10  5418  11701  1348  0  239  108  1  0  2  1  0  7  0  0  5  0  102984  426147  0  2  373  374  213  35918  8384  0  3  243  228  881  144270  11  1  281  771  10  132411  287  0  226958  104585  0  0  0  216  193  41  3122  73  1  2  252  193863  0  0  0  0  0  0  0  0  0  1  0  0  0  0  0  0  0  0  0  0  0  0  0  0  0  0  0  0  0  0  0  0  0  0  0  0  0  0  0  0  0  1  0  0  0  0  0  0  0  0  0  0  0  0  0  0  0  0  0  0  0  0  0  0  0  0  0  0  0  0  0  0  0  0  0  
0  118666  0  199  0  4  7  14  10  4  0  0  0  1  2  2  4  46  105  0  400556  337  3700  0  27  29  0  0  0  0  0  1  0  0  151  0  486140  119335  0  0  38  13  572  18336  1141  0  0  219  58  257416  54333  0  0  30  834  1  128  4  225249  0  189608  0  0  0  13  27  10  364  39  0  2  154512  42457  1  0  0  0  0  0  0  0  0  0  0  0  0  0  0  0  0  0  0  0  0  0  0  0  0  0  0  0  0  0  0  0  0  0  0  0  0  0  0  0  0  0  0  0  0  0  0  0  0  0  0  0  0  0  0  0  0  0  0  0  0  0  0  0  0  0  1  0  0  0  0  0  0  0  0  
0  69865  0  782  0  50  39  101  245  80  4713  0  0  0  32  16  11  260  2063  216  491587  876773  295049  3  1075  201  0  0  2  12  0  41  0  0  56  0  1749  86724  0  3  520  22760  1394  195624  5206  0  9  314  539  61330  252154  21  3  376  14249  44  22152  6523  90400  177870  0  0  2  0  327  242  55  7090  202  1  18  621  66256  0  0  0  0  0  0  0  0  0  0  5  58  0  0  0  0  0  0  0  0  0  19  65  2  0  0  3  0  0  0  0  1  3  0  0  0  1  0  0  0  0  9  1  0  13  1  0  0  0  0  0  103  0  0  0  0  1  0  0  0  0  33  0  1  0  0  2  0  0  0  0  0  0  0  0  
96540  0  0  2  4  103  0  0  0  0  0  2  39141  40095  106329  1  0  2  0  0  0  0  0  174998  0  0  0  0  0  0  1  29  0  0  0  0  0  0  22677  44  0  0  0  0  0  0  155  0  242  0  0  74358  42  0  0  0  0  0  0  0  0  0  2  60293  0  11  0  5  0  2  0  0  1  0  0  0  0  0  0  0  0  0  0  0  0  0  0  0  0  0  0  0  0  0  0  0  0  0  0  0  0  0  0  0  0  0  0  0  0  0  0  0  0  0  0  0  0  0  0  0  0  0  0  0  0  0  0  0  0  0  0  0  0  0  0  0  0  0  0  0  0  0  0  0  0  0  0  0  
17  0  0  0  6  29225  0  1  19  19  0  1  289  46  1  0  6  11143  1  0  6  3  235  321939  0  135  0  0  0  3  263556  308570  0  0  1  0  0  0  1146  2  458  0  21  332  0  0  43074  143  312  2  0  14  2  0  41  1  2  0  1  0  3  7  0  91154  42  21  1  4  2  89002  0  0  893  0  0  0  0  0  0  0  0  0  9  1  0  0  0  1  0  0  0  1  0  0  1  0  1  6  0  4  0  0  0  0  49  7  0  0  0  2  0  0  0  0  15  0  0  0  1  0  0  1  1  0  10  0  0  0  0  4  0  0  0  0  0  0  2  0  0  26  0  0  0  0  1  0  1  0  
37193  0  0  4  3535  28322  1  2  0  6  0  251  45235  40177  199  1108  38  3593  2  0  1  1  30  724343  0  22  0  0  0  0  426  26259  0  8  44  0  0  0  188307  980  65  0  240  40  1  0  193636  37  13482  0  0  2946  799  16  5  0  1  2  0  0  1  92295  40678  0  12  1678  6  41  9  11947  0  0  236  0  0  0  0  0  0  4  0  1  4  0  0  0  0  0  0  0  0  0  1  0  0  0  1  0  0  3  0  0  0  0  0  11  0  0  0  1  0  0  0  0  11  0  0  0  0  0  0  0  2  0  1  0  0  0  0  1  0  0  0  0  0  0  0  0  1  115  1  1  0  0  0  0  1  0  
3  230  0  1213  11  502  2620  996  51305  5906  363754  10  0  3  29  26  153  6565  117359  590108  1  5317  84  7  5529  4622  312345  3  960  728463  0  1195  7  0  0  0  0  7  0  100  7369  2582  2  331028  22830  13  389  3291  7358  0  5722  419  25  1202  26468  105861  121248  208419  2628  83  4101  0  24  4  0  25731  3735  6165  505  32  135862  0  28181  3  0  0  0  0  1  0  1  0  20  11  7899  0  0  0  0  0  0  3  0  170  0  10  2  0  0  12  3  0  0  426  0  4  0  0  0  1  0  0  0  0  41  0  0  1  2  4  1  4  5  0  1  2  1  0  0  9  0  0  0  0  0  0  0  0  24  134  8  2  0  0  2  0  1  0  
706  1  13  755  324  408072  211194  179809  316135  324820  3  45  0  51  209  7298  383  38322  2809  15  0  40  119  401  9  8216  254  7  1680  53580  11  103753  26  1  3  0  0  1  71  407  16951  0  52  19950  11687  27  989  9127  32685  0  121  3133  392  3827  8590  3805  724  263  21  4  30  3  214  1749  51282  0  6687  3090  4427  241  461  0  17989  490  1160  0  0  16  239  19923  1745  3218  4235  226  1  2  1  25  85  218  2  222  2  0  2  70  120  19  1  521  81  4  224  47  35  3404  0  0  0  79  1  0  26  0  1673  0  6  2  3043  222  68  55  109  0  7  124  173  118  0  920  2  1  3  2  11  118  52  33  14  399178  721  19  107  84  2157  0  508  0  
9  0  54815  53295  50  2150  2839  460  25799  31  0  5  0  2  95  1476  437  4349  1421  20  0  1  4  1  94  755111  307907  413159  6817  34593  1  532  7  0  1  0  0  0  1  15  42111  1  0  4854  266894  144410  31  5804  10051  0  42  229  77  3056  17317  288374  280  1256  11  5  23  0  18  4  8393  34869  0  6784  19065  11  101082  0  536  1  0  0  0  0  0  0  0  1  6  1  0  0  0  0  1  0  0  3  0  0  0  0  0  0  0  11  0  0  0  0  0  7  0  0  0  1  0  0  0  0  22  0  0  0  1  0  1  2  0  0  0  0  1  1  0  3  0  0  0  0  0  0  0  0  0  57  5  0  1  0  2  0  3  0  
594  1  1  114312  2001  6645  1160  89  859  17  0  194880  0  713  210248  514  23  4190  2034  4  1  0  6  48  160  7851  16  0  368940  19  1  749  0  0  0  0  0  0  303  11126  948  1  1  221  315032  11  6894  93  128453  1  410  317848  1786  117402  5496  439  5046  262  29  54  158  20  82  102  351  3562  12952  0  104543  80  504  0  1362  0  0  0  0  0  0  1  0  0  1  0  0  0  0  0  1  0  0  0  0  0  0  0  1  0  0  2  0  0  0  0  0  5  0  0  0  0  0  0  0  0  4  0  0  0  0  0  0  0  1  0  1  0  1  0  0  1  0  0  0  0  0  0  0  0  0  210  2  0  0  0  0  0  1  0  
119  0  42610  8098  647  10016  11050  130920  11845  16  0  84  0  45  56760  144483  275  2717  1302  0  0  2  12  5  6  5553  24  48  420458  8  2  351  7  0  0  0  0  0  8  878  1242  0  0  229  196112  488  223  3096  15526  0  17  10478  902  314182  404  429  1913  159  4  5  21  0  25  13  328  21224  41352  95476  0  27  8535  0  319  2  0  0  0  0  1  2  0  0  8  0  0  0  0  0  0  0  0  0  0  0  0  0  0  0  0  10  1  0  0  0  0  5  0  0  0  4  0  0  0  0  15  0  0  0  3  1  0  0  0  0  0  2  0  0  0  1  0  0  0  0  0  0  0  0  0  52  1  1  1  0  1  0  3  0  
70257  1  0  1  72383  367801  0  2  5  13  0  1  0  48  7  128364  10  2209  0  0  1  1  90  144162  0  68  0  0  0  1  304735  198064  0  0  0  0  0  0  88  14  204  0  0  145  1  0  1972  64  451  0  1  47  6  1  18  0  0  0  0  0  2  2  82589  25494  21  72  2  1  0  0  0  0  594  0  1  0  0  1  0  2025  0  0  3  0  0  1  0  0  0  979  0  0  0  0  0  0  0  37  0  7  1  0  0  0  4217  600  0  0  0  2  0  0  0  0  5  0  0  0  1  0  0  0  0  0  0  1  0  0  0  0  0  0  0  0  1  0  14  0  0  53  2  2  0  1623  0  0  0  0  
1  0  0  29  0  81  68  114  323151  14  2  0  0  0  0  11  29  949  2167  957  0  1  0  1  43  2048  49874  84  667  371963  1  145  4  0  0  0  0  0  0  3  3048  0  0  648  5141  109509  7  1757  1102  0  10  36  4  377  1477  191733  1311  181  10  1  18  0  5  0  79204  6626  87961  187  881  4  0  0  293  2  0  0  0  0  0  0  0  7  4064  26  42  0  0  0  0  0  0  0  0  2  0  1  1  0  0  5  0  0  0  20945  0  0  0  0  0  3  0  0  0  0  21  0  0  0  0  30  0  1  0  0  0  0  0  0  0  2  0  0  0  0  0  0  0  0  0  56  0  0  0  0  146295  0  1  0  
0  0  0  0  0  0  0  0  1  0  0  0  0  0  0  0  6  4  0  0  6  0  849  0  7  3  0  0  0  0  0  1  0  365  45056  0  1003278  824720  0  0  11  0  76836  88  1  0  0  2782  1  92055  0  0  0  0  13  0  0  0  27127  153385  6423  0  0  0  2  0  0  5  0  0  0  0  119992  0  0  0  0  0  0  0  0  0  0  0  0  0  0  0  0  0  0  0  0  0  0  0  0  0  0  0  0  0  0  0  0  0  0  0  0  0  0  0  0  0  0  0  0  0  0  0  0  0  0  0  0  0  0  0  0  0  0  0  0  0  0  0  0  0  0  0  0  0  0  0  0  0  0  0  
19  92  1  1560  23  413  305  235  1486  1169  7  2  0  1  222  57  1250  32877  330767  1243  160  682  52674  33  833711  41765  3  1  50  182  5  12350  30472  478994  153872  21800  4612  1519589  2  39  46870  28  162063  94831  18182  0  195  633987  6015  60593  12838  107  17  3238  451095  59925  104937  2701  156883  30084  121018  0  222  88  42761  1628  178  76975  282  121  67  96591  0  16491  0  0  0  4  1  2  3  2  57  3  0  2  0  1  0  0  1  8  3  0  9  0  17  1  0  86  6  0  0  0  25  60  0  0  0  17  0  0  0  0  363  0  5  3  11  6  0  67  18  0  14  8  0  2  0  38  1  1  0  0  17  0  2  0  0  228  24  9  4  0  8  0  21  0  
0  0  0  139  3  4  0  0  7  752  0  0  0  0  0  0  25  1898  2  0  0  1  13  1  1  454  0  0  0  3  0  66  289131  66922  37  147734  0  2  0  8  69678  0  2  379  72  0  2  114231  1271  0  5  13  0  1  643  6  16  0  2  0  1  0  2  1  21  253  2  20  1  1  1  0  33390  0  0  0  0  0  0  0  0  0  2  1  0  0  0  0  0  0  0  1  1  0  0  0  4  0  0  12  2  0  0  0  0  4  0  0  0  4  0  0  0  0  50  0  2  0  2  0  0  7  3  0  1  1  0  0  0  3  0  0  0  0  4  0  0  0  0  50  3  0  0  0  0  0  3  0  
0  0  0  0  0  24  0  0  0  0  0  0  0  0  0  0  0  0  0  0  0  0  0  1  0  0  0  0  0  0  228  1  0  0  0  0  0  0  0  0  0  0  0  0  0  0  0  0  0  0  0  0  0  0  0  0  0  0  0  0  0  0  0  0  0  19  0  0  0  83  0  0  0  0  0  0  0  15  170724  46370  121  10  148  3  0  85  3676  5086  41476  58452  1  72  1  0  0  0  16  366972  0  17  9  1  10  0  86259  7622  0  0  0  10  0  0  64397  0  149  0  0  1  211  17  5123  0  6317  0  2  26819  244761  94  0  670  1  1  0  0  2  246828  4225  14601  18  4566  29  46  15  72851  75  0  28  0  
0  0  0  0  0  0  0  0  0  0  0  0  0  0  0  0  0  0  0  0  0  0  0  0  0  0  0  0  0  0  0  0  0  0  0  0  0  0  0  0  1  0  0  0  0  0  0  0  0  0  0  0  0  0  0  0  0  0  0  0  0  0  0  0  0  1  0  0  0  0  0  0  0  0  0  0  0  3  0  0  0  0  11  1  0  0  0  0  0  0  0  0  547637  0  291381  7  4  0  0  8  0  0  1  0  0  0  0  0  0  4  1630  5325  0  0  9  200866  0  11  0  0  0  0  7  0  288851  0  0  0  0  4  10908  0  161639  149438  5938  0  0  0  0  4  1  1  0  0  3  561  258  0  
0  0  1428  0  0  0  0  748  22  0  0  0  0  0  0  731  0  0  0  0  0  0  0  0  0  0  0  0  0  4  0  0  0  0  0  0  0  0  0  0  0  0  0  0  0  304  0  0  0  0  0  0  0  0  0  0  0  0  0  0  0  0  0  0  0  0  0  0  0  0  0  0  0  0  0  0  0  0  0  0  329  14954  95  0  0  0  0  0  0  393574  0  0  0  0  0  0  0  0  0  4  86448  108808  227695  50940  0  0  0  0  0  0  0  0  0  0  9  0  0  0  341633  352905  0  0  0  0  0  0  0  15  0  3  0  0  0  0  0  0  0  0  0  2  106361  0  298  0  55  0  1  0  
0  0  0  0  0  0  0  0  0  0  0  0  0  0  0  0  0  0  0  0  0  0  0  0  0  0  0  0  0  0  0  0  0  0  0  0  0  0  0  0  0  0  0  0  0  0  0  0  0  0  0  0  0  0  0  0  0  0  0  0  0  0  0  0  0  12  0  0  0  0  0  0  0  0  21  0  0  0  39  170  506  90  2792  103  0  326991  0  92  80  29  498  1458  105  0  1  0  25  6  4  431113  208  101489  108671  0  0  24  17901  551  157  4269  0  0  86  72  97706  0  1  18  91856  409  430  722  450109  0  4  541  80  233  605  11441  63  8  6  0  2  4  8  14  230  2050  1934  109406  1101  0  2447  0  237  17  
0  0  0  0  0  7  3  2  0  0  0  0  0  0  0  9  0  1  0  0  0  0  5  0  0  0  0  0  0  0  0  0  0  0  0  0  0  0  0  0  0  0  0  0  0  0  0  1  1  0  0  0  0  0  0  0  0  0  0  0  0  0  0  0  0  141  0  0  0  0  0  0  0  0  120423  0  0  32  0  254290  1173  191  2043  8  0  435  3  2520  82158  429007  2  117  31  1  0  0  52  90  1  367  488  1  28  0  21  5688  0  0  0  133  0  0  2938  0  726  0  1  23  234  192  6316  6  9356  0  0  11317  511662  2380  2  11446  10  17  0  1  1  11509  232  1327  147  5866  2033  105  246  32129  830  0  144  0  
2  0  0  0  20  10775  295  37  3  0  0  0  0  0  0  2394  1  16  0  0  0  0  4  1  0  0  0  0  0  0  63  1042  0  0  0  0  0  0  0  0  1  0  0  1  0  0  2  1  14  0  0  0  2  0  1  0  0  0  0  0  0  0  0  2  0  16568  0  0  1  706  0  0  3  0  37732  0  0  38  492277  0  302745  10625  2974  10  0  2557  6  2878  99387  683352  5  703  11  0  1  0  203  149665  3  246  130  1  30  0  5693  198666  0  0  1  78  0  0  1012  0  872  0  2  12  749  2489  3832  25  5344  0  8  16222  59215  88780  4  4250  9  5  4  4  10  638  72969  50713  61  542082  493  144  1196  195846  674  1  813  0  
0  0  0  0  0  435  5060  167  0  0  0  0  0  0  0  3365  0  0  0  0  0  0  0  0  0  1  0  0  0  0  0  0  0  0  0  0  0  0  0  0  3  0  0  1  0  0  0  1  1  0  0  0  0  0  0  0  0  0  0  0  0  0  0  0  0  587  0  0  0  0  0  0  2  0  45  0  2  190  523  377293  0  325259  35981  13  0  315  0  170  12018  431043  3  367  21  0  1  0  145  23  4  1137  151  9  692  2  0  264  0  0  0  78  0  0  15  0  815  0  2  11  1300  7764  525  12  1212  0  9  10461  2737  327562  9  16143  17  10  2  0  14  46  38  30  166  223859  487  1368  9195  1  24511  0  548  0  
0  0  8  0  0  62  2437  35561  7256  2  0  0  0  0  0  12282  0  1  0  0  0  0  0  0  0  0  0  0  0  33  0  4  0  0  0  0  0  0  0  0  7  0  0  0  1  73  0  5  1  0  0  1  0  3  1  0  0  0  0  0  0  0  0  0  1  3457  0  0  0  0  4  0  5  0  6  0  1781  40  25  4177  280596  0  122147  10  0  4  0  1  60  440886  12  1970  43  0  1  0  899  31  4  367  81  4  145611  42  1  27  0  0  0  48  0  0  0  0  3188  0  6  11  60528  190410  88  46  565  0  20  44  86  25947  0  4437  21  1  22  4  36  1  198  6  301  224419  322  54  370406  0  4410  0  1910  0  
0  0  48  0  0  1  20  500  65646  127  0  0  0  0  0  68  0  7  0  0  0  1  0  0  0  0  0  0  0  21013  0  3  0  0  0  0  0  0  0  0  3  0  0  14  0  2317  0  6  4  0  0  0  0  0  3  0  0  0  0  0  0  0  0  0  7  2067  0  0  0  0  9451  0  2  0  7  0  176  550  27  70  53878  87359  0  65459  0  29  0  17  164  751  7  312  507  0  3  7  170  4  37  8332  1027  8  131  22248  0  15  0  0  0  2534  28  23  5  0  13623  0  0  15049  697  124595  76  55  1748  0  19  100  176  758  1  2761  408  36  23  38  390  3  23  3  6587  277751  3962  383  446  0  204820  1  663  0  
0  0  0  0  0  0  0  0  1183  197  1  0  0  0  0  0  0  9  0  0  0  47  0  0  0  1  0  0  0  5433  0  1  0  0  0  0  0  0  0  0  4  0  0  22  0  0  0  14  6  0  0  0  0  0  9  0  0  0  0  0  1  0  0  0  16  232  1  1  0  0  181  0  8  1  5  0  2  761  20  19  131  31  98952  0  1  33  1  29  14  2  22  173  380  0  14  4822  20281  4  29  16030  269  5  55  43537  3  21  0  0  2  2453  235  45  4  0  16508  4  19  98374  352  484  94  584  1982  0  80  53  55  129  0  1460  84  7  78  541  4464  1  7  3  1554  86034  1273  160  113  0  25242  5  475  0  
0  0  0  0  0  0  0  0  0  1  70185  0  0  0  0  0  0  0  0  12900  0  14877  0  0  0  0  13  0  0  28873  0  0  0  0  0  0  0  0  0  0  0  92  0  4114  0  0  0  0  0  0  0  0  0  0  0  0  0  4  0  0  60  0  0  0  2670  10  0  0  0  0  6  0  0  0  0  0  0  0  0  0  0  0  0  36  0  0  0  0  0  0  0  0  651  470216  0  83973  0  0  0  0  12  0  0  31227  0  0  0  0  0  0  0  0  0  0  4  136596  0  569431  0  0  0  0  0  0  0  0  0  1  0  2  268  138700  0  0  7  0  0  0  253573  3  0  0  0  0  0  0  0  0  
0  0  0  0  0  0  0  0  0  0  0  0  0  0  0  0  0  1  0  0  0  0  0  0  0  0  0  0  0  0  0  0  0  0  0  0  0  0  0  0  0  0  0  0  0  0  0  0  0  0  0  0  0  0  0  0  0  0  0  0  0  0  0  0  0  20  0  0  0  0  0  0  0  0  41  0  0  418639  614  1638  363  6  211  4  0  0  551  146534  1327  2  1743  25228  10  0  0  0  4  1440  0  2125  13  17  3904  0  0  132  9801  836  3965  36  0  0  7094  134245  100  0  2  2  431  17  1838  635  318599  0  1  95330  540  83  2  723  6  0  1  0  1  4  11  7  15  2649  27  255752  21  0  64  0  46  2  
0  0  0  0  0  0  0  0  0  0  0  0  0  0  0  0  0  0  0  0  0  0  0  0  0  0  0  0  0  0  0  0  0  0  0  0  0  0  0  0  0  0  0  0  0  0  0  0  0  0  0  0  0  0  0  0  0  0  0  0  0  0  0  0  0  0  0  0  0  0  0  0  0  0  2966  0  0  1  9  152  0  0  2  0  0  520  0  55046  3268  0  0  68  0  0  0  0  0  149417  0  0  0  0  1  0  9  63  0  18  9  0  0  0  145593  14  24  0  0  0  19  1  138447  0  76  0  0  37  10  1  0  18  0  0  0  0  0  121951  3774  59717  0  14  1  1  0  0  3  0  0  0  
0  0  0  0  0  1  1  0  0  0  0  0  0  0  0  0  0  0  0  0  0  0  0  0  0  0  0  0  0  0  0  0  0  0  0  0  0  0  0  0  0  0  0  0  0  0  0  0  0  0  0  1  0  0  0  0  0  0  0  0  0  0  0  0  0  24  0  0  0  0  0  0  0  0  7719  0  0  52  6466  5603  295  15  245  4  0  251176  53720  0  31127  24  1  395  5  0  0  0  6  2836  0  63  35  0  21  0  6  354  0  0  0  15  0  0  266971  85573  117  0  0  3  71  34  30638  0  165677  0  0  336444  4053  173  0  1326  2  1  0  0  1  47734  65  44  23  4096  153  1893  24  4  142  0  33  0  
0  0  0  0  0  2  1  0  0  0  0  0  0  0  0  0  0  0  0  0  0  0  0  0  0  0  0  0  0  0  0  0  0  0  0  0  0  0  0  0  0  0  0  0  0  0  0  0  0  0  0  0  0  0  0  0  0  0  0  0  0  0  0  0  0  80  0  0  0  0  0  0  0  0  48419  0  0  82  66705  84410  4100  113  856  1  0  1335  15999  67005  0  80311  0  187  18  0  0  0  28  74527  2  271  99  2  155022  1  0  256  0  0  0  99  0  0  16  0  325  0  0  12  6254  47  263  0  1271  0  0  1252505  1638151  535007  20  6241  11  12  3  2  0  134008  19  23  117  3934  789  185015  199207  0  559  0  137  0  
0  0  301  0  30  3853  288  18876  52  0  0  0  0  0  0  22305  0  0  0  0  0  0  0  0  0  0  0  0  0  1  1220  466  0  0  0  0  0  0  0  0  0  0  0  1  0  266  1  0  0  0  0  0  0  0  0  0  0  0  0  0  0  0  0  0  0  46  0  0  0  1645  0  0  0  0  69217  0  282626  50  561005  792727  590452  459219  824  2  0  23  0  40  114199  0  1  52  5  0  0  0  16  12580  0  255  60  241  280450  250  53471  487  0  0  0  21  0  0  13  0  186  0  0  3  72596  52046  36  5  369  0  1  245  71643  791182  1  2249  7  4  0  0  1  15  1724  1790  82  1748  251  154  206547  282995  789  0  50  0  
0  0  0  0  0  1  0  0  1  17  0  0  0  0  0  0  0  9  0  0  0  0  0  0  0  1  0  0  0  4  0  0  0  0  0  0  0  0  0  0  6  0  0  8  0  0  0  13  4  0  0  0  0  0  1  1  0  0  0  0  0  0  0  0  1  13  0  0  0  0  0  0  11  0  8  0  1  670  1  6  41  15  639  159  0  2859  0  1  3  2  0  355523  14  0  1  1  137830  7906  3  2223  58  3  150  1  23  84  21959  36  121582  202  1  5  1  0  59191  0  31030  27  6884  93  5102  232040  56225  16  16  5  2  25  0  2571  6  3  8  6  55  0  236  57  56  933  308  14  163  0  673  15  563  8  
0  0  0  0  0  1  0  1  1  23  0  0  0  0  0  0  0  20  0  0  0  0  2  0  0  0  0  0  0  6  0  4  0  0  0  0  0  0  0  0  2  0  0  8  0  0  0  33  9  0  0  0  0  0  1  0  0  0  0  0  0  0  0  0  5  28  1  0  0  0  0  0  15  0  149  0  0  1828  400  1398  1485  38  2188  191  0  18308  16  655  1087  13  261144  0  41  0  5  0  146512  151943  1  1499  159  2  138  1  208  851  3425  43  26977  236  1  6  7  398  13443  0  12816  41  6307  326  179405  8895  200177  12  15  694  568  230  0  10954  15  8  14  7  84  28  5793  1741  243  2230  570  28  420  0  1439  9  866  0  
0  0  0  0  0  1  0  0  0  0  0  0  0  0  0  0  0  0  0  0  0  0  0  0  0  0  0  0  0  1  0  0  0  0  0  0  0  0  0  0  2  0  0  0  0  0  0  0  0  0  0  0  0  0  0  0  0  0  0  0  0  0  0  0  0  21  0  0  0  0  0  0  0  0  16  546191  0  1653  105  124  638  129  405  13  991  172  0  89  275  41  8  236  0  72296  2439  24939  41  6  138325  2818  180  51  144  9  3  15  0  0  0  47  104  25440  24  0  1004  276570  12  121285  3378  80  362  90  7230  0  157225  583  1071  1270  4  116996  1318146  737213  149966  373  89223  17  14  4  8957  609  145  9249  204  0  395  16301  332722  0  
0  0  0  0  0  0  0  0  0  0  305  0  0  0  0  0  0  0  0  37  0  0  0  0  0  0  28  0  0  745  0  0  0  0  0  0  0  0  0  0  0  0  0  0  0  0  0  0  0  0  0  0  0  0  0  0  0  0  0  0  0  0  0  0  125  0  0  0  0  0  2  0  0  0  0  0  0  0  0  0  0  0  0  0  446360  0  0  0  0  0  0  0  86006  0  0  50  0  0  4657  0  134676  0  0  33183  0  0  0  0  0  0  0  0  0  0  0  180565  0  209773  0  0  0  0  1  0  35  0  0  0  0  157092  21433  395680  0  0  127  0  0  0  163475  0  0  0  0  0  129  0  0  0  
0  1  0  0  1  3  0  0  0  52  0  0  0  0  0  0  0  31  3  0  0  62  24  0  0  10  0  0  0  0  0  9  0  0  0  0  0  0  0  3  162  0  0  20  2  0  0  38  24  0  7  2  1  0  19  0  6  1  0  0  7  0  0  0  2  34  0  2  0  0  0  0  55  1  0  289918  0  65  1  2  0  1  153  44  0  0  0  0  0  0  5  36  2801  0  0  6385  165654  20  36  337  14  0  2  0  303  967  0  0  24  67  96148  1119  0  0  766  14187  1678  30  16  20  7  229  143  363149  195406  1  1  3  0  201  77  2  108510  692871  769746  0  43  0  3  166  51  10  0  0  31  494  24032  3  
0  22  0  0  0  0  0  0  10  348  3000  1  0  0  0  0  0  8  0  1  5  18186  8  0  0  6  0  0  0  1251  0  6  0  0  0  0  0  0  0  2  42  66  0  398  1  0  1  14  5  0  11  0  0  0  5  0  2  0  1  0  21  0  1  0  8  355  0  1  0  0  3  0  22  1  0  27  0  17  1  2  6  1  94  4157  45951  1  0  0  2  0  2  17  28605  193  8559  0  72734  7  1  280  7  0  2  11741  112  369  0  0  0  61  1  0  0  0  456  369789  13  819511  11  10  3  42  40  0  57283  8  4  7  0  72  42137  249  285  5  642619  1  28  0  919  173  20  15  3  0  19  0  305  0  
0  0  0  0  1  0  0  0  2  72  0  0  0  0  0  0  0  37  0  0  0  4  8  0  0  7  0  0  0  5  0  12  0  0  0  0  0  0  0  2  53  0  0  19  1  0  1  60  19  0  2  0  0  0  9  0  1  0  0  0  1  0  0  0  10  45  4  1  0  1  1  0  49  0  3  1  2  427  16  21  75  8  3117  15602  0  46  0  9  18  2  78593  161884  217  0  155446  42943  0  33289  90  9146  172  1  39  5  283  1558  3  16  212239  1654  5524  188  2  0  12626  4  463298  79069  232  582  636  14226  1146  230137  388  32  54  114  0  2844  222  5  278  5819  535176  2  2243  40  350  1874  770  48  73  0  1754  20  28234  57  
0  0  0  0  0  5  0  0  0  5  0  0  0  0  0  0  0  4  0  0  0  0  6  31  0  0  0  0  0  0  1338  9  0  0  0  0  0  0  0  0  4  0  0  2  1  0  0  10  5  0  0  0  0  0  1  0  1  0  0  0  0  0  4  0  0  9  0  1  1  74  0  0  8  0  350802  0  0  14  823  69461  102  4  179  5  0  1499  272229  4490  86819  10184  6195  186091  3  0  12  12  66422  0  0  107  12  1  6  0  219340  22124  19  1786  2823  19  0  0  136318  1  3229  0  4876  1  535  25  423889  575  862  0  5  323  92  22  0  782  4  0  3  0  18  239509  578761  1052124  12  691  58  14  26  66967  108  0  347  0  
0  0  0  0  0  0  0  0  0  0  0  0  0  0  0  0  0  1  0  0  0  0  0  0  0  0  0  0  0  19  0  0  0  0  0  0  0  0  0  0  0  0  0  1  0  0  0  0  1  0  0  0  0  0  0  0  0  0  0  0  0  0  0  0  0  0  0  0  0  0  0  0  1  0  2  0  0  148  24  17  47  6  254  5  0  8  0  4  19  4  0  11  129635  536  662  5  44  0  0  444818  70983  4  8  16  0  3  4  48833  1  143693  362  1079  1  1  6596  0  17  3142  170  11  25  98  450  1  3575  30  58  76  144313  648475  141  9814  2114  1072  6728  0  0  0  125  53  725  220  16  0  114  40  877476  1  
0  0  0  0  0  3  3  0  3  1  0  0  0  0  0  0  0  3  0  0  0  0  0  0  0  1  0  0  0  1  0  1  0  0  0  0  0  0  0  0  3  0  0  3  0  0  0  5  7  0  0  0  0  0  2  0  1  0  0  0  0  0  0  0  1  135  0  0  0  0  0  0  2  0  165  1  11  277320  167  632  1859  364  7861  953  0  969  0  1063  646  162  1198  1648  486  0  12  3  284  80  282618  0  20534  181503  761  11  3  93  72521  20186  3  551313  67  1013  209  0  436029  0  16  297  140294  1458  3792  462  34831  0  49  1772  827  3938  170404  184170  251  60  71  210  430  23  88  54  315  21087  472209  6944  2002  0  5236  11  34047  1379  
0  0  0  0  0  0  0  0  0  0  1  0  0  0  0  0  0  0  0  0  0  0  0  0  0  0  22  0  0  695  0  0  0  0  0  0  0  0  0  0  0  0  0  0  0  0  0  0  0  0  0  0  0  1  0  0  0  0  0  0  0  0  0  0  0  4  0  0  0  0  1  0  1  0  0  0  119239  12  175  118  311  50  665  5  24  2  0  5  25  13  7  39  83  143870  0  0  13  2  29663  61550  0  2123  337  651860  0  3  0  0  0  392  0  0  3  0  3310  0  1  14  560  77247  30  18  94  0  2  32  114  216  8453  836409  6  619  0  0  6  2  7  1  57378  1427  582737  14  675  0  104496  0  51  0  
0  0  0  0  0  0  0  0  0  0  0  0  0  0  0  0  0  0  0  0  0  0  0  0  0  0  0  0  0  0  0  0  0  0  0  0  0  0  0  0  0  0  0  0  0  0  0  1  0  0  0  0  0  0  0  0  0  0  0  0  0  0  0  0  0  4  0  0  0  0  0  0  0  0  1  0  115755  116047  2  9  46  17  75  0  0  18  1  14  22  3081  3  36  1  0  0  0  5  0  0  229797  1776  0  50033  0  0  3  0  0  1  17  0  0  5  0  72  0  0  0  950347  6964  90  0  1929  0  1  49  72  66  3  162  0  0  0  0  1  1  5  2  4  209  514617  423  25  0  52  0  26  0  
0  0  2  0  0  1  0  2  0  0  0  0  0  0  0  7  0  2  0  0  0  0  0  0  0  0  0  0  0  0  0  0  0  0  0  0  0  0  0  0  0  0  0  0  0  0  0  0  1  0  0  0  0  0  0  0  0  0  0  0  0  0  0  0  0  20  0  0  0  0  0  0  1  0  2  0  154001  137358  38  88  894  73909  1251  9  0  10191  0  14  140936  241052  3  167  7  0  0  1  57  3  1  190  133  72671  0  3  0  6  0  0  1  43  0  0  5  0  822  0  1  4  1069422  8185  220  5  3347  0  4  5256  44  2857  2  4111  5  0  2  1  3  1  28  5  214  486  1515  396004  576012  0  546  0  370  0  
0  0  442  0  0  0  0  25  7743  54  158  0  0  0  0  27  0  0  0  125  0  57  0  0  0  0  1252  0  0  182579  0  0  0  0  0  0  0  0  0  0  0  0  0  16  0  1015  0  1  0  0  0  0  0  0  0  0  0  0  0  0  0  0  0  0  146  60  0  0  0  0  12374  0  0  0  0  0  54162  4  0  0  2  879  30620  46562  41233  0  0  1  0  468  0  0  2  44125  0  18318  0  0  10  13  588441  0  0  0  0  0  0  0  0  1  0  0  0  0  50  0  0  28591  7  321173  0  2  5  0  1  0  0  0  0  115650  0  180  0  0  1  0  0  0  519180  33  793  0  0  0  417461  0  4  0  
0  0  0  0  0  1404  0  0  0  12  0  0  0  0  0  12  0  14  4  0  0  0  0  128  0  0  0  0  0  0  21118  432  0  0  0  0  0  0  0  0  17  0  0  6  0  0  1  26  8  0  1  0  0  0  3  0  3  0  0  0  0  0  24  1  1  39  0  0  0  5490  0  0  14  0  52871  0  0  6  165  17856  14  4  151  6  0  1  1  11  9  39251  61  2719  10  0  3  5  4927  206890  2  116  15  0  13  0  0  154239  0  0  1  24  0  0  55  0  926  0  8  4  910  22  463  136  159  0  4  76  22  7  0  604  5  0  3  0  13  112  346112  1031  16  269  53  2  27  209259  88  0  227  0  
15  0  0  1  7  569  0  1  1  11  0  0  0  0  1  42  5  167  4  0  1  0  47  10  0  5  0  0  0  1  201  52450  0  0  0  0  0  0  2  0  43  0  1  24  2  0  37  37  158  0  1  9  2  0  5  0  4  1  0  0  1  0  19  34  5  740  1  0  3  271  0  0  73  0  4158  0  0  49  830  125868  101  33  442  32  0  14  1  37  75  301  29  2370  36  0  19  36  1926  7649  2  416  33  1  31  1  134237  0  0  0  7  77  0  1  240  0  1840  2  32  19  1941  72  1507  561  337  0  31  357  100  36  0  1717  11  0  44  1  59  423  189145  4810  30  71366  185  12  73  35140  209  1  3435  0  
0  0  0  0  0  0  0  0  0  0  0  0  0  0  0  0  0  0  0  0  0  0  0  0  0  0  0  0  0  0  0  0  0  0  0  0  0  0  0  0  0  0  0  0  0  0  0  0  0  0  0  0  0  0  0  0  0  0  0  0  0  0  0  0  0  0  0  0  0  0  0  0  0  0  0  0  0  12662  0  0  0  0  0  0  0  7393  0  0  0  0  23069  1403  0  0  0  0  0  1  4  48852  0  0  0  0  0  0  0  106341  130518  199531  0  0  0  0  184958  0  0  0  0  0  1  208013  3026  0  0  0  0  0  0  0  0  0  0  0  0  0  0  0  0  0  0  0  0  0  0  0  2  181934  
0  0  0  0  0  0  0  0  0  0  0  0  0  0  0  0  0  0  0  0  0  0  0  0  0  0  0  0  0  0  0  0  0  0  0  0  0  0  0  0  0  0  0  0  0  0  0  0  0  0  0  0  0  0  0  0  0  0  0  0  0  0  0  0  0  1  0  0  0  0  0  0  0  0  0  0  0  1219  0  0  1  0  9  2  0  2130  228  2  0  0  15  13  2  0  1  0  73  2962  45571  22998  0  0  1  0  0  0  92214  0  748337  317830  15  84966  0  0  28061  0  181151  1  1  0  12  54221  13  36  0  0  0  0  0  5  1  0  7  21  181  0  0  235  0  1  0  1  0  0  3  78  792774  152999  
0  0  0  0  0  0  0  0  0  10  0  0  0  0  0  0  0  4  0  0  0  0  0  0  0  0  0  0  0  0  0  2  0  0  0  0  0  0  0  0  0  0  0  3  0  0  0  4  1  0  0  0  0  0  1  0  0  0  0  0  0  0  0  0  2  19  1  0  0  0  0  0  10  0  0  0  0  205  0  2  2  1  159  39  0  3446  104  0  0  0  88103  30189  13  0  28  1  171682  4498  5  316  3  0  2  1  9  73  136906  544776  0  58  205  44156  0  0  778  0  276021  12  8  14  1144  386673  277  13907  8  3  2  5  0  265  3  0  14  660  459  0  9  285  1  161  24  2  1  0  32  10857  92040  70826  
0  0  0  0  0  0  0  0  0  0  0  0  0  0  0  0  0  0  0  0  0  0  0  0  0  0  0  0  0  0  0  0  0  0  0  0  0  0  0  0  0  0  0  1  0  0  0  0  0  0  0  0  0  0  0  0  0  0  0  0  0  0  0  0  0  2  0  0  0  0  0  0  0  0  3  0  0  3365  31  278  433  9  624  39  0  63  0  15  378  47  42  43  285  0  153  28  385  0  62756  428364  36  17  43  0  1  12  125797  359854  2  0  686  141  6  0  366593  0  598  1995  810  78  56  2366  1504  61  50  394  459  2368  81285  15098  249  30  497  2008  3487  2  0  1  32  651  5516  590  427  0  275  199  157896  148155  
0  0  0  0  0  0  0  0  0  0  0  0  0  0  0  0  0  0  0  0  0  0  0  0  0  0  0  0  0  0  0  0  0  0  0  0  0  0  0  0  0  0  0  0  0  0  0  0  0  0  0  0  0  0  0  0  0  0  0  0  0  0  0  0  0  0  0  0  0  0  0  0  0  0  0  8109  0  12  1  0  1  1  81  8  0  0  0  0  0  0  0  0  0  0  59466  1  6531  0  14  54  1  0  0  0  1  1  0  6  33  20  0  370569  0  0  283  0  231680  5  2  3  0  97  15  262128  0  0  0  0  0  31  2  0  52754  533464  4806  0  0  0  2  23  2  2  0  0  20  730350  6378  2  
0  0  0  0  0  0  0  0  0  0  0  0  0  0  0  0  0  0  0  0  0  0  0  0  0  0  0  0  0  0  0  0  0  0  0  0  0  0  0  0  0  0  0  0  0  0  0  0  0  0  0  0  0  0  0  0  0  0  0  0  0  0  0  0  0  0  0  0  0  0  0  0  0  0  0  21818  0  20  0  0  2  1  98  4  0  0  1  0  0  0  3  3  3169  0  1038  1  2170  1  365  623  2  0  1  0  0  0  0  66848  31040  51  356733  0  0  0  404  0  260066  11  7  3  2  41729  54  119181  87  0  1  0  0  59  42  0  261525  35792  4799  0  0  0  0  18  7  6  0  0  16  793925  1262269  804  
0  0  0  0  0  1  0  0  0  0  0  0  0  0  0  0  0  0  0  0  0  0  0  0  0  0  0  0  0  0  0  0  0  0  0  0  0  0  0  0  0  0  0  0  0  0  0  0  0  0  0  0  0  0  1  0  0  0  0  0  0  0  0  0  0  7  0  0  0  0  0  0  0  0  85855  0  0  2266  5459  16402  112  3  261  12  0  6546  120818  252154  44  7  4  288  1  0  0  0  9  23676  0  64  28  0  34  0  227  2657  0  0  0  11  0  0  0  896  468  0  0  3  566  32  70569  1  168425  0  1  20240  4898  58  0  868  0  2  0  0  0  32837  12958  49028  13  923  70  5622  33  20  135  0  9  0  
0  0  0  0  0  0  0  0  0  0  0  0  0  0  0  0  0  0  0  0  0  0  0  0  0  0  0  0  0  0  0  0  0  0  0  0  0  0  0  0  0  0  0  0  0  0  0  0  0  0  0  0  0  0  0  0  0  0  0  0  0  0  0  0  0  0  0  0  0  0  0  0  0  0  0  0  0  6041  1  0  0  0  0  0  0  203637  12  106587  0  0  0  217  0  0  0  0  0  2  0  0  0  0  0  0  0  0  0  0  0  0  0  0  3077  0  0  0  0  0  1  0  1370  0  68879  0  0  1973  0  0  0  0  0  0  0  0  0  0  0  0  0  1  0  23466  0  0  0  0  0  0  
2  0  0  0  2  7  3  0  39  506  0  0  0  0  2  1  2  282  2  0  0  5  7  0  0  18  0  0  1  125  0  49  0  0  0  0  0  0  0  2  237  0  1  237  7  0  0  359  149  0  2  3  3  2  96  4  9  0  0  1  0  0  2  1  86  704  7  3  0  1  1  0  301  5  128  0  21  120119  823  748  2175  517  63053  9317  0  353  0  214  505  143  56584  30658  8566  0  133  65  38793  810  6350  437126  2974  89  2165  30  224  1054  152879  31882  218  307615  703  523  80  0  0  0  12833  4055  66606  4770  2509  237718  91935  274  195  1031  1677  2753  36535  77715  3958  569  665  2369  11114  36  4573  149  1280  133196  13998  6847  4094  0  17395  189  74941  88787  
0  2  0  0  0  0  0  0  0  6  122  0  0  0  0  0  0  2  0  20  1  155  1  0  0  3  0  0  0  1  0  0  0  0  0  0  0  0  0  0  7  10  0  17  0  0  0  3  2  0  1  0  0  0  0  0  0  0  0  0  1  0  0  0  0  7  0  0  0  0  0  0  3  0  0  143496  0  3  0  0  0  0  1  1  140948  0  0  0  0  0  0  0  281422  188542  9305  406675  0  0  0  4  0  0  0  0  2  2  0  0  0  0  0  0  0  0  3  0  0  381335  0  0  0  0  0  0  333362  0  0  0  0  1  56703  3241  21  1  50709  0  0  0  0  2  0  0  0  0  0  0  3  0  
0  0  0  0  0  0  0  0  0  12  0  0  0  0  0  0  0  4  1  0  0  0  0  0  0  2  0  0  0  0  0  0  0  0  0  0  0  0  0  0  2  0  0  2  0  0  0  11  2  0  0  0  0  0  1  0  0  0  0  0  0  0  0  0  2  7  0  0  0  0  0  0  4  0  0  0  0  9  0  0  3  0  78  18  0  1  0  0  0  0  1797  3533  5  0  82  5  403212  3995  12  190  3  0  0  0  5  39  0  125442  239013  66  154646  296033  0  0  737  0  0  11  5  12  4  28625  31  245649  5  1  0  4  0  106  3  1  18  1131  1212  0  1  10  0  92  18  1  5  0  14  38783  35326  609  
0  0  0  0  0  0  1  0  1  39  1722  0  0  0  0  0  0  9  0  6  0  4675  1  0  0  4  0  0  0  16  0  1  0  0  0  0  0  0  0  1  18  1  0  721  0  0  0  11  9  0  1  0  0  0  10  0  3  0  0  0  4  0  0  0  3  29  0  0  0  0  0  0  17  1  11  44  1  2602  106  107  226  34  37898  119268  609963  80  0  50  191  22  14  272  74411  81255  42  779865  48162  8  227  12851  179  6  111  40935  0  17  0  0  1  565  15  4  15  1  7830  244847  2  0  1240  559  235  56  6376  0  6793  321  675  805  2  10347  219677  280586  17108  64  136979  2  40  13  300108  1506  800  1559  193  0  50316  52  11761  0  
0  0  0  0  0  1  2  0  0  2  0  0  0  0  0  0  0  7  0  0  0  0  0  0  0  0  0  0  0  0  0  1  0  0  0  0  0  0  0  0  6  0  0  2  2  0  0  0  4  0  0  0  0  1  2  0  0  0  0  0  0  0  0  0  0  220  0  0  0  0  0  0  9  0  157  0  229877  83827  739  945  7286  39523  10749  240  0  917  0  586  3590  93496  344  3284  121  0  3  0  705  113  4  303593  1073  886497  996286  7  16  200  0  0  0  1457  2  1  159  0  17315  0  12  47  0  113518  5644  68  63776  0  30  3964  6875  13646  191  22829  74  32  26  8  63  80  530  130  716  15009  517459  114600  294668  0  5845  0  3276  0  
0  0  1176  0  0  0  0  2478  722  1  0  0  0  0  0  407  0  3  0  0  0  0  0  1  0  0  1  0  0  10  0  1  0  0  0  0  0  0  0  0  7  0  0  1  0  3625  0  1  2  0  0  0  0  0  0  0  0  0  0  0  0  0  0  1  0  41  0  0  0  0  58  0  11  0  7  0  238541  87  144  406  29098  189874  119052  212  0  5  0  5  70  36976  28  2714  146  1  1  0  1107  51  5  13644  61143  4855  3615  367072  0  31  0  0  1  6039  0  0  3  0  27806  0  14  29  190175  0  137  120  811  0  13  100  257  965  2  113927  90  12  11  4  43  2  273  5  1532  41422  102768  151  4211  0  159070  0  1382  0  
0  0  0  0  0  1  0  0  0  0  0  0  0  0  0  0  0  2  0  0  0  0  4  0  0  0  0  0  0  0  0  1  0  0  0  0  0  0  0  0  0  0  0  0  0  0  0  0  3  0  0  1  0  0  0  0  0  0  0  0  0  0  0  0  0  26  0  0  0  0  0  0  1  0  19127  0  0  25  18356  10564  1413  37  2040  26  0  4693  90121  14588  1272  28  297  118051  21  0  0  0  378  305997  0  324  155  6  118  1  362  6768  6  4  145  98  0  0  61724  535  6335  0  1  9  9342  263  0  112  55648  0  1  10780  2048  426  1  10199  11  3  1  2  5  2099  39294  196394  162  2462  567  39  345  30  1233  0  143  0  
0  0  0  0  0  17  0  0  21  598  0  0  0  0  0  0  8  489  4  0  0  0  2  0  1  22  1  0  1  69  1  121  0  0  0  0  0  0  0  1  158  0  3  129  9  0  1  682  218  0  5  1  2  1  58  4  6  0  0  0  0  0  1  1  59  620  9  4  0  0  0  0  408  0  2  0  2  1618  11  27  57  7  1580  1419  0  1406  9  3  6  5  230386  67445  292  0  80  9  39206  756  112  4604  96  1  23  10  263  1643  218160  59225  430576  2293  316  88378  3  0  222973  0  136078  209  192  248  283  0  1801  24620  61  18  36  51  0  1714  57  7  80  1613  1380  1  178  75  30  8647  409  55  41  0  382  21145  259931  261524  
0  0  0  0  0  8  2  0  0  7  0  0  0  0  0  0  0  2  0  0  0  0  0  0  0  0  0  0  0  3  0  1  0  0  0  0  0  0  0  0  0  0  0  2  0  0  0  4  0  0  0  0  0  0  0  0  0  0  0  0  0  0  0  0  0  124  0  0  0  1  0  0  5  0  15823  0  8  482013  52054  38846  19722  592  43002  1949  0  350187  76  178300  9529  246  58146  216715  523  1  1  1  1645  1226  25  70308  2455  1539  9439  18  69  2652  5874  13  219  2399  5  4  113944  40645  81580  0  8  273  87864  4082  60711  746  0  0  17  68980  11166  2766  111  151264  329  149  12  8  64  1237  1643  486  2961  27208  5878  59300  5408  62  21456  0  1125  1  
0  0  0  0  0  0  0  0  0  0  0  0  0  0  0  0  0  0  0  0  0  0  0  0  0  0  0  0  0  0  0  0  0  0  0  0  0  0  0  0  0  0  0  0  0  0  0  0  0  0  0  0  0  0  0  0  0  0  0  0  0  0  0  0  0  0  0  0  0  0  0  0  0  0  0  0  0  3  0  0  1  0  33  0  0  1  0  0  0  0  7  6  5  0  336299  0  219153  0  25  73  1  0  0  0  0  0  0  42  6248  65  317152  101353  0  0  574  0  509558  2  3  1  3  4656  18  0  2  0  0  0  0  22  1  0  181  280437  88422  0  0  0  1  12  6  7  0  0  7  53547  155573  243  
0  3  0  0  0  0  0  0  0  18  0  0  0  0  0  0  0  4  0  0  4  156  1  0  0  3  0  0  0  3  0  2  0  0  0  0  0  0  0  0  49  0  0  5  0  0  0  12  1  0  11  0  1  0  3  0  0  0  0  0  5  0  1  0  1  11  0  0  0  0  0  0  16  0  0  237704  0  87  1  0  0  0  18  12  1  5  0  0  0  0  0  1  77444  11  170789  41011  18  0  2  108  1  0  4  0  14  14  0  0  0  2  9  0  1  0  47  319509  0  586  20  3  2  3  239  0  0  2  2  0  0  60  48237  8  54406  9600  347562  0  1  0  4  19  9  20  2  0  6  0  178  0  
0  0  0  0  0  31  6  3  0  2  0  0  0  0  0  0  0  2  0  0  0  0  0  0  0  0  0  0  0  0  0  1  0  0  0  0  0  0  0  0  1  0  0  0  1  0  0  0  1  0  0  1  0  0  0  0  0  0  0  0  0  0  0  0  0  385  0  0  0  0  0  0  0  0  19332  0  0  7432  67189  62728  36608  182  2256  16  0  190241  33  581027  929429  2218  2  1074  30  0  0  1  98  733  2  429  342  0  7599  2  6  2937  0  0  0  149  0  0  13432  1798  858  0  1  28  1406  188  4042  8  37808  0  8  0  345268  436679  15  11669  16  7  3  0  10  153481  195  219  183  31510  1972  503888  480  0  1295  0  523  0  
0  0  0  0  0  5  5  7  1  0  0  0  0  0  0  0  0  2  0  0  0  0  0  0  0  0  0  0  0  0  0  0  0  0  0  0  0  0  0  0  0  0  0  0  0  0  0  0  1  0  0  0  0  0  0  0  0  0  0  0  0  0  0  0  0  392  0  0  0  0  0  0  0  0  152762  0  0  87  447122  78052  3572  692  3724  17  0  1583  3  14057  1814398  63745  1  214  46  1  1  0  63  154  2  567  434  1  81  2  4  3590  0  0  0  217  0  1  11273  0  998  0  0  46  1026  259  643  4  2338  0  2  520668  0  171964  9  16316  31  15  2  0  3  276586  124  106  243  15223  1989  1371  406  13  1609  0  171  0  
0  0  0  0  0  2  0  1  1  1  0  0  0  0  0  0  0  1  0  0  0  0  0  0  0  0  0  0  0  0  0  1  0  0  0  0  0  0  0  0  0  0  0  0  0  0  0  1  0  0  0  0  0  0  0  0  0  0  0  0  0  0  1  0  0  389  0  1  0  0  0  0  1  0  143  0  2  249  1191  79216  348826  63472  9600  40  0  214  0  336  596154  946810  9  904  100  1  3  0  337  18  6  2933  364  8  12260  6  2  145  0  0  0  816  0  2  105  0  4134  0  0  95  20154  1862  691  22  2485  0  8  419724  72330  0  110  58407  81  52  14  0  29  192  65  14  1400  13956  3911  71496  246293  0  7356  0  1247  0  
0  0  0  0  0  0  0  0  0  0  0  0  0  0  0  0  0  0  0  0  0  0  0  0  0  0  0  0  0  0  0  0  0  0  0  0  0  0  0  0  0  0  0  0  0  0  0  0  0  0  0  0  0  0  0  0  0  0  0  0  0  0  0  0  0  4  0  0  0  0  0  0  0  0  1  0  0  634  32  209  350  8  50  0  0  21  0  21  313  49  0  23  124  0  0  0  5  1  164924  209454  4824  38  16  0  0  4  0  0  0  173538  0  0  3  0  52585  0  0  47  559  14  55  0  462  0  0  361  463  1958  0  176265  57  17  0  0  0  6  1  1  17  177  16488  389  290  0  60  0  39814  0  
0  0  0  0  0  2  1  0  0  4  0  0  0  0  0  0  0  4  0  0  0  0  0  0  0  0  1  0  0  32  0  3  0  0  0  0  0  0  0  0  2  0  0  0  0  0  0  6  4  0  0  1  0  0  1  0  0  0  0  0  0  0  0  0  2  206  0  0  0  0  0  0  2  0  101  1  1103  4798  5945  5367  11988  742  23200  174  7  384  0  329  4534  895  31  1028  119633  107193  380  18  338  37  529289  199157  780131  219  1060  91371  9  192  0  1  4  21835  147  69  149  0  59748  0  70  15462  9720  58313  1582  699  15853  1  3679  6761  14081  25890  180421  0  13020  246490  2052  336  5127  176  76  29  94661  15710  257074  21776  6466  0  266888  6  118545  0  
0  0  0  0  0  0  0  0  0  0  0  0  0  0  0  0  0  0  0  0  1  0  0  0  0  0  0  0  0  0  0  0  0  0  0  0  0  0  0  0  0  0  0  0  0  0  0  0  0  0  0  0  0  0  0  0  0  0  0  0  0  0  0  0  0  12  0  0  0  0  0  0  0  0  32  2170  0  2457  236  271  708  90  508  10  2249  175  0  93  865  83  10  180  1331342  33666  284  13744  38  8  165  3527  46  22  203  0  0  48  0  0  0  73  4  1  26  0  1163  57314  0  381017  3259  140  361  6  7939  0  50360  1468  3450  3176  10  7264  0  129200  48860  36  183969  39  18  4  7691  736  206  10664  235  0  682  4  90642  0  
0  0  0  0  0  0  0  1  0  0  0  0  0  0  0  0  0  0  0  0  0  0  0  0  0  0  0  0  0  0  0  0  0  0  0  0  0  0  0  0  0  0  0  0  0  0  0  0  0  0  0  0  0  0  0  0  0  0  0  0  0  0  0  0  0  3  0  0  0  0  0  0  0  0  11  0  0  287  196  205  322  18  170  3  137255  27  0  28  535  43  0  46  949025  363040  24  50  3  0  8895  940  262  1  67  69  0  24  0  0  0  73  3  0  8  0  378  8122  0  504902  818  47  85  1  999  0  557  825  2039  2043  9  231754  69597  0  317  13  1169  24  2  1  252825  255  106  3064  82  0  1567  0  966  0  
0  0  0  0  0  0  0  0  0  1  0  0  0  0  0  0  0  0  0  0  0  0  0  0  0  0  0  0  0  0  0  1  0  0  0  0  0  0  0  0  0  0  0  1  0  0  0  0  0  0  0  0  0  0  0  0  0  0  0  0  0  0  0  0  1  7  0  0  0  0  0  0  0  0  7  117829  1  8496  32  37  109  8  1171  42  0  220  0  37  20  5  4  152  223098  0  56921  55  48  6  212  5196  70  31  231  2  0  13  0  5  0  271  43673  285204  13  0  2285  6  5  3042  1403  124  236  29  19796  25  190286  272  49  68  0  2661  48278  13  0  186286  83460  6  20  5  59  619  244  1994  81  0  561  311938  180414  0  
0  0  0  0  0  0  0  0  0  1  0  0  0  0  0  0  0  1  0  0  0  0  0  0  0  0  0  0  0  0  0  0  0  0  0  0  0  0  0  0  1  0  0  0  0  0  0  0  0  0  0  0  0  0  0  1  0  0  0  0  0  0  0  0  0  1  0  0  0  0  0  0  0  0  1  162003  0  142  1  6  10  2  855  73  0  2  0  0  1  1  1  23  1776  0  616842  74  6965  0  115  888  17  0  3  0  0  0  0  5  24  304  418695  56925  0  0  2550  0  1370  120  38  44  4  206  324  321677  28722  9  4  10  1  314  98  3  190516  0  121974  0  3  0  19  277  70  37  17  0  176  313719  120446  25  
0  8  0  1  0  0  0  0  0  16  0  0  0  0  0  0  0  7  1  0  1  130  1  0  0  3  0  0  0  1  0  5  0  0  0  0  0  0  0  2  31  0  0  3  2  0  0  10  4  0  3  1  0  0  1  0  1  0  0  0  2  0  1  0  1  11  0  0  0  0  0  0  18  0  1  7626  3  754  20  16  110  14  6840  893  1  18  0  5  23  3  43  77  105053  103  689041  602144  426958  8  1675  8012  176  0  43  3  15  65  0  102  418  2522  9903  8633  1  0  27555  33452  807  116136  236  426  39  421  1671  56252  390221  39  58  119  1  2932  142066  231  107780  97466  0  1  8  0  36  2847  556  231  73  0  768  82  41751  11  
0  0  0  0  0  0  0  0  0  0  0  0  0  0  0  0  0  0  0  0  0  0  0  0  0  0  0  0  0  0  0  0  0  0  0  0  0  0  0  0  0  0  0  0  0  0  0  0  0  0  0  0  0  0  0  0  0  0  0  0  0  0  0  0  0  0  0  0  0  0  0  0  0  0  158506  0  0  24  7650  8564  44  1  171  2  0  21  211101  81559  110284  3  0  15  3  0  0  0  0  206787  0  22  12  0  5  0  11  622  0  0  0  9  0  0  144805  0  80  0  0  3  59  13  340  0  144  0  0  149627  169942  81  1  822  1  0  0  0  1  0  177  2871  18  544  63  45  21  1  99  0  8  0  
0  0  0  0  0  2  1  0  0  12  0  0  0  0  0  0  0  21  3  0  0  2  27  19  0  1  0  0  0  0  749  24  0  0  0  0  0  0  0  0  24  0  0  7  2  0  0  21  13  0  1  0  0  1  3  0  0  0  0  0  0  0  3  1  3  16  0  1  1  19  0  0  12  0  13637  0  0  18  1236  68830  197  19  879  16  0  29  348  149  386  62  103  20921  15  0  26  20  17062  566852  5  342  74  5  64  0  303124  240223  0  0  14  79  0  2  1886  0  10115  0  16  14  6460  134  20809  239  1241  0  24  632  252  64  0  4214  10  3  11  0  33  1852  0  101341  99  1385  330  14  196  102764  581  0  892  0  
0  0  0  0  0  3  0  0  0  0  0  0  0  0  0  0  0  0  0  0  0  0  1  0  0  0  0  0  0  0  1  0  0  0  0  0  0  0  0  0  0  0  0  0  0  0  0  0  1  0  0  0  0  0  0  0  0  0  0  0  0  0  0  0  0  17  0  0  0  0  0  0  0  0  39233  0  0  2  2723  83561  88  4  202  2  0  12  143896  138  117  689  453  2679  2  0  0  0  1271  1017202  0  41  12  1  6  0  1249  33134  0  83  68  6  0  0  337865  0  1066  0  27  0  1238  24  220204  10  311  0  0  471  119  29  0  870  2  1  0  0  1  9405  181651  0  16  3728  66  2  38  18969  126  0  36  0  
0  0  0  0  0  0  1  0  0  1  170  0  0  0  0  0  0  0  0  3  0  0  0  0  0  0  8  0  0  4529  0  0  0  0  0  0  0  0  0  0  1  0  0  1  0  0  0  0  0  0  0  0  0  0  0  0  0  0  0  0  0  0  0  0  16  7  0  0  0  0  0  0  0  0  11  3  2  565  260  336  707  113  13368  1238  377156  33  0  22  625  58  1  86  21592  196141  72  735  15  1  1078  3098  85666  4  77  647887  0  14  0  0  0  283  14  4  15  0  1818  5  1  346150  870  859  112  25  1519  1  1172  906  1815  3400  1  156877  18976  368991  722  59  1499  20  3  1  0  576  413  1936  400  0  106484  0  8766  0  
47  0  0  6  22  40214  2032  3091  43535  78223  1  1  0  1  8  148  88  6041  46  2  0  14  34  42  1  326  9  0  29  11537  16  2715  3  0  2  0  0  0  2  3  1518  0  38  5094  167  0  116  7589  3233  0  20  117  10  53  2219  133  35  8  2  0  3  0  45  105  3680  260290  380  32  56  91  108  0  3895  8  3496  0  8  1731  3831  512753  258526  208922  369280  126103  0  2786  2  2971  15530  2326  99  3648  390  0  16  42  1720  319  19  65625  2903  87  2351  38  160  93106  0  0  14  18530  266  72  219  1  251975  1  70  472  23781  7427  2612  1207  12841  0  75  6585  7577  6013  4  23451  201  26  133  574  5258  275  2063  382  362  0  24212  2160  2011  527  31631  4  5138  0  
0  0  0  0  0  0  1  0  0  0  0  0  0  0  0  0  0  3  0  0  0  0  0  0  0  1  0  0  0  0  0  0  0  0  0  0  0  0  0  0  0  0  0  0  0  0  0  1  3  0  0  0  0  1  0  0  0  0  0  0  0  0  0  0  0  28  0  0  0  0  0  0  8  0  21  0  97965  2448  3297  3004  6282  273  6701  93  0  69  0  91  1577  1487  22  638  153  0  2  0  136  13  52  593972  446396  499184  2797  6765  2  60  0  0  1  8747  0  1  51  0  20711  0  7  112  434029  138427  345  113  1827  0  11  2013  2935  10788  5182  260821  88  29  7  6  44  31  52  17  247  12410  0  2329  29019  0  2156  0  1014  0  
0  0  0  0  0  3  2  1  0  1  0  0  0  0  0  0  0  2  0  0  0  0  0  0  0  0  0  0  0  0  0  1  0  0  0  0  0  0  0  0  1  0  0  1  0  0  0  0  3  0  0  0  0  0  0  0  0  0  0  0  0  0  0  0  1  138  0  0  0  0  0  0  0  0  189  0  2  214187  1177  4662  7956  151  10363  123  0  306098  1  3271  219182  2180  5  394  183  1  1  0  127  51  13  4562  416  42  550043  2  1  447  0  0  1  781  0  1  4495  7869  3124  0  0  88  186545  718  3183  7  65414  0  9  515614  7340  139245  127  43319  101  72  7  1  13  132  33  87  1003  7973  2753  0  20457  0  5868  0  672  0  
0  0  0  0  0  1  0  0  0  1  0  0  0  0  0  0  0  1  0  0  0  0  0  0  0  0  0  0  0  0  0  0  0  0  0  0  0  0  0  0  3  0  0  0  0  0  0  0  3  0  0  0  0  0  1  0  0  0  0  0  0  0  0  0  0  219  0  0  0  0  0  0  1  0  6  0  7  115  273  478  33315  247651  7120  30  0  16  0  25  164453  175239  28  549  58  0  0  0  168  10  3  1854  497  47  734282  5  0  25  0  0  0  419  0  0  19  0  2689  0  1  43  354495  16058  260  15  970  0  11  115  592  206331  138  21536  45  31  6  4  21  5  65  13  1006  10604  33736  8339  0  0  4630  0  911  0  
0  0  0  0  1  2287  0  0  0  0  0  0  0  0  0  18  0  1  0  0  0  0  0  0  0  0  0  0  0  0  523  746  0  0  0  0  0  0  0  0  0  0  0  0  0  0  2  0  1  0  0  0  0  0  0  0  0  0  0  0  0  0  1  0  0  46  0  0  0  1698  0  0  1  0  69698  0  0  1  102213  197188  2  0  1  0  0  0  0  0  1  308288  0  2  0  0  0  0  0  79558  0  0  0  0  0  0  219125  43605  0  0  0  0  0  0  42  0  5  0  0  0  9  0  12  0  14  0  0  3  4  0  0  6  0  0  0  0  0  10  111299  9502  0  288  0  1  0  0  3  0  2  0  
0  0  26  0  0  0  0  25  64528  2  1  0  0  0  0  8  0  0  0  0  0  1  0  0  0  0  1  0  0  17016  0  0  0  0  0  0  0  0  0  0  2  0  0  0  0  3849  0  3  1  0  0  0  0  0  0  0  0  0  0  0  0  0  0  0  2  1485  0  0  0  0  70907  0  3  0  8  1  73  975  144  197  22427  2063  238237  6141  55  44  0  32  304  84  8  617  4069  302  6  4  334  14  195  19176  64774  13  848  362341  1  23  0  0  2  6147  53  31  16  0  19824  0  11  12511  1573  170319  217  77  2907  0  101  456  1075  2098  0  442323  2822  768  126  70  632  11  47  7  98656  25775  12645  1047  1398  0  0  0  4357  0  
0  0  0  0  0  0  0  0  0  0  0  0  0  0  0  0  0  0  0  0  0  0  0  0  0  0  0  0  0  0  0  0  0  0  0  0  0  0  0  0  0  0  0  0  0  0  0  0  0  0  0  0  0  0  0  0  0  0  0  0  0  0  0  0  0  0  0  0  0  0  0  0  0  0  0  2078  0  33  2  0  2  0  30  2  0  0  0  0  1  0  1  2  2923  0  1386  8  793  0  9  47  1  0  0  0  0  0  0  555  5075  17  623529  901672  0  0  119  0  62082  108  3  1  0  5858  63  98046  79  0  2  1  0  12  57  0  324701  297149  702  0  0  0  0  8  3  3  1  0  11  0  174296  324  
0  0  0  0  0  1  2  0  0  7  0  0  0  0  0  0  0  10  0  0  0  0  0  0  0  2  0  0  0  0  0  2  0  0  0  0  0  0  0  0  3  0  0  1  0  0  1  11  5  0  0  0  0  0  3  1  0  0  0  0  0  0  0  0  1  64  1  0  0  0  0  0  7  0  56  140  3  11468  259  352  1471  255  3363  150  0  511  0  292  1094  101  616  638  315615  0  62383  184  40301  21  942627  104520  154  362  688  1  16  135  6  739717  69177  242393  10591  1339948  53  0  56570  4  86325  12756  11390  297  1196  266070  33233  127847  36850  2700  4927  3644  27527  293511  59885  841  179528  171402  126299  59  34  14  2419  2225  452  24588  478  0  1592  168865  0  90816  
0  0  0  0  0  0  0  0  0  0  0  0  0  0  0  0  0  0  0  0  0  0  0  0  0  0  0  0  0  0  0  0  0  0  0  0  0  0  0  0  0  0  0  0  0  0  0  0  0  0  0  0  0  0  0  0  0  0  0  0  0  0  0  0  0  0  0  0  0  0  0  0  0  0  0  0  0  3  0  0  0  0  4  0  0  1  0  0  0  0  10  3  2  0  3  0  237  0  31  1141  0  0  0  0  0  0  162639  192565  46712  173255  8  1390  0  0  77687  0  983  0  0  0  0  315693  10  335  0  0  0  1  0  7  0  0  1  108  74  0  0  0  0  2  0  3  0  0  0  343  118411  0  
