0  0  0  9  208764  50597  0  0  1  2  0  379  0  10293  69089  7765  16  801  1  0  0  0  4  148738  0  12  1  0  0  0  54584  5115  0  0  0  0  0  1  4668  4120  44  0  0  14  6  0  2540  6  36323  0  0  141839  118419  66  1  2  3  0  0  0  1  33682  197  31134  1  1272  12  258  29  82213  0  0  56  0  0  0  0  0  0  2  1  0  1  0  0  0  0  0  0  0  0  0  0  0  0  0  0  0  0  0  0  0  0  0  0  6  0  0  0  0  0  0  0  0  1  0  0  0  0  1  0  0  0  0  0  0  0  0  0  0  0  0  0  0  0  0  0  0  0  65  1  0  0  0  1  0  1  0  
0  0  0  22  0  0  1  0  1  0  0  0  0  0  0  0  0  5  122652  0  266099  48064  2  0  5  3  0  0  0  0  0  0  0  0  0  0  32427  16421  0  0  2  248182  0  580  156  0  0  11  3  4  333239  0  0  3  54  1  258250  59  242519  116073  32877  0  0  0  3  3  1  47  4  0  0  0  526  0  0  0  0  0  0  0  0  0  0  0  0  0  0  0  0  0  0  0  0  0  1  97  0  0  0  0  0  0  0  0  0  0  0  0  0  0  0  0  0  0  0  1  0  2  0  0  0  0  0  0  1  0  0  0  0  0  0  0  0  0  0  0  0  0  0  0  0  0  0  0  0  0  0  0  
0  0  0  1  0  65  6  51991  753  0  0  0  0  0  0  247076  5  30  7  0  0  0  0  0  0  4  67246  134790  79623  44155  0  5  0  0  0  0  0  0  0  0  15  0  0  0  180421  246701  0  10  538  0  0  0  0  146  1  2  3  1  0  0  0  0  0  0  2  26  45689  0  55391  0  29  0  3  0  0  0  1629  0  0  0  0  180  398  0  0  0  0  0  0  1205  0  0  0  0  0  0  0  0  0  0  0  0  0  1331  0  0  0  0  0  0  0  0  0  0  0  0  0  0  0  6225  0  0  0  0  0  0  0  0  0  0  0  0  0  0  0  0  0  0  0  1  0  0  0  0  158  0  0  0  
165  0  10  0  551  940  773  1047  363  3  0  157821  80  235  294  73  1289  3674  960  1  0  17  15  46  18  354004  2  185078  64390  5  1  90  49699  609  268  48  0  1  86  2004  147095  2  5  1069  210454  3  560  658  314865  0  307  3883  418  975  1866  69  3039  78  40  129  227  4  7  30  202  974  40038  44650  3574  10  120  0  1627  367  0  0  0  0  0  1  0  0  1  0  0  0  0  0  0  0  0  0  0  0  0  0  0  0  0  1  0  0  0  0  0  1  0  0  0  1  0  0  0  0  2  0  0  0  0  0  0  0  0  0  0  0  0  0  0  0  0  0  0  0  0  0  0  0  0  26  1  0  0  0  1  0  0  0  
189398  0  0  8  0  39178  3  1  0  5  0  140  0  651  32020  178646  5  198  2  0  0  0  3  3623  0  1  1  0  0  0  18268  623  0  0  0  0  0  0  204  4104  37  0  0  5  5  0  222  3  8874  0  0  12017  75304  74  4  1  2  1  0  0  0  0  21  2644  1  160  20  199  18  12935  0  0  10  0  0  0  0  0  0  62  0  0  0  0  0  0  0  0  0  19  0  0  0  0  0  0  0  0  0  0  0  0  0  0  0  2  0  0  0  0  0  0  0  0  0  0  0  0  0  0  0  0  0  0  0  0  0  0  0  0  0  0  0  0  0  0  0  0  0  9  0  0  0  4  0  0  0  0  
75824  0  6  304  61687  0  156279  3146  5229  33  0  398  1  2940  19178  408577  124  8559  121  0  1  0  26  46454  6  625  11  0  40  8  17709  106392  1  0  1  1  0  0  604  5060  730  0  0  163  1286  0  3465  528  40104  0  15  24937  9737  36392  434  66  64  15  2  2  2  17  11508  24700  797  246909  3065  2232  4851  251255  38  0  760  0  121  0  0  2  8  15984  274  69  48  0  0  0  0  1  7  2918  0  2  0  0  0  0  1  4  0  7  2  0  0  0  2183  1544  0  0  0  4  0  0  2  0  16  0  0  1  6  0  7  0  2  0  1  8  6  1  0  10  0  0  0  0  0  9  6  4  1  42943  0  0  1  1749  7  0  12  0  
14  0  3  1881  88  225095  0  238230  50561  4  0  41  0  2  222  468576  17  692  358  1  0  0  2  1  5  838  17  0  80  408  0  90  0  0  0  0  0  0  0  478  296  0  0  839  8034  6  199  110  8518  0  32  8445  201  42721  2197  187  240  43  6  4  9  0  13  3  18363  185907  3024  10075  20677  7  507  0  177  0  0  0  0  0  1  1171  2691  2380  275  0  0  0  0  0  0  339  0  0  0  0  0  0  1  0  0  1  0  0  0  0  0  6  0  0  0  1  0  0  0  0  4  0  0  0  1  0  0  0  0  0  0  0  0  0  0  2  0  0  0  0  0  0  0  0  0  1781  0  0  0  0  9  0  0  0  
10  0  24424  3589  79  7605  215471  0  210343  6  0  164  0  6  70  278419  13  192  311  0  0  1  7  0  2  862  3  21  33898  144  0  37  0  0  0  0  0  0  0  1425  231  0  0  382  47763  123626  96  110  1771  0  5  3514  157  126378  1136  227  421  16  0  1  3  0  1  0  3333  130852  8505  1405  112555  2  1817  0  101  0  0  0  118  0  0  19  88  25907  1862  0  0  0  0  0  0  17747  0  0  0  0  0  0  0  0  0  0  0  0  4  6  0  1  0  0  0  0  0  0  0  0  0  0  0  0  0  440  0  0  0  0  0  0  0  0  0  0  0  0  0  0  0  0  0  0  0  2687  0  0  0  0  52  0  0  0  
1  0  66  23  5  1764  6390  90487  0  9531  0  0  0  1  1  230  46  793  1299  25  0  12  0  1  20  1500  52  126  169  25029  1  110  0  0  0  0  0  0  0  10  2546  0  1  1468  2071  91858  17  864  1711  0  8  54  0  2657  5403  4852  716  78  1  0  8  0  3  1  22595  184197  11067  168  508  1  171862  0  212  0  0  0  16  0  0  0  0  1733  32862  133  0  0  0  0  0  298  0  3  1  0  0  0  2  0  0  13  1  0  0  3251  0  1  0  0  0  3  0  0  0  0  168  0  0  1  2  1032  1  3  1  0  0  3  0  0  0  3  0  0  0  0  4  0  0  0  0  44361  0  0  0  0  58097  0  2  0  
66  0  0  158  493  526  152  180  11969  0  9  179  0  38  271  32  156  29315  295  4  1  3164  25185  6  26  1767  29  1  56  66192  0  3214  1  0  7  1  0  4  8  1640  27227  2  44  195793  812  1  418  9739  20781  3  685  817  532  280  6596  441  410  67  94  7  96  0  47  16  8199  320876  930  2305  151  44  98  0  12563  628  8  0  0  157  55  37  82  6  2311  333  4  33  0  25  11  2  3  157  42  0  7  161  41  8  0  367  18  0  15  57  7  86  0  0  0  94  0  0  12  0  3964  0  4  14  633  47  62  50  696  0  5  212  43  52  0  774  25  0  3  0  25  0  32  1  17  101545  204  309  21  0  158  1  214  0  
0  0  0  1  0  0  0  0  5  8  0  0  0  0  0  0  0  3  562  620461  0  41979  0  0  155  2  234  0  0  36775  0  0  0  0  0  0  0  0  0  0  2  49235  0  619322  0  0  0  3  4  0  0  0  0  0  27  51  2555  245215  0  0  53  0  0  0  291623  23  0  22  0  0  12  0  83  0  0  0  0  0  0  0  0  0  0  2  90757  0  0  0  0  0  0  0  0  630  0  3009  1  0  0  0  0  0  0  596  0  0  0  0  0  0  0  0  0  0  4  292  0  981  0  0  0  0  0  0  0  0  0  0  0  0  0  0  0  0  0  0  0  0  103  2  0  0  0  0  1  0  0  0  
783  0  0  328598  4188  2034  4  2  0  9  0  0  2204  53583  2594  75  330  13100  4  0  0  0  0  100  0  14  0  0  55972  0  0  53  2213  378  185  0  0  0  278  190812  15  0  0  1  25004  0  4642  122  156267  0  0  223598  5539  207  2  0  2  2  0  0  0  2  3  208  2  26  40  204983  45  4  0  0  4  0  0  0  0  0  0  0  0  0  0  0  0  0  0  0  0  0  0  0  0  0  0  0  0  0  0  0  0  0  0  0  0  0  0  0  0  0  0  0  0  0  0  0  0  0  0  0  0  0  0  0  0  0  0  0  0  0  0  0  0  0  0  0  0  0  0  3  0  0  0  0  0  0  0  0  
3  0  0  52  1  38  0  0  0  0  0  1081  0  23725  0  0  1  1445  0  0  0  0  0  100173  0  0  0  0  5  0  0  23  1  10  43  0  0  0  92050  88  0  0  26  0  0  0  108617  2  639  0  0  3  0  0  0  0  0  0  0  0  0  20471  7  11802  0  1  0  0  0  3  0  0  1  0  0  0  0  0  0  0  0  0  0  0  0  0  0  0  0  0  0  0  0  0  0  0  0  0  0  0  0  0  0  0  0  0  0  0  0  0  0  0  0  0  0  0  0  0  0  0  0  0  0  0  0  0  0  0  0  0  0  0  0  0  0  0  0  0  0  0  0  0  0  0  0  0  0  0  
7845  0  0  4  4316  6955  0  0  0  1  0  62413  33788  0  6145  113  0  231  1  0  0  0  0  1826  0  0  0  0  31  0  0  170  0  0  0  0  0  0  123914  162919  4  0  0  0  4  0  5793  0  71175  0  0  197107  5650  25  0  1  1  0  0  0  0  36568  7  9350  0  53  0  98  1  56  0  0  3  0  0  0  0  0  0  0  0  0  0  0  0  0  0  0  0  0  0  0  0  0  0  0  0  0  0  0  0  0  0  0  0  0  0  0  0  0  0  0  0  0  0  0  0  0  0  0  0  0  0  0  0  0  0  0  0  0  0  0  0  0  0  0  0  0  0  4  0  0  0  0  0  0  0  0  
93770  0  0  19  32485  14019  19  2  10  3  0  7380  0  1209  0  203591  3  244  10  0  0  0  0  36  1  323  0  0  59561  0  0  273  0  0  0  0  0  0  20  947  40  0  0  11  1256  0  81  9  4753  0  0  820915  442851  570638  57  3  5  0  0  1  1  92413  16  43  17  440  182  159335  38691  23  12  0  15  0  0  0  0  0  0  0  0  0  0  0  0  0  0  0  0  0  0  1  0  0  0  0  0  0  0  0  0  0  0  0  0  2  0  0  0  0  0  0  0  0  0  0  0  0  0  0  0  0  0  0  0  0  0  0  0  0  0  0  0  0  0  0  0  0  0  13  0  0  0  0  0  0  0  0  
17516  0  288949  57  247837  380227  383436  295484  586  3  0  13  0  36  199471  0  21  573  23  0  0  0  1  1281  0  138  1  10  33142  6  26404  3130  0  0  0  0  0  0  28  217  114  0  1  20  16939  13849  105  63  3343  0  3  3578  80637  620353  79  17  10  0  0  1  2  1  17  937  88  10407  734  680  116165  85972  28  0  168  0  0  0  892  0  1  4327  2200  10841  214  1  0  0  0  0  0  20412  0  0  0  0  0  0  0  0  0  0  0  0  19  28  5  336  0  0  0  0  0  0  0  0  4  0  0  0  0  464  0  1  0  0  0  0  0  0  0  1  0  0  0  0  0  0  0  0  0  354  0  0  0  9  13  0  1  0  
2  0  38  3698  8  51  19  41  84  168  0  293  5  0  3  35  0  263752  3150  0  0  1  21590  2584  2  937  0  1  128  3  3  24055  2962  43  48597  3  0  7  0  21  30082  0  17734  400  3329  0  17157  278494  160812  68  40  9  4  31  513  75  241  1039  10  1  25  0  153  51  324  191  1593  43  2491  28  5  1  10096  65  0  0  0  4  0  0  0  0  21  1  0  1  0  0  0  0  1  1  1  0  3  0  3  0  0  27  2  0  0  0  3  30  0  0  0  6  0  0  1  0  100  0  1  0  3  1  1  13  7  0  0  2  0  1  0  12  0  0  0  0  4  0  0  0  0  91  8  3  0  0  5  0  4  0  
630  0  2  5939  202  2070  5  4  50  443  0  15132  2233  221  14  12  148411  0  233  0  3  1  16837  31886  1  897  3  0  24  16  792  118062  1608  67  9135  7  0  4  379  70  5901  1  9728  912  163  0  246283  67623  268480  65  67  276  10  109  968  25  205  30  8  7  37  0  2326  756  243  597  101  99  165  1778  0  0  15873  75  0  0  0  5  1  1  2  1  44  3  0  0  0  1  0  0  0  2  1  0  1  0  8  0  0  69  4  0  0  0  7  49  0  0  0  18  0  1  1  0  154  0  1  0  9  2  0  14  9  0  3  2  0  1  0  11  1  0  0  0  2  0  1  0  1  204  12  2  3  0  9  0  12  0  
0  110263  0  100  0  8  6  7  42  6  67  0  0  0  5  1  6  107  0  38033  57  8082  12  0  190955  50  1  0  3  3  0  12  0  0  0  0  6  5587  0  0  301  125438  2  9836  1640  0  4  239  295  0  20567  15  1  116  335  1042  1006210  492633  228875  795  20484  0  0  0  13230  30  19  10398  18  0  1  0  345442  0  0  0  0  0  0  0  0  0  0  0  0  0  0  0  0  0  0  0  0  0  0  0  0  0  0  0  0  0  0  0  0  0  0  0  0  0  0  0  0  0  1  0  0  0  0  0  0  0  1  0  0  0  0  0  0  0  0  0  0  0  0  0  0  0  0  1  0  0  0  0  0  0  0  0  
0  46  0  0  0  0  0  0  823  0  666044  0  0  0  0  0  0  19  26454  0  0  200  0  0  3782  12  74529  0  8  6720  0  2  0  0  0  0  0  0  0  0  27  84182  0  167269  39  0  0  17  19  0  2  0  0  4  49  51109  3944  374908  8  0  11  0  0  0  231048  8  5  39  2  0  3131  0  248  0  0  0  0  0  0  0  0  0  0  0  14139  0  0  0  0  0  0  0  0  125  0  0  0  0  0  0  3  0  0  427  0  0  0  0  0  0  0  0  0  0  1  15  0  24  0  0  0  0  0  0  0  0  0  0  0  0  0  0  0  0  0  0  0  0  1  0  0  0  0  0  0  0  0  0  
0  196572  0  1  0  0  0  1  0  1  0  0  0  0  0  0  0  1  56  0  0  28220  75880  0  6  5  0  0  1  0  0  2  0  0  0  0  106152  1438  0  0  39  2  67  104  8  0  0  4  1  247551  77916  0  1  0  31  0  14  1  11847  255768  408437  0  1  0  1  3  0  11  1  0  0  19  335  0  0  1  0  0  0  0  0  0  0  0  0  0  0  0  0  0  0  0  0  0  7  6  0  0  0  1  1  0  0  0  0  1  0  0  0  0  0  0  0  0  1  2  0  0  0  0  0  0  0  0  64  0  0  0  0  0  0  0  0  0  30  0  0  0  0  0  0  0  0  0  0  0  1  0  
4  99195  0  42  24  28  2  9  24  34967  28022  5  0  1  8  0  1  80  2130  129  26866  0  88275  0  20  222  0  0  0  2101  0  15  0  0  0  0  0  81  0  107  3077  277279  2  781775  289  0  30  40  194  4  79416  35  24  28  1329  2  73108  30776  734  35  913111  0  0  1  3647  248  2  334  12  1  0  0  630  1  0  9  0  0  0  0  0  0  6  92  18589  0  0  0  0  0  0  0  1  0  99  18828  23  0  0  19  0  0  0  12  1  2  0  0  0  3  0  0  0  0  64  61  0  5712  0  0  0  4  0  0  155  0  0  0  0  4  0  0  0  0  46  0  0  0  2  79  1  0  0  0  5  0  2  0  
4  3  0  107  35  110  110  186  536  26361  0  11  0  2  21  11  23857  28033  209  1  70291  93722  0  720  951  4808  0  0  8  105  3  54402  0  0  85445  1  1628  15612  0  96  25486  1  286030  100587  283  0  164  22400  1065  191858  218  85  42  147  8866  83  265  53  6910  14788  243325  0  87  7  2862  224  18  1216  43  24  24  420  64108  8  0  0  0  0  1  0  0  0  5  5  0  0  0  0  0  0  0  1  0  0  22  7  4  0  0  10  0  0  0  0  2  14  0  0  0  1  0  0  0  0  32  1  0  0  0  0  0  5  1  0  150  2  0  1  0  7  1  0  0  0  65  0  2  0  0  33  3  1  0  0  0  0  1  0  
146174  0  0  31  4070  22326  1  1  1  1  0  269  109427  12055  171  835  494  23429  0  0  0  0  100  0  0  8  0  0  0  0  134939  35815  90  407  3821  0  0  0  32441  939  32  0  5293  9  2  0  187159  3210  5797  0  0  5947  1243  15  2  0  1  1  0  0  0  151118  273373  584513  2  372  5  45  4  111749  0  0  94  0  0  0  0  0  0  1  0  0  0  0  0  0  0  0  0  0  1  0  0  0  0  0  0  31  0  0  0  0  0  0  124  4  0  0  0  0  0  0  0  0  1  0  0  0  0  0  0  0  1  0  0  0  0  0  0  0  0  0  0  0  0  0  9  1  0  22  0  0  0  0  0  0  0  0  
1  2  0  38  0  14  14  4  895  23  2  0  0  0  14  1  2  233  128547  6759  2  6  257  0  0  114273  5992  0  86  13  1  24  1  0  0  2  0  17  0  0  429  0  5  1005  1519  1  3  171  332  13  276  7  1  212  218922  431599  28706  25403  1527  13  429  0  0  0  5327  304  99  10742  57  0  78  0  642110  1  0  0  0  0  0  0  0  0  0  0  0  0  0  0  0  0  0  0  0  0  0  0  1  0  0  0  0  0  0  0  0  0  0  0  0  0  0  0  0  0  4  0  0  0  0  1  0  0  0  0  0  0  0  0  0  0  0  0  0  0  1  0  0  0  0  2  0  0  0  0  0  0  0  0  
8  1  8  258824  31  385  238  325  1792  369  0  5  0  2  61  24  236  1622  447  19  0  37  284  2  93219  0  173  33645  106  853  0  237  1725  82238  2  162202  0  12117  0  70  369782  3  9  5989  38433  4  69  1547  10729  0  162  672  38  744  220133  119804  515  151  22  23  296  0  11  2  3961  8963  460128  9249  3517  6  629  0  50330  1694  0  0  0  3  0  1  0  0  3  1  0  0  0  0  0  0  0  1  1  0  0  0  2  0  0  15  0  0  1  0  0  2  0  0  0  3  0  0  0  0  32  0  0  0  3  3  0  3  1  0  0  1  0  0  0  4  0  0  0  0  1  0  1  0  0  96  3  0  0  0  1  0  4  0  
0  0  68929  1  0  2  2  3  503  0  140  0  0  0  0  0  0  5  17  114444  0  0  0  0  3238  316  0  32  70  752064  0  0  0  0  0  0  0  0  0  0  12  0  0  57  481  4930  1  2  8  0  1  0  0  7  993  798823  7  53  0  0  0  0  0  0  191992  37  231015  2  58  0  100273  0  1  0  0  0  0  0  0  0  0  0  0  0  34  0  0  0  0  0  0  0  0  46  0  0  0  0  0  0  24  0  0  1547  0  0  0  0  0  0  0  0  0  0  0  0  0  0  0  4  0  0  0  0  0  0  0  0  0  1  0  0  0  0  0  0  0  0  3  0  0  0  0  0  15  0  0  0  
0  0  104464  160375  0  2  1  1  430  0  0  0  0  0  0  10  1  4  3  0  0  0  0  0  0  50732  49  0  73499  0  0  0  0  0  0  0  0  0  0  0  15  0  0  3  490662  89234  0  6  32  0  0  2  1  1  3  416  1  0  0  0  0  0  0  0  6  9  398688  2  46  0  38  0  2  0  0  0  0  0  0  0  0  0  0  0  0  0  0  0  0  0  0  0  0  0  0  0  0  0  0  0  0  0  0  0  0  0  0  0  0  0  0  0  0  0  0  0  0  0  0  0  0  0  0  0  0  0  0  0  0  0  0  0  0  0  0  0  0  0  0  0  0  0  0  0  0  0  0  0  
2  0  96368  68830  19  142  38  73464  2415  6  0  37432  8  57  58763  27536  318  1831  244  0  0  0  2  1  0  737  4  32908  0  7  0  215  3  0  0  0  0  0  0  51  650  0  0  74  638458  13852  219  4411  3584  0  2  8182  23  3232  145  57  64  48  0  0  3  0  7  1  247  4693  15985  351511  414498  15  585  0  160  0  0  0  0  0  0  0  0  1  3  0  0  0  0  0  0  0  0  0  0  0  0  0  2  0  0  5  1  0  0  0  0  1  0  0  0  1  0  0  0  0  16  0  1  0  3  0  0  0  1  0  0  0  0  0  0  2  0  0  0  0  0  0  0  0  0  28  3  0  0  0  0  0  2  0  
1  0  51656  6  0  16  27  10  26282  57465  22916  0  0  0  2  2  21  2140  161  5315  0  2161  3  1  12  515  583859  5  49  0  0  315  0  0  0  0  0  0  0  2  716  0  0  21334  636  224482  8  412  1322  0  14  10  0  13  506  35853  365  46  12  1  9  0  1  2  361248  31465  26085  44  47  6  300701  0  779  2  0  0  1  0  0  0  1  0  6783  475  22649  0  0  0  0  0  0  1  0  367  1  3043  2  0  0  10  278  0  1  68582  0  7  0  0  0  2  0  0  0  0  172  0  0  7  0  14  0  2  1  0  0  0  0  1  0  9  0  1  0  3  13  0  0  0  433  2757  2  0  0  0  20399  0  2  0  
57432  0  0  0  38212  31622  0  0  0  0  0  0  0  0  0  32138  0  149  0  0  0  0  1  113948  0  1  0  0  0  0  0  22920  0  0  0  0  0  0  3  0  2  0  0  2  0  0  222  0  9  0  0  0  0  1  0  0  0  0  0  0  0  1  210530  487  0  2  0  0  0  218135  0  0  6  0  3  0  0  0  0  125  0  0  0  0  0  0  0  0  0  149  0  0  0  0  0  0  0  879  0  0  0  0  0  0  16083  118  0  0  0  0  0  0  0  0  0  0  0  0  0  0  0  0  0  0  0  0  0  0  0  0  0  0  0  0  0  0  394  5  0  5  0  0  0  230  0  0  0  0  
379  0  0  8  76  99277  6  7  48  304  0  4  27  32  10  1231  33336  285633  78  0  16  10  56200  23858  1  543  2  1  14  14  30656  0  0  0  20280  1  2  12  251  15  2469  0  10605  1413  206  0  20052  23577  32009  23  12  69  15  19  298  25  32  7  11  1  10  8  167766  5657  248  62340  54  20  55  123699  3  0  16725  19  0  0  0  2  2  1464  6  3  87  4  0  1  0  3  0  674  0  15  1  0  2  3  7  2  0  83  8  0  1  0  243  45948  0  0  0  24  0  0  1  0  224  0  0  0  17  11  1  6  17  0  8  6  2  0  0  56  0  0  0  0  5  0  8  0  1  1005  48  8  2  465  10  0  17  0  
0  0  0  64908  0  1  0  0  2  4  0  183  0  0  0  0  1527  1918  4  0  0  0  0  23  0  438  1  0  2  0  0  36  0  118274  27632  9698  0  0  0  0  39271  0  0  13  4  0  181  204200  2369  0  0  4  0  0  38  5  0  0  0  0  0  0  1  1  13  17  8  3  1  0  0  0  16820  219043  0  0  0  0  0  0  0  0  1  0  0  0  0  0  0  0  0  0  0  0  0  0  0  0  0  0  0  0  0  0  0  2  0  0  0  0  0  0  0  0  1  0  0  0  0  0  0  0  1  0  0  0  0  0  0  0  0  0  0  0  0  0  0  0  0  1  0  0  0  0  0  0  0  0  
0  0  0  1907  0  0  0  0  0  0  0  363  29  2  0  0  33  136  0  0  0  0  1  707  1  61867  0  0  12  0  0  0  171768  0  361465  212979  23  253950  0  1  8754  0  86481  0  1  0  339  50965  30  7  0  0  0  0  77  0  0  0  0  0  2  0  0  14  0  0  0  0  0  0  0  1253  423186  67444  0  0  0  0  0  0  0  0  0  0  0  0  0  0  0  0  0  0  0  0  0  0  0  0  0  0  0  0  0  0  0  0  0  0  0  0  0  0  0  0  0  0  0  0  0  0  0  0  0  0  0  0  0  0  0  0  0  0  0  0  0  0  0  0  0  0  0  0  0  0  0  0  0  0  
1  0  0  515  0  3  1  1  10  7  0  184  10  0  0  2  35450  9912  21  0  0  0  76964  2262  0  128  0  0  1  3  0  19423  31132  379838  0  0  409  31083  0  0  340  0  250955  112  1  0  782  231428  103  1635  3  0  0  0  58  1  8  1  844  177  1026  0  7  62  37  11  0  4  2  1  2  57286  96228  24  0  0  0  0  0  0  0  0  2  0  0  0  0  0  0  0  0  0  0  0  1  0  0  0  0  3  0  0  0  0  0  3  0  0  0  2  0  0  0  0  7  0  0  0  0  0  0  0  1  0  0  0  0  0  0  0  0  0  0  0  0  0  0  0  0  9  0  0  0  0  0  0  2  0  
0  0  0  24  0  0  0  0  0  0  0  0  0  0  0  0  2  0  0  0  0  0  0  0  2  175995  0  0  0  0  0  0  12927  250642  5  0  0  3619  0  0  96864  0  0  0  0  0  0  16491  67  0  0  0  0  0  2409  0  0  0  0  0  0  0  0  0  0  0  0  0  0  0  0  0  34838  128610  0  0  0  0  0  0  0  0  0  0  0  0  0  0  0  0  0  0  0  0  0  0  0  0  0  0  0  0  0  0  0  0  0  0  0  0  0  0  0  0  0  0  0  0  0  0  0  0  0  0  0  0  0  0  0  0  0  0  0  0  0  0  0  0  0  0  0  0  0  0  0  0  0  0  
0  31170  0  0  0  0  0  0  0  0  0  0  0  0  0  0  6  0  6  0  66971  0  3018  0  1  0  0  0  0  0  0  0  0  48  941  0  0  359261  0  0  1  0  134204  57  0  0  0  326  0  402559  0  0  0  0  1  0  1  0  92292  424619  3405  0  0  0  0  0  0  0  0  0  0  643402  14102  0  0  0  0  0  0  0  0  0  0  0  0  0  0  0  0  0  0  0  0  0  0  0  0  0  0  0  0  0  0  0  0  0  0  0  0  0  0  0  0  0  0  0  0  0  0  0  0  0  0  0  0  0  0  0  0  0  0  0  0  0  0  0  0  0  0  0  0  0  0  0  0  0  0  0  
0  18258  0  8  0  2  1  0  3  0  0  0  0  0  0  0  1  5  13080  0  152  163  1706  0  6  692  0  0  0  0  0  2  0  256060  44158  120  327849  0  0  0  40  5  152544  6894  54  0  0  4370  5  24231  93  0  0  2  194  0  37  0  291764  59837  32406  0  0  0  4  5  0  40  4  0  0  683773  1077946  3  0  0  0  0  0  0  0  0  0  0  0  0  0  0  0  0  0  0  0  0  0  0  0  0  0  0  0  0  0  0  0  0  0  0  0  0  0  0  0  0  0  0  0  0  0  0  0  0  0  0  0  0  0  0  0  0  0  0  0  0  0  0  0  0  0  0  0  0  0  0  0  0  0  0  
12146  0  0  1  638  5045  0  0  0  2  0  92  87738  139990  75  148  2  313  0  0  0  0  5  15027  0  5  0  0  0  0  6  1848  0  0  0  0  0  0  0  6781  10  0  0  3  1  0  64732  3  60973  0  0  19784  260  9  0  0  0  0  0  0  0  9132  282  90212  0  223  2  31  2  326  0  0  16  0  0  0  0  0  0  0  1  0  0  0  0  0  0  0  0  0  0  0  0  0  0  0  0  0  0  0  0  0  0  0  0  1  0  0  0  0  0  0  0  0  1  0  0  0  0  0  0  0  0  0  0  0  0  0  0  1  0  0  0  0  0  0  1  0  0  10  0  0  0  0  0  0  0  0  
779  0  0  614  2899  1610  2  2  0  9  0  177881  989  186331  1336  53  3  136  2  0  0  0  1  120  0  10  0  0  5  0  0  82  0  0  0  0  0  0  3734  0  77  0  0  5  56  0  1045  0  156094  0  0  19701  4273  151  4  0  3  0  0  0  0  111  4  609  0  78  24  25448  37  13  0  0  4  0  0  0  0  0  0  0  0  0  0  0  0  0  0  0  0  0  0  0  0  0  0  0  0  0  0  0  0  0  0  0  0  0  0  0  0  0  0  0  0  0  0  0  0  0  0  0  0  0  0  0  0  0  0  0  0  0  0  0  0  0  0  0  0  0  0  9  0  0  0  0  0  0  0  0  
233  2  2  99335  1688  1575  586  691  2307  15225  0  208  0  128  915  188  33905  49780  11581  15  1  74  2584  20  25  319035  115  3  117  115  5  4023  33494  8951  3  94451  0  0  26  2614  0  4  46  42832  6005  6  390  195524  153369  3  132  1612  1428  1328  107927  2288  1395  1712  27  17  381  3  88  36  4297  5923  35031  4861  549  106  235  0  72310  68732  0  0  0  6  2  4  8  2  127  16  0  0  0  3  0  0  4  23  8  0  12  0  26  0  0  237  15  0  1  1  49  73  0  0  1  52  0  0  0  0  681  0  7  4  25  18  1  105  23  0  7  9  1  2  0  90  0  0  1  2  20  0  2  0  4  512  61  6  2  0  20  0  41  0  
0  365861  0  18  0  3  0  0  1  0  59800  0  0  0  0  0  0  6  104169  99161  4  331806  0  0  0  1  0  0  0  0  0  0  0  0  0  0  0  0  0  0  1  0  0  131533  391  0  0  6  10  0  37271  0  0  10  8  0  567117  24655  938  2  7504  0  0  0  8  6  0  67  0  0  0  0  8  0  0  0  0  0  0  0  0  0  0  0  253  0  0  0  0  0  0  0  0  0  0  24  0  0  0  0  0  0  0  0  0  0  0  0  0  0  0  0  0  0  0  39  0  2  0  0  0  0  0  0  0  0  0  0  0  0  0  0  0  0  0  0  0  0  0  0  0  0  0  0  0  0  0  0  
1  0  0  3  0  9  0  1  21  26  0  1  1  0  0  1  1930  3727  45  0  46  1  281042  2398  9  327  0  0  0  2  0  1134  0  125729  308597  0  104799  165195  0  0  787  0  0  306  2  0  15  58510  58  103554  9  1  0  2  148  4  15  4  7273  265  4745  0  13  376  71  30  0  5  0  3  1  103279  71164  2  0  0  1  1  0  0  0  0  3  0  0  0  0  1  0  0  1  0  1  0  0  0  0  0  0  4  2  0  0  1  1  5  0  0  0  0  0  0  0  0  14  0  0  0  0  0  0  4  1  0  1  1  0  0  0  1  0  0  0  0  0  0  0  0  0  15  1  0  1  0  1  0  1  0  
46  4842  2  5204  240  1075  1102  2704  4507  152696  629759  79  0  14  163  264  88  14227  14780  80668  9  670052  90830  7  608  13538  17  2  140  14999  1  1746  0  0  1  0  0  584  0  837  65348  142521  34  0  18022  0  1577  2596  18369  158  21618  761  258  2025  23989  669  82378  266623  4259  469  130938  0  48  15  255833  10096  618  9297  2327  41  187  4  27578  66  0  0  0  1  0  1  1  0  26  6  4303  0  0  0  1  0  0  1  0  0  3  161  3  0  0  33  4  0  0  6  5  16  0  0  0  6  1  0  1  0  95  23  2  136  3  2  0  4  2  0  4  1  0  0  0  10  0  0  0  1  5  0  1  0  0  144  5  0  0  0  5  0  7  0  
80  1  157377  235596  359  5126  1539  45292  25208  150  0  3922  0  61  579  26314  2735  8153  1774  3  1  5  11  9  22  46800  47  526025  520063  45  3  953  5  0  0  0  0  2  6  446  4013  1  1  991  0  272631  1223  17819  56713  0  252  2564  461  4693  1193  1037  4416  172  72  100  231  1  118  18  1456  19111  349660  125395  172542  90  7186  0  1626  2  0  0  0  0  0  2  0  0  18  0  0  0  0  1  0  0  0  4  1  0  0  0  1  0  0  20  1  0  0  0  0  6  0  0  0  8  0  0  0  0  51  0  0  0  2  1  0  1  0  0  0  3  0  0  0  13  0  1  0  0  0  0  0  0  0  95  6  1  0  0  0  0  3  0  
2  0  186736  45  5  35  14  135699  101303  2  0  1  0  1  2  10568  7  19  26  0  0  0  0  0  0  39  8359  58131  1482  192236  0  8  0  0  0  0  0  0  0  8  66  0  0  9  168658  0  0  54  425  0  0  24  6  289  12  218  18  0  0  0  0  0  0  0  52  389  113737  3  375  1  83613  0  1  0  0  0  187  0  0  0  0  41  2864  0  0  0  0  0  0  313  0  0  0  0  0  0  0  0  0  0  0  0  0  617  0  0  0  0  0  0  0  0  0  0  0  0  0  0  0  3684  0  0  0  0  0  0  0  0  0  1  0  0  0  0  0  0  0  0  0  2  0  0  0  0  6525  0  0  0  
9239  0  0  50  980  12728  4  1  11  8  0  1236  90021  3111  265  92  183  145092  8  0  3  2  178  146198  0  147  0  0  0  1  1220  38059  52  41  351  0  0  0  63545  352  339  0  140  279  38  0  0  2174  54805  0  1  3806  961  597  36  6  9  2  0  0  1  606  10781  125261  45  384  202  277  227  2217  0  0  677  1  0  0  0  1  0  2  0  0  3  0  0  1  0  0  0  0  0  0  0  0  0  0  2  0  0  1  0  0  0  0  2  7  0  0  0  0  0  0  0  0  4  0  0  0  1  1  0  0  1  0  4  0  0  0  0  3  0  0  0  0  3  0  0  0  0  33  0  0  0  0  0  0  2  0  
8  0  0  655  14  191  18  7  420  4225  0  192  4  1  16  20  229920  142031  751  14  4  15  17973  4011  86  1530  24  3  65  43  15  12633  170246  22809  258881  6789  151  17073  3  51  141271  0  102867  2559  2556  3  20983  0  52652  1213  154  125  20  46  5646  601  430  109  1663  79  637  0  186  43  1505  2681  5305  205  168  91  45  9591  494835  56411  2  0  0  11  3  0  9  1  218  13  0  1  0  6  0  0  0  42  7  0  4  0  34  3  0  218  10  0  1  0  20  153  0  0  0  63  0  0  6  0  1006  0  11  3  36  13  0  119  36  0  11  23  2  3  0  93  3  0  0  3  26  0  4  0  2  965  42  21  3  0  23  0  33  0  
38065  0  1383  319697  28565  33471  1419  1295  1604  10520  0  126751  3341  74498  12066  2879  91252  210269  40738  8  2  17  153  3030  68  5561  28  2  1230  49  134  38458  1423  6  23  7  0  0  56591  174401  160308  0  35  7457  85876  4  56230  20577  0  2  244  67275  28272  26062  4202  995  17737  4668  32  37  105  1087  2852  11706  2343  11988  9595  131704  21332  3307  121  0  3902  49  1  0  0  0  1  15  3  1  49  2  0  0  0  1  0  0  1  7  2  0  4  1  4  0  0  53  8  0  1  0  10  91  0  0  0  14  0  0  0  0  147  0  0  0  10  5  1  14  5  0  1  5  1  2  0  24  0  0  1  0  2  0  1  0  3  738  19  3  0  1  8  0  7  0  
0  0  0  0  0  0  0  0  5  0  0  0  0  0  0  0  51  34  0  0  247289  4  181250  0  11  14  0  0  0  0  0  21  0  0  1824  0  355623  93325  0  0  40  0  173813  416  11  0  0  3410  5  0  2  0  0  1  39  0  2  0  54938  211050  59333  0  0  0  6  3  0  14  0  0  0  53604  100237  0  0  0  0  0  0  0  0  0  0  0  0  0  0  0  0  0  0  0  0  0  0  0  0  0  0  0  0  0  0  0  0  0  0  0  0  0  0  0  0  0  0  0  0  0  0  0  0  0  0  0  0  0  0  1  0  0  0  0  0  0  0  0  0  0  0  0  0  0  0  0  0  0  0  0  
0  203339  0  96  0  10  4  14  13  4  1  0  0  1  0  1  0  19  2127  0  41195  97069  0  0  21  18  0  0  1  0  0  1  0  0  0  0  0  34  0  0  30  15128  1  19175  546  0  1  9  61  0  0  3  2  19  210  3  11474  29  42313  1833  172642  0  0  0  32  28  10  221  44  0  0  0  297  0  0  0  0  0  0  0  0  0  0  0  0  0  0  0  0  0  0  0  0  0  1  66  0  0  0  0  0  0  0  0  0  0  0  0  0  0  0  0  0  0  0  0  0  2  0  0  0  0  0  0  2  0  0  0  0  0  0  0  0  0  0  0  0  0  0  0  0  0  0  0  0  0  0  0  
86394  0  1  231  32326  41185  660  588  57  38  0  195293  13  231764  563746  2613  51  2549  449  0  0  2  3  1221  11  952  2  0  20032  1  5  1350  0  0  0  0  0  0  37481  60977  366  0  0  75  2195  0  3709  108  38651  0  69  0  172249  150608  711  74  881  55  1  13  29  38552  74  2103  111  3332  1902  189860  4149  199  9  0  157  0  0  0  0  0  0  4  0  0  0  0  0  0  0  0  0  0  0  0  0  0  0  0  0  0  0  0  0  0  0  0  0  2  0  0  0  0  0  0  0  0  2  0  0  0  1  1  0  0  0  0  0  0  0  0  0  0  0  0  0  0  0  0  0  0  0  124  1  0  0  0  0  0  1  0  
99382  0  0  7  81902  18951  37  0  4  3  0  120  0  297  454845  45978  13  689  7  0  0  0  0  50  1  40  0  0  0  0  4  1136  0  0  0  0  0  0  66  2874  45  0  0  5  22  0  197  15  8107  0  2  302104  0  49325  13  5  5  1  0  0  0  13  34  112  19  808  184  108  60  46  1  0  16  0  0  0  0  0  0  1  0  0  0  0  0  0  0  0  0  0  0  0  0  0  0  0  0  0  0  0  0  0  0  0  0  7  0  0  0  0  0  0  0  0  2  0  0  0  0  0  0  0  0  0  0  0  0  0  0  0  0  0  0  0  0  0  0  0  0  59  0  0  0  0  0  0  0  0  
595  0  4  3435  3355  66413  33497  82466  3541  7  0  70  0  15  517495  579083  29  1676  449  1  0  3  6  3  58  7100  21  1  3049  24  1  300  0  0  0  0  0  0  4  736  745  0  1  176  9711  10  663  298  33515  0  101  243061  58410  0  2231  218  630  69  8  12  33  0  31  19  877  12501  12604  121304  207186  42  184  0  802  0  1  0  0  0  4  4  0  0  1  0  0  0  0  0  1  0  0  0  0  0  0  0  0  0  0  3  0  0  0  0  0  5  0  0  0  0  0  0  0  0  4  0  0  0  0  0  0  0  0  0  0  0  3  0  0  1  0  0  0  0  0  0  0  0  0  93  1  0  0  0  0  0  0  0  
2  1  1  313  7  209  459  625  11611  120  0  0  0  0  13  21  47  2847  6142  30  2  140  652  2  155510  250373  973  0  110  361  0  262  31  185  0  7705  0  21  0  17  77396  4  14  33625  1597  1  48  1531  3536  12  144  67  11  513  0  27019  5746  1222  136  18  1278  0  13  2  21213  2747  3520  6927  157  11  1245  0  250515  66  0  0  0  3  1  0  0  0  2  0  0  2  0  0  0  0  0  3  0  0  0  0  2  0  0  7  1  0  0  0  0  2  0  0  0  0  0  0  0  0  18  0  0  0  0  0  0  6  1  0  0  0  0  0  0  2  0  0  0  0  1  0  0  0  0  46  2  0  0  0  0  0  1  0  
1  0  1  69  6  172  331  249  30809  20  1  3  0  0  9  8  54  2012  7768  80352  0  5  7  0  414184  184753  688227  193  3490  14558  1  264  3  0  0  0  0  0  0  20  5713  1  0  9324  24461  81  48  1736  3225  0  92  186  7  521  78096  0  9161  87240  68  7  94  0  7  1  167416  7349  192587  7461  2489  11  196783  0  32900  1  0  0  0  0  0  0  0  0  3  0  0  0  0  0  0  0  0  2  0  0  0  0  0  0  0  1  0  0  0  0  0  1  0  0  0  0  0  0  0  0  6  0  1  0  0  1  0  0  1  0  0  1  0  0  0  3  0  0  0  0  0  0  0  0  0  25  0  1  0  0  1  0  0  0  
0  314740  0  161  0  15  14  3  58  1  1260  0  0  0  28  1  5  157  1084504  1129  4  144402  5  0  41181  26  2  0  8  1  0  11  0  0  0  0  0  9  0  0  593  479584  0  65978  4141  0  7  170  758  0  39669  40  5  241  265  3602  0  91755  134426  23  25257  0  1  0  18973  53  56  26956  27  0  7  0  100568  0  0  0  0  0  0  0  0  0  0  0  0  0  0  0  0  0  0  0  0  0  0  0  0  0  0  0  0  0  0  0  0  1  0  0  0  0  0  0  0  0  3  0  0  0  0  0  0  0  0  0  0  0  0  0  0  0  0  0  0  0  0  0  0  0  0  5  1  0  0  0  0  0  0  0  
0  4168  0  258  3  15  18  2  168  6  206948  0  0  0  6  1  3  142  477001  360792  0  20830  2  0  36969  267  12  0  8  15  0  9  0  0  0  0  0  0  0  0  227  41636  0  196817  5172  0  0  182  617  0  9220  23  4  114  1096  83185  147245  0  1905  0  2424  0  2  0  148906  134  204  3268  14  0  29  0  1958  0  0  0  0  0  0  0  0  0  0  0  1  0  0  0  0  0  0  1  0  0  0  0  0  0  0  2  0  0  0  0  0  1  0  0  0  0  0  0  0  0  1  0  0  0  0  0  0  0  0  0  0  0  0  0  0  0  0  0  0  0  0  0  0  0  0  2  1  0  0  0  0  0  1  0  
0  230858  0  725  0  30  13  16  9  9  0  0  0  1  14  6  2  62  190736  7  4516  9478  1066  0  202  109  1  0  0  0  0  9  0  0  0  0  82399  339818  0  3  299  302  164  28813  6846  0  3  227  174  687  115488  3  1  207  593  3  105616  212  0  181888  83908  0  0  0  137  145  29  2576  60  1  3  194  154877  1  0  0  0  0  0  0  0  0  0  0  0  1  0  0  0  0  0  0  0  0  0  0  0  0  0  0  0  0  0  0  0  0  0  0  0  0  0  0  0  0  0  0  0  0  0  0  0  0  0  0  0  0  0  0  0  0  0  0  0  0  0  0  0  0  0  1  0  0  0  0  0  0  0  0  
0  95090  0  137  2  5  3  11  8  2  0  0  0  0  1  2  4  25  106  0  320613  296  2902  0  23  20  0  0  1  0  0  4  0  0  133  0  388552  95417  0  0  34  4  456  14342  884  0  1  156  48  205894  43218  0  0  23  697  0  108  3  180199  0  151568  0  0  0  15  35  11  314  31  0  0  124168  34058  0  0  0  0  0  0  0  0  0  0  0  0  0  0  0  0  0  0  0  0  0  0  0  0  0  0  0  0  0  0  0  0  0  0  0  0  0  0  0  0  0  0  0  0  0  0  0  0  0  0  0  0  0  0  0  0  0  0  0  0  0  0  0  0  0  0  0  0  0  0  0  0  0  0  0  
0  56156  0  680  1  46  34  75  216  65  3812  0  0  1  22  9  13  246  1732  209  394046  701262  235109  0  810  198  1  0  1  10  0  35  1  0  58  0  1354  69533  0  1  484  18298  1197  157093  4153  0  8  235  447  48995  201954  11  1  294  11313  50  17709  5246  71686  142051  0  0  2  0  257  167  38  5752  153  0  14  520  53312  0  0  0  0  0  0  1  0  0  0  7  45  0  0  0  0  0  0  0  0  0  13  50  2  0  0  0  0  0  0  0  0  1  0  0  0  0  0  0  0  0  6  1  0  14  2  0  0  0  0  0  82  0  0  0  0  0  0  0  0  0  32  0  0  0  0  5  1  0  0  0  0  0  0  0  
77403  0  0  2  3  70  0  0  0  0  0  0  31183  31887  85260  0  0  3  0  0  0  0  0  139764  0  0  0  0  0  0  0  28  0  0  0  0  0  0  18008  61  0  0  0  0  0  0  104  0  171  0  0  59598  41  0  0  0  0  0  0  0  0  0  4  48259  0  6  0  3  1  2  0  0  1  0  0  0  0  0  0  0  0  0  0  0  0  0  0  0  0  0  0  0  0  0  0  0  0  0  0  0  0  0  0  0  0  0  0  0  0  0  0  0  0  0  0  0  0  0  0  0  0  0  0  0  0  0  0  0  0  0  0  0  0  0  0  0  0  0  0  0  0  0  0  0  0  0  0  0  
12  0  0  1  4  23356  1  1  4  20  0  1  210  27  0  0  4  8730  5  0  2  2  192  257223  0  122  0  0  2  0  210159  246717  0  0  3  0  0  0  840  0  388  0  15  247  1  0  34459  124  245  0  0  5  2  0  20  0  3  0  0  0  3  7  0  73227  40  19  2  7  0  70879  0  0  660  0  0  0  0  0  0  0  0  0  7  0  0  0  0  0  0  0  0  3  0  0  1  0  0  4  0  5  1  0  0  0  37  9  0  0  0  3  0  0  0  0  7  0  0  0  2  0  0  0  0  0  4  0  0  0  0  2  0  0  0  0  1  0  4  0  0  16  1  1  0  0  0  0  0  0  
29584  0  0  1  2753  22553  0  1  1  7  0  221  36224  31945  133  872  17  2960  1  0  0  1  24  579747  0  10  0  0  0  0  330  20914  0  8  45  0  0  0  150516  763  54  0  214  27  4  0  154903  28  10893  0  1  2324  602  9  2  1  0  0  0  0  2  73905  32103  0  7  1261  5  51  14  9617  0  0  194  0  0  0  0  1  0  1  0  0  2  0  0  0  0  0  0  0  0  0  0  0  0  0  0  0  0  2  0  0  0  0  0  8  0  0  0  0  0  0  0  0  6  0  0  0  0  0  0  0  2  0  0  1  0  0  0  2  0  0  0  0  0  0  0  0  0  88  2  0  0  0  0  0  1  0  
2  151  0  925  17  417  1972  765  40914  4757  291524  11  0  2  22  11  109  5122  93608  471831  0  4206  78  1  4477  3765  250773  4  752  583797  0  968  5  0  0  0  0  4  0  81  5980  2146  10  265667  17904  14  273  2668  5820  0  4725  326  17  878  21339  84742  97637  166242  2178  54  3321  0  19  3  0  20646  2969  5063  377  21  107916  0  22506  1  0  0  0  0  0  1  0  0  16  6  6373  0  0  1  0  0  0  0  0  139  0  7  0  0  0  16  6  0  0  362  0  4  0  0  0  5  0  0  0  0  38  0  0  0  4  3  0  2  1  0  0  3  0  0  0  10  0  0  0  0  2  0  0  0  16  102  12  1  0  0  2  0  2  0  
578  0  13  593  240  326473  169173  143019  252881  259736  3  33  0  43  157  5857  315  30814  2265  7  0  26  119  290  9  6718  179  11  1282  42543  7  83373  23  0  3  1  0  1  61  321  13602  1  74  16095  9351  20  848  7394  26310  0  88  2545  292  3074  6845  2969  623  233  11  3  23  1  156  1445  41136  0  5275  2494  3504  207  381  0  14354  405  897  0  1  6  203  15724  1401  2577  3433  190  3  4  0  18  62  160  2  161  3  0  1  64  102  21  2  442  55  2  168  32  38  2775  0  0  0  75  0  0  30  0  1343  0  5  2  2467  150  68  35  70  0  5  83  141  86  0  708  3  0  4  1  20  82  50  29  8  319144  601  18  91  79  1732  0  425  0  
7  0  43578  42470  48  1834  2202  396  20986  28  0  0  0  3  84  1147  413  3586  1073  13  0  2  4  1  93  604052  245571  330112  5447  27510  0  486  5  0  0  0  0  0  0  12  33499  0  0  3808  214468  115387  30  4690  7917  0  34  166  68  2377  13791  230660  247  1049  1  4  12  0  17  1  6637  27765  0  5387  15000  12  81179  0  383  0  0  0  0  0  0  1  0  1  8  0  0  0  0  0  0  0  0  1  0  0  0  0  0  0  0  13  1  0  0  0  0  1  0  0  0  3  0  0  0  0  28  0  0  0  1  1  0  0  0  0  0  2  0  0  0  4  0  0  0  0  0  0  0  0  0  41  7  2  0  0  2  0  4  0  
494  0  1  91479  1643  5350  1050  48  594  16  0  156120  0  543  168034  391  22  3265  1559  2  0  4  5  20  120  6328  15  1  294574  13  4  616  0  0  0  0  0  0  231  8861  680  0  0  167  250596  13  5532  59  102414  0  308  253683  1548  94140  4382  382  4008  233  39  51  108  12  63  77  291  2901  10380  0  83283  84  435  0  1138  0  0  0  0  0  0  4  1  0  1  0  0  0  0  0  0  0  0  2  0  0  0  0  0  0  0  0  0  0  0  0  0  4  0  0  0  0  0  0  0  0  1  0  0  0  0  0  1  0  0  0  0  0  0  0  0  0  0  0  0  0  0  0  0  0  0  177  0  0  0  0  0  0  4  0  
103  0  34341  6378  519  8111  8676  104859  9616  9  0  65  0  40  45572  115247  207  2168  1093  1  0  1  2  2  7  4444  17  46  337015  6  1  331  3  0  0  0  0  0  7  731  951  0  0  164  157586  444  188  2492  12356  0  15  8313  760  251270  331  311  1488  107  2  7  9  0  28  9  236  16984  33180  76139  0  19  6896  0  262  0  0  0  0  0  0  4  0  0  7  0  0  0  0  0  1  0  0  2  0  0  0  0  2  0  0  7  1  0  0  0  0  5  0  0  0  1  0  0  0  0  14  0  0  0  0  0  0  0  1  0  0  2  0  0  0  1  0  0  0  0  0  0  0  0  0  40  1  2  0  0  2  0  3  0  
56095  0  0  0  58024  294338  0  0  1  8  0  1  0  29  6  102622  2  1737  1  0  0  0  101  114814  1  46  0  0  0  1  243835  158745  0  0  0  0  0  0  102  10  167  0  1  103  1  0  1600  46  348  0  1  54  5  0  11  0  1  0  1  1  0  3  66072  20365  13  60  0  4  1  0  0  0  454  0  1  0  0  1  0  1580  1  0  4  0  0  0  0  2  0  782  0  0  0  0  0  0  1  18  0  2  0  0  0  0  3349  450  0  0  0  1  0  0  0  0  6  0  0  0  1  0  0  1  1  0  1  0  0  0  0  4  0  0  0  0  0  0  5  0  0  44  1  1  0  1272  0  0  1  0  
1  0  4  21  1  70  57  84  258551  19  1  2  0  1  7  13  23  808  1876  777  0  1  2  0  45  1716  39543  51  641  297359  0  107  1  0  0  0  0  0  0  8  2429  0  0  493  4169  87703  6  1337  917  0  14  27  0  308  1185  153672  1105  138  8  0  13  0  2  0  63846  5123  69748  152  689  2  0  0  241  0  0  0  0  0  0  0  0  2  3176  11  26  0  0  0  0  0  0  0  0  4  0  0  0  0  0  4  0  0  0  16582  0  1  0  0  0  2  0  0  0  0  17  0  0  0  0  31  0  0  1  0  0  1  0  0  0  1  0  0  0  0  0  0  0  0  0  38  0  2  0  0  117029  0  0  0  
0  0  0  0  0  0  0  0  0  0  0  0  0  0  0  0  0  0  1  0  6  2  665  0  1  0  0  0  0  0  0  1  0  271  35790  0  801822  659331  0  0  4  0  61462  73  1  0  0  2210  0  73937  2  1  0  0  9  0  0  0  21322  122707  5127  0  0  0  2  0  0  3  0  0  0  0  96347  0  0  0  0  0  0  0  0  0  0  0  0  0  0  0  0  0  0  0  0  0  0  0  0  0  0  0  0  0  0  0  0  0  0  0  0  0  0  0  0  0  0  0  0  0  0  0  0  0  0  0  0  0  0  0  0  0  0  0  0  0  0  0  0  0  0  0  0  0  0  0  0  0  0  0  
8  84  1  1148  27  286  258  201  1235  902  5  0  0  6  161  45  987  26412  264017  940  110  576  42282  30  667188  33576  2  0  37  130  1  9708  23947  382678  122857  17405  3623  1215723  2  33  37932  28  129341  75677  14642  0  170  508639  5062  49034  10211  78  15  2704  359654  48055  83684  2027  124478  24099  96910  1  149  71  33955  1283  123  61378  203  105  47  77136  0  13364  0  0  0  3  0  3  3  0  51  5  0  1  0  1  0  0  0  8  0  0  9  0  21  0  1  78  2  0  1  0  12  78  0  0  1  22  0  0  1  0  270  0  6  1  10  5  0  45  12  0  5  3  2  2  0  27  0  0  0  0  9  0  0  0  0  198  16  4  1  0  11  0  14  0  
0  0  0  105  1  1  0  0  4  616  0  2  0  0  1  0  23  1524  5  0  0  1  11  0  0  373  0  0  0  3  0  58  231046  53146  42  118039  0  2  0  4  55772  0  1  278  46  0  0  92077  997  0  3  14  0  1  555  1  13  1  0  0  0  0  1  0  24  221  2  25  0  2  0  0  26685  0  0  0  0  0  0  0  0  0  11  1  0  0  0  0  0  0  1  4  0  0  0  1  2  0  0  7  0  0  0  1  0  2  0  0  0  2  0  0  0  0  59  0  1  0  1  1  0  10  1  0  0  0  0  0  0  2  0  0  0  0  2  0  0  0  0  42  2  0  0  0  0  0  3  0  
1  0  0  0  1  23  1  0  0  0  0  0  0  0  0  1  0  0  0  0  0  0  0  0  0  0  0  0  0  0  174  2  0  0  0  0  0  0  0  0  0  0  0  0  0  0  0  0  0  0  0  0  0  0  1  0  0  0  0  0  0  0  0  0  0  19  0  0  0  72  0  0  0  0  0  0  0  16  136242  37105  100  11  106  0  0  65  2899  4099  33237  46779  2  79  0  0  0  0  13  293775  0  34  12  0  0  0  69143  6206  0  0  0  13  0  0  51512  0  138  0  0  0  164  11  4117  0  5011  0  0  21300  196939  91  0  543  0  0  0  1  0  196383  3251  11755  8  3648  24  37  16  58457  62  0  34  0  
0  0  0  0  0  0  0  0  0  0  0  0  0  0  0  0  0  0  0  0  0  0  0  0  0  0  0  0  0  0  0  0  0  0  0  0  0  0  0  0  0  0  0  0  0  0  0  0  0  0  0  0  0  0  0  0  0  0  0  0  0  0  0  0  0  0  0  0  0  0  0  0  1  0  0  0  0  2  0  0  0  0  5  0  0  0  0  0  0  0  0  0  437982  0  232424  2  5  0  0  3  0  0  0  0  0  0  0  0  0  2  1284  4288  0  0  3  160551  0  12  1  0  1  0  6  1  231165  1  0  0  0  2  8753  1  129602  119807  4767  0  0  0  0  0  0  2  0  0  0  424  216  0  
0  0  1138  0  0  0  0  570  16  0  0  0  0  0  0  602  0  0  0  0  0  0  0  0  0  0  0  0  0  0  0  0  0  0  0  0  0  0  0  0  0  0  0  0  0  288  0  0  0  0  0  0  0  0  0  0  0  0  0  0  0  0  0  0  0  0  0  0  0  0  0  0  0  0  0  0  0  0  0  2  270  11968  89  0  0  0  0  0  0  314862  0  1  0  0  0  0  0  0  0  1  69111  87238  182075  40848  0  0  0  0  0  0  0  0  0  0  7  0  0  0  272877  282121  0  0  0  0  0  0  0  15  0  4  0  0  0  0  0  0  0  0  0  0  84573  0  248  0  52  0  0  0  
0  0  0  0  0  1  0  0  0  0  0  0  0  0  0  0  0  0  0  0  0  0  0  0  0  0  0  0  0  0  0  0  0  0  0  0  0  0  0  0  0  0  0  0  0  0  0  0  0  0  0  0  0  0  0  0  0  0  0  0  0  0  0  0  0  14  0  0  0  0  0  0  0  0  11  0  1  0  34  140  435  69  2296  68  0  261358  0  75  68  28  373  1083  86  0  0  0  31  9  2  345654  188  80642  86903  1  0  14  14164  436  105  3326  1  0  61  53  78013  0  0  16  73737  326  355  547  359677  0  2  429  74  161  462  9399  33  8  2  2  2  3  8  5  192  1562  1536  87397  839  0  1982  0  176  12  
0  0  0  0  0  14  1  1  0  0  0  0  0  0  0  12  0  1  0  0  0  0  1  0  0  0  0  0  0  0  0  0  0  0  0  0  0  0  0  0  0  0  0  0  0  0  0  0  0  0  0  0  0  0  0  0  0  0  0  0  0  0  0  0  0  135  0  0  0  0  0  0  0  0  96594  0  0  44  0  204246  988  182  1659  8  0  366  3  1920  65686  342351  0  93  23  0  0  0  31  73  0  258  393  0  24  0  12  4574  0  0  0  96  0  0  2347  0  527  0  0  24  163  165  5049  1  7495  0  0  9210  409502  1936  4  9227  8  6  1  0  5  9044  183  1202  109  4588  1624  77  231  25594  709  0  89  0  
1  0  0  0  26  8517  237  26  0  0  0  0  0  0  0  1933  0  7  0  0  0  0  2  0  0  0  0  0  0  0  58  779  0  0  0  0  0  0  0  0  1  0  0  0  0  0  1  1  17  0  0  0  0  0  1  0  0  0  0  0  0  0  2  2  0  13178  0  0  1  570  0  0  2  0  30334  0  0  24  393903  0  242113  8531  2334  8  0  1976  2  2239  79538  546863  7  548  12  0  4  2  184  119405  3  195  95  0  27  0  4516  158855  0  0  0  51  0  0  873  1  709  0  2  11  603  2024  2935  22  4174  0  8  12980  47533  71017  2  3242  2  2  6  0  9  514  58225  40945  40  434223  394  107  899  156544  533  0  606  0  
0  0  0  0  0  367  3951  130  0  1  0  0  0  0  0  2653  0  0  0  0  0  0  0  0  0  0  0  0  0  0  0  1  0  0  0  0  0  0  0  0  0  0  0  0  0  0  0  0  1  0  0  0  0  0  1  0  0  0  0  0  0  0  0  0  0  481  0  0  0  0  0  0  0  0  43  0  0  152  441  301628  0  260095  28434  8  0  249  0  136  9317  344079  2  285  18  0  0  0  103  12  3  892  107  6  527  0  2  222  0  0  0  62  0  1  6  0  685  0  1  6  1008  6109  416  7  904  0  5  8430  2159  263200  5  12843  8  5  6  1  4  19  31  22  139  179161  409  1136  7138  0  19706  0  430  0  
0  0  6  0  0  47  1896  28179  5850  1  0  0  0  0  0  9759  0  3  1  0  0  0  0  0  0  0  0  0  0  20  0  0  0  0  0  0  0  0  0  0  4  0  0  1  0  68  0  2  2  0  0  1  1  0  2  0  0  0  0  0  0  0  0  0  0  2841  0  0  0  0  2  0  10  0  4  0  1460  30  34  3338  225184  0  97709  13  0  2  0  0  44  353203  11  1540  27  0  2  0  703  29  4  289  62  5  116684  37  0  12  0  0  1  37  0  1  0  0  2472  0  6  5  48473  152196  59  44  453  0  14  21  59  20770  0  3519  22  3  19  4  23  2  173  7  225  179494  228  32  296789  0  3525  0  1518  0  
0  0  45  0  0  0  13  379  52365  130  0  0  0  0  0  51  0  12  0  0  0  2  0  0  0  0  0  0  0  17006  0  2  0  0  0  0  0  0  0  0  4  0  0  12  0  1842  0  7  5  0  0  0  0  0  4  0  0  0  0  0  0  0  0  0  7  1709  0  0  0  0  7519  0  2  0  3  0  143  414  26  61  42861  69948  0  52458  0  23  0  16  117  579  9  238  468  0  1  3  144  5  30  6597  818  3  73  17785  0  1  0  1  0  2069  23  14  5  0  10969  2  2  12198  569  99843  63  59  1289  0  14  81  133  613  0  2155  349  57  28  45  302  2  14  1  5222  222607  3226  330  342  0  164389  1  581  0  
0  0  0  0  0  0  0  0  894  171  0  0  0  0  0  0  0  11  0  0  0  45  0  0  0  0  0  0  0  4370  0  4  0  0  0  0  0  0  0  0  5  0  0  22  0  0  0  12  8  0  1  0  0  0  5  0  1  0  0  0  1  0  0  0  8  174  0  0  0  0  140  0  10  0  6  0  0  571  12  21  102  19  79169  0  2  32  0  27  22  1  17  130  286  0  5  3837  16125  7  23  12755  213  4  35  34978  5  13  0  0  1  1894  189  37  7  0  13038  2  22  78720  267  379  79  461  1664  0  73  47  59  122  0  1199  80  3  57  422  3539  1  7  5  1229  68787  1017  101  82  0  20353  1  409  0  
0  0  0  0  0  0  0  0  0  4  56741  0  0  0  0  0  0  0  0  10427  0  11616  0  0  0  0  12  0  0  23456  0  0  0  0  0  0  0  0  0  0  0  81  0  3214  0  0  0  0  0  0  0  0  0  0  0  0  0  3  0  0  36  0  0  0  2093  12  0  0  0  0  2  0  0  0  0  0  0  0  0  0  0  0  0  34  0  0  0  0  0  0  0  0  525  375683  0  67740  0  0  0  0  16  0  0  24752  0  0  0  0  0  0  0  0  0  0  4  109093  0  455009  0  0  1  0  0  0  0  0  0  0  0  1  197  110098  0  0  2  0  0  0  202976  1  0  1  0  0  1  0  0  0  
0  0  0  0  0  1  0  0  0  0  0  0  0  0  0  1  0  0  0  0  0  0  0  0  0  0  0  0  0  0  0  0  0  0  0  0  0  0  0  0  0  0  0  0  0  0  0  0  1  0  0  0  0  0  0  0  0  0  0  0  0  0  0  0  0  33  0  0  0  0  0  0  0  0  42  0  0  334876  524  1278  310  3  137  3  0  0  490  117089  1135  9  1436  20417  6  0  0  0  8  1173  0  1608  11  10  3131  0  0  87  7814  621  3194  21  0  0  5716  107436  71  0  0  1  326  9  1462  541  254976  0  0  76360  436  60  1  574  6  1  0  0  1  1  10  11  5  2121  32  204875  12  0  77  0  32  5  
0  0  0  0  0  0  0  0  0  0  0  0  0  0  0  0  0  0  0  0  0  0  0  0  0  0  0  0  0  0  0  0  0  0  0  0  0  0  0  0  0  0  0  0  0  0  0  0  0  0  0  0  0  0  0  0  0  0  0  0  0  0  0  0  0  0  0  0  0  0  0  0  0  0  2497  0  0  0  7  124  2  0  2  0  0  432  0  43843  2553  0  1  56  0  0  0  0  0  119775  0  0  1  0  0  0  8  56  0  10  12  0  0  0  116171  7  36  0  0  0  22  0  110660  1  73  0  0  40  5  0  0  11  0  0  0  0  0  97485  3004  47200  0  14  1  0  2  0  4  0  0  0  
0  0  0  0  0  0  0  0  0  0  0  0  0  0  0  0  0  0  0  0  0  0  0  0  0  0  0  0  0  0  0  0  0  0  0  0  0  0  0  0  0  0  0  0  0  0  0  0  0  0  0  0  0  0  0  0  0  0  0  0  0  0  0  0  0  20  0  0  0  0  0  0  0  0  6258  0  0  56  5207  4456  224  6  205  1  0  200188  43089  0  24896  13  0  292  2  0  0  0  7  2272  0  35  34  0  17  0  3  263  0  1  0  11  0  0  213467  68100  91  0  0  2  45  31  24265  1  132802  0  0  268296  3370  124  1  1058  2  1  0  1  0  37983  41  39  11  3234  91  1439  22  1  107  0  30  0  
0  0  0  0  0  1  0  0  0  0  0  0  0  0  0  0  0  1  0  0  0  0  0  0  0  0  0  0  0  0  0  0  0  0  0  0  0  0  0  0  0  0  0  0  0  0  0  1  0  0  0  0  0  0  0  0  0  0  0  0  0  0  0  0  0  60  0  0  0  0  0  0  0  0  38723  0  0  51  53638  67321  3152  90  700  4  0  1168  12842  53612  0  64361  0  158  16  0  0  0  25  59845  0  194  64  2  124133  0  0  210  0  0  0  72  0  0  13  0  267  0  0  11  4998  45  245  2  983  0  0  1001542  1310240  427141  10  5003  10  6  0  0  2  107274  15  19  76  3150  678  148049  158730  1  466  0  118  0  
0  0  246  0  28  3078  233  15141  46  0  0  0  0  0  0  17914  0  0  0  0  0  0  0  0  0  0  0  0  0  0  1017  392  0  0  0  0  0  0  0  0  0  0  0  0  0  213  0  0  0  0  0  0  0  0  0  0  1  0  0  0  0  0  0  0  0  46  0  0  0  1362  0  0  0  0  55499  0  225681  37  448616  632426  473447  366792  664  2  0  14  0  27  91370  0  1  29  1  0  0  0  10  10270  0  188  45  216  224283  175  43238  376  0  0  0  13  0  0  8  0  141  0  0  2  57962  41693  22  0  285  0  0  214  57287  633061  1  1757  3  1  0  0  0  14  1373  1513  65  1467  179  137  164692  226148  653  0  28  0  
0  0  0  0  0  0  0  0  0  12  0  0  0  0  0  0  0  8  0  0  0  0  0  0  0  1  0  0  0  1  0  2  0  0  0  0  0  0  0  0  1  0  0  2  0  0  0  10  2  0  0  0  0  0  3  0  0  0  0  0  0  0  0  0  2  13  1  0  0  0  0  0  7  0  4  0  0  520  2  3  22  12  492  144  0  2421  0  0  1  0  0  284624  9  0  2  1  110652  6419  1  1861  52  2  116  0  12  61  17478  28  97360  177  3  10  1  0  47491  0  24559  11  5577  83  4054  185775  44727  11  4  4  5  19  1  2148  10  0  5  7  36  0  177  45  41  766  238  8  121  0  511  6  515  3  
0  0  0  0  0  0  0  0  0  18  0  0  0  0  0  1  0  16  0  0  0  0  0  0  0  1  0  0  0  1  0  11  0  0  0  0  0  0  0  0  3  0  0  3  0  0  0  22  7  0  0  0  0  0  3  0  1  0  0  0  0  0  0  0  5  23  1  0  0  0  0  0  14  0  142  0  0  1462  316  1057  1139  24  1751  129  0  14744  11  537  858  10  208393  0  29  0  3  0  117729  121675  2  1116  142  3  119  0  152  694  2737  33  21379  175  3  8  9  338  10659  0  10521  29  4918  217  143563  7181  160059  10  16  542  435  180  1  8643  12  3  11  9  66  17  4717  1416  169  1787  454  20  359  0  1050  5  671  0  
0  0  0  0  0  0  0  0  0  0  0  0  0  0  0  0  0  0  0  0  0  0  0  0  0  0  0  0  0  0  0  0  0  0  0  0  0  0  0  0  0  0  0  1  0  0  0  0  0  0  0  0  0  0  0  0  0  0  0  0  0  0  0  0  0  27  0  0  0  0  0  0  0  0  16  436928  1  1401  78  101  538  92  337  12  890  114  0  69  238  24  9  174  0  57817  2021  19958  29  9  110672  2297  161  43  142  7  1  21  0  0  0  30  65  20354  19  0  791  221569  4  96919  2676  67  256  78  5799  0  126547  476  823  954  3  93823  1054809  588203  120217  278  71320  20  11  5  7297  480  108  7389  159  0  357  12982  266622  0  
0  0  0  0  0  0  0  0  0  0  256  0  0  0  0  0  0  0  0  33  0  1  0  0  0  0  26  0  0  595  0  0  0  0  0  0  0  0  0  0  0  0  0  0  0  0  0  0  0  0  0  0  0  0  0  0  0  0  0  0  0  0  0  0  101  0  0  0  0  0  3  0  0  0  0  0  0  0  0  0  0  0  4  0  357218  0  0  0  0  0  0  0  68902  0  0  29  0  0  3715  0  107596  0  0  26754  0  0  0  0  0  0  0  0  0  0  1  144727  0  167555  0  0  0  0  0  0  26  0  0  1  0  125461  17052  316439  0  0  98  0  0  0  130918  0  0  0  0  0  103  0  0  0  
0  1  0  0  1  1  0  0  0  34  0  0  0  0  0  0  0  23  1  0  2  49  5  0  0  11  0  0  0  1  0  8  0  0  0  0  0  0  0  1  113  0  0  15  1  0  0  31  20  0  4  1  1  0  12  0  6  0  1  0  5  0  0  1  1  23  2  2  0  0  0  0  64  1  0  232399  0  46  0  2  2  1  125  28  0  0  0  1  0  0  3  23  2293  0  0  5095  132530  17  31  281  3  0  0  0  260  783  0  3  17  71  76497  931  0  0  624  11223  1281  25  8  17  4  188  123  290110  156388  3  1  5  0  128  58  0  85935  553129  615731  0  47  0  0  128  16  15  5  0  31  396  19292  11  
0  19  0  0  1  0  0  0  3  265  2367  0  0  0  0  0  0  4  0  0  2  14740  5  0  0  5  0  0  0  952  0  5  0  0  0  0  0  0  0  0  35  36  0  320  0  0  0  18  6  0  7  1  0  0  2  0  0  1  1  0  27  0  2  0  9  241  0  1  0  0  0  0  15  0  0  22  0  12  1  3  1  0  87  3291  36716  2  0  1  1  0  1  19  22976  144  6889  0  58340  1  3  208  3  0  3  9435  73  309  0  0  0  34  1  0  0  0  355  295053  17  654922  8  13  3  39  31  0  46475  0  3  11  0  66  33672  157  215  2  513508  1  12  1  725  110  20  19  2  0  20  0  267  0  
0  0  0  0  0  0  2  0  1  49  0  0  0  0  0  0  1  22  1  0  0  5  5  0  0  7  0  0  0  6  0  8  0  0  0  0  0  0  0  1  57  0  0  16  0  0  0  50  19  0  2  0  1  0  9  1  1  2  1  0  0  0  0  0  2  40  0  1  1  0  0  0  39  2  4  1  0  364  12  18  57  8  2538  12420  0  25  0  1  13  2  62840  129748  193  0  124319  34494  0  26831  90  7342  172  0  32  3  226  1179  4  12  169666  1403  4420  155  1  0  10054  3  370810  63400  174  441  511  11415  914  183836  295  26  43  99  1  2218  191  2  212  4685  429023  3  1892  42  308  1440  626  55  52  0  1436  26  22969  44  
0  0  0  0  0  5  0  0  0  3  0  0  0  0  0  0  0  7  0  0  0  0  2  21  0  0  0  0  0  0  1067  4  0  0  0  0  0  0  0  0  7  0  0  1  0  0  0  14  5  0  0  0  0  0  1  0  0  0  0  0  0  0  3  0  0  5  0  0  0  55  0  0  7  0  280609  0  0  12  675  55697  81  2  145  4  0  1242  217497  3533  69370  8295  4907  148634  6  0  7  10  53509  0  0  78  12  0  7  0  175690  17761  12  1426  2306  16  1  0  108585  2  2594  0  4030  3  430  26  339996  450  713  0  8  252  87  28  0  651  0  1  4  2  11  191567  462812  841460  14  502  48  8  20  53826  86  0  278  0  
0  0  0  0  0  0  0  0  0  0  0  0  0  0  0  0  0  0  0  0  0  0  0  0  0  0  0  0  0  20  0  0  0  0  0  0  0  0  0  0  0  0  0  0  0  0  0  1  0  0  0  0  0  0  0  0  0  0  0  0  0  0  0  0  0  1  0  0  0  0  0  0  0  0  0  0  0  148  18  14  34  5  200  8  0  8  0  1  12  0  1  10  103790  420  545  3  29  0  0  354853  56864  0  7  15  2  3  1  39199  0  115346  301  876  0  0  5376  0  10  2383  128  8  11  83  370  1  2828  25  61  83  116172  518033  118  7933  1775  851  5407  0  0  0  122  40  594  185  5  0  97  32  701789  0  
0  0  0  0  0  4  0  1  1  3  0  0  0  0  0  0  0  3  0  0  0  0  0  0  0  0  0  0  0  2  0  3  0  0  0  0  0  0  0  0  3  0  0  1  0  0  0  2  3  0  0  0  0  1  0  0  0  0  0  0  0  0  0  0  0  95  0  0  0  0  0  0  5  0  128  0  11  222024  153  515  1537  291  6220  724  0  868  0  851  479  99  947  1339  415  0  6  0  242  64  226213  0  16567  144810  600  11  3  75  58066  16199  1  441816  55  802  179  1  348746  0  6  197  111710  1188  3080  331  27751  0  40  1418  669  3218  136763  147671  199  47  35  170  360  24  67  47  229  16916  378207  5512  1626  0  4052  14  26972  1169  
0  0  0  0  0  0  0  0  0  0  1  0  0  0  0  0  0  0  0  1  0  0  0  0  0  0  16  0  0  554  0  0  0  0  0  0  0  0  0  0  0  0  0  0  0  0  0  0  1  0  0  0  0  0  0  0  0  0  0  0  0  0  0  0  1  2  0  0  0  0  0  0  0  0  3  0  95795  5  140  72  238  33  507  4  17  1  0  9  30  13  3  29  54  115264  0  0  10  0  23644  48729  0  1653  293  521637  0  2  0  0  0  286  0  0  5  0  2640  0  0  17  415  61823  42  13  66  0  3  40  81  191  6746  668763  12  483  2  0  10  0  3  2  45810  1119  466995  17  543  0  83908  0  50  0  
0  0  0  0  0  0  0  0  0  0  0  0  0  0  0  0  0  0  0  0  0  0  0  0  0  0  0  0  0  0  0  0  0  0  0  0  0  0  0  0  0  0  0  0  0  0  0  0  1  0  0  0  0  0  0  0  0  0  0  0  0  0  0  0  0  4  0  0  0  0  0  0  0  0  2  0  92563  92930  3  5  30  7  50  1  0  19  0  11  25  2433  0  24  1  0  0  0  2  1  0  184373  1369  0  40439  1  0  3  0  0  0  9  0  0  2  0  51  0  0  1  760057  5650  77  0  1486  0  0  43  60  51  2  140  0  0  0  0  0  2  0  1  4  169  411413  350  13  0  35  0  15  0  
0  0  1  0  0  0  0  0  0  0  0  0  0  0  0  4  0  1  0  0  0  0  0  0  0  0  0  0  0  0  0  0  0  0  0  0  0  0  0  0  0  0  0  0  0  0  0  1  1  0  0  0  0  0  0  0  0  0  0  0  0  0  0  0  0  20  0  0  0  0  0  0  0  0  4  0  123292  109263  17  67  739  58887  959  4  0  8326  0  14  112581  192834  5  120  12  0  1  0  33  4  2  149  99  58023  0  0  1  7  0  0  0  40  0  0  0  0  688  0  1  3  854592  6646  216  6  2645  0  4  4197  28  2277  2  3210  8  0  6  0  2  0  26  2  162  412  1338  316596  460280  0  475  0  295  0  
0  0  326  0  0  0  0  21  6195  64  123  0  0  0  0  21  0  1  0  103  0  33  0  0  0  0  952  0  0  145792  0  0  0  0  0  0  0  0  0  0  0  0  0  11  0  835  0  1  0  0  0  0  0  0  0  2  0  0  0  0  0  0  0  0  113  48  0  0  0  0  10024  0  0  0  0  0  43158  2  1  0  4  712  24637  37000  32799  0  0  0  0  346  0  0  6  35174  0  14403  0  0  10  7  470536  1  1  0  0  0  0  0  0  3  0  0  0  0  39  0  0  22773  0  256377  0  1  1  0  1  0  1  0  0  92179  1  175  0  2  3  0  0  0  415748  36  659  0  0  0  334000  0  1  0  
0  0  0  0  0  1197  0  0  0  16  0  0  0  0  0  13  0  14  0  0  0  0  1  98  0  2  0  0  0  0  17111  363  0  0  0  0  0  0  0  1  16  0  0  6  0  0  0  10  3  0  1  0  0  0  1  0  2  0  0  0  0  0  14  0  0  33  0  0  1  4379  0  0  14  0  42225  0  0  6  138  14253  11  2  103  1  0  2  0  6  7  31455  41  2191  4  0  5  0  3960  165333  1  92  8  0  11  0  0  122987  0  0  5  22  0  0  41  0  750  0  4  2  849  18  388  117  120  0  4  57  5  5  0  528  1  1  2  2  11  82  277448  843  16  217  52  2  19  167203  67  0  216  0  
9  0  0  0  2  448  1  0  0  19  0  0  0  0  3  38  4  129  2  0  1  1  37  11  1  8  0  0  0  2  158  42174  0  0  0  0  0  0  1  0  21  0  0  21  0  0  30  35  137  0  1  4  0  1  1  1  7  0  0  0  0  0  7  24  3  576  3  5  2  196  0  0  56  0  3302  0  0  44  646  100798  75  15  349  24  0  11  3  35  54  226  26  1973  25  0  15  25  1472  6183  3  354  22  2  23  0  107602  0  0  0  3  68  0  0  184  0  1462  0  28  24  1545  49  1257  458  303  0  34  261  67  16  0  1341  11  3  27  5  52  326  151288  3773  17  57492  134  12  42  28139  170  0  2706  0  
0  0  0  0  0  0  0  0  0  0  0  0  0  0  0  0  0  0  0  0  0  0  0  0  0  0  0  0  0  0  0  0  0  0  0  0  0  0  0  0  0  0  0  0  0  0  0  0  0  0  0  0  0  0  0  0  0  0  0  0  0  0  0  0  0  0  0  0  0  0  0  0  0  0  0  0  0  10112  0  0  0  0  0  0  0  5912  0  0  0  0  18417  1173  0  0  0  0  0  1  1  38940  0  0  0  0  0  0  0  85209  104360  159124  0  0  0  0  148046  0  0  0  0  0  1  166819  2347  0  0  0  0  0  0  1  0  0  0  0  0  0  0  0  0  0  0  0  0  0  0  0  2  145389  
0  0  0  0  0  0  0  0  0  0  0  0  0  0  0  0  0  0  0  0  0  0  0  0  0  0  0  0  0  0  0  0  0  0  0  0  0  0  0  0  0  0  0  0  0  0  0  0  0  0  0  0  0  0  0  0  0  0  0  0  0  0  0  0  0  0  0  0  0  0  0  0  0  0  0  0  0  940  0  0  0  0  3  0  0  1724  170  2  0  0  13  12  1  0  1  0  66  2367  36336  18439  0  0  1  0  0  1  73487  0  596430  254531  7  68032  1  0  22516  0  144823  2  2  0  10  43358  12  30  0  0  0  0  0  3  0  0  2  17  139  0  0  205  0  2  2  1  1  0  3  80  633374  123032  
0  0  0  0  0  0  0  0  0  11  0  0  0  0  0  0  0  8  0  0  0  0  0  0  0  1  0  0  0  0  0  1  0  0  0  0  0  0  0  0  0  0  0  2  0  0  0  7  4  0  0  0  0  0  1  0  0  0  1  0  0  0  0  0  1  14  1  0  0  0  0  0  8  0  0  0  0  106  0  1  2  0  135  29  0  2697  84  3  1  1  69848  24367  19  0  21  0  137829  3684  4  256  4  0  1  0  7  60  109517  436537  0  57  144  35157  0  0  629  0  220747  13  8  10  894  309227  209  11047  8  1  0  1  1  189  4  1  18  547  406  0  3  214  1  153  16  2  2  0  26  8544  73717  56860  
0  0  0  0  0  0  0  0  0  0  0  0  0  0  0  0  0  0  0  0  0  0  0  0  0  0  0  0  0  0  0  0  0  0  0  0  0  0  0  0  1  0  0  0  0  0  0  0  0  0  0  0  0  0  0  0  0  0  0  0  0  0  0  0  0  4  0  0  0  0  0  0  1  0  1  0  0  2786  31  242  391  11  457  32  0  40  0  10  286  35  22  31  240  0  125  26  267  0  50490  342673  34  10  28  0  1  7  100894  288280  2  0  562  133  2  0  293202  0  456  1568  583  57  54  1895  1167  40  47  297  345  1912  64970  12117  168  26  356  1558  2691  3  1  1  26  591  4458  516  355  0  199  142  125740  118678  
0  0  0  0  0  0  0  0  0  0  0  0  0  0  0  0  0  0  0  0  0  0  0  0  0  0  0  0  0  0  0  0  0  0  0  0  0  0  0  0  0  0  0  0  0  0  0  0  0  0  0  0  0  0  0  0  0  0  0  0  0  0  0  0  0  0  0  0  0  0  0  0  0  0  0  6431  0  2  1  0  0  1  60  2  0  0  0  0  0  0  0  0  2  0  47427  3  5190  0  12  49  0  0  1  0  0  0  0  11  28  13  0  296728  0  0  193  0  186351  2  2  2  0  81  14  209109  0  0  1  0  0  21  3  0  42043  427142  3709  0  0  0  0  16  4  3  1  0  13  584591  5079  5  
0  0  0  0  0  0  0  0  0  0  0  0  0  0  0  0  0  0  0  0  0  0  0  0  0  0  0  0  0  0  0  0  0  0  0  0  0  0  0  0  0  0  0  0  0  0  0  0  0  0  0  0  0  0  0  0  0  0  0  0  0  0  0  0  0  0  0  0  0  0  0  0  0  0  0  17472  0  17  0  0  2  0  64  5  0  0  1  0  1  0  1  3  2510  0  844  4  1685  4  313  507  2  1  0  0  0  0  0  53486  24903  38  285515  0  0  0  298  0  207753  9  7  1  4  33659  48  95383  64  0  2  1  0  42  31  0  209029  28676  3819  0  1  0  1  20  4  4  1  0  23  635635  1010039  624  
0  0  0  0  0  0  0  0  0  0  0  0  0  0  0  0  0  0  0  0  0  0  0  0  0  0  0  0  0  0  0  0  0  0  0  0  0  0  0  0  0  0  0  0  0  0  0  0  0  0  0  0  0  0  0  0  0  0  0  0  0  0  0  0  0  3  0  0  0  0  0  0  0  0  69011  0  0  1906  4402  12981  85  1  207  7  0  5192  96459  201143  25  3  3  231  2  0  0  0  8  19186  0  50  31  0  32  0  221  2098  0  1  0  11  0  0  0  717  365  0  0  1  450  29  56377  1  134581  0  0  16282  3957  58  0  723  0  0  0  0  0  26033  10301  38912  20  714  65  4499  29  18  85  0  6  0  
0  0  0  0  0  0  0  0  0  0  0  0  0  0  0  0  0  0  0  0  0  0  0  0  0  0  0  0  0  0  0  0  0  0  0  0  0  0  0  0  0  0  0  0  0  0  0  0  0  0  0  0  0  0  0  0  0  0  0  0  0  0  0  0  0  0  0  0  0  0  0  0  0  0  0  0  0  4653  1  0  0  0  0  0  0  162913  7  85638  0  0  0  192  0  0  0  0  0  1  0  1  0  0  1  0  0  0  0  0  0  0  0  0  2541  0  2  0  0  0  0  0  1044  0  55199  0  0  1591  0  0  0  2  0  0  0  0  0  0  0  0  0  0  0  18869  0  0  0  0  0  0  
0  0  0  0  2  5  1  0  56  374  0  0  0  0  1  0  2  226  4  0  0  2  6  0  0  19  1  0  1  85  0  33  0  0  0  0  0  0  0  2  162  0  1  186  5  0  1  309  121  0  4  1  0  2  80  2  7  0  1  0  1  0  2  0  61  552  5  4  0  0  0  0  196  3  122  1  18  96443  741  607  1704  414  50700  7314  0  269  0  186  407  123  45154  24723  6808  0  99  47  31089  655  5083  349436  2388  66  1732  29  178  901  121632  25273  200  246256  602  408  75  0  0  0  10296  3283  53673  3840  1971  190111  73458  221  148  797  1371  2185  29293  61948  3102  445  527  2010  8870  30  3737  121  1037  105592  11241  5405  3214  0  13832  160  60002  70994  
0  5  0  0  0  0  0  0  0  8  84  0  0  0  0  0  0  3  0  17  0  158  0  0  0  0  0  0  0  1  0  1  0  0  0  0  0  0  0  0  6  17  0  17  0  0  1  2  2  0  7  0  0  0  1  0  0  0  0  0  2  0  0  0  0  2  0  0  0  0  0  0  5  0  0  114671  0  0  0  0  0  0  0  2  112714  0  0  0  0  0  0  1  224927  150714  7367  325778  0  0  0  1  0  0  0  0  1  1  0  0  0  1  1  0  0  0  6  0  0  303957  1  0  0  0  0  0  267583  0  0  1  0  0  45174  2664  20  0  40355  0  0  0  0  1  0  0  0  0  1  0  0  0  
0  0  0  0  0  0  0  0  1  8  0  0  0  0  0  0  0  6  0  0  0  0  0  0  0  0  0  0  0  0  0  0  0  0  0  0  0  0  0  0  2  0  0  0  0  0  0  5  1  0  0  0  0  0  3  1  0  0  0  0  0  0  0  0  0  4  0  0  0  0  0  0  4  1  0  0  0  8  0  0  1  0  63  18  0  1  0  0  0  0  1436  2856  10  0  60  3  322259  3200  12  157  2  0  0  0  9  29  0  100703  190441  46  123729  236444  0  0  582  0  0  6  5  7  1  22661  31  195987  9  1  0  0  0  63  3  0  10  923  870  0  0  7  0  90  9  0  2  0  10  30930  28199  481  
0  0  0  0  0  0  1  0  0  23  1290  0  0  0  0  0  0  9  0  4  0  3770  0  0  0  1  0  0  0  13  0  1  0  0  0  0  0  0  0  1  18  0  0  571  0  0  0  12  5  0  2  1  0  0  1  0  0  0  0  0  4  0  0  0  5  20  0  1  0  0  0  0  12  1  4  40  2  2069  88  87  192  25  30271  95257  487016  63  0  47  131  11  7  224  59888  65306  39  622733  38715  7  212  10214  155  5  94  32723  0  19  0  0  0  435  15  3  6  0  6407  196322  3  0  995  400  197  48  5221  0  5448  219  530  659  0  8137  176004  223731  13593  44  110324  10  28  7  239723  1176  612  1307  186  0  40232  36  9572  0  
0  0  0  0  0  1  1  0  0  1  0  0  0  0  0  0  0  3  0  0  0  0  0  0  0  0  0  0  0  0  0  0  0  0  0  0  0  0  0  0  4  0  0  2  0  0  0  4  5  0  0  1  0  0  0  0  0  0  0  0  0  0  0  0  1  169  0  0  0  0  0  0  7  0  131  0  184403  67159  596  706  5899  31682  8634  188  0  739  1  477  3011  74935  267  2598  69  0  4  2  602  81  4  242762  783  710317  797443  2  11  173  0  1  1  1317  0  1  111  0  13924  0  8  45  0  90748  4374  63  51219  0  21  3052  5393  10653  164  17963  53  27  28  4  36  76  395  102  529  11924  414039  91107  235573  0  4704  0  2548  0  
0  0  973  0  0  0  1  2101  627  1  0  0  0  0  0  351  0  2  0  0  0  0  0  0  0  0  0  0  0  11  0  2  0  0  0  0  0  0  0  0  5  0  0  0  0  2849  0  3  1  0  0  0  0  0  0  0  0  0  0  0  0  0  0  0  0  24  0  0  0  0  40  0  6  0  4  0  191177  71  77  403  22884  152411  94692  167  0  3  0  7  46  29863  23  2147  98  0  1  1  871  40  4  10890  49304  3969  3043  293357  2  11  0  0  2  4823  1  0  1  0  22228  0  6  26  152716  0  110  72  639  0  12  83  171  815  1  91738  64  11  12  0  28  0  205  11  1186  33140  82462  105  3259  0  126862  0  1025  0  
0  0  0  0  0  1  1  1  0  0  0  0  0  0  0  0  0  0  0  0  0  0  1  0  0  0  0  0  0  0  0  2  0  0  0  0  0  0  0  0  0  0  0  0  0  0  0  0  0  0  0  0  0  0  0  0  0  0  0  0  0  0  1  0  0  31  0  0  0  0  0  0  0  0  15301  0  0  16  14647  8337  1137  39  1564  22  0  3743  71917  11441  1086  18  229  94444  16  0  0  0  320  245048  2  257  136  5  86  0  327  5438  10  4  127  84  0  1  49396  399  5042  0  1  11  7570  192  0  86  44540  0  0  8507  1631  337  2  8150  13  3  2  0  8  1717  31636  156909  134  1925  428  29  326  22  971  0  102  0  
0  0  0  1  1  3  1  0  13  478  0  1  0  0  1  0  1  409  3  0  0  0  5  0  0  16  1  0  1  63  0  88  0  0  0  0  0  0  0  3  111  0  2  108  2  0  1  498  174  0  1  1  0  0  40  9  2  1  1  0  2  0  0  0  62  439  14  1  0  0  2  0  331  3  1  0  1  1279  5  12  36  8  1189  1133  0  1180  4  6  4  0  184424  53780  246  0  78  10  31761  622  88  3776  73  0  23  5  190  1338  174963  47084  344592  1767  280  70370  1  0  178079  0  108812  133  153  195  229  0  1343  19583  74  22  24  45  0  1425  46  2  69  1299  1084  2  151  52  27  6932  371  36  29  0  289  17363  207613  209020  
0  0  0  0  0  6  0  0  0  5  0  0  0  0  0  0  0  6  0  0  0  0  0  0  0  0  0  0  0  1  0  2  0  0  0  0  0  0  0  0  0  0  0  1  0  0  0  4  2  0  0  0  0  0  0  0  0  0  0  0  0  0  0  0  0  103  0  0  0  0  0  0  1  0  12681  0  7  384937  41360  30620  15802  477  34459  1507  0  279569  52  142201  7649  203  46426  173576  407  1  2  0  1366  991  15  56217  1942  1231  7502  14  67  2087  4701  5  160  1850  3  4  91050  32317  65506  0  2  200  69920  3211  48710  620  0  0  13  55404  8858  2239  96  121148  249  122  16  3  61  1029  1316  385  2478  21635  4758  47860  4290  59  17224  0  881  0  
0  0  0  0  0  0  0  0  0  0  0  0  0  0  0  0  0  0  0  0  0  0  0  0  0  0  0  0  0  0  0  0  0  0  0  0  0  0  0  0  0  0  0  0  0  0  0  0  0  0  0  0  0  0  0  0  0  0  0  0  0  0  0  0  0  0  0  0  0  0  0  0  0  0  0  0  0  4  1  0  1  0  39  1  0  0  0  0  0  0  5  1  1  0  268995  0  174975  0  22  61  0  0  0  0  0  0  0  33  5146  50  255061  81162  0  0  404  0  408674  1  0  0  1  3548  13  0  3  0  0  0  0  14  0  0  154  223973  70636  0  0  0  0  8  0  1  0  0  10  43170  124024  198  
0  8  0  0  0  0  0  0  0  13  0  0  0  0  0  0  0  3  0  0  1  147  0  0  0  4  0  0  0  3  0  0  0  0  0  0  0  0  0  0  25  0  0  4  0  0  0  13  1  0  8  0  1  0  2  0  0  0  0  0  3  0  1  0  0  7  0  0  0  0  0  0  9  0  0  190251  0  75  0  0  1  0  12  11  1  4  0  1  0  0  0  3  62381  10  136788  32886  8  0  0  75  1  0  1  0  7  16  0  0  0  1  2  0  0  0  47  255133  0  459  19  1  4  7  183  0  0  3  1  2  0  54  38625  4  43590  7441  277821  0  2  0  2  12  3  21  1  0  6  1  155  0  
0  0  0  0  0  32  1  2  0  0  0  0  0  0  0  0  0  0  0  0  0  0  0  0  0  0  0  0  0  0  0  0  0  0  0  0  0  0  0  0  0  0  0  0  0  0  0  0  2  0  0  0  0  0  0  0  0  0  0  0  0  0  0  0  0  311  0  0  0  0  0  0  1  0  15454  0  0  5896  53530  50313  29420  148  1819  18  0  152509  18  463795  743065  1731  2  791  23  0  3  0  59  580  0  348  244  3  5964  1  13  2340  0  0  0  124  0  0  10860  1440  665  0  1  24  1100  198  3221  3  30504  0  4  0  275847  348575  8  9200  14  8  4  1  11  122700  157  160  161  25360  1543  403503  422  1  1040  0  486  0  
0  0  0  0  0  5  8  4  0  0  0  0  0  0  0  0  0  0  0  0  0  0  1  0  0  0  0  0  0  0  0  0  0  0  0  0  0  0  0  0  1  0  0  0  0  0  0  0  0  0  0  0  0  0  0  0  0  0  0  0  0  0  0  0  0  325  0  0  0  0  0  0  0  0  122508  0  0  62  357276  62303  2838  585  3022  11  0  1188  3  11252  1454251  50654  1  147  43  0  1  0  46  124  2  450  324  2  75  0  7  2747  0  0  1  148  0  0  8994  0  823  0  1  28  841  216  476  6  1840  0  3  415064  0  137392  7  13147  25  22  0  1  6  221106  105  81  193  12212  1542  1088  348  14  1289  0  166  0  
0  0  0  0  0  1  1  1  0  0  0  0  0  0  0  0  0  1  0  0  0  0  0  0  0  0  0  0  0  0  0  0  0  0  0  0  0  0  0  0  0  0  0  1  0  0  0  0  0  0  0  0  0  0  0  0  0  0  0  0  0  0  0  0  0  308  0  0  0  0  0  0  1  0  109  0  1  203  973  63547  279266  50666  7680  33  0  163  0  253  477404  757748  8  661  98  0  1  0  289  17  4  2399  282  10  9899  5  1  115  0  0  1  743  1  1  88  0  3323  0  2  67  16321  1612  512  23  1965  0  14  335386  57749  0  99  46956  65  44  15  2  26  169  50  18  1135  11422  3119  57747  196850  0  5973  0  1043  0  
0  0  0  0  0  0  0  0  0  0  0  0  0  0  0  0  0  0  0  0  0  0  0  0  0  0  0  0  0  0  0  0  0  0  0  0  0  0  0  0  0  0  0  0  0  0  0  0  0  0  0  0  0  0  0  0  0  0  0  0  0  0  0  0  0  0  0  0  0  0  0  0  0  0  6  0  0  483  27  180  268  4  56  1  0  18  0  8  291  34  0  15  120  0  0  0  0  1  131789  167073  3840  29  10  0  0  4  0  0  0  138414  0  0  3  0  41913  0  0  31  453  16  42  1  403  0  0  281  380  1605  0  141660  50  31  0  0  2  0  3  0  19  128  13305  280  233  0  42  0  31665  0  
0  0  0  0  0  0  0  0  0  2  0  0  0  0  0  0  0  3  0  0  0  0  0  0  0  0  0  0  0  26  0  1  0  0  0  0  0  0  0  0  6  0  0  1  0  0  0  2  4  0  0  0  0  0  0  0  0  0  0  0  0  0  0  0  0  155  1  0  0  0  0  0  8  0  66  2  921  3738  4845  4224  9629  537  18430  138  7  295  0  240  3501  731  31  814  95777  85852  279  17  283  24  423619  159443  624205  181  801  72997  8  186  0  2  1  17565  127  45  128  0  47809  1  69  12254  7853  46766  1243  540  12876  2  2947  5581  11261  20689  143964  0  10255  196741  1696  293  4143  112  67  30  75629  12837  205252  17253  5133  0  212344  7  95012  0  
0  0  0  0  0  0  0  0  0  0  0  0  0  0  0  0  0  0  0  0  0  0  0  0  0  0  0  0  0  0  0  0  0  0  0  0  0  0  0  0  0  0  0  0  0  0  0  0  0  0  0  0  0  0  1  0  0  0  0  0  0  0  0  0  0  12  0  0  0  0  0  0  0  0  21  1695  1  1938  195  214  597  93  425  10  1810  128  0  65  714  58  8  177  1065796  26741  206  10864  34  4  138  2814  31  10  187  0  0  28  0  0  0  65  4  2  26  0  944  46176  1  303748  2678  114  287  11  6526  0  40211  1226  2786  2537  11  5780  0  103029  39026  33  147692  32  11  5  6232  583  132  8526  186  1  558  2  72487  0  
0  0  0  0  0  0  0  0  0  0  0  0  0  0  0  0  0  0  0  0  0  0  0  0  0  0  0  0  0  1  0  0  0  0  0  0  0  0  0  0  0  0  0  0  0  0  0  0  0  0  0  0  0  0  0  0  0  0  0  0  0  0  0  0  0  4  0  0  0  0  0  0  0  0  6  0  0  281  171  164  279  12  127  5  110296  21  0  23  420  28  0  41  759527  289540  13  34  2  0  7014  728  217  1  50  66  0  23  0  0  0  52  9  0  5  0  321  6662  0  404244  655  35  63  0  731  0  445  705  1677  1653  7  185070  55546  0  251  20  854  19  2  0  202707  203  75  2475  67  0  1247  0  822  0  
0  0  0  0  0  0  0  0  0  0  0  0  0  0  0  0  0  1  0  0  0  0  0  0  0  0  0  0  0  0  0  0  0  0  0  0  0  0  0  0  1  0  0  0  0  0  0  1  2  0  0  0  0  0  0  0  0  0  0  0  0  0  0  0  0  4  0  0  0  0  0  0  1  0  6  93911  0  6748  25  32  73  12  892  22  0  181  0  32  14  2  1  124  177906  0  45483  40  44  2  191  4022  64  25  192  0  0  5  0  3  0  220  34810  228661  11  1  1843  5  8  2445  1097  102  198  25  15947  20  152155  246  39  54  0  2125  38234  16  0  149269  66571  1  12  4  55  489  170  1657  91  0  457  249995  144644  0  
0  0  0  0  0  0  0  0  0  0  0  0  0  0  0  0  0  0  0  0  0  0  0  0  0  0  0  0  0  0  0  0  0  0  0  0  0  0  0  0  0  0  0  0  0  0  0  1  0  0  0  0  0  0  0  0  0  0  0  0  0  0  0  0  0  1  0  0  0  0  0  0  0  0  1  129594  0  97  4  0  15  1  722  54  0  1  0  3  2  0  3  4  1430  0  494184  73  5727  1  82  729  13  0  3  0  0  0  0  6  25  233  335688  45628  1  0  2074  0  1102  99  37  33  3  161  273  257498  22913  8  12  18  0  250  57  6  153024  0  97677  0  3  1  14  177  38  43  11  0  160  251029  96372  16  
0  5  0  0  0  0  0  0  0  14  0  0  0  0  0  0  0  2  0  0  0  117  1  0  0  2  0  0  0  1  0  0  0  0  0  0  0  0  0  0  17  0  0  8  0  0  0  12  4  0  4  1  0  1  3  0  0  0  1  0  5  0  0  0  1  6  0  0  0  0  0  0  18  1  1  6031  0  604  17  10  76  9  5520  686  0  27  0  5  13  2  30  49  84296  85  550369  481003  341092  4  1403  6447  157  1  31  0  16  77  0  113  376  1914  7809  6962  2  0  22039  26692  679  93037  165  348  25  296  1286  44787  312136  31  47  85  1  2324  114012  204  86206  78266  0  1  7  1  50  2436  477  178  51  0  626  41  33540  8  
0  0  0  0  0  0  0  0  0  0  0  0  0  0  0  0  0  0  0  0  0  0  0  0  0  0  0  0  0  0  0  0  0  0  0  0  0  0  0  0  0  0  0  0  0  0  0  0  0  0  0  0  0  0  0  0  0  0  0  0  0  0  0  0  0  3  0  0  0  0  0  0  0  0  127386  0  0  18  6211  6893  42  3  140  0  0  12  168358  64919  88402  2  0  15  2  0  0  0  0  165276  0  26  11  0  3  0  5  477  0  0  0  8  0  0  115785  0  54  0  0  1  42  13  298  1  127  0  0  119795  136138  61  1  662  2  1  1  0  0  0  126  2338  16  477  36  37  16  1  67  0  5  0  
0  0  0  0  0  3  0  0  0  15  0  0  0  0  0  0  2  10  1  0  2  0  26  12  0  1  0  0  0  1  623  15  0  0  0  0  0  0  0  0  15  0  0  3  0  0  1  14  8  0  0  1  0  0  1  0  0  0  0  0  0  0  2  0  0  25  0  0  1  17  0  0  12  1  10899  0  0  28  970  55374  164  12  741  18  0  25  276  130  308  69  69  16515  16  0  24  19  13537  454230  1  270  57  3  60  0  242779  192185  1  0  7  70  3  0  1584  0  8067  0  13  10  5297  125  16518  184  956  0  13  484  194  68  2  3373  8  1  7  4  23  1483  0  81577  48  1145  298  13  142  82430  476  0  656  0  
0  0  0  0  0  2  0  0  0  0  0  0  0  0  0  0  0  0  0  0  0  0  0  0  0  0  0  0  0  0  0  0  0  0  0  0  0  0  0  0  0  0  0  0  0  0  0  0  1  0  0  0  0  0  0  0  0  0  0  0  0  0  0  0  0  12  0  0  0  0  0  0  0  0  31523  0  0  2  2180  66833  71  12  133  5  0  7  115193  107  90  581  333  2175  0  0  1  0  930  813212  0  26  13  0  10  0  1065  26148  0  60  59  10  0  0  270776  0  843  0  17  1  913  28  175874  9  259  0  0  343  84  25  0  720  1  0  0  0  1  7558  144559  0  15  3076  50  4  25  15296  103  0  33  0  
0  0  0  0  0  0  0  0  0  1  137  0  0  0  0  0  0  0  0  1  0  2  0  0  0  0  6  0  0  3660  0  0  0  0  0  0  0  0  0  0  0  0  0  3  0  0  0  0  0  0  0  0  0  0  1  0  0  0  0  0  0  0  0  0  11  4  0  0  0  0  0  0  0  0  7  2  0  403  216  291  616  101  10790  917  301725  27  0  25  511  42  6  60  17277  156772  59  533  7  1  940  2410  68011  7  71  518776  0  16  0  0  0  220  10  2  9  0  1457  1  1  277453  685  623  83  19  1212  0  925  747  1455  2635  5  126287  15009  296093  611  41  1117  10  9  1  0  510  303  1565  306  0  84901  0  6941  0  
33  0  2  14  10  32054  1580  2501  34864  62448  0  0  0  1  8  114  92  4738  33  0  1  13  22  30  3  256  7  0  20  9250  5  2101  0  0  1  0  0  0  5  6  1229  0  27  4071  165  1  112  6087  2546  0  14  88  17  41  1802  97  23  6  3  0  2  0  36  92  2846  209283  312  26  60  71  87  0  3127  7  2908  0  5  1305  2926  410558  206317  167274  295646  100865  0  2243  1  2440  12364  1919  83  2906  320  0  11  43  1361  254  22  52429  2270  72  1907  22  134  74383  0  2  6  14776  221  45  172  0  200859  0  47  389  19085  5908  2104  1017  10430  0  53  5380  5935  4875  5  18742  180  25  95  490  4144  256  1687  346  256  0  19453  1743  1604  443  25265  4  4258  0  
0  0  0  0  0  2  0  0  0  0  0  0  0  0  0  0  0  3  0  0  0  0  1  0  0  0  0  0  0  0  0  1  0  0  0  0  0  0  0  0  0  0  0  0  0  0  0  1  1  0  0  0  0  0  0  0  0  0  0  0  0  0  0  0  0  29  0  0  0  0  0  0  4  0  17  0  77841  2028  2766  2367  5009  206  5223  61  0  55  0  91  1228  1202  26  482  107  0  4  0  114  10  44  474327  356861  399759  2256  5375  1  49  0  0  0  6871  0  0  33  0  16377  0  7  88  346639  110524  257  86  1436  0  9  1593  2396  8526  4233  209232  64  24  11  0  28  26  51  6  187  9848  0  1805  23277  0  1680  0  857  0  
0  0  0  0  0  7  0  2  0  1  0  0  0  0  0  0  0  0  0  0  0  0  0  0  0  0  0  0  0  0  0  2  0  0  0  0  0  0  0  0  0  0  0  0  0  0  0  0  1  0  0  1  0  1  0  0  0  0  0  0  0  0  0  0  0  123  0  0  0  0  0  0  0  0  172  0  1  171427  994  3696  6314  134  8315  87  0  244331  0  2619  175968  1720  5  312  140  0  1  0  103  49  4  3717  340  40  440495  1  1  353  0  0  0  640  0  1  3574  6235  2372  0  0  80  149353  581  2529  10  52316  0  7  412269  5920  111937  129  34366  89  48  4  2  11  104  30  78  795  6450  2171  0  16760  1  4818  0  573  0  
0  0  0  0  0  1  0  0  0  0  0  0  0  0  0  0  0  1  0  0  0  0  0  0  0  0  0  0  0  0  0  0  0  0  0  0  0  0  0  0  1  0  0  0  0  0  0  1  0  0  0  0  0  0  0  0  0  0  0  0  0  0  0  0  0  175  0  0  0  0  0  0  0  0  9  0  2  81  210  398  26319  197979  5702  21  0  10  0  29  132255  140258  22  416  38  0  2  1  132  4  2  1501  445  41  587232  3  0  25  0  0  0  343  1  1  16  0  2133  0  1  41  283524  13035  204  14  723  0  6  120  441  164868  121  17068  24  29  6  1  13  9  59  6  784  8550  27197  6840  0  1  3737  1  724  0  
0  0  0  0  3  1869  0  0  0  0  0  0  0  0  0  17  0  0  0  0  0  0  0  1  0  0  0  0  0  0  380  564  0  0  0  0  0  0  0  0  0  0  0  0  0  0  0  1  0  0  0  0  0  0  0  0  0  0  0  0  0  0  0  0  0  31  0  0  0  1368  0  0  0  0  56214  0  0  0  81786  158274  1  0  0  0  0  0  1  0  0  246321  0  1  0  0  0  0  0  63759  0  0  0  0  0  0  174818  34946  0  0  0  0  0  0  37  0  3  0  0  0  6  0  12  0  8  0  0  2  3  0  0  1  0  0  0  0  0  14  88982  7676  1  247  0  0  0  0  0  0  2  0  
0  0  13  0  0  0  0  20  51901  3  0  0  0  0  0  5  0  1  0  0  0  0  0  0  0  0  2  0  0  13549  0  0  0  0  0  0  0  0  0  0  1  0  0  1  0  3076  0  0  1  0  0  0  0  0  0  0  0  0  0  0  0  0  0  0  1  1235  0  0  0  0  56737  0  1  0  11  0  48  785  116  174  17607  1578  190569  4937  47  32  0  30  243  63  15  510  3264  231  7  1  261  1  135  15015  51770  9  707  290082  0  25  0  1  1  4837  43  26  14  0  15914  0  0  10180  1271  136005  138  58  2383  1  79  425  811  1704  1  353044  2377  626  115  56  519  9  40  1  79101  20927  10197  899  1015  0  0  0  3387  0  
0  0  0  0  0  0  0  0  0  0  0  0  0  0  0  0  0  0  0  0  0  0  0  0  0  0  0  0  0  0  0  0  0  0  0  0  0  0  0  0  0  0  0  0  0  0  0  0  0  0  0  0  0  0  0  0  0  0  0  0  0  0  0  0  0  0  0  0  0  0  0  0  0  0  0  1724  0  30  0  0  2  0  28  0  0  0  0  0  1  0  2  0  2319  0  1170  4  646  1  15  41  0  0  0  0  0  0  0  431  4053  9  499695  720709  0  0  85  1  49761  99  7  2  1  4630  57  78307  75  1  0  1  0  14  36  0  259551  238258  599  0  0  0  3  6  3  8  0  0  7  0  138702  262  
0  0  0  0  0  0  0  0  1  9  0  0  0  0  0  0  0  8  0  0  0  0  0  0  0  0  0  0  0  0  0  1  0  0  0  0  0  0  0  0  2  0  0  1  0  0  0  9  3  0  0  0  0  0  0  0  0  0  0  0  0  0  0  0  0  67  0  0  0  0  0  0  2  0  47  110  0  9145  204  339  1137  187  2705  144  0  482  0  226  865  75  481  498  252918  0  49898  134  31775  18  754435  83161  110  293  531  0  7  104  0  592225  55419  194680  8470  1072221  53  0  45160  3  69430  10194  9133  227  951  212327  26629  102466  29211  2117  3851  2891  21917  234191  47922  629  143742  136817  100919  51  29  11  1957  1900  370  19505  404  0  1142  135357  0  72953  
0  0  0  0  0  0  0  0  0  0  0  0  0  0  0  0  0  0  0  0  0  0  0  0  0  0  0  0  0  0  0  0  0  0  0  0  0  0  0  0  0  0  0  0  0  0  0  0  0  0  0  0  0  0  0  0  0  0  0  0  0  0  0  0  0  0  0  0  0  0  0  0  0  0  0  0  0  2  1  0  0  0  3  0  0  0  0  0  0  0  15  2  0  0  4  0  210  0  21  970  0  0  0  0  0  0  130124  153767  37438  138428  7  1056  0  0  62015  0  818  0  0  0  0  252685  7  247  0  0  0  0  0  3  2  0  0  89  61  0  0  0  0  2  0  0  0  0  2  266  94793  0  
