0  0  1  11  208856  50033  3  1  0  2  0  421  1  10174  69381  7671  23  836  4  0  0  0  8  148706  0  13  0  0  1  0  54677  5063  0  0  0  0  0  0  4651  4328  38  0  0  10  4  0  2553  12  36374  0  1  142398  118873  53  1  0  3  1  0  0  0  33984  216  31035  3  1310  23  270  24  82320  0  0  49  1  0  0  0  0  0  0  0  0  1  0  0  0  0  0  0  0  0  0  0  0  0  0  0  0  0  0  0  0  0  0  0  12  0  0  0  0  0  0  0  0  3  0  0  0  0  0  0  1  0  0  0  0  0  0  0  0  1  0  0  0  0  0  0  0  0  62  0  1  0  0  0  0  0  0  
0  0  0  11  0  3  1  0  0  0  0  0  0  0  1  0  0  4  122818  0  266020  47680  0  0  6  2  0  0  0  0  0  0  0  0  0  0  32688  16446  0  0  2  248169  0  576  171  0  0  7  10  0  333301  0  0  3  54  0  257481  59  242310  115211  32970  0  0  0  3  4  1  51  2  0  0  0  449  0  0  0  0  0  0  0  0  0  0  0  0  0  0  0  0  0  0  0  0  0  0  113  0  0  0  0  0  0  0  0  0  0  0  0  0  0  0  0  0  0  0  1  0  4  0  0  0  0  0  0  2  0  0  0  0  0  0  0  0  0  1  0  0  0  0  0  0  0  0  0  0  0  0  0  
0  0  0  7  0  52  6  51987  733  0  0  0  0  0  0  246683  5  20  4  0  0  0  0  0  0  16  67515  134140  79192  44447  0  4  0  0  0  0  0  0  0  0  8  0  0  0  179958  246396  0  11  506  0  0  0  0  145  0  6  3  0  0  0  0  0  0  0  1  19  45526  1  55571  0  34  0  3  0  0  0  1584  0  0  0  0  206  433  0  0  0  0  0  0  1115  0  0  0  0  0  0  0  0  0  0  0  0  2  1249  0  0  0  0  0  0  0  0  0  0  0  0  0  0  0  6202  0  0  0  0  0  0  0  0  0  0  0  0  0  0  0  0  0  0  0  0  0  0  0  0  158  0  0  0  
163  0  5  0  565  958  799  1062  306  6  0  157544  63  235  277  63  1240  3738  1038  0  0  19  9  47  21  354098  1  184990  64447  7  0  109  49456  588  214  60  0  3  96  2081  147772  2  5  1069  210533  0  547  636  315249  0  329  3934  394  985  1811  79  2969  84  48  114  235  3  11  22  160  944  39979  44510  3593  11  89  0  1682  360  0  0  0  0  0  1  0  0  1  0  0  0  0  0  0  0  0  0  0  0  0  0  0  0  0  2  0  0  0  0  0  1  0  0  0  1  0  0  0  0  2  0  0  0  0  0  0  0  0  0  0  0  0  0  0  1  0  0  0  0  0  0  0  0  0  20  0  0  0  0  0  0  0  0  
189516  0  0  4  0  39233  1  0  0  4  0  150  0  623  32095  178592  4  185  3  0  0  0  2  3621  0  9  0  0  1  0  18099  656  0  0  0  0  0  0  191  4052  36  0  0  1  6  0  250  3  9052  0  0  12099  74960  58  5  2  3  0  0  0  0  7  19  2624  1  190  29  187  13  12960  1  0  12  0  0  0  0  0  0  66  0  0  0  0  0  0  0  0  0  27  0  0  0  0  0  0  0  0  0  0  0  0  0  0  0  2  0  0  0  0  0  0  0  0  1  0  0  0  0  0  0  0  0  0  1  0  0  0  0  0  0  0  0  0  0  0  0  0  0  18  0  0  0  9  0  0  0  0  
75637  0  6  323  61698  0  155928  3177  5340  25  0  408  0  3002  19166  407695  108  8556  114  0  0  0  29  46928  5  637  15  0  43  5  17915  106627  3  0  1  0  0  1  589  5156  754  0  3  174  1279  0  3323  522  40313  0  10  24897  9847  36289  387  70  84  18  2  2  3  23  11479  24641  734  246431  2972  2202  4814  251731  36  0  770  1  112  0  0  0  20  15895  308  56  62  0  0  0  1  2  11  2969  0  2  0  0  0  0  3  3  0  4  0  0  0  0  2296  1492  0  0  0  1  0  0  4  0  14  0  0  0  5  1  3  0  4  0  0  13  9  1  0  10  0  0  0  0  0  10  11  5  0  42554  1  0  0  1697  7  0  12  0  
24  0  7  1907  121  225785  0  238719  50601  3  0  46  0  3  210  468152  19  646  363  0  0  0  2  1  10  839  24  0  71  415  0  102  2  0  0  0  0  0  0  468  336  0  0  844  8018  7  181  134  8410  0  29  8381  218  42257  2175  172  207  41  6  5  23  0  12  5  18394  186011  3039  10152  20506  9  507  0  181  0  0  0  0  0  1  1140  2701  2461  247  0  0  0  0  0  0  328  0  1  0  0  0  0  0  0  0  2  0  0  0  0  0  5  0  0  0  0  0  0  0  0  3  0  0  0  1  0  0  0  0  0  0  0  0  0  0  0  0  0  0  0  0  0  1  0  0  1810  0  0  0  0  4  0  1  0  
16  0  23897  3677  112  7579  214554  0  211409  3  0  147  0  5  75  277918  15  200  285  1  0  0  5  0  2  908  4  27  33756  110  0  29  0  0  0  0  0  0  0  1472  222  0  0  396  47800  123987  78  124  1744  0  7  3482  144  126702  1141  204  402  22  1  4  5  0  3  1  3284  131033  8442  1415  112376  1  1738  0  80  0  0  0  94  0  0  23  86  26177  1835  0  0  0  0  0  0  17728  0  0  0  0  0  0  0  0  0  0  0  0  4  7  0  2  0  0  0  0  0  0  0  0  1  0  0  0  1  493  0  0  0  0  0  0  0  0  0  0  0  0  0  0  0  0  1  0  0  2735  0  0  0  0  55  0  0  0  
2  0  72  39  4  1835  6553  90756  0  9514  0  0  0  0  4  248  42  777  1276  30  0  13  0  1  23  1560  62  139  197  24925  0  142  2  0  0  0  0  0  0  5  2536  0  0  1546  2045  91761  14  855  1716  0  14  56  1  2616  5278  4846  724  65  3  0  10  0  1  0  22761  184125  11030  169  491  2  171381  0  197  0  0  0  27  0  0  0  3  1829  32944  137  1  0  0  0  0  341  0  0  0  0  0  1  0  0  0  18  0  0  0  3318  0  2  0  0  0  6  0  0  0  0  189  0  0  0  0  978  0  3  1  0  0  0  0  0  0  1  0  0  0  0  0  0  0  0  0  44554  2  0  0  0  58776  0  1  0  
70  0  1  128  567  509  139  172  11875  0  16  167  0  32  299  28  158  29208  302  5  0  3135  25215  9  24  1802  25  1  52  65857  1  3260  0  0  3  2  0  4  2  1663  27379  4  54  195584  737  0  443  9724  20962  3  644  809  535  247  6559  434  400  68  68  7  92  0  54  13  8324  321289  945  2274  135  49  101  0  12474  638  6  0  0  142  56  38  64  14  2207  339  4  32  0  41  13  2  2  148  59  0  3  145  45  9  1  344  18  0  10  81  8  68  0  0  0  89  1  0  13  0  3919  3  3  13  623  50  43  39  713  0  11  205  55  48  0  767  25  0  1  2  23  3  34  0  23  101772  209  272  30  0  173  0  229  0  
0  2  0  0  0  0  0  0  8  15  0  0  0  0  0  0  0  0  512  621408  0  42339  0  0  124  3  231  0  0  36649  0  0  0  0  0  0  0  0  0  0  2  49019  0  619563  5  0  0  1  3  0  1  0  0  0  21  37  2648  245802  0  0  36  0  0  0  291419  18  0  20  0  0  6  0  86  0  0  0  0  0  0  0  0  0  0  0  90447  0  0  0  0  0  0  0  0  621  0  2993  0  0  0  0  0  0  0  613  0  0  0  0  0  0  0  0  0  0  4  261  0  1038  0  0  0  0  0  0  0  0  0  0  0  0  0  0  0  0  0  0  0  0  104  4  0  0  0  0  1  0  0  0  
810  0  0  328832  3927  2091  2  1  2  4  0  0  2200  53421  2590  63  327  13259  2  0  0  0  0  94  0  16  0  0  56211  0  0  40  2174  348  215  0  0  0  252  190562  13  0  1  4  24755  0  4744  136  155978  0  0  223188  5439  220  4  3  3  0  0  0  0  9  1  247  0  38  35  204378  48  7  0  0  0  0  0  0  0  0  0  0  0  0  0  0  0  0  0  0  0  0  0  0  0  0  0  0  0  0  0  0  0  0  0  0  0  0  0  0  0  0  0  0  0  0  0  0  0  0  0  0  0  0  0  0  0  0  0  0  0  0  0  0  0  0  0  0  0  0  0  4  0  0  0  0  0  0  0  0  
8  0  0  64  0  50  0  0  0  0  0  973  0  23774  0  0  4  1313  0  0  0  0  0  100590  0  0  0  0  4  0  0  29  5  5  44  0  0  0  91848  63  0  0  28  0  0  0  109067  3  593  0  0  8  0  0  0  0  0  0  0  0  0  20097  13  11738  0  3  0  0  0  1  0  0  0  0  0  0  0  0  0  0  0  0  0  0  0  0  0  0  0  0  0  0  0  0  0  0  0  0  0  0  0  0  0  0  0  0  0  0  0  0  0  0  0  0  0  0  0  0  0  0  0  0  0  0  0  0  0  0  0  0  0  0  0  0  0  0  0  0  0  0  0  0  0  0  0  0  0  0  
7721  0  0  7  4430  6812  2  0  0  3  0  62337  33573  0  6116  124  0  249  2  0  0  0  0  1851  0  0  0  0  35  0  0  168  0  0  0  0  0  0  123472  162865  8  0  0  3  0  0  5986  2  71078  0  0  197238  5665  27  0  0  1  0  0  0  0  36621  15  9230  1  73  5  100  0  67  0  0  1  0  0  0  0  0  0  0  0  0  0  0  0  0  0  0  0  0  0  0  0  0  0  0  0  0  0  1  0  0  0  0  0  1  0  0  0  0  0  0  0  0  0  0  0  0  0  0  0  0  0  0  0  0  0  0  0  0  0  0  0  0  0  0  0  0  0  1  0  0  0  0  0  0  0  0  
93839  0  0  22  32592  14051  22  1  5  4  0  7391  0  1179  0  204179  8  252  5  0  0  0  0  24  2  348  0  0  60211  0  1  299  0  0  0  0  0  0  12  924  47  0  0  8  1251  0  78  13  4787  0  0  819450  441831  570373  55  4  9  2  0  0  2  92160  13  32  9  407  161  159076  38763  19  9  0  37  0  0  0  0  0  0  0  0  0  0  0  0  0  0  0  0  0  0  0  0  0  0  0  0  0  0  0  0  0  0  0  0  1  0  0  0  0  0  0  0  0  0  0  0  0  0  0  0  0  0  0  0  0  0  0  0  0  0  0  0  0  0  0  0  0  0  17  0  0  0  0  0  0  0  0  
17143  0  289469  44  247684  380539  384608  295854  627  3  0  5  0  36  199595  0  12  584  15  0  0  0  5  1295  0  185  5  9  33310  1  26424  3025  1  0  0  0  0  1  20  212  93  0  0  15  16756  13808  101  61  3233  0  0  3600  80976  620230  77  21  15  6  0  1  0  0  16  946  98  10499  751  719  116381  85824  22  0  167  1  0  0  968  0  0  4315  2259  10870  219  0  0  0  0  0  0  20326  0  0  0  0  0  0  1  0  0  2  0  0  17  40  1  337  0  0  0  0  0  0  0  0  2  0  0  0  0  472  0  0  1  0  0  0  0  0  0  2  0  0  0  0  0  0  0  0  0  396  2  0  0  10  11  0  0  0  
0  0  40  3748  10  52  14  54  74  150  0  330  4  1  4  42  0  263765  3117  1  0  1  21705  2540  1  882  1  1  99  0  0  23883  3002  30  48250  6  0  10  0  18  30319  0  17824  404  3353  0  16907  278539  160823  49  59  19  7  40  531  85  225  1059  13  1  36  0  170  47  320  200  1647  38  2488  30  10  0  10002  49  0  0  0  2  0  0  2  0  25  4  0  0  0  0  0  0  0  4  1  0  2  1  7  2  0  23  3  0  0  0  7  30  0  0  0  9  0  0  1  0  88  0  0  0  2  0  1  9  4  0  0  3  0  2  0  7  2  0  0  0  1  0  0  0  0  110  7  4  2  0  1  0  3  0  
636  0  0  6104  221  1976  2  3  74  453  0  15149  2206  239  15  8  148439  0  237  0  1  4  16910  32085  3  872  3  0  20  9  696  118296  1535  78  9273  0  0  11  392  65  6016  0  9574  934  151  0  246088  67684  268214  73  70  256  21  114  977  17  208  44  13  2  20  0  2450  753  243  628  88  89  147  1839  2  0  15850  60  0  0  0  6  0  0  5  0  48  7  0  1  0  0  0  0  1  6  0  0  5  0  4  0  0  64  4  0  0  0  7  43  0  0  0  13  0  1  1  0  201  0  1  0  4  3  0  20  9  0  1  5  0  3  0  31  1  0  0  1  2  0  2  0  0  204  17  3  2  0  5  0  7  0  
0  110206  0  110  2  18  6  10  51  1  89  0  0  1  8  2  8  79  0  37945  51  8060  4  0  191382  63  1  0  0  0  0  5  0  0  0  0  4  5601  0  0  325  126131  1  9971  1636  0  2  254  299  0  20583  15  3  109  322  1045  1005399  492996  229381  838  20600  0  0  0  13360  27  22  10503  17  0  1  0  345728  1  0  0  0  0  0  0  0  0  0  0  0  0  0  0  0  0  0  0  0  0  0  0  0  0  0  0  0  0  0  0  0  0  0  0  0  0  0  0  0  0  0  0  0  0  0  0  0  0  0  0  0  0  0  0  0  0  0  0  0  0  0  0  0  0  0  2  1  0  0  0  0  0  0  0  
0  47  0  0  0  0  0  0  851  1  667037  0  0  0  0  0  0  18  26435  0  1  206  0  0  3707  17  74594  0  5  6615  0  3  0  0  0  0  0  0  0  0  30  84070  0  167411  42  0  0  19  20  0  2  1  0  0  47  51149  3916  375375  5  0  14  0  0  0  231522  7  7  32  3  0  3090  0  235  0  0  0  0  0  0  0  0  0  0  0  14164  0  0  0  0  0  0  0  0  111  0  0  0  0  0  0  4  0  0  408  0  0  0  0  0  0  0  0  0  0  0  20  0  21  0  0  0  0  0  0  0  0  0  0  0  1  0  0  0  0  0  0  0  0  2  0  0  0  0  0  1  0  0  0  
0  196036  0  0  0  0  0  2  0  3  0  0  0  0  0  0  0  3  49  0  0  28560  75854  0  6  5  0  0  0  0  0  2  0  0  0  0  105872  1371  0  0  26  7  66  95  13  0  0  3  4  247470  78261  1  0  0  35  1  16  0  11896  255259  408309  0  0  0  3  0  0  10  1  0  0  22  335  0  0  0  0  0  0  0  0  0  0  1  0  0  0  0  0  0  0  0  0  0  14  7  0  0  0  0  0  0  0  0  0  2  0  0  0  0  0  0  0  0  2  0  0  0  0  0  0  1  0  0  76  0  0  0  0  0  0  0  0  0  32  0  0  0  0  0  0  0  0  0  0  0  1  0  
3  99655  0  35  16  14  4  6  27  34847  28316  6  0  1  13  0  2  89  2123  132  26560  0  88732  0  20  229  0  0  0  2210  0  6  0  0  0  1  0  104  1  94  2836  277068  5  781879  349  0  24  47  181  4  80031  47  26  25  1320  4  73134  30385  665  22  914297  0  2  0  3571  260  6  341  5  0  2  0  592  0  0  12  0  0  0  0  0  0  18  97  18434  0  0  0  0  0  0  1  1  0  87  18735  14  1  0  15  0  0  0  19  1  5  0  0  0  3  0  0  0  0  48  69  0  5715  0  1  0  3  3  0  137  0  0  1  0  1  1  0  0  0  31  0  0  0  0  92  4  0  0  0  1  0  1  0  
4  1  0  90  24  112  88  197  516  26294  0  4  0  1  20  6  23840  28075  215  0  70169  93969  0  754  974  4810  0  0  5  91  2  54367  1  3  85316  0  1612  15530  0  89  25381  1  285759  101184  309  0  177  22404  1044  191267  207  76  26  144  8870  81  281  48  7127  14704  243148  0  81  12  2909  218  23  1206  47  29  18  369  63769  4  0  0  0  0  0  2  0  0  5  2  0  0  0  0  1  0  0  1  1  0  15  7  4  1  0  12  2  0  0  0  1  15  0  0  0  1  0  0  0  0  29  1  0  1  2  1  0  4  4  0  168  0  2  0  0  3  0  0  0  0  73  0  0  0  0  28  2  0  0  0  0  0  3  0  
146526  0  0  22  4110  22597  0  0  0  3  0  269  109009  11854  177  860  556  23520  2  0  0  1  89  0  0  8  0  0  0  0  134962  35574  88  379  3785  0  0  0  32558  868  21  0  5389  13  2  0  186517  3233  5625  0  0  6003  1210  9  0  2  3  1  0  0  1  151579  273449  584567  5  417  4  55  4  112042  0  0  95  0  0  0  0  0  0  0  0  1  1  0  0  0  0  0  0  0  0  0  0  0  1  0  0  40  0  0  0  0  0  0  125  5  0  0  0  0  0  0  0  0  3  0  0  0  0  0  0  0  0  0  0  0  0  0  0  1  0  0  0  0  2  0  16  0  0  31  0  0  0  1  0  0  0  0  
0  0  0  37  2  16  22  10  874  28  9  0  0  0  14  1  5  218  128329  6890  4  5  238  1  0  114492  6177  0  101  13  0  29  1  0  1  2  0  28  0  1  472  0  4  1010  1429  0  3  169  305  9  311  15  3  215  218530  431267  28485  25419  1510  16  412  0  2  0  5247  295  87  10600  54  1  78  0  643784  3  0  0  0  0  0  0  0  0  0  0  0  0  0  0  0  0  0  0  0  0  0  0  0  0  0  1  0  0  0  0  0  0  0  0  0  0  0  0  0  0  1  0  0  0  0  0  0  0  0  0  0  0  0  0  0  0  0  0  0  0  0  0  0  0  0  2  1  0  0  0  0  0  0  0  
7  0  11  259305  30  375  263  368  1900  360  0  6  0  12  47  28  213  1631  423  17  0  30  272  1  93121  0  163  33980  123  863  0  267  1735  82127  1  162498  0  12202  1  62  370165  1  2  6042  38571  12  61  1560  10685  0  176  650  35  726  220357  119930  536  139  40  32  276  0  15  2  3972  8973  459370  9279  3619  5  635  2  50574  1620  0  0  0  2  1  0  0  1  11  0  0  0  0  0  0  0  0  1  0  0  0  0  0  0  0  10  1  0  0  0  1  2  0  0  0  3  0  0  0  0  30  0  0  0  1  2  0  2  1  0  0  0  0  0  0  3  0  0  0  0  0  0  1  0  0  109  2  0  0  0  2  0  2  0  
0  0  68794  0  0  2  1  7  450  0  160  0  0  0  0  2  0  3  12  114437  0  0  0  0  3225  283  0  21  62  752975  0  1  0  0  0  0  0  0  0  0  10  0  0  52  470  5091  0  4  5  0  0  1  0  7  986  798860  10  40  0  0  0  0  0  0  191940  29  230993  0  52  0  100682  0  5  0  0  0  0  0  0  0  0  0  0  0  30  0  0  0  0  1  0  0  0  62  0  0  0  0  0  0  24  0  0  1614  0  0  0  0  0  0  0  0  0  0  0  0  0  0  0  1  0  0  0  0  0  0  0  0  0  0  0  0  0  0  0  0  0  0  2  0  0  0  0  0  22  0  0  0  
0  0  104300  160405  0  1  0  0  431  0  0  0  0  0  0  8  0  6  1  0  0  0  0  0  0  50867  75  0  73562  1  0  0  0  0  0  0  0  0  0  0  21  0  0  7  491351  88704  0  3  31  0  0  4  0  3  0  418  0  0  2  0  0  0  0  0  6  11  398946  4  47  0  49  0  2  0  0  0  0  0  0  0  0  0  0  0  0  0  0  0  0  0  0  0  0  0  0  0  0  0  0  0  0  0  0  0  0  0  0  0  0  0  0  0  0  0  0  0  0  0  0  0  0  0  0  0  0  0  0  0  0  0  0  0  0  0  0  0  0  0  0  0  0  0  0  0  0  0  0  0  
2  0  96344  68960  29  152  37  73362  2448  9  0  37864  5  71  58722  27447  384  1737  276  0  0  0  3  1  0  736  3  33128  0  7  2  177  0  0  0  0  0  0  0  53  693  0  1  62  639835  13932  217  4524  3454  0  0  8245  26  3309  142  37  63  39  0  2  2  0  16  2  208  4774  16128  351653  414446  11  657  0  167  0  0  0  0  0  0  0  0  0  4  0  0  0  0  0  0  0  0  1  0  0  0  0  0  0  0  4  1  0  0  0  0  2  0  0  0  1  0  0  0  0  11  0  0  0  2  1  0  1  0  0  0  0  0  1  0  3  0  0  0  0  0  0  0  0  0  21  0  0  0  0  0  0  1  0  
0  0  51910  5  0  13  22  17  26425  57507  22807  0  0  0  1  2  14  2137  168  5338  0  2152  4  0  8  532  584235  4  63  0  1  278  0  0  0  0  0  0  0  3  684  1  1  21324  612  223883  3  447  1249  0  14  10  0  6  554  35807  353  39  4  0  8  0  2  4  360894  31470  26227  42  44  6  300419  0  782  1  0  0  6  1  0  1  0  0  6751  423  22945  0  0  0  0  2  0  0  0  365  1  2978  2  0  1  14  285  0  0  68067  1  2  0  0  0  5  0  0  0  0  200  1  0  7  1  22  0  1  1  0  1  0  0  0  0  8  0  0  0  1  5  0  1  0  459  2777  2  1  0  0  20219  0  2  0  
57522  0  0  0  38381  31481  0  0  0  0  0  0  0  0  0  32041  0  170  0  0  0  0  1  114359  0  3  0  0  0  0  0  22856  0  0  0  0  0  0  3  0  3  0  0  1  0  0  246  2  11  0  0  0  0  0  0  0  0  0  0  0  0  0  210466  486  1  2  0  0  0  218373  0  0  8  0  6  0  0  0  0  131  0  0  0  0  0  0  0  0  0  156  0  0  0  0  0  0  1  872  0  0  0  0  0  0  16225  158  0  0  0  0  0  0  0  0  0  0  0  0  0  0  0  0  0  0  0  0  0  0  0  1  0  0  0  0  0  0  386  4  0  14  0  0  0  231  0  0  0  0  
411  0  0  7  72  99412  2  6  47  329  0  1  27  32  7  1374  33281  285515  61  0  11  9  56630  23663  1  581  2  0  17  18  30741  0  2  1  20297  0  0  11  318  15  2430  0  10774  1393  183  0  19735  23303  32223  23  12  78  13  21  295  25  44  9  8  3  23  11  167466  5629  225  62493  52  40  70  123730  2  1  16534  11  0  0  0  5  1  1572  3  2  77  3  0  3  0  3  3  680  0  9  0  0  2  6  8  3  0  91  8  0  2  0  255  45720  0  0  0  24  1  0  0  0  206  0  0  1  21  11  2  10  23  0  16  14  3  3  0  53  2  0  0  1  5  0  2  0  1  1127  42  14  2  502  17  0  32  0  
0  0  0  64825  0  4  0  0  1  1  0  170  1  0  0  0  1593  1934  3  1  0  0  1  26  0  471  0  0  0  0  0  25  0  117940  27692  9585  0  1  0  0  39161  0  1  14  4  0  175  204228  2380  0  0  1  0  1  37  1  2  0  0  0  0  0  1  1  10  12  4  2  0  0  0  0  16596  219329  0  0  0  0  0  0  0  0  0  0  0  0  0  0  0  0  0  0  0  0  0  0  0  0  0  0  0  0  0  0  0  0  0  0  0  0  0  0  0  0  1  0  0  0  0  0  0  0  0  0  0  0  0  0  0  0  0  0  0  0  1  0  0  0  0  1  0  0  0  0  0  0  0  0  
0  0  0  1854  0  0  0  0  0  0  0  327  19  5  0  0  23  122  0  0  0  0  2  632  0  62143  0  0  7  0  0  0  171779  0  361397  213483  29  253995  0  0  8641  0  86473  0  0  0  377  51138  35  2  0  0  0  0  92  0  0  0  1  0  4  0  0  14  0  0  0  0  0  0  0  1362  422761  67226  0  0  0  0  0  0  0  0  0  0  0  0  0  0  0  0  0  0  0  0  0  0  0  0  0  0  0  0  0  0  0  0  0  0  0  0  0  0  0  0  0  0  0  0  0  0  0  0  0  0  0  0  0  0  0  0  0  0  0  0  0  0  0  0  0  0  0  0  0  0  0  0  0  0  
0  0  0  525  1  3  0  1  7  7  0  209  10  0  0  0  35354  10080  16  0  1  0  76807  2208  0  144  0  0  1  1  0  19381  31295  379769  0  0  421  31196  0  1  359  0  251397  122  4  0  789  231383  111  1717  1  0  1  0  61  0  6  0  827  207  1052  0  6  55  27  11  1  2  1  0  0  57367  95865  22  0  0  0  0  0  0  1  0  0  0  0  0  0  0  0  0  0  0  0  0  0  0  1  0  0  2  1  0  0  0  2  5  0  0  0  1  0  0  0  0  5  0  0  0  0  0  0  0  0  0  0  2  0  0  0  1  0  0  0  0  0  0  0  0  0  5  1  1  0  0  0  0  0  0  
0  0  0  39  0  0  0  0  0  0  0  0  0  0  0  0  3  4  0  0  0  0  0  0  2  175699  0  0  0  0  0  0  13079  250058  3  0  0  3696  0  0  96663  0  0  0  0  0  0  16488  75  0  0  0  0  0  2401  0  0  0  0  0  0  0  0  0  0  0  0  0  0  0  0  0  34919  127990  0  0  0  0  0  0  0  0  0  0  0  0  0  0  0  0  0  0  0  0  0  0  0  0  0  0  0  0  0  0  0  0  0  0  0  0  0  0  0  0  0  0  0  0  0  0  0  0  0  0  0  0  0  0  0  0  0  0  0  0  0  0  0  0  0  0  0  0  0  0  0  0  0  0  
0  31411  0  0  0  0  0  0  0  0  0  0  0  0  0  0  6  0  7  0  66371  0  3014  0  0  0  0  0  0  0  0  1  0  55  968  0  0  358631  0  0  2  0  134456  47  0  0  0  320  0  402161  0  0  0  0  1  0  0  0  91871  425017  3383  0  0  0  0  0  0  0  0  0  0  642605  14006  0  0  0  0  0  0  0  0  0  0  0  0  0  0  0  0  0  0  0  0  0  0  0  0  0  0  0  0  0  0  0  0  0  0  0  0  0  0  0  0  0  0  0  0  0  0  0  0  0  0  0  0  0  0  0  0  0  0  0  0  0  0  0  0  0  0  0  0  0  0  0  0  0  0  0  
0  17994  0  10  0  1  0  1  2  2  0  0  0  0  1  0  3  8  13308  0  158  168  1765  0  11  684  0  0  0  0  0  0  0  255624  43961  101  328158  0  0  0  58  3  152869  6774  48  0  0  4274  4  24070  118  0  0  5  165  1  34  0  292104  59515  32534  0  0  0  7  1  0  38  0  0  0  683860  1077768  9  0  0  0  0  0  0  0  0  0  0  0  0  0  0  0  0  0  0  0  0  0  0  0  0  0  0  0  0  0  0  0  0  0  0  0  0  0  0  0  0  0  0  0  0  0  0  0  0  0  0  0  0  0  0  0  0  0  0  0  0  0  0  0  0  0  0  0  0  0  0  0  0  0  0  
12454  0  0  2  626  5128  0  0  0  0  0  99  87688  140068  74  143  3  333  0  0  0  0  5  15029  0  3  0  0  0  0  5  1748  0  0  0  0  0  0  0  6722  9  0  1  4  0  0  64827  1  60729  0  0  19690  287  5  2  1  0  0  0  0  0  9325  261  89855  0  202  2  24  1  312  0  0  29  0  0  0  0  0  0  0  0  0  0  0  0  0  0  0  0  0  0  0  0  0  0  0  0  0  0  0  0  0  0  0  0  1  0  0  0  0  0  0  0  0  0  0  0  0  0  0  0  0  0  0  0  0  0  0  0  0  0  0  0  0  0  0  0  0  0  11  0  0  0  0  0  0  0  0  
802  0  0  621  3027  1583  3  0  2  6  0  178483  1005  186171  1367  49  0  127  2  0  0  0  0  102  0  17  0  0  7  0  1  84  1  0  0  0  0  0  3720  0  85  0  0  2  33  0  1070  0  155797  0  1  19716  4231  125  3  1  2  1  0  0  0  133  1  604  0  90  16  25300  43  12  0  0  4  0  0  0  0  0  0  0  0  0  0  0  0  0  0  0  0  0  0  0  0  0  0  0  0  0  0  0  0  0  0  0  0  0  0  0  0  0  0  0  0  0  0  0  0  0  0  0  0  0  0  0  0  0  0  0  0  0  0  0  0  0  0  0  0  0  0  13  0  0  0  0  0  0  0  0  
253  0  4  99264  1654  1622  583  667  2250  15201  0  227  0  119  907  224  33980  50283  11344  36  3  59  2617  23  26  318800  118  3  121  109  6  3965  33668  8742  6  94622  0  1  31  2722  0  6  41  42287  6059  14  394  195161  153639  2  146  1585  1444  1275  108077  2373  1372  1657  25  11  360  2  112  37  4167  5842  34997  4859  524  105  243  0  72343  68866  0  0  0  9  0  6  5  3  124  12  0  1  0  4  0  0  1  33  8  0  16  1  20  0  0  249  18  0  2  1  51  67  0  0  0  57  2  1  0  0  649  0  7  3  28  17  2  87  21  0  7  8  1  4  0  101  4  0  2  5  17  0  1  0  2  432  59  9  5  0  16  0  41  0  
0  365707  0  20  0  1  2  0  1  0  59754  0  0  0  2  0  0  4  104345  99198  1  330693  1  0  1  0  0  0  0  0  0  1  0  0  0  0  0  0  0  0  0  0  0  131549  373  0  0  4  8  0  37411  1  0  6  14  1  567213  24720  926  1  7411  0  0  0  5  0  2  65  1  0  0  0  7  0  0  0  0  0  0  0  0  0  0  0  240  0  0  0  0  0  0  0  0  1  0  33  0  0  0  0  0  0  0  0  0  0  0  0  0  0  0  0  0  0  0  35  0  1  0  0  0  0  0  0  0  0  0  0  0  0  0  0  0  0  0  0  0  0  0  0  0  0  0  0  0  0  0  0  
1  0  0  1  0  6  2  1  18  23  0  0  0  0  0  1  1970  3553  45  0  40  5  280721  2375  5  275  0  0  0  0  0  1184  2  125616  308858  0  104649  164183  0  0  776  0  0  347  6  0  18  58366  50  104096  4  1  0  1  148  3  18  1  7236  302  4566  0  7  373  82  36  1  10  1  2  0  103760  71233  3  0  0  0  0  0  0  0  0  5  0  0  1  0  1  0  0  0  1  0  0  0  0  1  0  0  3  0  0  0  0  0  8  0  0  0  0  0  0  0  0  21  0  0  0  0  1  1  3  2  0  1  0  0  0  0  5  0  0  0  0  1  1  0  0  0  21  2  0  0  0  0  0  0  0  
32  4779  1  5246  255  1124  1026  2755  4602  152543  629530  84  0  16  180  228  86  13849  14825  80567  7  669782  91116  2  581  13942  17  0  100  14955  4  1784  1  0  6  0  1  579  0  842  66157  142709  34  0  17821  1  1571  2560  17692  166  21630  765  238  2128  23828  701  82246  266575  4143  390  130926  0  48  16  255032  10193  609  9251  2267  42  219  3  27435  58  0  0  0  3  0  2  0  1  24  6  4361  0  0  2  0  0  0  5  0  0  7  167  3  0  0  22  1  0  0  6  5  14  0  0  0  5  0  0  1  0  74  36  0  147  5  2  0  6  4  0  8  3  0  0  0  12  0  0  0  0  8  0  0  0  3  170  9  1  1  0  6  0  5  0  
62  1  156627  235663  376  5115  1619  45375  24767  122  0  3901  0  51  566  26254  2759  8276  1829  0  0  3  16  8  30  46695  33  526528  520257  41  3  962  9  0  0  0  0  1  7  415  3885  0  0  1035  0  272854  1141  17802  56366  0  280  2679  401  4779  1223  1062  4355  170  73  116  206  0  77  18  1543  18641  349111  125972  172884  88  7167  0  1577  5  0  0  0  1  0  3  0  0  10  0  0  1  0  1  0  0  0  2  0  0  0  0  0  0  0  26  0  0  0  0  0  6  0  0  0  5  0  0  0  0  41  0  0  0  5  1  0  3  2  0  0  2  0  0  0  9  0  0  0  0  0  0  0  0  0  100  4  0  0  0  4  0  2  0  
0  0  186545  53  10  41  22  135420  101469  0  0  0  0  1  3  10663  7  38  26  0  0  0  0  0  1  34  8651  58551  1464  192074  0  10  0  0  0  0  0  0  0  9  72  0  0  11  168974  0  0  61  409  0  1  25  6  277  9  192  23  2  0  0  0  0  0  0  48  367  113358  3  362  1  83696  0  3  0  0  0  171  0  0  0  0  34  2873  0  0  0  0  0  0  319  0  0  0  0  0  0  0  0  0  0  0  0  0  565  0  0  0  0  0  0  0  0  0  0  0  0  0  0  0  3669  0  0  0  0  0  0  0  0  0  0  0  0  0  0  0  0  0  0  0  2  0  0  0  0  6554  0  0  0  
9067  0  0  49  1012  12570  5  2  7  7  0  1179  90118  3075  295  106  160  145295  9  0  2  0  169  145865  3  127  0  0  3  1  1216  37595  64  37  365  0  0  0  63482  367  346  0  123  259  51  0  0  2189  54540  0  0  3903  956  592  33  7  6  1  0  0  1  584  10908  124270  40  450  198  264  222  2228  2  0  640  1  0  0  0  1  0  1  0  1  5  0  0  0  0  0  0  0  0  1  0  0  0  0  0  0  0  4  0  0  0  0  1  4  0  0  0  1  0  0  0  0  13  0  0  0  0  0  0  0  1  0  2  0  0  0  0  1  0  0  0  0  0  0  1  0  0  34  1  0  0  0  1  0  0  0  
7  0  1  623  16  179  24  8  406  4280  0  187  2  2  7  15  229784  142303  678  13  0  16  18132  3966  96  1574  21  2  79  63  12  12596  170494  22943  258282  6821  171  16784  3  59  141043  1  103120  2610  2692  6  20955  0  52766  1218  181  129  18  53  5628  582  423  95  1619  73  628  0  171  51  1547  2654  5296  172  166  94  45  9660  495682  56565  0  0  0  10  3  5  5  4  184  20  0  5  0  5  0  0  3  29  9  0  8  0  31  1  1  236  12  0  2  2  30  164  0  0  0  67  2  0  2  0  996  0  5  8  31  16  6  119  39  0  13  17  4  7  0  96  3  0  1  1  24  0  4  1  1  1020  59  19  2  0  25  0  32  0  
38259  0  1341  318978  28376  33520  1290  1388  1683  10396  1  126639  3249  75036  12022  2952  91219  211071  40969  11  0  13  173  3081  65  5635  27  1  1186  62  127  38518  1382  7  23  5  0  2  56347  174802  159948  1  39  7528  85179  6  56277  20454  0  0  220  67360  27858  26186  4172  1038  17601  4662  38  31  95  1068  2840  11774  2340  12195  9695  131466  21303  3313  144  0  4029  54  0  0  0  2  0  13  2  2  50  3  0  0  0  0  0  0  1  10  2  0  3  2  6  0  0  61  1  0  1  0  9  80  0  0  0  15  0  0  0  0  162  0  1  0  7  9  6  13  4  0  0  1  1  2  0  18  0  0  0  0  5  0  2  0  0  740  23  3  3  0  13  0  10  0  
0  3  0  1  0  0  0  0  1  2  0  0  0  0  0  0  40  29  2  0  246738  1  180911  0  8  16  0  0  0  0  0  20  0  0  1817  0  356431  93581  0  0  56  0  173121  441  11  0  1  3396  1  0  5  0  0  0  37  1  3  0  55063  211203  59362  0  0  0  8  0  0  4  0  0  0  53341  100418  1  0  0  0  0  0  0  0  0  0  0  0  0  0  0  0  0  0  0  0  0  0  0  0  0  0  0  0  0  0  0  0  0  0  0  0  0  0  0  0  0  0  0  0  0  0  0  0  0  0  0  0  0  0  0  0  0  0  0  0  0  0  0  0  0  0  0  0  0  0  0  0  0  0  0  
1  203471  0  109  0  6  5  15  12  0  0  0  0  0  1  1  0  16  2154  0  41640  96621  5  0  9  23  0  0  0  2  0  1  0  0  0  0  0  31  0  0  21  15059  0  19466  514  0  0  10  51  2  0  2  0  31  202  3  11595  25  42399  1931  172812  0  0  0  29  22  8  259  28  0  2  0  302  0  0  0  0  0  0  0  0  0  0  0  0  0  0  0  0  0  0  0  0  0  0  72  0  0  0  0  0  0  0  0  0  0  0  0  0  0  0  0  0  0  0  0  0  1  0  0  0  0  0  0  0  0  0  0  0  0  0  0  0  0  0  0  0  0  0  0  0  0  0  0  0  0  0  0  
86732  0  2  241  32454  40959  606  605  50  31  0  196044  14  231316  562576  2623  33  2573  439  1  0  0  2  1263  12  981  3  0  19996  0  2  1283  1  0  0  0  0  0  37212  61033  362  0  1  70  2204  0  3806  110  38574  0  47  0  172467  150882  721  82  939  52  6  10  17  38868  87  2066  100  3349  1978  189500  4238  177  13  0  159  0  0  0  0  0  0  4  0  0  1  0  0  0  0  0  0  0  0  1  0  0  0  0  0  0  0  1  0  0  0  0  0  3  0  0  0  0  0  0  0  0  1  0  0  0  0  0  0  0  0  0  0  0  1  0  0  0  0  0  0  0  0  0  0  1  0  119  0  0  0  0  0  0  0  0  
99209  0  0  2  81262  19014  30  1  1  1  0  122  1  306  455326  46179  19  679  8  0  0  0  1  49  0  41  0  0  1  0  2  1095  0  0  0  0  0  0  59  2899  57  0  0  8  27  0  223  21  8022  0  1  301777  0  49644  15  5  3  1  0  0  0  11  47  112  10  801  186  101  73  51  0  0  16  0  0  0  0  0  0  2  0  0  0  1  0  0  0  0  0  0  0  0  0  0  0  0  0  0  0  0  0  0  0  0  0  8  0  0  0  0  0  0  0  0  0  0  0  0  1  0  0  0  0  0  0  0  0  0  0  0  0  0  0  0  0  0  0  0  0  57  0  0  0  0  0  0  1  0  
601  0  9  3477  3390  66827  33436  82128  3408  3  0  65  0  22  517789  578946  23  1670  465  1  0  3  6  3  70  7060  22  1  2953  41  1  278  1  0  0  0  0  0  4  665  748  1  1  176  9659  14  624  265  33622  1  91  243915  58103  0  2181  222  679  68  15  16  46  0  31  11  911  12534  12691  121222  207318  27  204  0  891  0  0  0  0  0  2  11  0  0  1  1  0  0  0  0  0  0  0  0  0  0  0  0  0  0  0  1  0  0  0  0  0  4  0  0  0  1  0  0  0  0  0  0  0  0  0  0  0  0  0  0  0  0  0  0  0  0  0  0  0  0  0  0  0  0  0  109  0  0  0  0  0  0  2  0  
3  2  1  291  11  223  514  686  11792  106  0  1  0  2  13  18  33  2933  6142  17  0  141  649  0  156012  249976  886  0  122  328  0  281  22  184  0  7611  0  20  1  23  77365  2  8  33413  1544  3  57  1502  3548  13  142  73  6  532  0  26869  5555  1164  114  21  1235  0  8  2  21206  2647  3530  7081  186  7  1236  0  249816  84  0  0  0  0  0  0  0  1  5  0  0  0  0  1  0  0  0  3  0  0  0  0  4  0  0  7  0  0  1  0  1  2  0  0  0  4  0  0  0  0  19  0  0  1  1  3  0  3  2  0  0  0  0  1  0  2  0  0  0  0  2  0  0  0  0  40  0  0  1  0  0  0  1  0  
1  0  2  76  2  201  321  220  30633  22  2  3  0  0  8  12  74  2017  7746  80501  0  5  7  1  414869  184681  688613  189  3548  14745  0  308  6  0  0  0  0  0  0  13  5725  3  0  9254  24046  72  54  1818  3228  0  105  176  11  530  77809  0  8971  87153  51  1  119  0  9  1  167179  7437  192869  7413  2532  15  196174  0  33144  0  0  0  0  0  0  0  0  0  0  0  0  0  0  0  0  0  0  3  0  0  0  0  0  0  0  4  0  0  0  0  0  1  0  0  0  0  0  0  0  0  15  0  0  0  1  0  0  1  0  0  0  1  0  2  0  3  0  0  0  0  1  0  0  0  0  24  1  0  0  0  0  0  1  0  
2  314732  0  178  4  20  15  6  52  3  1259  0  0  1  19  0  11  134  1083174  1204  1  143645  5  0  40771  24  2  0  9  2  0  22  0  0  0  0  0  11  0  0  582  479185  1  66520  4130  0  3  170  754  0  40006  58  1  223  269  3449  0  91300  134793  31  25273  0  1  0  19006  70  70  27164  23  0  7  0  100867  0  0  0  0  0  0  0  0  0  1  0  0  0  0  0  0  0  0  0  0  0  0  0  0  0  0  1  0  0  0  0  0  0  0  0  0  1  0  0  0  0  1  0  0  0  0  0  0  0  0  0  0  0  0  0  0  0  0  0  0  0  0  0  0  0  0  2  0  0  0  0  0  0  0  0  
0  4060  0  229  2  22  17  5  194  7  207702  0  0  1  10  1  3  145  476938  361474  0  20745  7  0  36775  280  10  0  7  10  0  12  0  0  0  0  0  0  0  0  183  41912  0  196662  5222  0  3  195  637  1  9118  28  2  107  1019  83143  146989  0  1820  1  2439  0  0  0  149392  116  205  3279  18  0  21  0  2049  0  0  0  0  0  0  0  0  0  0  0  4  0  0  0  0  0  0  0  0  0  0  0  0  0  0  1  0  0  0  1  0  0  0  0  0  0  0  0  0  0  3  0  0  0  0  0  0  0  0  0  0  0  0  0  0  0  0  0  0  0  0  0  0  0  0  3  0  0  0  0  0  0  0  0  
0  230695  0  702  0  42  21  17  11  8  0  0  0  0  12  3  3  56  190707  9  4485  9269  1001  0  233  91  0  0  3  0  0  7  0  0  3  0  82454  341266  0  0  309  300  187  29041  6815  0  3  211  189  712  115685  3  2  229  618  6  105376  207  0  180716  83350  0  1  0  166  129  21  2583  55  0  1  199  155401  0  0  0  0  0  0  0  0  0  0  0  0  0  0  0  0  0  0  0  0  0  0  0  0  0  0  0  0  0  0  0  0  0  0  0  0  0  0  0  0  0  0  0  0  0  0  0  0  0  0  0  0  0  0  0  0  0  0  0  0  0  0  0  0  0  0  0  0  0  0  0  0  0  0  0  
0  94758  0  141  0  4  4  5  5  2  0  0  0  0  2  3  3  29  108  0  321235  258  3052  0  28  23  0  0  1  0  0  2  0  0  143  0  388182  95485  0  0  38  10  506  14704  876  0  0  154  37  206404  43437  3  0  28  680  1  100  2  179991  0  151163  0  0  0  16  36  5  314  25  0  0  123751  34093  1  0  0  0  0  0  0  0  0  0  0  0  0  0  0  0  0  0  0  0  0  0  0  0  0  0  0  0  0  0  0  0  0  0  0  0  0  0  0  0  0  1  0  0  0  0  0  0  0  0  0  0  0  0  0  0  1  0  0  0  0  0  0  0  0  0  0  0  0  0  0  0  0  0  0  
1  56273  0  627  0  38  41  75  218  59  3943  0  0  0  19  5  12  234  1660  223  394068  701168  235622  0  857  204  0  0  0  14  0  28  0  0  62  0  1380  69421  0  3  460  18341  1188  156411  4094  0  11  294  404  49240  201775  15  3  292  11187  34  17707  5342  71960  142679  0  0  0  0  249  164  38  5741  163  2  12  501  53358  4  0  0  0  0  0  0  0  0  2  2  53  0  0  0  0  0  0  0  0  0  12  51  0  0  0  1  0  0  0  0  0  1  0  0  0  0  0  0  0  0  4  1  0  16  0  0  0  0  0  0  82  0  0  0  0  2  0  0  0  0  31  0  0  0  0  0  0  0  0  0  0  0  0  0  
77093  0  0  0  6  73  0  0  0  0  0  1  31229  32057  85173  0  0  2  0  0  0  0  0  139755  0  0  0  0  0  0  0  30  0  0  0  0  0  0  18058  32  1  0  0  0  0  0  141  0  160  0  0  59397  36  0  0  0  0  0  0  0  0  0  2  48375  0  12  0  2  0  3  0  0  1  0  0  0  0  0  0  0  0  0  0  0  0  0  0  0  0  0  0  0  0  0  0  0  0  0  0  0  0  0  0  0  0  0  0  0  0  0  0  0  0  0  0  0  0  0  0  0  0  0  0  0  0  0  0  0  0  0  0  0  0  0  0  0  0  0  0  0  0  0  0  0  0  0  0  0  
22  0  0  0  7  23058  0  0  2  12  0  0  233  36  1  1  4  8759  0  0  4  7  190  257544  0  99  0  0  0  1  210243  247043  0  0  1  0  0  1  918  2  361  0  15  243  3  0  34620  159  269  0  1  7  2  2  24  0  3  0  0  0  0  12  0  73414  36  11  2  2  0  70981  0  0  683  0  0  0  0  0  0  1  0  0  10  0  0  0  0  0  0  0  0  3  0  0  0  0  2  4  0  2  0  0  0  0  38  4  0  0  0  0  0  0  0  0  15  0  0  0  0  0  0  0  2  0  4  0  0  0  0  1  0  0  0  0  1  0  1  0  0  11  2  2  0  0  0  0  1  0  
29966  0  0  4  2765  22579  1  0  3  3  0  198  35791  32375  157  886  15  2952  1  0  0  0  25  579424  0  15  0  0  0  1  325  20877  0  4  38  0  0  0  151212  781  57  0  163  38  3  0  154254  34  10725  0  0  2334  617  19  2  0  2  0  0  0  0  73860  32280  0  4  1252  4  46  5  9611  0  0  211  0  0  0  0  0  0  0  0  1  2  1  0  0  0  0  0  1  0  0  0  0  0  0  0  0  0  3  0  0  0  0  0  4  0  0  0  1  0  0  0  0  4  0  0  0  0  0  0  0  0  0  0  0  0  0  0  0  0  0  0  0  0  0  0  0  0  85  0  0  0  0  0  0  0  0  
2  151  0  979  16  415  2104  772  40586  4602  290779  10  0  0  15  22  112  5302  93934  472336  0  4140  61  0  4550  3622  250877  0  763  582435  1  1012  1  0  0  0  0  3  0  54  5892  2024  2  265310  18181  10  277  2659  5920  0  4696  348  11  891  21240  84238  97506  166028  2090  68  3224  0  16  5  0  20806  2989  4989  391  21  108333  0  22482  1  0  0  0  2  0  0  3  0  23  4  6577  1  0  0  1  0  0  2  0  157  0  5  1  0  0  15  6  0  0  342  0  6  0  0  0  7  0  0  0  0  34  0  0  1  4  0  0  0  3  0  0  1  0  0  0  11  0  0  0  0  0  0  0  0  17  107  6  1  1  0  2  0  1  0  
551  1  6  589  240  325376  168824  143794  252936  260277  6  39  0  39  178  5779  302  30899  2316  2  0  37  117  309  16  6613  212  12  1353  43118  8  82917  34  1  1  1  0  0  61  318  13588  1  51  16019  9565  27  777  7437  26524  1  83  2512  278  3042  6773  2892  556  218  21  4  23  5  135  1406  41026  0  5274  2442  3465  195  373  0  14305  414  902  0  0  9  195  16040  1477  2531  3406  186  2  4  0  9  87  183  2  161  2  0  3  57  77  17  0  429  66  3  168  30  28  2817  0  0  0  77  0  0  22  0  1376  0  8  6  2439  183  59  42  84  0  3  92  128  83  0  764  3  0  3  1  9  98  36  34  8  318777  605  9  101  70  1712  0  403  0  
6  0  43398  42585  43  1823  2261  352  21078  29  0  0  0  5  109  1164  351  3565  1070  11  0  1  6  4  70  605256  247006  330473  5403  27801  0  454  10  0  0  0  0  0  0  14  33298  1  0  3723  214064  115704  24  4615  7886  0  37  187  64  2288  14060  230350  208  973  14  5  16  0  10  5  6661  27817  0  5379  15247  18  80908  0  445  0  0  0  0  1  0  1  0  0  4  0  0  0  0  0  0  0  0  3  0  0  0  0  0  0  0  10  1  0  0  0  0  4  0  0  0  4  0  0  0  0  22  0  0  0  0  2  0  2  1  0  0  0  0  0  0  8  0  0  0  0  0  0  0  0  0  47  7  0  0  0  1  0  0  0  
523  0  0  91251  1664  5217  933  76  643  18  0  155767  0  543  168524  397  19  3259  1695  3  1  1  2  24  132  6426  14  0  295056  18  1  685  0  0  0  0  0  1  227  8890  682  0  0  179  251464  9  5356  71  102630  0  305  254105  1491  93982  4358  346  3884  224  34  47  119  10  75  61  258  2915  10451  0  83553  76  411  0  1119  0  1  0  0  0  0  4  1  2  1  0  0  0  0  0  0  0  0  0  0  0  0  0  0  0  0  1  0  0  0  0  0  4  0  0  0  1  0  0  0  0  1  0  0  0  1  0  0  0  0  0  0  0  0  0  0  1  0  0  0  0  0  0  0  0  0  154  0  0  0  0  0  0  0  0  
88  0  34045  6385  522  8142  8765  105030  9716  12  0  92  0  38  45350  115255  218  2123  1090  1  0  2  5  2  4  4385  24  41  336502  9  0  306  5  0  0  0  0  0  4  799  991  1  0  171  156760  444  202  2324  12326  0  14  8377  716  251833  305  328  1518  115  4  3  12  0  27  3  271  17106  33310  76144  0  15  6828  0  232  1  0  0  0  0  0  1  1  1  6  0  0  0  0  0  0  0  0  1  0  0  0  0  1  0  0  10  1  0  0  0  0  1  0  0  0  4  0  0  1  0  13  0  0  0  2  0  0  0  0  0  0  0  1  0  0  4  0  0  0  0  0  0  0  0  0  48  0  0  0  0  2  0  0  0  
56087  0  0  0  57920  294676  1  1  3  5  0  1  0  20  7  102596  6  1770  2  0  1  0  72  115178  0  50  0  0  0  2  243991  158709  0  0  0  0  0  0  78  6  166  0  1  127  4  0  1572  32  390  0  0  49  4  1  6  1  1  0  0  0  1  4  66569  20344  16  62  2  3  1  0  0  0  459  0  2  0  0  0  0  1633  0  0  3  0  0  0  0  0  0  741  0  0  0  0  0  0  0  26  0  2  0  0  0  0  3203  445  0  0  0  0  0  0  0  0  4  0  1  0  0  0  0  1  0  0  1  0  0  0  0  2  0  0  0  0  1  0  17  0  0  43  0  0  0  1254  0  0  2  0  
0  0  1  21  2  76  55  88  259012  18  1  0  0  0  4  6  28  773  1765  740  0  0  2  0  34  1643  39828  53  606  297619  1  126  2  0  0  0  0  0  0  3  2454  0  0  505  4135  87794  5  1336  953  0  22  34  4  308  1066  153408  1050  144  5  0  16  0  4  2  63779  5317  69784  155  653  6  0  0  222  1  0  0  0  0  0  0  1  2  3264  16  36  0  0  0  0  1  0  1  0  1  0  1  0  0  0  2  0  0  0  16762  0  0  0  0  0  1  0  0  0  0  12  0  0  0  0  31  0  0  0  0  0  0  0  0  0  1  0  0  0  0  1  0  0  0  0  24  0  0  0  0  117286  0  2  0  
0  0  0  0  0  0  0  1  0  1  0  0  0  0  0  0  3  2  0  0  2  0  679  0  1  4  0  0  0  0  0  1  0  269  36042  0  801562  658496  0  0  12  0  61210  87  2  0  0  2304  2  73872  1  0  0  0  12  0  0  0  21588  122798  4990  0  0  0  4  1  1  0  0  0  0  0  96198  0  0  0  0  0  0  0  0  0  0  0  0  0  0  0  0  0  0  0  0  0  0  0  0  0  0  0  0  0  0  0  0  0  0  0  0  0  0  0  0  0  0  0  0  0  0  0  0  0  0  0  0  0  0  0  0  0  0  0  0  0  0  0  0  0  0  0  0  0  0  0  0  0  0  0  
6  83  0  1209  22  315  254  201  1226  904  8  2  0  3  168  29  1050  26304  264527  984  128  577  42106  27  667000  33338  3  0  27  159  4  9875  24131  383412  122321  16977  3541  1217243  3  30  37721  25  129284  75445  14479  1  167  507963  4811  48589  10458  67  11  2565  360477  48022  83831  2160  125342  24079  96939  0  202  60  33970  1287  138  61483  207  87  56  76864  0  13457  0  0  0  2  0  1  0  1  56  5  0  1  0  3  1  0  2  8  4  0  10  1  12  2  0  90  3  0  0  0  27  56  0  0  0  30  0  0  0  0  267  0  1  2  7  15  0  38  13  0  5  9  2  2  0  24  1  0  0  0  10  0  2  0  1  191  14  5  2  0  7  0  10  0  
0  0  0  123  2  4  0  0  4  638  0  1  0  1  0  0  18  1513  6  0  0  1  22  0  0  340  0  0  0  3  1  57  231353  53503  32  118154  0  0  0  7  55668  0  1  266  55  0  1  91843  1015  0  2  11  2  2  487  3  12  1  1  1  5  0  2  0  13  204  1  22  0  2  0  0  26786  0  0  0  0  0  0  0  0  0  5  1  0  0  0  0  0  0  0  0  0  0  0  0  3  0  0  16  1  0  0  0  1  4  0  0  0  6  0  0  0  0  44  1  1  0  1  0  0  10  1  0  1  0  0  0  0  2  0  0  0  0  4  0  1  0  0  40  0  0  0  0  1  0  2  0  
0  0  0  0  1  16  0  0  0  0  0  0  0  0  0  0  0  0  0  0  0  0  0  0  0  0  0  0  0  0  159  2  0  0  0  0  0  0  0  0  0  0  0  0  0  0  0  0  0  0  0  0  0  0  0  0  0  0  0  0  0  0  0  0  0  11  0  0  0  62  0  0  0  0  0  0  0  10  135868  36952  101  5  125  0  0  67  2906  4133  33335  46961  1  64  3  0  0  0  6  293099  0  18  8  0  3  0  68774  6258  0  0  0  8  0  0  51479  0  143  0  1  0  145  10  4103  1  5017  0  0  21436  195728  84  0  560  1  0  2  0  1  196183  3205  11848  11  3727  14  37  11  58435  65  0  29  0  
0  0  0  0  0  0  0  0  0  0  0  0  0  0  0  0  0  0  0  0  0  1  0  0  0  0  0  0  0  0  0  0  0  0  0  0  0  0  0  0  0  0  0  0  0  0  0  0  1  0  0  0  0  0  0  0  0  0  0  0  0  0  0  0  0  0  0  0  0  0  0  0  0  0  0  0  0  3  0  0  0  0  2  0  0  0  0  0  0  0  0  0  437521  0  233032  3  2  0  0  3  0  0  0  0  0  0  0  0  0  2  1326  4358  0  0  8  159713  0  10  0  1  1  0  7  0  231155  0  0  0  0  3  8679  0  129398  119429  4881  0  0  0  0  1  0  0  0  0  0  459  228  0  
0  0  1123  0  0  0  0  587  11  0  0  0  0  0  0  557  0  0  0  0  0  0  0  0  0  0  0  0  0  0  0  0  0  0  0  0  0  0  0  0  0  0  0  0  0  237  0  0  0  0  0  0  0  0  0  0  0  0  0  0  0  0  0  0  0  0  0  0  0  0  0  0  0  0  0  0  0  0  0  0  290  12087  83  0  0  0  0  0  0  314932  0  0  0  0  0  0  0  0  0  1  68848  86695  182416  40712  0  0  0  0  0  0  0  0  0  0  7  0  0  0  273348  282076  0  0  0  0  0  0  0  9  0  2  0  0  0  0  0  0  0  0  0  2  85180  0  268  0  49  0  0  0  
0  0  0  0  0  1  0  0  0  0  0  0  0  0  0  0  0  0  0  0  0  0  0  0  0  0  0  0  0  0  0  0  0  0  0  0  0  0  0  0  0  0  0  1  0  0  0  1  0  0  0  0  0  0  0  0  0  0  0  0  0  0  0  0  0  5  0  0  0  0  0  0  0  0  11  0  1  0  33  139  416  76  2253  72  0  261073  0  85  71  37  378  1137  79  0  1  0  23  4  1  345268  194  81208  86786  4  1  18  14135  459  140  3447  0  0  74  51  77952  0  0  11  73625  352  328  568  359683  0  3  425  76  192  501  9332  44  7  5  0  3  7  6  7  157  1611  1588  87834  910  0  1869  0  190  8  
0  0  0  0  0  8  1  0  0  0  0  0  0  0  0  4  0  0  0  0  0  0  0  0  0  0  0  0  0  0  0  1  0  0  0  0  0  0  0  0  0  0  0  0  0  0  0  0  1  0  0  0  0  0  0  0  0  0  0  0  0  0  0  0  0  106  0  0  0  0  0  0  0  0  96128  0  0  33  0  203848  891  179  1722  9  0  349  0  1903  65353  342889  0  89  22  1  1  0  40  82  1  249  406  2  17  0  16  4589  0  0  0  91  0  0  2150  0  553  0  0  17  174  202  5100  6  7468  0  3  9122  408441  1803  3  9320  8  11  0  1  4  9010  185  1131  93  4694  1656  83  210  25340  678  0  100  0  
1  0  0  0  23  8696  222  28  1  1  0  0  0  0  0  1856  1  13  0  0  0  0  1  1  0  0  0  0  0  0  49  853  0  0  0  0  0  0  0  0  1  0  0  0  0  0  2  0  17  0  0  4  0  0  0  0  1  0  0  0  0  0  0  1  0  13241  0  1  0  575  0  0  3  0  30273  0  0  23  393420  0  242474  8602  2306  6  0  2066  4  2287  79501  546802  3  558  15  0  1  4  140  119462  0  202  106  0  36  0  4492  158441  0  0  0  50  0  0  823  1  742  0  2  17  553  2028  3046  12  4080  0  7  13078  47634  71350  4  3274  2  4  7  0  11  513  58496  40816  44  433861  409  128  842  156458  470  0  610  0  
0  0  0  0  0  396  4117  117  0  0  0  0  0  0  0  2637  1  0  0  0  0  0  0  0  0  0  0  0  0  0  0  1  0  0  0  0  0  0  0  0  0  0  0  0  0  0  0  0  1  0  0  0  0  0  0  0  0  0  0  0  0  0  0  0  0  460  0  0  0  0  0  0  0  0  40  0  0  146  416  302162  0  260551  28531  5  0  235  0  139  9634  344666  5  274  18  0  0  0  114  21  1  882  101  9  481  0  1  195  0  0  0  67  0  0  6  0  693  0  0  6  1045  6325  407  4  993  0  6  8329  2192  262364  7  12908  12  5  2  1  14  22  27  26  124  179001  407  1046  7148  0  19862  0  423  0  
0  0  5  0  0  48  1910  27829  5812  1  0  0  0  0  0  9819  0  1  1  0  0  0  0  0  0  0  0  0  0  15  0  0  0  0  0  0  0  0  0  0  8  0  0  0  0  64  0  2  2  0  0  0  1  1  1  2  0  0  0  0  0  0  0  0  0  2656  0  0  0  0  4  0  8  0  1  0  1473  32  19  3271  224622  0  97762  9  0  1  0  1  57  352811  16  1471  35  0  2  0  756  36  3  310  52  5  116752  39  2  12  0  0  0  34  1  0  1  0  2444  0  4  11  47965  152190  89  30  487  0  12  20  69  20644  0  3473  21  2  9  3  16  1  169  3  271  180178  206  29  296551  0  3534  0  1555  0  
0  0  42  0  0  0  7  409  51911  100  0  0  0  0  0  62  0  12  0  0  0  1  0  0  0  0  0  0  0  16759  0  0  0  0  0  0  0  0  0  0  3  0  0  15  0  1865  0  4  3  0  0  0  0  0  1  0  0  0  0  0  0  0  0  0  6  1654  0  0  0  0  7628  0  4  0  8  0  150  393  24  57  42683  70005  0  52517  0  20  0  23  124  620  4  253  447  0  0  6  140  2  22  6831  832  13  90  17815  1  5  0  0  0  2089  26  17  4  0  10771  0  1  12172  551  99500  61  67  1302  0  17  91  122  589  1  2272  380  28  29  41  303  2  15  1  5455  222272  3201  332  357  0  164065  1  547  0  
0  0  0  0  0  1  0  0  926  142  1  0  0  0  0  0  0  10  0  0  1  38  0  0  0  0  0  0  0  4398  0  1  0  0  0  0  0  0  0  0  3  0  0  23  0  0  0  13  5  0  0  0  0  0  4  0  0  0  0  0  1  0  0  0  7  194  0  0  0  0  147  0  4  0  4  0  1  601  16  14  90  22  79025  0  2  22  0  26  14  4  23  138  275  0  10  3891  16043  1  24  12902  214  2  38  34789  3  9  0  0  1  1952  206  44  2  0  12898  4  18  78670  285  401  88  445  1665  1  57  51  53  87  0  1184  64  8  68  399  3596  2  7  2  1222  68645  1003  146  89  0  20185  2  403  0  
0  0  0  0  0  0  0  0  0  7  56005  0  0  0  0  0  0  0  0  10372  0  11850  0  0  0  0  10  0  0  23231  0  0  0  0  0  0  0  0  0  0  0  80  0  3340  0  0  0  0  0  0  0  0  0  0  0  0  0  0  0  0  49  0  0  0  2065  7  0  0  0  0  2  0  0  0  0  0  0  0  0  0  0  0  0  33  0  0  0  0  0  0  0  0  537  375549  0  67565  0  0  0  1  9  0  0  25146  0  0  0  0  0  0  0  0  0  0  3  108820  0  455305  0  0  0  0  0  0  1  0  0  0  0  1  198  110553  0  0  6  0  0  0  202823  0  0  0  0  0  2  0  0  0  
0  0  0  0  0  0  0  0  0  0  0  0  0  0  0  0  0  0  0  0  0  0  0  0  0  0  0  0  0  0  0  0  0  0  0  0  0  0  0  0  0  0  0  0  0  0  0  0  1  0  0  0  0  0  0  0  0  0  0  0  0  0  0  0  0  15  0  0  0  0  0  0  0  0  28  0  0  335408  481  1271  294  3  164  5  0  0  446  117169  1118  9  1488  20308  11  0  0  0  4  1137  1  1611  8  15  3158  0  0  97  7708  644  3184  27  1  0  5774  107617  66  0  0  1  353  14  1446  521  255049  0  1  76463  440  62  2  585  3  0  2  1  1  2  3  6  11  2134  24  204028  15  0  67  0  40  5  
0  0  0  0  0  0  0  0  0  0  0  0  0  0  0  0  0  0  0  0  0  0  0  0  0  0  0  0  0  0  0  0  0  0  0  0  0  0  0  0  0  0  0  0  0  0  0  0  0  0  0  0  0  0  0  0  0  0  0  0  0  0  0  0  0  0  0  0  0  0  0  0  0  0  2376  0  0  0  11  145  0  0  4  0  0  450  0  43825  2580  0  1  59  0  0  0  0  0  119155  0  0  0  0  1  0  8  51  0  8  14  0  0  0  116320  3  30  0  0  0  21  0  110846  1  57  0  0  29  12  0  0  8  0  0  0  0  0  97605  3018  47429  1  15  0  2  0  0  2  0  0  0  
0  0  0  0  0  3  0  0  0  1  0  0  0  0  0  0  0  0  0  0  0  0  0  0  0  0  0  0  0  0  0  0  0  0  0  0  0  0  0  0  0  0  0  0  0  0  0  0  0  0  0  0  0  0  0  0  0  0  0  0  0  0  0  0  0  19  0  0  0  0  0  0  0  0  6288  0  0  37  5354  4533  194  9  187  2  0  201116  42693  0  25015  20  0  288  4  0  0  0  9  2285  0  49  43  0  15  0  6  256  0  0  0  17  0  0  213656  68332  76  0  0  3  56  21  24390  1  132851  0  0  269150  3360  132  0  1010  1  0  0  0  0  38185  48  35  14  3169  106  1483  21  0  118  0  23  0  
0  0  0  0  0  4  1  0  0  0  0  0  0  0  0  0  0  0  0  0  0  0  0  0  0  0  0  0  0  0  0  0  0  0  0  0  0  0  0  0  0  0  0  0  0  0  0  1  0  0  0  0  0  0  0  0  0  0  0  0  0  0  0  0  0  67  0  0  0  0  0  0  0  0  38880  0  0  71  53210  67210  3250  91  672  2  0  1106  13030  54070  0  64655  0  179  8  0  0  1  21  59842  0  217  52  2  124018  0  0  194  0  0  0  94  0  0  16  0  283  0  0  10  5049  38  224  3  998  0  4  1000506  1310252  427826  9  4931  13  3  3  0  3  106928  18  22  101  3180  631  147851  158879  0  421  0  121  0  
0  0  267  0  18  3058  218  15277  55  0  0  0  0  0  0  17943  0  0  0  0  0  0  0  1  0  0  0  0  0  0  1025  349  0  0  0  0  0  0  0  0  0  0  0  0  0  188  0  0  1  0  0  0  0  0  0  0  0  0  0  0  0  0  0  0  0  31  0  0  0  1364  0  0  0  0  55225  0  225845  39  448565  632638  472684  367116  666  3  0  25  0  30  90987  0  0  40  5  0  0  0  10  10250  0  203  32  203  223984  237  42951  412  0  0  0  20  0  0  9  0  137  0  1  2  58185  41773  27  0  272  0  1  195  57394  632888  3  1850  10  0  0  0  2  12  1335  1461  60  1339  205  157  165116  226248  667  0  41  0  
0  0  0  0  0  0  0  0  1  14  0  0  0  0  0  0  0  8  0  0  0  0  0  0  0  0  0  0  0  1  0  7  0  0  0  0  0  0  0  0  4  0  0  6  0  0  0  9  2  0  0  0  0  0  1  0  0  0  0  0  0  0  0  0  2  14  0  0  0  0  0  0  15  1  4  0  1  523  1  7  24  9  471  119  0  2289  0  0  3  0  0  284746  16  0  2  1  110547  6327  3  1737  50  2  120  1  22  62  17367  23  97511  158  1  6  0  0  47462  0  24610  18  5557  85  4064  185766  44752  12  10  6  5  21  1  2035  7  1  5  2  48  1  182  47  55  795  241  11  120  0  550  7  514  1  
0  0  0  0  0  0  0  0  0  16  0  0  0  0  0  0  0  15  0  0  0  0  0  0  0  0  0  0  0  2  0  2  0  0  0  0  0  0  0  0  3  0  0  0  1  0  0  18  5  0  0  1  0  0  1  0  0  0  0  0  0  0  0  0  0  26  1  0  0  0  0  0  6  0  144  0  0  1546  323  1068  1179  32  1710  134  0  14825  12  525  882  8  208679  0  25  0  2  2  118106  121038  1  1134  141  2  102  0  171  707  2720  29  21334  199  0  6  16  321  10654  0  10407  27  4906  248  143958  7096  159860  12  16  548  456  201  0  8674  9  3  10  6  54  20  4647  1387  194  1807  453  27  368  0  1149  4  728  1  
0  0  0  0  0  0  0  0  0  0  0  0  0  0  0  0  0  1  0  0  0  0  0  0  0  0  0  0  0  1  0  0  0  0  0  0  0  0  0  0  0  0  0  0  0  0  0  0  0  0  0  0  0  0  0  0  0  0  0  0  0  0  0  0  0  13  0  0  0  0  0  0  0  0  16  436601  0  1329  73  100  491  100  311  10  815  117  0  55  200  29  12  178  0  57825  1976  19853  29  11  110775  2302  157  35  151  8  1  13  0  0  0  32  65  20216  11  0  792  220891  2  97484  2639  64  302  72  5878  0  125765  490  825  1043  3  93669  1054408  589866  119908  274  71234  12  8  1  7183  505  108  7407  183  0  338  13079  266746  0  
0  0  0  0  0  0  0  0  0  0  278  0  0  0  0  0  0  0  0  26  0  0  0  0  0  0  27  0  0  598  0  0  0  0  0  0  0  0  0  0  0  0  0  0  0  0  0  0  0  0  0  0  0  0  0  0  0  0  0  0  0  0  0  0  101  0  0  0  0  0  4  0  0  0  0  0  0  0  0  0  0  0  2  0  357102  0  0  0  0  0  0  0  69157  0  0  25  0  0  3739  1  107919  0  0  26738  0  0  0  0  0  0  0  0  0  0  0  144362  0  167337  0  0  0  0  0  0  31  0  1  0  0  125402  17319  316212  0  0  94  0  0  0  131097  0  0  0  0  0  98  0  0  0  
0  1  0  0  0  0  0  0  0  48  0  1  0  0  0  0  0  32  1  0  2  45  15  0  0  16  0  0  0  0  0  11  0  0  0  0  0  0  0  2  129  0  0  22  2  0  0  31  23  0  1  1  0  0  10  0  2  0  0  0  4  0  1  0  3  25  0  1  0  0  0  0  67  0  0  232999  0  54  1  4  8  0  121  34  0  1  0  0  0  0  6  41  2181  0  0  5043  132559  7  16  261  5  0  3  0  244  779  0  0  24  58  77050  952  0  0  632  11403  1314  31  14  12  5  195  138  290604  156590  3  2  4  0  154  52  2  86797  552682  615217  1  37  0  1  124  26  13  4  0  33  376  19461  7  
0  21  0  0  0  0  0  0  2  259  2384  0  0  0  1  0  0  12  1  0  2  14667  6  0  0  3  0  0  0  960  0  3  0  0  0  0  0  0  0  0  40  47  0  303  0  0  0  8  10  0  6  0  0  0  7  0  3  0  0  0  12  0  0  0  10  273  0  0  0  0  0  0  23  1  0  24  0  9  1  3  0  0  69  3327  36639  0  0  0  0  0  1  16  23060  135  6705  0  58016  6  2  234  3  0  2  9399  88  314  0  0  0  40  0  0  0  0  330  294669  13  655902  8  17  0  39  26  0  46112  3  4  6  0  76  33996  199  231  6  513736  0  17  0  721  108  23  15  0  0  20  0  245  0  
0  0  0  0  1  0  0  0  0  50  0  0  0  0  0  0  1  23  2  0  1  4  5  0  0  4  1  0  0  3  0  11  0  0  0  0  0  0  0  0  40  0  0  14  0  0  0  48  13  0  1  1  0  0  10  1  3  0  0  0  0  0  0  0  5  38  1  1  0  0  0  0  29  2  3  3  2  340  8  35  65  6  2522  12510  0  27  0  3  17  2  62955  129719  189  0  124317  34599  0  26674  78  7394  164  0  20  4  238  1133  1  9  169787  1361  4326  170  0  0  10129  2  370352  63246  193  435  492  11469  897  184191  320  23  35  78  0  2318  159  6  218  4621  427935  3  1876  40  292  1426  663  60  67  0  1464  18  22726  44  
0  0  0  0  0  7  0  0  0  3  0  0  0  0  0  0  1  3  0  0  0  0  12  24  0  1  0  0  0  0  1001  5  0  0  0  0  0  0  0  0  5  0  0  1  0  0  0  8  6  0  0  0  1  0  3  0  0  0  0  0  0  0  7  0  0  5  0  0  0  45  0  0  9  0  280566  0  0  11  619  55370  84  3  141  5  0  1144  217647  3599  69496  8123  4997  148860  5  0  5  8  53374  0  0  69  9  0  5  0  175781  17662  17  1444  2394  15  2  0  108602  4  2553  0  3942  5  376  23  339745  456  687  0  4  230  81  20  0  656  4  1  6  2  8  191450  462762  841547  9  521  51  8  23  53678  71  0  310  0  
0  0  0  0  0  0  0  0  0  0  0  0  0  0  0  0  0  0  0  0  0  0  0  0  0  0  0  0  0  7  0  0  0  0  0  0  0  0  0  0  0  0  0  0  0  0  0  0  0  0  0  0  0  0  0  0  0  0  0  0  0  0  0  0  0  1  0  0  0  0  0  0  0  0  1  0  0  106  22  11  25  4  207  3  0  5  0  6  10  3  0  6  103275  438  540  7  33  2  0  354766  56387  2  10  15  0  1  1  38987  1  114610  306  905  0  0  5185  0  16  2432  129  6  10  89  391  1  2888  26  56  55  115940  518324  108  7879  1725  862  5455  0  0  0  113  43  556  196  7  0  102  34  702408  0  
0  0  0  0  0  0  1  0  2  1  0  0  0  0  0  0  0  1  0  0  0  0  0  0  0  0  0  0  0  1  0  2  0  0  0  0  0  0  0  0  3  0  0  0  0  0  0  2  3  0  0  1  0  1  0  0  0  0  0  0  0  0  0  0  0  118  0  0  0  0  0  0  1  0  113  0  5  222091  131  515  1565  288  6213  747  0  834  0  928  541  120  954  1386  372  0  4  2  261  59  225910  0  16643  144899  532  5  2  98  58034  16269  1  441480  63  827  190  1  348413  0  7  236  112005  1158  3057  363  27648  0  33  1457  620  3156  137025  147446  192  38  46  168  334  17  72  58  222  16856  377454  5599  1592  0  4107  10  27161  1169  
0  0  1  0  0  0  0  0  0  0  0  0  0  0  0  0  0  0  0  1  0  0  0  0  0  0  18  0  0  581  0  0  0  0  0  0  0  0  0  0  0  0  0  0  0  0  0  0  0  0  0  0  0  0  0  0  0  0  0  0  0  0  0  0  0  3  0  0  0  0  0  0  2  0  0  0  95214  17  136  65  245  40  569  6  11  4  0  7  17  19  3  20  49  115543  0  0  7  1  23625  48760  0  1648  290  520675  0  3  0  0  0  334  0  0  4  0  2632  0  2  17  424  61651  24  12  58  0  1  20  78  172  6600  668736  7  507  0  1  6  3  1  0  45790  1191  466298  18  524  0  83829  0  37  0  
0  0  0  0  0  0  0  0  0  0  0  0  0  0  0  0  0  0  0  0  0  0  0  0  0  0  0  0  0  0  0  0  0  0  0  0  0  0  0  0  0  0  0  0  0  0  0  0  0  0  0  0  0  0  0  0  0  0  0  0  0  0  0  0  0  9  0  0  0  0  0  0  0  0  1  0  92284  93034  4  7  23  7  39  0  0  15  0  7  23  2372  0  19  0  0  0  0  4  1  0  183649  1395  0  39711  1  0  3  0  0  0  10  0  0  4  0  59  0  0  1  760155  5654  105  0  1539  0  0  32  68  44  1  140  1  0  0  0  2  0  2  0  2  168  411428  376  20  0  36  0  21  0  
0  0  1  0  0  0  0  1  0  0  0  0  0  0  0  6  0  1  0  0  0  0  0  0  0  0  0  0  0  0  0  0  0  0  0  0  0  0  0  0  2  0  0  0  1  0  0  0  1  0  0  0  0  0  0  0  0  0  0  0  0  0  0  0  0  11  0  0  0  0  0  0  0  0  5  0  123177  109628  25  62  671  59164  976  6  0  8079  0  18  112474  192850  11  116  6  0  0  0  43  2  1  139  100  58246  0  1  0  11  0  0  0  28  0  0  3  0  652  0  1  3  853970  6466  173  2  2719  0  1  4210  36  2161  2  3218  5  3  1  0  3  2  19  3  176  430  1182  316590  460145  0  424  0  290  0  
0  0  317  0  0  0  0  23  6274  46  120  0  0  0  0  20  0  0  0  102  0  35  0  0  0  0  937  0  0  145907  0  1  0  0  0  0  0  0  0  0  1  0  0  15  0  792  0  0  0  0  0  0  0  0  0  0  0  0  0  0  0  0  0  0  112  57  0  0  0  0  10167  0  0  0  0  0  43364  0  0  0  2  687  24603  36987  32560  0  0  0  0  359  0  0  5  35056  0  14643  0  0  7  16  470485  0  0  0  0  0  0  0  0  3  0  0  0  0  40  0  0  22918  2  256969  0  0  2  0  0  1  0  0  0  92212  1  153  0  1  0  0  0  0  415298  31  624  0  0  0  334190  0  1  0  
0  0  0  0  3  1173  0  0  0  9  0  0  0  0  0  10  0  13  1  0  0  0  3  102  0  1  0  0  0  0  16943  378  0  0  0  0  0  0  0  0  11  0  0  2  0  0  2  13  7  0  1  0  0  0  1  0  1  0  0  0  0  0  17  1  0  38  1  0  0  4319  0  0  7  0  42504  0  0  3  148  14256  8  5  118  5  0  1  0  12  3  31416  54  2174  6  0  6  5  3878  165063  0  86  7  0  12  0  0  123206  0  0  4  14  0  0  34  0  697  0  3  4  817  20  371  129  112  0  5  60  9  6  0  471  2  1  2  0  6  84  277165  842  8  217  35  2  23  167395  72  0  197  0  
11  0  0  1  3  471  1  1  1  9  0  0  0  0  1  28  4  142  2  0  0  1  37  8  0  1  0  0  0  0  167  41831  0  0  0  0  0  0  0  0  17  0  1  27  1  0  25  35  128  0  0  9  1  1  5  0  3  0  0  0  2  0  5  25  3  586  0  2  2  178  0  0  57  0  3396  0  0  40  651  100662  65  16  347  33  0  8  1  46  54  240  22  1961  21  0  30  21  1615  6343  1  333  25  1  22  1  107745  0  0  0  2  64  0  0  174  0  1427  2  31  8  1561  61  1206  466  262  0  36  294  85  26  0  1321  4  1  24  2  51  339  150905  3821  22  57106  139  11  62  28260  161  0  2745  0  
0  0  0  0  0  0  0  0  0  0  0  0  0  0  0  0  0  0  0  0  0  0  0  0  0  0  0  0  0  0  0  0  0  0  0  0  0  0  0  0  0  0  0  0  0  0  0  0  0  0  0  0  0  0  0  0  0  0  0  0  0  0  0  0  0  0  0  0  0  0  0  0  0  0  0  0  0  10091  0  0  0  0  0  0  0  5824  0  0  0  0  18422  1133  0  0  0  0  0  0  1  38878  0  0  0  0  0  0  0  85117  104457  159426  0  0  0  0  148026  0  0  0  0  0  1  166201  2418  0  0  0  0  0  0  0  0  0  0  0  0  0  0  0  0  0  0  0  0  0  0  0  2  146001  
0  0  0  0  0  0  0  0  0  0  0  0  0  0  0  0  0  0  0  0  0  0  0  0  0  0  0  0  0  0  0  0  0  0  0  0  0  0  0  0  0  0  0  0  0  0  0  0  0  0  0  0  0  0  0  0  0  0  0  0  0  0  0  0  0  0  0  0  0  0  0  0  0  0  0  0  0  978  0  0  1  0  8  0  0  1788  184  2  0  0  14  12  3  0  1  0  57  2454  36495  18276  0  1  1  0  0  0  73623  0  596640  254455  10  68076  0  0  22780  0  145021  1  2  1  13  43095  11  26  0  0  0  0  0  2  2  0  1  17  135  0  0  169  0  0  0  2  1  0  3  88  633657  122810  
0  0  0  0  0  0  1  0  0  6  0  0  0  0  0  0  0  6  0  0  0  0  0  0  0  0  0  0  0  0  0  1  0  0  0  0  0  0  0  0  4  0  0  2  0  0  0  8  3  0  0  0  0  0  2  0  0  0  0  0  0  0  0  0  0  13  1  0  0  0  0  0  4  0  1  0  0  151  1  3  1  1  127  27  0  2654  81  1  0  0  70416  24302  11  0  26  0  137516  3633  7  236  8  0  2  0  7  46  109672  435953  0  51  140  35373  0  0  658  0  221499  10  6  16  911  309497  222  11129  9  2  2  7  0  209  5  1  10  585  366  0  6  209  1  136  21  4  3  0  28  8527  73292  56815  
0  0  0  0  0  0  0  0  0  0  0  0  0  0  0  0  0  1  0  0  0  0  0  0  0  0  0  0  0  0  0  0  0  0  0  0  0  0  0  0  0  0  0  0  0  0  0  0  0  0  0  0  0  0  0  0  0  0  0  0  0  0  0  0  0  4  1  0  0  0  0  0  0  0  5  0  0  2708  28  239  376  9  459  29  0  31  0  9  309  43  20  25  226  0  143  20  274  0  50775  343557  27  8  34  0  0  5  100651  288326  2  0  526  134  0  0  292359  0  480  1561  628  72  44  2022  1231  43  27  306  326  1892  64677  12132  204  20  399  1592  2787  1  4  0  30  586  4385  486  356  0  211  168  125330  118641  
0  0  0  0  0  0  0  0  0  0  0  0  0  0  0  0  0  0  0  0  0  0  0  0  0  0  0  0  0  0  0  0  0  0  0  0  0  0  0  0  0  0  0  1  0  0  0  1  0  0  0  0  0  0  0  0  0  0  0  0  0  0  0  0  0  0  0  0  0  0  0  0  0  0  0  6523  0  7  0  0  1  0  69  4  0  0  0  0  0  0  0  2  1  0  47158  4  5330  0  6  38  1  0  0  0  1  0  0  5  23  18  0  296419  0  0  238  0  185541  3  0  5  0  74  10  209915  1  0  0  0  0  21  1  0  42247  427786  3789  0  0  0  2  18  3  2  0  0  15  585036  5110  6  
0  0  0  0  0  0  0  0  0  0  0  0  0  0  0  0  0  0  0  0  0  0  0  0  0  0  0  0  0  0  0  0  0  0  0  0  0  0  0  0  0  0  0  0  0  0  0  0  0  0  0  0  0  0  0  0  0  0  0  0  0  0  0  0  0  0  0  0  0  0  0  0  0  0  0  17614  0  26  2  0  0  1  70  5  0  0  0  1  0  0  2  2  2603  0  790  0  1757  2  317  527  0  0  5  0  0  0  0  53545  24758  40  286174  0  0  0  306  0  207305  8  6  3  1  33426  36  95086  79  0  0  1  0  45  33  0  209054  28990  3879  0  0  0  2  21  4  3  2  0  20  635752  1010545  670  
0  0  0  0  0  0  0  0  0  0  0  0  0  0  0  0  0  0  0  0  0  0  1  0  0  0  0  0  0  0  0  0  0  0  0  0  0  0  0  0  0  0  0  0  0  0  0  0  0  0  0  0  0  0  0  0  0  0  0  0  0  0  0  0  0  3  0  0  0  0  0  0  0  0  68572  0  0  1817  4531  13048  85  2  208  18  0  5355  97009  201777  36  4  2  212  3  0  0  0  9  18898  0  41  23  0  33  0  186  2139  0  0  0  13  0  0  0  709  372  0  0  0  462  13  56574  1  134521  0  0  16450  3904  44  0  737  1  0  0  0  0  26068  10377  39265  16  702  49  4521  29  30  116  0  12  0  
0  0  0  0  0  0  0  0  0  0  0  0  0  0  0  0  0  0  0  0  0  0  0  0  0  0  0  0  0  0  0  0  0  0  0  0  0  0  0  0  0  0  0  0  0  0  0  0  0  0  0  0  0  0  0  0  0  0  0  0  0  0  0  0  0  0  0  0  0  0  0  0  0  0  0  0  0  4702  1  0  0  0  0  0  0  162265  4  85528  0  0  0  163  1  0  0  0  0  1  0  2  0  0  1  0  0  0  0  0  0  0  0  0  2471  0  0  0  0  0  0  0  1100  0  55251  0  0  1639  0  0  1  1  0  0  0  0  0  0  0  0  0  2  0  18932  0  0  0  0  0  0  
0  0  0  0  1  5  1  0  41  408  0  0  0  0  0  0  4  239  6  0  0  2  3  1  0  21  0  0  0  92  0  40  0  0  0  0  0  0  0  3  175  0  1  180  8  0  1  291  120  0  3  1  0  2  77  4  7  0  1  0  0  0  1  2  67  525  3  5  0  1  1  0  235  5  108  0  12  96568  746  575  1808  383  50750  7427  0  266  0  180  416  118  45199  24451  6914  0  118  61  30864  621  5044  349954  2372  72  1713  28  199  801  121806  25389  189  246444  601  405  72  0  0  0  10225  3249  53521  3805  2034  190688  73197  236  146  840  1289  2162  29480  62054  3140  433  496  1973  8802  28  3676  132  1033  105725  11161  5368  3277  0  13980  139  59768  70888  
0  5  0  0  0  0  0  0  0  5  89  0  0  0  0  0  0  2  0  12  0  148  0  0  0  0  0  0  0  2  0  0  0  0  0  0  0  0  0  0  6  9  0  7  0  0  0  4  0  0  9  0  0  0  0  0  0  0  0  0  0  0  0  0  0  1  0  0  0  0  0  0  3  0  0  114623  0  0  0  0  0  0  0  4  113062  0  0  0  0  0  0  0  224107  150925  7469  324385  4  1  0  3  0  0  0  0  2  3  0  0  0  0  0  0  0  0  1  0  0  304269  0  0  0  0  1  0  267400  0  0  0  0  0  45539  2694  21  0  40549  0  0  0  0  3  0  0  0  0  0  0  0  0  
0  0  0  0  0  0  0  0  0  4  0  0  0  0  0  0  0  3  0  0  0  0  0  0  0  0  0  0  0  1  0  2  0  0  0  0  0  0  0  0  0  0  0  0  0  0  0  7  3  0  0  0  0  0  1  0  0  0  0  0  0  0  0  0  1  8  1  0  0  0  0  0  4  0  0  0  0  9  0  0  2  0  78  21  0  7  0  0  0  0  1490  2750  3  0  68  1  322902  3112  16  167  6  0  1  0  5  36  0  100472  190715  48  123743  237210  0  0  562  0  0  4  2  5  1  23101  19  196317  6  2  2  2  0  66  2  1  15  942  961  0  2  4  2  94  9  2  0  0  17  30725  28115  529  
0  0  0  0  0  1  0  0  0  15  1352  0  0  0  0  0  0  7  0  8  0  3828  1  0  0  1  0  0  0  14  0  2  0  0  0  0  0  0  0  2  24  0  0  607  0  0  0  15  4  0  1  0  0  0  3  0  1  0  0  0  5  0  0  0  4  28  0  0  0  0  0  0  11  1  6  32  0  2098  93  82  202  29  30283  95324  487446  67  0  39  125  14  7  264  59544  64652  51  623377  38912  2  182  10420  177  7  115  32827  2  22  0  0  0  470  10  2  12  0  6169  196546  1  0  967  400  183  59  5148  0  5557  247  523  638  3  8376  174877  224268  13496  44  110292  12  32  2  240011  1169  630  1329  169  0  40000  37  9503  0  
0  0  0  0  0  1  0  1  0  3  0  0  0  0  0  0  0  4  1  0  0  0  0  0  0  1  0  0  0  1  0  0  0  0  0  0  0  0  0  0  11  0  0  0  0  0  0  0  5  0  0  1  1  0  0  0  0  0  0  0  0  0  0  0  0  172  0  0  0  0  0  0  11  0  93  0  183979  66873  615  740  5914  31569  8827  209  0  764  1  547  2794  74589  262  2592  77  0  1  2  557  85  6  242516  821  708314  796968  5  8  146  0  0  1  1235  1  1  121  0  13853  0  8  36  0  90432  4349  63  51146  0  33  2938  5468  10626  138  18370  51  25  22  6  38  66  402  99  509  12196  414450  91235  236555  0  4755  0  2645  0  
0  0  887  0  0  0  2  2006  613  1  0  0  0  0  0  337  0  4  1  0  0  0  0  0  0  0  0  0  0  11  0  2  0  0  0  0  0  0  0  0  2  0  0  0  0  2867  0  3  0  0  0  0  0  0  1  0  0  0  0  0  0  0  0  0  1  21  0  0  0  0  47  0  4  0  10  0  191078  60  94  334  23109  151921  94569  154  0  11  0  6  67  29540  32  2221  101  0  1  0  884  31  5  11020  49150  3866  2916  292960  1  19  0  0  1  4818  0  0  3  0  22246  0  16  17  152478  0  114  84  619  0  8  85  188  850  0  90974  86  5  15  2  33  2  206  4  1210  33158  82567  115  3240  0  127048  0  1064  0  
0  0  0  0  0  2  0  0  0  0  0  0  0  0  0  0  0  1  0  0  0  0  1  0  0  0  0  0  0  0  0  0  0  0  0  0  0  0  0  0  0  0  0  0  0  0  0  0  0  0  0  0  0  0  0  0  0  0  0  0  0  0  0  0  0  19  0  0  0  0  0  0  0  0  15460  0  0  16  14714  8305  1182  37  1633  19  0  3822  71805  11631  1075  31  232  94163  13  0  1  2  298  245174  3  286  121  7  116  0  308  5323  6  4  113  97  1  0  49530  400  5108  0  2  9  7555  238  0  76  44469  0  2  8510  1659  326  0  8038  9  7  0  1  9  1699  31533  157290  138  1969  423  43  297  27  994  0  108  0  
0  0  0  0  0  6  0  0  15  509  0  0  0  0  0  0  6  406  2  0  0  0  2  0  0  20  0  0  0  46  0  115  0  0  0  0  0  0  0  2  117  0  6  98  5  0  1  557  190  0  2  1  0  1  46  6  2  1  1  0  0  0  0  0  50  492  7  0  1  1  1  0  321  1  2  0  2  1330  9  26  25  5  1276  1141  0  1183  6  3  8  1  184552  53916  231  0  78  8  31457  575  101  3769  74  0  18  4  216  1276  174820  46966  345240  1866  306  70628  1  0  178059  1  109585  167  158  205  224  0  1394  19382  67  21  22  52  1  1389  36  3  78  1264  1141  2  149  55  24  6955  343  42  39  0  298  17036  208038  209327  
0  0  0  0  0  6  0  1  0  2  0  0  0  0  0  0  0  2  0  0  0  0  0  0  0  0  0  0  0  1  0  1  0  0  0  0  0  0  0  0  0  0  0  2  0  0  0  2  2  0  0  0  0  0  0  0  0  0  0  0  0  0  0  0  2  108  1  0  0  0  0  0  2  0  12687  0  7  385653  41518  31182  15839  490  34193  1558  0  279752  72  142003  7699  202  46548  172931  393  0  1  1  1380  957  17  56404  1884  1207  7448  12  61  2061  4656  3  184  1871  1  4  91156  32286  65543  0  2  201  70180  3182  48595  614  0  0  13  54982  8951  2157  66  121641  227  96  5  1  52  996  1278  396  2400  21593  4785  47477  4130  71  17190  0  885  0  
0  0  0  0  0  0  0  0  0  0  0  0  0  0  0  0  0  0  0  0  0  0  0  0  0  0  0  0  0  0  0  0  0  0  0  0  0  0  0  0  0  0  0  0  0  0  0  0  0  0  0  0  0  0  0  0  0  0  0  0  0  0  0  0  0  0  0  0  0  0  0  0  0  0  0  0  0  7  0  0  0  0  35  0  0  0  0  0  0  0  5  2  0  0  268830  0  175528  0  30  68  0  0  0  0  0  0  0  49  5092  49  254672  81227  0  0  443  0  407477  1  1  0  1  3627  16  0  2  0  0  1  0  15  1  0  118  223719  70865  0  0  0  1  12  0  0  0  0  4  43355  124808  152  
0  7  0  0  0  0  0  0  0  17  0  0  0  0  0  0  0  8  1  0  0  150  1  0  0  5  0  0  0  0  0  2  0  0  0  0  0  0  0  0  25  0  0  8  0  0  0  11  3  0  6  1  0  0  4  0  3  0  0  0  4  0  0  0  0  10  0  0  0  0  0  0  12  1  0  190125  0  65  0  1  4  0  8  4  1  2  0  0  0  0  0  0  62246  16  136643  32876  13  0  1  79  0  1  5  0  9  9  0  0  0  1  0  0  0  0  30  256172  0  471  15  3  3  1  181  0  0  2  3  0  0  45  38483  6  43428  7590  277212  0  0  0  4  10  1  23  0  0  4  0  168  0  
0  0  0  0  0  24  6  3  0  1  0  0  0  0  0  0  0  1  0  0  0  0  2  1  0  0  0  0  0  0  0  0  0  0  0  0  0  0  0  0  1  0  0  0  0  0  0  0  5  0  0  0  0  0  0  0  0  0  0  0  0  0  0  1  0  337  0  0  0  0  0  0  0  0  15200  0  0  5907  53998  50312  29248  124  1758  10  1  152300  17  463566  742601  1767  2  819  25  0  0  0  78  556  0  326  266  4  6062  0  14  2439  0  0  1  106  0  0  10914  1487  691  0  3  27  1150  176  3234  9  30549  0  3  0  275292  350008  8  9194  15  12  7  1  11  122594  164  174  141  25157  1642  403052  397  5  1106  0  447  0  
0  0  0  0  0  14  2  3  0  0  0  0  0  0  0  0  0  0  0  0  0  0  0  0  0  0  0  0  0  0  0  0  0  0  0  0  0  0  0  0  0  0  0  0  0  0  0  0  0  0  0  0  0  0  0  0  0  0  0  0  0  0  0  0  0  330  0  0  0  0  0  0  0  0  122270  0  0  62  357695  62296  2876  600  2943  9  0  1207  4  10985  1452345  50715  0  179  32  0  1  0  62  117  1  446  319  0  81  0  6  2784  0  0  0  171  0  0  8926  0  738  0  1  35  775  215  474  8  1842  0  2  415422  0  137116  10  12973  24  20  0  0  3  221430  86  73  193  12191  1547  1128  331  13  1246  0  136  0  
0  0  0  0  0  2  0  0  0  1  0  0  0  0  0  0  0  0  0  0  0  0  1  0  0  0  0  0  0  0  0  1  0  0  0  0  0  0  0  0  2  0  0  1  0  0  0  3  0  0  0  0  0  0  0  0  0  0  0  0  0  0  0  0  0  314  0  0  0  0  0  0  2  0  95  0  1  170  902  63838  279493  50556  7790  41  0  164  0  271  477305  757188  9  709  69  0  1  1  282  26  3  2378  302  11  9912  2  1  116  0  0  0  678  0  0  104  0  3299  0  2  82  16324  1591  504  23  1990  0  16  336145  57771  0  88  47313  74  29  7  0  19  169  56  9  1099  11264  3032  57582  196952  0  5880  0  1078  0  
0  0  0  0  0  0  0  0  0  0  0  0  0  0  0  0  0  0  0  0  0  0  0  0  0  0  0  0  0  0  0  0  0  0  0  0  0  0  0  0  0  0  0  0  0  0  0  0  0  0  0  0  0  0  0  0  0  0  0  0  0  0  0  0  0  3  0  0  0  0  0  0  0  0  3  0  0  507  24  190  267  11  38  1  0  17  0  13  270  32  0  9  90  0  0  0  3  2  131708  167588  3895  31  24  0  0  3  0  0  0  138330  0  0  3  0  41853  0  0  39  474  5  43  0  385  0  0  312  357  1561  0  141202  67  27  0  0  0  1  0  1  14  132  13338  324  213  0  37  0  31865  0  
0  0  0  0  0  1  0  0  0  5  0  0  0  0  0  0  0  5  1  0  0  0  0  0  0  0  0  0  0  40  0  2  0  0  0  0  0  0  0  0  0  0  0  1  1  0  0  3  0  0  0  0  0  0  0  0  1  0  0  0  0  0  0  0  0  152  1  0  0  0  0  0  2  0  85  3  913  3866  5035  4199  9432  579  18405  120  12  284  0  290  3610  745  29  796  95616  86105  294  14  285  30  423354  159497  625179  192  850  72956  6  156  0  1  1  17452  112  44  123  0  47820  0  55  12603  7859  46942  1223  537  12739  1  2803  5478  11328  20861  143949  0  10345  196932  1711  302  3960  129  46  36  75829  12615  205438  17472  5180  0  213139  6  95037  0  
0  0  0  0  0  0  1  0  0  1  0  0  0  0  0  0  0  1  0  0  0  0  0  0  0  0  0  0  0  0  0  0  0  0  0  0  0  0  0  0  2  0  0  0  0  0  0  0  0  0  0  0  0  0  0  0  0  0  0  0  0  0  0  0  0  16  0  0  0  0  0  0  0  0  31  1674  0  2024  188  231  595  85  443  8  1793  107  0  81  682  55  5  186  1064746  26824  227  10821  26  8  120  2798  42  20  179  0  0  32  0  0  0  80  3  2  21  0  957  46391  0  305290  2654  125  300  4  6397  0  40041  1217  2928  2560  9  5929  0  103248  38598  31  147624  39  11  2  6282  611  192  8593  198  0  567  1  72376  0  
0  0  0  0  0  0  0  0  0  0  0  0  0  0  0  0  0  0  0  0  0  0  0  0  0  0  0  0  0  2  0  0  0  0  0  0  0  0  0  0  0  0  0  0  0  0  0  0  0  0  0  0  0  0  0  0  0  0  0  0  0  0  0  0  0  4  0  0  0  0  0  0  0  0  12  0  0  242  142  179  234  14  136  2  109811  24  0  26  419  32  2  29  759493  289538  20  50  5  2  7077  794  181  3  33  85  0  18  0  0  0  58  6  0  8  0  304  6588  0  404976  611  39  75  1  727  0  436  665  1655  1639  4  185702  55205  0  229  16  832  12  2  2  202725  203  68  2605  65  0  1249  0  816  0  
0  0  0  0  0  0  0  0  0  2  0  0  0  0  0  0  0  1  0  0  0  0  0  0  0  0  0  0  0  1  0  0  0  0  0  0  0  0  0  0  0  0  0  1  0  0  0  1  0  0  0  0  0  0  0  0  0  0  0  0  0  0  0  0  1  5  0  0  0  0  0  0  0  0  7  94301  0  6566  28  33  80  10  835  28  0  169  0  24  17  4  2  118  178094  0  45665  62  32  4  170  4170  51  20  214  0  1  7  0  1  0  225  34852  228996  15  0  1881  8  7  2421  1138  109  170  26  16082  21  152227  236  44  60  0  2042  38580  5  0  148539  66715  2  12  5  57  490  168  1651  93  0  424  249494  144552  0  
0  0  0  0  0  0  0  0  0  0  0  0  0  0  0  0  0  0  0  0  0  0  0  0  0  0  0  0  0  0  0  0  0  0  0  0  0  0  0  0  1  0  0  0  0  0  0  0  0  0  0  0  0  0  0  0  0  0  0  0  0  0  0  0  1  0  0  0  0  0  0  0  0  0  0  129458  0  118  4  1  13  2  718  50  0  3  0  1  3  1  3  9  1340  0  492785  61  5657  1  112  759  13  1  6  0  0  1  0  6  23  254  335456  45527  1  0  2155  0  1103  105  23  34  9  164  273  257701  22949  6  6  6  0  261  66  1  152476  0  98404  0  0  0  14  187  59  38  13  0  137  251367  96455  10  
0  6  0  0  0  0  0  0  1  10  0  1  0  0  0  0  0  1  1  0  0  110  1  0  0  1  0  0  0  1  0  2  0  0  0  0  0  0  0  1  20  0  0  3  0  0  0  5  3  0  3  0  0  0  2  0  3  0  2  0  8  0  0  0  0  9  0  1  0  0  0  0  13  0  1  5968  2  555  12  13  65  10  5425  691  1  14  0  6  24  3  26  56  83981  86  550146  480414  340697  3  1280  6425  152  1  37  2  13  62  0  102  331  1930  7955  6854  1  0  22256  26703  686  92520  123  322  23  325  1306  45321  312321  39  37  102  3  2348  113673  183  86451  78071  0  0  6  0  44  2373  496  162  60  0  643  52  33607  9  
0  0  0  0  0  0  0  0  0  0  0  0  0  0  0  0  0  0  0  0  0  0  0  0  0  0  0  0  0  0  0  0  0  0  0  0  0  0  0  0  0  0  0  0  0  0  0  0  0  0  0  0  0  0  0  0  0  0  0  0  0  0  0  0  0  2  0  0  0  0  0  0  0  0  126895  0  0  19  6210  6797  32  1  156  2  0  9  169019  65004  88470  3  0  16  1  0  0  0  3  165070  0  32  7  0  7  0  13  486  0  0  0  13  0  0  116229  0  70  0  0  0  42  10  296  1  123  0  0  119749  136213  50  0  725  1  0  0  0  0  0  139  2333  18  423  35  45  16  1  72  0  4  0  
1  0  0  1  0  0  0  0  0  12  0  0  0  0  0  0  0  16  3  0  0  0  21  15  0  2  0  0  0  0  624  17  0  0  0  0  0  0  0  1  19  0  0  6  1  0  2  24  11  0  1  2  0  0  3  2  3  0  0  0  0  0  1  0  1  23  0  0  1  12  0  0  9  0  11053  0  0  21  965  55437  152  25  681  19  0  27  281  136  306  40  72  16696  15  0  17  22  13392  453974  1  272  78  2  43  0  242713  192229  0  0  5  62  0  0  1574  0  8070  1  14  13  5049  123  16447  215  1030  0  22  529  216  64  0  3434  12  2  5  0  24  1357  0  81541  64  1050  285  8  162  82289  450  0  707  0  
0  0  0  0  0  2  0  0  0  0  0  0  0  0  0  0  0  0  0  0  0  0  1  0  0  0  0  0  0  0  0  0  0  0  0  0  0  0  0  0  0  0  0  0  0  0  0  0  0  0  0  0  0  0  0  0  0  0  0  0  0  0  0  0  0  15  0  0  0  0  0  0  0  0  31220  0  0  3  2140  66848  67  8  143  3  0  6  114807  136  91  565  349  2161  1  1  1  0  957  812718  0  34  15  0  11  0  1046  26520  1  52  59  9  0  0  270001  0  809  0  11  1  951  12  176463  8  238  0  0  374  109  21  0  732  1  1  0  0  1  7613  144893  0  15  3100  53  5  28  15244  95  0  23  0  
0  0  0  0  0  0  0  0  0  0  128  0  0  0  0  0  0  0  0  0  0  1  0  0  0  0  9  0  0  3586  0  0  0  0  0  0  0  0  0  0  1  0  0  0  0  0  0  0  0  0  0  0  0  0  0  0  0  0  0  0  0  0  0  0  21  3  0  0  0  0  0  0  0  0  13  0  1  417  208  280  540  92  10819  972  301264  24  0  24  482  42  1  72  17286  156649  57  555  5  1  880  2365  68369  0  50  518575  0  17  0  0  0  185  13  5  13  0  1406  2  0  277521  659  625  80  13  1254  0  948  696  1395  2701  4  125654  15238  294677  630  36  1174  12  5  3  0  499  311  1526  316  0  84633  0  6938  0  
32  0  0  9  13  32020  1587  2398  34878  62739  0  2  0  3  6  115  72  4712  44  3  0  17  28  23  0  236  10  2  27  9031  9  2082  1  0  3  0  0  0  5  6  1231  0  22  4162  141  0  101  6044  2514  0  9  85  12  40  1696  90  24  6  0  1  4  0  20  78  3021  208469  309  27  40  64  81  0  3119  7  2689  0  7  1347  3036  410784  206548  166800  295418  100708  0  2234  3  2424  12499  1939  77  2897  314  0  8  36  1429  256  13  52381  2311  78  1894  26  152  74279  0  0  8  14817  223  46  160  0  200432  0  49  383  18988  5947  2164  1006  10532  0  78  5442  6077  4861  1  18659  174  34  99  498  4198  270  1632  339  245  0  19571  1662  1650  451  25095  4  4162  0  
0  0  0  0  0  0  0  0  0  1  0  0  0  0  0  0  0  2  0  0  0  0  0  0  0  0  0  0  0  0  0  0  0  0  0  0  0  0  0  0  2  0  0  1  0  0  0  1  0  0  0  0  0  0  0  0  0  0  0  0  0  0  0  0  0  26  0  1  0  0  0  0  4  0  13  0  77885  2012  2740  2426  4995  226  5408  76  0  53  0  79  1301  1217  22  422  111  0  0  0  98  12  45  474826  357339  399171  2307  5508  1  50  0  0  0  6935  1  0  47  0  16636  0  11  82  346079  110795  263  71  1475  0  10  1661  2354  8897  4072  208753  76  47  12  3  28  25  59  11  178  9817  0  1873  23515  0  1653  0  832  0  
0  0  0  0  0  14  3  1  0  1  0  0  0  0  0  0  0  0  0  0  0  0  0  0  0  0  0  0  0  0  0  1  0  0  0  0  0  0  0  0  0  0  0  0  0  0  0  0  0  0  0  0  0  0  0  0  0  0  0  0  0  0  0  0  0  115  0  0  0  0  0  0  0  0  178  0  4  171373  1005  3566  6338  131  8340  100  0  245051  0  2672  176188  1710  8  329  127  0  0  0  96  56  6  3610  345  32  439954  6  2  349  0  0  0  616  0  2  3582  6265  2476  0  2  71  149164  586  2586  12  51894  0  5  411828  5974  111742  115  34498  99  48  6  0  12  99  32  70  838  6312  2195  0  16388  0  4871  0  486  0  
0  0  0  0  0  0  0  0  0  1  0  0  0  0  0  0  0  0  0  0  0  0  0  0  0  0  0  0  0  0  0  0  0  0  0  0  0  0  0  0  1  0  0  0  0  0  0  0  0  0  0  0  0  0  0  0  0  0  0  0  0  0  0  0  0  159  0  0  0  0  0  0  1  0  8  0  4  109  218  429  26387  198205  5637  21  0  12  0  17  132053  140021  19  427  30  0  1  0  170  5  4  1482  435  43  587468  6  0  16  0  0  2  349  0  0  6  0  2114  0  2  36  283207  12737  203  7  722  0  3  135  483  165562  93  17047  38  10  3  2  10  6  44  9  865  8490  26805  6909  0  0  3642  0  710  0  
0  0  0  0  2  1800  0  0  0  0  0  0  0  0  0  13  0  0  0  0  0  0  0  0  0  0  0  0  0  0  371  611  0  0  0  0  0  0  0  0  0  0  0  0  0  0  0  0  0  0  0  0  0  0  0  0  0  0  0  0  0  0  0  0  0  36  0  0  0  1347  0  0  1  0  56504  0  0  0  81737  157998  0  0  1  0  0  0  0  0  1  246192  0  0  0  0  0  0  0  63240  0  0  0  0  0  0  175275  35014  0  0  0  0  0  0  27  0  4  0  0  0  7  0  9  0  12  0  0  0  4  0  0  3  0  0  0  0  0  8  88678  7575  0  231  1  0  0  0  0  0  1  0  
0  0  18  0  0  0  0  17  51713  2  0  0  0  0  0  9  0  0  0  0  0  0  0  0  0  0  1  0  0  13556  0  0  0  0  0  0  0  0  0  0  1  0  0  0  0  3112  0  2  0  0  0  0  0  0  0  0  0  0  0  0  1  0  0  0  0  1173  0  0  0  0  57285  0  2  0  9  2  55  743  142  160  17885  1648  190524  4987  51  30  0  25  254  59  9  511  3197  222  10  2  226  11  131  15417  51570  13  671  290213  1  15  0  2  0  4996  48  31  12  0  15693  0  6  9989  1335  136127  165  56  2261  1  92  396  828  1713  0  353621  2252  612  106  52  518  12  36  2  79231  20705  10164  829  1064  0  0  1  3551  0  
0  0  0  0  0  0  0  0  0  0  0  0  0  0  0  0  0  0  0  0  0  0  0  0  0  0  0  0  0  0  0  0  0  0  0  0  0  0  0  0  0  0  0  0  0  0  0  0  0  0  0  0  0  0  0  0  0  0  0  0  0  0  0  0  0  0  0  0  0  0  0  0  0  0  0  1689  0  14  0  0  2  0  26  1  0  1  0  0  0  0  1  1  2378  0  1124  5  611  0  6  39  1  0  0  0  0  0  0  413  4003  16  499513  719881  0  0  90  0  49367  93  5  2  0  4754  36  78097  75  0  0  0  0  13  44  0  259485  238163  595  0  0  0  3  8  1  0  0  0  8  0  139354  241  
0  0  0  0  0  0  1  0  0  5  0  0  0  0  0  0  0  6  0  0  0  0  0  0  0  0  0  0  0  0  0  3  0  0  0  0  0  0  0  0  2  0  0  0  0  0  0  11  4  0  0  0  0  0  0  0  0  0  0  0  0  0  0  0  0  46  0  0  0  0  0  0  12  0  50  113  0  8983  248  320  1134  218  2778  126  0  423  0  240  872  110  500  532  252716  0  49744  158  32117  18  753606  83575  114  277  517  1  11  126  0  592304  55108  194133  8516  1072676  39  0  45022  3  68420  10154  9040  242  933  213134  26215  102544  29412  2087  3906  2988  22072  234606  47900  689  144196  136917  101460  49  22  20  1933  1870  387  19602  411  0  1256  135033  0  73157  
0  0  0  0  0  0  0  0  0  0  0  0  0  0  0  0  0  0  0  0  0  0  0  0  0  0  0  0  0  0  0  0  0  0  0  0  0  0  0  0  0  0  0  0  0  0  0  0  0  0  0  0  0  0  0  0  0  0  0  0  0  0  0  0  0  0  0  0  0  0  0  0  0  0  0  0  0  1  0  0  0  0  1  0  0  0  0  0  0  0  7  4  5  0  5  0  193  0  16  943  0  0  0  0  0  0  130003  153913  37520  138549  4  1065  0  0  62021  0  764  0  1  0  0  252252  10  257  0  0  0  1  0  3  2  0  0  90  58  0  0  0  0  0  0  1  1  0  2  251  94589  0  
