0  0  0  9  208328  50116  0  0  0  5  0  390  2  10261  69418  7707  12  833  4  0  0  0  7  148491  0  12  0  0  0  0  54542  5315  0  0  0  0  0  0  4663  4126  30  0  0  9  3  0  2530  8  36807  0  0  142179  118833  54  3  1  3  0  0  0  0  34253  224  31161  2  1294  26  288  14  82129  0  0  50  0  0  0  0  0  0  0  0  0  0  0  0  0  0  0  0  0  0  0  0  0  0  0  0  0  0  0  1  0  0  0  0  7  0  0  0  0  0  0  0  0  3  0  0  0  0  0  0  0  0  0  0  0  0  0  0  0  0  0  0  0  0  0  0  0  0  68  1  0  0  0  0  0  0  0  
0  0  0  14  0  0  1  4  1  0  0  0  0  0  1  0  0  4  122929  0  265954  48144  1  0  3  1  0  0  0  2  0  1  0  0  0  0  32635  16366  0  0  1  247866  0  582  164  0  0  10  3  1  332403  0  0  3  47  0  258989  56  242444  115392  32431  0  0  0  0  2  1  50  3  0  0  0  459  0  0  0  0  0  0  0  0  0  0  0  0  0  0  0  0  0  0  0  0  0  1  115  0  0  0  0  0  0  0  0  0  0  0  0  0  0  0  0  0  0  0  1  0  3  0  0  0  0  0  0  5  0  0  0  0  0  0  0  0  0  0  0  0  0  0  0  0  0  0  0  0  0  0  0  
0  0  0  8  0  84  15  52010  733  0  0  0  0  0  0  246390  3  19  2  0  0  0  0  0  0  18  67279  134295  79491  44392  0  2  0  0  0  0  0  0  0  0  8  0  0  0  180687  246759  0  15  544  0  0  1  0  109  1  4  1  3  0  0  0  0  1  0  0  21  45996  2  55359  0  36  0  2  0  0  0  1549  0  0  0  0  215  410  0  0  0  0  0  0  1175  0  0  0  0  0  0  0  0  0  0  0  0  0  1292  0  0  0  0  0  0  0  0  0  0  1  0  0  0  0  6370  0  0  0  0  0  0  0  0  0  0  0  0  0  0  0  0  0  0  0  0  0  0  0  0  172  0  0  0  
160  1  5  0  563  1000  788  1033  323  10  0  157355  82  233  283  56  1337  3537  1022  0  0  20  12  46  20  353648  1  185649  64599  7  0  129  49374  604  263  51  0  3  87  1994  147667  2  2  1068  210971  1  532  643  315180  0  328  3866  417  898  1936  72  3032  96  31  123  271  6  18  26  216  896  40122  44930  3411  8  119  0  1640  377  0  0  0  0  0  1  0  0  0  0  0  0  0  0  0  0  0  0  0  0  0  0  0  0  0  1  0  0  0  0  0  0  0  0  0  0  0  0  0  0  1  0  0  0  1  0  0  0  0  0  0  0  0  0  0  0  0  0  0  0  0  0  0  0  0  24  1  0  0  0  0  0  1  0  
189497  0  0  9  0  39095  6  0  4  6  0  141  0  650  31896  178368  3  181  1  0  0  0  1  3607  0  7  0  0  0  0  18152  652  0  0  0  0  0  0  188  4108  36  0  0  7  2  0  227  2  8758  0  0  12008  75060  50  2  0  2  0  0  0  0  3  30  2603  1  171  19  220  12  12713  0  0  9  0  0  0  0  0  0  41  0  0  0  0  0  0  0  0  0  9  0  0  0  0  0  0  0  0  0  0  0  0  0  0  0  2  0  0  0  0  0  0  0  0  0  0  0  0  0  0  0  0  1  0  0  0  0  0  0  0  0  0  0  0  0  0  0  0  0  19  0  0  0  3  0  0  0  0  
75685  0  4  334  61315  0  156661  3091  5466  30  0  415  0  2969  19406  407235  114  8636  123  0  0  1  27  46589  5  642  13  0  43  9  18041  106690  3  0  0  0  0  1  568  4968  748  1  3  150  1268  0  3437  523  40342  0  13  24605  9849  36405  372  89  72  25  1  2  3  21  11485  24465  803  246304  3003  2211  4756  251242  35  0  755  0  114  0  0  0  13  16007  273  70  86  1  0  0  0  2  6  3006  0  6  0  0  0  0  2  2  0  8  0  0  1  0  2350  1563  0  0  0  3  0  0  1  0  24  0  0  0  4  2  4  0  7  0  1  15  5  2  0  9  0  0  0  0  0  8  4  4  0  42843  2  0  1  1818  11  0  7  0  
14  0  1  1987  105  225228  0  238392  50569  2  0  52  0  2  185  468853  16  675  356  0  0  1  2  5  10  837  21  0  75  396  2  99  1  0  0  0  0  0  1  504  319  0  0  847  7931  7  182  119  8532  0  22  8353  215  42350  2211  170  211  28  4  4  8  0  10  6  18366  185554  3054  10129  20432  14  470  0  174  0  1  0  0  0  0  1146  2670  2400  257  1  0  0  0  0  0  342  0  0  0  0  0  0  0  1  0  1  0  0  0  0  0  1  0  0  0  1  0  0  0  0  0  0  0  0  0  4  0  0  0  0  0  1  1  0  0  0  0  0  0  0  0  0  0  1  0  1717  0  0  0  0  6  0  0  0  
9  0  24027  3710  96  7612  214939  0  210600  7  0  126  0  2  71  277929  15  181  304  0  0  1  8  0  3  900  8  19  34203  114  1  27  0  0  0  0  0  0  1  1421  244  0  1  392  47760  123224  91  109  1784  0  7  3483  118  126089  1204  213  413  9  3  0  5  0  8  1  3312  130900  8513  1313  112188  1  1749  0  101  0  0  0  101  0  0  19  92  25646  1868  0  0  0  0  0  0  17763  0  0  0  0  0  0  0  0  0  0  0  0  5  9  0  0  0  0  0  0  0  0  0  0  0  0  0  0  0  443  0  0  0  0  0  0  0  0  0  2  0  0  0  0  0  0  0  0  0  2628  0  0  0  0  57  0  0  0  
0  0  73  22  2  1743  6386  90357  0  9534  0  1  0  0  4  222  39  767  1358  26  0  18  0  1  23  1537  49  120  152  25068  0  140  0  0  0  0  0  0  0  6  2607  1  1  1445  2070  92055  12  884  1658  0  10  57  2  2699  5455  4873  738  63  6  1  14  0  3  1  22616  184221  10916  167  454  5  171950  0  194  0  0  0  19  0  0  0  0  1804  32878  136  3  0  0  0  0  310  0  2  0  0  0  2  2  0  0  10  0  0  0  3309  0  0  0  0  0  2  0  0  0  0  171  0  0  0  0  1061  0  1  1  0  1  0  0  0  0  2  0  0  0  0  0  0  0  0  0  44553  0  0  0  0  58198  0  2  0  
64  0  0  153  517  484  175  164  11901  0  16  180  0  33  304  37  143  29234  272  5  1  3277  25283  6  25  1803  26  1  51  66316  2  3244  0  0  2  0  0  4  1  1689  27358  4  54  195513  765  3  393  9612  20640  8  651  886  578  292  6613  446  413  57  87  12  90  0  53  18  8238  321091  931  2426  132  45  82  0  12397  636  9  0  0  146  44  44  69  10  2292  315  6  37  0  22  15  3  6  170  51  0  8  182  37  3  2  344  17  2  14  52  6  70  0  0  0  85  0  0  16  0  4018  1  1  10  592  37  65  49  691  0  13  213  42  43  0  784  31  4  4  0  21  1  34  2  21  101900  199  288  18  0  200  0  229  0  
0  1  0  0  0  0  0  0  4  18  0  0  0  0  0  0  0  0  531  621029  0  41945  0  0  119  3  205  0  0  36554  0  0  0  0  0  0  0  0  0  0  6  49498  0  619298  3  0  0  2  1  0  0  0  0  0  29  45  2725  246028  0  0  37  0  0  0  291036  14  1  15  0  0  4  0  85  0  0  0  0  0  0  0  0  0  0  1  90693  0  0  0  0  0  0  0  0  588  0  3033  0  0  0  1  2  0  0  575  0  0  0  0  0  0  0  0  0  0  1  296  0  1119  0  0  0  0  0  0  0  0  0  0  0  1  0  0  0  0  0  0  0  0  99  1  0  0  0  0  2  0  0  0  
737  0  0  328627  4040  2085  2  3  1  2  0  0  2100  53219  2527  87  360  13381  2  0  0  0  0  92  0  21  0  0  56194  0  0  44  2142  346  214  0  0  0  256  190547  13  0  0  4  24766  0  4668  117  156543  0  0  223671  5407  254  4  0  5  0  0  0  0  3  2  247  0  38  29  204339  45  9  1  0  3  0  0  0  0  0  0  0  0  0  0  0  0  0  0  0  0  0  0  0  0  0  0  0  0  0  0  0  0  0  0  0  0  0  0  0  0  0  0  0  0  0  0  0  0  0  0  0  0  0  0  0  0  0  0  0  0  0  0  0  0  0  0  0  0  0  0  1  0  0  0  0  0  0  0  0  
6  0  0  51  0  43  0  0  0  0  0  1015  0  23549  0  1  6  1381  0  0  0  0  1  100405  0  0  0  0  1  0  0  24  3  11  58  0  0  0  91536  67  0  0  25  0  0  0  108791  3  590  0  0  4  1  0  0  0  0  0  0  0  0  20578  10  11590  0  1  0  0  0  7  0  0  0  0  0  0  0  0  0  0  0  0  0  0  0  0  0  0  0  0  0  0  0  0  0  0  0  0  0  0  0  0  0  0  0  0  0  0  0  0  0  0  0  0  0  0  0  0  0  0  0  0  0  0  0  0  0  0  0  0  0  0  0  0  0  0  0  0  0  0  0  0  0  0  0  0  0  0  
7753  0  0  5  4339  6969  0  0  1  1  0  62487  33845  0  6125  124  1  195  1  0  0  0  0  1888  0  1  0  0  45  0  2  200  0  0  0  0  0  0  124048  162721  7  0  0  2  3  0  5902  0  71056  0  0  197340  5729  19  1  0  0  0  0  0  0  36523  13  9122  0  53  2  69  0  53  0  0  3  0  0  0  0  0  0  0  0  0  0  0  0  0  0  0  0  0  0  0  0  0  0  0  0  0  0  0  0  0  0  0  0  0  0  0  0  0  0  0  0  0  0  0  0  0  0  0  0  0  0  0  0  0  0  0  0  0  0  0  0  0  0  0  0  0  0  4  0  0  0  0  0  0  0  0  
93930  0  0  21  32601  14221  27  1  13  2  0  7380  0  1157  0  203528  3  238  7  0  0  0  1  28  1  309  0  0  60033  0  2  252  1  0  0  0  0  0  11  950  52  0  0  7  1266  0  72  11  4685  0  2  820803  442013  570745  38  5  5  1  0  0  0  92476  14  39  4  405  191  159200  38902  14  13  0  25  0  0  0  0  0  0  0  0  0  0  0  0  0  0  0  0  0  0  0  0  0  0  0  0  0  0  0  0  0  0  0  0  2  0  0  0  0  0  0  0  0  0  0  0  0  0  0  0  0  0  0  0  0  0  0  0  0  0  0  0  0  0  0  0  0  0  16  0  0  0  0  0  0  0  0  
17453  0  289924  40  247506  379704  384285  295456  662  4  0  11  0  21  199832  0  12  586  23  0  0  0  3  1304  1  156  2  6  33010  0  26524  3068  0  0  0  0  0  0  23  206  92  0  0  18  16927  13765  101  54  3249  0  3  3571  80667  620062  63  19  14  2  0  0  2  0  21  907  97  10436  778  675  116424  86087  21  0  171  0  0  0  905  0  1  4414  2306  10823  205  0  0  0  0  0  0  20276  0  0  0  0  0  0  0  0  0  1  0  0  14  38  3  356  0  0  0  0  0  0  0  0  4  0  0  0  1  475  1  0  0  0  0  0  0  0  0  1  0  0  0  0  0  0  0  0  0  375  0  0  0  6  12  0  0  0  
0  0  44  3714  6  38  20  43  71  162  0  320  8  0  3  35  0  264124  3166  1  1  2  21862  2586  4  902  7  1  120  4  0  23792  2959  39  48990  7  0  14  0  23  30182  0  17863  373  3343  2  17005  277907  160828  58  55  12  6  27  551  66  257  1050  8  1  35  0  177  60  337  176  1700  47  2400  29  5  0  10063  48  0  0  0  2  1  1  0  0  22  3  0  0  0  0  0  0  0  4  0  0  2  0  3  1  0  18  1  0  0  0  8  36  0  0  0  6  0  0  0  0  71  0  1  2  1  3  0  8  3  0  1  2  0  1  0  13  0  0  0  2  1  0  1  0  0  103  8  3  1  0  3  0  12  0  
674  0  2  6005  238  2078  3  6  61  430  0  14904  2173  212  18  11  148659  0  229  0  2  3  16810  31976  3  885  2  0  23  8  749  117710  1515  64  9062  4  0  2  405  66  5954  1  9813  910  141  0  245670  67290  269005  61  71  242  5  115  923  27  187  36  19  1  31  0  2320  821  261  610  102  95  149  1877  1  1  15890  78  0  0  0  3  1  2  0  2  46  4  0  2  0  0  0  1  0  5  2  0  3  2  6  0  0  63  4  0  0  0  3  43  0  0  0  15  0  0  0  0  186  0  1  0  7  6  1  20  6  0  2  0  0  3  0  21  1  0  0  1  6  0  2  0  0  186  19  3  1  0  10  0  10  0  
1  109663  0  105  1  9  6  10  42  4  71  0  0  0  7  1  5  93  0  37851  54  8040  22  0  191170  57  2  0  5  0  0  7  0  0  1  1  5  5658  0  1  297  125968  1  9785  1593  0  2  272  306  0  20646  23  1  123  338  1052  1005838  493667  228970  850  20549  0  0  0  13177  26  25  10446  20  0  2  0  345503  2  0  0  0  0  0  0  0  0  0  0  0  0  0  0  0  0  0  0  0  0  0  0  0  0  0  0  0  0  0  0  0  0  0  0  0  0  0  0  0  0  0  0  0  0  0  0  0  0  0  0  0  0  0  0  0  0  0  0  0  0  0  0  0  0  0  0  0  0  0  0  0  0  0  0  
0  28  0  1  0  2  0  0  846  1  665961  0  0  0  0  0  1  20  26303  0  0  184  0  0  3648  15  74253  0  8  6633  0  2  0  0  0  0  0  0  0  0  21  84057  0  167277  42  0  0  14  26  0  6  1  0  2  56  51302  4008  375074  6  0  11  0  0  0  231198  10  8  41  5  0  3033  0  245  0  0  0  0  0  0  0  0  0  0  0  14352  0  0  0  0  0  0  0  0  116  0  2  0  0  0  0  1  0  0  428  0  0  0  0  0  0  0  0  0  0  0  15  0  24  0  0  0  0  0  0  0  0  0  0  0  0  0  0  0  0  0  0  0  0  4  0  0  0  0  0  0  0  0  0  
0  196418  0  3  0  1  0  1  1  1  0  0  0  0  0  0  0  0  44  0  0  28317  76066  0  7  4  0  0  0  0  0  4  0  0  0  0  106053  1429  0  0  25  5  63  103  11  0  0  2  3  247239  78169  0  0  1  38  0  18  0  11878  255505  408350  0  0  0  1  1  1  22  0  0  0  23  326  0  0  0  0  0  0  0  0  0  0  2  0  0  0  0  0  0  0  0  1  0  12  4  0  0  0  0  0  0  0  0  0  1  0  0  0  0  0  0  0  0  4  2  0  0  0  0  0  0  0  0  74  0  0  0  0  0  0  0  0  0  27  0  0  0  0  1  0  0  0  0  0  0  0  0  
5  99573  0  35  27  19  4  17  24  35036  28219  3  0  0  16  3  1  91  2193  129  26755  0  88311  0  15  226  0  0  0  2181  0  13  0  0  0  0  0  115  0  67  2880  276516  1  782255  339  0  23  57  205  5  79688  33  27  23  1309  4  73050  30505  687  30  913631  0  0  0  3631  234  5  329  8  1  1  0  612  2  0  6  0  1  0  0  0  0  12  93  18652  0  0  0  0  0  0  1  1  0  97  18895  14  0  0  21  0  0  0  33  2  1  0  0  0  5  0  0  0  0  60  66  0  5781  1  0  0  5  0  0  168  0  0  0  0  0  1  0  0  0  32  0  0  0  1  76  5  1  0  0  4  0  1  0  
6  0  0  109  39  141  112  195  507  26392  0  4  0  2  22  7  23769  28044  209  1  70234  93757  0  752  964  4883  1  0  7  81  2  54459  2  0  85411  0  1642  15503  0  86  25498  0  286937  100436  294  0  168  22488  1030  191432  238  67  42  166  9043  70  260  42  7079  14563  243546  0  80  11  2886  201  27  1259  37  36  15  380  64045  6  0  0  0  0  1  0  0  0  6  2  0  0  0  1  0  0  0  2  0  0  14  3  3  0  0  17  0  0  0  0  3  17  0  0  0  5  0  0  0  0  31  2  0  0  3  0  0  4  2  0  161  0  1  0  0  7  0  0  0  0  64  0  3  0  0  21  6  1  0  0  0  0  0  0  
146683  0  0  23  4170  22614  0  0  0  3  0  241  109170  12071  191  852  553  23480  1  0  0  0  90  0  0  6  0  0  1  0  135120  35705  74  389  3879  0  0  0  32591  874  28  0  5340  24  4  0  186965  3264  5813  0  0  5985  1272  10  2  0  1  0  0  0  0  151583  273526  583585  6  404  4  46  9  111685  0  0  95  0  0  0  0  0  0  0  0  0  0  0  0  0  0  0  0  0  0  0  0  0  0  0  0  42  0  0  0  0  0  0  125  5  0  0  0  0  0  0  0  0  0  0  0  0  0  0  0  0  0  0  1  0  0  0  0  2  0  0  0  0  0  0  15  0  0  27  0  0  0  0  0  0  1  0  
1  0  0  38  0  13  20  8  861  22  8  0  0  0  18  1  6  239  128816  6959  4  6  248  0  0  114363  6181  0  87  19  0  29  0  0  0  4  0  21  0  0  417  0  2  1001  1454  0  3  172  344  13  297  7  1  248  219265  431571  28794  25273  1535  19  429  0  1  0  5373  283  119  10642  46  3  80  0  642567  1  0  0  0  0  0  0  0  0  1  1  0  0  0  0  0  0  0  0  0  0  0  0  0  0  0  2  0  0  0  0  0  1  0  0  0  0  0  0  0  0  3  0  0  0  0  0  0  0  0  0  0  0  0  0  0  0  0  0  0  0  0  0  0  0  0  2  0  0  0  0  0  0  0  0  
8  0  8  258755  30  337  242  345  1857  364  0  5  0  8  73  22  226  1652  422  12  0  39  312  1  93389  0  173  33620  111  898  0  212  1717  82279  3  162213  0  12113  0  51  370555  3  7  6008  38114  5  77  1533  10632  1  194  638  30  755  219815  119339  476  129  28  28  300  0  8  0  4060  8795  460017  9088  3608  11  666  1  50902  1705  0  0  0  0  1  0  0  1  13  1  0  0  0  0  0  0  0  0  0  0  0  0  0  0  0  10  1  0  0  0  0  4  0  0  0  2  0  0  0  0  30  0  0  0  4  0  1  1  3  0  0  0  0  1  0  7  0  0  0  0  0  0  0  0  0  119  7  0  0  0  2  0  2  0  
0  0  68921  1  0  1  0  3  504  0  163  0  0  0  0  0  0  7  13  114422  0  0  0  0  3155  283  0  29  68  753091  0  1  0  0  0  0  0  0  0  0  10  0  0  61  478  4976  0  2  5  0  0  0  0  6  983  798368  3  53  0  0  0  0  0  0  192037  39  230911  1  48  0  100452  0  1  0  0  0  0  0  0  0  0  0  0  0  42  0  0  0  0  0  0  0  0  51  0  0  0  0  0  0  29  0  0  1585  0  0  0  0  0  0  0  0  0  0  0  0  0  0  0  6  0  0  0  0  0  0  0  0  0  0  0  0  0  0  0  0  0  0  1  0  0  0  0  0  11  0  0  0  
0  0  103892  160527  0  1  0  1  449  0  0  0  0  0  0  13  0  7  1  0  0  0  0  0  0  50898  59  0  73455  0  0  0  0  0  0  0  0  0  0  0  25  0  0  6  491163  89980  0  4  33  0  0  2  0  1  1  407  0  0  0  0  0  0  0  0  11  13  398779  3  40  0  53  0  2  0  0  0  0  0  0  0  0  0  0  0  0  0  0  0  0  0  0  0  0  0  0  0  0  0  0  0  0  0  0  0  0  0  0  0  0  0  0  0  0  0  0  0  0  0  0  0  0  0  0  0  0  0  0  0  0  0  0  0  0  0  0  0  0  0  0  0  0  0  0  0  0  0  0  0  
3  0  96366  68658  24  147  27  73230  2411  5  0  37666  4  56  58655  27713  348  1797  302  0  0  0  1  0  1  755  3  33003  0  1  1  203  3  0  0  0  0  0  0  40  693  0  0  64  639273  13879  218  4427  3504  0  1  8294  27  3388  139  50  46  41  0  1  0  0  12  3  255  4893  15953  351350  413660  10  607  0  174  0  0  0  0  0  0  0  0  0  5  0  0  0  0  0  0  0  0  0  0  0  0  0  0  0  0  6  0  0  0  0  0  3  0  0  0  1  0  0  0  0  14  0  0  0  0  1  0  0  1  0  0  1  0  0  0  2  0  0  0  0  0  0  0  0  0  16  1  0  0  0  0  0  2  0  
0  0  51574  10  0  14  23  11  26274  57266  22869  0  0  0  0  0  15  2129  172  5434  0  2115  4  0  6  479  583857  4  61  0  0  299  0  0  0  0  0  0  0  2  722  0  4  21291  621  223974  5  418  1321  0  7  14  1  7  532  35817  335  47  1  0  8  0  4  0  360850  31229  26061  45  54  3  300544  0  783  1  0  0  4  0  0  1  1  0  6821  516  22704  0  0  0  0  1  0  0  1  377  0  3045  3  0  0  9  312  0  0  68290  0  5  0  0  0  1  1  0  0  0  196  0  0  12  0  35  0  2  0  0  0  0  0  0  0  6  0  2  1  2  3  0  0  0  409  2736  4  0  0  0  20244  0  0  0  
57519  0  0  0  38366  31305  0  0  0  0  0  0  0  0  0  32021  0  169  0  0  0  0  0  113654  0  1  0  0  0  0  0  22957  0  0  0  0  0  0  3  0  1  0  0  2  0  0  232  1  13  0  0  1  0  0  0  0  0  0  0  0  0  0  211187  483  0  3  0  0  0  218468  0  0  4  0  3  0  0  0  0  149  0  0  0  0  0  0  0  0  0  144  0  0  0  0  0  0  0  914  0  0  0  0  0  0  15960  131  0  0  0  0  0  0  0  0  1  0  0  0  0  0  0  0  0  0  0  0  0  0  0  0  0  0  0  0  0  0  418  4  0  4  0  0  0  268  0  0  0  0  
422  0  2  3  96  99457  5  2  62  294  0  1  27  32  6  1388  33302  285439  59  0  10  8  56334  23741  0  565  1  0  14  16  30497  0  4  1  20200  1  1  8  270  15  2412  0  10656  1424  183  0  20059  23570  32179  17  19  76  14  12  302  25  30  11  11  0  14  9  167222  5624  240  62779  52  39  66  123808  6  1  16543  13  0  0  1  6  3  1538  3  1  74  2  0  1  0  2  1  704  0  13  2  0  2  1  12  2  0  108  3  0  1  1  245  45720  0  0  0  25  0  0  0  0  208  0  0  0  12  14  1  9  18  0  13  9  2  4  0  52  0  1  0  0  10  0  6  1  1  1066  36  13  1  508  14  0  14  0  
0  0  0  64465  0  3  0  0  3  7  0  187  0  0  0  0  1585  1956  1  0  0  0  1  33  0  428  1  0  0  0  0  27  0  118469  27824  9545  0  0  0  0  39205  0  1  11  3  0  207  204092  2327  0  0  3  0  0  43  5  1  1  0  0  0  0  3  0  15  16  3  3  0  0  0  0  16516  218944  0  0  0  0  0  0  0  0  0  0  0  0  0  0  0  0  0  0  0  0  0  0  0  0  0  1  0  0  0  0  0  0  0  0  0  0  0  0  0  0  1  0  0  0  0  0  0  0  0  0  0  0  0  0  0  0  0  0  0  0  0  0  0  0  0  0  1  0  0  0  0  0  0  0  
0  0  0  1830  0  0  0  0  0  0  0  346  27  4  0  0  44  133  0  0  0  0  1  687  1  62119  0  0  7  0  0  1  172238  0  360389  213779  26  253552  0  2  8617  0  86180  0  0  0  376  51682  31  1  0  0  0  0  84  0  0  0  6  1  3  0  0  9  0  0  0  0  0  0  0  1341  422826  67565  0  0  0  0  0  0  0  0  0  0  0  0  0  0  0  0  0  0  0  0  0  0  0  0  0  0  0  0  0  0  0  0  0  0  0  0  0  0  0  0  0  0  0  0  0  0  0  0  0  0  0  0  0  0  0  0  0  0  0  0  0  0  0  0  0  0  0  0  0  0  0  0  0  0  
0  0  0  519  0  6  1  0  8  23  0  215  8  1  0  0  35290  10088  17  0  1  2  77159  2216  1  148  0  0  0  2  0  19398  30981  379858  0  2  451  31361  0  0  379  0  251455  111  4  0  814  231078  100  1701  6  1  1  0  44  1  5  0  856  218  1023  0  5  62  30  21  1  3  0  0  0  57360  95884  34  0  0  0  0  0  0  0  0  4  0  0  0  0  0  0  0  0  0  0  0  0  0  0  0  0  5  0  0  0  0  0  0  0  0  0  2  0  0  0  0  10  0  0  0  0  0  0  0  0  0  0  0  0  0  0  0  0  0  0  0  0  0  0  0  0  5  0  1  0  0  1  0  3  0  
0  0  0  26  0  0  0  0  0  0  0  0  0  0  0  0  3  1  0  0  0  0  0  0  3  176022  0  0  0  0  0  0  13134  249481  2  0  0  3772  0  0  96858  0  0  0  0  0  0  16419  77  0  0  0  0  0  2361  0  0  0  0  0  0  0  0  0  0  0  0  0  0  0  0  0  34760  128102  0  0  0  0  0  0  0  0  0  0  0  0  0  0  0  0  0  0  0  0  0  0  0  0  0  0  0  0  0  0  0  0  0  0  0  0  0  0  0  0  0  0  0  0  0  0  0  0  0  0  0  0  0  0  0  0  0  0  0  0  0  0  0  0  0  0  0  0  0  0  0  0  0  0  
0  31233  0  0  0  0  0  0  0  0  0  0  0  0  0  0  11  0  8  0  66552  1  3103  0  1  0  0  0  0  0  0  3  0  46  969  0  0  358593  0  0  1  0  134145  51  0  0  0  311  0  403236  0  0  0  0  2  0  0  0  92214  424995  3379  0  0  0  0  0  0  0  0  0  0  643665  14316  0  0  0  0  0  0  0  0  0  0  0  0  0  0  0  0  0  0  0  0  0  0  0  0  0  0  0  0  0  0  0  0  0  0  0  0  0  0  0  0  0  0  0  0  0  0  0  0  0  0  0  0  0  0  0  0  0  0  0  0  0  0  0  0  0  0  0  0  0  0  0  0  0  0  0  
0  18135  0  6  0  0  0  3  1  0  0  0  0  0  0  0  2  5  13135  0  165  165  1800  0  13  680  0  0  0  1  0  2  1  255971  43835  103  328007  0  0  1  51  5  152746  6673  50  0  0  4210  3  24227  100  1  0  4  166  0  42  0  291754  59702  33125  0  0  0  4  2  2  32  2  0  0  683607  1078140  1  0  0  0  0  0  0  0  0  0  0  0  0  0  0  0  0  0  0  0  0  0  0  0  0  0  0  0  0  0  0  0  0  0  0  0  0  0  0  0  0  0  0  0  0  0  0  0  0  0  0  0  0  0  0  0  0  0  0  0  0  0  0  0  0  0  0  0  0  0  0  0  0  0  0  
12418  0  0  1  617  5100  0  0  0  0  0  110  87636  139673  78  142  1  319  1  0  0  0  2  14944  0  1  0  0  0  0  3  1859  0  1  0  0  0  0  0  6852  6  0  0  4  0  0  64631  1  60587  0  0  19794  263  8  1  1  0  0  0  0  0  9193  275  89610  2  216  0  48  1  322  0  0  33  0  0  0  0  0  0  0  0  0  1  0  0  0  0  0  0  0  0  0  0  0  0  0  0  0  0  0  0  0  0  0  0  2  0  0  0  0  0  0  0  0  0  0  0  0  0  0  0  0  0  0  0  0  0  0  0  0  0  0  0  0  0  0  0  0  0  16  0  0  0  0  0  0  0  0  
807  0  0  606  2950  1485  4  1  0  4  0  177960  1057  186438  1377  65  4  115  0  0  0  0  0  116  0  9  0  0  7  0  0  69  0  0  0  0  0  0  3657  0  90  0  0  6  63  0  1090  0  155886  0  1  19806  4271  131  2  0  6  1  0  0  1  112  7  578  0  58  19  25448  47  11  0  0  3  0  0  0  0  1  0  2  0  0  0  0  0  0  0  0  0  0  0  0  0  0  0  0  0  0  0  0  0  0  1  0  0  1  0  0  0  0  0  0  0  0  0  0  0  0  0  0  0  0  0  0  0  0  0  0  0  0  0  0  0  0  0  0  0  0  0  12  0  0  0  0  0  0  0  0  
242  0  2  98879  1701  1570  537  682  2231  15073  0  187  0  133  878  197  33811  49788  11538  25  4  64  2630  21  22  318989  108  4  122  95  9  3823  33469  8847  4  94754  0  1  30  2680  0  2  38  42547  5932  5  383  195250  153228  3  145  1642  1507  1212  108605  2319  1355  1761  30  16  389  4  117  39  4209  6069  34975  4756  535  102  271  0  72745  68375  0  0  0  6  2  3  8  5  136  12  0  0  0  5  0  0  0  20  8  0  11  2  25  2  0  253  5  0  3  2  29  80  0  0  0  65  2  1  1  0  629  0  2  8  19  16  1  109  32  0  12  5  0  4  0  80  2  0  3  2  18  0  2  0  1  461  64  8  5  0  25  0  39  0  
0  365042  0  20  0  3  0  0  0  0  60025  0  0  0  1  0  0  5  104303  99449  2  330513  0  0  0  0  0  0  0  0  0  1  0  0  0  0  0  0  0  1  1  0  0  131870  433  0  0  5  7  0  37247  0  0  7  8  0  567221  24674  855  1  7380  0  0  0  9  0  0  65  1  0  0  0  6  0  0  0  0  0  0  0  0  0  0  0  247  0  0  0  0  0  0  0  0  0  0  26  0  0  0  0  0  0  0  0  0  0  0  0  0  0  0  0  0  0  0  44  0  0  0  0  0  0  0  0  0  0  0  0  0  0  0  0  0  0  0  0  0  0  0  0  0  0  0  0  0  0  0  0  
0  0  0  0  0  10  1  0  14  28  0  0  0  0  0  0  1930  3714  54  0  41  6  280758  2422  6  336  0  0  0  8  0  1155  0  125084  308704  0  105032  164928  0  0  740  0  0  341  7  0  24  57851  68  103429  4  1  1  0  115  4  18  1  7349  277  4668  0  14  351  78  37  1  12  1  3  3  104546  71162  1  0  0  0  0  0  0  0  0  2  1  0  0  0  0  0  0  0  1  0  0  0  0  2  0  0  9  0  0  0  0  0  7  0  0  0  2  0  0  0  0  24  0  0  0  2  0  0  1  2  0  1  1  0  0  0  1  0  0  0  0  0  0  0  0  0  10  1  1  0  0  2  0  2  0  
39  4834  1  5225  254  1072  1113  2833  4651  152514  632003  70  0  24  167  242  89  13976  14793  80257  2  669063  90914  5  564  13768  14  1  99  15072  1  1811  2  0  4  0  0  583  2  834  65394  142633  39  0  18059  1  1569  2572  17713  161  21412  787  244  2152  24022  644  82980  265827  4303  435  131378  0  54  8  254728  10371  616  9096  2275  56  232  0  27491  75  0  1  0  3  0  1  1  1  19  13  4253  1  0  0  0  0  0  2  2  0  3  164  3  0  0  37  3  0  0  9  4  18  0  0  0  4  0  0  0  0  82  36  1  167  4  4  0  8  6  0  3  1  0  0  0  19  0  0  1  0  5  0  0  0  0  135  14  2  0  0  1  0  8  0  
63  2  157197  235914  322  5179  1511  45355  24968  156  0  3895  0  55  546  26497  2661  8167  1717  3  0  5  22  9  38  46914  38  526507  520423  65  5  949  10  0  0  0  0  4  5  458  3887  0  1  966  0  272926  1134  17876  56483  0  271  2589  413  4689  1195  1005  4424  152  59  98  224  0  87  11  1545  19076  348290  125872  172000  74  7142  0  1644  0  0  0  0  0  0  1  1  0  9  1  0  0  0  1  0  0  0  2  0  0  0  0  1  0  0  17  2  0  1  0  0  6  0  0  0  6  0  0  0  0  33  0  1  0  3  1  0  0  2  0  0  0  0  0  0  14  0  0  0  0  0  0  0  0  0  95  3  1  0  0  3  0  4  0  
0  0  186845  47  10  35  31  135771  101157  1  0  0  0  0  4  10651  4  48  23  0  0  0  0  0  0  22  8489  57911  1455  192320  0  5  0  0  0  0  0  0  0  7  70  0  0  9  168542  0  1  61  358  0  0  16  8  294  17  248  15  1  0  0  0  0  1  0  34  404  113217  6  382  0  83526  0  3  0  0  0  227  0  0  0  0  42  2840  0  0  0  0  0  0  332  0  0  0  0  0  0  0  0  0  0  0  0  0  555  0  0  0  0  0  0  0  0  0  0  1  0  0  0  0  3710  0  0  0  0  0  0  0  0  0  0  0  0  0  0  0  0  0  0  0  0  0  0  0  0  6641  0  0  0  
9130  0  0  53  1015  12509  2  1  14  15  0  1203  89949  3087  305  99  186  144883  12  0  1  1  161  145764  0  159  0  0  4  2  1166  37833  69  29  358  0  0  0  63387  359  354  0  154  270  48  0  0  2175  54626  0  1  3847  981  590  40  6  4  2  0  0  2  623  10975  124194  49  414  195  286  225  2202  1  0  678  0  0  0  0  1  0  0  2  1  3  0  0  1  0  0  0  0  0  0  0  0  0  0  0  0  0  6  0  0  0  0  1  9  0  0  0  0  0  0  0  0  5  0  0  0  1  0  0  0  1  0  3  0  0  0  0  2  0  0  0  0  0  0  1  0  0  24  1  0  0  0  0  0  1  0  
7  0  0  656  16  197  21  10  420  4207  0  172  7  3  17  23  230549  141598  678  15  6  12  18098  4023  92  1577  18  1  71  45  16  12640  170297  22683  257770  6725  167  16844  4  56  141043  0  102460  2566  2632  2  20820  0  52765  1224  159  122  15  41  5789  594  414  100  1766  90  688  1  165  44  1586  2732  5106  202  205  103  43  9861  496726  56526  2  0  1  11  3  7  3  3  208  18  0  4  0  4  0  0  1  22  9  0  12  2  29  1  1  233  13  0  3  2  25  151  0  0  0  47  0  0  2  0  1009  0  2  4  27  15  3  122  42  0  8  17  1  2  0  110  3  2  2  1  20  0  5  0  1  1002  45  27  5  0  23  0  35  0  
37987  1  1347  319528  28658  33322  1363  1371  1651  10382  0  126510  3312  74941  11989  2907  91115  210745  40670  6  1  9  174  2986  73  5526  31  2  1191  48  107  38274  1366  6  24  3  0  0  56380  174297  160141  1  42  7628  85808  1  56758  20468  0  0  229  67055  27803  26101  4277  1015  17616  4737  35  35  79  1062  2814  11511  2437  12204  9539  131850  21008  3315  123  0  3927  50  0  0  0  3  0  18  3  4  41  2  0  1  0  0  0  0  0  5  3  0  1  0  2  0  0  68  5  0  1  0  4  70  0  0  0  18  0  0  1  0  132  0  2  1  10  7  1  14  9  0  1  4  0  0  0  30  0  0  2  0  7  0  5  0  0  784  20  3  2  0  6  0  26  0  
0  6  0  1  0  1  0  0  1  3  0  0  0  0  0  0  55  24  1  0  246993  2  180937  0  13  16  0  0  0  0  0  26  0  0  1835  0  356391  93345  0  0  37  1  173419  459  8  0  0  3440  2  0  7  0  0  1  42  0  2  0  55077  211257  59179  0  0  0  6  1  0  3  0  0  0  53448  100815  0  0  0  0  0  0  0  0  0  0  1  0  0  0  0  0  0  0  0  0  0  0  0  0  0  0  0  0  0  0  0  0  0  0  0  0  0  0  0  0  0  0  0  0  0  0  0  0  0  0  0  0  0  0  0  0  0  0  0  0  0  0  0  0  0  0  1  0  0  0  0  0  0  0  0  
0  203749  0  110  0  5  1  9  16  1  0  0  0  0  1  0  1  14  2213  0  41330  96313  3  0  19  15  0  0  0  1  0  4  0  0  0  0  0  30  0  0  26  15069  1  19246  541  0  1  9  53  0  0  1  0  31  178  2  11499  23  42724  1869  172657  0  1  0  26  22  5  207  50  0  0  0  285  0  0  1  0  0  0  0  0  0  0  0  0  0  0  0  0  0  0  0  0  0  1  82  0  0  0  0  0  0  0  0  0  0  0  0  0  0  0  0  0  0  0  0  0  0  0  0  0  0  0  0  1  0  0  0  0  0  0  0  0  0  0  0  0  0  0  0  0  0  0  0  0  0  0  0  
86795  1  0  214  32463  41151  599  618  65  36  0  195280  10  231252  563998  2559  43  2522  385  0  0  1  3  1215  13  972  6  0  19769  1  2  1282  1  0  0  0  0  0  37017  60826  360  1  0  74  2114  0  3732  93  38459  0  62  0  172449  151389  679  77  920  63  5  12  18  39047  80  2112  96  3291  1900  189340  4148  172  4  0  175  0  0  0  0  0  0  2  0  0  1  0  0  0  0  0  0  0  0  0  0  0  0  0  0  0  0  0  1  0  0  0  0  3  0  0  0  0  0  0  0  0  1  0  0  0  0  0  0  0  0  0  0  0  0  0  0  0  0  0  0  0  1  0  0  0  0  114  0  0  0  0  0  0  3  0  
99206  0  0  3  81312  18668  22  2  2  7  0  125  0  298  454856  46422  23  657  9  0  0  0  3  43  0  40  0  0  2  0  6  1134  0  0  0  0  0  0  67  2823  42  0  0  2  13  0  183  27  8036  0  0  303355  0  49621  14  6  4  0  0  0  0  11  45  88  11  835  177  111  53  65  1  0  15  0  0  0  0  0  0  3  0  0  0  0  0  0  0  0  0  0  0  0  0  0  0  0  0  0  0  0  0  0  0  0  0  3  0  0  0  0  0  0  0  0  0  0  0  0  0  0  0  0  0  0  0  0  0  0  0  0  0  0  0  0  0  0  0  0  0  77  0  0  0  0  0  0  2  0  
592  0  10  3359  3452  66279  33276  82055  3555  9  0  66  0  18  517490  576661  20  1735  461  1  0  1  5  9  51  6916  29  2  2907  31  2  327  0  0  0  0  0  1  7  668  721  0  0  203  9806  12  597  269  33674  1  98  243407  58211  0  2284  256  691  78  7  13  44  0  33  14  886  12456  12613  121358  207381  45  181  0  857  0  0  0  0  0  2  5  0  1  1  0  0  0  0  0  1  0  0  0  0  0  0  0  0  0  0  2  1  0  0  0  0  8  0  0  0  1  0  0  0  0  2  0  0  0  0  0  1  0  0  0  0  0  1  0  0  0  0  0  0  0  0  0  1  0  0  97  1  0  0  0  0  0  0  0  
0  1  0  332  5  249  528  674  11515  114  1  3  0  2  19  23  53  2917  6119  25  1  144  612  0  155741  250424  992  0  114  346  0  262  23  174  2  7598  0  25  1  20  77381  3  7  33382  1493  1  59  1446  3426  5  140  70  12  473  0  26808  5730  1178  129  9  1241  0  4  1  21376  2656  3590  6920  155  9  1233  0  249280  73  0  0  0  0  0  0  0  0  3  0  0  0  0  0  0  0  0  1  0  0  1  0  1  0  0  8  0  0  0  0  1  2  0  0  0  2  0  0  0  0  15  0  0  0  2  1  0  1  0  0  0  0  0  0  0  2  0  0  0  0  1  0  1  0  0  37  3  0  0  0  1  0  1  0  
1  1  1  60  9  189  310  263  30860  25  3  0  0  1  13  10  52  1945  7759  80013  0  5  5  0  414169  185341  688706  169  3597  14832  2  281  4  0  0  0  0  1  0  16  5555  1  0  9280  24120  65  50  1760  3239  0  97  192  10  572  78095  0  9004  87404  74  4  104  0  13  1  167246  7409  191798  7548  2559  6  196740  0  33310  1  0  0  0  0  0  0  1  1  1  0  0  0  0  0  0  0  0  0  0  0  0  0  0  0  0  6  2  0  0  1  0  3  0  0  0  1  0  0  0  0  15  0  0  0  0  1  0  0  2  0  0  0  0  0  0  7  0  0  0  0  0  0  0  0  0  24  3  0  0  0  2  0  3  0  
2  315638  0  152  3  23  15  7  59  9  1301  0  0  0  15  1  4  169  1083544  1137  2  144177  4  0  41421  25  1  0  13  0  0  17  0  0  0  0  0  12  0  0  536  479051  0  65989  3971  0  1  166  758  0  39884  49  1  235  280  3607  0  91464  134260  25  25201  0  3  0  18796  58  72  27085  33  0  4  0  99989  0  0  0  0  0  0  0  0  0  0  0  0  0  0  0  0  0  0  0  0  0  0  0  0  0  0  0  0  0  0  0  0  0  0  0  0  0  0  0  0  0  0  0  0  0  0  0  0  0  0  0  0  0  0  0  0  1  0  0  0  0  0  0  0  0  0  3  0  0  0  0  0  0  0  0  
0  4013  0  219  4  18  12  2  196  15  207581  0  0  0  7  2  5  145  476891  360508  0  20646  8  0  36891  264  6  0  11  13  0  11  0  0  0  0  0  0  0  0  166  41911  1  196925  5140  0  1  145  647  0  8980  20  1  131  1111  83380  147190  0  1858  3  2450  0  1  0  149644  132  178  3218  19  0  13  0  2043  0  0  0  0  0  0  0  0  0  0  0  1  0  0  0  0  0  0  0  0  0  0  0  0  0  0  0  0  0  0  1  0  0  0  0  0  0  0  0  0  0  2  0  0  0  0  0  0  0  0  0  0  0  0  0  0  0  0  0  0  0  0  0  0  0  0  2  1  0  0  0  0  0  0  0  
0  230999  0  718  1  34  17  11  10  9  0  0  0  1  13  6  3  51  190196  4  4386  9470  1091  0  227  103  0  0  1  1  0  10  0  0  5  0  82414  341421  0  0  319  295  156  28932  6850  0  2  211  166  695  115606  4  0  228  630  5  105182  226  0  180871  83433  0  0  0  164  151  39  2644  54  0  2  208  155554  0  0  0  0  0  0  0  0  0  0  0  0  0  0  0  0  0  0  0  0  0  0  0  0  0  0  0  0  0  0  0  0  0  0  0  0  0  0  0  0  0  0  0  0  0  0  0  0  0  0  0  0  0  0  0  0  0  0  0  0  0  0  0  0  0  0  0  0  0  0  0  0  0  0  0  
0  94966  0  151  0  7  6  8  6  1  0  0  0  0  2  0  2  36  104  0  320972  271  2936  0  17  22  0  0  2  0  0  2  0  0  130  0  388495  95571  0  1  30  6  453  14491  954  0  0  156  39  206319  42886  2  0  34  653  0  97  4  180271  0  151286  0  0  0  10  30  2  308  28  0  0  123787  33848  0  0  0  0  0  0  0  0  0  0  0  0  0  0  0  0  0  0  0  0  0  0  0  0  0  0  0  0  0  0  0  0  1  0  0  0  0  0  0  0  0  0  0  0  0  0  0  0  0  0  0  0  0  0  0  0  0  0  0  0  0  0  0  0  0  0  0  0  0  0  0  0  0  0  0  
0  55614  0  672  1  54  41  77  193  81  3810  0  0  0  17  9  9  219  1672  174  392861  701660  235269  0  823  186  0  0  3  9  0  28  0  0  58  0  1381  69554  0  1  487  18360  1102  156294  4187  0  9  276  422  49218  201689  13  4  305  11291  25  17548  5285  72098  141822  0  0  0  0  303  221  28  5693  165  2  9  464  52837  2  0  1  0  0  0  0  0  0  0  1  50  0  0  0  0  0  0  0  0  0  7  50  2  0  0  2  0  0  0  0  0  0  0  0  0  0  0  0  0  0  3  0  1  10  0  0  0  0  0  0  71  0  0  0  0  3  0  0  0  0  22  0  0  0  0  1  0  0  0  0  0  0  0  0  
77127  0  0  0  4  85  0  0  0  0  0  1  31271  31909  85155  0  0  6  0  0  0  0  0  139885  0  0  0  0  0  0  0  25  0  0  0  0  0  0  18036  42  1  0  0  0  0  0  108  0  173  0  0  59685  38  0  0  0  0  0  0  0  0  0  4  48237  0  10  0  1  0  1  0  0  0  0  0  0  0  0  0  0  0  0  0  0  0  0  0  0  0  0  0  0  0  0  0  0  0  0  0  0  0  0  0  0  0  0  0  0  0  0  0  0  0  0  0  0  0  0  0  0  0  0  0  0  0  0  0  0  0  0  0  0  0  0  0  0  0  0  0  0  0  0  0  0  0  0  0  0  
9  0  0  0  4  23236  1  0  10  8  0  0  207  33  1  2  2  8572  2  0  4  0  163  257199  0  105  0  0  0  2  210574  246951  0  0  0  0  0  0  902  4  348  0  13  288  5  0  34290  123  217  0  0  7  2  2  23  2  2  0  0  0  3  5  0  73572  47  17  0  4  0  70733  0  0  688  0  0  0  0  0  0  0  0  0  2  0  0  0  0  1  0  0  0  0  0  0  1  0  0  4  0  4  0  0  0  0  41  6  0  0  0  0  0  0  0  0  13  0  0  0  0  1  0  0  0  0  1  0  0  0  0  3  0  0  0  0  2  0  4  0  0  14  1  0  0  0  1  0  0  0  
30086  0  0  6  2872  22452  0  0  2  5  0  202  36053  32284  132  868  25  2885  6  0  0  0  18  578884  0  20  0  0  1  1  320  21089  0  3  48  0  0  0  150506  762  68  0  208  41  7  0  154830  46  10763  0  0  2342  591  14  4  1  2  0  0  0  0  73272  32085  0  4  1288  7  39  13  9468  0  0  204  0  0  0  0  0  0  6  2  0  1  0  0  0  0  0  0  0  0  2  0  0  0  0  0  0  0  3  0  0  0  0  0  7  0  0  0  2  0  0  0  0  5  0  0  0  0  0  0  0  0  0  1  0  0  0  0  1  0  0  0  0  0  0  0  0  0  99  1  0  0  0  1  0  0  0  
6  164  0  960  10  413  2066  752  40863  4640  291854  12  0  2  28  18  111  5255  93986  471221  1  4168  72  3  4512  3673  251073  3  803  582758  4  970  5  0  0  0  0  3  0  70  5895  2092  4  264966  18081  8  294  2701  5764  0  4582  345  20  906  21165  84305  97379  166653  2060  59  3278  0  19  4  0  20781  3028  4947  407  21  108354  0  22844  0  0  0  0  0  0  1  1  0  5  8  6599  0  0  0  0  0  0  2  0  133  0  5  1  0  0  17  1  0  1  348  0  7  0  0  0  6  0  0  0  0  34  1  0  0  4  1  0  0  2  0  0  1  0  0  0  13  0  0  0  0  1  0  0  0  22  96  7  0  1  0  3  0  2  0  
593  0  7  560  220  325963  169133  143555  252884  260248  7  40  0  30  210  5864  300  30847  2275  11  0  25  112  309  14  6553  208  9  1297  42864  9  83256  26  0  2  0  0  3  59  343  13563  0  53  16099  9216  22  843  7204  26595  0  89  2447  281  3069  6650  2987  597  245  9  6  17  1  145  1429  40995  0  5304  2482  3575  192  351  0  14162  392  905  0  0  6  203  15967  1382  2566  3330  202  1  1  0  20  73  181  3  142  7  0  2  49  94  22  0  453  54  1  184  33  29  2820  0  0  0  71  1  0  35  0  1385  0  6  7  2465  172  51  35  78  0  6  104  140  78  0  694  1  0  5  2  12  79  32  35  10  319059  561  12  68  74  1726  0  377  0  
8  1  43473  42738  42  1789  2270  363  20480  25  0  0  0  5  101  1162  368  3564  1160  16  0  0  3  0  82  603942  245624  330407  5399  27544  0  453  10  0  0  0  0  0  0  8  33751  0  0  3781  214248  115598  26  4574  8074  0  40  181  56  2427  14119  230750  226  1007  2  3  13  0  11  3  6553  27649  0  5406  15394  14  81071  0  407  1  0  0  0  0  0  1  0  0  6  0  0  0  0  0  0  0  0  0  0  0  0  0  0  0  0  10  0  0  0  0  0  3  0  0  0  4  0  0  0  0  15  0  0  0  1  3  0  1  0  0  0  1  0  0  1  2  0  0  0  0  1  0  0  0  0  51  3  2  0  0  0  0  0  0  
515  0  0  91082  1582  5319  954  59  641  17  0  156239  1  552  168484  376  22  3391  1627  2  0  0  7  37  118  6316  16  0  295205  11  2  640  0  0  0  0  0  0  217  8944  762  0  0  172  252181  2  5568  65  102447  0  286  254573  1469  93701  4420  375  3844  264  31  34  116  18  64  68  241  2867  10428  0  83617  59  425  0  1134  0  0  0  0  0  0  3  0  0  0  0  0  0  0  0  0  0  0  1  0  0  0  0  0  0  0  0  0  0  0  0  0  4  0  0  0  0  0  0  0  0  1  0  0  0  0  0  0  0  2  0  0  0  0  0  0  0  0  0  0  0  1  1  0  0  0  163  0  0  0  0  0  0  4  0  
61  0  34305  6336  510  8117  8753  104350  9534  7  0  66  0  35  45417  115592  226  2197  1064  0  0  1  8  2  3  4300  20  33  337506  10  1  284  4  0  0  0  0  0  3  750  988  0  1  169  157302  446  191  2482  12604  0  14  8371  684  251111  318  360  1481  124  2  4  17  0  21  6  220  17112  33073  76008  0  18  6796  0  236  0  0  0  0  0  0  1  1  0  3  0  0  0  0  0  1  0  0  0  0  0  0  0  0  0  0  9  2  0  0  0  0  2  0  0  0  2  0  0  0  0  11  0  0  0  2  0  0  0  0  0  0  0  1  0  0  5  0  0  0  0  0  0  0  0  0  45  2  1  0  0  1  0  1  0  
56269  0  0  0  57974  294615  0  0  4  7  0  1  1  30  11  102535  5  1788  2  0  2  1  92  115116  0  43  0  0  0  0  244007  158561  0  0  0  0  0  0  89  9  162  0  1  98  3  0  1503  50  417  0  0  42  5  2  7  0  1  0  0  0  3  6  65965  20253  21  62  1  2  1  0  0  0  445  0  1  0  0  0  0  1573  0  0  2  0  0  0  0  0  0  776  0  1  0  0  0  0  0  19  0  0  0  0  0  0  3312  453  0  0  0  0  0  0  0  0  11  0  0  0  0  0  0  0  0  0  2  0  0  0  0  3  0  0  0  0  1  0  17  1  0  37  1  0  0  1321  0  0  1  0  
0  0  1  21  2  82  64  90  257999  13  2  0  0  0  1  5  34  745  1785  757  0  0  2  1  32  1642  39876  52  626  297423  0  99  2  0  0  0  0  0  0  2  2476  0  2  534  4060  87905  10  1451  910  0  14  28  2  303  1211  153104  1086  152  3  1  20  0  4  0  63317  5251  69709  156  713  5  0  0  244  0  0  0  0  0  0  0  0  2  3110  16  40  0  0  0  0  0  0  1  0  2  0  2  0  0  0  6  0  0  0  16530  0  0  0  0  0  1  0  0  0  0  16  0  0  0  0  26  0  1  0  0  0  1  0  0  0  1  0  0  0  0  0  0  0  0  0  38  1  1  0  0  116517  0  1  0  
0  0  0  0  0  0  0  1  0  0  0  0  0  0  0  0  2  2  0  0  5  2  648  0  0  0  0  0  0  0  0  2  0  239  36040  0  801165  659042  0  0  2  0  61499  65  1  0  0  2206  0  74030  0  0  0  0  8  0  0  0  21906  123022  5025  0  0  0  1  0  0  3  0  0  0  0  96143  0  0  0  0  0  0  0  0  0  0  0  0  0  0  0  0  0  0  0  0  0  0  0  0  0  0  0  0  0  0  0  0  0  0  0  0  0  0  0  0  0  0  0  0  0  0  0  0  0  0  0  0  0  0  0  0  0  0  0  0  0  0  0  0  0  0  0  0  0  0  0  0  0  0  0  
15  69  0  1181  14  308  272  189  1214  945  8  4  0  4  157  40  976  26203  264651  1001  109  558  42210  26  666708  33309  1  0  34  139  6  9771  24173  383171  122297  17344  3618  1215471  1  44  37312  25  129319  75647  14433  0  151  507336  4855  48420  10317  73  12  2620  361041  47913  84066  2132  125295  24201  97066  0  176  53  34118  1267  129  61553  212  87  52  76923  0  13319  0  0  0  1  0  2  1  0  61  4  0  0  0  1  1  0  0  8  2  0  7  1  9  0  0  80  6  0  1  0  14  61  0  0  0  22  0  0  0  0  267  0  2  3  15  3  1  53  19  0  7  11  0  1  0  33  0  0  0  0  9  0  1  0  1  194  26  9  0  0  15  0  12  0  
0  0  0  130  4  0  1  0  4  584  0  0  0  0  2  0  19  1544  9  0  0  0  14  0  0  361  0  0  0  4  0  40  231168  53762  25  118039  0  3  0  1  55742  0  3  290  48  0  3  91790  1018  0  2  17  1  1  564  2  13  0  0  0  1  0  1  3  22  192  1  23  1  1  0  0  26865  0  0  0  0  0  0  0  1  0  5  1  0  0  0  0  0  0  0  0  0  0  0  0  2  0  0  3  0  0  0  0  1  4  0  0  0  3  0  0  0  0  43  0  0  1  2  0  1  9  0  0  0  1  0  0  0  2  0  0  0  0  1  0  0  0  0  42  0  1  1  0  1  0  3  0  
0  0  0  0  0  25  0  0  0  0  0  0  0  0  0  0  0  0  0  0  0  0  0  0  0  0  0  0  0  0  189  0  0  0  0  0  0  0  0  0  0  0  0  0  0  0  0  0  0  0  0  0  0  0  0  0  0  0  0  0  0  0  0  0  0  21  0  0  0  75  0  0  0  0  0  0  0  19  136205  37327  97  10  121  2  0  66  2906  3982  33363  46577  0  74  0  0  0  0  14  293866  0  19  8  0  9  0  69165  6186  0  0  0  6  0  0  51453  0  147  0  0  1  156  12  4066  0  4982  0  0  21571  196098  90  1  519  1  0  0  0  0  196830  3372  11640  11  3713  21  37  9  58293  45  0  22  0  
0  0  0  0  0  0  0  0  0  0  0  0  0  0  0  0  0  0  0  0  0  1  0  0  0  0  0  0  0  0  0  0  0  0  0  0  0  0  0  0  0  0  0  0  0  0  0  0  0  0  0  0  0  0  0  0  0  0  0  0  0  0  0  0  0  0  0  0  0  0  0  0  0  0  0  0  0  4  0  0  0  0  2  0  0  0  0  0  0  0  0  0  437927  0  232975  3  4  0  0  4  0  0  0  0  0  0  0  0  0  1  1303  4249  0  0  2  160183  0  11  1  1  0  1  6  0  230894  0  0  0  0  1  8814  1  129459  119734  4830  0  0  0  0  0  0  1  0  0  0  465  200  0  
0  0  1122  0  0  0  0  612  19  0  0  0  0  0  0  560  0  0  0  0  0  0  0  0  0  0  1  0  0  3  0  0  0  0  0  0  0  0  0  0  0  0  0  0  0  248  0  0  0  0  0  0  0  0  0  0  0  0  0  0  0  0  0  0  0  0  0  0  0  0  0  0  0  0  0  0  0  0  0  0  276  12114  90  0  0  0  0  0  0  315113  0  0  0  0  0  0  0  0  0  5  69012  86903  181975  40528  0  0  0  0  0  2  0  0  0  0  9  0  0  0  272961  281750  0  0  0  0  0  0  0  8  0  8  0  0  0  0  0  0  0  0  0  3  84683  0  255  0  47  0  0  0  
0  0  0  0  0  0  0  0  0  0  0  0  0  0  0  0  0  0  0  0  0  0  0  0  0  0  0  0  0  0  0  0  0  0  0  0  0  0  0  0  0  0  0  0  0  0  0  0  0  0  0  0  0  0  0  0  0  0  0  0  0  0  0  0  0  8  0  0  0  0  0  0  0  0  17  0  1  0  38  159  441  81  2227  68  0  261443  0  56  71  28  380  1139  66  0  0  0  32  11  4  344962  210  81248  86984  1  0  18  14216  435  125  3261  0  1  56  49  78440  0  0  19  73732  344  356  615  360489  0  3  381  75  197  494  9347  35  9  1  0  5  9  7  9  192  1609  1574  87250  864  0  1924  0  185  9  
0  0  0  0  1  10  2  0  0  0  0  0  0  0  0  2  0  0  0  0  0  0  0  0  0  0  0  0  0  0  0  0  0  0  0  0  0  0  0  0  0  0  0  0  0  0  0  0  0  0  0  0  0  0  0  0  0  0  0  0  0  0  0  0  0  124  0  0  0  0  0  0  0  0  96037  0  0  27  0  202995  996  177  1557  5  0  319  0  2003  65671  342373  0  103  23  0  1  0  28  90  2  254  384  0  24  0  14  4575  0  0  0  100  0  1  2389  0  557  0  0  30  179  170  5030  4  7367  0  0  9014  409553  1920  3  9246  14  12  1  0  2  9143  186  1234  107  4652  1590  73  165  25605  683  0  85  0  
0  0  0  0  18  8499  228  24  1  2  0  0  0  0  1  1928  1  5  0  0  0  0  3  2  0  0  0  0  0  0  53  884  0  0  0  0  0  0  0  0  0  0  0  1  0  0  5  1  12  0  0  2  0  0  0  0  1  0  0  0  0  0  0  1  0  13260  1  0  0  582  0  0  1  0  30232  0  0  29  393026  0  242025  8548  2305  4  0  2089  7  2329  79311  546937  3  507  16  0  4  0  161  119725  3  187  117  1  39  0  4466  159095  0  0  0  50  0  0  862  1  661  0  1  11  586  2003  2916  22  4215  0  4  12961  47380  71108  4  3320  4  0  6  0  5  527  58487  40936  38  433876  351  140  944  156633  522  0  651  0  
0  0  0  0  0  338  4089  128  2  0  0  0  0  0  0  2718  0  0  0  0  0  0  0  0  0  1  0  0  0  1  0  4  0  0  0  0  0  0  0  0  1  0  0  0  0  0  0  0  1  0  0  0  0  0  0  0  0  0  0  0  0  0  0  0  0  434  0  0  0  0  0  0  0  0  32  0  4  145  430  301972  0  260343  28783  11  0  269  0  139  9612  344202  7  249  10  0  2  0  106  6  1  928  128  9  479  3  1  212  0  0  0  74  1  0  5  0  690  0  0  8  1046  6158  407  5  1026  0  7  8398  2195  263673  2  12980  11  1  5  1  11  15  21  20  138  179175  346  1137  7332  0  19603  0  434  0  
0  0  3  0  0  57  1929  28004  5908  2  0  0  0  0  1  9852  0  4  1  0  0  0  0  0  0  0  0  0  0  25  0  0  0  0  0  0  0  0  0  0  10  0  0  2  1  65  0  3  3  0  0  0  0  0  1  0  0  0  0  0  0  0  0  0  0  2722  0  0  0  0  6  0  5  0  1  0  1372  31  20  3287  224687  0  97727  10  0  0  0  2  37  353121  14  1559  40  0  1  0  715  29  4  300  76  5  116987  30  0  21  0  0  0  36  0  0  2  0  2519  0  5  2  48254  152156  82  46  411  0  18  23  56  20591  1  3530  22  2  26  0  29  0  167  4  267  180107  241  41  295337  0  3562  0  1486  0  
0  0  37  0  0  1  19  380  52071  114  0  0  0  0  0  58  0  9  0  0  0  1  0  0  0  0  0  0  0  16754  0  2  0  0  0  0  0  0  0  0  3  0  0  14  0  1869  0  5  3  0  0  0  0  0  4  0  0  0  0  0  0  0  0  0  9  1645  0  0  0  0  7591  0  3  0  4  0  153  463  25  64  42877  69878  0  52372  0  20  0  19  122  564  5  255  438  0  1  4  148  5  32  6652  824  2  80  17860  0  8  0  1  0  2088  28  21  11  0  10861  0  2  12085  580  99858  54  67  1338  0  9  87  131  659  0  2220  340  35  20  33  337  1  11  0  5341  222854  3193  325  356  0  164651  1  563  0  
0  0  0  0  0  3  0  0  957  130  1  0  0  0  0  0  0  8  0  0  0  33  0  0  0  0  0  0  0  4371  0  2  0  0  0  0  0  0  0  0  5  0  0  15  0  0  0  10  3  0  0  0  0  0  2  0  0  0  0  0  2  0  0  0  10  155  0  0  0  0  147  0  5  0  4  0  3  592  8  25  79  19  79036  0  0  21  0  32  13  4  8  136  318  0  10  3877  16023  1  28  13058  194  2  36  34851  1  14  0  0  0  1960  175  27  6  0  12994  1  15  78822  319  407  100  494  1614  1  72  40  58  111  1  1125  68  2  47  359  3563  0  2  1  1220  69061  1034  148  80  0  20155  1  414  0  
0  0  0  0  0  0  0  0  0  2  56084  0  0  0  0  0  0  0  0  10349  0  11846  0  0  0  0  11  0  0  23224  0  0  0  0  0  0  0  0  0  0  0  83  0  3219  0  0  0  0  0  0  0  0  0  0  0  0  0  2  0  0  54  0  0  0  2097  3  0  0  0  0  2  0  0  0  0  0  0  0  0  0  0  0  0  38  0  0  0  0  0  0  0  0  547  376460  0  67737  0  0  0  0  14  0  0  25206  0  0  0  0  0  0  0  0  0  0  1  108808  0  455640  0  0  0  1  0  0  2  0  0  0  0  2  172  110565  0  0  5  0  0  0  202631  2  0  0  0  0  3  0  0  0  
0  0  0  0  0  2  0  0  0  0  0  0  0  0  0  0  0  0  0  0  0  0  0  0  0  0  0  0  0  0  0  0  0  0  0  0  0  0  0  0  0  0  0  0  0  0  0  0  0  0  0  0  0  0  0  0  0  0  0  0  0  0  0  0  0  21  0  0  0  0  0  0  0  0  29  0  0  334329  515  1242  321  5  175  8  0  0  456  116761  1089  4  1444  20374  5  1  0  0  10  1188  0  1679  13  16  3224  0  2  84  7904  717  3199  13  0  0  5664  107498  74  0  2  1  378  12  1450  537  254818  0  0  76395  437  58  0  596  1  1  0  0  3  3  4  8  15  2042  28  205291  13  0  63  0  25  2  
0  0  0  0  0  0  0  0  0  0  0  0  0  0  0  0  0  0  0  0  0  0  0  0  0  0  0  0  0  0  0  0  0  0  0  0  0  0  0  0  0  0  0  0  0  0  0  0  0  0  0  0  0  0  0  0  0  0  0  0  0  0  0  0  0  0  0  0  0  0  0  0  0  0  2402  0  0  0  6  137  3  0  1  0  0  431  0  43905  2583  0  1  58  0  0  0  0  3  119494  0  1  1  0  0  0  11  48  0  6  16  0  0  0  116181  6  20  0  0  0  15  1  110735  0  74  0  0  42  5  0  0  11  0  0  0  0  0  97825  3154  47864  0  10  1  1  0  0  1  0  0  0  
0  0  0  0  0  0  0  0  0  0  0  0  0  0  0  0  0  0  0  0  0  0  0  0  0  0  0  0  0  0  0  0  0  0  0  0  0  0  0  0  0  0  0  0  0  0  0  0  0  0  0  0  0  0  0  0  0  0  0  0  0  0  0  0  0  15  0  0  0  0  0  0  0  0  6168  0  0  44  5250  4473  234  9  204  1  0  200133  42810  0  24895  17  0  271  3  0  0  0  3  2311  0  50  47  0  13  0  5  275  0  0  0  22  0  0  213461  68314  90  0  0  1  60  23  24331  0  133099  0  1  269507  3361  159  1  1056  1  1  0  0  0  38093  45  33  23  3315  109  1463  21  2  111  0  28  0  
0  0  0  0  0  1  1  1  0  0  0  0  0  0  0  0  0  0  0  0  0  0  0  0  0  0  0  0  0  0  0  0  0  0  0  0  0  0  0  0  0  0  0  0  0  0  0  0  0  0  0  0  0  0  0  0  0  0  0  0  0  0  0  0  0  68  0  0  0  0  0  0  0  0  38863  0  0  54  53537  67288  3229  77  615  2  0  1088  12842  53698  0  64365  1  146  12  0  0  0  21  59639  0  203  61  0  124640  0  0  183  0  0  0  67  0  0  9  0  257  0  0  9  4901  37  230  1  962  0  0  1001357  1309766  428156  13  5062  3  1  1  0  0  106677  14  20  70  3237  645  148277  158945  0  412  0  95  0  
0  0  249  0  31  3142  242  15245  44  0  0  0  0  0  0  18362  0  0  0  0  0  0  0  0  0  0  0  0  1  0  1034  399  0  0  0  0  0  0  0  0  0  0  0  0  0  197  0  0  2  0  0  0  0  0  0  0  0  0  0  0  0  0  0  1  0  28  0  0  0  1312  0  0  0  0  55234  0  225565  32  448473  632319  473013  366639  675  1  0  19  0  20  91165  0  3  34  7  0  0  0  9  10151  1  190  31  208  224340  173  43186  356  0  0  0  18  1  0  6  0  142  0  0  1  58155  41765  32  0  267  0  0  209  57240  632223  1  1862  3  0  0  1  0  6  1389  1425  70  1300  177  135  164966  226590  637  0  38  0  
0  0  0  0  0  0  0  0  1  7  0  0  0  0  0  0  0  5  0  0  0  0  0  0  0  0  0  0  0  2  0  2  0  0  0  0  0  0  0  0  1  0  0  2  1  0  0  17  4  0  0  0  0  0  0  0  0  0  0  0  0  0  0  0  0  15  0  0  0  0  0  0  7  0  2  0  0  494  2  3  24  12  501  126  0  2440  0  1  2  3  0  284315  9  0  2  0  110648  6343  0  1702  42  1  130  1  14  64  17555  25  97464  146  4  12  0  0  47497  0  24662  22  5474  84  4101  185251  44905  10  8  2  4  20  0  2100  7  1  6  8  44  4  188  38  59  778  252  9  128  0  505  9  501  4  
0  0  0  0  0  1  0  0  0  26  0  0  0  0  0  0  0  16  0  0  0  0  3  0  0  0  0  0  0  1  0  2  0  0  0  0  0  0  0  0  4  0  0  7  0  0  0  20  2  0  1  0  0  0  0  0  0  0  0  0  0  0  0  0  3  33  0  0  0  0  0  0  13  0  170  0  0  1533  328  1146  1082  26  1725  131  0  14754  11  547  856  13  208352  0  31  0  5  3  117721  121207  3  1153  122  2  108  1  161  703  2734  35  21740  220  1  4  8  299  10660  0  10377  18  5122  275  143609  6937  159249  11  16  603  466  182  1  8562  17  5  12  6  62  29  4665  1345  182  1790  450  8  332  0  1110  4  678  2  
0  0  0  0  0  0  0  0  0  0  0  0  0  0  0  0  0  0  0  0  0  0  0  0  0  0  0  0  0  0  0  0  0  0  0  0  0  0  0  0  0  0  0  0  0  0  0  0  0  0  0  0  0  0  0  0  0  0  0  0  0  0  0  0  0  12  0  0  0  0  0  0  1  0  8  436575  0  1304  72  93  530  97  340  10  803  131  0  77  211  46  5  170  0  58015  1935  19958  33  4  110390  2261  177  20  144  5  0  13  0  0  0  26  72  20441  18  0  810  221135  2  97086  2638  49  278  73  5751  0  125847  476  812  1002  1  93652  1054532  589382  119958  302  71261  7  10  5  7273  482  113  7396  159  0  302  13070  266254  0  
0  0  0  0  0  0  0  0  0  0  262  0  0  0  0  0  0  0  0  40  0  0  0  0  0  0  35  0  0  585  0  0  0  0  0  0  0  0  0  0  0  0  0  1  0  0  0  0  0  0  0  0  0  0  0  0  0  0  0  0  0  0  0  0  113  0  0  0  0  0  7  0  0  0  0  0  0  0  0  0  0  0  3  0  356780  0  0  0  0  0  0  0  69357  0  0  20  0  0  3683  0  107894  0  0  26710  0  0  0  0  0  0  0  0  0  0  1  144874  0  167613  0  0  0  0  1  0  33  0  0  0  0  125708  17159  315762  0  0  107  0  1  0  130921  0  0  0  0  0  114  0  1  0  
0  2  0  0  1  0  0  0  0  59  0  0  0  0  0  0  0  26  1  0  0  56  9  1  0  17  0  0  0  0  0  5  0  0  0  0  0  0  0  0  112  0  0  22  2  0  1  36  20  0  6  0  0  0  11  0  9  0  0  0  3  0  1  1  1  24  0  1  0  0  0  0  40  0  0  232984  0  55  0  0  1  0  132  27  0  2  0  0  1  0  7  35  2255  0  0  5128  132955  16  19  299  6  0  3  0  240  770  0  2  16  72  76407  822  1  0  624  11366  1289  12  17  13  3  194  127  290299  156422  2  1  7  0  140  54  2  87096  553359  614932  0  40  1  2  133  31  14  3  0  24  381  19407  3  
0  20  0  1  0  0  1  0  4  293  2416  0  0  0  1  0  0  4  0  0  0  14803  8  0  0  6  0  0  0  941  0  5  0  0  0  0  0  0  0  1  38  52  0  324  0  0  0  11  7  0  8  1  0  0  11  0  0  0  0  0  11  0  0  0  12  260  0  0  0  0  3  0  22  0  0  26  0  12  0  1  2  1  85  3335  36315  0  0  0  2  0  0  13  22748  137  6758  0  58250  5  2  232  5  0  0  9517  79  313  0  0  0  35  0  1  0  0  364  294715  16  655328  11  8  2  46  29  0  46292  3  8  6  0  74  33992  171  244  11  513608  0  22  0  705  132  22  22  0  0  21  0  260  0  
1  0  0  0  2  0  0  0  3  51  0  0  0  0  0  0  0  26  0  0  0  4  5  0  0  8  0  0  0  0  0  17  0  0  0  0  0  0  0  0  46  0  0  11  1  0  0  46  18  0  0  1  0  0  8  0  0  0  0  0  0  0  0  0  4  28  1  0  1  0  0  0  44  0  1  2  0  317  7  25  70  12  2492  12496  0  25  0  10  16  1  62782  129570  168  0  124415  34625  0  26549  82  7331  141  2  28  2  213  1269  0  12  169703  1401  4329  162  3  0  10159  2  370655  63326  166  459  495  11324  915  184904  307  29  40  102  0  2331  169  9  188  4621  428477  4  1836  45  343  1433  671  44  54  0  1377  18  22672  39  
0  0  0  0  0  1  0  0  0  6  0  0  0  0  0  0  0  3  0  0  0  0  10  28  0  1  0  0  0  0  1075  9  0  0  0  0  0  0  0  0  7  0  0  4  0  0  1  8  4  0  0  0  0  0  1  0  1  0  0  0  0  0  5  0  1  6  2  0  0  71  0  0  6  0  280025  0  0  8  674  55642  65  5  171  5  0  1215  218642  3720  69451  8344  5062  149179  8  0  7  9  52998  0  2  90  17  0  4  0  175421  17738  9  1399  2327  29  0  0  108302  0  2586  0  3966  1  445  24  339666  453  723  0  9  258  77  20  0  597  2  0  4  0  12  191859  462366  841320  11  487  63  6  28  53399  77  0  274  0  
0  0  0  0  0  0  0  0  0  0  0  0  0  0  0  0  0  1  0  0  0  0  0  0  0  0  0  0  0  11  0  0  0  0  0  0  0  0  0  0  0  0  0  0  0  0  0  0  0  0  0  0  0  0  0  0  0  0  0  0  0  0  0  0  0  0  0  0  0  0  0  0  0  0  2  0  0  101  20  16  27  1  195  7  0  3  0  2  16  1  1  12  103981  448  566  3  44  0  0  355269  56666  3  5  5  0  3  0  39049  1  114869  274  907  0  0  5170  0  9  2415  119  10  17  88  375  0  2859  26  56  59  115532  517907  111  8058  1683  843  5409  0  2  0  105  51  521  193  5  0  107  37  702996  0  
0  0  0  0  0  1  1  0  0  1  0  0  0  0  0  0  0  2  1  0  0  0  0  0  0  0  0  0  0  0  0  2  0  0  0  0  0  0  0  0  3  0  0  1  0  0  0  4  4  0  0  0  0  0  2  0  0  0  0  0  0  0  0  1  0  90  0  0  0  0  0  0  5  0  130  0  3  221186  148  508  1523  284  6208  740  0  854  0  827  521  128  911  1255  348  0  4  5  229  65  225522  0  16648  144877  582  3  4  85  58535  16253  1  441148  66  833  173  0  348510  0  8  223  111956  1204  2940  385  27786  0  36  1469  617  3260  136495  147812  197  46  50  182  389  17  77  36  251  16746  378120  5465  1557  0  4100  13  27207  1227  
0  0  1  0  0  0  0  0  0  0  0  0  0  0  0  0  0  1  0  2  0  0  0  0  0  0  23  0  0  577  0  0  0  0  0  0  0  0  0  0  0  0  0  0  0  0  0  0  0  0  0  0  0  0  0  0  0  0  0  0  0  0  0  0  0  2  0  0  0  0  0  0  1  0  0  0  95513  16  179  65  216  27  548  3  19  2  0  6  23  15  3  20  51  114930  0  0  6  2  23770  48667  0  1760  245  522160  0  3  0  0  0  264  0  0  1  0  2661  0  1  9  454  61605  20  15  68  0  1  33  88  162  6670  669297  5  542  0  0  6  1  1  1  45716  1163  466034  17  592  0  83595  0  43  0  
0  0  0  0  0  0  0  0  0  0  0  0  0  0  0  0  0  0  0  0  0  0  0  0  0  0  0  0  0  0  0  0  0  0  0  0  0  0  0  0  0  0  0  0  0  0  0  0  0  0  0  0  0  0  0  0  0  0  0  0  0  0  0  0  0  4  0  0  0  0  0  0  0  0  1  0  92228  93134  8  7  32  12  58  2  0  25  0  8  21  2401  0  32  0  0  0  0  4  3  0  183809  1405  0  40070  0  0  2  0  0  0  12  0  0  1  0  50  0  1  1  760291  5632  88  0  1495  0  0  49  64  62  4  173  1  0  0  0  0  1  0  1  3  163  411477  358  20  0  42  0  34  0  
0  0  0  0  0  0  0  2  0  0  0  0  0  0  0  2  0  1  0  0  0  0  0  0  0  0  0  0  0  0  0  0  0  0  0  0  0  0  0  0  0  0  0  1  0  0  0  1  0  0  0  0  0  0  0  0  0  0  0  0  0  0  0  0  0  20  0  0  0  0  0  0  1  0  1  0  123298  109944  14  78  699  59320  990  5  0  8228  0  12  112790  192751  8  139  10  0  0  0  40  3  0  174  97  58275  0  0  0  3  1  0  0  43  0  0  3  0  682  0  1  2  855321  6443  173  4  2609  0  3  4138  34  2230  3  3172  7  2  1  0  11  0  23  3  175  378  1217  316950  461338  0  461  0  299  0  
0  0  331  0  0  0  0  25  5957  33  114  0  0  0  0  27  0  0  0  98  0  39  0  0  0  0  972  0  0  145701  0  0  0  0  0  0  0  0  0  0  0  0  0  16  0  805  0  0  0  0  0  0  0  0  0  1  0  0  0  0  0  0  0  0  100  46  0  0  0  0  9962  0  0  0  0  0  43220  0  0  0  7  659  24654  37073  32663  1  0  0  0  372  0  0  2  35528  0  14505  1  0  3  9  470889  0  0  0  0  0  0  0  0  2  0  0  0  0  22  0  0  22769  4  256717  0  0  2  0  0  0  0  0  0  92578  0  141  0  0  2  0  0  0  415789  27  648  0  0  0  333667  0  2  0  
0  0  0  0  1  1250  0  0  0  11  0  0  0  0  0  9  0  8  1  0  0  0  0  94  0  0  0  0  0  2  17045  354  1  0  0  0  0  0  0  0  6  0  0  6  0  0  1  17  8  0  0  0  0  0  1  0  2  0  0  0  0  0  17  0  0  38  1  1  0  4316  0  0  11  0  42016  0  0  4  120  14238  14  2  123  4  0  4  1  5  5  31402  55  2168  5  0  8  5  3977  165536  0  79  7  2  7  0  0  123173  0  0  2  13  0  0  55  0  698  0  11  3  758  21  367  124  116  0  7  65  15  8  0  527  4  0  0  1  9  81  278038  877  4  193  33  0  27  166723  77  0  174  0  
18  0  0  0  3  439  2  0  0  14  0  0  0  0  0  35  10  121  4  0  0  0  37  13  0  5  0  0  0  0  172  41958  0  0  0  0  0  1  2  0  19  0  0  18  0  0  25  21  148  0  0  7  0  2  3  3  3  0  0  0  0  0  17  27  2  577  0  0  0  200  0  0  54  0  3294  0  0  41  648  100615  64  11  353  28  0  5  0  31  56  259  28  1935  16  0  22  26  1569  6239  1  318  28  0  20  0  107450  0  0  0  2  62  0  1  170  0  1530  0  23  18  1547  42  1184  411  307  0  33  272  80  30  0  1330  7  1  28  2  64  327  150820  3814  20  57259  138  15  44  28110  181  0  2639  0  
0  0  0  0  0  0  0  0  0  0  0  0  0  0  0  0  0  0  0  0  0  0  0  0  0  0  0  0  0  0  0  0  0  0  0  0  0  0  0  0  0  0  0  0  0  0  0  0  0  0  0  0  0  0  0  0  0  0  0  0  0  0  0  0  0  0  0  0  0  0  0  0  0  0  0  0  0  10143  0  0  0  0  0  0  0  6058  0  0  0  0  18145  1103  0  0  0  0  0  2  0  39280  0  0  0  0  0  0  0  84699  104829  159373  0  0  0  0  148535  0  0  0  0  0  2  166639  2325  0  0  0  0  0  0  0  0  0  0  0  0  0  0  0  0  0  0  0  0  0  0  0  3  146061  
0  0  0  0  0  0  0  0  0  0  0  0  0  0  0  0  0  0  0  0  0  0  0  0  0  0  0  0  0  0  0  0  0  0  0  0  0  0  0  0  0  0  0  0  0  0  0  0  0  0  0  0  0  0  0  0  0  0  0  0  0  0  0  0  0  0  0  0  0  0  0  0  0  0  0  0  0  954  0  0  0  0  10  0  0  1704  158  2  0  0  15  16  1  0  1  0  51  2388  36329  18327  0  0  1  0  0  0  73712  0  597089  254950  13  68135  0  0  22450  0  144657  1  1  1  16  43052  10  30  0  0  0  0  0  0  0  0  4  21  141  0  0  179  1  2  2  1  0  0  4  87  633474  122542  
0  0  0  0  0  0  0  0  1  7  0  0  0  0  0  0  0  6  0  0  0  0  0  0  0  0  0  0  0  0  0  0  0  0  0  0  0  0  0  0  0  0  0  2  0  0  0  9  1  0  0  0  0  0  2  0  0  0  0  0  0  0  0  0  2  8  0  0  0  0  0  0  3  0  0  0  0  153  0  1  3  0  119  27  0  2832  81  0  0  0  70361  24350  15  0  21  0  137494  3649  8  233  7  0  0  0  8  51  109465  435712  0  48  158  35413  0  0  617  0  220874  15  14  11  969  309402  215  11010  11  0  1  4  0  196  5  0  16  561  366  0  3  200  1  162  17  3  1  0  42  8468  73931  56840  
0  0  0  0  0  0  0  0  0  1  0  0  0  0  0  0  0  0  0  0  0  0  0  0  0  0  0  0  0  0  0  0  0  0  0  0  0  0  0  0  0  0  0  0  0  0  0  0  0  0  0  0  0  0  0  0  0  0  0  0  0  0  0  0  0  1  0  0  0  0  0  0  0  0  2  0  0  2737  24  235  363  7  482  29  0  46  0  10  278  39  28  42  189  0  140  22  296  2  50707  342879  27  12  33  0  2  4  100191  288177  4  0  545  105  2  0  292571  1  484  1574  606  53  45  1913  1172  57  45  270  320  1905  65193  12299  232  28  389  1593  2744  1  0  0  28  585  4462  500  368  0  203  150  125865  118624  
0  0  0  0  0  0  0  0  0  0  0  0  0  0  0  0  0  0  0  0  0  0  0  0  0  0  0  0  0  0  0  0  0  0  0  0  0  0  0  0  0  0  0  0  0  0  0  0  0  0  0  0  0  0  0  0  0  0  0  0  0  0  0  0  0  0  0  0  0  0  0  0  1  0  0  6302  0  7  0  0  0  0  59  4  0  0  0  0  0  0  0  2  1  0  47360  4  5244  0  7  46  1  0  0  0  0  1  0  3  26  14  0  296851  0  0  233  0  185848  4  4  2  0  72  29  209189  0  0  0  2  0  13  2  1  42152  427867  3947  0  0  0  1  15  4  3  1  0  16  584586  5114  6  
0  0  0  0  0  0  0  0  0  0  0  0  0  0  0  0  0  0  0  0  0  0  0  0  0  0  0  0  0  0  0  0  0  0  0  0  0  0  0  0  0  0  0  0  0  0  0  0  0  0  0  0  0  0  0  0  0  0  0  0  0  0  0  0  0  0  0  0  0  0  0  0  0  0  0  17710  0  16  1  0  4  1  73  1  0  0  0  0  0  0  0  4  2483  0  800  0  1674  1  333  514  3  0  0  0  0  0  0  53422  24673  35  285871  0  0  0  308  0  208181  11  7  3  1  33759  50  95190  60  1  0  0  0  37  35  1  209495  28966  3890  0  0  0  1  17  10  6  0  0  16  635151  1010717  589  
0  0  0  0  0  0  0  0  0  0  0  0  0  0  0  0  0  0  0  0  0  0  0  0  0  0  0  0  0  0  0  0  0  0  0  0  0  0  0  0  0  0  0  0  0  0  0  0  0  0  0  0  0  0  0  0  0  0  0  0  0  0  0  0  0  0  0  0  0  0  0  0  0  0  68882  0  0  1861  4482  13075  72  3  198  9  0  5256  96851  201418  34  7  5  202  0  0  0  0  6  19219  0  33  21  0  29  0  193  2052  0  0  0  6  0  0  0  741  412  0  0  1  449  27  56316  0  134668  0  0  16224  3894  59  1  712  1  1  0  0  0  26036  10363  39601  12  730  50  4647  32  25  114  0  11  0  
0  0  0  0  0  0  0  0  0  0  0  0  0  0  0  0  0  0  0  0  0  0  0  0  0  0  0  0  0  0  0  0  0  0  0  0  0  0  0  0  0  0  0  0  0  0  0  0  0  0  0  0  0  0  0  0  0  0  0  0  0  0  0  0  0  0  0  0  0  0  0  0  0  0  0  0  0  4837  0  0  0  0  0  0  0  162505  7  85267  0  0  0  163  0  0  0  0  0  2  0  1  0  0  0  0  0  0  0  0  0  0  0  0  2598  0  0  0  0  0  0  0  1101  0  55179  0  0  1524  0  0  0  1  0  0  1  0  0  0  0  0  0  0  0  18961  0  0  0  0  0  0  
1  0  0  0  1  3  1  1  45  392  0  0  0  0  0  0  2  239  3  0  0  4  2  0  0  12  0  0  0  98  0  42  1  0  0  0  0  0  0  4  124  0  1  168  2  0  0  297  132  0  5  5  0  1  69  3  12  0  0  0  3  0  1  0  57  537  2  2  4  0  1  0  239  5  103  1  18  96371  720  590  1680  416  50591  7428  0  241  0  174  431  120  45527  24814  6823  0  127  47  31016  632  5060  349480  2359  72  1665  31  173  858  121943  25340  179  246652  620  406  65  0  0  0  10346  3242  53753  3991  2088  190678  73664  235  153  862  1326  2174  29528  62057  3054  472  555  1944  8995  41  3671  134  982  106204  11129  5396  3280  0  13898  156  59573  71222  
0  3  0  1  0  0  0  0  0  2  74  0  0  0  0  0  0  2  0  15  1  135  0  0  0  1  0  0  0  0  0  0  0  0  0  0  0  0  0  0  5  12  0  14  0  0  0  7  2  0  9  0  0  1  2  0  0  0  0  0  3  0  0  0  0  2  0  0  0  0  0  0  8  1  0  114031  0  0  0  0  0  0  0  1  113137  0  0  0  0  0  0  0  225170  150694  7482  325207  0  1  0  3  0  0  0  0  1  1  0  0  0  1  0  0  0  0  0  0  0  304088  0  0  0  0  0  0  266473  0  0  0  0  2  45516  2556  21  2  40664  0  1  0  0  2  0  0  0  0  0  0  3  0  
0  0  0  0  0  0  0  0  0  4  0  0  0  0  0  0  0  6  0  0  0  0  0  0  0  0  0  0  0  1  0  1  0  0  0  0  0  0  0  0  0  0  0  1  0  0  0  6  2  0  0  0  0  0  2  0  1  0  0  0  0  0  0  0  1  9  0  0  0  0  0  0  2  0  0  0  0  8  1  1  0  0  65  20  0  6  0  0  0  1  1394  2758  5  0  56  9  322273  3146  14  156  3  0  0  0  4  34  0  100628  190610  51  124048  236227  0  0  569  0  0  7  8  6  2  22768  29  196556  14  1  1  3  0  73  0  0  15  970  935  0  2  11  1  89  12  4  0  0  16  30979  28255  509  
0  0  0  0  1  1  0  0  0  22  1334  0  0  0  0  0  0  8  1  7  0  3735  0  0  0  2  0  0  0  5  0  6  0  0  0  0  0  0  0  0  19  0  0  537  1  0  0  15  8  0  1  0  0  0  2  0  3  0  0  0  6  0  0  0  1  31  0  0  0  0  0  0  6  0  9  39  1  2078  82  88  185  32  30349  95603  487902  56  0  34  132  9  6  202  59248  65517  43  623010  38554  3  192  10254  140  4  109  33028  2  14  0  0  0  415  14  1  7  0  6206  196959  4  0  1010  408  210  52  5183  0  5472  245  505  679  0  8132  176033  225046  13693  47  109701  7  21  5  240927  1187  645  1244  169  0  40530  44  9591  0  
0  0  0  0  0  1  0  0  0  3  0  0  0  0  0  0  1  2  0  0  0  0  1  0  0  0  0  0  0  1  0  2  0  0  0  0  0  0  0  0  5  0  0  0  0  0  0  2  2  0  0  1  0  0  2  0  0  0  0  0  0  0  0  0  0  187  0  0  0  0  0  0  10  0  125  0  183776  67473  668  773  5976  31556  8706  175  0  807  0  469  2950  75003  283  2706  71  0  4  1  538  79  6  242816  862  708360  797664  4  9  142  0  0  2  1240  1  0  143  0  13700  0  8  45  0  90604  4415  51  51262  0  26  2985  5506  10769  147  18395  53  23  33  3  37  53  441  85  574  12035  414215  91411  236080  0  4603  0  2700  0  
0  0  897  0  0  0  0  2002  566  0  0  0  0  0  0  337  0  1  0  0  0  0  0  0  0  0  0  0  0  12  0  0  0  0  0  0  0  0  0  0  1  0  0  0  0  2896  0  2  1  0  0  0  0  0  0  0  0  0  0  0  0  0  0  0  0  20  0  0  0  0  41  0  2  0  8  0  191337  68  108  341  23135  151674  94524  136  0  4  0  7  54  29799  22  2115  120  0  2  1  889  47  8  11046  49159  3871  3030  293364  0  20  0  0  2  4876  2  0  1  0  22070  0  9  29  152182  0  121  74  630  0  14  74  194  764  0  90644  77  10  6  5  30  3  245  6  1181  33111  82223  98  3400  0  127327  0  1167  0  
0  0  0  0  0  2  1  0  0  0  0  0  0  0  0  0  0  0  0  0  0  0  2  0  0  0  0  0  0  0  0  1  0  0  0  0  0  0  0  0  0  0  0  0  0  0  0  0  0  0  0  0  0  0  0  0  0  0  0  0  0  0  1  0  0  21  0  0  0  0  0  0  0  0  15153  0  0  17  14785  8277  1167  39  1614  21  0  3762  72000  11611  1019  24  212  94287  16  0  1  0  324  244424  1  294  128  5  85  3  312  5348  4  5  116  89  0  0  49073  417  5110  0  1  7  7488  218  0  69  44725  0  4  8563  1593  330  1  7980  6  10  1  0  4  1680  31686  157422  142  1903  441  43  294  21  975  0  114  0  
1  0  0  0  0  4  0  0  25  487  0  0  0  0  0  0  3  372  7  0  0  0  3  0  0  17  0  0  0  58  0  124  0  0  0  0  0  0  0  1  130  0  1  95  7  0  0  584  156  0  1  1  1  0  53  5  11  0  0  0  0  0  1  0  64  480  10  1  2  0  1  0  307  0  2  0  0  1236  4  11  32  12  1192  1137  0  1119  3  1  6  2  183819  53935  215  0  78  4  31632  609  83  3812  65  0  18  5  166  1290  174960  46885  344178  1807  284  70656  0  0  178482  0  108847  166  158  189  229  0  1426  19589  70  23  21  37  1  1356  53  6  74  1298  1173  1  130  51  24  6919  308  42  34  0  282  17109  208784  209525  
0  0  0  0  0  6  2  0  1  1  0  0  0  0  0  0  0  2  0  0  0  0  2  0  0  0  0  0  0  0  0  0  0  0  0  0  0  0  0  0  0  0  0  1  0  0  0  1  3  0  1  0  0  0  1  0  0  0  0  0  0  0  0  0  1  98  0  0  0  0  0  0  3  0  12725  0  5  384943  41139  31130  15963  530  34369  1571  0  280253  48  142491  7667  194  46573  172832  440  3  3  2  1328  899  20  56434  1976  1143  7376  13  64  2066  4696  5  180  1907  7  5  91150  32155  65444  0  2  211  69708  3273  48549  597  0  0  13  55062  8813  2200  61  121191  254  108  11  9  50  1031  1322  422  2393  21557  4693  47552  4269  65  17279  0  826  0  
0  0  0  0  0  0  0  0  0  0  0  0  0  0  0  0  0  0  0  0  0  0  0  0  0  0  0  0  0  0  0  0  0  0  0  0  0  0  0  0  0  0  0  0  0  0  0  0  0  0  0  0  0  0  0  0  0  0  0  0  0  0  0  0  0  0  0  0  0  0  0  0  1  0  0  0  0  8  1  0  0  0  34  4  0  0  0  1  0  0  6  4  2  0  268833  0  175125  1  29  69  0  0  0  0  0  0  0  63  5036  60  253567  80791  0  0  443  0  407378  2  1  0  0  3726  18  0  0  2  0  0  0  18  1  0  147  224501  71058  0  0  0  1  9  1  3  0  0  6  43168  123872  194  
0  4  0  0  0  0  0  0  0  11  0  0  0  0  0  0  0  4  0  0  1  155  1  0  0  5  0  0  0  2  0  4  0  0  0  0  0  0  0  0  35  0  0  4  0  0  0  7  3  0  12  0  0  0  4  0  0  0  0  0  7  0  0  0  1  11  0  1  0  0  0  0  11  0  0  189583  0  83  0  2  1  0  12  9  0  1  0  1  0  0  0  1  62108  19  136952  32746  6  1  0  103  1  1  3  0  5  15  0  0  0  1  3  0  0  0  33  255936  0  444  14  2  2  5  187  0  0  2  1  3  0  44  38756  5  43600  7489  278044  0  2  0  1  15  4  21  3  0  6  0  146  0  
0  0  0  0  0  19  5  0  0  0  0  0  0  0  0  0  0  1  0  0  0  0  2  0  0  0  0  0  0  0  0  2  0  0  0  0  0  0  0  0  0  0  0  0  0  0  0  0  2  0  0  0  0  0  0  0  0  0  0  0  0  0  1  0  0  306  0  0  0  0  0  0  1  0  15341  0  0  5849  53825  50405  29034  149  1745  14  0  152528  20  464136  744116  1856  4  791  25  0  0  0  77  583  0  320  266  0  6117  0  11  2479  0  0  0  107  0  0  10752  1468  650  0  1  12  1059  175  3309  4  30636  0  5  0  276536  349175  11  9149  24  9  5  0  12  122475  144  184  157  25354  1584  403712  408  1  1053  0  449  0  
0  0  0  0  0  7  5  4  0  0  0  0  0  0  0  0  0  0  0  0  0  0  0  0  0  0  0  0  0  0  0  0  0  0  0  0  0  0  0  0  1  0  0  0  0  0  0  0  0  0  0  0  0  0  0  0  0  0  0  0  0  0  0  0  0  337  0  0  0  0  0  0  0  0  122551  0  0  67  357075  62397  2796  590  2968  12  0  1174  4  10933  1452446  51027  0  194  30  0  0  0  44  116  0  487  343  4  74  1  8  2703  0  0  0  164  0  0  9055  0  809  0  0  36  835  213  466  5  1866  0  1  415296  0  137098  8  12879  24  12  1  1  5  220522  81  79  195  12222  1600  1072  335  11  1324  0  167  0  
0  0  0  0  0  1  0  1  0  0  0  0  0  0  0  0  0  1  0  0  0  0  1  0  0  0  0  0  0  0  0  0  0  0  0  0  0  0  0  0  2  0  0  1  0  0  0  1  0  0  0  0  0  0  1  0  0  0  0  0  0  0  0  0  0  283  0  0  0  0  0  0  3  1  98  0  0  155  921  63670  279125  50427  7787  24  0  187  0  284  477252  757015  6  692  83  0  3  0  306  10  7  2297  309  10  9886  2  1  113  0  0  1  637  0  0  86  0  3178  0  6  77  16461  1555  569  19  2030  0  12  335382  57781  0  96  46846  61  36  6  0  20  164  57  18  1092  11347  3070  57611  196878  0  5856  0  1026  0  
0  0  0  0  0  0  0  0  0  0  0  0  0  0  0  0  0  0  0  0  0  0  0  0  0  0  0  0  0  0  0  0  0  0  0  0  0  0  0  0  0  0  0  0  0  0  0  0  0  0  0  0  0  0  0  0  0  0  0  0  0  0  0  0  0  2  0  0  0  0  0  0  0  0  4  0  1  536  20  187  261  8  42  0  0  8  0  19  251  31  1  11  103  0  0  0  2  1  132214  166948  3815  29  16  1  0  3  0  0  0  138210  0  0  2  0  41898  0  0  43  479  11  43  0  361  0  0  288  359  1545  0  141497  60  28  0  0  0  3  1  1  20  139  13185  342  236  0  29  0  31987  0  
0  0  0  0  0  1  0  0  0  4  0  0  0  0  0  0  1  0  0  0  0  0  0  0  0  0  0  0  0  32  0  1  0  0  0  0  0  0  0  0  1  0  0  1  1  0  0  6  2  0  0  0  0  0  0  0  0  0  0  0  0  0  0  0  0  161  0  0  0  0  0  0  0  0  81  1  914  3794  4895  4330  9588  577  18429  137  7  286  0  269  3696  684  33  850  95847  85740  293  11  295  23  423149  159616  624110  207  794  72853  6  166  0  0  1  17384  125  68  122  0  47816  0  58  12376  7936  46808  1265  538  12631  0  2821  5554  11428  20688  144614  0  10439  196655  1692  305  4077  114  60  18  75398  12421  205184  17508  5193  0  211903  4  94645  0  
0  0  0  0  0  0  0  0  0  0  0  0  0  0  0  0  0  0  0  0  0  0  0  0  0  0  0  0  0  0  0  0  0  0  0  0  0  0  0  0  1  0  0  0  0  0  0  1  0  0  0  0  0  0  0  0  0  0  0  0  0  0  0  0  0  20  0  0  0  0  0  0  0  0  17  1750  1  1941  186  231  585  72  404  6  1729  130  0  72  693  72  4  164  1065133  26982  208  10706  31  6  130  2797  30  17  171  1  0  33  0  0  0  72  6  3  28  0  968  45973  1  305308  2523  110  309  9  6415  0  40478  1131  2761  2501  9  5968  0  103857  39009  35  147363  29  12  9  6233  614  165  8661  177  0  563  3  72400  0  
0  0  0  0  0  0  0  0  0  0  0  0  0  0  0  0  0  0  0  0  0  0  0  0  0  0  0  0  0  0  0  0  0  0  0  0  0  0  0  0  0  0  0  0  0  0  0  0  0  0  0  0  0  0  0  0  0  0  0  0  0  0  0  0  0  1  0  0  0  0  0  0  0  0  8  0  0  238  153  171  219  23  135  1  109713  26  0  15  408  32  0  18  758550  289528  25  50  3  2  7006  748  208  0  45  57  0  10  0  0  0  66  3  0  13  0  336  6536  1  404370  682  34  61  2  762  0  445  674  1649  1672  3  185637  55753  0  272  9  882  15  4  0  202726  188  65  2519  53  0  1291  0  882  0  
0  0  0  0  0  0  0  0  0  0  0  0  0  0  0  0  0  0  0  0  0  0  0  0  0  0  0  0  0  0  0  0  0  0  0  0  0  0  0  0  0  0  0  0  0  0  0  1  1  0  0  0  0  0  0  0  0  0  0  0  0  0  0  0  0  8  0  0  0  0  0  0  0  0  7  94265  1  6775  19  20  76  10  934  39  0  192  0  33  20  2  3  104  177928  0  45645  64  35  5  184  4037  57  24  194  1  0  5  0  0  1  194  34901  229065  9  0  1764  15  6  2389  1104  108  183  25  15937  22  151831  220  36  51  0  2098  38279  10  0  149229  66503  0  16  3  45  436  175  1614  78  0  451  250449  144258  0  
0  0  0  0  0  0  0  0  0  0  0  0  0  0  0  0  0  0  0  0  0  0  0  0  0  0  0  0  0  0  0  0  0  0  0  0  0  0  0  0  1  0  0  0  0  0  0  0  0  0  0  0  0  0  0  0  0  0  0  0  0  0  0  0  0  0  0  0  0  0  0  0  1  0  1  129232  1  124  2  4  10  2  711  53  0  3  0  1  0  0  4  11  1483  0  493153  79  5770  1  102  780  15  1  9  0  1  0  0  5  26  251  335523  45628  1  0  2038  1  1056  93  60  27  7  172  252  257660  22877  8  7  9  0  261  75  3  152851  0  98022  0  0  1  11  190  43  37  6  0  118  250453  96346  15  
0  4  0  0  0  0  0  0  0  5  0  0  0  0  0  0  0  3  0  0  1  96  2  0  0  2  0  0  0  0  0  2  0  0  0  0  0  0  0  1  16  0  0  1  1  0  0  9  2  0  6  0  0  1  2  0  1  0  0  0  3  0  0  0  0  8  0  1  0  0  0  0  8  0  4  6022  3  554  8  15  76  11  5393  710  3  10  0  5  16  2  35  55  83796  72  550514  481470  341689  6  1195  6352  161  0  31  2  16  69  0  92  348  1909  7892  6924  3  0  22094  27086  705  92818  123  324  29  319  1341  45218  312510  33  32  99  0  2283  113733  194  86333  78543  0  0  5  1  39  2354  467  155  62  0  612  59  33617  4  
0  0  0  0  0  0  0  0  0  0  0  0  0  0  0  0  0  0  0  0  0  0  0  0  0  0  0  0  0  0  0  0  0  0  0  0  0  0  0  0  0  0  0  0  0  0  0  0  0  0  0  0  0  0  0  0  0  0  0  0  0  0  0  0  0  0  0  0  0  0  0  0  0  0  127106  0  0  16  6131  6766  34  3  143  0  0  14  168625  65178  88311  3  0  10  2  0  0  0  2  165399  0  18  9  0  5  0  16  509  0  0  0  4  0  0  116295  0  60  0  0  2  56  11  292  2  113  0  0  120039  136048  72  1  733  3  1  0  0  0  0  143  2304  15  458  42  33  16  2  58  0  1  0  
0  0  0  0  1  2  2  0  0  10  0  0  0  0  0  0  1  8  0  0  1  0  18  17  0  2  0  0  0  0  643  13  0  0  0  0  0  0  0  0  15  0  0  2  0  0  1  15  12  0  0  0  0  0  1  0  0  0  0  0  3  0  2  0  3  15  2  0  1  16  0  0  13  1  10960  0  0  22  993  55625  157  13  695  9  0  22  272  119  286  50  90  16609  10  0  15  10  13562  453739  3  256  52  3  50  1  242528  192298  0  0  16  64  0  0  1542  0  8018  1  15  8  5180  122  16307  198  999  0  15  487  211  61  0  3378  6  1  4  2  27  1372  0  81744  75  1099  294  11  137  82622  488  0  730  0  
0  0  0  0  0  3  1  0  0  0  0  0  0  0  0  0  0  0  0  0  0  0  0  0  0  0  0  0  0  0  0  0  0  0  0  0  0  0  0  0  1  0  0  0  0  0  0  0  0  0  0  0  0  0  0  0  0  0  0  0  0  0  0  0  0  14  0  0  0  0  0  0  0  0  31544  0  0  1  2183  67098  81  13  153  1  0  8  115687  110  94  591  377  2220  1  0  0  0  1024  813125  1  32  15  0  8  0  981  26082  0  69  59  8  0  0  270831  0  831  0  9  2  941  28  175982  9  243  0  2  389  97  22  0  685  0  0  0  0  0  7560  145004  0  9  3111  36  6  36  15264  99  0  23  0  
0  0  0  0  0  0  0  0  0  0  113  0  0  0  0  0  0  1  0  0  0  1  0  0  0  0  0  0  0  3699  0  0  0  0  0  0  0  0  0  0  0  0  0  1  0  0  0  0  0  0  0  0  0  0  0  0  0  0  0  0  0  0  0  0  14  5  0  0  0  0  0  0  0  0  4  3  0  436  188  282  620  88  10867  920  301698  43  0  24  484  53  2  66  17262  156376  59  596  20  0  944  2380  68397  5  65  518774  0  18  0  0  1  193  11  2  8  0  1422  8  0  276536  632  647  90  20  1260  0  919  709  1470  2650  4  126332  15303  295202  658  42  1097  19  5  2  0  512  328  1466  354  0  84957  0  7165  0  
34  0  0  8  10  32107  1560  2513  34508  62383  0  0  0  1  3  118  77  4724  38  1  0  13  25  36  0  275  11  0  28  9215  12  2155  3  0  2  0  0  0  5  2  1204  0  26  4094  134  0  112  6057  2580  0  7  84  17  33  1712  137  23  8  2  0  1  0  24  91  2898  208781  295  21  45  87  80  0  3114  9  2781  1  12  1324  3093  410855  206545  167220  295234  100742  0  2197  1  2370  12269  1867  85  2954  312  0  9  30  1370  228  13  52341  2327  77  1883  28  138  74998  0  0  3  14739  276  48  153  0  201676  0  42  389  19250  6031  2207  972  10246  1  63  5368  5955  4796  3  18739  165  17  97  508  4230  275  1691  298  269  0  19306  1677  1667  404  25088  4  4268  0  
0  0  0  1  0  0  0  0  0  0  0  0  0  0  0  0  0  2  0  0  0  0  0  0  0  0  0  0  0  1  0  0  0  0  0  0  0  0  0  0  2  0  0  1  0  0  0  3  2  0  0  0  0  0  0  0  0  0  0  0  0  0  0  0  1  21  0  0  0  0  0  0  3  0  20  0  77934  2002  2700  2347  5029  222  5286  78  0  41  0  76  1277  1247  35  517  118  0  1  0  145  11  53  474440  356966  398330  2181  5574  2  53  0  0  1  6851  1  0  48  0  16611  0  8  96  347649  110921  281  80  1518  0  11  1600  2380  8491  4230  208519  68  21  8  3  36  27  39  9  185  9903  0  1976  23351  0  1653  0  859  0  
0  0  0  0  0  12  1  0  0  0  0  0  0  0  0  0  0  0  0  0  0  0  0  0  0  0  0  0  0  0  0  0  0  0  0  0  0  0  0  0  0  0  0  1  0  0  0  0  0  0  0  0  0  0  0  0  0  0  0  0  0  0  0  0  0  105  0  0  0  0  0  0  0  0  166  0  2  171675  946  3779  6249  134  8217  93  0  244720  0  2658  175989  1806  2  312  126  0  1  0  115  49  10  3705  385  31  440401  3  1  357  0  0  0  631  0  0  3658  6185  2447  0  4  80  148907  601  2632  10  52124  0  8  411942  5826  111313  90  34263  90  47  11  3  17  103  20  58  791  6414  2228  0  16290  0  4772  0  541  0  
0  0  0  0  0  0  0  0  0  0  0  0  0  0  0  0  0  2  0  0  0  0  1  0  0  0  0  0  0  0  0  0  0  0  0  0  0  0  0  0  1  0  0  0  0  0  0  0  1  0  0  0  0  0  0  0  0  0  0  0  0  0  0  0  0  198  0  0  0  0  0  0  1  0  12  0  1  96  191  382  26622  197546  5668  16  0  14  0  16  131842  140488  25  388  47  0  2  0  135  10  2  1479  427  22  587690  1  1  12  0  0  0  369  0  0  13  0  2129  0  4  32  283607  12786  208  4  730  0  11  105  493  164483  88  17008  31  11  5  3  11  10  52  4  843  8429  27053  6903  0  0  3659  0  753  0  
0  0  0  0  1  1804  0  0  0  0  0  0  0  0  0  17  0  2  0  0  0  0  0  0  0  0  0  0  0  0  401  623  0  0  0  0  0  0  0  0  0  0  0  0  0  0  0  0  2  0  0  0  0  0  0  0  0  0  0  0  0  0  1  0  0  32  0  0  0  1365  0  0  0  0  56247  0  0  0  81672  158268  0  0  2  0  0  0  0  0  2  246092  0  6  0  0  0  0  1  63463  0  0  0  0  0  0  175240  34901  0  0  0  0  0  0  20  0  3  0  0  0  7  0  14  0  9  0  0  5  3  0  0  3  0  0  0  0  0  5  88540  7514  0  222  1  0  0  0  1  0  0  0  
0  0  16  0  0  1  1  17  51463  1  1  0  0  0  0  4  0  1  0  0  0  0  0  0  0  0  0  0  0  13842  0  1  0  0  0  0  0  0  0  0  2  0  0  0  1  3130  0  0  0  0  0  1  0  0  0  1  0  0  0  0  0  0  0  0  4  1188  0  0  0  0  56772  0  4  0  8  0  50  754  116  158  17671  1612  190571  4888  51  32  0  35  270  55  7  468  3242  260  14  1  246  11  139  15367  51668  13  693  290714  1  15  0  1  0  4928  36  32  13  0  16039  0  8  9976  1286  136431  166  62  2339  0  105  409  805  1722  2  353588  2349  672  92  49  499  3  37  2  78885  20615  10059  842  1064  0  0  3  3414  0  
0  0  0  0  0  0  0  0  0  0  0  0  0  0  0  0  0  0  0  0  0  0  0  0  0  0  0  0  0  0  0  0  0  0  0  0  0  0  0  0  0  0  0  0  0  0  0  0  0  0  0  0  0  0  0  0  0  0  0  0  0  0  0  0  0  0  0  0  0  0  0  0  0  0  0  1720  0  11  0  0  0  0  21  1  0  0  0  0  0  0  3  1  2348  0  1107  6  634  0  5  42  2  0  2  0  0  0  0  418  4181  12  499452  720201  0  0  104  0  49798  92  8  2  0  4527  49  78128  70  1  0  1  0  12  48  0  260247  238333  599  0  0  0  0  2  4  6  3  0  2  0  139287  247  
0  0  0  0  0  1  0  0  1  6  0  0  0  0  0  0  0  5  1  0  0  0  0  0  0  0  0  0  0  1  0  1  0  0  0  0  0  0  0  0  2  0  0  2  0  0  0  15  4  0  0  0  0  1  1  0  0  0  0  0  0  0  0  0  2  63  1  0  0  0  1  0  6  0  37  109  0  9123  235  334  1103  207  2605  131  0  412  0  211  847  89  485  522  252524  0  49209  143  32197  20  754363  84059  142  293  550  0  8  118  4  591735  55073  194014  8575  1074602  60  0  44719  2  68671  10206  9233  227  995  212793  26692  102847  29536  2151  3847  2937  21940  234061  47982  709  143033  136934  101125  41  20  10  1955  1821  393  19561  399  1  1206  134908  0  72875  
0  0  0  0  0  0  0  0  0  0  0  0  0  0  0  0  0  0  0  0  0  0  0  0  0  0  0  0  0  0  0  0  0  0  0  0  0  0  0  0  0  0  0  0  0  0  0  0  0  0  0  0  0  0  0  0  0  0  0  0  0  0  0  0  0  0  0  0  0  0  0  0  0  0  0  0  0  5  0  0  0  0  3  0  0  0  0  0  0  0  7  5  0  0  3  0  185  0  22  1018  1  0  1  0  0  0  130114  154031  37452  138856  9  1138  0  0  62113  0  778  0  0  1  0  252774  3  254  0  0  0  0  0  8  0  0  2  90  49  0  0  0  0  0  1  1  0  0  1  298  94304  0  
