0  0  3  21  312975  75273  4  0  0  5  0  578  2  15234  103644  11703  20  1189  7  0  0  0  15  223479  0  16  0  0  2  0  81611  7775  0  0  0  0  0  0  6947  6165  56  0  0  14  5  0  3754  10  54728  0  0  213014  178664  111  7  1  6  1  0  0  0  50606  310  46295  3  1897  21  400  47  123089  0  0  70  0  0  0  0  0  0  1  0  0  0  0  0  0  0  0  0  0  0  0  0  0  0  0  0  0  0  1  0  0  0  0  0  13  0  0  0  0  0  0  0  0  3  0  0  0  1  0  0  0  0  0  0  1  0  0  0  0  0  0  0  0  1  0  0  0  0  112  1  1  0  0  0  0  0  0  
0  0  0  31  0  2  1  0  0  1  0  0  0  0  0  0  0  5  184449  0  399382  71696  0  0  4  1  0  0  1  0  0  0  0  0  0  0  49253  24596  0  0  2  372255  0  861  226  0  0  17  4  1  499168  0  0  3  90  0  387125  87  364598  173318  49251  0  0  0  6  5  2  79  3  0  1  0  722  0  0  0  0  0  0  0  0  0  0  0  0  0  0  0  0  0  0  0  0  0  1  163  0  0  0  0  0  0  0  0  0  0  0  0  0  0  0  0  0  0  0  1  0  0  0  0  0  0  0  0  5  0  0  0  0  0  0  0  0  0  0  0  0  0  0  0  0  0  0  0  0  0  0  0  
0  0  0  5  0  105  10  78043  1066  0  0  0  0  0  0  369370  8  31  8  0  0  0  0  0  0  19  101051  201749  118880  66521  0  16  0  0  0  0  0  0  0  0  22  0  0  2  270030  369219  0  19  781  0  1  0  0  191  4  4  1  4  0  0  0  0  1  0  2  37  68359  1  83030  1  66  0  3  0  0  0  2282  0  0  0  0  323  605  0  0  0  0  0  0  1740  0  0  0  0  0  0  0  0  0  1  0  0  1  2024  0  0  0  0  0  0  0  0  0  0  1  0  0  0  0  9478  0  0  0  0  0  0  0  0  0  0  0  0  0  0  0  0  0  0  0  1  0  0  0  0  232  0  0  0  
243  1  14  0  795  1424  1134  1507  478  11  0  236140  110  337  399  79  1849  5425  1443  1  0  21  20  48  24  531003  1  277686  96739  18  0  185  74584  916  416  83  0  2  150  3004  220707  4  1  1613  316380  2  803  973  471537  0  520  5943  569  1427  2824  100  4669  119  94  204  389  7  18  27  279  1494  60076  67137  5172  21  171  0  2417  563  0  0  0  0  0  0  0  0  1  0  0  0  0  0  0  0  0  1  0  0  0  0  0  0  0  3  0  0  0  0  0  2  0  0  0  0  0  0  0  0  2  0  0  0  0  0  0  1  0  0  0  0  0  0  0  1  0  0  0  0  0  0  0  0  0  33  0  0  0  0  0  0  0  0  
284063  0  0  5  0  58834  3  0  1  3  0  191  0  892  47834  267933  5  260  4  0  0  0  0  5222  0  7  0  0  0  0  27218  957  0  0  0  0  0  0  287  6084  47  0  0  13  4  0  360  3  13376  0  0  17954  112706  108  2  0  1  2  0  0  0  3  47  3977  5  262  36  284  20  19388  0  0  12  0  0  0  0  0  0  88  0  0  1  0  0  0  0  0  0  28  0  1  0  0  0  0  0  0  0  1  0  0  0  0  2  2  0  0  0  0  0  0  0  0  1  0  0  0  0  0  0  0  0  0  0  0  0  0  0  0  0  0  0  0  0  0  0  0  0  22  0  0  0  5  0  0  1  0  
113838  0  4  483  91730  0  234846  4609  8069  50  0  643  2  4477  28754  611137  151  12809  174  1  0  0  44  69792  4  926  15  0  59  5  26742  159781  5  0  0  0  0  0  857  7722  1184  0  4  200  1927  0  5034  759  60759  0  24  36914  14868  54424  555  120  127  43  1  9  6  22  17012  37468  1195  370224  4489  3314  7185  377596  50  0  1146  1  180  0  0  1  30  24149  447  84  83  1  0  1  0  5  8  4386  0  4  0  0  0  0  0  8  0  13  3  0  1  0  3317  2299  0  0  0  3  0  0  1  0  37  0  0  1  9  0  5  0  8  0  0  15  16  2  0  16  0  0  0  0  2  17  11  6  0  64180  6  2  2  2549  14  0  8  0  
26  0  3  2874  167  337537  0  358185  76024  6  0  76  0  8  300  702485  38  1036  560  1  0  1  1  2  16  1291  29  0  113  577  1  143  0  0  0  0  0  0  0  743  505  0  0  1260  12028  4  256  194  12994  0  31  12549  297  63393  3359  279  360  52  9  12  7  0  21  5  27421  278886  4614  15082  30694  25  686  0  246  0  0  0  1  0  2  1903  4125  3710  383  0  0  0  0  0  1  524  0  1  0  0  0  0  0  0  0  1  0  0  0  0  1  9  0  0  0  0  0  0  0  0  2  0  0  0  1  1  0  0  2  0  0  1  0  0  0  0  0  0  0  0  0  0  1  0  0  2740  0  0  0  0  5  0  1  0  
19  0  36104  5463  135  11278  322744  0  316053  6  0  202  0  10  100  417043  24  298  426  0  0  1  8  2  5  1368  10  33  50641  205  0  45  0  0  0  0  0  0  1  2251  365  0  0  596  71504  184875  105  189  2679  0  17  5304  202  189444  1789  297  630  23  1  1  14  0  5  1  4927  196862  12653  2000  168999  3  2716  0  140  0  0  0  160  0  0  35  159  39157  2848  0  0  0  0  0  0  26510  0  0  0  0  0  0  0  0  0  2  0  0  5  7  0  1  0  0  0  1  0  0  0  0  1  0  0  0  0  723  1  0  0  0  0  0  1  0  0  1  0  0  0  0  0  0  0  0  0  4181  0  0  0  0  78  0  1  0  
1  0  100  46  1  2572  9706  135782  0  14539  0  0  0  0  2  350  65  1141  1960  43  0  23  4  0  31  2337  101  168  274  37654  0  201  1  0  0  0  0  0  0  6  3838  0  0  2164  3042  137673  16  1326  2567  0  19  82  5  3929  7981  7258  1069  130  5  2  16  0  3  1  33983  276101  16443  266  817  5  257310  0  268  0  0  0  31  0  0  0  0  2667  49362  206  2  0  0  0  0  493  0  3  0  0  0  5  1  0  0  16  0  0  0  4886  0  1  0  0  0  4  0  0  0  0  249  0  0  0  4  1577  0  3  0  0  0  0  0  1  0  5  0  0  0  0  11  0  0  0  0  66436  0  1  1  0  87044  0  2  0  
106  2  0  214  750  724  229  263  17938  0  27  250  0  46  425  36  218  43740  438  15  2  4631  37960  11  39  2756  45  1  80  99232  2  4890  3  1  4  5  0  6  9  2467  40995  3  76  292923  1166  1  674  14334  30935  10  994  1271  846  424  9955  648  576  106  133  16  146  0  65  18  12169  481212  1440  3508  209  78  157  0  18400  970  10  0  1  210  93  53  109  15  3413  514  6  57  0  49  21  6  2  235  82  0  13  223  65  14  3  484  34  2  12  90  16  113  0  0  0  133  1  0  25  0  6022  1  3  16  937  54  79  66  1034  0  26  345  64  72  0  1113  36  5  3  2  25  1  44  2  38  152543  325  430  34  0  275  0  349  0  
0  2  0  0  0  0  0  0  10  21  0  0  0  0  0  0  0  2  797  930637  0  63097  0  0  210  2  303  0  0  55267  0  0  0  0  0  0  0  0  0  0  10  73626  0  928384  6  0  0  0  2  0  1  0  0  1  47  63  3906  367952  1  0  51  0  0  0  437214  14  3  25  0  0  15  0  132  0  0  0  0  0  0  0  0  0  0  0  135807  0  0  0  0  0  0  0  0  876  0  4664  0  0  0  0  0  0  0  874  0  0  0  0  0  0  0  0  0  0  4  466  0  1587  0  0  0  0  0  0  0  0  0  0  0  1  0  0  0  0  0  0  0  0  162  4  0  0  0  0  1  0  0  0  
1175  0  0  491977  6146  3089  6  3  5  4  0  0  3205  80120  3873  120  496  20001  2  0  0  0  0  155  0  31  0  0  83575  0  0  62  3215  557  319  0  0  0  358  285439  28  0  0  3  37288  0  7045  197  234840  0  0  334637  8214  336  8  0  3  2  1  0  0  5  4  394  4  71  47  306055  61  7  0  0  6  0  0  0  0  0  0  0  0  0  0  0  0  0  0  0  0  0  0  0  0  0  0  0  0  0  0  0  0  0  0  0  0  0  0  0  0  0  0  0  0  0  0  0  0  0  0  0  0  0  0  0  0  0  0  0  0  0  0  0  0  0  0  0  0  0  0  0  0  0  0  0  0  0  0  0  
14  0  0  72  2  56  0  0  0  0  0  1447  0  35499  0  0  3  2079  0  0  0  0  0  151206  0  0  0  0  2  0  0  34  3  20  68  0  0  0  137794  98  0  0  34  0  0  0  163074  4  948  0  0  7  0  0  0  0  0  0  0  0  0  30614  18  17767  0  0  0  0  0  2  0  0  0  0  0  0  0  0  0  0  0  0  0  0  0  0  0  0  0  0  0  0  0  0  0  0  0  0  0  0  0  0  0  0  0  0  0  0  0  0  0  0  0  0  0  0  0  0  0  0  0  0  0  0  0  0  0  0  0  0  0  0  0  0  0  0  0  0  0  0  0  0  0  0  0  0  0  0  
11853  0  0  4  6493  10432  3  0  0  2  0  93848  50292  0  9167  176  3  334  1  0  0  0  0  2804  0  3  0  0  53  0  1  284  0  0  0  0  0  0  185230  244354  16  0  0  4  0  0  8526  1  106216  0  0  296354  8485  46  0  0  1  0  0  0  0  55143  14  13982  0  96  5  122  2  81  0  0  2  0  0  0  0  0  0  0  0  0  0  0  0  0  0  0  0  0  0  0  0  0  0  0  0  0  0  0  0  0  0  0  0  0  0  0  0  0  0  0  0  0  0  0  0  0  0  0  0  0  0  0  0  0  0  0  0  0  0  0  0  0  0  0  0  0  0  6  0  0  0  0  0  0  0  0  
140609  0  0  30  48918  21047  40  1  19  4  0  11317  0  1891  0  305078  12  418  10  0  0  0  1  37  2  486  1  0  89982  0  2  424  0  0  0  0  0  0  20  1350  59  0  0  12  1901  0  102  12  7000  0  1  1230475  663143  856524  71  4  16  2  1  0  3  138876  16  65  15  596  294  238762  58153  29  20  0  32  0  0  0  0  0  0  0  0  0  0  0  0  0  0  0  0  0  0  0  0  0  0  0  0  0  0  0  0  0  0  0  0  2  0  0  0  0  0  0  0  0  0  0  0  0  0  0  0  0  0  0  0  0  0  0  0  0  0  0  0  0  0  0  0  0  0  26  0  0  0  0  0  0  0  0  
25873  0  434312  71  371281  570422  576835  441692  959  7  0  13  0  41  299188  0  15  911  30  0  0  0  1  1868  0  211  0  10  49735  0  39769  4630  0  0  0  0  0  0  27  288  122  0  1  22  25329  20799  162  102  4960  0  5  5445  121562  930978  94  30  30  9  0  2  2  0  27  1371  142  15623  1058  1011  174788  129314  31  0  289  0  0  0  1376  0  1  6473  3456  16224  358  0  0  0  0  1  0  30568  0  0  1  0  0  0  0  0  0  1  0  0  24  47  2  519  0  0  0  0  0  0  0  0  4  0  0  0  1  732  0  0  0  0  1  0  0  0  0  1  0  0  0  0  0  0  0  0  0  547  2  0  0  10  17  0  2  0  
0  0  73  5542  4  73  15  70  92  239  0  443  2  1  9  49  0  395483  4844  2  1  0  32676  3828  6  1389  1  0  203  8  0  35970  4348  63  72824  7  1  15  0  31  45256  0  27012  594  5074  0  25385  416839  240944  106  63  27  6  56  773  117  394  1487  20  6  31  0  235  65  458  263  2472  67  3682  34  15  1  15117  80  0  0  0  3  2  0  3  0  44  1  0  2  0  2  0  0  1  4  2  0  2  1  3  0  0  57  0  0  1  0  4  44  0  0  0  18  0  0  0  0  147  0  0  1  6  2  1  19  8  0  0  4  1  0  0  12  1  0  1  0  4  0  2  0  0  138  4  3  0  0  5  0  6  0  
965  0  2  8961  324  2960  4  9  115  619  0  22909  3382  310  31  12  223039  0  358  0  2  3  25162  48003  5  1328  1  0  26  17  1133  176914  2282  103  13577  5  0  10  549  91  8924  0  14504  1379  250  0  368013  101774  403438  93  97  374  18  168  1397  37  281  44  13  10  34  2  3456  1150  388  867  163  121  178  2784  8  0  23813  110  0  0  1  2  1  1  3  1  57  8  0  0  0  1  0  0  0  10  2  0  7  0  15  0  0  86  8  0  0  1  13  67  0  0  0  25  0  0  0  0  270  0  1  0  19  7  2  38  11  0  6  1  0  2  0  48  0  0  0  0  7  0  1  0  0  305  25  1  2  0  9  0  14  0  
0  164882  0  162  0  19  24  7  52  4  129  0  0  1  14  5  11  149  0  56945  82  12225  28  0  287325  85  0  0  3  1  0  9  0  0  0  0  7  8441  0  0  446  188083  3  14938  2511  0  2  398  402  0  31102  22  1  152  501  1546  1507213  739647  343415  1216  30857  0  0  0  20175  46  30  15714  24  0  1  0  519037  0  0  0  0  0  0  0  0  0  0  0  0  0  0  0  0  0  0  0  0  0  0  0  0  0  0  0  0  0  0  0  0  0  0  0  0  0  0  0  0  0  2  0  0  0  0  0  0  0  0  0  0  0  0  0  0  1  0  0  0  0  0  0  0  0  0  0  0  0  0  0  0  0  0  0  
0  54  0  0  0  0  0  0  1245  1  999822  0  0  0  0  0  0  19  39556  0  0  317  0  0  5576  21  111544  0  7  9992  0  4  0  0  0  0  0  0  0  0  48  126194  0  250437  51  0  0  21  19  0  3  0  0  2  71  76803  5992  562156  8  0  20  0  0  0  347176  5  6  60  3  0  4686  0  358  0  0  0  0  0  0  0  0  0  0  0  21128  0  0  0  0  0  0  0  0  149  0  1  0  0  0  0  1  0  0  613  0  0  0  0  0  0  0  0  0  0  0  24  0  46  0  0  0  0  0  0  0  0  0  0  0  1  0  0  0  0  0  0  0  0  1  0  0  0  0  0  1  0  0  0  
0  294804  0  5  0  1  0  1  1  2  0  0  0  0  0  0  1  3  73  0  0  42561  114371  0  6  13  0  0  0  0  0  7  0  0  1  0  158000  2135  0  0  46  3  113  156  27  0  1  7  4  371325  116745  0  0  0  52  1  26  0  17697  383118  611683  0  0  0  3  2  1  24  0  0  0  26  452  0  0  0  0  0  0  0  0  0  0  4  0  0  0  0  0  0  1  1  0  0  16  9  0  0  0  2  0  0  0  0  0  1  0  0  0  2  0  0  0  0  1  4  1  0  0  0  0  1  0  0  119  0  0  0  0  0  0  0  0  0  41  0  1  0  0  1  1  0  0  0  0  0  1  0  
4  149810  0  64  31  37  3  13  33  52412  42165  9  0  0  13  3  2  157  3144  205  40301  0  132604  0  32  339  0  0  1  3248  0  29  0  0  0  0  0  143  0  146  4361  415325  1  1173316  488  0  41  60  289  4  119788  66  37  36  1987  5  109715  45751  1021  47  1371526  0  4  0  5384  353  5  469  21  2  2  0  938  1  0  10  0  0  0  0  0  0  20  131  28023  0  0  0  0  0  0  2  1  0  145  28477  24  0  0  16  0  0  1  46  6  4  0  0  0  3  0  1  0  0  90  110  0  8612  0  0  0  10  3  0  273  0  0  0  0  3  0  0  1  1  70  0  0  0  1  114  1  0  0  0  2  0  4  0  
5  2  1  146  61  157  146  295  777  39806  0  11  0  2  27  13  35887  42029  361  0  105201  140769  0  1089  1445  7346  0  0  7  129  0  81185  4  0  128254  0  2470  23636  1  136  38182  0  429047  150699  439  0  253  33846  1627  287608  345  113  60  252  13496  134  404  64  10916  21944  364366  0  140  21  4425  309  39  1803  59  55  30  593  96246  6  0  0  0  1  0  0  0  0  14  11  0  0  0  0  0  0  0  2  0  0  32  12  3  1  0  26  1  0  1  0  5  31  0  0  0  5  0  0  1  0  35  3  1  0  4  0  1  6  5  0  215  1  0  0  0  12  0  0  0  0  95  0  1  0  0  36  5  1  0  0  3  0  2  0  
219783  0  0  45  6116  34181  1  1  2  3  0  381  163731  17969  267  1194  756  35244  2  0  0  1  128  0  0  12  0  0  1  1  201878  53154  122  552  5690  0  0  0  48212  1329  52  0  7827  26  2  0  280389  4858  8473  0  0  9124  1782  24  1  0  4  2  0  0  0  227298  410429  875490  5  572  9  77  9  167501  0  0  117  0  0  0  0  0  0  1  0  0  1  1  0  0  0  0  0  0  0  0  0  0  0  0  0  58  0  2  0  0  0  0  198  6  0  0  0  1  0  0  0  0  2  0  0  0  0  0  0  0  0  0  0  0  0  0  0  0  0  0  0  0  0  0  21  0  0  37  0  0  0  0  0  0  1  0  
0  1  0  51  3  16  22  13  1344  23  5  0  0  0  26  5  7  386  192924  10371  5  6  382  0  0  171140  9144  0  134  20  0  56  0  0  0  4  0  35  0  0  694  0  12  1573  2202  1  5  226  521  19  451  13  0  281  328498  647651  42565  38174  2382  16  672  0  0  0  7926  466  161  16028  75  2  131  0  964151  0  0  0  0  0  0  0  1  0  1  0  0  0  0  0  0  0  0  0  0  0  0  0  0  0  0  4  0  0  0  0  0  1  0  0  0  1  0  0  0  0  5  0  0  0  0  0  0  0  0  0  0  1  0  0  0  0  0  0  0  0  0  0  0  0  0  5  1  0  0  0  0  0  0  0  
8  1  8  388270  49  537  420  514  2860  501  0  7  0  5  90  43  378  2484  651  22  0  50  445  0  140306  0  286  50499  204  1303  1  319  2678  123184  5  243349  0  18249  1  78  555436  2  12  9029  57854  7  93  2261  16175  0  282  895  51  1091  329991  179686  801  217  38  43  381  0  14  1  6090  13148  690378  13608  5427  5  1002  0  75721  2543  1  0  0  0  0  0  1  0  16  0  0  0  0  0  0  0  0  2  0  0  0  0  4  0  0  15  1  0  0  1  0  4  0  0  0  7  0  0  0  0  41  0  0  0  5  0  1  0  2  0  0  2  0  1  0  10  1  0  0  0  0  0  0  0  0  152  3  0  2  0  3  0  2  0  
0  0  103236  0  0  3  2  2  712  0  242  0  0  0  0  0  0  2  28  171589  0  0  0  0  4756  420  0  52  97  1128488  0  0  0  0  0  0  0  0  0  0  22  0  0  58  738  7516  0  8  11  0  4  0  0  10  1512  1197394  6  73  0  0  0  0  0  0  287971  55  346548  2  71  0  150519  0  2  0  0  0  0  0  0  0  0  0  0  0  64  0  0  0  0  0  0  0  0  72  0  0  0  0  0  0  31  0  0  2432  0  0  0  0  0  0  0  0  0  0  0  0  0  0  0  2  0  0  0  0  0  0  0  0  0  2  0  0  0  0  0  0  0  0  3  0  0  0  0  0  30  0  0  0  
0  0  156561  240107  0  2  0  4  653  0  0  0  0  0  0  18  0  7  1  0  0  0  0  0  0  76309  102  0  110215  0  0  1  0  0  0  0  0  0  0  0  28  0  0  6  736286  133506  0  4  44  0  0  5  1  5  1  607  1  0  0  0  0  0  0  0  9  15  598207  5  76  0  64  0  1  0  0  0  0  0  0  0  0  0  0  0  0  0  0  0  0  0  0  0  0  0  0  0  0  0  0  0  0  0  0  0  0  0  0  0  0  0  0  0  0  0  0  0  0  0  0  0  0  0  0  0  0  0  0  0  0  0  0  0  0  0  0  0  0  0  0  0  0  0  0  0  0  0  0  0  
9  0  144498  103083  34  228  53  109707  3629  9  0  56680  3  84  87797  41801  571  2597  372  0  0  0  2  0  1  1083  4  49761  0  7  1  298  4  1  1  0  0  0  0  83  998  0  0  99  958839  20914  326  6668  5197  0  2  12309  34  4874  210  65  95  71  0  1  0  0  15  0  349  7131  24027  527519  621693  13  941  0  241  0  0  0  0  0  0  0  0  0  5  0  0  0  0  0  0  0  0  0  0  0  0  0  0  0  0  9  0  0  0  0  0  2  0  0  0  4  0  0  0  0  23  0  0  0  1  0  0  1  1  0  0  0  0  1  0  2  0  0  0  0  0  0  0  0  0  37  2  0  1  0  2  0  0  0  
0  0  77399  14  0  25  34  21  39599  85699  34345  0  0  0  0  4  19  3226  260  8078  0  3143  8  0  16  756  875947  7  105  0  0  493  0  0  0  0  0  0  0  1  1086  0  6  32184  909  336198  12  675  1909  0  16  19  2  18  728  54064  473  72  3  0  18  0  9  1  540876  47264  39046  69  77  6  450954  0  1237  4  0  0  5  2  0  0  0  1  9940  718  33835  0  0  0  0  0  0  3  0  573  2  4431  2  0  0  15  426  0  2  103042  0  4  0  0  0  4  0  0  0  0  269  0  0  14  1  40  0  10  3  0  2  1  0  0  0  22  0  1  0  1  8  0  0  0  636  4201  4  0  0  0  30560  0  1  0  
86275  0  0  0  57027  47451  0  0  0  0  0  0  0  0  0  48133  2  250  0  0  0  0  3  170929  0  1  0  0  0  0  0  34493  0  0  0  0  0  0  2  0  6  0  0  0  0  0  293  1  20  0  0  0  0  0  0  0  0  0  0  0  0  0  315600  781  0  3  0  0  0  327282  0  0  10  0  6  0  0  0  0  207  0  0  0  0  0  0  0  0  0  205  0  0  0  0  0  0  1  1267  0  0  0  0  0  0  23940  205  0  0  0  0  0  0  0  0  0  0  0  0  0  0  0  0  0  0  0  0  0  0  0  0  0  0  0  0  0  0  558  5  0  6  2  0  0  331  0  0  1  0  
581  0  0  3  126  149019  4  6  77  421  0  4  45  70  18  2007  50174  428623  101  0  17  15  84633  35739  1  856  4  0  19  22  46081  0  2  2  30480  0  2  14  447  29  3674  0  15927  2150  286  1  30167  35132  48661  29  21  131  17  31  439  37  47  8  4  4  23  9  251405  8474  340  93754  71  39  93  185977  3  5  24981  32  1  0  0  6  1  2188  11  5  138  8  0  3  0  2  0  993  0  21  0  0  4  0  5  4  0  140  7  0  0  0  398  68665  0  0  0  42  1  0  2  0  355  0  0  2  27  12  2  11  23  0  19  15  2  4  0  77  1  0  0  1  7  0  9  0  1  1626  46  15  4  749  23  0  18  0  
0  0  0  96922  0  2  0  0  5  5  0  295  0  0  0  1  2371  2837  2  0  0  0  1  51  0  693  0  0  2  1  0  41  0  177269  41546  14479  0  0  0  0  59255  0  4  13  7  0  291  306294  3543  0  0  1  1  0  61  9  1  4  0  0  0  0  2  2  17  19  10  2  1  1  0  0  24886  328866  0  0  0  0  0  0  0  0  0  0  0  0  0  0  0  0  0  0  0  0  0  0  0  0  0  0  0  0  0  0  0  0  0  0  0  0  0  0  0  0  3  0  0  0  1  0  0  0  0  0  0  0  0  0  0  1  0  0  0  0  0  0  0  0  0  3  0  0  0  0  0  0  1  0  
0  0  0  2710  0  0  0  0  0  0  0  520  45  5  0  0  33  230  0  0  0  0  1  1014  2  93099  0  0  6  0  0  2  257767  0  541950  320870  36  381203  1  0  12869  0  129427  0  0  0  558  76923  54  11  0  0  0  0  139  0  0  0  4  1  10  0  0  22  0  0  0  0  0  0  0  1982  634259  100688  0  0  0  0  0  0  0  0  0  0  0  0  0  0  0  0  0  0  0  0  0  0  0  0  0  0  0  0  0  0  0  0  0  0  0  0  0  0  0  0  0  0  0  0  0  0  0  0  0  0  0  0  0  0  0  0  0  0  0  0  0  0  0  0  0  0  0  0  0  0  0  0  0  0  
0  0  0  808  0  1  1  0  10  19  0  277  9  0  0  0  53236  15154  29  0  0  0  115146  3343  1  221  0  0  4  0  0  28790  46568  569566  0  1  636  47230  0  1  554  0  377415  175  4  0  1257  347274  154  2579  4  0  0  0  98  0  8  0  1218  258  1551  0  5  86  51  24  0  2  0  0  0  86089  143944  35  0  0  0  0  0  0  0  0  3  0  0  0  0  0  0  0  0  0  0  0  0  0  0  0  0  4  1  0  0  0  1  2  0  0  0  0  0  0  0  0  5  0  0  0  0  0  0  1  0  0  0  0  0  1  0  3  0  0  0  0  0  0  0  0  0  4  1  0  1  0  0  0  0  0  
0  0  0  39  0  0  0  0  0  0  0  0  0  0  0  0  7  2  0  0  0  0  0  0  3  263906  0  0  0  0  0  0  19623  374477  4  0  0  5670  0  0  145029  0  0  0  0  0  0  24485  89  0  0  0  0  0  3539  0  0  0  0  0  0  0  0  0  1  0  0  0  0  0  0  0  52144  192379  0  0  0  0  0  0  0  0  0  0  0  0  0  0  0  0  0  0  0  0  0  0  0  0  0  0  0  0  0  0  0  0  0  0  0  0  0  0  0  0  0  0  0  0  0  0  0  0  0  0  0  0  0  0  0  0  0  0  0  0  0  0  0  0  0  0  0  0  0  0  0  0  0  0  
0  47272  0  0  0  0  0  0  0  0  0  0  0  0  0  0  11  2  5  0  99665  1  4485  0  1  0  0  0  0  0  0  4  0  66  1519  0  0  537678  0  0  0  0  201296  67  0  0  0  477  0  603875  1  0  0  0  4  0  0  0  138027  636581  4988  0  0  0  0  0  0  1  0  0  0  964453  21345  0  0  0  0  0  0  0  0  0  0  0  0  0  0  0  0  0  0  0  0  0  0  0  0  0  0  0  0  0  0  0  0  0  0  0  0  0  0  0  0  0  0  0  0  0  0  0  0  0  0  0  0  0  0  0  0  0  0  0  0  0  0  0  0  0  0  0  0  0  0  0  0  0  0  0  
0  26966  0  14  0  1  2  2  4  2  0  0  0  0  0  0  2  8  19626  0  240  246  2583  0  10  967  0  0  0  1  0  1  0  383650  66041  140  491504  0  0  0  61  6  228824  10221  84  0  1  6421  4  36295  139  0  0  1  254  0  60  1  438805  89733  49388  0  0  0  6  1  1  71  1  0  0  1025581  1615280  2  0  0  0  0  0  0  0  0  0  0  0  0  0  0  0  0  0  0  0  0  0  0  0  0  0  0  0  0  0  0  0  1  0  0  0  0  0  0  0  0  0  0  0  0  0  0  0  0  0  0  0  0  0  0  0  0  0  0  0  0  0  0  0  0  0  0  0  0  0  0  0  0  0  0  
18586  0  0  4  1052  7812  1  0  0  0  0  158  131689  210104  119  239  5  484  0  0  0  0  6  22372  0  6  0  0  0  0  7  2735  0  0  0  0  0  0  0  10314  15  0  1  13  0  0  97200  7  90924  0  0  29635  425  9  1  0  0  0  0  0  1  13741  370  134958  3  311  3  65  2  501  0  0  36  0  0  0  0  0  0  0  0  0  0  0  0  0  0  0  0  0  0  0  0  0  0  0  0  0  0  0  0  0  0  0  0  2  0  0  0  0  0  0  0  0  1  0  0  0  0  0  0  0  0  0  0  0  0  0  0  0  0  0  0  0  0  0  0  0  0  16  0  0  0  0  0  0  0  0  
1195  0  0  971  4448  2298  6  1  3  9  0  267423  1478  279635  2084  82  6  195  3  0  0  0  0  149  0  23  1  0  11  0  0  125  0  0  0  0  0  0  5727  0  118  0  0  8  85  0  1634  2  233458  0  0  29657  6364  181  8  1  7  0  0  1  0  179  12  882  2  112  33  38243  51  17  0  0  3  0  0  0  0  0  0  0  0  0  0  0  0  0  0  0  0  0  0  0  0  0  0  0  0  0  0  0  0  0  0  0  0  1  0  0  0  0  0  0  0  0  0  0  0  0  0  0  0  0  0  0  0  0  0  0  0  0  0  0  0  0  0  0  0  0  0  13  0  0  0  0  0  0  0  0  
396  1  2  148422  2447  2399  890  1036  3336  22869  0  313  0  158  1298  349  50633  74555  17173  45  4  113  3994  30  34  478343  163  9  200  159  5  5831  50626  13233  5  142057  0  0  49  3968  0  0  55  63488  9086  11  560  292820  229856  0  191  2458  2160  1903  162426  3507  2074  2480  34  18  583  1  194  55  6439  8817  52495  7201  861  167  369  0  108567  103292  1  0  1  13  4  4  12  1  193  17  0  4  0  4  0  0  2  38  9  0  14  5  31  3  1  336  18  0  1  2  68  112  0  1  0  88  0  0  0  0  919  1  12  7  18  22  6  156  37  0  11  12  3  5  0  126  1  0  4  1  39  0  5  0  2  690  99  11  4  0  29  0  59  0  
0  548506  0  40  0  0  1  1  0  0  90055  0  0  0  0  0  0  6  156237  148961  3  496110  1  0  1  1  0  0  0  0  0  0  0  0  0  0  0  0  0  0  0  0  0  197275  602  0  1  5  18  0  56002  1  0  12  19  0  851011  37070  1410  3  11109  0  0  0  25  2  3  88  2  0  0  0  8  0  0  0  0  0  0  0  0  0  0  0  373  0  0  0  0  0  0  0  0  0  0  47  0  0  0  0  0  0  0  0  0  0  0  0  0  0  0  0  0  0  0  74  0  5  0  0  0  0  0  0  0  0  0  0  0  0  0  0  0  0  0  0  0  0  0  0  0  0  0  0  0  0  0  0  
1  0  0  1  2  9  1  2  29  55  0  0  1  0  1  0  2955  5481  50  0  54  15  420751  3614  17  469  0  0  0  2  0  1802  3  188191  462725  0  157471  248018  0  1  1146  0  0  508  10  0  34  87581  82  155788  10  0  0  3  182  5  13  0  10900  437  6840  0  24  597  116  61  2  9  1  4  0  155229  107367  0  0  0  0  1  0  0  0  0  9  2  0  1  0  0  0  0  0  1  0  0  0  0  3  0  0  8  0  0  0  0  0  7  0  0  0  1  0  0  0  0  27  0  0  0  1  0  0  4  0  0  2  2  0  0  0  3  0  0  0  0  1  0  0  0  0  29  0  0  1  0  1  0  1  0  
69  7202  3  7920  361  1603  1652  4106  6948  228660  945988  125  0  26  257  376  131  20726  22357  120997  12  1003810  136345  11  826  20525  21  2  179  22461  5  2680  5  0  6  0  0  890  4  1251  98370  214020  55  0  27052  5  2316  3705  26965  287  32507  1158  388  3209  35535  979  124507  399366  6228  626  195962  0  64  12  383069  15203  944  13985  3389  68  305  6  41120  101  0  0  0  2  0  0  0  2  26  16  6361  0  0  0  0  0  1  8  2  0  3  264  6  0  0  51  2  0  0  12  2  19  0  0  0  14  0  0  0  0  114  56  0  227  7  4  0  10  1  0  7  6  0  1  0  18  0  0  0  0  4  0  1  0  0  235  13  7  0  0  5  0  18  0  
104  2  235731  353908  499  7781  2368  67994  37668  209  0  5974  0  68  863  39627  4059  12464  2713  2  0  6  21  16  45  70243  78  789524  779914  73  2  1415  4  0  0  0  0  0  6  645  5950  2  1  1470  0  409236  1753  27022  84931  0  382  3955  653  7238  1826  1610  6632  241  92  160  302  0  143  20  2356  28577  523882  187622  259338  119  10970  0  2443  1  1  0  0  0  0  1  1  1  32  0  0  1  0  1  0  0  0  6  0  0  0  0  2  0  0  37  6  0  3  0  1  12  0  0  0  12  0  0  0  0  70  0  0  0  2  3  0  0  3  0  1  2  0  0  0  18  0  0  0  0  1  0  0  0  0  147  10  1  0  0  5  0  8  0  
2  0  279462  71  11  46  15  203493  151839  0  0  0  0  2  4  15879  6  39  33  0  0  0  0  0  1  40  12858  87344  2132  288906  0  7  0  0  0  0  0  0  0  9  110  0  0  17  253097  0  1  97  596  0  1  33  10  455  12  301  30  2  0  0  0  0  0  0  62  574  169834  4  561  1  125124  0  5  0  0  0  273  0  0  0  0  64  4274  0  0  0  0  0  0  478  0  0  0  0  0  0  0  0  0  0  0  0  0  885  0  0  0  0  0  0  0  0  0  0  0  0  0  0  0  5542  0  0  0  0  0  0  0  0  0  0  0  0  0  0  0  0  0  0  0  1  0  0  0  0  9976  0  0  0  
13618  0  0  63  1404  18908  9  4  24  15  0  1807  135352  4616  455  160  258  217639  12  0  2  3  256  219179  0  223  1  0  4  4  1798  56546  91  58  531  0  0  0  95135  550  514  0  207  412  73  0  0  3138  81679  0  2  5672  1427  832  59  6  5  4  0  0  3  903  16593  186504  64  640  264  444  299  3384  4  0  960  0  0  0  0  1  0  0  1  0  3  0  0  0  0  0  0  0  0  1  0  0  0  0  0  1  0  5  1  0  0  0  1  10  0  0  0  0  0  0  0  0  16  0  0  0  1  0  0  0  4  0  6  0  0  0  0  0  0  0  0  0  2  0  0  0  0  39  1  0  0  0  0  0  0  0  
2  0  0  961  28  288  42  14  610  6440  0  253  6  3  17  32  345020  213707  1020  26  11  12  27140  6092  139  2363  33  3  133  79  19  18867  255466  34475  387614  10384  244  25561  6  71  211249  0  154992  3904  3944  4  31080  0  79103  1913  214  185  36  74  8595  857  626  168  2550  138  945  0  263  81  2340  3994  7802  336  251  135  54  14633  743792  84498  3  0  0  10  5  7  9  0  295  27  0  5  0  5  2  1  2  38  5  0  14  1  50  4  0  396  24  0  3  1  35  256  0  0  1  97  1  0  2  0  1431  0  7  15  44  31  2  163  55  0  7  39  3  6  0  151  2  1  2  5  33  1  1  1  1  1608  89  32  2  0  43  0  66  0  
57515  0  2054  478946  42218  50196  1973  2066  2438  15594  0  189973  5067  112868  17875  4265  136926  316298  60582  13  1  30  234  4706  118  8368  46  2  1887  81  196  56960  2118  15  33  10  0  2  84468  261669  240301  0  52  11270  128094  0  84335  30984  0  0  364  101539  42454  39449  6255  1517  26238  6962  47  55  134  1590  4296  17534  3532  17849  14436  197963  31930  4959  184  0  5954  80  0  0  1  1  0  24  5  2  69  6  0  0  0  1  0  0  0  4  2  0  5  1  8  0  0  97  8  0  2  0  10  85  0  0  1  27  0  0  2  0  204  0  3  2  13  4  1  17  13  0  5  6  3  0  0  51  3  0  0  1  5  0  5  0  1  1112  35  8  1  0  8  0  20  0  
0  4  0  1  0  1  0  0  1  6  0  0  0  0  0  0  73  40  2  0  370525  6  271796  0  11  19  0  0  0  1  0  34  0  0  2784  0  534490  139891  0  0  55  0  259814  682  17  0  0  5055  3  0  5  2  0  0  64  0  0  0  82482  317941  88620  0  0  0  18  1  0  8  1  1  0  80061  149958  1  0  0  0  0  0  0  0  0  0  0  0  0  0  0  0  0  0  0  0  0  0  0  0  0  0  0  0  0  0  0  0  0  0  0  0  0  0  0  0  0  0  0  0  0  0  0  0  0  0  0  0  0  0  0  0  0  0  0  0  0  0  0  0  0  0  0  0  0  0  0  0  0  0  0  
0  304949  0  165  0  10  8  25  12  1  0  0  0  0  1  3  0  27  3175  0  62046  144762  7  0  19  31  0  0  0  1  0  1  0  0  0  0  0  53  0  0  30  22585  0  29021  772  0  3  19  90  0  0  5  0  25  314  2  17429  33  63598  2805  259011  0  0  0  39  37  15  352  53  0  1  0  433  0  0  1  0  0  0  0  0  0  0  0  0  0  0  0  0  0  0  0  0  0  0  102  0  0  0  0  0  0  0  0  0  1  0  0  0  0  0  0  0  0  2  0  0  3  0  0  0  0  0  0  0  0  0  0  0  0  0  0  0  0  0  0  0  0  0  0  0  0  0  0  0  0  0  0  
129493  0  1  345  48173  61331  914  881  83  55  0  292296  15  346887  843833  3820  63  3835  706  3  0  1  5  1885  26  1504  8  1  30175  2  4  2053  1  0  0  0  0  0  55774  91463  565  0  0  117  3240  0  5659  137  58119  0  89  0  258694  226635  1037  134  1321  68  13  9  26  58279  133  3160  146  4913  2878  284470  6455  308  23  0  235  0  0  0  0  0  0  6  0  0  1  0  0  0  0  0  0  0  0  1  0  0  0  0  0  1  0  2  1  0  1  0  0  12  0  0  0  0  0  0  0  0  3  0  0  0  1  1  0  1  1  0  0  0  0  0  0  1  0  0  0  0  0  0  1  0  0  206  0  0  0  0  0  0  1  0  
149239  0  0  8  122295  27953  35  1  3  3  0  179  1  440  681980  69491  32  1038  13  0  0  0  4  72  0  53  1  0  2  0  11  1638  0  0  0  0  0  0  93  4283  90  0  0  10  40  0  318  40  12200  0  1  453236  0  73902  16  2  7  2  0  0  0  15  68  169  21  1218  257  168  99  84  0  0  21  0  0  0  0  0  0  2  0  0  0  0  0  1  0  0  0  0  0  0  0  0  0  0  1  0  0  1  0  0  0  0  0  14  0  0  0  0  0  0  0  0  1  0  0  0  0  0  0  0  0  0  0  0  0  0  0  0  0  0  0  0  0  0  0  0  0  107  0  0  0  0  0  0  1  0  
891  0  9  5120  5058  100026  49788  123875  5383  4  0  96  0  34  778077  867531  41  2534  733  1  0  1  10  7  88  10617  37  2  4509  43  3  466  3  0  0  0  0  0  8  1016  1090  0  0  283  14738  5  921  468  50127  0  143  365478  87603  0  3378  325  919  134  15  22  66  0  69  26  1311  18732  18817  181169  310239  58  288  0  1290  0  0  0  0  0  3  8  0  0  2  0  0  0  0  0  0  0  0  0  0  0  0  0  1  0  0  1  1  0  0  0  0  9  0  0  0  0  0  0  0  0  2  0  0  0  0  0  0  0  0  0  0  0  4  1  0  2  0  0  0  0  0  0  1  0  0  147  0  0  0  0  0  0  2  0  
3  2  2  463  16  322  704  963  17322  206  0  4  0  1  23  53  84  4336  9212  38  0  228  975  1  233766  375974  1452  0  213  522  0  358  31  286  2  11548  0  21  0  32  115846  4  12  50144  2323  0  80  2233  5317  9  225  109  8  775  0  39974  8598  1751  192  28  1919  0  14  3  31937  4059  5318  10513  266  11  1891  1  375068  111  0  0  0  1  1  0  0  0  5  0  0  0  0  0  0  0  0  2  1  0  0  0  1  0  0  12  0  0  0  0  1  2  0  0  0  7  0  0  0  0  26  0  1  0  4  0  0  3  0  0  0  1  0  1  0  6  0  0  0  0  1  1  0  0  0  54  2  0  0  0  1  0  1  0  
1  0  1  127  6  271  493  392  46306  51  9  1  0  0  6  11  74  3089  11596  119845  0  4  5  1  622185  277158  1031560  307  5338  22237  1  391  12  0  0  0  0  1  0  20  8632  1  0  13804  35946  110  78  2614  4835  0  168  260  17  816  116222  0  13494  130781  112  5  152  0  12  2  250703  11078  288982  11297  3761  7  295033  0  49626  2  0  0  0  0  0  0  1  0  5  0  0  0  0  0  0  0  0  0  0  0  0  0  1  0  0  7  0  0  0  2  0  1  0  0  0  0  0  0  0  0  20  0  0  0  2  0  1  0  0  0  0  2  0  1  0  6  0  0  0  0  0  0  0  0  0  31  2  1  0  0  1  0  2  0  
1  473651  0  264  1  23  19  8  93  12  1961  0  0  2  31  3  11  239  1624874  1753  8  217015  7  0  61494  39  4  0  14  3  0  22  0  0  0  0  0  15  0  2  881  718892  0  99639  6209  0  3  247  1147  0  59787  80  3  381  443  5426  0  136839  200965  53  37523  0  1  0  28200  85  104  41008  45  2  9  0  151308  0  0  0  0  0  0  0  0  0  0  0  0  0  0  0  0  0  0  0  0  0  0  0  0  0  0  0  0  0  0  0  0  0  0  0  0  0  0  0  0  0  2  0  0  0  0  0  0  1  0  0  0  0  0  0  0  0  0  0  0  0  0  0  0  0  0  4  0  0  0  0  0  0  0  0  
1  5975  0  331  3  24  17  3  271  13  311762  0  0  1  13  3  7  231  715235  540617  0  31014  9  0  55276  446  19  0  5  29  0  30  1  0  0  0  0  0  0  0  274  62514  2  295972  7764  0  4  271  949  0  13584  40  6  179  1781  125260  220578  0  2897  4  3626  0  2  0  223006  195  286  4899  26  1  41  0  3021  0  0  0  0  0  0  0  0  0  0  0  3  0  0  0  0  0  0  0  0  2  0  0  0  0  0  0  0  0  0  0  0  0  0  0  0  0  0  0  0  0  2  0  0  0  0  0  0  0  0  0  0  0  0  0  0  0  0  0  0  0  0  0  0  0  0  2  1  0  0  0  0  0  0  0  
1  346293  0  1073  0  41  34  38  16  17  0  1  0  1  20  6  6  69  285866  14  6667  14121  1645  0  286  150  0  0  2  0  0  13  0  0  2  0  123543  510711  0  1  468  470  283  43138  10228  0  4  333  270  1004  172792  9  3  328  900  11  158286  338  0  271307  125126  0  0  1  261  197  47  3867  100  0  3  264  232836  1  0  0  0  0  0  0  0  0  0  0  0  0  0  0  0  0  0  0  0  0  0  0  0  0  0  0  0  0  0  0  0  0  0  0  0  0  0  0  0  0  0  0  0  0  0  0  0  0  0  0  0  0  0  0  0  0  0  0  0  0  0  0  0  0  0  0  0  0  0  0  0  0  0  0  
0  143040  0  237  0  8  2  9  12  2  0  0  0  0  5  2  3  39  143  0  480931  404  4592  0  24  44  0  0  0  0  0  6  0  0  196  0  583058  142707  0  0  54  15  723  22202  1330  0  0  247  64  309016  64944  0  0  54  993  3  161  4  270120  0  227002  0  0  0  22  52  9  451  51  1  0  185904  50749  0  0  0  0  0  0  0  0  0  0  0  0  0  0  0  0  0  0  0  0  0  0  0  0  0  0  0  0  0  0  0  0  0  0  0  0  0  0  0  0  0  0  0  0  0  0  0  0  0  0  0  0  0  0  0  0  0  0  0  0  0  0  0  0  0  0  1  0  0  0  0  0  0  0  0  
0  84024  0  980  2  63  46  118  274  98  5714  0  0  0  16  27  18  320  2460  293  589957  1052793  353440  1  1302  282  2  0  2  13  0  54  0  0  87  0  2094  104120  0  4  705  27549  1779  234077  6191  0  12  392  678  73940  301940  19  4  433  17061  67  26437  8067  107829  212954  0  0  3  1  426  301  48  8550  220  2  20  780  79659  0  0  1  0  0  0  0  0  0  0  6  62  0  0  0  0  0  0  0  0  0  17  87  2  0  0  0  0  0  0  0  0  0  0  0  0  0  0  0  0  0  4  2  0  28  0  0  0  3  0  0  126  0  0  1  0  0  0  0  0  0  51  0  0  0  0  7  0  0  1  0  0  0  0  0  
115203  0  0  0  9  122  0  0  0  0  0  0  46682  47651  127780  1  1  3  0  0  0  0  0  209625  0  0  0  0  0  0  0  39  0  0  0  0  0  0  27142  50  0  0  0  0  0  0  214  0  245  0  0  88920  46  0  0  0  0  0  0  0  0  0  5  72805  0  10  0  10  0  3  0  0  2  0  0  0  0  0  0  0  0  0  0  0  0  0  0  0  0  0  0  0  0  0  0  0  0  0  0  0  0  0  0  0  0  0  0  0  0  0  0  0  0  0  0  0  0  0  0  0  0  0  0  0  0  0  0  0  0  0  0  0  0  0  0  0  0  0  0  0  0  0  0  0  0  0  0  0  
15  0  0  0  8  35083  0  0  7  25  0  0  356  46  1  1  6  13115  3  0  5  2  264  386552  0  158  0  0  1  1  315388  370337  0  0  2  0  0  0  1395  4  564  0  31  415  3  0  51285  169  318  0  1  9  1  0  39  4  1  0  0  0  1  16  0  109813  64  27  3  8  0  106660  0  0  1015  1  0  0  0  1  0  0  0  0  11  1  0  0  0  0  0  0  0  3  0  0  2  3  0  13  0  5  3  0  0  0  55  7  0  0  0  1  0  0  0  0  16  0  0  0  1  0  0  1  1  0  2  0  0  0  0  1  0  0  0  0  4  0  2  0  0  21  2  1  0  0  1  0  1  0  
44636  0  1  3  4188  33814  0  0  1  7  0  304  53895  48326  213  1377  36  4354  3  0  0  0  33  869181  0  23  0  0  1  1  527  31413  0  5  46  0  0  0  226239  1177  84  0  298  52  6  0  232258  47  16104  0  0  3395  900  21  10  0  0  1  0  0  0  110345  48492  0  7  1957  11  65  18  14309  0  0  283  0  0  0  0  0  0  2  0  0  1  0  0  0  0  0  0  0  0  1  1  0  0  0  0  1  0  1  0  0  1  0  0  18  0  0  0  0  0  0  0  0  12  0  0  0  3  0  0  0  2  0  0  0  0  0  0  2  0  0  0  0  0  0  0  0  1  123  2  0  0  0  0  0  0  0  
3  255  0  1445  22  642  2854  1088  61375  6981  437167  13  0  1  42  18  184  7792  140982  707683  0  6316  102  6  6747  5509  375436  4  1211  875097  1  1432  8  0  0  0  0  9  0  95  8754  3093  4  397866  27202  12  484  4136  8588  0  6944  505  32  1403  31832  126473  146424  250192  3139  77  4955  1  33  7  0  31174  4447  7418  573  29  162788  0  33768  1  0  0  0  2  0  0  1  1  11  9  9571  0  0  0  1  0  0  4  0  218  0  10  0  0  0  28  4  0  1  547  0  5  0  0  0  11  0  0  1  0  59  0  0  0  3  1  0  1  3  0  0  1  0  1  0  11  0  0  0  0  0  0  0  0  31  160  8  0  1  0  2  0  7  0  
873  0  12  859  399  489587  253470  215322  379373  390235  9  57  0  60  286  8629  520  46743  3357  13  0  50  158  493  16  9808  267  12  2050  64211  11  124611  40  1  6  2  0  0  78  519  20545  4  69  23935  14085  27  1200  11106  39933  0  145  3653  483  4566  10303  4443  887  329  18  9  35  2  233  2137  61369  0  7888  3783  5329  307  567  0  21501  636  1366  0  1  17  304  24000  2076  3917  5130  297  5  3  0  25  98  279  8  214  3  0  5  89  121  38  1  668  93  6  274  46  44  4145  0  0  0  117  0  0  43  0  2036  0  9  9  3604  261  61  63  105  0  11  156  207  121  0  1117  1  0  2  3  15  144  62  47  12  477947  910  17  146  125  2542  0  672  0  
5  0  65618  63725  55  2685  3221  543  30902  42  0  5  0  6  131  1801  517  5359  1652  19  0  3  7  1  94  905194  369277  495825  8155  41487  3  642  15  0  0  0  0  0  3  20  50202  0  0  5576  321948  173527  35  6871  11995  0  51  282  68  3600  20902  346091  390  1534  11  12  33  0  21  3  9981  41552  0  8032  22824  17  121917  0  579  1  0  0  0  1  0  1  0  0  5  1  0  0  0  0  0  0  0  1  0  0  0  0  1  0  0  22  2  0  0  0  1  5  0  0  0  5  0  0  0  0  22  0  0  0  2  1  1  4  0  0  0  0  0  0  0  8  0  0  0  0  0  0  0  0  0  66  7  0  1  0  1  0  1  0  
775  3  1  136481  2336  7918  1515  84  1010  21  0  233559  1  806  253119  604  32  5032  2442  4  0  8  16  50  184  9502  20  2  443462  15  3  989  0  0  0  0  0  0  311  13126  1096  2  0  237  378192  15  8188  95  153584  0  436  380244  2204  140589  6441  494  5873  324  68  69  196  21  106  98  392  4451  15630  0  125524  96  643  0  1690  0  0  0  0  0  0  5  1  3  2  0  0  0  0  0  0  0  0  2  0  0  0  0  1  0  0  1  0  0  0  0  0  3  0  0  0  1  0  0  0  0  3  0  0  0  1  0  0  0  0  0  0  0  0  0  0  1  0  0  0  0  0  0  0  0  0  254  0  0  0  0  0  0  3  0  
146  0  51439  9559  752  12269  13297  157579  14446  15  0  101  0  71  68172  172726  350  3192  1563  0  0  0  8  3  7  6717  25  68  504636  7  2  431  3  0  0  0  0  0  9  1136  1453  0  0  269  235020  646  256  3723  18599  0  23  12701  1055  376874  511  461  2164  152  3  11  20  0  31  5  390  25442  49495  114332  0  19  10239  0  361  0  0  0  0  0  0  2  1  0  4  0  0  0  0  1  1  0  0  0  1  0  0  0  0  0  0  8  2  0  0  0  0  2  0  0  0  3  0  0  0  0  17  0  0  0  3  1  0  0  1  0  0  0  0  0  0  5  0  1  0  0  0  0  0  0  0  69  7  0  0  0  3  0  3  0  
84116  0  0  0  86654  441213  0  1  1  16  0  1  1  44  8  154243  5  2614  1  0  2  1  105  172253  0  83  0  0  0  0  366228  237895  0  0  0  0  0  0  133  15  259  0  3  154  3  0  2332  75  568  0  0  75  6  3  16  0  0  1  0  1  1  5  99779  30427  25  104  2  1  2  0  0  0  701  1  1  0  0  0  0  2404  0  0  8  0  0  0  0  0  0  1157  0  0  0  0  0  1  0  47  0  2  0  0  0  0  4955  680  0  0  0  0  0  0  0  0  6  0  0  0  1  0  0  0  2  0  2  0  0  0  0  1  0  0  0  0  1  0  24  1  1  58  3  0  0  1899  1  0  0  0  
1  0  5  36  2  96  90  145  387739  26  2  0  0  1  0  26  29  1163  2621  1152  0  0  5  0  49  2603  59909  77  903  446324  0  174  0  0  0  0  0  0  0  7  3697  0  1  774  6126  131650  9  2093  1356  0  19  37  6  467  1809  229952  1580  223  6  0  21  0  2  1  95856  7915  104450  223  1100  3  0  0  366  0  0  0  0  0  0  0  1  5  4712  18  59  0  0  0  0  0  0  1  0  5  0  0  1  0  0  3  0  0  0  25106  0  0  0  0  0  0  0  0  0  0  16  0  0  0  0  31  1  1  0  0  0  1  0  0  0  5  0  0  0  0  0  0  0  0  0  49  2  0  0  0  175826  0  0  0  
0  0  0  0  0  0  1  2  1  0  0  0  0  0  0  0  4  2  0  0  6  1  969  0  2  4  0  0  0  1  0  2  0  420  54013  0  1202474  989550  0  0  9  0  91996  114  2  0  0  3429  0  110864  0  0  0  1  9  0  0  0  32698  183937  7757  0  0  0  1  0  0  5  0  0  0  0  144228  0  0  0  0  0  0  0  0  0  0  0  0  0  0  0  0  0  0  0  0  0  0  0  0  0  0  0  0  0  0  0  0  0  0  0  0  0  0  0  0  0  0  0  0  0  0  0  0  0  0  0  0  0  0  0  0  0  0  0  0  0  0  0  0  0  0  0  0  0  0  0  0  0  0  0  
9  110  0  1755  26  498  397  308  1950  1322  8  7  0  5  248  71  1546  39275  396647  1499  175  866  63442  46  1001570  50236  6  0  56  219  5  14840  36180  574985  184896  25801  5444  1824440  5  42  55885  27  193804  113471  21884  1  235  761871  7420  72958  15474  125  35  4033  540289  71682  125592  3274  188418  36221  145451  0  257  98  50769  1985  197  92335  291  150  89  115060  0  20006  1  0  0  4  1  2  3  3  95  6  0  0  0  3  1  0  1  7  3  0  7  2  19  1  0  127  6  0  2  0  18  89  0  0  1  32  0  0  1  0  412  0  0  4  16  9  2  74  14  0  10  10  2  5  0  46  0  0  0  1  13  0  2  0  1  315  34  11  1  0  13  0  20  0  
0  0  0  203  1  4  1  0  6  955  0  0  0  1  1  0  39  2290  7  1  0  2  29  0  0  582  0  0  0  2  0  69  346907  80257  50  176831  0  3  0  6  83557  0  2  472  66  0  9  137575  1527  0  5  21  6  0  728  6  14  1  1  1  3  0  2  0  20  338  2  35  0  1  0  0  40050  0  0  0  0  0  0  0  1  0  6  1  0  0  0  1  0  0  0  0  0  0  0  0  5  0  0  14  0  0  0  1  0  4  0  0  0  3  0  0  0  0  67  0  0  0  2  0  0  7  0  0  1  1  0  0  0  4  0  0  0  0  4  0  0  0  0  67  3  1  0  0  3  0  7  0  
0  0  0  0  1  31  0  0  0  0  0  0  0  0  0  0  0  0  0  0  0  0  1  0  0  0  0  0  0  0  260  1  0  0  0  0  0  0  0  0  0  0  0  0  0  0  0  0  1  0  0  0  0  0  0  0  0  0  0  0  0  0  0  0  0  24  0  0  0  89  0  0  0  0  0  0  1  27  204253  55414  153  8  168  0  0  96  4340  6040  49862  70023  0  94  1  0  1  1  15  439605  0  42  16  0  7  2  103464  9578  0  0  0  10  0  0  77619  0  196  0  0  0  238  17  6261  1  7639  0  1  32632  294523  120  0  775  1  0  0  0  1  295397  4903  17570  20  5562  32  49  14  88019  106  0  33  0  
0  0  0  0  0  0  0  0  0  0  0  0  0  0  0  0  0  0  0  0  0  0  0  0  0  0  0  0  0  0  0  0  0  0  0  0  0  0  0  0  3  0  0  0  0  0  0  0  0  0  0  0  0  0  0  0  0  0  0  0  0  0  0  0  0  0  0  0  0  0  0  0  1  0  0  0  0  6  0  0  0  0  9  0  0  0  0  0  0  0  0  1  657695  0  348584  7  7  0  0  3  0  0  0  0  0  0  0  0  0  4  2027  6392  0  0  13  240422  0  16  1  0  0  0  14  0  346826  0  0  0  0  2  13187  0  193871  179526  7224  0  0  0  1  2  0  1  0  0  2  644  353  0  
0  0  1613  0  0  0  0  897  27  0  0  0  0  0  0  888  0  0  0  0  0  0  0  0  0  0  0  0  0  3  0  0  0  0  0  0  0  0  0  0  0  0  0  0  0  391  0  0  0  0  0  0  0  0  0  0  0  0  0  0  0  0  0  0  0  0  0  0  0  0  2  0  0  0  0  0  0  0  0  0  443  18144  129  0  0  0  0  0  0  472336  0  0  0  0  0  0  0  0  0  7  103637  131194  273664  61335  0  0  0  0  0  1  0  0  0  0  15  0  0  0  409777  423395  0  0  0  0  0  0  0  12  0  8  0  0  0  0  0  0  1  0  0  2  126557  0  384  0  75  0  1  0  
0  0  0  0  0  0  0  0  0  0  0  0  0  0  0  0  0  1  0  0  0  0  0  0  0  0  0  0  0  1  0  0  0  0  0  0  0  0  0  0  0  0  0  0  0  0  0  0  2  0  0  0  0  0  0  0  0  0  0  0  0  0  0  0  0  5  0  0  0  0  0  0  0  0  21  0  0  0  47  195  629  97  3403  122  0  392327  0  109  88  39  569  1651  98  0  0  0  37  12  5  518301  277  121531  130608  3  0  23  21208  708  180  5131  0  0  81  98  117183  0  0  29  110305  497  534  849  539818  0  3  673  124  303  713  13616  58  11  1  0  6  6  11  19  252  2512  2373  131726  1303  0  2901  0  269  19  
0  0  0  0  0  13  4  3  0  0  0  0  0  0  0  9  0  0  0  0  0  0  1  0  0  0  0  0  0  0  0  0  0  0  0  0  0  0  0  0  0  0  0  0  0  0  0  0  0  0  0  0  0  0  0  0  0  0  0  0  0  0  0  0  0  180  0  0  0  0  0  0  0  0  144643  0  0  39  0  304838  1380  266  2529  13  0  529  0  2986  98479  514899  1  145  29  0  0  1  47  120  3  409  580  1  34  0  31  6844  0  0  0  156  0  0  3486  1  850  0  0  39  284  262  7360  6  11064  0  1  13644  613637  2854  2  13833  30  13  1  1  9  13532  304  1720  153  7061  2543  122  302  38472  1106  0  151  0  
0  0  0  0  42  13034  338  48  1  0  0  0  0  0  0  2990  0  18  0  0  0  1  5  0  0  1  0  0  0  0  79  1199  0  0  0  0  0  0  1  0  3  0  0  2  0  0  3  2  34  0  0  2  0  0  0  0  1  1  0  0  0  0  0  4  0  19815  0  0  0  942  0  0  3  0  45276  0  0  29  589587  0  363245  12698  3395  11  0  3149  5  3461  119252  820940  4  773  26  0  3  5  243  178301  2  303  139  0  41  0  6805  238370  0  0  3  77  0  0  1171  1  1083  0  5  11  868  2929  4456  28  6098  0  13  19403  71110  106937  5  5183  12  6  6  2  10  814  87628  61160  53  650474  563  188  1336  235039  725  0  918  0  
0  0  0  0  0  532  6113  198  0  1  0  0  0  0  0  4070  0  0  0  0  0  0  1  0  0  0  0  0  0  0  0  3  0  0  0  0  0  0  0  0  1  0  0  0  0  0  0  0  0  0  0  0  0  0  0  0  0  0  0  0  0  0  0  0  0  695  0  0  0  0  0  0  0  0  84  0  5  222  719  452574  0  391116  43050  17  0  375  0  196  14304  516159  4  449  22  0  0  0  140  13  0  1360  168  10  774  2  2  324  0  0  0  89  0  0  13  0  1108  0  4  9  1528  9365  652  10  1440  0  11  12520  3346  393889  7  19379  16  6  10  0  19  39  40  23  242  268891  573  1646  10855  0  30103  0  635  0  
0  0  9  0  0  70  2796  42299  8921  0  0  0  0  0  0  14473  0  7  0  0  0  0  0  0  0  0  0  0  0  36  0  1  0  0  0  0  0  0  0  0  11  0  0  1  0  101  0  4  7  0  0  1  0  2  4  2  0  0  0  0  0  0  0  0  1  4180  0  0  0  0  5  0  13  0  4  0  2077  57  37  4852  336948  0  146512  13  0  1  0  3  70  529545  17  2247  34  1  5  0  1125  35  5  453  121  7  174566  62  3  30  0  0  0  49  1  0  3  0  3758  0  10  12  71871  228476  107  66  653  0  22  42  89  31292  0  5330  30  0  17  4  36  2  284  5  364  269567  325  53  444263  0  5281  0  2357  0  
0  0  65  0  0  2  22  586  78325  176  0  0  0  0  0  83  0  8  0  0  0  2  0  0  0  0  0  0  0  25241  0  1  0  0  0  0  0  0  0  0  5  0  0  18  0  2801  0  8  7  0  0  0  0  0  10  0  0  0  0  0  0  0  0  0  4  2530  0  0  0  0  11365  0  3  0  8  0  205  673  25  85  64039  105431  0  78726  0  28  0  21  192  847  1  371  665  0  0  7  208  12  43  10141  1185  9  126  27022  1  17  0  1  0  3024  34  17  9  0  16394  0  6  18190  835  149225  71  108  1977  0  16  132  184  856  0  3315  550  60  30  54  434  3  19  3  8092  333824  4720  463  526  0  246198  0  807  0  
0  0  0  0  0  0  0  0  1363  206  1  0  0  0  0  0  0  15  1  0  0  54  2  0  0  1  0  0  0  6599  0  3  0  0  0  0  0  0  0  0  7  0  0  22  0  0  0  13  4  0  0  0  0  0  9  0  0  0  0  0  1  0  0  0  18  281  0  0  0  0  200  0  10  0  9  0  2  893  19  26  156  31  118899  0  0  28  0  43  22  4  25  203  455  0  10  5849  24212  5  45  19237  303  6  61  52412  2  33  0  1  1  2958  311  52  9  0  19510  2  30  118091  420  579  130  686  2375  0  108  67  60  133  0  1642  95  13  79  624  5428  4  10  7  1840  103348  1524  204  113  0  30320  0  593  0  
0  0  0  0  0  0  0  0  0  11  84038  0  0  0  0  0  0  0  0  15528  0  17664  0  0  0  0  17  0  0  34768  0  0  0  0  0  0  0  0  0  0  0  126  0  4982  0  0  0  0  0  0  0  0  0  0  0  0  0  2  0  0  71  0  0  0  3135  10  0  0  0  0  4  0  0  0  0  0  0  0  0  0  0  0  1  49  0  0  0  0  0  0  0  0  759  564409  0  101994  0  0  0  0  17  0  0  37539  0  0  0  0  0  0  0  0  0  0  4  163978  0  683166  0  0  0  0  0  0  0  0  0  0  0  1  270  165747  0  0  6  0  0  0  304528  0  0  0  0  0  2  0  0  0  
0  0  0  0  0  0  0  0  0  0  0  0  0  0  0  0  0  0  0  0  0  0  0  0  0  0  0  0  0  0  0  0  0  0  0  0  0  0  0  0  0  0  0  0  0  0  0  0  1  0  0  0  0  0  0  0  0  0  0  0  0  0  0  0  0  17  0  0  0  0  0  0  0  0  69  0  0  502699  737  1881  444  7  242  2  0  0  694  175520  1674  14  2072  31014  17  0  1  0  4  1711  2  2609  20  21  4852  0  0  126  11870  958  4686  27  0  0  8512  160818  98  0  3  0  491  18  2117  801  382411  0  3  114904  686  74  5  866  6  2  0  0  1  3  10  12  10  3157  61  307213  21  0  98  0  46  6  
0  0  0  0  0  0  0  0  0  0  0  0  0  0  0  0  0  0  0  0  0  0  0  0  0  0  0  0  0  0  0  0  0  0  0  0  0  0  0  0  0  0  0  0  0  0  0  0  0  0  0  0  0  0  0  0  0  0  0  0  0  0  0  0  0  0  0  0  0  0  0  0  0  0  3667  0  0  0  13  181  2  0  7  0  0  638  0  65588  4052  0  0  90  0  0  0  0  2  179110  0  2  0  0  0  0  12  80  0  20  23  1  0  0  174431  4  34  0  0  0  34  3  166217  0  109  0  0  64  10  0  0  15  0  0  0  0  0  146482  4598  70880  2  20  2  2  0  2  4  0  2  0  
0  0  0  0  0  3  0  0  0  0  0  0  0  0  0  0  0  1  0  0  0  0  0  0  0  0  0  0  0  0  0  0  0  0  0  0  0  0  0  0  0  0  0  0  0  0  0  0  0  0  0  0  0  0  0  0  0  0  0  0  0  0  0  0  0  28  0  0  0  0  0  0  0  0  9314  0  0  66  7958  6653  330  13  326  4  0  301305  64134  0  37565  16  1  443  3  0  0  0  5  3307  0  55  51  0  25  0  7  425  0  0  0  21  0  0  319809  102314  134  0  0  1  73  42  36384  0  198361  0  1  403938  4973  230  0  1480  0  1  0  0  0  57349  65  66  17  4812  153  2214  31  1  193  0  34  0  
0  0  0  0  0  3  1  1  0  0  0  0  0  0  0  0  0  0  0  0  0  0  0  0  0  0  0  0  0  0  0  1  0  0  0  0  0  0  0  0  1  0  0  0  0  0  0  0  0  0  0  0  0  0  0  0  0  0  0  0  0  0  0  0  0  90  0  0  0  0  0  0  0  0  58556  0  0  92  80280  100869  4818  117  1007  2  0  1699  19503  80798  0  96784  0  207  10  0  0  0  38  89027  0  311  113  1  185692  0  1  301  0  0  0  110  0  0  15  0  400  0  1  13  7437  63  328  6  1405  0  1  1501630  1966509  641648  17  7344  5  10  4  0  3  160537  35  30  133  4704  907  221538  238948  0  683  0  181  0  
0  0  342  0  46  4576  348  22871  64  0  0  0  0  0  0  27027  0  0  0  0  0  0  0  0  0  0  0  0  0  0  1567  558  0  0  0  0  0  0  0  0  0  0  0  0  0  284  0  0  0  0  0  0  0  0  0  0  0  0  0  0  0  0  0  0  0  54  0  0  0  1961  0  0  0  0  83036  0  339103  59  674012  949888  709416  550513  941  3  0  42  0  60  135977  0  2  46  7  0  1  0  14  15083  0  312  49  288  336443  319  64629  556  0  0  0  34  0  0  10  0  210  0  0  0  86541  62465  45  0  427  0  1  311  86227  949849  2  2727  6  2  0  0  3  21  2005  2178  90  2063  300  202  247157  339080  974  0  48  0  
0  0  0  0  0  0  0  0  0  28  0  0  0  0  0  0  0  18  0  0  0  0  1  0  0  2  0  0  0  0  0  7  0  0  0  0  0  0  0  0  5  0  1  8  0  0  0  12  6  0  1  0  0  0  1  1  0  0  0  0  0  0  0  0  4  24  1  0  0  0  1  0  19  0  9  0  0  753  6  4  48  19  756  175  0  3405  0  1  5  3  0  427146  24  0  2  0  165764  9637  2  2730  60  1  205  0  25  108  26132  32  146311  249  3  18  1  0  71084  0  36839  26  8365  125  6118  278106  67072  21  14  3  6  21  0  3201  10  1  8  9  66  1  277  67  84  1173  352  8  198  0  753  10  703  6  
0  0  0  0  0  3  0  0  0  37  0  0  0  0  0  1  2  24  0  0  0  0  3  0  0  0  0  0  0  1  0  3  0  0  0  0  0  0  0  0  7  0  0  15  0  0  0  25  9  0  0  0  0  1  6  2  0  0  0  0  0  0  0  0  3  46  1  0  0  0  1  0  17  0  219  0  0  2236  494  1656  1701  47  2587  191  0  21807  20  782  1342  10  312957  0  50  0  4  6  176198  181731  7  1704  194  6  167  1  254  1043  4028  43  32309  310  2  8  15  494  15940  0  15761  51  7514  401  215415  10471  239496  12  21  870  691  284  0  12849  25  6  19  7  73  16  7080  2079  265  2606  650  38  503  1  1692  5  1008  1  
0  0  0  0  0  0  0  0  0  0  0  0  0  0  0  0  0  1  0  0  0  0  0  0  0  0  0  0  0  2  0  0  0  0  0  0  0  0  0  0  0  0  0  0  0  0  0  0  0  0  0  0  0  0  0  0  0  0  0  0  0  0  0  0  0  46  0  0  0  0  0  0  1  0  23  655884  0  1902  104  164  781  140  491  16  1210  170  0  130  317  50  16  258  0  86994  2906  29983  36  9  165840  3418  226  57  217  8  0  32  0  0  0  61  109  30519  33  0  1254  332395  5  145747  3991  75  469  103  8611  1  188596  768  1283  1460  3  140347  1581583  884248  179782  446  107358  16  20  5  10521  716  149  11067  219  0  533  19344  399284  0  
0  0  0  0  0  0  0  0  0  0  410  0  0  0  0  0  0  0  0  51  0  0  0  0  0  0  33  0  0  920  0  0  0  0  0  0  0  0  0  0  0  0  0  0  0  0  0  0  0  0  0  0  0  0  0  0  0  0  0  0  0  0  0  0  146  0  0  0  0  0  3  0  0  0  0  0  0  1  0  0  0  0  3  0  535517  0  0  0  0  0  0  0  103470  0  0  38  0  0  5547  1  161634  0  0  39856  0  0  0  0  0  0  0  0  0  0  1  217613  0  250155  0  0  0  0  1  0  49  0  0  0  0  188337  25705  474417  0  0  158  0  0  0  196396  1  0  1  0  0  179  0  0  0  
0  3  0  0  2  0  0  0  1  80  0  0  0  0  1  0  0  36  2  0  1  71  12  0  0  22  0  0  0  1  0  17  0  0  0  0  0  0  0  2  166  0  3  30  0  0  0  68  18  0  5  1  0  0  17  1  6  0  0  0  2  0  1  0  2  42  0  1  0  1  0  0  91  0  0  348829  0  85  1  2  4  2  175  54  0  3  0  1  3  0  5  47  3325  0  0  7772  198186  16  29  430  14  0  3  0  378  1192  0  4  27  96  115407  1363  0  0  966  17154  2058  30  14  21  5  306  186  436186  233943  6  1  4  0  243  90  1  130092  829719  921934  0  49  0  3  241  59  16  2  0  53  548  29173  3  
0  21  0  0  0  1  0  0  8  403  3507  0  0  0  0  0  0  14  3  1  0  21967  8  0  0  3  0  0  0  1421  0  3  0  0  0  0  0  0  0  2  56  68  0  498  1  0  0  13  9  0  9  1  2  0  5  0  1  0  0  0  30  0  1  0  16  416  0  1  0  0  2  0  21  0  0  38  0  13  2  2  7  1  107  5090  54928  1  0  1  3  0  4  21  34084  218  10210  0  86998  12  8  345  4  0  0  13992  112  479  0  0  0  79  2  0  0  0  520  442124  24  982330  16  14  3  58  44  0  69178  7  11  10  0  104  50715  278  335  5  770151  0  31  0  1034  169  20  15  6  0  26  0  366  0  
0  0  0  0  0  0  0  0  3  92  0  0  0  1  1  0  1  45  1  0  0  8  6  0  0  9  1  0  0  10  0  14  0  0  0  0  0  0  1  0  59  0  0  24  2  0  1  68  28  0  1  0  0  0  18  0  4  0  0  0  1  0  1  0  7  62  2  1  0  1  1  0  53  0  2  1  6  504  18  35  100  13  3773  18732  0  51  0  10  18  3  94167  194475  278  0  185833  51899  0  40214  144  11068  248  3  41  8  322  1796  3  19  254641  2075  6678  251  3  0  15053  4  555689  94779  270  696  777  17243  1426  276565  495  44  56  134  1  3420  259  7  319  6986  643440  3  2717  60  445  2165  955  75  83  0  2127  19  33905  43  
0  0  0  0  0  12  0  0  0  4  0  0  0  0  0  0  0  8  0  0  0  1  15  24  0  2  0  0  0  0  1592  13  0  0  0  0  0  0  0  0  12  0  0  3  0  0  0  8  6  0  0  1  1  0  1  0  1  1  0  0  1  0  8  0  0  12  1  0  0  82  0  0  5  0  419956  0  0  21  966  83247  105  6  230  5  0  1828  325390  5657  104429  12276  7381  223560  12  0  8  12  79838  0  0  135  14  0  7  1  263566  26766  26  2160  3448  34  0  1  162754  1  3928  0  5790  6  674  43  509020  680  1028  0  8  384  109  37  0  935  4  2  6  0  10  287202  694383  1262865  22  796  75  11  38  80221  124  0  390  0  
0  0  0  0  0  0  0  0  0  1  0  0  0  0  0  0  0  0  0  0  0  0  0  0  0  0  0  0  0  19  0  0  0  0  0  0  0  0  0  0  0  0  0  0  0  0  0  0  0  0  0  0  0  0  0  0  0  0  0  0  0  0  0  0  0  4  0  0  0  0  0  0  0  0  0  0  0  183  34  22  48  2  309  9  0  15  0  7  26  2  5  10  155481  669  798  7  56  0  0  531696  85430  1  7  19  0  2  1  58261  0  171956  462  1305  1  0  7791  0  18  3643  185  11  23  95  574  0  4277  46  86  89  174041  776151  123  11855  2635  1293  8204  0  1  0  174  57  861  314  13  0  155  55  1052995  0  
0  0  0  0  0  2  0  0  1  3  0  0  0  0  0  0  0  6  1  0  0  0  0  0  0  0  0  0  0  0  0  1  0  0  0  0  0  0  0  0  5  0  0  2  0  0  0  3  4  0  0  0  0  1  1  0  0  0  0  0  0  0  0  0  0  187  0  0  0  0  0  0  3  0  193  0  12  332148  240  774  2307  425  9172  1069  0  1256  1  1233  699  172  1389  2045  540  0  11  4  374  91  338618  0  24515  217551  906  11  11  145  87180  24165  6  663138  82  1253  273  0  523448  0  9  336  167384  1747  4457  549  41513  0  48  2198  995  4835  205100  221642  329  66  71  206  512  21  103  79  396  25319  567468  8257  2444  0  6112  11  41017  1729  
0  0  0  0  0  0  0  0  0  0  0  0  0  0  0  0  0  0  0  2  0  0  0  0  0  0  22  0  0  895  0  0  0  0  0  0  0  0  0  0  1  0  0  0  0  0  0  0  0  0  0  0  0  0  0  0  0  0  0  0  0  0  0  0  0  2  0  0  0  0  0  0  0  0  3  0  142962  10  218  132  344  51  797  7  26  5  0  4  37  27  4  38  82  173375  0  0  11  1  35587  73809  0  2509  440  782337  0  5  0  0  0  450  0  0  1  0  4055  0  1  16  633  92388  44  29  103  0  1  78  133  259  10036  1003164  8  733  0  0  7  4  3  2  68718  1727  699355  22  797  0  125337  0  60  0  
0  0  0  0  0  0  0  0  0  0  0  0  0  0  0  0  0  0  0  0  0  0  0  0  0  0  0  0  0  0  0  0  0  0  0  0  0  0  0  0  0  0  0  0  0  0  0  0  0  0  0  0  0  0  0  0  0  0  0  0  0  0  0  0  0  3  0  0  0  0  0  0  0  0  4  0  138788  139147  6  15  42  13  78  2  0  24  0  11  24  3665  4  42  0  0  0  0  6  0  0  276373  2102  0  60138  0  0  6  0  0  0  28  0  0  5  0  83  0  0  0  1139058  8318  132  0  2342  0  0  44  99  78  2  230  1  0  0  0  1  0  2  1  4  258  617806  545  27  0  54  0  31  0  
0  0  1  0  0  1  0  5  0  0  0  0  0  0  0  9  0  0  0  0  0  0  0  0  0  0  0  0  0  0  0  0  0  0  0  0  0  0  0  0  2  0  0  0  0  0  0  0  0  0  0  0  0  0  0  0  0  0  0  0  0  0  0  0  0  24  0  0  0  0  0  0  2  0  3  0  184966  164736  36  87  1117  88640  1605  7  0  12419  0  14  169190  288873  5  192  14  0  0  0  53  8  1  212  145  87293  0  0  0  3  0  0  0  54  0  0  2  0  1063  0  0  2  1282309  9731  302  10  3971  0  6  6177  51  3444  9  4725  9  1  2  0  10  1  32  3  264  599  1773  474990  690890  0  720  0  432  0  
0  1  496  0  0  0  0  20  9285  82  222  0  0  0  0  32  0  3  0  130  0  40  0  0  0  0  1422  0  0  219276  0  0  0  0  0  0  0  0  0  0  0  0  0  24  0  1201  0  0  0  0  0  0  0  0  0  0  0  0  0  0  0  0  0  0  164  80  0  0  0  0  15156  0  0  0  0  0  64991  0  1  0  3  1077  37097  55538  48973  0  0  0  0  527  0  3  4  52650  0  22153  1  0  6  18  706625  0  0  0  0  0  0  0  0  5  0  0  0  0  47  0  0  34089  5  384439  1  3  1  0  0  0  0  1  0  138935  0  199  0  0  4  0  0  0  623384  53  930  1  2  0  501268  0  1  0  
0  0  0  0  0  1746  0  0  0  15  0  0  0  0  0  14  1  16  1  0  0  1  2  155  0  2  0  0  0  2  25547  539  0  0  0  0  0  0  0  0  14  0  0  6  0  0  0  29  11  0  0  1  0  0  2  0  2  0  1  0  0  0  24  0  2  53  0  1  2  6411  0  0  19  0  63353  0  0  7  167  21316  12  6  166  8  0  6  2  22  12  47086  94  3284  6  0  3  6  5819  248228  1  124  18  0  12  0  0  185019  0  0  6  19  0  0  66  0  1069  0  13  4  1182  33  588  161  178  0  3  94  15  14  0  816  3  0  2  0  14  116  416456  1237  18  295  53  1  31  250705  105  0  282  0  
13  0  0  0  3  662  0  1  0  23  0  0  0  1  0  53  12  168  2  0  2  0  42  15  0  6  0  0  0  1  235  63600  0  0  0  0  0  0  0  0  39  0  1  26  2  0  44  33  193  0  0  6  3  3  2  1  3  1  0  0  2  0  20  38  1  846  1  3  8  258  1  0  72  0  5043  0  0  50  1058  150563  114  24  491  37  0  13  5  60  76  360  33  2936  23  0  42  39  2348  9439  8  520  44  1  20  0  161613  0  1  0  6  115  1  0  269  0  2248  1  36  19  2488  86  1833  683  442  0  63  377  143  38  0  1945  12  4  33  6  85  495  226104  5769  33  85523  177  14  78  42271  256  0  4142  0  
0  0  0  0  0  0  0  0  0  0  0  0  0  0  0  0  0  0  0  0  0  0  0  0  0  0  0  0  0  0  0  0  0  0  0  0  0  0  0  0  0  0  0  0  0  0  0  0  0  0  0  0  0  0  0  0  0  0  0  0  0  0  0  0  0  0  0  0  0  0  0  0  0  0  0  0  0  15116  0  0  0  0  0  0  0  8658  0  0  1  0  27646  1650  0  0  0  0  0  1  1  58968  0  0  1  0  0  0  0  127294  157229  239004  0  0  0  0  222177  0  0  0  0  0  0  249641  3473  0  0  0  1  0  0  0  0  0  0  0  0  0  0  0  0  0  0  0  0  0  0  0  5  218413  
0  0  0  0  0  0  0  0  0  0  0  0  0  0  0  0  0  0  0  0  0  0  0  0  0  0  0  0  0  0  0  0  0  0  0  0  0  0  0  0  0  0  0  0  0  0  0  0  0  0  0  0  0  0  0  0  0  0  0  0  0  0  0  0  0  0  0  0  0  0  0  0  0  0  0  0  0  1424  0  0  1  0  8  0  0  2589  299  3  0  0  20  22  0  0  0  0  79  3604  54528  27736  0  1  0  0  0  0  110488  0  895687  381082  15  101992  1  0  33760  0  217057  1  1  0  18  65227  20  54  0  1  0  1  0  7  0  0  2  21  208  0  0  268  0  1  1  2  0  0  1  112  950078  184003  
0  0  0  0  0  0  0  0  0  12  0  0  0  0  0  0  0  15  0  0  0  0  1  0  0  1  0  0  0  3  0  5  0  0  0  0  0  0  0  0  2  0  2  3  0  0  0  15  4  0  0  0  0  0  1  1  0  0  0  0  0  0  0  0  0  15  0  0  0  0  0  0  10  0  0  0  0  219  1  1  2  0  222  43  0  4165  101  0  0  0  105761  36432  13  0  31  0  206101  5352  8  342  6  0  1  0  6  77  164919  654224  0  82  248  53246  1  0  1029  0  330719  15  15  31  1386  464173  322  16658  18  3  3  4  0  303  6  1  19  858  554  0  7  326  4  225  28  7  5  0  41  13012  110598  85247  
0  0  0  0  0  0  0  0  0  0  0  0  0  0  0  0  0  1  0  0  0  0  0  0  0  0  0  0  0  0  0  0  0  0  0  0  0  0  0  0  0  0  0  0  0  0  0  0  0  0  0  0  0  0  0  0  0  0  0  0  0  0  0  0  0  1  0  0  0  0  0  0  1  0  2  0  0  4088  33  334  523  13  720  52  0  53  0  19  438  49  27  52  312  0  168  34  432  1  75733  514746  44  16  51  0  1  10  151414  432335  4  0  870  177  2  0  440064  0  709  2446  899  91  66  2943  1705  71  48  399  488  2825  97118  18136  283  45  566  2420  4332  3  7  1  44  919  6522  736  553  0  321  239  188222  177664  
0  0  0  0  0  0  0  0  0  0  0  0  0  0  0  0  0  0  0  0  0  0  0  0  0  0  0  0  0  0  0  0  0  0  0  0  0  0  0  0  0  0  0  0  0  0  0  0  0  0  0  0  0  0  0  0  0  0  0  0  0  0  0  0  0  0  0  0  0  0  0  0  0  0  0  9762  0  9  0  0  2  0  104  5  0  2  0  0  0  0  1  0  1  0  71246  3  7924  0  9  55  2  0  0  0  0  0  0  5  31  33  0  444687  0  0  366  0  278167  2  6  4  1  105  35  314561  0  0  2  1  0  16  1  0  63266  640374  5660  0  0  0  2  28  1  6  0  0  28  876888  7697  11  
0  0  0  0  0  0  0  0  0  0  0  0  0  0  0  0  0  0  0  0  0  0  0  0  0  0  0  0  0  0  0  0  0  0  0  0  0  0  0  0  0  0  0  0  0  0  0  0  0  0  0  0  0  0  0  0  0  0  0  0  0  0  0  0  0  0  0  0  0  0  0  0  0  0  0  26188  0  31  2  0  3  1  119  10  0  0  0  0  0  0  4  6  3762  0  1260  2  2524  2  478  804  1  0  2  0  0  1  0  79841  37189  47  428625  0  0  0  491  0  312235  11  7  3  2  50477  70  143190  110  0  2  1  0  53  36  1  314208  43284  5816  0  0  0  1  28  10  10  2  0  24  951935  1515163  995  
0  0  0  0  0  1  0  0  0  0  0  0  0  0  0  0  0  0  0  0  0  0  0  0  0  0  0  0  0  0  0  0  0  0  0  0  0  0  0  0  0  0  0  0  0  0  0  0  0  0  0  0  0  0  0  0  0  0  0  0  0  0  0  0  0  7  0  0  0  0  0  0  0  0  103021  0  0  2799  6560  19517  141  5  349  17  0  7799  145149  302073  58  4  6  340  1  0  0  1  16  28346  0  67  45  0  54  0  305  3155  0  0  0  11  0  0  0  1061  555  0  0  0  668  29  84848  2  201926  0  0  24719  5883  66  0  1010  1  0  0  0  0  39011  15376  58630  28  1041  79  6803  38  36  162  0  12  0  
0  0  0  0  0  0  0  0  0  0  0  0  0  0  0  0  0  0  0  0  0  0  0  0  0  0  0  0  0  0  0  0  0  0  0  0  0  0  0  0  0  0  0  0  0  0  0  0  0  0  0  0  0  0  0  0  0  0  0  0  0  0  0  0  0  0  0  0  0  0  0  0  0  0  0  0  0  6999  3  0  0  0  2  0  0  243829  12  128235  1  0  0  267  0  0  0  0  0  0  0  1  0  0  0  0  0  0  0  0  0  0  0  0  3719  0  0  0  0  0  2  0  1596  0  82665  0  0  2332  0  0  0  0  0  0  0  0  0  0  0  0  0  2  0  28424  0  0  0  0  0  0  
2  0  0  0  1  11  1  0  56  588  0  0  0  0  1  0  1  337  10  0  0  5  2  0  0  24  0  0  1  116  0  75  0  0  0  0  0  0  0  2  233  0  2  309  6  0  0  429  177  0  8  4  1  1  110  7  15  0  2  0  3  0  3  0  95  831  7  3  2  0  1  0  323  5  158  1  26  144434  1109  868  2546  594  75500  11204  0  406  0  276  630  171  67867  36618  10455  0  146  63  46226  948  7647  525137  3559  101  2644  40  246  1254  182630  38308  292  369449  926  646  110  0  0  1  15305  4995  80147  5825  3006  285388  110106  342  247  1192  2064  3289  43926  92929  4673  685  754  2971  13333  32  5555  180  1574  158654  16994  7939  4820  0  20712  241  89945  106173  
0  7  0  0  0  0  0  0  0  7  152  0  0  0  0  0  0  3  0  16  1  233  0  0  0  1  0  0  0  0  0  0  0  0  0  0  0  0  0  0  17  13  0  17  0  0  1  3  2  0  11  0  0  0  0  0  0  0  0  0  1  0  0  0  0  3  0  1  0  0  0  0  4  0  0  171803  0  0  0  0  0  0  3  3  169627  0  0  0  1  0  0  1  337101  226511  11067  487567  0  0  0  4  0  0  0  0  1  3  0  0  0  1  0  0  0  0  5  0  0  456338  0  0  0  0  1  0  400061  0  0  0  0  1  67947  3993  21  0  60751  0  0  0  0  2  0  1  0  0  0  0  3  0  
0  0  0  0  0  0  0  0  0  11  0  0  0  0  0  0  0  10  0  0  0  0  0  0  0  2  1  0  0  0  0  2  0  0  0  0  0  0  0  0  1  0  0  3  0  0  0  6  3  0  0  0  0  0  1  0  0  0  0  0  0  0  0  0  2  11  0  1  0  0  0  0  7  0  0  0  0  17  0  0  4  0  69  41  0  1  2  0  2  0  2192  4304  10  0  92  3  483087  4847  22  223  4  0  0  1  4  46  0  151118  286322  68  185599  355514  0  0  878  0  0  5  7  10  1  34368  36  294724  5  3  1  2  0  130  5  0  21  1393  1413  0  2  12  4  117  21  0  0  0  18  46273  42138  738  
0  0  0  0  0  0  0  1  0  21  2011  0  0  0  0  0  0  20  1  5  0  5610  0  0  0  7  0  0  0  18  0  2  0  0  0  0  0  0  0  1  37  1  0  890  0  0  0  27  11  0  0  0  0  0  4  0  3  0  0  0  4  0  0  0  1  29  0  0  0  0  0  0  17  0  17  56  1  2918  121  148  255  35  45294  143048  730346  104  0  59  195  15  14  376  89396  98303  82  933551  58650  9  277  15444  255  7  158  49490  1  29  0  0  0  668  8  2  19  0  9553  294847  5  0  1571  619  311  74  7598  0  8390  375  820  910  1  12400  264766  337187  20290  64  164617  18  36  3  360161  1857  1007  1935  261  0  60615  49  14330  0  
0  0  1  0  0  7  1  0  0  3  0  0  0  0  0  1  0  4  1  0  0  0  1  0  0  0  0  0  0  0  0  1  0  0  0  0  0  0  0  0  10  0  1  2  1  0  0  3  6  0  0  0  0  0  0  1  0  0  0  0  0  0  0  1  0  258  0  1  0  0  0  0  11  0  158  0  276048  101066  868  1063  8784  47253  12925  278  0  1099  0  676  4227  111799  462  3908  135  1  5  2  866  135  4  362779  1325  1065155  1198335  4  16  228  0  0  1  1785  0  0  209  0  20635  0  18  56  0  136023  6679  84  76624  0  30  4701  8295  16013  225  26874  68  30  41  5  44  102  614  119  866  18146  619932  137823  354713  0  6938  1  3991  0  
0  0  1362  0  0  0  3  3066  896  4  0  0  0  0  0  518  0  4  1  0  0  0  0  0  0  0  2  0  0  11  0  1  0  0  0  0  0  0  0  0  3  0  0  1  1  4242  0  5  1  0  0  0  0  0  0  0  0  0  0  0  0  0  0  0  0  34  0  0  0  0  70  0  2  0  5  0  286372  90  170  531  34691  227606  142260  194  0  9  0  3  102  44265  31  3218  149  2  2  0  1381  64  13  16299  73763  5952  4480  440064  1  25  0  0  3  7114  2  1  5  0  33103  0  10  29  229091  0  199  119  1002  1  13  143  271  1239  4  137694  116  21  11  7  55  3  299  8  1842  49985  123432  163  5040  0  189947  0  1609  0  
0  0  0  0  0  2  0  0  0  0  0  0  0  0  0  0  0  0  0  0  0  0  2  0  0  1  0  0  0  0  0  0  0  0  0  0  0  0  0  0  1  0  0  0  0  0  0  0  0  0  0  0  0  0  0  0  0  0  0  0  0  0  0  0  0  28  0  0  0  0  0  0  2  0  22987  0  0  26  22161  12542  1736  44  2392  20  0  5741  107739  17273  1605  32  313  141547  22  1  0  3  440  367211  3  407  216  7  134  0  442  7912  6  6  159  128  0  0  74034  589  7655  0  0  13  11381  353  0  117  66851  0  5  12901  2473  512  2  12123  15  4  2  2  8  2505  47321  235510  190  2959  755  43  478  31  1467  0  160  0  
0  0  0  0  1  4  0  0  20  769  0  0  0  0  0  0  6  594  5  0  0  2  5  0  0  29  0  0  0  57  0  169  0  0  0  0  0  0  0  3  175  0  2  171  3  0  0  806  249  0  4  2  1  0  89  5  4  2  0  0  0  0  1  0  83  673  19  0  3  0  2  0  444  2  2  0  1  1889  10  27  51  11  1803  1660  0  1747  7  5  12  0  276665  80693  318  0  108  13  47297  910  123  5677  110  0  30  8  269  1967  262018  70528  516189  2753  456  105879  2  0  267669  0  163423  206  277  272  358  0  2109  29443  91  26  21  63  0  1960  69  7  87  1919  1671  3  218  75  35  10434  473  69  46  0  427  25618  312699  313590  
0  0  0  0  0  13  1  1  0  4  0  0  0  0  0  0  0  2  0  0  0  0  2  0  0  1  0  0  0  0  0  1  0  0  0  0  0  0  0  0  3  0  0  3  0  0  0  4  4  0  0  0  0  0  1  0  0  0  0  0  0  0  0  0  1  174  1  0  0  0  0  0  3  0  18953  0  7  578486  61747  46739  23505  676  51830  2327  0  419315  99  213519  11445  260  69485  260203  618  1  3  4  2062  1440  24  84152  2860  1799  11245  15  82  3148  7124  9  260  2828  4  3  137066  48144  98132  0  5  331  105397  4823  72924  959  0  0  28  82956  13251  3403  102  182604  374  134  20  4  80  1615  1903  597  3662  32278  7051  71557  6353  97  25728  0  1320  1  
0  0  0  0  0  0  0  0  0  0  0  0  0  0  0  0  0  0  0  0  0  0  0  0  0  0  0  0  0  0  0  0  0  0  0  0  0  0  0  0  0  0  0  0  0  0  0  0  0  0  0  0  0  0  0  0  0  0  0  0  0  0  0  0  0  0  0  0  0  0  0  0  0  0  0  1  0  7  1  0  0  0  45  3  0  0  0  0  0  0  17  5  3  0  403674  0  262667  0  43  102  2  0  0  0  0  1  0  56  7547  64  380835  121455  0  0  679  0  611406  4  2  5  0  5527  25  0  2  1  0  2  0  35  2  1  206  335563  106989  0  0  0  0  12  3  7  1  0  8  65128  186505  260  
0  10  0  0  0  2  0  0  0  23  0  0  0  0  1  0  0  12  0  0  1  222  1  0  0  8  0  0  0  3  0  2  0  0  0  0  0  0  0  1  52  0  0  19  1  0  0  24  12  0  14  0  2  0  4  0  0  1  1  0  10  0  0  1  1  12  0  1  0  0  0  0  24  0  0  285252  0  114  0  1  1  0  17  13  0  4  0  0  1  0  0  4  93340  20  204535  49230  8  0  4  98  3  0  3  0  9  13  0  0  0  3  6  0  1  0  59  383626  0  662  24  3  3  8  276  0  0  6  3  2  0  62  58097  10  65511  11330  416079  0  1  0  5  23  8  27  2  0  16  0  205  0  
0  0  0  0  0  23  3  1  0  1  0  0  0  0  0  0  0  1  0  0  0  0  0  0  0  0  0  0  0  0  0  0  0  0  0  0  0  0  0  0  0  0  0  0  0  0  0  0  2  0  0  0  0  1  1  0  0  0  0  0  0  0  0  0  0  487  0  0  0  0  0  0  2  0  23305  0  0  8869  80927  75378  43812  205  2649  12  0  228172  26  696196  1114862  2751  3  1257  35  0  2  0  117  885  1  483  382  1  8889  1  14  3604  0  0  0  172  0  0  15993  2216  1031  0  3  22  1738  294  4898  7  46029  0  12  0  412872  525371  13  13614  18  10  5  0  18  183812  216  238  207  37790  2318  604715  655  7  1538  0  606  0  
0  0  0  0  0  14  5  12  2  0  0  0  0  0  0  0  0  0  0  0  0  0  0  0  0  0  0  0  0  0  0  0  0  0  0  0  0  0  0  0  0  0  0  0  0  0  0  0  0  0  0  0  0  0  0  0  0  0  0  0  0  0  0  0  0  471  0  0  0  0  0  0  0  0  183503  0  0  98  536250  93555  4372  898  4466  14  0  1736  4  16571  2177786  76305  5  249  60  0  2  0  67  141  2  682  486  0  111  1  7  4037  0  0  0  218  0  0  13733  0  1150  0  0  57  1222  309  720  4  2814  0  4  621634  0  206609  11  19292  48  25  1  0  5  331590  184  112  308  18215  2295  1715  507  25  1905  0  275  0  
0  0  0  0  0  1  0  0  0  2  0  0  0  0  0  1  0  1  0  0  0  0  0  0  0  0  0  0  0  0  0  1  0  0  0  0  0  0  0  0  0  0  0  0  0  0  0  0  2  0  0  0  0  0  1  0  0  0  0  0  0  0  0  0  1  446  0  0  0  0  0  0  1  0  144  0  0  304  1429  95426  417857  75809  11612  64  0  259  0  375  714807  1135938  16  1012  128  3  0  0  438  17  10  3545  493  15  14724  1  3  154  0  0  1  1017  0  2  124  0  4901  0  5  111  24389  2456  739  22  2993  0  8  504019  86862  0  145  70622  91  56  6  2  43  250  91  26  1673  17117  4647  86043  295310  0  8709  0  1540  0  
0  0  0  0  0  1  0  0  0  0  0  0  0  0  0  0  0  0  0  0  0  0  0  0  0  0  0  0  0  0  0  0  0  0  0  0  0  0  0  0  0  0  0  0  0  0  0  0  1  0  0  0  0  0  0  0  0  0  0  0  0  0  0  0  0  4  0  0  0  0  0  0  0  0  7  0  0  767  53  240  394  6  54  0  0  33  0  19  398  54  1  19  141  0  0  0  3  2  197418  251207  5770  44  32  0  0  7  0  0  0  207717  0  0  8  0  62972  0  0  47  699  22  72  0  575  0  0  389  541  2289  0  212526  86  28  0  0  1  2  0  2  24  184  19755  465  377  0  51  0  47344  0  
0  0  0  0  0  2  0  0  0  2  0  0  0  0  0  0  0  6  0  0  0  0  0  0  0  0  0  0  0  41  0  3  0  0  0  0  0  0  0  0  1  0  0  1  0  0  0  2  8  0  0  0  0  0  1  0  0  0  0  0  0  0  0  0  0  244  0  0  0  0  0  0  8  0  144  3  1333  5842  7413  6456  14249  900  27887  211  10  436  1  400  5330  1098  36  1206  143722  129275  457  18  438  22  635463  238783  936463  267  1199  109779  9  273  0  3  4  26216  157  78  168  0  71783  0  111  18456  11815  70353  1911  817  18992  2  4364  8211  17215  31330  216693  0  15556  295079  2471  440  6148  204  76  37  113137  19044  308289  26355  7745  0  319931  11  142121  0  
0  0  0  0  0  0  0  0  0  0  0  0  0  0  0  0  0  0  0  0  0  0  0  0  0  0  0  0  0  0  0  0  0  0  0  0  0  0  0  0  0  0  0  0  0  0  0  1  1  0  0  0  0  0  0  0  0  0  0  0  0  0  0  0  0  17  0  1  0  0  0  0  0  0  33  2642  1  2936  287  355  828  118  626  11  2590  190  0  103  1004  95  8  239  1598098  40188  339  16414  45  1  226  4155  61  25  265  1  2  50  0  0  0  96  6  1  33  0  1441  69143  0  456689  3813  175  448  8  9591  0  60528  1716  4208  3786  15  8733  0  154502  58844  46  221113  64  21  5  9222  978  230  12716  304  0  879  2  108498  0  
0  0  0  0  0  0  0  1  0  0  0  0  0  0  0  0  0  0  0  0  0  0  0  0  0  0  0  0  0  0  0  0  0  0  0  0  0  0  0  0  0  0  0  0  0  0  0  0  0  0  0  0  0  0  0  0  0  0  0  0  0  0  0  0  0  10  0  0  0  0  0  0  0  0  17  0  0  383  264  279  369  24  181  3  164628  38  0  26  610  54  3  55  1139852  434798  33  72  8  3  10660  1145  319  0  69  105  0  25  0  0  0  78  4  1  18  0  498  9965  0  606725  945  64  97  1  1133  0  630  991  2546  2315  6  278245  83150  0  391  22  1281  29  7  4  303818  299  114  3822  94  0  1975  0  1239  0  
0  0  0  0  0  0  0  0  0  1  0  0  0  0  0  0  0  0  0  0  0  0  0  0  0  0  0  0  0  0  0  0  0  0  0  0  0  0  0  0  0  0  0  0  0  0  0  0  0  0  0  0  0  0  1  0  0  0  0  0  0  0  0  0  0  9  0  0  0  0  0  0  0  0  10  140894  0  9976  21  43  112  25  1387  59  0  267  0  53  28  7  4  178  268112  0  67750  84  62  5  249  6132  88  34  307  0  2  7  0  0  0  299  52285  343553  22  0  2807  20  9  3579  1623  157  318  30  23819  29  228288  312  67  79  0  3090  57804  22  0  223058  100350  3  23  9  104  651  302  2467  123  0  632  374692  216842  1  
0  0  0  0  0  0  1  0  0  0  0  0  0  0  0  0  0  0  0  0  0  0  0  0  0  0  0  0  0  0  0  0  0  0  0  0  0  0  0  0  0  0  0  0  0  0  0  0  0  0  0  0  0  0  0  0  0  0  0  0  0  0  0  0  0  1  0  0  0  0  0  0  1  0  0  194312  1  186  1  5  17  0  1008  93  0  3  0  2  2  1  4  28  2088  0  739635  116  8507  0  155  1162  27  0  8  2  0  3  0  12  35  381  502532  68180  2  0  3149  0  1653  166  60  48  6  232  388  385937  34184  11  8  20  0  381  92  7  228857  0  146447  0  1  0  18  333  93  44  17  0  203  375734  144220  17  
0  16  0  0  0  1  0  0  0  9  0  0  0  0  0  0  0  5  0  0  1  142  3  0  0  4  0  0  0  0  0  1  0  0  0  0  0  0  0  1  23  0  0  6  1  0  0  19  6  0  6  0  1  0  3  0  0  0  0  0  3  0  0  0  1  12  0  0  0  0  0  0  17  0  1  8885  2  818  18  19  143  14  8256  1028  2  25  0  10  20  3  42  69  126197  131  825369  720529  512895  6  1868  9546  233  1  51  4  26  94  0  120  539  2976  11674  10347  1  0  33074  40006  1002  139146  237  512  44  473  1950  67791  468570  42  60  161  1  3517  170104  289  129658  117852  0  0  8  1  44  3654  714  269  84  0  993  77  50519  14  
0  0  0  0  0  0  0  0  0  0  0  0  0  0  0  0  0  0  0  0  0  0  0  0  0  0  0  0  0  0  0  1  0  0  0  0  0  0  0  0  0  0  0  0  0  0  0  0  0  0  0  0  0  0  0  0  0  0  0  0  0  0  0  0  0  2  0  0  0  0  0  0  0  0  189980  0  0  20  9094  10196  64  3  211  3  0  24  253180  97707  132665  4  0  16  2  0  0  0  2  248128  0  33  8  0  12  0  12  759  0  0  0  12  0  0  174078  0  96  0  1  0  66  18  458  0  168  0  0  179732  203397  60  1  1055  3  2  0  0  0  0  172  3475  16  631  58  44  19  2  112  0  4  0  
0  0  0  1  0  4  0  1  1  15  0  0  0  0  0  0  0  20  1  0  2  1  34  17  0  4  0  0  0  1  943  33  0  0  0  0  0  0  0  0  23  0  0  8  1  0  1  18  14  0  0  0  0  0  2  0  1  1  0  0  1  0  4  0  1  31  0  0  0  18  0  0  22  0  16264  0  0  29  1389  82854  254  21  1081  24  0  34  436  201  421  82  111  25057  29  0  23  29  20263  680813  6  424  90  4  87  0  364758  288341  0  0  14  102  2  0  2330  0  12028  0  28  19  7471  195  24976  286  1427  0  29  771  313  73  0  5122  10  4  8  4  41  2214  0  122433  95  1590  402  20  228  123554  647  0  998  0  
0  0  0  0  0  4  0  1  0  0  0  0  0  0  0  0  0  0  0  0  0  0  1  0  0  0  0  0  0  0  0  1  0  0  0  0  0  0  0  0  0  0  0  0  0  0  0  0  1  0  0  0  0  0  0  0  0  0  0  0  0  0  0  0  0  21  0  0  0  0  0  0  0  0  47392  0  0  2  3232  100293  92  13  196  1  0  15  172415  154  152  855  491  3278  2  0  3  0  1389  1219581  0  47  16  0  25  0  1560  39314  0  86  100  24  0  0  405063  0  1284  0  36  0  1439  47  263584  15  381  0  0  590  127  36  0  1091  1  0  0  1  1  11388  217970  0  24  4601  64  6  43  22948  151  0  38  0  
0  0  0  0  0  0  0  0  1  0  193  0  0  0  0  0  0  0  0  2  0  3  0  0  0  0  9  0  0  5400  0  0  0  0  0  0  0  0  0  0  0  0  0  2  0  0  0  1  0  0  0  0  0  0  0  0  0  0  0  0  0  0  0  0  20  10  0  0  1  0  1  0  0  0  9  1  0  591  326  396  864  134  16201  1365  453214  33  0  43  727  70  3  117  26006  234929  92  866  19  3  1328  3476  102666  3  78  777945  1  22  0  0  0  272  14  1  25  0  2211  4  1  415915  1029  965  131  21  1927  0  1410  1070  2309  3958  5  188622  22717  443551  882  61  1737  24  11  2  0  711  506  2226  484  0  127265  0  10573  0  
53  0  0  13  19  48044  2381  3634  52443  93779  0  1  0  1  16  177  121  7203  64  1  0  23  37  59  1  410  12  0  36  13812  16  3094  2  0  3  0  0  0  8  3  1869  0  45  6025  193  2  135  9169  3810  0  19  120  20  60  2630  156  39  9  3  0  4  0  29  130  4417  313042  474  53  69  80  120  0  4778  21  4273  0  12  2016  4632  615167  310323  250699  443103  151285  0  3144  1  3505  18403  2821  126  4198  450  0  14  63  2069  371  20  79100  3566  93  2881  43  224  111760  0  0  10  22206  366  70  264  0  301605  1  79  572  28702  8937  3143  1420  15621  2  88  8060  8993  7296  9  28078  261  32  176  744  6287  335  2546  495  398  0  29404  2605  2400  678  37747  12  6221  0  
0  0  0  0  0  1  0  0  0  0  0  0  0  0  0  0  0  2  1  0  0  0  0  0  0  0  0  0  1  1  0  0  0  0  0  0  0  0  0  0  3  0  0  0  0  0  0  4  1  0  0  0  0  0  0  0  0  0  0  0  0  0  0  0  1  36  0  0  0  0  0  0  9  0  28  0  117264  2985  4060  3599  7669  351  7924  108  0  84  0  129  1933  1670  41  735  174  0  2  0  195  18  76  712814  534805  599412  3467  8138  1  58  0  0  0  10348  0  4  70  0  24569  0  14  157  520480  167164  426  134  2205  0  19  2522  3448  12716  6230  313946  123  43  10  4  51  41  70  12  267  14606  0  2808  34922  0  2493  0  1268  0  
0  0  0  0  0  4  2  0  0  0  0  0  0  0  0  0  0  0  0  0  0  0  0  0  0  0  0  0  0  0  0  0  0  0  0  0  0  0  0  0  0  0  0  0  0  0  0  0  2  0  0  1  0  0  0  0  0  0  0  0  0  0  0  0  0  149  0  0  0  0  0  0  1  0  211  0  1  257597  1455  5506  9566  202  12586  121  0  366828  0  3889  263496  2642  10  474  197  0  0  0  152  102  4  5498  481  60  659700  3  1  518  0  0  0  918  0  2  5329  9353  3696  0  1  108  223660  851  3898  17  78512  0  6  619411  9038  167349  167  51625  127  60  9  0  22  180  40  96  1250  9794  3272  0  24984  0  7201  0  763  0  
0  0  0  0  0  0  0  0  0  0  0  0  0  0  0  0  0  1  0  0  0  0  1  0  0  0  0  0  0  0  0  0  0  0  0  0  0  0  0  0  1  0  0  0  0  0  0  0  1  0  0  1  0  0  0  0  0  0  0  0  0  0  0  0  0  279  0  0  0  0  0  0  3  0  11  0  6  136  308  594  39464  297273  8657  30  0  13  0  33  197443  210002  33  586  87  0  0  1  228  13  4  2304  636  41  880045  3  2  24  0  0  0  556  0  0  18  0  3180  0  8  51  426056  19380  300  27  1092  0  9  190  754  248024  165  25633  47  24  9  3  23  25  75  10  1251  12935  40525  10154  0  0  5498  0  1150  0  
0  0  0  0  3  2685  0  0  0  0  0  0  0  0  0  18  0  1  0  0  0  0  0  0  0  0  0  0  0  0  603  894  0  0  0  0  0  0  0  0  0  0  0  0  0  0  0  0  1  0  0  0  0  0  0  0  0  0  0  0  0  0  0  1  0  60  0  0  0  2124  0  0  0  0  84094  0  0  0  123071  237015  1  0  0  0  0  0  0  0  1  369739  0  5  0  0  0  0  0  95346  0  0  0  0  0  0  263346  52460  0  0  0  0  0  0  47  0  11  0  0  0  8  0  20  0  12  0  0  4  7  1  0  6  0  0  0  0  0  19  132974  11671  0  375  0  0  0  0  2  0  1  0  
0  0  25  0  0  0  0  19  77333  0  0  0  0  0  0  4  0  2  0  0  0  0  0  0  0  0  2  0  0  20216  0  0  0  0  0  0  0  0  0  0  2  0  0  0  0  4593  0  1  1  0  0  0  0  0  1  0  0  0  0  0  0  0  0  0  0  1736  0  0  0  0  85278  0  1  0  14  0  83  1132  200  240  26684  2448  286706  7329  59  63  0  36  379  81  11  713  4931  368  10  3  358  15  209  22794  77669  20  1064  435370  1  29  0  2  0  7319  44  42  13  0  23777  0  8  14913  1940  204292  218  80  3446  0  152  605  1280  2490  3  530563  3433  951  160  73  802  17  51  9  119098  31132  15215  1241  1552  0  0  1  5123  0  
0  0  0  0  0  0  0  0  0  0  0  0  0  0  0  0  0  0  0  0  0  0  0  0  0  0  0  0  0  0  0  0  0  0  0  0  0  0  0  0  0  0  0  0  0  0  0  0  0  0  0  0  0  0  0  0  0  0  0  0  0  0  0  0  0  0  0  0  0  0  0  0  0  0  0  2552  0  34  1  0  0  0  39  4  0  1  0  0  0  0  0  1  3585  0  1718  5  992  0  3  46  0  0  1  0  0  0  0  659  6126  18  748736  1081808  0  0  123  0  74408  144  8  1  1  7045  76  117895  102  0  2  2  0  29  64  0  389113  357917  828  0  0  0  1  11  3  5  2  0  6  0  209947  389  
0  0  0  0  0  1  0  0  0  2  0  0  0  0  0  0  0  12  0  0  0  0  0  0  0  0  0  0  0  2  0  4  0  0  0  0  0  0  0  0  3  0  0  3  0  0  0  21  6  0  0  0  0  0  0  0  0  0  0  0  0  0  0  0  1  81  1  0  0  0  0  0  8  0  71  177  1  13731  304  452  1773  278  4156  187  0  698  0  348  1297  135  710  787  378760  0  74562  228  48039  30  1130861  125840  135  427  820  1  24  172  4  886546  83049  291523  12726  1607462  73  0  67632  5  103673  15508  13715  347  1420  319659  39652  153538  44378  3215  5756  4221  32998  350381  71936  1003  215511  205066  151822  73  35  21  3012  2804  535  29044  604  0  1958  202319  0  108860  
0  0  0  0  0  0  0  0  0  0  0  0  0  0  0  0  0  0  0  0  0  0  0  0  0  0  0  0  0  0  0  0  0  0  0  0  0  0  0  0  0  0  0  0  0  0  0  0  0  0  0  0  0  0  0  0  0  0  0  0  0  0  0  0  0  0  0  0  0  0  0  0  0  0  0  0  0  3  0  0  0  0  1  0  0  0  0  0  0  0  12  8  2  0  3  0  302  0  36  1469  0  0  0  0  0  1  194584  230846  56526  208138  9  1676  0  0  92985  0  1208  0  1  1  0  378619  10  386  0  2  1  0  0  6  0  0  5  132  67  0  0  0  0  3  0  1  0  0  3  413  142330  0  
