0  0  0  4  424204  81955  29  192  988  34  0  1008  7  197  82055  760  44  3774  0  0  1  0  56  353371  0  8  67  0  158  81  151595  4197  0  0  111  0  1  0  70027  121  87  0  10  227  996  674  18663  164  24438  0  0  21992  147238  7054  0  173  0  5  5  1  11  3430  1130  94301  15  17855  310  2822  760  146951  170  0  34  0  38  0  0  0  178  357  31  8  4  0  0  0  0  3  0  11  0  20  0  0  0  0  2  1  0  0  0  0  14  0  0  82  0  0  0  0  0  0  1  0  1  0  0  0  73  0  36  0  1  0  0  386  1980  73  0  9  0  0  0  0  0  0  2  0  1  901  3  39  1  0  0  0  1  0  
0  0  0  0  0  0  0  0  0  18  6  0  0  0  0  0  150  127  263799  0  327951  79955  157  1  0  0  0  0  0  0  0  7  0  1  62  0  16308  110  0  0  52  257595  2055  327  0  0  1  1554  0  10  299949  0  0  0  0  0  68248  10  90676  81466  139629  0  3  0  5  4  0  0  0  0  0  56599  4649  0  0  0  0  0  0  0  0  0  0  3  0  0  0  1  0  0  0  0  0  0  2  11937  9  0  0  1  0  0  0  0  2  6  0  0  0  0  0  0  0  0  12  342  0  1  0  0  0  0  9  0  39  0  0  0  0  2  0  0  0  0  340  0  1  0  0  0  0  1  0  0  0  0  8  0  
0  0  0  0  0  0  4  1528  29  0  0  0  0  0  0  248293  0  3  0  0  0  0  0  0  0  0  82604  149575  177449  74964  0  1  0  0  0  0  0  0  0  0  0  0  0  3  327144  314012  0  0  1  0  0  0  0  0  0  0  0  0  0  0  0  0  0  0  0  1  149556  0  8642  0  122  0  0  0  0  0  3880  0  0  0  1  174  204  0  0  0  0  0  0  3691  0  0  0  0  0  0  0  0  0  0  18  0  0  1208  0  0  0  0  0  0  0  0  0  0  0  0  0  0  0  1951  0  0  0  0  0  0  0  0  0  0  0  0  0  0  0  0  0  0  0  2  0  0  0  0  906  0  0  0  
21  0  0  0  1  8  0  18  6  2  0  305599  0  428  2  2  1812  1265  0  0  0  0  8  9  0  205385  263  172933  128769  4  0  277  6553  1443  36  739  1  0  187  1209  107537  0  4  3  172348  20  8  956  331948  0  2  148  27  35  17  596  0  7  4  0  5  3  24  8  9  39  358  87777  127  2  42  0  145  10835  0  0  0  0  0  2  0  0  0  0  0  0  0  0  0  0  0  1  0  0  0  0  2  1  0  0  0  0  0  0  0  1  0  0  0  0  0  0  0  0  4  0  0  0  1  0  1  0  0  0  0  0  0  0  0  1  0  0  0  0  0  0  0  0  0  1  0  0  0  0  0  0  0  0  
380873  0  0  0  0  72918  19  3  37  2  0  32  0  1  127799  222780  1  25  0  0  0  0  0  1227  0  0  2  0  0  1  108357  51  0  0  1  0  0  0  0  0  0  0  0  2  22  36  20  3  217  0  0  30  108528  754  0  0  0  0  0  0  0  1  60  1088  0  681  4  29  35  74859  9  0  1  0  3  0  0  0  41  329  5  0  1  0  0  0  0  0  0  739  0  0  0  0  0  0  0  0  0  0  0  0  0  0  0  12  0  0  0  0  0  0  0  0  0  0  0  0  1  0  0  0  0  0  0  6  58  0  0  0  0  0  0  0  0  0  0  0  0  23  1  0  0  0  0  0  0  0  
95451  0  0  1  83660  0  205565  950  3993  77  0  106  0  33  146635  491205  59  3950  0  0  0  0  28  11156  0  1  26  0  70  131  712  50897  2  0  34  0  0  0  7595  8  65  1  11  165  797  2912  486  203  5267  0  0  562  21822  253887  2  69  1  3  0  0  9  4  1529  46980  20  287289  121  621  1531  235027  615  0  60  0  105  0  0  0  2298  100006  9625  59  5  0  0  0  0  6  0  7147  0  26  0  0  0  0  1  0  0  0  0  0  16  0  139  2500  0  0  0  0  0  0  0  0  2  0  0  0  114  0  45  0  6  0  0  711  5275  207  0  17  0  0  0  0  1  1  2  0  0  58275  6  44  5  80  0  0  4  0  
801  0  0  2  125  240230  0  150734  12071  2  0  33  0  7  804  475649  0  78  0  0  0  0  0  9  0  4  20  21  100  14  20  132  0  0  0  0  0  0  9  0  7  0  0  2  2721  6541  9  2  253  0  0  86  287  455319  0  23  0  0  0  0  0  1  85  293  5  250819  68  235  8451  110  3404  0  2  0  7  0  0  0  21  688  13705  9797  983  1  0  0  0  0  1  232  0  10  0  0  0  0  0  0  0  0  0  0  11  0  0  19  0  0  0  0  0  0  0  0  0  0  0  0  101  4  25  0  3  0  0  464  133  146  0  19  0  0  0  0  0  0  1  2  0  9028  75  23  6  0  0  0  0  0  
614  0  4699  134  42  843  204888  0  176081  50  0  41  0  269  344  452170  129  1827  0  0  0  0  11  11  0  334  168  3630  1750  4619  4  374  0  0  42  0  1  0  403  0  1937  0  11  138  65455  194397  24  140  12052  0  0  395  278  34161  11  875  0  16  3  0  6  6  96  148  85  236374  3956  899  287411  71  21524  0  338  0  0  0  57  0  2  5  1098  23117  31060  0  0  0  0  0  0  2414  0  1  0  0  0  1  1  0  0  0  0  1  0  5  0  4  0  0  0  0  0  0  0  0  9  0  0  0  6  465  1  0  1  0  0  9  28  3  0  10  0  0  0  0  0  0  0  0  0  9868  28  0  0  0  15  0  0  0  
68  0  13  17  5  331  8881  144100  0  12753  0  4  0  25  25  89  47  684  0  0  0  69  9  5  2  54  698  15  290  66381  4  194  0  0  21  0  0  1  46  0  477  0  8  2300  3998  79385  15  64  2803  0  0  146  60  2010  4  848  1  868  2  0  45  1  28  65  19296  293846  473  166  374  54  198106  0  4093  0  1  0  8  0  1  8  81  1763  50077  224  0  0  0  0  0  10  0  3  0  1  0  1253  1  2  0  0  3  0  1  1014  0  7  0  0  0  0  0  0  0  0  4  0  0  7  8  30  0  0  0  0  0  10  31  4  0  85  1  0  0  0  0  0  1  0  8  26500  11  0  0  0  765  0  0  0  
119  20  0  5  1  856  1  1  13204  0  40  12  0  2  3  0  3400  9880  3  8  11  22858  66753  56  34  31  481  0  22  52822  2  2641  4  1  633  0  3  6  6  0  43051  5  268  186982  151  33  237  1141  749  3  293  10  16  1  6  1209  699  2260  66  0  3591  3  246  183  4782  300636  246  40  6  173  138  2  23248  8  2  0  0  0  3  6  3  0  169  34122  0  0  0  3  0  0  2  99  4  5  0  11436  512  19  3  25  3  3  1  378  10  112  0  2  6  5  0  0  1  2  11801  14  0  266  22  0  40  4  845  0  3  11  63  3  2  308  20  18  5  0  342  0  13  0  14  38775  54  36  0  0  4  0  57  2  
0  32  1  0  0  0  0  0  8  65  0  0  0  0  0  0  0  0  857  732645  0  128985  0  0  1  0  1122  0  0  33302  0  0  0  0  0  0  0  0  0  0  2  95074  0  402654  0  0  0  0  0  0  161  0  0  0  0  23  490  5498  1  0  308  0  0  0  466054  16  0  0  0  0  5  0  5  0  0  0  0  0  0  0  0  0  4  5  103201  0  0  0  0  0  0  0  0  49  0  14930  0  0  0  0  2  0  0  17978  0  0  0  0  0  0  0  0  0  0  0  19  0  6205  0  0  0  0  0  0  0  0  0  0  0  0  0  0  0  0  0  0  0  0  34  0  0  0  0  0  5  0  0  0  
448  0  0  251546  8  148  0  2  1  2  0  0  2703  151100  61117  1  657  15443  0  0  0  0  3  156  1  776  24  16  47142  2  3  198  4367  2111  11  57  1  0  2785  199496  14914  0  1  9  534  15  5615  388  446925  0  0  377146  1582  103  0  42  1  1  0  0  1  5  32  266  2  138  56  196707  43  11  5  0  17  5276  1  0  0  0  1  4  0  0  0  0  0  0  0  0  0  0  0  0  0  0  0  0  0  0  0  0  0  0  0  0  0  5  0  0  0  0  0  0  0  0  0  0  0  0  1  0  2  0  0  0  0  5  16  0  0  0  0  0  0  0  0  0  0  0  0  10  3  0  0  0  0  0  0  0  
129  0  0  0  0  0  0  0  0  0  0  605  0  65734  0  0  5  1734  0  0  0  0  0  242891  0  0  0  0  0  0  0  2  0  102  7  0  0  0  100899  25  0  0  1  0  0  0  25095  7  101  0  0  1  0  0  0  0  0  0  0  0  0  53120  19  7366  0  0  0  0  0  0  0  0  0  0  0  0  0  0  0  0  0  0  0  0  0  0  0  0  0  0  0  0  0  0  0  0  0  0  0  0  0  0  0  0  0  0  0  0  0  0  0  0  0  0  0  0  0  0  0  0  0  0  0  0  0  0  0  0  0  0  0  0  0  0  0  0  0  0  0  0  0  0  0  0  0  0  0  0  
341  0  0  54  0  184  0  28  12  2  0  204106  69017  0  111711  2  14  8212  0  0  0  0  2  8180  0  61  40  0  29  11  0  73  0  0  8  0  0  0  178202  116762  39  0  6  4  1576  21  22035  27  120406  0  0  390588  139  71  0  75  0  0  2  0  0  216030  9  1083  3  122  43  3202  242  1  19  0  16  0  0  0  0  0  0  1  0  0  0  0  0  0  0  0  0  0  0  0  0  0  0  0  1  0  0  0  0  0  0  0  1  1  0  0  0  0  0  0  0  0  1  0  0  0  0  0  0  0  0  0  0  2  0  0  0  1  0  0  0  0  1  0  0  0  0  5  4  0  0  0  0  0  0  0  
90075  0  0  0  104420  109735  229  98  88  0  0  92455  0  171134  0  164183  2  114  0  0  0  0  0  57378  0  1  5  131  43112  2  12  131  0  0  1  0  0  0  517  10  2  0  0  6  9023  810  62  4  964  0  0  1059930  885300  627099  0  28  0  0  0  0  1  182428  79  526  1  1168  34  158767  32900  134  15  0  2  0  6  0  0  0  16  36  2  1  0  0  0  0  0  0  0  6  0  5  0  0  0  0  0  0  0  0  0  0  0  0  0  18  0  0  0  0  0  0  0  0  0  0  0  0  13  0  10  0  0  0  0  35  137  10  0  2  0  0  0  0  0  0  0  0  0  35  1  4  0  0  0  0  0  0  
2758  0  246284  0  331851  706310  404110  293591  342  0  0  2  0  5  182759  0  0  11  0  0  0  0  0  4  0  1  1  2606  104365  6  8612  10  0  0  0  0  0  0  15  0  2  0  0  3  67824  32591  1  0  64  0  0  9  664  839590  0  6  0  0  0  0  0  1  2  100  2  777  2251  23  271269  59036  158  0  2  0  0  0  194  0  82  30754  8534  2835  24  0  0  0  0  0  0  22821  0  1  0  0  0  0  0  0  0  0  0  0  0  1  0  0  0  0  0  0  0  0  0  0  0  0  0  0  2  122  0  0  0  0  0  0  5  2  0  0  0  0  0  0  0  0  0  0  0  85  1  0  0  0  3  0  0  0  
41  60  0  11883  1  21  0  280  109  344  0  3722  0  164  2  0  0  240798  16  4  33  27  46084  2871  1  240  910  3  326  48  3  4803  24301  2122  140294  4  88  11  197  1  77306  10  21976  2483  4727  66  511  341445  200208  307  146  139  40  111  3  2323  398  176  917  43  2617  5  2953  147  395  493  947  2524  1050  11  181  56  13141  49  0  0  0  0  0  5  0  0  2  20  0  0  0  0  0  0  5  27  0  0  0  84  125  4  0  1  0  0  0  0  3  54  0  1  3  0  0  1  0  0  472  0  1  16  2  0  16  7  30  0  0  1  4  0  0  34  0  0  0  0  2  0  2  0  0  76  8  2  0  0  0  1  27  0  
11320  22  0  228  21  156  0  11  8  136  0  19284  740  23284  66  2  169830  0  12  1  126  27  57182  33843  1  81  127  0  18  8  32  12464  917  1300  84019  0  54  3  1731  6488  5514  11  6018  807  582  5  217272  43458  216870  74  38  826  388  108  1  185  180  243  534  15  2655  9  26771  2695  135  471  187  2600  91  177  18  15  3696  11  1  0  0  0  0  7  0  0  1  10  0  0  0  0  0  1  2  19  0  0  1  73  104  4  0  2  0  0  0  0  7  148  0  0  3  1  0  0  0  0  275  0  1  4  1  0  30  8  38  0  0  4  7  1  0  30  0  0  1  0  9  0  12  0  0  49  3  1  0  0  0  0  26  0  
0  352668  0  0  0  0  0  0  0  1  357  0  0  0  0  0  31  13  0  86118  2551  1497  14  0  142747  0  0  0  0  0  0  0  0  0  7  0  288  28  0  0  33  281733  573  8041  0  0  0  340  0  1  28327  0  0  0  0  5  1124402  613277  167769  21  18936  0  0  0  651  0  0  0  0  0  0  34  319457  0  0  0  0  0  0  0  0  0  0  1  0  0  0  0  0  0  0  0  0  0  0  2  0  0  0  0  0  0  0  0  0  0  0  0  0  0  0  0  0  0  1  0  0  0  0  0  0  0  0  0  0  0  0  0  0  0  0  0  0  0  0  0  0  0  0  1  0  0  0  0  0  0  0  0  
0  9  0  0  0  0  0  0  0  2  683742  1  0  0  0  0  1  8  90900  0  0  1147  0  0  4837  0  51369  0  0  234  0  1  0  0  0  0  1  0  0  0  47  61643  0  125648  0  0  0  1  4  0  209  0  0  0  0  45713  83  319671  27  0  588  0  0  0  174491  0  1  2  0  0  0  0  271  0  0  0  0  0  0  0  0  0  0  0  10594  0  0  0  0  0  0  0  0  22  0  6  0  0  0  0  0  0  0  30  0  0  0  0  0  0  0  0  0  0  0  0  0  122  0  0  0  0  0  0  0  0  0  0  0  0  0  0  0  0  0  0  0  0  0  0  0  0  0  0  0  0  0  0  
1  203205  0  0  0  2  0  0  0  26  0  0  0  0  0  0  41  111  692  0  0  37293  188111  29  0  0  0  0  0  0  0  265  0  0  463  0  119131  204  2  0  2102  1445  3473  162  0  0  13  115  2  231496  79746  0  0  0  0  1  13761  201  30097  544050  770530  0  111  7  59  13  0  0  0  0  0  6862  958  0  2  3  0  2  1  3  0  0  0  2  0  8  0  2  0  0  48  43  1  0  12  9611  1357  1  0  11  0  0  0  0  50  366  0  8  85  30  0  1  0  0  1660  646  8  9  20  0  19  40  1176  0  16  4  1  0  0  130  24  9  3  0  1501  0  41  2  1  3  2  27  0  0  0  0  963  0  
0  52706  0  2  0  1  0  0  22  26427  98865  1  0  0  0  0  249  769  12256  1757  29315  0  54100  4  0  1  4  0  0  30309  0  105  1  0  50  0  38  0  0  0  10929  606085  87  1171063  2  0  7  123  186  2  173020  2  0  0  1  371  17334  18046  560  30  652045  0  18  0  6221  252  15  8  0  0  8  3  2306  1  0  0  0  0  0  0  0  0  9  107  1809  0  0  0  0  0  0  1  0  0  43  177569  175  1  0  1  0  0  0  661  11  84  0  0  0  1  0  0  0  0  71  5962  0  11661  0  0  5  1  31  0  2276  0  0  0  0  4  0  1  0  0  29267  0  12  1  3  29  0  0  0  0  2  0  16  0  
36  89  0  2  0  5  0  0  1  63848  3  0  0  3  0  0  46589  42376  76  41  159591  83277  0  838  6  3  5  0  0  20  10  1192  2  20  197255  0  7702  63  6  0  58862  109  390802  57744  1  1  486  36446  175  94937  1610  2  3  1  0  24  6259  4488  1855  3306  509072  0  5752  243  720  844  11  7  1  12  1  168  13153  4  4  0  0  1  5  2  0  0  0  214  0  7  0  0  0  0  74  72  2  0  11  8231  7262  9  4  18  0  0  0  1  26  459  0  19  152  79  0  0  0  0  2629  1  5  249  22  0  27  58  1600  0  7  10  1  0  0  218  34  13  14  0  1300  0  27  0  3  69  3  42  0  0  2  1  1102  2  
410125  2  0  4  759  21627  0  0  4  8  0  132  218367  2379  54220  2  1984  38831  0  0  31  10  721  0  0  0  6  0  2  2  175689  5085  5  742  2972  0  4  1  78867  6  887  0  2376  38  40  3  268684  12365  2772  1  6  6512  138  8  0  5  20  31  74  3  278  404551  532333  820320  8  271  4  208  2  166500  0  1  241  0  28  0  0  0  4  3  0  0  0  1  0  0  0  0  0  20  0  2  0  0  0  20  50  61  0  0  0  0  0  0  41  51  0  0  0  0  0  0  0  0  20  0  1  2  3  0  2  1  8  0  0  4  10  1  0  2  0  0  0  0  3  0  3  0  0  21  0  0  0  1  0  0  3  0  
0  0  0  2  0  1  0  0  0  15  0  0  0  0  0  0  143  428  142769  1712  0  0  8  0  0  134428  9652  0  0  0  0  45  1  32  28  46  0  31  1  0  80  0  3  24  4  3  3  38  18  0  1  0  0  0  112026  727631  325  122102  417  0  6  0  8  2  19  49  32  3  0  0  7  0  877364  0  0  0  0  0  0  0  0  0  94  1  0  0  0  0  0  0  0  0  0  0  0  1  0  0  0  0  0  0  0  3  0  0  0  0  0  0  0  0  0  0  1  0  0  0  0  0  0  0  1  0  0  0  0  0  0  1  0  0  0  0  0  0  0  0  1  64  0  0  0  0  0  0  0  0  
16  0  0  213136  0  8  0  17  3  17  0  3198  0  81  2  0  766  2950  0  0  1  0  23  13  106990  0  17315  170177  734  5  1  578  1356  60735  85  242117  0  4  105  7  343204  0  31  288  251440  9  19  494  93511  1  2  103  18  39  144076  99662  4  20  5  0  132  0  68  10  106  67  689366  5750  125  4  22  1  96747  4292  0  0  0  0  0  1  0  0  7  0  0  0  0  0  0  0  0  3  0  0  0  2  2  1  0  0  0  0  0  0  0  6  0  0  0  0  0  0  0  0  23  0  0  1  0  0  1  0  1  0  0  0  0  0  0  3  0  0  0  0  0  0  1  0  0  4  0  0  0  0  0  0  0  0  
181  0  70387  11  2  1167  2  85  347  1922  1011  8  0  19  37  23  1297  6813  0  50427  0  1  61  24  44230  57379  0  2161  65  779444  2  1185  42  0  213  0  0  1  30  1  2218  0  30  10509  2674  257566  118  1723  1027  1  0  94  91  1036  119  932824  2  5705  1  0  54  1  115  89  177374  7206  654419  499  493  121  95260  0  5089  2  1  0  0  0  5  14  12  1  973  11  54  0  0  0  0  0  0  1  0  1  0  26  0  0  0  0  3  1  1  267  0  4  0  0  0  1  0  0  0  0  20  0  0  1  14  0  3  0  0  0  0  7  32  0  0  106  1  0  0  0  0  0  0  0  9  823  11  0  0  0  32  0  1  0  
16  0  137082  221629  1  6  26  1330  24  9  0  48  0  10  267  29  10  198  0  0  0  0  1  3  0  213600  843  0  267128  10  0  30  0  0  10  0  0  0  16  0  43  0  0  16  1112199  16277  1  12  215  0  0  76  29  130  1  42  0  0  0  0  1  1  1  7  4  303  620195  85  837  1  31  0  11  1  0  0  0  0  0  0  1  0  1  0  0  0  0  0  0  0  0  0  0  0  0  0  0  0  0  0  0  0  0  0  0  0  0  0  0  0  0  0  0  0  2  0  0  0  0  0  1  0  0  0  0  1  1  0  0  0  0  0  0  0  0  0  0  0  0  6  0  0  0  0  0  0  0  0  
46  0  158177  104914  0  42  29  1881  210  433  0  60507  0  23  73864  74233  23  423  0  1  0  0  3  2  0  92  403  227237  0  1868  0  51  0  0  8  0  0  0  32  0  283  0  0  1634  1331002  227  3  32  401  0  0  101016  52  4975  7  342  0  4  0  0  2  1  10  9  359  3607  3879  391324  590654  2  76  0  54  0  0  0  0  0  3  2  1  1  25  0  0  0  0  0  0  0  0  0  0  0  0  0  0  0  0  0  0  1  0  0  0  0  0  0  0  0  0  0  0  0  1  0  0  0  5  0  0  0  0  0  0  1  3  0  0  6  0  0  0  0  0  0  0  0  0  56  30  0  0  0  0  0  0  0  
219  0  72425  0  1  887  18  517  79719  68315  84588  18  0  8  8  0  44  2415  0  467  1  8036  17  28  10  9  896397  2  312  0  17  2151  0  0  30  0  0  2  25  0  293  0  10  43415  3259  280514  292  139  904  0  0  62  42  36  1  34920  1  1407  1  0  61  2  102  379  377215  10568  2105  69  61  499  521748  1  3159  0  5  0  7  0  10  17  1  1  6081  575  7451  0  0  0  0  0  0  1  0  7  0  29708  0  0  0  0  37  2  0  64526  0  11  0  0  0  0  0  0  0  0  1  0  0  151  9  173  1  0  0  0  1  13  140  3  0  73  0  0  3  0  4  0  0  0  28  14072  6  1  0  0  13894  0  1  0  
159747  1  0  0  71896  7182  0  0  2  0  0  0  0  0  0  9022  11  54  0  0  4  3  52  177937  0  0  0  0  0  0  0  37567  0  0  10  0  5  0  9  0  88  0  23  7  1  0  49  7  6  0  0  0  1  0  0  0  2  2  7  3  35  0  390586  620  1  35  0  2  0  335564  0  0  18  0  342  0  0  0  308  454  11  0  0  1  0  0  0  0  0  3426  0  1  1  0  0  0  15  740  0  0  0  0  0  0  8078  4184  0  0  0  0  0  0  0  0  2  0  0  0  0  0  0  0  0  0  0  0  0  1  0  0  0  0  0  0  1  0  16  0  0  40  0  0  0  649  0  0  1  0  
6717  9  0  1  16  50855  0  20  208  123  0  138  1  19  37  0  1472  46943  1  1  11  13  566  3043  0  6  114  0  34  91  30368  0  8  1  615  0  11  0  537  3  1644  1  839  505  423  25  9262  2687  7523  1  10  180  322  90  3  278  46  35  131  9  480  15  41737  17313  64  114075  172  243  48  55231  32  9  1283  3  14  0  0  0  24  5461  16  0  2  7  0  0  0  1  0  549  2  481  0  0  0  12  330  88  0  0  0  0  0  0  1827  40523  0  1  6  1  0  3  0  0  189  0  94  2  11  0  699  3  190  0  0  27  141  4  0  20  3  0  15  0  51  0  157  5  1  30128  7  5  1  792  0  12  296  0  
1  0  0  6870  0  0  0  1  2  13  0  5341  2  0  0  0  13245  969  0  0  0  0  15  4  0  1983  3801  0  0  2  0  20  0  195076  18  1401  0  0  0  0  137103  0  5  99  2  44  3  252909  3145  0  1  0  0  17  0  2171  0  3  1  0  25  0  10  1  25  4  8014  8  8  0  106  0  110275  198632  0  0  0  0  0  0  0  0  2  0  0  0  0  0  0  0  0  0  0  0  0  2  3  0  0  0  0  0  0  0  0  0  0  0  0  0  0  0  0  0  8  0  0  0  0  0  0  0  1  0  0  0  0  0  0  0  0  0  0  0  0  0  0  0  0  1  0  0  0  0  0  0  0  0  
0  0  0  398  0  0  0  0  0  4  0  2406  111  0  0  0  3345  303  0  0  5  0  32  532  62  97572  1  0  0  0  0  3  152150  0  265250  271012  942  86794  3  0  1699  0  126032  14  0  0  84  234073  13  9061  0  0  0  0  4  1  0  0  106  5942  53  0  0  1  5  1  1  0  0  0  0  1802  734093  114145  0  0  0  0  0  0  0  0  0  0  0  0  0  0  0  0  0  0  0  0  0  7  5  0  0  0  0  0  0  0  0  0  0  0  1  0  0  0  0  0  4  0  0  0  0  0  0  0  2  0  0  0  0  0  0  0  0  0  0  0  0  0  0  0  0  0  0  1  0  0  0  0  1  0  
49  32  0  0  0  3  0  0  0  39  0  4  1  0  0  0  147508  82742  4  1  84  11  165491  1390  1  0  3  0  0  0  5  732  9  275881  0  0  739  2015  2  0  3016  4  234209  210  1  0  515  249488  21  4687  39  0  1  0  0  3  152  66  407  2654  1242  0  4263  195  35  29  1  0  0  4  0  887  92056  0  1  0  0  0  1  0  0  0  0  6  0  0  0  0  0  0  0  14  0  0  0  63  55  0  0  0  0  0  0  0  6  37  0  0  2  3  0  0  0  0  108  0  0  5  2  0  6  2  8  0  0  1  0  1  0  11  2  0  0  0  17  0  9  0  0  8  0  2  0  0  0  0  10  0  
0  0  0  687  0  0  0  0  0  2  0  146  0  0  0  0  19  66  0  0  0  0  1  1  5  317059  65  0  0  0  0  6  671  260954  6  0  0  57  0  0  173224  0  1  46  22  0  0  669  191  0  0  0  1  0  17  87  1  3  0  0  19  0  4  0  16  2  168  1  0  0  2  0  33698  126916  0  0  0  0  0  0  0  0  2  0  0  0  0  0  0  0  0  0  0  0  0  0  0  0  0  0  0  0  0  0  0  0  0  0  0  0  0  0  0  0  2  0  0  0  0  0  0  0  0  0  0  0  0  0  0  0  0  0  0  0  0  0  0  0  0  1  0  0  0  0  0  0  0  0  
0  8663  0  0  0  1  0  0  0  1  0  0  0  0  0  0  35  17  124  3  137551  7  18565  1  0  0  0  0  0  0  0  1  0  91  315  0  0  195859  0  0  368  8  168414  334  0  0  0  138  0  566258  275  0  0  0  0  0  13406  236  227080  497277  42155  0  0  0  86  0  0  0  0  0  0  790798  12710  0  0  0  0  0  0  1  0  0  0  0  0  0  0  0  0  0  1  0  0  0  0  13  12  0  0  0  0  0  0  0  1  1  0  0  0  0  0  0  0  0  10  0  0  0  0  0  1  0  8  0  0  0  0  0  0  0  0  0  0  0  2  0  1  0  0  0  0  0  0  0  0  0  3  0  
0  131  0  1  0  0  0  0  0  4  0  0  0  0  0  0  23  18  1  0  2733  2  606  2  4  1  0  0  0  1  0  6  0  145782  3448  2  207137  0  0  0  1449  0  135531  8  0  0  1  506  4  188983  1  0  0  0  0  0  3  0  94004  20310  1576  0  6  1  2  0  0  0  0  0  0  826447  991051  1  0  0  0  0  0  0  0  0  0  0  0  0  0  0  0  0  0  0  0  0  0  5  11  0  0  0  0  0  0  0  0  0  0  0  1  1  0  0  0  0  10  0  0  0  0  0  0  0  1  0  0  0  0  0  0  0  1  0  0  0  1  0  0  0  0  0  0  0  0  0  0  0  2  0  
26406  1  0  13  0  6550  0  34  5  4  0  2029  124077  168704  61  2  23  1003  0  0  0  0  13  51521  0  42  36  0  24  8  37  624  0  1  17  0  0  0  0  1402  28  0  1  12  1212  15  79847  38  113514  0  0  103634  127  74  0  65  0  2  2  0  2  53845  556  51320  3  784  52  4226  206  76  14  0  15  0  0  0  0  0  0  1  0  0  0  0  0  0  0  0  0  0  0  0  0  0  0  0  0  0  0  0  0  0  1  0  0  0  0  0  0  0  0  0  0  0  4  0  0  0  1  0  1  0  0  0  0  3  3  0  0  0  0  0  0  0  0  0  0  0  0  12  6  1  0  0  0  0  0  0  
165  0  0  525  0  101  0  1  0  0  0  250262  66  136766  6  0  2  6681  0  0  0  0  0  4  0  0  2  0  5  0  0  17  0  0  1  0  0  0  7652  0  2  0  0  0  17  0  2486  3  131686  0  0  27191  231  3  0  1  0  0  0  0  0  1  0  10  0  26  2  7481  2  0  1  0  2  0  0  0  0  0  0  3  0  0  0  0  0  0  0  0  0  0  0  0  0  0  0  0  0  0  0  0  0  0  0  0  0  0  0  0  0  0  0  0  0  0  0  0  0  0  0  0  0  0  0  0  0  2  1  0  0  0  0  0  0  0  0  0  0  0  0  2  0  0  0  0  0  0  0  0  
64  11  0  69716  0  21  1  465  130  3546  1  7287  0  383  11  4  42939  38557  6  53  8  65  3416  186  68  411663  20907  6  1815  90  5  3447  68161  3709  1728  161342  17  159  307  13  0  11  1798  4684  69083  515  252  214603  234738  17  498  307  86  249  12380  55832  989  1609  525  16  16904  4  851  86  4802  994  156317  1884  607  12  1211  4  153688  102899  0  1  0  0  0  2  0  0  96  55  0  2  0  0  0  0  14  29  2  0  0  1224  1473  2  2  15  0  0  0  5  4  95  0  3  20  23  0  0  1  1  1154  0  3  115  6  0  9  13  249  0  0  3  0  0  0  80  4  1  6  0  62  0  4  2  1  59  7  11  0  0  0  0  140  0  
0  332196  0  0  0  0  0  0  0  4  64351  0  0  0  0  0  33  9  296140  61474  5167  545136  17  0  0  0  0  0  0  0  0  0  0  0  11  0  8  0  0  0  27  0  451  145556  0  0  0  204  0  0  18954  0  0  0  0  1  97767  673  582  2  127393  0  0  0  13  1  0  0  0  0  0  7  360  0  0  0  0  0  0  0  0  0  0  0  258  0  0  0  0  0  0  0  0  0  1  20099  1  0  0  0  0  0  0  0  0  2  0  0  0  0  0  0  0  0  1  1041  0  325  0  0  0  0  1  0  4  0  0  0  0  0  0  0  0  0  76  0  0  0  0  0  0  0  0  0  0  0  0  0  
2  48  0  0  0  2  0  0  0  56  0  1  1  0  0  0  37714  2367  8  1  198  3  336811  1452  0  0  1  0  0  1  2  127  1  147488  176203  0  129838  109953  1  0  4491  3  0  254  3  0  159  59577  19  81676  70  0  0  0  0  5  178  46  610  15222  8268  0  141  11  19  22  1  0  0  0  0  93659  131177  1  0  0  0  0  0  1  0  0  0  0  0  0  0  0  0  0  0  1  0  0  0  25  69  0  0  0  0  0  0  0  3  18  0  0  4  1  0  0  0  0  151  0  0  4  0  0  4  3  14  0  0  0  0  0  0  7  1  0  0  0  3  0  5  0  0  3  1  0  0  0  0  0  9  0  
252  1765  0  10  2  767  3  4  5  139606  397273  15  0  45  4  0  4206  16910  18182  174398  42  1170831  54011  58  35  45  870  3  382  94367  4  3113  58  1  656  0  257  10  62  0  107914  178124  1351  0  3195  54  362  2543  3299  20  14226  89  37  15  3  8255  20756  209253  5052  8  104232  1  315  368  400535  5775  428  210  21  406  131  52  37374  14  2  0  0  0  3  15  1  0  139  293  2138  0  0  0  0  1  0  16  1  0  3  17174  65  1  0  1  0  0  0  119  2  33  0  0  1  0  0  0  0  0  383  7  0  1796  3  0  8  1  32  0  2  8  87  3  0  40  1  0  0  0  127  0  2  0  1  220  8  5  0  0  0  0  9  0  
1260  0  293597  233679  23  389  3174  33499  2203  1985  0  492  0  685  1309  50313  1776  11182  0  3  1  0  86  56  0  301006  6633  877763  1010013  7344  7  1816  3  0  298  16  1  1  1040  16  19627  0  76  5671  0  80340  116  1104  22081  0  0  1407  973  20219  1196  27151  4  140  16  1  39  17  250  197  1864  26641  770604  207781  417972  34  1382  0  1379  0  6  0  1  0  2  14  7  1  54  1  0  0  0  0  0  1  0  9  0  0  0  2  1  1  0  0  0  1  1  1  0  20  0  0  2  0  0  0  0  0  54  0  0  0  25  1  23  0  0  0  0  10  24  9  0  25  0  0  0  0  0  0  1  1  2  231  70  0  1  0  1  0  1  0  
565  0  238361  99  27  956  7130  212698  72981  407  0  45  0  295  279  29057  240  4513  0  1  0  0  30  29  4  212  296042  28136  535  331130  4  913  0  0  88  0  0  0  404  4  2492  0  23  1542  57481  0  87  292  8891  0  0  881  475  13052  10  24125  1  121  6  0  6  10  126  223  708  15916  373750  1424  8541  75  226443  0  654  0  0  0  178  0  5  12  5  90  1908  1  0  0  0  0  0  306  0  4  0  0  0  6  1  0  0  0  0  0  1  346  0  8  0  0  0  1  0  0  0  0  16  0  0  0  3  434  4  0  0  0  0  3  29  1  0  20  0  0  0  0  0  0  0  0  0  1954  14  1  0  0  420  0  0  0  
90141  14  0  3  24  511  1  3  11  10  0  2804  20409  31406  78  0  560  202810  2  0  48  8  1365  252385  0  4  10  0  7  6  94  20910  3  202  1991  0  23  1  69264  3473  2190  4  543  97  78  5  0  15185  74766  2  12  1025  527  68  0  28  68  93  228  6  876  19  28424  120595  28  453  20  843  14  278  5  8  600  0  1  0  0  0  0  2  0  0  0  0  0  0  0  0  0  1  1  2  0  0  0  12  61  1  0  0  0  0  0  0  8  86  0  1  0  0  0  0  0  0  43  0  1  0  2  0  6  2  13  0  1  3  7  0  0  3  1  0  0  0  5  0  6  0  0  40  0  1  0  0  0  1  13  0  
75  231  0  509  0  21  0  7  4  1795  0  548  2  132  1  0  362217  127128  29  6  99  33  54349  9908  4  57  12962  0  155  11  7  5578  238123  276980  364873  389  656  764  157  0  181701  37  159698  6001  6448  209  22618  0  17749  10217  247  138  25  56  6  2725  874  291  1727  1154  6974  4  4116  362  1098  260  13928  658  29  34  570  545  931809  6668  0  0  0  0  1  7  0  0  1  35  0  0  0  0  0  0  2  72  0  0  0  423  516  10  0  3  0  0  0  0  10  76  0  2  6  4  0  1  0  0  1126  0  1  44  5  0  27  8  76  0  0  0  0  0  0  116  3  1  2  0  23  0  9  1  0  93  12  0  0  0  1  0  47  0  
94487  9  2  336819  320  18534  17  2651  837  154  1  357479  415  177950  2925  78  131026  226287  3  1  3  3  541  16386  6  55003  3035  14  975  311  146  15725  508  41  1869  10  6  11  212771  85727  178352  5  475  566  45637  667  81904  25197  0  1  10  38410  20931  2577  146  11255  70  190  139  3  385  16444  2098  10709  524  9909  4029  215210  9405  391  811  7  14289  9  5  0  0  0  21  80  4  3  18  7  0  0  0  0  0  3  0  49  0  0  0  10  24  8  0  2  0  0  5  2  0  94  0  0  2  0  0  0  0  0  302  0  1  3  31  0  76  4  10  0  0  82  175  15  0  49  1  0  0  0  1  0  4  0  1  408  95  14  1  0  0  0  13  0  
0  1  0  1  0  0  0  0  0  23  0  0  0  0  0  0  442  110  0  0  198453  0  148198  5  0  1  0  0  0  0  0  20  0  5593  5144  0  435238  45011  1  0  3569  0  134448  34  0  0  3  1934  3  0  0  0  0  0  0  4  5  1  777  221169  90483  0  5  1  3  4  0  0  0  0  0  256432  81641  0  0  0  0  0  0  0  0  0  0  3  0  0  0  0  0  0  1  1  0  0  0  25  19  0  0  0  0  0  0  0  0  5  0  0  0  1  0  0  0  0  36  0  0  1  0  0  0  2  10  0  1  0  0  0  0  3  0  0  0  0  4  0  0  0  1  0  0  0  0  0  0  0  9  0  
0  340743  0  0  0  0  0  0  0  27  10  0  0  0  0  0  16  7  17409  15  114502  150009  34  0  0  0  0  0  0  0  0  0  0  0  8  0  12  0  0  0  3  9843  348  296  0  0  0  169  0  1  0  0  0  0  0  0  10581  26  3283  125  277588  0  0  0  1  7  0  0  0  0  0  46  343  0  0  0  0  0  0  0  0  0  0  0  0  0  0  0  0  0  1  1  0  0  1  2327  1  0  0  0  0  0  0  0  0  4  0  0  0  0  0  0  0  0  2  125  0  0  0  0  1  1  2  0  45  0  0  0  0  0  0  0  0  0  342  0  1  0  0  0  0  0  0  0  0  0  1  0  
40198  0  1  43  75  5348  27  120  54  21  0  471195  3  390973  896177  15  142  5196  0  0  0  0  38  3691  0  103  214  8  89900  62  75  2270  0  0  75  0  0  0  79446  20732  310  0  18  155  3626  499  4718  227  48167  0  2  0  684980  139656  4  613  1  4  4  0  10  88609  727  4729  26  3704  1766  537438  1964  150  92  0  115  0  18  0  0  0  43  90  2  0  12  2  0  0  0  2  0  7  0  18  0  0  0  0  2  1  0  0  0  0  6  0  0  11  0  0  0  0  0  0  0  0  15  0  0  0  51  0  29  1  1  0  0  98  230  30  0  4  0  0  0  0  0  0  3  0  0  350  49  8  3  0  0  0  0  0  
137381  0  1  22  64527  15808  44  327  124  36  0  5746  0  828  845384  616  79  3135  0  0  1  0  27  179  0  42  310  0  594  130  19  1405  0  0  42  0  0  0  370  752  186  0  3  252  3352  2441  2248  157  35207  0  0  509322  0  480423  0  873  1  2  1  0  6  6623  220  1289  41  3533  1331  13560  2165  212  143  0  49  0  99  0  0  0  371  504  23  2  3  0  0  0  0  3  0  44  0  25  0  0  0  1  1  2  0  0  1  0  21  0  0  99  0  0  1  0  0  0  1  0  8  0  0  0  161  1  54  0  3  0  0  878  3805  248  0  19  0  0  0  0  0  0  2  1  0  447  10  87  5  0  0  0  0  0  
25772  0  2  12  1316  231280  370046  13727  1747  22  0  1230  0  141  665594  822533  75  2355  0  0  1  0  14  116  1  72  658  37  2933  55  42  1097  0  0  29  0  0  0  245  63  122  0  5  38  14326  8667  284  111  6769  0  0  95034  413460  0  0  1814  1  4  0  0  3  34  303  1843  59  11619  3141  133259  160993  409  1210  0  47  0  90  0  0  0  78  205  35  67  21  4  0  0  0  0  0  22  0  136  0  1  0  0  2  9  0  0  2  4  42  0  0  90  0  0  0  0  0  0  2  0  9  0  0  2  296  2  516  0  1  0  0  383  694  137  0  13  0  0  0  0  0  5  14  33  1  542  138  38  11  0  0  0  1  0  
1  0  0  127  0  2  0  5  3  11  0  1  0  13  0  0  361  1126  0  0  0  0  14  5  98894  244393  534  0  83  3  0  151  0  25  65  195  0  0  12  0  42950  0  10  32  369  2  12  142  422  0  0  4  2  8  0  69368  2  7  2  0  24  0  22  1  22  29  56267  84  47  1  1  0  146712  0  0  0  0  0  0  2  0  0  6  1  0  0  0  0  0  0  0  0  0  0  0  1  0  0  0  0  0  0  0  1  0  2  0  0  0  0  0  0  0  0  2  0  0  0  0  0  0  0  0  0  0  0  0  0  0  0  0  0  0  0  0  0  0  0  0  5  0  0  0  0  0  0  0  0  
171  1  0  159  1  76  7  81  1617  14615  8  10  0  58  36  1  4031  17193  0  40370  1  4  164  39  707168  128845  1285943  64  566  60463  1  1436  132  1  698  0  0  9  78  1  34856  0  118  28476  18346  8841  102  3715  3353  2  4  155  104  1181  75340  0  5  231804  14  0  640  0  293  50  200997  18927  525576  2433  2730  17  15261  0  231414  3  0  0  0  0  0  1  23  2  11182  85  0  0  0  0  0  0  0  18  1  6  0  242  8  2  2  0  13  4  1  307  0  18  0  0  0  1  0  0  0  0  143  0  0  6  32  0  8  0  1  0  0  2  8  0  0  525  8  6  3  0  0  0  1  0  36  5975  28  3  1  0  58  0  12  0  
0  52148  0  0  0  0  0  0  0  5  864  0  0  0  0  0  557  224  1195027  237  10188  5180  192  1  78  1  1  0  0  1  0  14  0  0  157  0  1596  4  0  0  423  115459  8971  9361  0  0  1  3257  8  31  47831  0  0  0  0  50  0  329768  312074  32  140141  0  6  0  1099  0  2  0  0  0  0  1455  182089  0  0  0  0  0  0  0  0  0  0  0  0  0  0  0  0  0  0  0  0  0  0  6  7  1  0  1  0  0  0  0  0  2  0  0  0  0  0  0  0  0  17  0  0  1  0  0  0  0  2  0  0  0  0  0  0  1  0  0  0  0  0  0  0  0  0  0  0  0  0  0  0  0  0  0  
0  100  0  6  0  1  0  0  31  3749  2696  0  0  8  1  0  59  480  398848  320896  15  8875  4  3  59918  22  1385  0  3  580  0  42  0  0  8  0  65  0  11  0  1789  484  46  51203  22  0  3  51  341  0  867  6  0  0  1  214295  214809  0  3527  1  28722  0  7  1  51316  4334  19  33  4  1  3  18  445133  0  0  0  0  0  0  0  1  0  315  6  0  0  0  0  0  0  0  1  0  0  0  15  0  0  0  0  0  0  1  27  0  0  0  0  0  0  0  0  0  0  9  0  0  0  0  0  0  0  0  0  0  0  0  0  0  5  0  0  0  0  0  0  0  0  0  104  1  0  0  0  0  0  1  0  
0  83681  0  2  0  0  0  0  0  58  8  0  0  0  0  0  179  236  110968  171  11095  142  1049  3  84  1  5  0  0  2  0  64  0  7  60  0  349842  118223  0  0  27336  467  3138  13099  0  0  5  223  40  8787  9275  0  0  0  0  56  127104  14994  0  3881  213985  0  20  1  2818  13  1  1  0  1  1  132362  248473  2  0  0  0  0  0  0  0  0  0  1  0  0  0  0  0  0  5  9  0  0  0  91  104  0  0  1  0  0  0  0  0  18  0  0  12  2  0  0  0  0  132  0  0  3  0  0  1  2  76  0  0  0  0  0  0  11  0  0  4  0  7  0  1  0  1  0  0  2  0  0  0  0  63  0  
0  73734  0  0  0  0  0  0  0  1  0  0  0  0  0  0  131  121  60  0  552625  6  8622  3  0  0  1  0  0  0  0  22  0  143  241  0  456313  2395  0  0  188  11  14685  19  0  0  2  1613  1  253196  415  0  0  0  0  0  2106  22  5948  0  144758  0  15  3  5  0  0  0  0  0  0  223086  11827  0  0  0  0  0  0  0  0  0  0  0  0  0  0  0  0  0  2  4  0  0  0  39  33  0  0  0  0  0  0  0  1  14  0  1  2  0  0  0  0  0  46  1  0  0  1  0  0  1  22  0  0  0  0  0  0  6  0  0  0  0  15  0  2  0  0  0  0  0  0  0  0  0  23  0  
4  71766  0  3  0  4  0  0  0  706  151  2  0  12  0  0  2014  5243  33681  895  786131  861148  336854  129  4  10  56  0  0  21  0  568  7  3  1061  1  21549  366  16  0  143064  42105  32184  63440  13  0  62  2632  1245  107261  242585  11  2  3  1  2802  170880  39639  88421  97761  0  0  372  23  36860  133  93  65  1  3  3  4843  87111  11  0  3  0  0  1  3  0  0  4  9  0  1  0  0  0  0  19  27  2  0  7  1710  593  3  1  4  0  0  0  1  8  154  0  6  39  20  0  0  0  0  715  31  2  10  2  0  12  21  386  0  35  1  0  0  0  70  9  2  3  0  668  0  10  0  2  10  3  9  0  0  0  1  282  0  
7884  0  0  1  0  1  0  0  0  0  0  4  79222  180956  149150  0  0  18  0  0  0  0  0  312146  0  0  1  0  1  0  0  2  0  0  0  0  0  0  89986  1  0  0  0  0  23  1  11  0  1320  0  0  116624  6342  7  0  0  0  0  0  0  0  0  1  5420  0  1  1  44  1  0  1  0  0  0  0  0  0  0  1  1  0  0  0  0  0  0  0  0  0  0  0  0  0  0  0  0  0  0  0  0  0  0  0  0  0  0  0  0  0  0  0  0  0  0  0  0  0  0  0  0  0  0  0  0  0  0  1  1  0  0  0  0  0  0  0  0  0  0  0  1  0  0  0  0  0  0  0  0  
7732  7  0  0  9  893  0  3  26  12  0  20  7  3  15  0  3089  11986  2  0  66  11  3388  505508  0  0  3  0  6  6  412298  66448  1  1  4615  0  16  2  594  2  2282  1  591  113  32  2  46926  1582  224  1  12  60  117  20  0  7  81  143  207  3  980  0  0  127866  27  316  16  43  16  103400  6  4  544  0  32  0  0  0  7  14  0  0  1  5  0  0  0  0  0  19  1  7  0  0  0  18  100  33  0  0  0  0  0  0  59  174  0  0  3  0  0  0  0  0  27  0  2  4  1  0  10  3  11  0  0  5  14  3  0  6  0  0  0  0  6  0  8  1  0  23  1  0  0  9  0  0  8  0  
100148  3  0  2  655  41292  3  42  305  25  0  117  12417  225  93  3  359  15401  2  1  29  3  774  937173  0  5  25  0  45  60  4501  60461  0  1  1374  0  11  0  166467  10  1119  2  248  368  239  45  147747  668  5468  0  5  514  794  198  0  79  37  52  104  5  368  4048  119667  0  27  4705  84  322  120  79044  55  4  334  0  9  0  0  0  35  53  5  3  0  3  0  0  0  0  0  2  0  3  0  0  0  9  39  0  0  0  0  0  3  0  5  44  0  0  2  0  0  0  0  0  24  0  1  0  7  1  16  1  5  0  0  58  342  12  0  4  0  0  0  0  2  0  3  1  1  107  6  5  1  1  0  0  5  0  
62  0  0  46  0  57  1  17  38885  16606  600691  5  0  41  7  0  1039  6966  187  331329  2  1652  54  27  57  103  135556  14  249  487615  1  662  36  0  181  0  41  3  64  1  28596  1  247  444274  6845  327  58  883  3183  4  23  143  54  91  2  235361  92  188374  436  0  14482  1  107  56  0  9139  3560  331  200  57  23725  6  84328  7  0  0  0  0  2  1  17  3  2207  33  6113  0  0  0  0  0  0  4  0  3  0  2554  2  0  1  1  4  0  0  11968  0  2  0  0  0  1  0  0  0  0  114  0  0  226  19  0  9  0  1  0  0  1  8  2  0  280  0  3  1  0  0  0  0  0  20  1744  9  2  0  0  64  0  4  0  
15706  1  0  63  724  334216  298248  281448  430089  282398  0  382  0  197  1965  331  1597  29814  0  4  2  128  350  484  64  141  3222  75  1988  13826  217  174487  2  3  672  0  1  2  6472  35  2477  1  109  15671  20307  8572  3193  1657  22391  2  1  3946  6628  16800  22  4745  9  3482  24  0  180  24  1813  6135  10130  0  2931  2456  3198  7860  40247  0  23509  3  309  2  0  1  1503  30028  17473  8468  25341  34581  0  4  0  13  1  747  2  224  2  9  3  5137  305  20  3  22  32  22  207  417  17  2686  0  0  4  5  0  2  4  1  7529  0  3  214  1601  14  430  4  771  0  1  4042  11679  1379  0  1138  15  22  7  1  23  7  31  16  98  195366  1012  296  68  0  223  7  141  0  
742  0  84708  205  12  179  31  526  141  1257  0  17  0  78  131  232  2358  12253  0  1  0  0  86  36  7  829593  457858  559482  1287  3363  1  1008  82  1  426  133  2  1  112  4  148127  0  60  9600  944500  297906  76  2729  4751  0  2  433  403  6824  30871  565386  3  32  9  0  62  1  174  74  455  13137  0  2938  8405  25  190  0  2761  3  1  0  0  0  0  4  6  0  76  2  0  0  0  0  0  1  0  7  0  0  0  5  5  0  0  0  0  1  0  1  1  11  0  0  0  0  0  0  0  0  41  0  1  1  4  0  20  0  0  0  0  2  12  2  0  34  0  0  0  0  1  0  1  2  0  148  12  1  0  0  1  0  0  0  
8563  0  2  118647  87  1506  658  1480  225  60  0  209128  0  1767  142020  210  368  7878  0  0  1  0  56  286  0  6783  3700  5  457044  163  42  2587  0  0  139  0  0  0  1788  6534  817  0  51  131  193230  5127  676  650  261167  0  0  490485  10811  155366  24  8154  5  13  13  0  25  72  513  3223  173  5471  9848  0  33335  234  969  0  291  0  37  1  0  0  32  80  6  3  32  6  0  0  0  1  0  9  0  75  0  0  0  1  1  3  0  0  3  6  26  0  0  54  0  0  0  0  0  0  3  0  34  0  0  2  210  0  252  0  2  0  0  57  206  40  0  27  1  1  0  0  0  1  2  12  1  219  253  1  3  1  1  0  2  0  
1006  1  9253  54  16  1135  9628  122626  2851  71  0  39  0  214  35844  273438  500  5273  0  0  0  0  35  35  0  198  3068  1165  566833  269  7  1420  0  0  137  0  0  0  326  1  584  0  55  143  442149  24245  89  679  10788  0  0  1347  1009  236267  5  4840  3  12  5  0  21  13  155  271  200  6587  22960  52020  0  92  1767  1  164  1  8  0  0  0  13  21  26  46  45  12  0  0  0  0  0  3  0  25  0  0  0  3  3  5  0  0  2  6  21  0  0  16  0  0  0  0  0  0  0  0  33  0  0  1  327  0  68  0  1  0  0  22  72  15  0  33  1  1  1  0  0  0  1  1  0  453  365  24  10  0  0  0  3  0  
190043  0  0  0  76784  279328  4  31  317  10  0  17  0  1  144  60933  40  4278  0  0  1  0  24  167049  0  0  10  0  14  9  277636  71446  0  0  34  0  0  0  26  1  68  0  12  30  79  34  685  190  1004  0  0  48  104  50  0  34  2  0  1  0  8  4  77536  81635  7  3465  30  46  43  0  37  0  29  0  26  0  0  0  347  8100  26  0  2  0  0  0  0  0  0  17252  0  2  0  0  0  0  0  29  0  0  0  0  0  0  9808  2213  0  0  0  0  0  0  0  0  2  0  0  0  9  0  5  0  0  0  0  32  296  6  0  2  0  0  0  0  0  0  1  0  0  2359  0  4  0  1890  0  0  0  0  
212  1  309  39  6  254  7383  6563  234316  279  5  16  0  141  79  32  102  1855  0  0  1  7  16  15  5  75  166387  273  482  550778  2  307  0  0  41  0  0  0  220  3  521  0  8  954  14838  181945  34  134  3278  0  1  652  286  3387  4  63290  0  120  2  0  5  4  61  88  79803  52299  5150  786  1675  28  0  0  950  0  0  0  0  0  2  5  5  10  4233  61  18  0  0  0  0  1  0  1  0  0  0  154  1  0  1  0  2  0  0  2179  0  2  0  0  1  0  0  0  0  0  12  0  0  1  6  9  1  0  0  0  0  1  11  0  0  34  0  0  0  0  0  0  0  0  0  9777  26  0  0  0  7113  0  0  0  
0  75848  0  0  0  0  0  0  0  18  1  0  0  0  0  0  255  230  212  1  48658  1  1977  4  0  0  0  0  0  0  0  18  0  2584  753  0  999224  963745  0  0  4108  222  102006  165  0  0  2  1669  1  352530  686  0  0  0  0  4  28561  175  128302  241758  101117  0  11  0  67  3  0  0  0  0  0  0  102010  1  0  0  0  0  0  0  0  0  0  1  0  0  0  0  0  0  1  1  0  0  0  12  14  0  0  1  0  0  0  0  0  3  0  0  1  0  0  0  0  0  37  0  0  0  0  0  0  1  13  0  0  0  0  0  0  3  0  0  0  0  0  0  0  0  0  1  0  1  0  0  0  0  10  0  
29  137  0  409  1  39  0  12  88  10651  21  10  0  143  1  1  39691  46671  211882  567  219  124  17735  318  857357  165829  1843  0  20  940  8  4707  52897  711659  117307  27872  28572  1176866  145  0  300576  48  299910  25368  408  14  300  771113  10235  73195  1769  147  35  19  109008  219180  67167  364949  214541  5941  128743  3  1119  112  34493  9415  2613  659  45  20  37  118190  0  34686  1  1  0  0  0  7  2  1  2989  216  0  9  0  1  0  0  65  308  1  1  1  4088  4476  34  1  31  1  0  0  132  11  426  0  11  168  72  0  2  0  0  5240  0  8  269  23  0  138  102  1458  0  4  5  2  0  2  522  62  11  22  0  259  0  22  0  8  1471  41  34  0  1  1  1  842  0  
0  0  0  3114  0  0  0  0  0  23  0  1402  0  0  0  0  213  347  0  0  0  0  14  0  0  3013  34  0  0  1  0  33  195979  68712  20  118015  0  0  0  0  146697  0  17  214  0  0  0  9105  110  0  1  0  0  0  0  35  0  4  0  0  78  0  7  2  44  2  38  0  0  0  1  0  50484  0  0  0  0  0  0  0  0  0  0  0  0  0  0  0  0  0  0  0  0  0  0  3  3  0  0  0  0  0  0  0  0  2  0  0  0  0  0  0  0  0  18  0  0  0  0  0  0  0  0  0  0  0  0  0  0  1  0  0  0  0  0  0  0  0  0  1  0  0  0  0  0  0  0  0  
4  0  0  0  0  13  1  2  0  1  0  0  0  0  1  0  0  6  0  0  0  0  2  77  0  0  2  0  19  1  2592  20  0  0  0  0  0  0  0  0  12  0  0  0  70  14  0  0  10  0  0  7  55  42  0  14  0  0  0  0  0  0  54  3  3  31  42  15  32  2503  1  0  0  0  0  1  0  0  248279  142024  19  1  0  17  0  763  386  54264  62668  56051  1  893  0  0  2  40  75  599413  0  1  0  0  60  0  45011  24069  0  0  2  3  0  0  10609  284  98  0  3  13  441  4  6563  1  2134  0  3  43874  98603  1474  0  82  3  3  2  0  13  294001  6707  38572  0  649  16  371  13  70596  0  1  105  0  
0  1  0  0  0  0  0  0  0  2  0  0  0  0  0  0  0  0  0  0  10  17  43  0  0  0  1  0  0  0  0  3  0  0  1  0  2  0  0  0  43  0  3  9  0  0  0  0  0  0  0  0  0  0  0  0  2  3  2  1  25  0  1  0  0  0  0  0  0  0  0  0  2  0  2  0  0  0  1  11  1  0  2  2  0  1  0  1  0  0  57  6  244577  3  294996  1167  769  0  0  1  0  0  0  0  210  505  0  0  141  2  43695  16416  0  0  29  196596  30  28  4  0  23  91  19  27  109502  1  1  0  0  17  34362  12  344963  263032  244650  1  159  2  0  6  1  1  0  0  1  41024  2959  0  
0  0  3448  0  0  0  0  302  10  0  0  0  0  0  0  408  0  0  0  0  0  0  0  0  0  0  0  1  0  6  0  0  0  0  0  0  0  0  0  0  0  0  0  0  1  159  0  0  0  0  0  0  0  0  0  0  0  0  0  0  0  0  0  0  0  0  0  0  0  0  1  0  0  0  0  0  0  0  0  0  94  1389  144  0  0  0  0  0  0  163326  0  1  0  0  0  0  0  1  0  0  90610  67721  154335  35384  0  0  0  0  0  0  0  0  0  0  1  0  0  0  307071  226566  1  0  0  0  0  0  0  2  0  7182  0  0  0  0  0  0  0  0  0  1  92508  0  393  0  93  0  0  0  
0  0  0  0  0  2  0  0  0  0  0  0  0  0  0  0  0  0  0  0  0  0  0  0  0  0  0  0  0  0  0  1  0  0  0  0  0  0  0  0  0  0  0  0  0  0  0  0  1  0  0  0  0  1  0  0  0  0  0  0  0  0  0  0  0  4  0  0  0  0  0  0  0  0  17  0  0  0  4  33  2  0  0  3  0  298490  14  154  781  2  277  867  0  0  0  1  242  63  7  444718  3  125342  118415  0  7  78  19551  34304  1098  5211  0  1  167  187  99640  0  0  5  116708  0  360  77  200935  0  0  401  12  27  1  241  5  3  1  0  1532  17  87  2  3  64  43938  165701  45  0  0  0  3247  2178  
54  0  0  0  3  10908  6  1  5  8  0  1  0  1  6  27  0  33  0  0  0  0  0  6  0  0  1  0  5  17  2683  53  0  0  0  0  0  0  1  1  2  0  0  19  55  8  13  2  55  0  0  80  462  20  0  5  0  0  0  0  0  0  10  41  2  363  30  26  11  4900  1  0  2  0  215174  0  0  1  0  256351  450  31  3  14  0  256  7  163  32368  594471  3  2075  0  2  0  6  20  796  0  2  4  1  387  0  494  3097  0  0  0  1  0  0  149  39  38  0  1  5  2158  26  7116  1  3001  0  0  15854  556375  11563  0  327  1  2  0  0  3  10  694  303  7  4010  100  1251  337  9506  0  1  22  0  
168  1  0  0  28  123312  699  24  41  13  0  10  0  1  33  8290  4  117  0  1  2  3  12  7  0  4  29  0  151  42  387  7162  0  0  2  0  0  0  8  3  34  0  4  40  591  139  32  7  178  0  0  268  1666  321  0  115  0  1  2  0  10  1  19  77  9  35721  282  207  280  12260  31  0  8  0  132551  21  8  11  360177  0  255890  1465  14  183  0  70  441  657  5  798426  12  24201  3  19  4  126  546  22139  5  59  117  42  6152  0  58045  218179  0  3  45  19  0  16  3698  13  754  0  53  93  31119  981  80562  32  3213  0  5  86706  110692  189725  6  3519  16  17  49  0  113  525  8304  8035  82  271813  1559  12361  4349  257985  10  50  1079  0  
69  0  0  0  4  14034  7969  406  263  37  0  3  0  0  27  8134  1  105  0  0  0  0  0  1  1  1  79  0  19  8  2  216  0  0  0  0  0  0  1  1  4  0  1  26  72  18  24  3  113  0  0  239  1486  171  0  62  0  0  0  0  0  0  7  21  1  65646  31  127  47  341  160  0  0  0  400  0  6  2  3000  283048  0  229205  10638  55  0  0  0  29  11  621849  0  1483  0  227  0  5  14  62  3  7  303  1249  3833  0  7  3570  0  0  0  2  0  0  7  0  70  0  0  18  23067  42991  2908  1  117  0  0  18239  4085  171800  0  9570  11  5  3  0  6  24  121  55  758  592066  5001  3610  19213  0  6393  0  17  0  
24  0  224  0  1  979  8829  51456  3789  2  0  3  0  1  0  2405  3  166  0  0  0  0  1  0  0  0  5  0  3  74  2  167  0  1  0  0  0  0  0  0  2  0  0  5  55  68  14  13  67  0  0  36  34  50  0  4  0  0  0  0  0  0  8  21  0  34308  19  13  28  30  132  0  1  0  10  0  2456  0  24  1372  426934  0  148345  2  0  0  0  0  0  337137  0  79  0  2  0  0  1  4  0  0  149  187  68999  1  0  14  0  0  0  0  0  0  0  0  9  0  0  1  97323  172588  172  0  8  0  0  94  64  123130  0  1355  1  0  0  0  0  0  9  0  11  213663  308  114  138262  0  13726  0  0  0  
11  0  333  0  0  304  153  10720  61428  174  2  0  0  1  0  19  4  140  0  0  0  38  0  0  12  0  158  0  6  16081  0  88  0  0  0  0  0  0  2  0  7  0  0  73  172  2551  10  6  49  0  0  10  7  8  0  243  0  6  0  0  0  0  2  11  9  38097  52  8  3  14  5418  0  526  0  0  1  107  0  4  9  12484  90799  0  63782  1  0  0  0  0  71  0  15  3  3406  0  1349  1  3  0  1  198  9  128  40874  0  0  0  0  0  0  0  0  0  0  9  0  0  10041  443  203570  10  0  1  0  0  9  17  16  0  10237  49  111  18  0  6  0  1  0  67841  234793  58  1  179  0  290116  0  71  0  
0  0  0  0  0  6  0  0  273  16090  0  0  0  0  0  0  66  165  0  0  0  216  47  0  2  1  30  0  0  500  0  102  0  0  13  0  0  0  0  0  301  0  6  172  6  6  1  11  9  1  1  1  1  1  0  41  1  1  1  0  11  0  5  1  2  20899  5  2  0  1  142  0  428  0  16  2  0  1  9  32  490  12  54233  0  407  6  0  7  0  6  5  152  44  688  0  56306  22148  19  12  43  7  8  89  60522  184  1096  0  1  7  19  0  1  5  4  8468  1  0  130299  850  3  150  27  2356  0  8  58  10  35  1  1725  249  274  76  0  139  0  134  9  40696  197647  475  187  10  3  3555  0  553  1  
0  1  1  0  0  0  0  0  0  0  45833  0  0  0  0  0  0  0  0  7651  0  2018  0  0  0  0  3  0  0  6362  0  0  0  0  0  0  0  0  0  0  0  424  0  894  0  0  0  0  0  0  0  0  0  0  0  0  0  0  0  0  0  0  0  0  2616  0  0  0  0  0  22  0  0  0  0  0  0  0  0  0  0  0  1  6403  0  0  0  0  0  0  0  0  2  444307  0  31739  0  0  0  0  17  0  0  166061  0  0  0  0  0  0  0  0  0  0  0  219142  0  523078  0  2  0  0  0  0  0  0  0  0  0  0  8  24992  0  0  3  0  0  0  453937  0  0  0  0  0  13  0  0  0  
0  0  0  0  0  0  0  0  0  0  0  0  0  0  0  0  0  0  0  0  0  0  0  0  0  0  0  0  0  0  0  1  0  0  0  0  0  0  0  0  0  0  0  0  2  0  0  0  0  0  0  0  0  1  0  0  0  0  0  0  0  0  0  0  0  1  2  0  0  0  0  0  0  0  3359  0  0  349211  4139  381  0  0  0  1  0  0  12725  220265  89758  28  246  1995  1  1  0  1  29  26  0  4554  2  201  21732  0  5  45  18465  43844  3654  1963  0  0  1406  248086  993  0  0  0  3457  0  17228  113  372690  0  0  192315  2825  28  1  74  1  0  0  0  4  80  25  26  0  25  1388  230132  19  0  0  0  160  1431  
0  0  0  0  0  0  0  0  0  0  0  0  0  0  0  0  0  0  0  0  0  0  1  0  0  0  0  0  0  0  0  2  0  0  0  0  0  0  0  0  2  0  0  0  1  0  0  0  0  0  0  0  0  0  0  0  0  0  0  0  0  0  0  0  0  0  0  0  0  0  0  0  0  0  8486  0  0  5  84  6166  0  0  0  3  0  28599  0  65721  0  0  3  94  0  0  0  6  12  78886  0  0  0  0  0  0  3  520  0  1338  392  1  0  0  105869  4230  10  0  0  3  3  0  121476  439  461  0  0  53  0  1  0  1  0  0  0  0  1  139786  9  43782  0  6  0  2  0  7  0  0  8  0  
0  0  0  0  0  0  0  0  1  0  0  0  0  0  0  0  0  0  0  0  0  0  0  0  0  1  0  0  2  0  0  1  0  0  0  0  0  0  0  0  0  0  0  0  7  1  0  0  1  0  0  0  1  3  0  0  0  0  0  0  0  0  0  0  0  0  5  3  4  0  1  0  0  0  49928  0  0  24  4314  1298  2  1  0  2  0  187443  86101  0  120308  16  0  195  0  0  0  1  7  8843  0  17  2  0  7  0  6  137  1  304  4  3  0  0  151493  114049  69  0  0  0  529  1  1095  0  9030  0  0  508163  4640  39  3  43  0  0  0  0  0  241474  23  9267  0  34  77  708  8  5  0  0  3  0  
0  0  0  0  0  4  1  0  0  0  0  0  0  0  0  0  0  1  0  0  0  0  0  0  0  0  0  0  0  0  0  0  0  0  0  0  0  0  0  0  0  0  0  0  0  0  0  0  0  0  0  0  0  0  0  0  0  0  0  0  0  0  0  0  0  16  0  0  0  0  2  0  0  0  79162  0  0  478  6800  9  8  2  0  0  0  56530  0  129429  0  15160  0  1  0  0  0  0  0  89231  0  16  1  7959  259307  0  0  0  0  0  0  0  0  0  0  1  0  0  0  0  187  1  11  0  1  0  0  971301  1050702  443168  0  7  0  0  0  0  0  233883  0  0  0  52  12  258484  128613  0  0  0  0  0  
19  0  5988  0  17  19909  175  8416  8  1  0  1  0  0  2  24921  0  9  0  0  0  0  1  12  0  0  0  0  7  11  4889  729  0  0  0  0  0  0  1  0  0  0  0  17  23  271  1  1  14  0  0  19  205  18  0  5  0  0  0  0  1  0  5  15  2  441  15  15  14  21702  2  0  0  0  52742  0  154867  0  724782  953280  457023  425763  58  2  0  2  0  30  56138  0  0  766  0  1  0  1  6  3141  1  1  14  71  135985  6  20414  8499  0  1  0  1  0  0  3  0  18  0  1  1  49068  63201  2254  1  100  0  0  8360  135133  1060609  0  622  0  0  1  0  2  26  1173  212  7  4066  398  3399  235181  94283  15  0  4  0  
0  0  0  0  0  0  0  0  0  20  0  0  0  0  0  0  7  59  0  0  1  1  13  1  0  0  2  0  0  0  1  57  0  0  0  0  0  0  0  0  60  0  2  7  0  0  0  13  9  0  0  0  1  0  0  2  1  2  2  0  15  0  3  0  0  77  0  1  0  0  1  0  42  0  13  322  0  4932  13  131  1  0  2  27  0  581  13  5  0  0  0  247636  67  6  59  34  133551  10358  50  1858  34  11  113  0  532  2109  12880  408  64775  786  0  129  2  2  54796  1  11925  197  6942  1  2017  280820  58962  31  168  53  3  7  3  1998  647  521  589  10  1111  1  1304  23  32  265  9339  338  29  4  6  309  17291  403  
1  0  0  0  0  4  0  1  1  39  0  0  0  0  1  0  14  95  0  0  1  0  20  0  0  0  1  0  6  0  0  82  0  0  2  0  0  0  0  0  97  0  3  7  16  6  1  7  23  0  0  2  8  3  0  13  0  0  2  0  10  0  1  1  2  126  8  4  16  1  1  0  58  0  2601  66  0  980  622  3272  33  14  8  154  0  5661  417  152  0  37  216145  0  86  24  12  239  160435  78134  46  1550  305  6  253  0  1276  11503  395  840  37349  595  0  19  113  140  22538  0  1556  191  9969  8  214545  15785  271931  4  46  4971  361  424  32  4417  534  417  256  0  386  152  10847  1870  47  2960  7123  4938  292  182  14  87  6233  240  
0  0  0  0  0  0  0  0  0  0  0  0  0  0  0  0  0  0  0  0  0  0  0  0  0  0  0  0  0  0  0  0  0  0  0  0  0  0  0  0  0  0  0  0  0  0  0  0  0  0  0  0  0  0  0  0  0  0  0  0  0  0  0  0  0  1  0  0  0  0  0  0  0  0  0  257550  0  0  0  0  2  0  0  3  4  0  0  0  0  0  0  0  0  91432  411  38004  1  0  132270  26  0  1  1  2  0  0  0  1  0  1  14  22745  0  0  0  171738  0  17291  11  0  0  0  1  0  55508  1  0  0  13  24  838605  348725  249776  4  41411  0  0  0  120  14  0  1  0  0  4  212  306040  0  
1  0  0  0  0  0  0  0  0  5  198  0  0  0  0  0  0  0  0  17  0  0  0  0  0  0  8  0  0  72  0  0  0  0  0  0  0  0  0  0  0  0  0  2  2  1  0  0  0  0  0  0  0  0  0  4  0  0  0  0  0  0  0  0  4  68  2  1  0  0  2  0  0  0  0  1  0  0  2  0  82  2  163  134  450364  0  0  0  0  0  0  37  98826  0  1  29383  5  3  36663  2  60857  14  8  9257  0  0  0  0  1  2  0  1  0  0  17  227021  0  143036  85  1  15  0  4  0  952  1  2  2  0  160508  43942  366555  15  0  1346  0  0  0  112424  1462  87  5  3  0  13784  0  648  0  
0  12  0  0  0  1  0  0  0  23  0  0  0  0  0  0  7  16  0  0  129  150  213  1  0  0  0  0  0  0  0  56  0  0  3  0  7  0  0  0  212  0  23  50  0  0  1  2  2  0  2  0  0  0  0  1  0  10  7  9  173  0  5  0  4  5  0  0  0  0  0  0  20  0  22  338952  0  1  12  47  0  0  0  6  0  2  0  6  0  0  31  33  40  1  0  13120  130895  2  1  1  0  0  0  0  1584  4156  0  1  170  3  87940  476  2  0  214  36949  10487  17  2  0  362  137  222  128214  149873  2  3  0  0  23  146  2  2275  535094  696623  1  1449  25  3  11  2  5  0  7  1  1473  4347  0  
0  1935  0  0  0  1  0  0  142  5094  3282  0  0  0  0  0  51  77  5  0  2469  246915  1641  1  0  0  2  0  1  12427  0  112  0  0  8  0  10  3  0  0  4175  7721  34  5282  2  0  4  21  3  0  1140  0  0  0  0  2  67  91  83  6  1182  0  8  0  463  4626  3  0  0  0  38  1  254  0  41  267  0  0  19  66  0  0  62  52316  36500  7  0  5  0  0  6  30  30141  12313  5201  0  63715  5  4  19  0  0  0  65892  1205  4297  0  5  18  19  0  5  2  0  681  441117  7  818539  21  0  405  19  885  0  124330  12  5  0  0  107  109031  39673  41  0  581295  0  1111  26  36902  5793  3  27  0  8  10  1  872  0  
0  1  0  0  0  2  0  0  1  3105  0  0  0  0  0  0  43  158  0  0  80  34  3320  3  1  0  2  0  0  0  0  432  0  0  56  0  19  0  0  0  1864  1  180  64  0  1  6  25  19  1  7  0  0  0  0  4  19  31  30  11  487  0  12  0  15  2759  0  0  0  0  0  2  242  0  79  829  0  24  62  432  3  0  0  21494  0  123  4  10  0  2  102671  145566  45  3  89120  68954  0  37410  15  324  3  0  2  0  3228  13071  2  322  200451  1431  51905  2762  2  3  32630  2  408219  33533  106  0  10933  59107  16225  143092  68  91  16  3  1  534  446  248  1041  13560  435168  6  3538  228  17  4906  80  511  0  27  7  2573  40391  49  
0  0  0  0  0  0  0  0  0  3  0  0  0  0  0  0  2  4  0  0  0  0  1  148  0  0  0  0  2  0  5115  10  0  0  0  0  0  0  0  0  8  0  0  0  5  1  0  0  2  0  1  0  0  0  0  2  0  0  0  0  2  0  108  0  0  3  1  0  1  1244  0  0  8  0  590282  12  0  5  4139  2898  0  0  0  19  0  85  156857  6110  81116  9699  1327  68958  4  4  1  29  54527  0  3  17  2  1  1  0  133798  19739  2  190  12737  32  0  2  1050  11  841  1  275  22  54  0  289793  217  427  0  1  17  37  1  0  307  33  33  24  0  42  317736  493070  1089056  8  90  98  13  3  45827  0  15  556  6  
0  0  0  0  0  4  0  0  0  0  0  0  0  0  0  0  0  1  0  0  0  0  0  0  1  0  0  0  0  0  0  1  0  0  0  0  0  0  0  0  1  0  0  0  1  0  0  0  0  0  0  0  0  0  0  2  0  0  0  0  0  0  0  1  0  11  1  0  0  1  0  0  1  0  9  41  0  7  15  37  7  3  1  10  2  11  0  11  0  3  65  361  143635  52136  21  2  650  27  0  297456  22718  0  26  3  0  23  0  11  152  2428  1  45532  3  4  5380  0  9  12  5443  1  177  61  288  0  1  55  10  24  175871  242153  110  72447  77  15  367  0  22  2  17  134  835  348  15  0  1  29  1107281  0  
1  0  0  0  0  17  3  1  1  46  0  0  0  0  1  0  4  21  0  0  0  0  1  0  0  0  4  0  0  0  0  16  0  0  0  0  0  0  0  0  15  0  0  0  5  1  1  2  3  0  0  4  3  1  0  1  0  0  0  0  1  0  0  1  0  104  4  0  2  1  1  0  5  0  74  2  0  358594  36  206  36  16  2  68  0  3852  0  555  13  23  975  9397  4  13  1  22  6384  906  279515  0  16478  93016  1433  0  66  752  50948  88394  870  510496  0  5439  658  736  497025  0  50  86  60996  5  3582  741  67462  10  1  760  36  191  269165  7133  29  32  12  0  8313  65  961  10  46  743  671012  2255  118  1  3  5  176521  70396  
0  0  27  0  0  3  1  0  2  21  1  0  0  0  0  0  1  5  0  0  0  0  0  0  0  0  15  0  2  14  0  2  0  0  0  0  0  0  0  0  0  0  0  4  3  3  0  1  2  0  0  1  0  0  0  8  0  0  0  0  0  0  0  0  0  190  1  0  1  0  15  0  3  0  5  0  99112  0  4  30  42  95  150  169  16  2  0  2  0  18  10  1894  1  63075  0  4  85  145  25187  11880  0  128  138  582865  1  14  0  0  0  87  0  0  1  1  667  0  0  70  1777  73486  603  27  48  0  2  29  21  120  7112  1056144  73  66  17  0  2  0  38  0  109465  2977  305211  206  34382  0  54982  0  135  0  
0  0  0  0  0  0  0  0  0  0  0  0  0  0  0  0  0  0  0  0  0  0  0  0  0  0  1  0  1  0  0  1  0  0  0  0  0  0  0  0  0  0  0  0  1  1  0  0  0  0  0  0  0  2  0  0  0  0  0  0  0  0  0  1  0  8  1  0  0  0  1  0  1  0  11  0  71516  122009  7  16  41  20  0  16  0  125  0  2  2367  6  1  793  0  10  0  0  19  67  0  87176  57  0  411713  0  3  24  111  1  1  102  0  0  0  1  111  0  0  15  850113  1133  588  0  406  0  0  48  25  7  0  424  2  1  2  0  0  1  33  2  51  178  754559  68  47  0  5  0  5  39  
0  0  0  0  0  0  3  0  0  0  0  0  0  0  0  0  0  2  0  0  0  0  0  0  0  0  0  0  0  0  0  0  0  0  0  0  0  0  0  0  1  0  0  0  4  0  0  0  0  0  0  0  1  1  0  1  0  0  0  0  0  0  0  0  0  11  1  2  2  0  1  0  0  0  13  0  142867  161950  5  113  7882  29773  130  3  0  21342  0  0  274509  200799  4  673  1  2  0  2  25  60  1  1058  46  583635  0  0  2  40  0  0  0  8  0  0  0  0  67  0  0  0  1056538  36537  610  0  494  0  0  108814  113  1300  0  902  1  1  0  0  0  1  42  0  7  307  4642  651438  474128  0  11  0  4  0  
0  0  524  0  0  0  0  1  422  41  11177  0  0  0  0  0  0  3  0  3  0  158  0  0  1  0  107  0  1  61400  0  0  0  0  0  0  0  0  0  0  1  0  0  28  0  134  0  0  0  0  0  0  0  0  0  18  0  0  0  0  0  0  1  0  4618  801  1  0  1  0  5569  0  71  0  0  0  45311  0  0  0  2  13  46072  53256  81838  0  0  0  0  4  0  0  0  4693  0  72858  0  0  1  0  710742  0  46  0  0  1  0  0  0  0  0  0  0  0  0  0  0  13113  584  310472  0  0  1  0  0  0  0  0  0  310253  1  0  0  0  0  0  0  0  420122  258  5048  0  14  0  292608  0  2  0  
0  0  0  0  0  61  0  0  0  2  0  0  0  0  0  0  2  2  0  0  3  6  31  37  0  0  0  0  0  0  6258  1529  0  0  0  0  0  0  0  0  35  0  5  3  0  0  1  0  1  0  0  0  0  0  0  0  3  2  1  0  9  0  12  0  0  4  0  0  0  12808  0  0  7  0  48215  1  0  0  5824  53296  0  0  0  28  0  2  0  0  0  57624  17  1028  1  0  15  202  355  80171  1  10  0  0  0  0  0  121427  0  1  36  10  0  0  0  0  626  0  3  32  9  0  14327  11  391  0  1  3  0  0  0  63  8  8  5  0  107  12  381580  382  0  26  14  10  0  213170  2  0  379  0  
4  3  0  0  0  1939  0  0  1  38  0  1  0  0  0  0  31  375  0  0  30  19  196  14  0  0  1  0  1  1  2069  66101  0  0  9  0  2  0  0  0  424  0  47  22  7  1  5  55  31  0  1  3  24  3  0  1  3  13  13  2  88  0  23  6  1  2924  6  4  1  2129  2  0  52  0  15505  121  0  9  1863  73294  507  1  0  299  0  42  7  750  0  6253  94  14448  7  1  49  1122  3657  5505  3  63  0  0  6  0  117159  0  0  16  215  82  0  78  148  1  4114  1  328  355  97  0  93619  132  4462  0  16  609  793  48  0  457  80  33  190  2  789  421  153728  7047  6  30983  125  126  0  33144  2  227  5890  1  
0  0  0  0  0  0  0  0  0  0  0  0  0  0  0  0  0  0  0  0  0  0  0  0  0  0  0  0  0  0  0  0  0  0  0  0  0  0  0  0  0  0  0  0  0  0  0  0  0  0  0  0  0  0  0  0  0  0  0  0  0  0  0  0  0  0  0  0  0  0  0  0  0  0  0  0  0  21914  0  0  0  0  0  0  0  15467  227  2  0  0  11093  727  0  0  0  0  2  4  0  20846  0  178  1  0  0  0  0  106332  73623  18959  0  1  0  0  132561  0  0  0  0  0  53  179070  1448  0  0  0  0  0  0  0  0  0  0  0  0  0  0  0  0  0  557  1  0  0  0  0  641  380921  
0  0  0  0  0  0  0  0  0  2  0  0  0  0  0  0  0  1  0  0  0  0  0  0  0  0  0  0  0  0  0  1  0  0  0  0  0  0  0  0  3  0  0  0  0  1  0  1  1  0  0  0  0  0  0  0  0  0  0  0  0  0  0  0  0  1  0  0  0  0  0  0  1  0  0  0  0  24420  0  1  0  0  0  1  0  31216  12953  608  0  0  77  159  1  0  0  1  646  104  2  87446  0  0  0  0  4  12  115155  0  360625  185942  0  30137  17  39  950  0  139194  1  2  0  769  376903  650  110  0  6  0  0  0  9  6  5  2  0  11  23  5  1  0  1  0  2  0  0  0  40  716697  76513  
1  0  0  0  0  0  0  0  0  5  0  0  0  0  0  0  0  9  0  0  0  0  1  0  0  0  0  0  0  0  0  13  0  0  0  0  0  0  0  0  8  0  1  0  0  0  0  1  1  0  0  0  0  0  0  0  0  0  0  0  0  0  0  0  0  2  0  0  0  0  0  0  10  0  2  564  0  4940  2  29  0  0  1  5  0  6619  4004  36  0  0  72418  16979  10  1  111  11  131087  194  2  47  0  0  0  0  81  377  94238  366293  0  693  9  22054  1  5  8341  0  312184  35  12  0  441  506066  2748  26345  27  21  0  0  0  52  89  69  847  2842  1407  19  105  65  5  24  0  94  0  0  2  1514  192495  4076  
0  0  0  0  0  3  0  0  0  65  0  0  0  0  0  0  13  66  0  0  1  0  27  0  0  0  7  0  0  0  0  79  0  0  7  0  0  0  0  0  350  0  6  7  1  0  1  11  14  0  2  0  1  0  0  5  5  2  4  0  31  0  1  0  0  56  1  0  0  0  2  0  55  0  18  51  0  707  9  66  10  4  0  91  0  231  0  21  0  4  6328  6617  43  6  9  45  67166  353  722  422741  2  59  32  0  189  940  24807  228218  15907  0  0  828  4  9  200129  0  2656  143  2725  4  655  37248  3853  827  14  82  7  34  10231  973  383  167  215  6  5093  5  464  22  33  222  29607  353  9  0  4  91  63744  162615  
0  0  0  0  0  0  0  0  0  0  0  0  0  0  0  0  0  0  0  0  0  0  0  0  0  0  0  0  0  0  0  3  0  0  0  0  0  0  0  0  1  0  1  0  0  0  0  0  0  0  0  0  0  0  0  0  0  1  1  0  1  0  0  0  0  0  0  0  0  0  0  0  1  0  1  86053  0  0  1  0  0  0  0  0  0  0  0  0  0  0  0  2  18  0  167395  7  102463  0  0  1  0  0  0  0  20  78  0  3  8  0  0  170991  0  0  6  3  300393  0  0  0  7  28  4  345352  0  0  0  0  0  1  0  0  47830  523309  49532  0  18  0  0  0  0  0  0  0  0  777076  649  0  
0  0  0  0  0  0  0  0  0  0  0  0  0  0  0  0  0  2  0  0  0  0  1  0  0  0  0  0  0  0  0  2  0  0  0  0  0  0  0  0  1  0  0  0  0  0  0  0  0  0  0  0  0  0  0  0  0  0  0  0  1  0  0  0  0  0  0  0  0  0  0  0  0  0  0  42505  0  2  0  2  0  0  0  0  0  1  0  0  0  0  297  25  6450  0  3097  0  5432  4  33289  8719  0  0  0  0  4  27  3  23676  5249  384  202971  0  0  0  276  0  255858  0  0  0  3  1355  61  284577  10  0  0  0  0  1  72  0  273468  38823  19645  0  5  16  0  3  0  2  0  0  0  1082142  940903  7  
0  0  0  0  0  1  0  0  0  1  0  0  0  0  0  0  0  0  0  0  0  0  2  0  0  0  0  0  1  0  0  3  0  0  0  0  0  0  0  0  3  0  1  0  2  3  0  0  0  0  0  0  0  4  0  2  0  0  0  0  0  0  0  0  0  1  1  0  3  0  1  0  2  0  110704  0  0  15  13491  18880  2  0  0  9  0  6128  87265  292426  0  14  0  188  1  0  1  22  34  116  4  34  0  0  4  0  22  1406  0  9  3  11  0  0  0  89024  128  0  2  6  179  1  48401  1  109815  0  0  16037  415  72  2  58  1  1  0  0  8  32197  35  47662  0  42  56  389  1  26  0  0  53  0  
0  0  0  0  0  0  0  0  0  0  0  0  0  0  0  0  0  0  0  0  0  0  0  0  0  0  0  0  0  0  0  0  0  0  0  0  0  0  0  0  0  0  0  0  1  0  0  0  0  0  0  0  0  0  0  0  0  0  0  0  0  0  0  0  0  1  0  0  0  0  0  0  0  0  1296  0  0  22  1405  148  0  1  0  7  0  267215  2440  129961  10  20  1  74  1  0  0  0  4  4  10  144  0  1  3  0  0  21  0  106  0  25  0  0  76138  0  401  0  0  2  766  0  24796  2  83847  0  0  3279  914  7  3  145  5  1  0  0  1  1120  1  46  0  29  125  656  8  1  0  0  10  1  
2  0  0  0  0  4  0  1  0  2576  0  0  0  0  0  0  398  1372  0  0  2  0  110  4  6  2  162  0  2  1  0  404  1  0  62  0  1  0  0  0  826  0  45  54  9  19  2  136  131  1  2  7  2  3  1  137  13  13  22  0  74  1  21  5  5  2194  33  1  0  0  76  1  648  0  118  69  0  72878  74  429  68  7  39  3539  0  712  1  1658  0  15  70255  45623  213  184  13  379  113961  7811  1237  422525  29  94  257  2  755  4734  84317  5695  15799  291959  0  387  1396  1453  0  0  1989  3601  42534  4  16249  122545  307045  266  74  2108  67  136  2395  118214  1547  972  577  11  16132  67  5422  52  554  4354  122951  3659  112  8  103  119  68327  116778  
0  94  0  0  0  0  0  0  0  40  2  0  0  0  0  0  0  1  0  0  96  5936  8  0  0  0  0  0  0  0  0  0  0  0  0  0  0  0  0  0  1  722  0  73  0  0  0  0  0  0  84  0  0  0  0  0  0  0  0  1  73  0  0  0  0  10  0  0  0  0  0  0  0  0  0  200020  0  0  0  0  0  0  0  4  263438  0  0  0  0  0  0  1  184454  189864  20852  619486  2  0  0  0  0  0  0  0  2  4  0  0  0  0  2  0  0  0  0  0  0  213305  0  0  0  0  0  0  208732  0  0  0  0  9  221253  15002  104  0  16475  0  3  0  1262  0  1  0  0  0  0  0  15  0  
0  0  0  0  0  0  0  0  0  6  0  0  0  0  0  0  0  6  0  0  0  0  4  0  0  0  0  0  0  0  0  23  0  0  0  0  0  0  0  0  4  0  2  0  0  0  0  0  2  0  0  0  0  0  0  0  0  0  0  0  1  0  1  0  0  4  0  0  0  0  0  0  4  0  2  771  0  4  0  47  0  0  1  13  0  22  9  1  0  0  637  325  5  0  891  6  417170  67  2  41  0  0  0  0  129  681  0  138470  262288  1502  177792  239173  0  2  19709  0  0  23  18  0  210  40955  3138  234481  18  13  2  2  0  14  35  17  900  3938  2121  0  237  69  2  34  4  125  0  1  1  121259  260017  48  
1  1  0  0  0  11  1  0  2  526  2070  0  0  0  0  0  5  22  0  45  0  14526  40  0  1  0  34  0  1  160  0  38  0  0  1  0  0  0  0  0  129  71  0  217  1  7  1  1  2  0  0  0  1  2  0  34  0  1  2  0  10  0  1  0  90  1159  2  1  2  1  27  0  17  0  15  464  0  9  24  63  1591  39  14155  146701  422432  30  0  30  0  23  13  371  44658  132881  88  815310  19788  26  45  40  41  165  250  21584  52  342  0  11  22  79  0  0  12  14  3483  156334  3  0  4389  21  328  50  2795  0  1236  139  24  112  1  14486  341892  215030  4186  0  10047  1  56  2  556510  42558  500  439  45  0  4811  0  8331  7  
11  0  0  0  0  139  37  6  17  45  0  0  0  0  2  1  1  50  0  0  0  0  3  2  3  1  56  0  19  4  1  59  0  0  1  0  0  0  0  1  2  0  3  15  90  12  4  4  26  0  0  24  44  26  0  56  0  0  0  0  4  0  4  3  0  1547  27  14  34  12  57  0  12  0  476  2  265721  171097  546  3528  42817  57040  839  281  0  4632  1  955  56  27103  644  44294  12  121  3  55  3288  3752  89  71082  107  955502  965616  17  247  3151  0  3  36  130  0  1  168  466  19905  0  5  154  0  188470  25717  71  95268  0  0  6497  982  11022  61  59547  90  96  30  0  38  61  3628  89  471  12403  781480  353512  232749  7  524  4  558  6  
2  0  2738  0  0  7  5  6469  60  7  0  0  0  0  0  223  0  0  0  0  0  0  0  0  0  0  17  0  3  160  0  4  0  0  0  0  0  0  1  0  0  0  0  5  13  405  1  2  1  0  0  1  6  1  0  8  0  0  0  0  0  0  0  1  0  129  8  3  7  2  45  0  1  0  44  0  197870  0  56  1061  53938  186004  161900  91  0  1  0  3  1  53776  1  889  0  54  0  1  10  54  0  4  94456  9614  7152  218320  0  41  0  0  0  2  0  0  1  0  120  0  0  66  196924  0  1387  1  62  0  0  214  75  6024  1  268736  20  1  3  0  0  1  38  9  209  78871  125155  456  34829  0  206245  0  7  0  
0  0  0  0  0  0  1  1  0  47  0  1  0  0  0  0  6  29  0  0  9  3  63  1  0  1  1  0  3  1  0  146  0  0  0  0  0  0  1  0  127  0  3  3  24  2  2  2  8  0  0  0  6  4  0  3  1  3  2  0  29  0  3  4  0  83  9  3  11  0  0  0  22  0  47429  13  0  12  8789  18647  7  3  0  499  0  11349  121760  7754  0  25  161  143587  10  3  19  1122  10817  251609  4  59  3  0  26  0  5596  60348  6  850  663  58  0  13  61739  11748  2207  0  42  497  261  2  0  290  67990  0  8  3605  808  268  1  289  58  46  42  0  412  33501  28030  177011  8  2809  163  204  21  1963  1  14  2786  6  
0  0  0  0  0  0  0  0  0  139  0  0  0  0  0  0  82  599  1  0  2  0  31  1  0  0  3  0  0  0  0  169  0  0  14  0  1  0  0  0  249  0  8  4  0  1  3  51  100  0  0  1  1  0  0  3  4  5  5  0  33  0  2  1  0  124  0  1  0  1  0  0  227  0  20  605  0  200  16  130  5  0  10  141  0  130  1655  5  0  0  245653  21462  139  20  113  76  195038  1737  64  325  2  0  4  0  582  2470  157276  263511  417656  35963  8  4586  1  3  112830  0  26966  310  219  0  1574  0  6019  19977  177  49  3  2  0  2336  1156  768  1120  112  1834  7  1073  23  97  283  230  198  2  6  13  1319  792942  152632  
6  0  0  0  0  9  2  2  1  85  0  1  0  0  1  0  14  75  0  0  1  0  8  0  0  2  20  0  35  0  0  56  0  0  3  0  0  0  0  0  21  0  3  8  146  26  3  13  16  0  0  7  20  36  0  28  0  0  1  0  1  0  1  2  1  382  52  24  52  3  14  0  35  0  40242  33  1  186768  74383  9464  91  35  11  394  0  402949  135  45384  0  586  56063  244222  81  47  4  60  43765  3582  187  100312  650  1750  2246  1  296  5711  1487  2446  1632  1642  0  9  110188  119277  228102  0  35  310  167486  27  75802  1743  0  0  5  39739  31324  1341  177  15519  411  418  200  0  2592  911  1981  1371  122  2474  54425  202584  877  172  23  47  14975  226  
0  0  0  0  0  0  0  0  0  0  0  0  0  0  0  0  0  0  0  0  0  0  0  0  0  0  0  0  0  0  0  0  0  0  0  0  0  0  0  0  1  0  0  0  0  0  0  0  0  0  0  0  0  0  0  0  0  0  0  0  0  0  0  0  0  0  0  0  0  0  0  0  0  0  0  133  0  0  0  0  0  0  0  4  0  2  0  1  0  0  37  12  0  0  141028  1  198608  0  1  11  0  0  0  0  2  4  0  170  14423  1206  305581  65084  0  0  13014  0  440502  5  4  0  3  5248  200  0  0  1  0  0  0  2  1  2  53  427461  53207  0  3  0  1  1  1  9  0  0  0  226642  151283  7  
0  4  0  0  0  0  0  0  0  7  0  0  0  0  0  0  0  0  0  0  21  384  0  0  0  0  0  0  0  0  0  0  0  0  0  0  0  0  0  0  0  0  0  20  0  0  0  0  0  0  40  0  0  0  0  0  0  0  0  0  26  0  0  0  0  1  0  0  0  0  0  0  0  0  0  111251  0  0  0  0  0  0  0  0  0  0  0  0  0  0  0  0  42411  776  72281  97507  1  0  0  0  0  0  0  0  0  0  0  0  0  0  0  0  0  0  0  190214  0  439  0  0  0  0  0  0  0  0  0  0  0  0  107567  1936  2601  0  330899  0  0  0  216  2  0  0  0  0  0  1  8  0  
57  0  0  1  1  105  39  18  11  5  0  7  0  0  13  2  2  60  0  0  0  0  1  2  0  2  17  0  100  3  0  41  0  0  1  0  0  0  1  1  5  0  0  5  345  56  18  2  85  0  0  131  645  114  0  63  0  0  0  0  0  0  4  16  1  773  137  89  159  14  24  0  0  0  87742  1  0  79  39280  12545  1003  184  18  43  0  207239  8  724182  719032  6492  5  10515  0  41  1  38  99  264  1  38  89  41  127882  0  75  2121  0  1  1  9  0  1  21923  9145  269  0  0  35  25319  129  24544  4  7648  0  0  0  657043  336116  4  4495  11  19  3  0  12  133180  748  546  110  9462  781  616239  1935  10  5  2  93  0  
297  0  0  0  8  625  16  5  58  27  0  17  0  4  37  2  0  127  0  0  0  0  2  19  0  2  6  0  12  83  6  207  0  0  4  0  0  0  5  2  1  0  1  118  59  27  55  6  292  0  0  545  2852  69  0  18  0  0  0  0  1  0  29  198  8  1569  35  142  46  126  9  0  3  0  126274  0  5  5  656371  104619  770  134  5  29  0  703  1  72285  1123409  120147  0  2215  2  11  0  5  33  74  1  11  46  2  3155  0  36  3690  0  0  2  3  0  0  33  59  77  0  0  17  19154  115  7384  0  4493  0  0  787427  0  582996  1  3225  5  15  0  0  9  69623  177  149  44  7947  128  6836  684  8  1  1  46  0  
54  0  0  1  0  1365  275  58  98  13  0  4  0  1  14  2  2  167  0  0  1  1  2  4  0  3  42  0  39  10  5  216  0  0  2  0  0  0  2  0  3  0  0  12  261  55  18  10  116  0  0  120  672  128  0  46  0  1  0  0  0  1  14  44  1  6612  77  96  111  219  43  0  1  0  2085  0  22  12  32403  169916  141297  73536  97  61  0  20  0  175  504363  1114644  1  8196  1  60  0  5  56  381  4  19  138  124  17620  0  27  3449  0  0  5  1  0  0  29  4  169  0  2  27  67946  8196  18324  1  557  0  0  423593  668354  0  1  6866  15  26  5  0  14  76  636  268  225  46053  1791  168013  171669  6  40  1  53  1  
0  0  0  0  0  6  2  0  0  1  0  0  0  0  0  0  0  2  0  0  0  0  0  0  0  0  0  0  0  0  0  0  0  0  0  0  0  0  0  0  0  0  0  0  2  0  0  0  0  0  0  1  1  0  0  1  0  0  0  0  1  0  0  0  0  27  1  1  1  0  1  0  0  0  0  0  0  3  3  43  10  3  3  11  0  4  0  6  0  8  28  556  4  1  0  0  246  48  218191  272423  8518  0  32  0  1  10  0  0  29  54157  0  0  1  4  26946  0  1  2  1139  1  196  13  292  0  0  24  7  69  0  76875  3  2  1  0  182  0  18  0  4  236  49477  652  8  0  0  0  24350  0  
5  0  1  0  0  97  10  5  37  767  0  0  0  2  2  1  20  143  0  0  0  3  4  0  15  1  908  0  12  59  0  35  0  0  3  0  0  0  2  0  7  0  1  334  63  84  7  16  49  0  0  14  17  13  0  583  0  4  0  0  2  0  3  4  6  11956  81  16  9  9  719  0  65  0  88  106  3700  62  103  616  3006  785  1509  8382  1  104  0  116  0  227  793  50856  993  289542  26  258  6863  4611  258565  6187  1037058  1861  1986  301042  75  763  0  40  900  560  0  3  38  49  62748  4  26  7033  81637  142523  14379  586  5056  0  565  914  221  7419  77257  0  18616  174516  2985  0  2028  17  1480  14  93341  85694  567887  10276  68216  2  297667  3  127473  7  
0  0  0  0  0  1  0  0  0  5  0  0  0  0  0  0  0  2  0  0  0  0  0  0  0  0  3  0  0  0  0  0  0  0  0  0  0  0  0  0  0  0  0  3  0  0  0  0  0  0  0  1  0  1  0  4  0  0  0  0  0  0  0  0  0  39  0  0  0  1  4  0  0  0  4  47032  1  0  4  8  285  9  128  181  3  3  0  2  0  3  8  38  957398  26535  1374  171621  79  2  52  7  10  34  53  1  1  0  0  2  14  5  1  2866  1  0  42  209371  1  91812  693  3  29  11  79  0  75676  12  2  11  0  952  0  106245  116870  2  46735  1  1  0  2518  3785  94  66  7  0  374  48  106300  0  
0  0  0  0  0  2  0  1  0  24  1  0  0  0  0  0  0  4  0  0  0  0  0  0  0  0  16  0  0  0  0  3  0  0  0  0  0  0  0  0  0  0  0  6  1  4  0  0  2  0  0  0  2  1  0  12  0  0  0  0  1  0  0  1  0  303  4  0  2  0  17  0  2  0  2  41  2  0  8  27  794  19  1147  568  7436  1  0  3  0  21  44  217  401954  649154  9  29826  289  13  82663  24  115  206  110  20  0  6  0  6  69  13  0  2  2  1  190  9244  1  354905  2253  14  121  52  63  0  3968  19  13  33  1  201312  155722  0  1188  0  2019  1  6  1  78444  9474  490  110  31  0  2961  0  167075  3  
0  0  0  0  0  1  0  0  0  1  0  0  0  0  0  0  0  2  0  0  0  0  0  0  0  0  0  0  0  0  0  3  0  0  1  0  0  0  0  0  4  0  0  0  0  1  0  0  0  0  0  0  0  0  0  0  0  0  0  0  0  0  0  0  0  9  0  0  0  0  0  0  0  0  1  304362  0  1  0  5  21  0  12  9  0  3  0  4  0  1  360  47  270450  6  26215  590  2495  2  77  10  0  2  2  0  9  25  0  14  428  17  21749  191079  1  0  77  241  48  3116  427  1  20  391  36  2  51587  5  1  0  0  1058  136067  235  0  66811  144734  1  13  1  159  230  12  21  0  0  26  108125  150154  2  
0  0  0  0  0  0  0  0  0  0  0  0  0  0  0  0  0  0  0  0  0  0  5  0  0  0  0  0  0  0  0  3  0  0  0  0  0  0  0  0  3  0  0  0  0  0  0  0  0  0  0  0  0  0  0  0  0  0  0  0  0  0  0  0  0  0  0  0  0  0  0  0  0  0  2  264508  0  0  1  2  0  0  0  1  0  0  0  0  0  0  2  2  3  0  493350  19  23243  1  0  0  0  0  0  0  64  170  0  0  1205  0  394871  20483  0  0  37  2  13043  0  0  0  19  220  19  329880  0  0  0  0  0  0  0  0  91008  0  128847  0  63  1  0  2  0  1  0  0  0  222679  37734  0  
0  27  0  0  0  0  0  0  0  92  0  0  0  0  0  0  3  9  0  0  100  5323  171  0  0  0  0  0  0  0  0  47  0  0  2  0  2  0  0  0  89  8  4  194  0  0  1  4  1  0  106  0  0  1  0  1  2  5  1  4  111  0  1  0  0  21  0  0  0  1  0  0  14  0  16  151969  0  19  17  63  7  1  8  150  0  118  0  13  0  0  147  208  27988  4784  512381  735425  437224  21  121  2854  0  0  5  0  597  2131  0  79  472  1360  15946  34786  5  6  8305  5178  14616  12492  2550  1  326  447  13800  69384  324095  104  5  11  10  9074  153222  7811  156355  158224  0  2  610  15  1712  135  93  500  7  7  15  63243  252089  33  
0  0  0  0  0  0  0  0  0  0  0  0  0  0  0  0  0  0  0  0  0  0  0  0  0  0  0  0  0  0  0  0  0  0  0  0  0  0  0  0  0  0  0  0  5  2  0  0  0  0  0  0  0  1  0  0  0  0  0  0  0  0  0  0  0  1  0  0  0  0  0  0  0  0  107385  0  0  6  20  259  0  0  0  1  0  36  154054  335844  100768  0  0  8  0  0  0  0  2  123122  3  5  0  0  0  0  2  400  0  0  0  0  0  0  46196  565  14  0  0  0  25  0  15187  0  346  0  0  124471  84104  1  0  6  1  0  0  0  0  0  6  267217  0  9  11  92  0  6  0  0  2  0  
0  0  0  0  0  1  0  0  0  15  0  0  0  0  0  0  0  21  0  0  7  4  31  6  0  0  0  0  0  0  102  318  0  0  5  0  1  0  0  0  33  0  7  4  0  0  0  4  3  0  0  0  0  0  0  1  2  3  6  0  15  0  9  1  1  31  0  1  0  8  0  0  10  0  34060  11  0  1  1101  3730  0  0  0  64  0  3  2  33  0  744  47  8332  3  2  24  378  2164  521476  3  20  0  0  1  0  384018  216983  0  3  100  21  1  6  174  2  1446  0  52  91  65  0  158668  48  803  0  2  17  14  1  1  338  33  19  21  2  193  1816  0  99513  2  988  147  24  0  161070  4  16  859  0  
0  0  0  0  0  0  1  1  1  12  0  0  0  0  0  0  2  6  0  0  2  2  26  0  0  0  0  0  5  0  2  32  0  0  1  0  1  0  0  0  45  0  0  5  30  4  0  1  1  0  0  1  10  16  0  8  0  1  3  0  12  0  1  0  1  22  13  4  21  0  3  0  7  0  219232  1  0  4  346  11144  1  0  0  143  0  219  50624  20274  0  143  21  573  0  0  5  314  683  796092  1  16  0  0  7  0  3903  52268  0  3  41  20  0  1  64673  472  556  0  24  146  84  1  108934  22  1348  0  3  851  31  17  2  50  9  8  7  0  96  498653  78489  0  1  221  20  174  1  4617  1  6  776  1  
1  0  0  0  0  5  0  0  2  30  137  0  0  0  0  0  0  6  0  0  0  0  0  0  1  0  70  0  2  92  0  5  0  0  0  0  0  0  0  0  1  0  0  26  6  7  0  0  2  0  0  0  1  1  0  51  0  0  0  0  0  0  0  0  18  651  4  2  7  0  70  0  8  0  7  28  0  1  7  29  2985  69  54067  33703  370906  1  0  1  0  18  4  242  1845  210369  3  25229  30  12  60  9  155181  1079  306  507737  0  4  0  2  5  8  0  0  2  0  79  707  0  537483  5361  43  286  6  22  0  1247  63  14  80  2  78152  42278  164543  843  0  684  0  4  0  0  31955  3772  136  169  0  265562  0  6018  0  
1494  1  1  3  27  78617  2702  2707  14781  18706  0  111  0  38  76  139  152  3075  0  0  1  50  31  55  112  11  7009  1  200  4911  73  30391  0  0  47  0  0  0  227  30  107  0  22  1678  3962  1014  236  189  2145  0  0  1519  1914  488  5  4831  2  3  1  0  15  2  169  513  85  236225  1158  751  316  3427  7525  1  1132  1  886  63  0  3  5892  371652  609548  185612  281839  180429  0  21  0  104  7  6366  12  5454  99  8276  10  3044  2918  377  164  295  2407  267  1319  289  157  67996  0  1  79  24  0  27  14  6  4313  1  74  14003  13445  13170  10680  71  1502  0  28  35999  11174  23735  14  59509  1011  1057  479  2  214  23  368  130  50062  0  4953  3220  1805  133  55522  106  3582  0  
0  0  0  0  0  64  13  6  8  39  0  0  0  1  0  0  0  25  0  0  0  0  0  0  0  1  31  0  7  1  1  32  0  0  2  0  0  0  0  0  2  0  1  17  31  4  3  1  12  0  0  12  10  11  0  34  0  0  1  0  0  0  0  1  0  596  12  4  15  1  28  0  8  0  301  1  111456  33010  237  1089  627  122  90  2716  0  2961  4  1193  5  166  666  29182  8  136  1  21  3006  2644  2882  937133  286740  709426  13839  3347  114  1425  3905  9  16  84874  0  1  826  829  86125  0  3  1390  636628  127481  12959  50  29041  0  8  2715  334  2484  47947  538944  351  68  66  0  46  183  1709  33  777  7664  0  12925  3314  0  122  2  706  1465  
38  0  0  2  0  456  108  23  54  7  0  2  0  1  12  2  2  130  0  0  0  0  1  4  0  1  13  0  45  4  2  126  0  0  3  0  0  0  4  0  9  0  0  6  181  39  17  9  68  0  0  61  223  80  0  51  0  0  0  0  2  0  8  20  3  2674  80  64  135  24  32  0  0  0  1444  0  5  176955  4577  7410  1954  816  62  46  0  230817  1  1352  274034  1348  4  7929  0  47  0  31  206  229  7  2222  120  290  564704  0  67  1834  0  7  15  36  0  0  175  431  784  0  1  28  631193  251  13793  15  129594  0  0  744616  4608  150460  7  5012  5  15  2  0  31  35  849  325  178  21321  1565  0  148339  10  9  0  142  0  
16  0  0  0  0  257  75  21  73  17  0  1  0  0  5  2  1  72  0  0  0  0  1  0  0  0  42  0  11  7  0  61  0  0  4  0  0  0  0  0  3  0  0  9  35  14  7  7  52  0  0  32  44  23  0  30  0  0  0  0  0  0  5  15  1  1969  14  19  41  23  47  0  2  0  83  0  1965  0  466  10214  6413  156187  120  142  0  2  0  5  115111  185663  1  1006  1  626  0  2  22  43  7  3  7184  36  450800  12  3  63  0  0  2  2  0  0  0  1  85  0  1  130  406974  22984  1606  0  72  0  2  2763  464  180460  0  39299  32  31  7  0  6  3  66  16  2024  23156  2069  157326  0  0  190  0  56  0  
2  0  0  0  0  41  0  1  0  1  0  0  0  0  0  0  1  4  0  0  0  2  3  0  0  0  0  0  7  0  579  980  0  0  0  0  0  0  0  0  9  0  1  0  30  8  1  0  2  0  0  0  9  17  0  4  0  0  0  0  2  0  0  0  1  5  16  7  15  2987  2  0  2  0  142965  0  0  0  15224  311441  0  0  0  8  0  1  0  28  0  109505  4  220  0  0  0  16  49  50700  0  1  0  0  1  0  246367  96295  0  0  2  1  0  0  18  1  44  0  3  9  5  0  2209  2  52  0  0  33  15  6  0  5  0  0  0  0  9  81  176279  1405  0  110  5  3  1  0  0  0  52  0  
2  0  516  0  0  7  0  9  1035  137  12  0  0  1  0  3  6  20  0  0  0  0  0  0  19  0  723  0  0  17234  0  10  0  0  2  0  0  0  1  0  1  0  0  115  60  888  0  2  7  0  0  4  2  1  0  513  0  0  0  0  0  0  0  1  21  3258  38  2  0  1  14830  0  56  0  3  0  26  0  2  8  126  39  313965  8960  16  0  0  1  0  4  2  164  19  17129  1  226  14  7  6  1  50525  137  12  279573  0  2  0  0  3  0  0  0  0  0  49  0  0  342  1244  193323  134  2  4  0  9  8  6  7  0  293783  196  180  33  0  4  0  10  1  305518  57039  663  10  1567  0  0  0  175  0  
0  0  0  0  0  0  0  0  0  1  0  0  0  0  0  0  0  0  0  0  0  0  0  0  0  0  0  0  0  0  0  3  0  0  0  0  0  0  0  0  1  0  0  0  0  0  0  0  0  0  0  0  0  0  0  0  0  0  0  0  0  0  0  0  0  1  0  0  0  0  0  0  0  0  1  67659  0  0  1  0  0  0  0  1  0  2  0  0  0  0  487  35  101  0  5583  1  4958  0  20  1  0  0  0  0  12  38  0  34  2170  22  702085  1176021  0  0  190  0  154073  0  1  0  6  861  48  344439  187  0  0  0  0  1  4  0  211656  218233  98512  0  12  4  0  1  0  0  0  0  0  0  36488  2  
0  0  0  0  0  7  0  1  2  24  0  0  0  0  0  0  14  94  0  0  0  1  18  1  0  0  14  0  0  1  0  84  0  0  5  0  0  0  0  0  274  0  4  12  4  2  0  11  29  0  0  0  1  2  0  13  3  3  5  0  17  0  2  0  0  181  1  2  2  1  13  0  52  0  46  15463  0  248  61  292  440  13  914  605  0  515  6  93  0  27  16460  10950  256511  1189  29478  421  216354  549  1185367  305294  91  207  126  3  403  1750  513  783900  91311  115815  742  1199051  37  59  61639  21  225150  10887  33713  16  1785  737920  42599  318276  2120  758  56  126  4831  154580  90779  107565  131022  60325  443050  7  817  66  10380  7188  1809  2454  65  5  2412  30730  0  5095  
0  0  0  0  0  0  0  0  0  32  0  0  0  1  0  0  13  47  0  0  0  0  4  0  1  0  8  0  0  0  0  35  0  0  5  0  0  0  1  0  27  0  5  1  0  0  1  5  5  0  1  0  0  0  1  4  0  0  0  0  1  0  0  0  1  19  1  0  0  0  2  0  34  0  4  11  0  2432  0  6  2  0  3  17  0  2743  1  0  0  0  319  947  69  25  0  5  5960  93  9  15224  0  65  2  0  45  266  371793  180209  6599  190538  0  99  0  1  96579  0  302  68  65  0  227  174290  416  17  4  7  1  0  0  506  269  325  99  2  45  0  220  0  56  39  224  12  0  2  7  9  20592  0  
