0  0  0  4  211286  84919  30  19  10  19  0  1682  0  12747  74829  42118  6  1086  1  0  0  2  12  179705  0  12  1  0  8  3  107432  1187  3  0  0  1  0  0  92  466  659  0  5  82  286  2  2200  95  9255  0  2  40210  89663  3203  0  15  3  12  0  0  1  48356  117  17069  129  3639  42  532  215  97004  0  0  34  13  2  0  0  1  2  19  1  0  3  3  0  1  0  0  0  2  0  5  0  0  0  0  4  0  0  0  0  0  0  0  13  4  0  0  0  0  0  0  0  0  1  0  0  1  1  0  0  0  36  0  0  11  22  50  0  0  0  0  0  0  0  0  1  3  0  439  4  68  1  19  0  0  0  0  
0  0  0  0  0  9  0  0  525  0  2  0  0  0  0  0  0  21  247536  0  236771  114689  64  3  0  3  1  0  0  349  0  0  2  0  2  0  33447  26  0  1  123  244538  17  5172  0  0  7  264  3  24  440398  2  6  0  0  1  43024  226  370006  25085  20613  0  0  1  203  3  0  0  0  0  281  52073  5244  4  0  0  0  0  0  0  0  0  0  0  0  0  0  0  0  0  0  0  0  0  8  182  8  0  0  0  0  0  0  0  0  1  0  0  0  0  0  0  0  0  0  14  0  0  0  0  0  0  0  0  0  0  0  0  0  1  0  0  0  0  0  0  1  0  0  0  0  0  0  0  0  0  0  1  
0  0  0  0  0  0  0  8758  6341  0  0  0  0  0  0  253319  0  0  0  0  0  0  0  0  0  0  39771  176026  142675  35698  0  0  0  0  0  0  0  0  0  0  0  0  0  0  387425  239459  0  0  0  0  0  0  0  0  0  0  0  0  0  0  0  0  0  0  0  0  93646  0  3278  0  7591  0  0  0  0  0  647  0  0  0  0  326  14  0  0  0  0  0  0  2291  0  0  0  0  0  0  0  0  0  0  0  0  0  53  0  0  0  0  0  0  0  0  0  0  0  0  0  0  0  45  0  0  0  0  0  0  0  0  0  0  0  0  0  0  0  0  0  0  0  0  0  0  0  0  13  0  0  0  
8  0  0  0  1  40  1  14  86  4  0  261999  2  10  1  0  2806  3611  0  11  0  1  4  57  0  372948  5  168978  109735  0  3  2  4413  147  5  108  0  0  2  30  24528  0  0  288  125948  6  860  279  240626  0  0  43  4  92  0  382  0  2  0  0  0  0  22  9  3528  111  1560  68112  10  0  9  0  6  172  0  0  0  0  0  0  0  0  0  2  0  0  0  0  0  0  0  0  0  0  0  0  0  0  0  0  0  0  0  0  0  0  0  0  0  0  0  0  0  0  0  0  0  0  0  0  1  0  0  0  0  0  0  0  0  0  0  0  0  0  0  0  0  0  0  8  0  2  0  0  0  0  0  0  
186831  0  0  1  0  41447  5  2  1  0  0  367  0  156  46020  266023  0  98  0  0  0  0  0  27  0  0  0  0  1  0  51496  65  1  0  0  0  0  0  1  47  18  0  1  2  15  0  145  11  1778  0  0  2253  139302  3446  0  1  1  2  0  0  0  2  1  260  8  1562  2  110  54  20231  0  0  1  1  0  0  0  0  2  5  0  0  0  0  0  1  0  0  0  3  0  0  0  0  0  0  0  0  0  0  0  0  0  0  0  1  0  0  0  0  0  0  0  0  1  0  0  0  0  0  0  0  11  0  0  7  4  8  0  0  0  0  0  0  0  0  0  1  0  84  0  17  0  0  0  0  0  0  
103270  0  0  3  38623  0  157610  117  2195  72  0  2786  0  428  89207  656438  15  15001  1  2  0  7  80  7043  0  49  5  0  93  967  31389  129272  18  0  4  7  0  1  29  1264  1188  0  31  176  1343  5  40260  420  8762  0  7  9770  190684  136603  0  37  11  54  1  0  2  22  20560  20219  195  483289  176  6824  2319  273253  6  0  147  70  0  0  0  0  33  29665  4397  53  11  13  0  7  0  1  0  170  0  14  0  0  0  0  27  10  0  0  0  0  0  0  1707  6510  0  0  0  0  0  0  2  1  15  0  0  4  6  0  2  3  101  0  0  14  41  93  0  3  0  1  0  0  0  0  5  5  0  154030  3  76  0  570  0  0  0  1  
64  0  0  0  2  172130  0  141276  155  17  0  316  0  0  1824  563265  7  1716  0  0  0  0  0  9  0  27  0  1  59  1  3  21  0  0  0  0  0  0  0  78  226  0  0  16  2778  8  644  31  1063  0  0  3478  200  407476  0  12  0  0  0  0  0  0  6  0  36  260700  86  4126  20089  4  2  0  0  0  0  0  0  0  0  1542  7059  1123  77  1  0  0  0  0  0  107  0  7  0  0  0  0  0  0  0  0  0  0  0  0  0  2  0  0  0  0  0  0  1  0  0  0  0  0  3  1  0  0  7  0  0  1  2  31  0  2  0  0  0  0  1  0  0  1  0  8385  1  8  0  1  4  0  0  0  
107  0  7026  13  0  222  154393  0  79278  2  0  13  0  0  18  186403  33  583  0  1  0  0  0  1  0  57  3  115  36943  8  1  4  0  0  0  0  0  0  0  7  62  0  0  14  118693  191648  208  21  406  0  0  114  53  36437  0  56  0  0  0  0  0  0  2  0  180  176940  143  669  227475  1  74  0  2  0  0  0  0  0  0  9  119  6051  3780  0  1  0  0  0  0  15  0  0  0  0  0  0  0  0  0  1  0  0  0  9  0  1  0  0  0  0  0  0  0  0  1  0  0  1  1  3  1  0  0  0  0  0  1  0  0  0  0  0  0  0  0  0  0  0  0  3525  0  1  0  0  85  0  0  0  
65  0  13687  21  0  1545  27  71844  0  34450  0  5  0  0  4  2363  174  8235  0  0  7  12  5  80  3  4120  1122  16  77  35457  6  4  2  0  0  395  0  0  0  3  19149  0  3  891  1531  145091  1339  420  2926  0  1  26  19  373  0  15165  14  9  0  0  5  0  51  2  2218  207159  7778  75  116  1  191440  0  1192  11  0  0  1  0  0  1  1  19  41701  319  1  0  0  0  0  2  0  0  0  0  0  0  6  0  0  0  0  0  0  699  0  1  0  0  0  0  0  0  0  0  1  0  0  2  0  2  0  0  1  0  0  0  0  0  0  0  0  0  0  0  0  0  0  0  2  22589  0  0  0  0  2379  0  0  0  
3  5  0  0  0  152  0  0  63549  0  1  2  0  0  1  0  144  49078  3  0  3  18382  43991  1162  0  66  6  0  2  119636  54  210  19  1  74  75  0  3  0  3  2929  0  415  167659  40  1  12066  8527  1245  0  10  9  5  16  0  57  11  39  12  1  25  0  1338  55  259  433348  141  9  0  7  4  2  1525  83  0  1  0  1  0  257  0  0  2567  4355  8  0  0  0  0  0  197  915  1  1  6  16  2753  130  8  92  2  1  6  3345  111  676  12  0  2  26  0  0  0  0  3130  0  0  437  11  0  241  412  36  0  0  1  1  1  0  771  7  262  3  0  42  0  993  12  48  149786  208  2  1  0  525  0  17  159  
0  2  0  0  0  0  0  0  0  0  0  0  0  0  0  0  0  0  34  536671  1  27258  0  0  0  0  956  0  0  76989  0  0  1  0  0  0  0  0  0  0  26  107232  0  811780  0  0  0  12  0  0  2  0  0  0  0  4  23  116  0  0  0  0  0  0  353139  0  0  0  0  0  2  0  30  0  0  0  0  0  0  0  0  0  0  0  100658  0  0  0  0  0  0  0  0  1026  0  59  0  0  0  0  0  0  0  5169  0  0  0  0  0  0  0  0  0  0  0  136  0  9012  0  0  0  0  0  0  0  0  0  0  0  0  0  0  0  0  0  0  0  0  101  0  0  0  0  0  3  0  0  0  
1198  0  0  336394  24  4248  23  9  8  8  0  0  1171  122047  2072  0  1411  7042  0  0  0  0  3  29537  0  126  0  0  7552  1  2  7  15164  32800  899  0  0  0  2197  267695  3490  0  83  104  13990  1  3245  1893  311715  0  0  343147  956  10455  0  24  0  1  0  0  0  3  6  422  233  325  15  216457  128  0  4  0  2  1  0  0  0  0  1  3  0  0  0  0  0  0  0  0  0  0  1  0  0  0  0  0  0  0  0  0  0  0  0  0  0  2  0  0  0  0  0  0  0  0  0  0  0  0  0  0  0  0  1  0  0  0  1  8  0  0  0  0  0  0  0  0  0  0  0  73  0  5  0  0  0  0  0  0  
2  0  0  1  0  8  0  0  0  0  0  890  0  195673  0  0  0  316  0  0  0  0  0  335807  0  0  0  0  0  0  2  3  0  5  71  0  0  0  139713  914  0  0  66  0  0  0  50554  8  1967  0  0  3  0  0  0  0  0  0  0  0  0  21008  13  23344  0  2  0  0  0  3  0  0  0  0  0  0  0  0  0  0  0  0  0  0  0  0  0  0  0  0  0  0  0  0  0  0  0  0  0  0  0  0  0  0  0  0  0  0  0  0  0  0  0  0  0  0  0  0  0  0  0  0  0  0  0  0  0  0  0  0  0  0  0  0  0  0  0  0  0  0  0  0  0  0  0  0  0  0  
4934  0  0  60  23  4179  1  1  3  1  0  155563  161671  0  296  0  0  3612  0  1  0  0  0  90231  0  0  0  0  5  0  28  16  0  0  3  0  0  0  204931  233196  624  0  1  14  51  0  10712  2  122167  0  0  333540  1621  95  0  8  0  0  0  0  0  135650  5  5644  59  80  3  131  26  9  0  0  2  0  0  0  0  0  0  1  0  0  1  0  0  0  0  0  0  1  0  0  0  0  0  0  0  0  0  0  0  0  0  0  0  0  0  0  0  0  0  0  0  0  0  0  0  0  0  0  0  0  1  0  0  0  1  4  0  0  0  0  0  0  0  0  0  0  0  10  0  1  0  0  0  0  0  0  
85545  0  0  2  41627  191067  3278  3  4  3  0  5125  0  584  0  441491  2  389  0  0  0  0  0  23634  0  6  0  0  77512  3  0  5  0  0  0  0  0  0  0  194  109  0  0  23  15211  0  210  2  437  0  0  1123901  934310  647570  0  0  0  0  0  0  0  80609  1  78  19  723  10  138995  170686  1  0  0  0  0  0  0  0  0  0  4  0  0  1  0  0  1  0  0  0  0  0  0  0  0  0  0  0  0  0  0  0  0  0  0  0  1  0  0  0  0  0  0  0  0  0  0  0  0  0  0  1  0  3  0  0  1  0  5  0  0  0  0  0  0  0  0  0  1  0  67  0  3  0  0  0  0  0  0  
31116  0  326778  0  306260  837764  635495  216621  2702  2  0  13  0  0  386531  0  1  179  0  0  0  0  0  7  0  1  0  0  40073  7  28105  31  0  0  0  0  0  0  0  3  20  0  0  0  39348  7583  80  3  81  0  0  178  56748  709413  0  1  0  0  0  0  0  0  1  83  2  171  3  263  302664  73294  10  0  0  0  0  0  317  0  6  1456  1102  668  20  0  0  0  0  0  0  5495  0  0  0  0  0  0  0  0  0  0  0  0  0  10  3  42  0  0  0  0  0  0  0  0  0  0  0  0  0  16  0  0  0  0  0  0  0  0  0  0  0  0  0  0  0  0  0  0  0  436  0  0  0  51  24  0  0  0  
11  2  0  1533  0  24  3  47  163  234  0  2375  0  0  0  0  0  475420  0  8  8  44  120839  20506  0  7672  10  8  336  25  78  54  21941  72  58223  34  3  2  0  2  42247  0  25940  295  5157  0  14598  301631  127707  10  1  10  3  77  0  1195  9  14  23  3  39  0  1826  42  4716  218  1996  72  47  3  8  23  955  127  0  0  0  0  0  1  0  0  0  94  0  0  0  0  0  0  1  7  0  0  0  1  275  0  0  1  0  0  1  0  0  6  0  0  0  0  0  0  0  0  45  0  0  62  0  0  1  11  0  0  0  0  1  0  0  12  0  8  0  0  0  0  1  0  5  68  1  0  0  0  0  0  0  8  
88  1  0  646  0  1209  3  21  92  5287  0  39460  370  1202  10  0  253728  0  0  0  2  106  74735  199487  0  354  4  0  155  94  757  1056  536  24  14249  25  0  1  417  17412  2089  0  13926  564  1306  4  234907  41981  304924  1  6  57  61  361  0  90  8  25  10  1  28  0  25101  600  297  5715  701  352  71  31  8  10  676  80  0  0  0  0  0  13  0  0  5  436  0  1  0  0  0  0  16  44  0  0  0  6  952  7  1  5  0  0  0  2  4  170  4  0  0  4  0  0  0  0  204  0  0  220  2  0  22  33  2  0  0  0  2  0  1  42  1  18  3  0  8  0  63  1  13  1904  21  1  0  0  1  0  0  13  
0  286323  0  0  0  0  0  0  5  0  115  0  0  0  0  0  0  0  0  71966  62  56206  0  0  175642  50  0  0  0  0  0  0  1  24  0  0  0  69122  0  0  4  422680  0  13000  0  0  0  19  0  0  123789  0  0  0  1  16685  1435684  592539  206508  1  69  0  0  0  23  0  0  0  0  0  4  12  259885  14  0  0  0  0  0  0  0  0  0  0  0  0  0  0  0  0  0  0  0  0  0  0  0  0  0  0  0  0  0  0  0  0  0  0  0  0  0  0  0  0  0  0  0  0  0  0  0  0  0  0  0  0  0  0  0  0  0  0  0  0  0  0  0  0  0  0  0  0  0  0  0  0  0  0  
22  0  0  4  0  258  0  17  235  0  495499  11  0  2  0  0  0  56  73551  0  0  2819  0  1  0  8  75369  0  54  303  0  0  0  0  0  2  0  0  1  15  1409  138441  0  766841  122  0  52  31  96  0  559  18  65  9  0  164845  86072  424910  1  0  79  0  0  10  268605  30  0  17  9  0  101  0  243  0  0  0  0  0  0  0  0  0  0  0  190  0  0  0  0  0  0  0  0  0  0  1  1  0  0  0  0  0  0  2  0  0  0  0  0  0  0  0  0  0  0  8  0  64  0  0  0  0  0  0  0  0  0  0  0  0  0  0  0  0  0  0  0  0  0  2  0  0  0  0  0  0  0  0  
2  243152  0  0  0  30  0  0  2278  1  0  2  0  4  0  0  0  72  82  1  0  1113  8265  35  0  1  5  0  0  1402  0  1  16  81  2430  5  67051  9826  0  2  439  0  4658  13093  2  0  10  7126  11  174573  69121  6  8  1  0  2  21616  246  64583  488791  729977  0  6  2  905  13  1  1  1  0  1347  50080  15683  166  0  0  0  0  0  0  0  0  0  0  0  0  0  0  0  0  1  1  0  0  5  17  45  1  0  0  0  0  0  0  1  10  0  0  0  0  0  0  0  0  3  0  0  1  0  0  0  1  0  0  0  0  0  0  0  1  0  0  0  0  2  0  7  0  0  4  0  0  0  0  0  0  0  2  
0  77468  0  0  0  6  0  0  130  12768  56180  0  0  0  0  0  6  514  28856  3118  2905  0  97805  27  0  1  1  0  0  34671  0  33  3  0  53  150  6  367  0  0  1141  453654  171  1192015  0  0  68  1326  23  3  375142  0  1  0  0  1  22912  21738  4295  746  1213708  0  24  3  6529  307  0  0  0  0  63  4558  80266  38  0  1  0  0  1  7  0  0  11  1236  90795  0  0  0  0  3  91  133  0  12  34  56349  5385  51  15  55  2  0  3  9105  17  265  19  0  1  33  0  0  1  0  2231  685  0  16740  3  0  27  393  21  0  6  0  1  3  1  420  5  513  1  0  15  0  148  7  1436  37  19  0  4  0  11  0  14  262  
2  88  0  0  0  26  0  0  46  48140  0  3  0  0  0  0  95031  68452  1  0  7194  102180  0  1304  0  1  0  0  0  27  4  412  66  72  217776  91  1216  251  0  0  1464  0  570664  139131  2  0  331  102563  238  126534  96  0  0  1  0  2  62  31  993  666  386979  0  211  67  90  65  1  0  0  6  13  8476  41628  138  0  3  0  0  0  0  0  0  1  104  0  0  0  0  0  0  15  88  0  0  30  15  1048  5  1  8  0  0  0  0  22  172  2  0  0  0  0  0  0  0  251  0  0  85  0  0  15  51  2  1  1  0  0  0  1  44  0  59  0  0  17  0  72  3  3  22  5  0  0  0  0  0  0  30  
163277  1  0  6  44  12417  1  0  8  236  0  11572  375170  74184  30361  18  6353  112805  0  0  2  24  4882  0  0  16  0  0  2  4  213783  6501  52  110  1563  10  0  0  116264  1767  595  0  2516  161  76  0  356493  31899  4548  1  5  801  70  30  0  4  4  48  6  0  30  208694  536162  984245  47  3039  12  34  12  141235  0  0  254  61  0  0  0  0  0  192  0  1  2  67  0  0  0  0  0  3  1  2  0  0  0  1  259  2916  0  1  0  0  0  1  11264  259  0  0  0  1  0  0  0  0  26  0  0  40  0  0  0  0  0  0  0  0  0  0  0  6  0  3  0  0  2  0  2052  1  2  103  2  0  0  1625  0  0  0  4  
0  0  0  0  0  0  0  0  9  0  0  0  0  0  0  0  0  1  143244  1  0  0  0  0  0  185908  8398  0  0  0  0  0  0  280  0  6973  0  4436  0  0  676  0  0  0  0  0  0  0  1  0  0  0  0  1  370045  618901  8  17057  0  0  0  0  0  0  3  9  1303  0  0  0  1  0  782397  0  0  0  0  0  0  0  0  0  0  0  0  0  0  0  0  0  0  0  0  0  0  0  0  0  0  0  0  0  0  0  0  0  0  0  0  0  0  0  0  0  0  0  0  0  0  0  0  0  0  0  0  0  0  0  0  0  0  0  0  0  0  0  0  0  0  0  0  0  0  0  0  0  0  0  
13  0  0  353982  0  91  3  22  9106  40  0  126  0  4  1  0  3161  20003  0  21  0  0  15  330  132052  0  337  65441  130  1083  13  17  2267  68691  1  369165  0  3148  1  24  425022  0  4  121  38519  431  4026  1793  105593  0  0  62  13  138  276011  54848  4  14  10  0  0  0  159  11  9166  2698  551324  170  19  1  928  0  174753  566  0  0  0  0  0  0  0  0  0  2  0  0  0  0  0  0  0  1  0  0  0  0  3  0  0  0  0  0  0  0  0  3  0  0  0  0  0  0  0  0  0  0  0  0  0  0  0  0  0  0  0  0  0  0  0  0  0  0  0  0  0  0  0  0  0  33  0  0  0  0  0  0  0  0  
73  0  37637  2  0  140  2  26  7895  3  329  5  0  1  1  0  50  3347  0  70116  6  4  1  18  25643  1412  0  376  60  1035024  1  2  0  0  1  893  0  0  0  2  3125  0  0  175  852  41183  561  86  808  0  5  22  22  155  0  1269726  5  43  0  0  2  0  7  1  250359  11512  355354  47  16  0  229631  0  12451  0  0  0  11  0  0  1  0  0  6  0  10  0  0  0  0  0  0  0  0  1  0  0  0  0  0  0  0  0  0  30  0  1  0  0  0  0  0  0  0  0  0  0  0  0  0  0  0  0  1  0  0  0  0  0  0  1  0  0  0  0  0  0  0  0  1  127  0  0  0  0  0  0  0  0  
1  0  154129  213931  0  4  0  61  51  1  0  1  0  0  0  0  19  168  0  2  0  0  0  1  1  93850  452  0  18746  1  0  0  0  0  0  0  0  0  0  1  21  0  0  2  1110081  81766  35  9  318  0  0  1  1  15  0  36  0  1  0  0  0  0  2  0  139  20  560110  4  5  0  1  0  1  0  0  0  0  0  0  0  0  0  0  0  0  0  0  0  0  0  0  0  0  0  0  0  0  0  0  0  0  0  0  0  0  0  0  0  0  0  0  0  0  0  0  0  0  0  0  0  0  0  0  0  0  0  0  0  0  0  0  0  0  0  0  0  0  0  0  1  0  0  0  0  0  0  0  0  
28  0  159104  121225  1  82  561  55798  99  12  0  8141  0  1  41532  105437  147  3012  0  9  0  0  2  32  0  529  1  52616  0  7  4  4  0  0  0  0  0  0  0  9  127  0  0  6  879299  881  924  213  5348  0  0  9578  23  57301  0  221  0  9  0  0  0  0  16  0  375  689  1609  671551  750939  0  41  0  9  0  0  0  2  0  0  1  0  0  0  0  0  0  0  0  0  8  0  0  0  0  0  0  1  0  0  0  0  0  0  0  0  1  0  0  0  0  0  0  0  0  0  0  0  0  0  0  0  0  1  0  0  0  0  0  0  0  0  0  0  0  0  0  0  0  0  69  0  1  0  0  0  0  0  0  
25  5  36383  0  0  1063  4  19  54643  70996  43239  0  0  0  1  12  181  8187  1  106  27  25294  6  79  1  396  1134803  3  12  0  6  13  9  0  1  432  0  0  0  0  8440  0  7  91711  446  250637  1178  939  1619  0  19  17  9  61  0  46393  28  13  10  0  21  0  50  5  600289  27095  2413  23  5  0  475468  0  1097  32  0  0  42  0  0  2  0  3  1909  96  10706  0  0  0  0  1  0  0  0  270  0  1  45  0  0  0  12  0  0  95816  0  3  0  0  0  0  0  0  0  0  5  0  0  9  0  12  0  1  0  0  0  0  0  0  0  1  0  1  0  0  1  0  0  0  356  128  0  0  0  0  8834  0  0  0  
89552  0  0  0  69477  10067  0  0  2  13  0  3  0  10  0  33079  44  2975  0  0  0  3  48  277260  0  3  0  1  0  1  0  39964  1  0  1  1  0  0  23  1  67  0  14  9  11  0  17519  672  110  0  1  15  4  10  0  1  1  6  0  0  0  0  376551  21362  6  5538  5  5  1  428386  0  0  26  10  2  0  0  0  0  616  0  0  0  1  0  0  0  0  0  96  1  17  0  0  2  1  25  1180  0  0  0  0  0  0  45412  6705  0  0  0  0  0  0  0  0  2  0  0  0  0  0  5  1  0  0  0  0  0  0  0  0  0  0  0  0  4  0  3578  0  1  14  0  0  0  6621  0  0  1  1  
1747  1  0  0  6  105235  31  7  20  90  1  4  0  39  3  22  5  26968  0  0  3  43  1219  7906  0  43  0  0  36  4  55595  0  48  3  9  38  0  2  58  5  956  0  318  280  114  1  95670  1170  2028  0  13  49  19  46  0  12  24  101  6  0  9  2  20122  29082  64  177994  173  25  4  179085  5  1  684  244  0  1  0  0  0  7834  0  0  6  24  0  1  0  0  0  2  314  583  11  0  0  10  191  60  9  36  0  0  4  0  7472  69083  9  0  13  142  0  0  0  0  2480  0  43  112  2  0  287  710  12  1  0  0  0  2  0  52  127  225  11  0  3506  0  210  6  7  7727  8  0  2  4692  0  0  310  551  
0  3  0  3999  0  1  0  0  45  3  0  15124  0  0  0  0  13322  420  1  0  20  15  606  69  0  11430  0  0  0  21  0  11  0  180152  27234  13131  1  9  0  8  122818  0  681  495  0  0  21  432886  1414  0  15  0  0  0  0  0  365  8  31  1  16  0  7  7  31  2  0  0  0  1  5  16  129865  232587  0  0  0  0  0  0  0  0  0  0  0  0  0  0  0  0  1  0  0  0  0  0  6  0  0  0  0  0  0  0  0  0  0  0  0  0  0  0  0  0  3  0  0  0  0  0  0  0  0  0  0  0  0  0  0  1  0  0  0  0  1  0  0  0  0  0  0  0  0  0  0  0  0  1  
0  4  0  89  0  0  0  0  0  0  0  14397  4  1  0  0  30  12  0  0  358  1  287  291  0  46668  0  0  0  0  0  2  176500  0  360592  432045  343  80436  0  19  377  0  140473  61  0  0  6  180815  103  727  6  0  0  0  0  0  18  0  81  10  994  0  1  0  0  0  0  0  0  0  0  54572  776983  169546  0  0  0  0  0  0  0  0  0  0  0  0  0  0  0  0  0  0  0  0  0  0  0  0  0  0  0  0  0  0  0  0  0  0  0  0  0  0  0  0  0  0  0  1  0  0  0  0  0  0  0  0  0  0  0  0  0  0  0  0  0  0  0  0  0  0  0  0  0  0  0  0  0  0  
0  47  0  0  0  2  0  0  12  9  0  856  2  1  0  0  47251  6215  0  0  2581  15  194411  588  0  1  0  0  0  6  0  7  30773  278745  0  9  1713  925  0  6  100  0  165237  70  0  0  10  236350  7  7874  65  0  0  0  0  0  59  1  498  518  6251  0  3  4  7  2  0  0  0  0  7  13616  49526  10  0  0  0  0  0  0  0  0  0  10  0  0  0  0  0  0  0  0  0  0  0  0  19  0  0  0  0  0  0  0  0  0  0  0  0  0  0  0  0  0  4  0  0  4  0  0  0  1  1  0  0  0  0  0  0  0  0  0  0  0  0  0  0  0  0  2  0  0  0  0  0  0  0  0  
0  0  0  69  0  9  0  0  13080  4  0  0  0  0  0  0  3  74  0  0  0  18  26  1  772  433983  48  0  0  843  0  4  3434  536740  0  0  0  0  0  0  245666  0  21  227  0  0  15  420  6  0  1  1  0  0  473  6160  2  3  0  0  10  0  1  2  298  89  6213  0  0  0  12139  0  166343  139700  0  0  0  0  0  0  0  0  0  1  0  0  0  0  0  0  0  1  0  0  0  0  5  0  0  0  0  0  0  0  0  0  0  0  0  0  0  0  0  0  3  0  0  2  0  0  0  0  0  0  0  0  0  0  0  0  0  0  0  0  0  0  0  0  0  0  0  0  0  0  0  0  0  0  
0  14492  0  0  0  0  0  0  0  0  0  0  0  0  0  0  0  0  0  0  34675  0  496  0  0  0  0  0  0  0  0  0  0  80  925  0  0  136181  0  0  0  0  142884  0  0  0  0  3378  0  388914  0  0  0  0  0  0  0  0  20471  379213  2684  0  0  0  0  0  0  0  0  0  0  1102291  4548  0  0  0  0  0  0  0  0  0  0  0  0  0  0  0  0  0  0  0  0  0  0  0  0  0  0  0  0  0  0  0  0  0  0  0  0  0  0  0  0  0  0  0  0  0  0  0  0  0  0  0  0  0  0  0  0  0  0  0  0  0  0  0  0  0  0  0  0  0  0  0  0  0  0  0  
0  19  0  0  0  0  0  0  8  0  0  0  0  0  0  0  0  6  53567  0  7414  2670  821  1  536  1108  0  0  0  3  0  0  26  83290  5153  0  149659  0  0  0  9  0  55376  390  0  0  0  17003  0  60746  80  0  0  0  0  0  13316  8  185185  3915  19294  0  0  1  3  0  0  0  0  0  3  1003024  1306472  276  0  0  0  0  0  0  0  0  0  0  0  0  0  0  0  0  0  0  0  0  0  0  0  0  0  0  0  0  0  0  0  0  0  0  0  0  0  0  0  0  0  0  0  0  0  0  0  0  0  0  0  0  0  0  0  0  0  0  0  0  0  0  0  0  0  0  0  0  0  0  0  0  0  0  
1859  0  0  0  2  550  0  0  0  1  0  5013  116657  275265  2  0  0  106  0  0  0  0  1  57306  0  0  0  0  0  0  517  284  1  0  0  0  0  0  0  22362  46  0  0  2  7  0  42501  9  116405  0  0  16380  58  18  0  3  0  2  0  0  0  567  280  98463  3  104  2  73  4  234  0  0  3  2  0  0  0  0  0  0  0  0  0  0  0  0  0  0  0  0  0  0  0  0  0  0  2  0  0  0  0  0  0  0  0  0  0  0  0  0  0  0  0  0  0  0  0  0  0  0  0  0  0  0  0  0  0  0  0  0  0  0  0  0  0  0  0  0  0  0  0  0  0  0  0  0  0  0  
859  0  0  44  2  1363  8  6  5  3  0  313039  1079  296247  32  0  3  4014  0  0  0  0  1  4208  0  9  0  0  57  0  4  8  11  8  18  0  0  0  24608  0  1819  0  8  57  147  0  1254  20  142140  0  0  4104  275  524  0  14  0  4  0  0  0  8  1  513  116  196  9  1237  78  0  1  0  0  0  0  0  0  0  1  4  0  0  1  0  0  0  0  0  0  0  0  0  0  0  0  0  0  0  0  0  0  0  0  0  0  2  0  0  0  0  0  0  0  0  0  0  0  0  0  0  0  0  1  0  0  0  1  6  0  0  0  0  0  0  0  0  0  0  0  63  0  3  0  0  0  0  0  0  
730  29  0  30406  17  4203  17  117  99794  830  2  3497  0  307  103  0  57890  147529  35  617  80  221  313  1343  164  431952  302  8  233  24927  89  333  104471  139  27  273639  0  1  39  2132  0  0  245  53978  8461  16  21773  240954  247623  0  309  3531  1270  2438  79  42928  2549  6918  67  0  243  1  616  1175  123765  6517  28536  5670  514  23  21515  0  94170  61903  1  0  0  0  0  0  0  0  10  462  0  0  0  0  0  0  7  11  0  0  1  6  1234  6  2  7  1  0  0  2  0  47  4  0  0  2  0  0  0  0  267  0  1  277  1  0  7  38  4  0  1  0  0  3  1  52  0  46  0  0  4  0  20  2  11  354  5  3  0  0  1  0  2  27  
0  304364  0  0  0  0  0  0  0  0  104482  0  0  0  0  0  0  0  484152  145909  0  483577  0  0  0  0  0  0  0  0  0  0  0  0  0  0  0  0  0  0  0  0  0  474215  0  0  0  0  0  0  90670  0  0  0  0  0  249029  11006  0  0  250  0  0  0  18  0  0  0  0  0  0  0  0  0  0  0  0  0  0  0  0  0  0  0  9374  0  0  0  0  0  0  0  0  0  0  1135  1  0  0  0  0  0  0  0  0  0  0  0  0  0  0  0  0  0  0  1050  0  23506  0  0  0  0  0  0  0  0  0  0  0  0  0  0  0  0  0  0  0  0  0  0  0  0  0  0  0  0  0  0  
1  46  0  0  0  14  0  0  37  100  0  8  0  1  0  0  7877  7019  0  0  5938  88  425258  544  0  2  1  0  0  19  0  100  75  136074  151266  78  133515  56137  0  0  1104  0  0  567  2  0  93  87265  85  119795  71  0  0  0  0  0  49  12  548  387  29609  0  17  40  38  40  0  0  0  4  12  212445  24793  173  0  0  0  0  0  0  0  0  4  177  0  0  0  0  0  0  3  4  0  0  0  1  487  0  4  0  1  0  0  1  2  9  1  0  0  4  0  0  0  0  84  0  0  96  0  0  0  8  1  0  0  0  0  0  0  24  0  11  0  0  1  0  3  0  2  20  1  0  0  0  2  0  1  7  
56  3312  0  50  1  319  2  19  14640  91594  719060  368  0  19  17  0  286  13041  26434  479278  75667  1221292  63033  182  0  309  108  0  32  125893  8  58  171  13  34  893  3  190  0  119  90468  398404  444  0  642  0  3206  12129  14426  0  180889  427  65  529  0  757  288827  270504  5091  239  125932  0  130  72  723261  18781  117  997  101  1  7269  1619  124097  504  0  1  0  0  0  0  0  0  1  137  136372  0  0  0  0  0  7  19  0  24  3  88  636  1  3  9  1  0  0  1341  2  33  3  0  1  4  0  0  0  0  244  13  1  5410  0  0  3  45  2  0  0  0  0  1  1  48  1  65  0  0  6  0  18  0  23  57  2  1  0  0  1  0  1  30  
636  0  296543  134595  5  2093  2714  209443  3039  215  0  5711  0  112  451  44884  2173  47177  0  64  0  1  20  430  0  48765  148  1104722  808098  58  37  100  0  0  0  1  0  0  18  1927  5936  0  3  430  0  237171  18130  2169  74233  0  0  3205  571  78643  0  2831  2  70  0  0  1  0  216  402  7824  9442  201768  137434  309819  6  203  1  96  2  0  0  0  0  0  15  1  13  22  3  0  0  0  0  0  0  1  1  0  0  0  0  9  0  0  1  0  0  0  0  0  16  0  0  0  0  0  0  0  0  1  0  0  1  1  0  0  1  2  0  0  1  0  8  0  1  0  0  0  0  1  0  10  1  0  687  2  7  0  0  0  0  0  0  
18  0  236245  10  0  45  281  211814  238646  1  0  3  0  1  2  8006  13  284  0  2  0  0  0  2  0  1135  78965  30926  51  263814  0  0  0  0  0  0  0  0  0  1  39  0  0  1  241521  0  97  15  653  0  0  19  8  2416  0  1569  0  1  0  0  0  0  1  0  229  632  199421  65  1045  0  262605  0  2  0  0  0  23  0  0  0  0  2  11  0  0  0  0  0  0  15  0  0  0  0  0  0  0  0  0  0  0  0  0  26  0  0  0  0  0  0  0  0  0  0  0  0  0  0  0  18  0  0  0  0  0  0  0  0  0  0  0  0  0  0  0  0  0  0  0  17  0  0  0  0  17  0  0  0  
2397  0  0  0  1  3062  1  24  52  1453  0  2649  48871  12400  7  0  2778  185906  2  1  1  46  766  371391  0  221  2  1  106  32  13670  8462  77  1  20  36  0  0  34472  845  1976  0  150  279  1081  1  0  19377  70206  0  33  446  51  211  0  64  54  227  6  0  7  81  15797  140457  209  6509  437  323  73  1501  2  1  520  287  0  0  0  0  0  6  0  0  0  46  0  0  0  0  0  0  1  15  0  0  1  1  135  2  1  3  0  0  0  0  3  238  0  0  1  1  0  0  0  0  34  0  0  34  0  0  8  4  2  0  0  0  0  0  0  4  0  4  0  0  2  0  24  0  1  1097  2  0  0  1  0  0  1  2  
22  238  0  205  0  127  1  11  1334  1996  0  1148  0  3  1  0  269420  151448  17  6  2536  605  96496  31534  0  2818  2  0  30  957  593  670  316241  119655  241214  2683  2856  2135  2  16  196887  0  103067  11618  389  1  33081  0  18278  4764  356  6  6  30  0  44  5932  616  4628  1007  4103  0  5161  291  2920  803  203  29  1  30  198  23186  590823  43891  0  0  0  0  0  12  0  0  8  961  0  0  0  0  0  0  19  28  0  0  1  13  2459  8  1  16  0  0  1  1  4  89  2  0  0  8  0  0  0  0  595  0  1  547  2  0  10  68  4  0  0  0  0  0  1  119  1  100  0  0  6  0  27  0  28  362  7  0  0  0  5  0  4  39  
28511  1  0  228332  103  48256  157  618  3325  2227  0  293031  326  112169  807  2  148976  404640  1  93  0  80  3219  36829  0  125052  112  32  6364  320  253  2261  3742  52  136  29  0  0  85774  206227  304763  0  420  1357  146110  51  94575  41985  0  0  8  54893  7073  27747  0  8415  24  161  3  0  3  154  4797  6375  33590  10230  23058  142931  6782  55  326  0  632  53  0  0  0  0  5  28  1  1  6  147  0  1  0  0  0  3  6  14  0  0  0  3  343  2  0  3  0  0  0  1  1  42  1  0  0  0  0  0  0  0  47  0  0  87  1  0  6  11  35  0  0  17  14  45  0  20  0  4  0  0  2  0  21  5  3  1211  5  75  0  0  1  0  0  1  
0  18  0  0  0  0  0  0  0  0  0  0  0  0  0  0  4  0  0  0  196293  0  98025  0  0  0  0  0  0  0  0  0  0  925  22960  1  561178  16539  0  0  0  0  154162  0  0  0  0  62908  0  0  0  0  0  0  0  0  0  0  9  170493  97732  0  0  0  0  0  0  0  0  0  0  506824  44758  0  0  0  0  0  0  0  0  0  0  0  0  0  0  0  0  0  0  0  0  0  0  0  0  0  0  0  0  0  0  0  0  0  0  0  0  0  0  0  0  0  0  0  0  0  0  0  0  0  0  0  0  0  0  0  0  0  0  0  0  0  0  0  0  0  0  0  0  0  0  0  0  0  0  0  
0  295425  0  0  0  4  0  0  416  1  2  0  0  0  0  0  0  16  125671  1528  60506  281850  22  0  0  1  1  0  0  275  0  0  2  0  0  0  0  26  0  0  110  41480  7  88616  0  0  2  110  4  2  0  1  1  0  0  4  67400  7236  6379  15  238949  0  0  0  252  3  0  0  0  0  228  46  5880  8  0  0  0  0  0  0  0  0  0  1  0  0  0  0  0  0  0  0  0  0  4  36  0  0  0  0  0  0  0  2  0  0  0  0  0  0  0  0  0  0  0  2  0  4  0  0  0  0  0  0  0  0  0  0  0  0  0  0  0  0  0  0  0  0  0  0  0  0  0  0  0  0  0  0  
83771  0  0  16  185  18633  270  108  61  65  0  475871  0  381009  978031  12  65  7352  0  3  0  0  2  203  0  189  1  2  7225  8  6  54  0  0  0  0  0  0  2098  32647  7166  0  1  781  3053  13  3998  91  46369  0  1  0  381493  290580  0  121  0  11  0  0  0  79502  6  424  1017  4980  657  325389  1360  9  6  0  11  1  0  0  0  0  5  46  1  0  5  0  0  1  0  0  0  2  0  6  0  0  0  0  1  0  0  0  0  0  0  0  0  5  0  0  0  0  0  0  1  0  1  0  0  0  5  0  0  1  19  0  0  10  9  89  0  2  0  0  0  0  0  0  4  1  0  1058  1  37  0  0  0  0  0  0  
92848  0  0  4  112477  229239  148  18  9  5  0  3462  0  2136  940256  62120  1  473  0  0  0  0  2  60  0  8  0  0  9  5  11  105  0  0  0  1  0  0  8  225  201  0  3  24  199  1  581  15  3762  0  0  403442  0  237953  0  6  0  0  0  0  0  741  10  178  30  11549  17  1640  631  4  1  0  10  3  2  0  0  0  4  17  2  1  1  0  0  1  0  0  0  0  0  2  0  0  0  0  1  0  0  0  0  0  0  0  0  1  0  0  0  0  0  0  0  0  1  0  0  0  0  0  0  2  9  0  0  8  5  18  0  0  0  0  0  0  0  0  0  1  0  206  0  29  0  0  0  0  0  1  
3880  0  0  18  362  123060  331608  2938  358  114  0  16689  0  361  600831  849379  45  11010  0  1  0  0  2  35  0  101  1  2  6065  96  14  54  0  0  0  0  0  0  3  3315  2482  0  2  393  37853  40  5224  116  8578  0  0  173587  218582  0  0  69  0  5  0  0  0  2  20  40  470  35235  444  117301  248522  6  16  0  8  0  1  0  0  0  12  135  9  2  18  0  0  1  0  0  0  6  1  17  0  0  0  0  1  0  0  2  0  0  2  0  0  16  0  0  0  0  0  0  5  0  4  0  0  2  6  0  1  0  53  0  0  16  17  137  0  2  0  0  0  0  1  0  1  24  0  4024  4  85  1  0  0  0  1  0  
0  0  0  0  0  0  0  0  0  0  0  0  0  0  0  0  0  0  0  0  0  0  0  0  184667  246005  0  0  0  0  0  0  0  7  0  1962  0  0  0  0  72  0  0  0  0  0  0  0  0  0  0  0  0  0  0  33  0  0  0  0  0  0  0  0  0  0  0  0  0  0  0  0  167596  0  0  0  0  0  0  0  0  0  0  0  0  0  0  0  0  0  0  0  0  0  0  0  0  0  0  0  0  0  0  0  0  0  0  0  0  0  0  0  0  0  0  0  0  0  0  0  0  0  0  0  0  0  0  0  0  0  0  0  0  0  0  0  0  0  0  0  0  0  0  0  0  0  0  0  
460  3  4  144  9  4300  15  699  45298  56  0  216  0  66  19  0  537  19801  8008  135173  7  1  6  149  600736  151534  1466419  22  2607  45088  10  30  0  0  0  31506  0  0  15  372  161930  0  0  1584  11941  463  5899  514  11459  0  31  599  776  1208  75  0  56  137153  9  0  1  0  48  110  96153  45373  583401  849  474  4  119408  0  527354  1  0  0  0  0  0  2  0  5  9  1  0  0  0  0  0  0  1  1  0  0  0  0  4  0  0  0  0  0  0  0  0  2  0  0  0  0  0  0  0  0  2  0  0  2  0  0  0  0  0  0  0  0  0  0  0  1  0  1  0  0  0  0  2  0  0  352  0  2  0  0  0  0  0  1  
1  40109  0  0  0  26  0  0  2982  5  486  1  0  0  1  0  6  146  1190655  125450  7035  37886  59  16  2  8  11  0  0  1531  0  24  363  26  15  6  0  20728  0  1  1675  198761  76  327325  1  0  28  10522  17  0  83396  6  10  0  0  100  0  233306  99506  18  6823  0  2  14  3431  17  1  3  0  1  1702  37  223693  2931  0  0  0  0  0  0  0  0  0  11  0  0  0  0  0  0  0  0  0  0  0  0  53  0  0  0  0  0  0  0  0  0  1  0  0  0  0  0  0  0  20  0  0  9  0  0  0  2  1  0  0  0  0  0  0  3  0  2  0  0  1  0  0  0  1  1  0  0  0  0  1  0  0  0  
73  77  0  1  2  969  0  7  5031  24  40  44  0  25  1  0  1  253  478460  358173  255  3378  42  22  19895  94  36  0  13  951  1  69  10  2  0  56  0  3  6  74  23356  1093  7  114243  147  0  118  6087  320  0  3114  98  227  22  0  154148  108661  0  63  0  219  0  14  76  51720  68  9  42  8  6  2992  2  153262  21  0  0  0  0  0  0  0  0  2  55  0  0  0  0  0  0  5  2  0  0  0  0  235  0  1  1  0  0  0  0  0  6  0  0  0  1  0  0  0  0  83  0  0  49  0  0  0  16  1  0  0  0  1  0  1  21  0  19  0  0  0  0  2  0  3  8  1  0  0  0  0  0  2  7  
3  346284  0  0  0  45  0  0  3153  2  0  1  0  3  0  0  4  153  244258  0  168542  8026  558  5  0  13  3  0  0  1998  0  5  92  704  191  9  33580  238778  0  0  684  0  774  10633  3  0  8  11162  21  4  32374  5  13  1  0  13  220196  529  0  85010  40796  0  5  4  1226  19  3  1  0  2  1789  340171  54626  1487  0  0  0  0  0  0  0  0  0  1  0  0  0  0  0  0  0  0  0  0  0  0  7  0  0  0  0  0  0  0  0  1  0  0  0  0  0  0  0  0  1  0  0  0  0  0  0  0  0  0  0  0  0  0  0  0  0  0  0  0  0  0  0  0  0  0  0  0  0  0  0  0  0  0  
0  16710  0  0  0  1  0  0  23  0  0  0  0  0  0  0  0  7  0  0  518604  12  93  0  0  0  1  0  0  16  0  0  1  22  504  0  452246  1874  0  0  8  0  501  25  0  0  1  2252  0  201306  29  0  0  0  0  0  45  1  58324  0  1851  0  0  0  9  1  0  0  0  0  13  204081  270  1  0  0  0  0  0  0  0  0  0  0  0  0  0  0  0  0  0  0  0  0  0  0  0  0  0  0  0  0  0  0  0  0  0  0  0  0  0  0  0  0  0  0  0  0  0  0  0  0  0  0  0  0  0  0  0  0  0  0  0  0  0  0  0  0  0  0  0  0  0  0  0  0  0  0  
2  123444  0  0  0  40  0  0  3885  16  0  3  0  1  0  0  2  119  224  41  804318  1041648  277744  40  0  8  5  0  1  2062  0  3  24  253  7350  45  5997  32185  0  3  1015  2952  35596  147668  1  0  15  28324  10  72533  383646  6  3  0  0  8  19645  1832  49423  12773  0  0  7  4  1336  25  2  3  0  0  2361  63394  191253  177  0  1  0  0  0  0  0  0  0  9  0  0  0  0  0  0  1  5  0  0  16  66  87  1  0  0  0  0  0  5  5  18  0  0  0  0  0  0  0  0  19  4  0  23  0  0  0  8  0  0  4  0  0  0  0  5  0  5  0  0  2  0  10  0  1  1  0  0  0  0  0  0  0  2  
23567  0  0  0  0  7  0  0  0  0  0  5  20134  193950  67676  0  0  1  0  0  0  0  0  162634  0  0  0  0  0  0  4  3  0  0  0  0  0  0  622  3  0  0  0  0  0  0  2  0  10  0  0  108209  569  0  0  0  0  0  0  0  0  0  0  3413  0  2  0  0  0  2  0  0  0  0  0  0  0  0  0  0  0  0  0  0  0  0  0  0  0  0  0  0  0  0  0  0  0  0  0  0  0  0  0  0  0  0  0  0  0  0  0  0  0  0  0  0  0  0  0  0  0  0  0  0  0  0  0  0  0  0  0  0  0  0  0  0  0  0  0  0  0  0  0  0  0  0  0  0  
4176  0  0  0  3  5205  0  0  4  417  0  17  1  50  0  0  1083  60637  0  0  1  48  1921  629596  0  44  0  0  2  10  385924  7275  7  0  47  12  0  0  139  4  420  0  136  186  72  1  68021  12876  3511  0  1  85  44  59  0  12  5  12  5  0  14  10  0  194327  46  1241  14  27  7  125587  0  3  220  36  0  0  0  0  0  15  0  0  0  99  0  0  0  0  0  0  1  1  0  0  0  0  291  6  1  0  0  0  0  2  412  30  0  0  0  1  0  0  0  0  35  0  0  63  0  0  3  1  1  0  0  0  1  0  0  6  0  6  0  0  0  0  13  0  1  181  1  0  0  188  0  0  1  2  
14939  1  0  0  310  54372  1  2  23  67  0  616  6490  31445  14  43  7  3386  5  4  5  24  193  970625  0  8  0  0  2  14  56675  33663  75  2  10  32  0  0  107660  297  1947  0  129  234  66  0  74066  1636  3965  0  28  7660  317  59  0  23  43  209  2  1  6  27243  167366  0  167  13429  20  56  8  44089  6  1  555  273  0  0  0  0  0  8  0  0  0  16  0  0  0  0  0  0  0  5  0  0  0  0  85  0  0  2  0  0  0  0  3  33  0  0  0  1  0  0  0  0  24  0  0  29  0  0  1  2  2  0  0  0  0  0  0  3  0  0  0  0  2  0  1  1  0  132  0  0  0  0  0  0  0  1  
451  154  0  280  16  4810  13  472  20398  126  322576  538  0  134  19  0  902  28716  109  281729  424  1318  22  249  1  4353  241718  4  826  770593  18  72  43  0  2  3586  0  21  27  591  95008  2  13  905366  4806  42  10926  4151  31539  0  1158  1071  1241  1037  0  90448  8774  79827  172  0  168  2  88  324  0  12207  5776  1304  217  4  115663  2  82814  240  0  0  0  0  0  1  0  2  1  19  2607  0  0  0  0  0  3  1  0  4  0  0  75  1  1  0  0  0  0  6493  1  8  0  0  0  0  0  0  0  0  15  0  0  12  0  0  2  1  2  0  0  0  0  1  0  8  0  5  0  0  0  0  2  0  80  177  2  3  0  0  10  0  0  0  
17164  0  0  64  73  501305  239818  198509  321313  329371  0  206  0  66  582  74  211  91563  1  3  0  33  144  2262  1  1718  329  11  774  64273  10197  178328  22  0  7  118  0  0  23  117  5094  0  120  35402  10503  385  86853  2973  11042  0  13  1661  2929  32604  0  4607  18  51  2  0  3  2  2899  7105  1333  0  6554  4617  1425  26846  72  2  392  92  17  0  0  0  1356  25185  2019  8148  31625  2997  0  213  0  0  5  197  6  141  0  0  0  4  39  5  0  7  0  0  2  379  303  12687  0  0  0  2  0  0  17  32  258  0  0  11  37  0  21  14  3027  0  0  463  1108  968  0  92  0  1  0  0  6  0  58  51  4  325578  29  764  6  386  587  0  2  0  
79  0  90784  3277  0  181  7  88  9432  36  0  7  0  4  11  0  173  11460  0  20  0  1  0  73  531  780776  362613  543782  220  275  13  13  0  0  0  6646  0  0  0  4  27911  0  1  60  153995  160931  2697  284  3891  0  1  58  36  734  0  451663  2  4  0  0  0  0  31  3  8872  14829  0  150  88  0  105744  0  35  0  0  0  0  0  0  0  1  1  6  1  0  0  0  0  0  0  0  0  0  0  0  0  0  0  0  0  0  0  0  0  0  2  0  0  0  0  0  0  0  0  1  0  0  0  0  0  1  0  1  0  0  0  0  0  0  0  0  0  0  0  0  0  0  0  0  163  0  0  0  0  0  0  0  0  
532  0  0  141514  12  2671  210  89  214  127  0  301104  0  174  110918  6  159  21442  0  24  0  1  3  62  0  516  4  2  646061  27  11  48  0  0  1  4  0  0  108  3355  22754  0  1  2876  339177  15  12605  250  141608  0  0  306486  1087  261941  0  692  0  58  0  0  0  4  21  346  3582  2976  746  0  210339  1  20  0  74  0  0  0  0  0  6  38  2  1  2  4  0  0  0  0  0  0  0  6  0  0  0  0  1  1  0  0  0  1  0  0  0  12  0  0  0  1  0  0  1  0  2  0  0  3  1  0  0  0  19  0  0  3  6  61  0  0  0  0  0  0  1  0  3  4  0  1063  3  30  0  0  0  0  0  0  
200  0  798  439  0  474  8382  198522  856  13  0  188  0  8  95419  275454  117  4587  0  6  0  0  3  45  0  293  7  17  765265  20  1  6  1  0  0  1  0  0  0  134  1067  0  0  319  464621  7063  1973  145  2488  0  0  1329  342  323542  0  188  0  8  0  0  0  0  19  11  797  13466  411  136959  0  1  772  0  9  0  1  0  1  0  0  22  1  1  6  1  0  0  0  0  0  7  0  2  0  0  0  0  0  0  0  0  0  0  0  0  0  4  0  0  0  0  0  0  0  0  0  0  0  0  1  0  0  0  5  0  0  3  2  6  0  0  0  0  0  0  0  0  0  0  0  1007  1  9  0  0  0  0  0  0  
94089  0  0  0  19969  215523  0  0  7  6  0  4  1  14  0  65133  3  470  1  0  1  4  50  239060  0  1  0  0  0  2  408284  160770  14  0  2  9  0  0  22  2  375  0  25  54  3  0  2761  347  180  0  6  33  11  11  0  0  5  54  3  0  1  2  192784  63946  21  35691  4  2  0  0  4  0  108  64  0  0  0  0  0  2222  0  0  2  6  0  0  0  0  0  167  0  0  0  0  1  0  15  126  0  0  0  0  0  0  44878  25151  0  0  0  0  0  0  0  0  7  0  0  6  0  0  0  0  0  0  0  0  0  0  0  0  0  1  0  0  0  0  1627  0  0  94  0  0  0  16597  0  0  1  0  
75  0  5338  5  0  156  503  110  181051  10  1  4  0  1  2  17  82  4059  0  2  6  4  2  21  0  1437  229971  17  42  509466  5  2  0  0  0  301  0  0  0  3  5603  0  0  935  2230  146011  737  274  1276  0  4  32  8  1524  0  160791  18  13  5  0  7  0  8  1  89281  8124  83885  56  394  1  0  0  604  9  0  0  5  0  0  0  0  4  887  0  10  0  0  0  0  2  0  0  0  0  0  0  1  0  0  0  0  0  0  2197  0  0  0  0  0  0  0  0  0  0  3  0  0  0  0  2  0  0  0  0  0  0  0  0  0  0  0  0  0  0  0  0  0  0  1  235  0  1  0  0  2298  0  0  0  
2  69840  0  0  0  15  0  0  1172  1  0  0  0  0  0  0  12  122  10  0  200449  3897  4418  17  0  5  6  0  0  756  0  3  21  33366  20627  10  1027800  973402  0  1  258  0  239340  1737  2  0  12  72055  9  233769  1614  2  5  0  0  4  2401  50  383133  247354  65630  0  11  4  441  7  0  1  0  0  649  0  467821  364  0  0  0  0  0  0  0  0  0  0  0  0  0  0  0  0  0  0  0  0  0  0  5  0  0  0  0  0  0  0  0  0  0  0  0  0  0  0  0  0  1  0  0  1  0  0  0  0  0  0  0  0  0  0  0  0  0  0  0  0  0  0  0  0  0  1  0  0  0  0  0  0  0  0  
22  1687  0  16  0  246  0  8  24343  131  0  26  0  3  1  0  157  1628  214710  372  30136  56588  16618  182  694026  271224  7343  0  26  3399  2  148  112312  829400  53754  221974  21086  1442870  1  38  106641  0  58764  87350  183  2  243  524047  371  144437  11012  22  43  31  236249  444639  195057  180940  40654  2039  112540  1  79  51  60665  326  107  59  14  10  22738  402004  0  180186  0  1  0  0  0  3  0  0  0  39  0  0  0  0  0  0  9  5  0  0  1  0  309  6  0  1  1  0  1  0  1  16  1  0  1  0  0  0  0  0  145  0  0  46  0  0  2  22  2  0  0  0  0  0  0  22  0  39  0  0  1  0  9  2  0  19  4  0  0  0  0  0  2  17  
1  10  0  391  0  10  0  0  448  25  0  13  0  0  0  0  38  439  6  0  228  49  1089  53  0  2313  0  0  0  221  0  40  194153  251975  76  146863  0  77  0  0  62999  0  1265  1571  0  0  43  51654  14  1  64  0  0  0  0  1  5688  149  201  0  332  0  24  23  234  20  5  0  0  2  54  52  178622  0  0  1  0  0  0  0  0  0  1  10  0  0  0  0  0  0  3  2  0  0  0  0  62  1  0  0  0  0  0  0  2  3  1  0  0  0  0  0  0  0  30  0  0  17  0  0  0  7  0  0  0  0  0  0  0  4  0  6  0  0  0  0  2  0  0  2  1  0  0  0  0  0  0  5  
2  0  0  0  0  13  0  0  0  0  0  2  0  0  1  8  0  2  0  0  0  0  0  2  0  0  0  0  0  0  37  2  0  0  0  0  0  0  0  2  1  0  0  0  0  0  2  0  2  0  0  5  2  6  0  0  0  0  0  0  0  0  0  0  0  38  0  1  3  93  0  0  0  0  0  0  0  1  347811  23825  49  0  18  20  0  14154  1  115228  157266  64266  4  694  0  0  0  0  16  113804  0  9  0  0  38  0  11257  2498  0  0  0  0  0  0  86601  35089  59  0  0  0  58  0  7878  2  94429  0  0  53908  13621  932  0  65  0  1  0  0  1  173341  65  43195  2  2282  129  674  11  30213  0  0  0  0  
0  0  0  0  0  0  0  0  0  1  0  0  0  0  0  0  0  0  0  0  0  0  26  1  0  0  0  0  0  0  1  1  0  0  1  0  0  0  0  0  1  0  1  3  0  0  0  2  0  0  0  0  0  0  0  0  0  0  0  0  1  0  0  0  0  0  0  0  0  0  0  0  4  0  0  0  0  0  0  0  0  0  0  0  0  0  0  0  0  0  1  48  314506  0  348952  50  605  1  0  0  0  0  0  0  27  139  0  0  22  0  189248  61901  1  0  17  62275  96  4  0  0  13  22  1  2660  174947  0  0  0  0  0  2696  0  195374  263203  54779  0  78  2  0  1  2  0  0  0  0  116214  6104  0  
1  0  1030  0  0  0  0  1  2  0  0  0  0  0  0  1174  0  0  0  0  0  0  0  0  0  0  54  0  6  45  0  0  0  0  0  0  0  0  0  0  0  0  0  0  0  34  0  0  0  0  0  0  0  0  0  0  0  0  0  0  0  0  0  0  0  0  0  0  8  0  2  0  0  0  1  0  0  2  0  27  8  34314  1500  493  0  0  0  0  0  254609  0  6  0  0  0  0  0  0  0  5  86207  63301  61644  46243  1  21  0  0  0  0  0  0  0  0  19  0  0  7  335332  178179  0  3  3  0  0  0  0  15  0  555  0  0  0  0  0  0  7  0  0  1730  74950  1  11  0  2097  0  0  0  
0  0  0  0  0  0  0  0  0  2  0  0  0  0  0  0  0  0  0  0  0  0  0  0  0  0  0  0  0  0  0  1  0  0  0  0  0  0  0  0  1  0  0  0  0  0  1  0  0  0  0  0  0  0  0  0  0  0  0  0  0  0  0  0  0  1  0  0  0  0  0  0  0  0  0  0  0  0  0  144  3  4  300  147  0  223699  2  7  1  3  22567  15795  0  1  0  0  21  50  21  475835  0  195311  130533  0  20  126  27690  7572  18631  986  0  1  0  1  251342  0  0  9  202204  0  89  6950  172844  0  0  76  2  22  7  1241  0  1  0  0  2  0  132  1  99  841  10354  13097  46  1  7  0  27  2012  
9  0  0  0  4  26  1  0  0  1  0  1  0  0  1  161  0  3  0  0  0  0  0  0  0  0  0  0  0  0  0  4  0  0  0  0  0  0  0  3  1  0  0  0  1  0  3  0  4  0  0  7  12  10  0  0  0  0  0  0  0  0  0  0  0  83  0  3  4  9  0  0  0  0  251766  0  0  0  0  271252  151  4  48  47  0  17999  0  10527  49036  350747  6  1114  0  0  0  1  4  294  1  35  0  0  26  0  116  3479  0  0  0  1  0  0  24950  7381  107  0  0  1  87  0  2101  3  35594  0  0  1844  441676  1613  0  113  0  0  0  0  3  4551  56  1038  2  4340  113  1104  29  5552  2  0  0  0  
113  0  0  0  12  60905  329  2  0  9  0  12  0  1  6  2708  0  24  0  0  0  0  3  101  0  0  0  0  1  0  824  4051  0  0  0  0  0  0  0  10  6  0  0  0  4  0  34  0  19  0  0  34  47  86  0  0  0  0  0  0  0  0  18  1  0  27222  0  34  20  3627  0  0  0  0  14431  0  0  18  360974  0  340438  67  309  220  0  21012  1  110  37  894422  394  8829  3  0  2  6  132  41433  11  230  6  12  216  0  48353  301887  5  0  2  44  0  0  1312  2094  3127  0  22  87  636  0  3199  1364  27469  0  0  2319  163393  58455  7  996  85  103  12  0  1032  3  30327  32367  20  379862  948  3794  210  370557  9  0  123  193  
19  0  0  0  0  3201  4584  120  0  0  0  16  0  1  10  668  0  8  0  0  0  0  0  0  0  0  0  0  1  0  0  1  0  0  0  0  0  0  0  9  5  0  0  1  7  0  6  0  22  0  0  37  42  85  0  0  0  0  0  0  0  0  0  0  0  1889  0  52  34  0  0  0  0  0  128  0  3  44  923  233676  0  350980  2567  78  0  45  0  1  18  786250  0  395  0  0  0  0  3  1  0  136  1329  10  653  0  1  67  0  0  0  9  0  0  16  10  95  0  0  2  2790  4302  35  6  7254  0  0  1840  2028  56394  2  1015  0  1  0  0  1  0  14  40  17  196410  732  6891  833  0  885  0  0  1  
4  0  89  0  0  256  1246  2077  28  1  0  0  0  0  0  216  0  4  0  0  0  0  0  0  0  1  0  0  3  1  0  1  0  0  0  0  0  0  0  1  2  0  0  0  3  0  1  0  3  0  0  4  3  24  0  0  0  0  0  0  0  0  1  0  0  21263  3  8  3  0  1  0  0  0  7  0  632  20  34  636  231703  0  81478  176  0  3  0  0  0  407282  2  496  0  1  1  0  12  0  1  558  1183  92  9987  79  8  59  0  0  0  29  0  0  3  0  402  0  0  3  235997  182890  18  15  451  0  0  19  43  8457  13  4189  0  2  0  0  2  0  37  24  102  191426  7252  112  13519  0  733  0  0  0  
3  0  61  0  0  18  68  2185  50748  9655  0  1  0  0  1  58  1  162  0  0  0  1  1  6  0  0  0  0  0  2067  0  2  0  0  0  0  0  0  0  0  2  0  0  5  13  4  13  14  9  0  0  2  4  37  0  0  0  0  0  0  0  0  4  0  0  66486  1  4  1  0  1006  0  0  0  2  0  1108  45  1  252  278  83286  0  87001  0  1  0  0  0  862  23  283  0  8  0  0  5  7  4  497  22693  27  81  24330  9  140  0  0  0  36  0  0  1  0  1240  0  0  111  2469  201057  36  12  322  0  0  4  5  83  7  22037  0  0  0  0  0  0  136  1  32368  219409  2385  8  27  0  399277  0  0  0  
7  0  0  0  0  21  0  1  946  12172  0  2  0  0  3  0  3  1164  0  0  0  1106  20  38  0  2  0  0  0  308  1  17  1  0  6  0  0  0  0  2  657  0  21  212  1  0  239  891  25  0  1  4  12  20  0  2  2  43  0  0  7  0  51  3  16  16259  0  11  6  0  0  0  28  3  15  0  0  26  26  6094  64  11  79319  0  2  5  0  5  0  12  86  1487  0  1  3  15046  29916  35  23  664  19  7  115  88703  169  4068  9  0  0  244  0  0  33  4  18796  0  1  194418  670  12  226  67  1053  0  7  17  42  505  23  6233  2  271  0  0  26  0  1156  109  107595  155469  2210  77  164  0  14884  0  7  11  
0  0  0  0  0  0  0  0  1  3  45413  0  0  0  0  0  0  0  0  230  0  77649  0  0  0  0  5  0  0  5055  0  0  0  0  0  0  0  0  0  0  0  2968  0  40847  0  0  0  0  0  0  0  0  0  0  0  0  0  0  0  0  0  0  0  0  452  0  0  0  0  0  1  0  0  0  0  0  0  0  0  0  0  0  1  4  0  0  0  0  0  0  0  0  2  454651  0  930  0  0  0  0  3  0  0  92850  0  0  0  0  0  0  0  0  0  0  2  49448  0  495797  0  0  0  0  0  0  0  0  0  0  0  13  5  27892  0  0  0  0  0  0  329757  0  0  0  0  0  5  0  0  0  
1  0  0  0  0  0  0  0  0  0  0  0  0  0  0  0  0  0  0  0  0  0  0  0  0  0  0  0  0  0  0  0  0  0  0  0  0  0  0  0  0  0  0  0  0  0  0  0  0  0  0  0  0  0  0  0  0  0  0  0  0  0  0  0  0  2  0  0  0  0  0  0  0  0  1138  0  0  250972  1395  1198  2  0  0  0  0  0  9490  292349  3792  92  6727  69938  0  0  0  0  5  655  0  8  0  10  103398  0  0  11  51  8067  3989  2  0  0  3413  178120  11  0  0  0  277  0  88742  541  334969  0  0  227004  10848  30  1  2  0  0  0  0  0  1  1  8  0  326  1  433551  0  0  0  0  2  0  
0  0  0  0  0  0  0  0  0  0  0  0  0  0  0  0  0  0  0  0  0  0  0  0  0  0  0  0  0  0  0  0  0  0  0  0  0  0  0  0  0  0  0  0  0  0  0  0  0  0  0  0  0  0  0  0  0  0  0  0  0  0  0  0  0  0  0  0  0  0  0  0  0  0  6  0  0  0  0  3  0  0  0  0  0  5349  0  290123  0  0  0  167  0  0  0  0  0  312020  0  0  0  0  0  0  0  6  0  23  3  0  0  1  168538  1702  0  0  0  0  0  0  45231  0  136  0  0  3  0  0  0  0  0  0  0  0  0  49929  2  153967  0  0  0  0  0  0  0  0  0  0  
0  0  0  0  0  1  0  0  0  0  0  0  0  0  0  0  0  0  0  0  0  0  0  0  0  0  0  0  0  0  0  0  0  0  0  0  0  0  0  0  0  0  0  0  0  0  0  0  0  0  0  0  0  0  0  0  0  0  0  0  0  0  0  0  0  0  0  0  0  0  0  0  0  0  21369  0  0  2  1510  97  0  0  0  0  0  318106  340193  0  49476  1  1  12994  0  0  0  0  0  64338  0  0  0  0  6  0  7  78  0  12  1  0  0  2  336588  203388  0  0  0  0  0  0  43161  1  109847  0  0  563931  247  0  0  0  0  0  0  0  0  309709  16  15272  0  9  1  464  0  12  0  0  0  0  
1  0  0  0  0  1  0  0  0  0  0  0  0  0  0  0  0  1  0  0  0  0  0  0  0  0  0  0  0  0  0  0  0  0  0  0  0  0  0  0  1  0  0  0  0  0  0  0  0  0  0  0  1  0  0  0  0  0  0  0  0  0  0  0  0  2  0  1  1  0  0  0  0  0  149316  0  0  1  87967  78  52  0  0  1  0  11791  0  147066  0  7891  0  22  0  0  0  0  0  34282  0  82  0  22  231477  0  0  7  0  0  0  0  0  0  2267  15877  0  0  0  0  894  0  49  0  2428  0  0  1623047  693046  410570  0  1  0  0  0  0  0  143026  2  4  0  222  18  243764  239881  1  0  0  0  0  
8  0  1622  0  5  215  191  81  22  0  0  9  0  0  2  5342  0  4  0  0  0  0  0  15  0  1  0  0  13  0  343  9  0  0  0  0  0  0  0  6  2  0  0  0  2  2  6  0  7  0  0  18  18  33  0  0  0  0  0  0  0  0  1  0  0  48  0  13  22  3569  0  0  0  0  94017  0  206038  71  476234  723693  498291  423279  843  33  0  952  0  0  2996  0  0  403  0  0  1  0  4  4424  1  167  24  18  165677  154  16713  220  0  0  0  3  0  0  6  107  93  0  0  1  161284  39404  31  8  2636  0  0  418  250042  1016265  2  383  0  2  0  0  0  0  19  161  5  8715  1289  1257  152674  123159  36  0  1  0  
0  0  0  0  0  0  0  0  0  20  0  0  0  0  0  0  0  9  0  0  0  12  5  0  0  0  0  0  0  0  1  34  0  0  0  0  0  0  0  0  4  0  0  1  0  0  6  4  0  0  0  0  0  0  0  0  0  1  0  0  1  0  0  0  0  1  0  0  0  0  0  0  2  0  0  0  0  26755  2  285  1  6  99  225  0  13672  0  0  0  15  0  289334  6  1  0  25  78735  25463  25  543  0  15  187  0  2300  1705  8587  712  146638  88  0  3  5  0  44361  0  8611  442  330  0  35655  320717  85807  24  0  2  0  26  13  1436  156  543  115  0  628  0  3170  281  38  441  1734  2  124  16  3  0  2619  1146  
0  0  0  0  0  2  0  0  0  21  0  0  0  0  0  0  0  4  0  0  0  4  3  0  0  0  0  0  0  0  37  27  0  0  0  0  0  0  0  0  1  0  0  4  0  0  5  2  0  0  0  0  0  0  0  0  0  0  0  0  0  0  1  0  0  26  0  1  0  0  0  0  0  0  85  0  0  14863  810  1852  11  16  770  202  0  60089  416  6435  1  55  302100  0  0  0  6  2  46646  140211  62  1318  1  24  488  0  4980  4990  38  630  16353  32  0  1  13626  12992  32981  0  15  76  768  0  252192  37164  260845  0  0  35  54  182  70  6386  11  138  1  0  78  1  20622  2709  99  1339  3494  67  361  70  12  0  40  36  
0  0  0  0  0  0  0  0  0  0  0  0  0  0  0  0  0  0  0  0  0  0  0  0  0  0  0  0  0  0  0  0  0  0  0  0  0  0  0  0  0  0  0  0  0  0  0  0  0  0  0  0  0  0  0  0  0  0  0  0  0  0  0  0  0  0  0  0  0  0  0  0  0  0  0  213439  0  0  0  11  0  0  16  0  0  0  0  0  0  0  1  20  0  178135  7113  4387  3  7  195353  501  0  0  0  0  2  10  7  0  1  83  4  572  0  0  406  101589  0  121434  4  0  7  153  55  1  52050  0  0  0  0  24727  707274  540209  199867  118  27252  0  14  0  129  11  0  5  0  0  0  782  485515  73  
0  0  0  0  0  0  0  0  0  0  944  0  0  0  0  0  0  0  0  0  0  14  0  0  0  0  3  0  0  553  0  0  0  0  0  0  0  0  0  0  0  0  0  49  0  0  0  0  0  0  0  0  0  0  0  0  0  0  0  0  0  0  0  0  6  0  0  0  0  0  0  0  0  0  0  0  0  0  0  14  0  0  45  10  484835  0  0  0  0  0  2  36  103958  0  0  1267  2  2  1301  32  44991  0  2  2045  5  25  1  0  0  60  0  0  0  3  261  102981  0  390262  8  0  5  41  114  0  8  1  0  0  1  331478  856  673735  0  0  2  0  19  0  229869  10  6  9  0  0  64323  0  2  1  
0  6  0  0  0  0  0  0  0  5  0  0  0  0  0  0  0  1  0  0  1  50  70  2  0  0  0  0  0  1  0  3  0  0  0  0  0  0  0  0  0  1  30  7  0  0  1  8  0  0  1  0  0  0  0  0  0  0  0  0  32  0  2  0  0  0  0  0  0  0  0  0  9  0  0  450989  0  0  1  5  0  0  1  1  0  0  0  0  0  0  6  455  19397  0  0  31228  91068  17  0  2  0  0  1  0  428  1710  0  0  163  3  24870  4282  0  0  59  135145  19938  70  0  0  194  120  11  255428  291468  0  0  1  0  20  856  6  17288  495452  773969  0  1039  19  0  1  7  0  0  0  0  13616  52976  7  
0  96  0  0  0  0  0  0  0  37  14  0  0  0  0  0  1  9  0  0  10  161680  37  1  0  0  0  0  0  4  0  6  0  0  0  0  0  0  0  0  9  948  5  46  0  0  2  2  1  0  141  0  0  0  0  0  0  0  0  0  141  0  0  0  1  32  0  0  0  0  0  0  4  1  0  67  0  0  0  10  0  0  4  2498  1642  0  0  0  0  1  7  204  3458  2286  14032  0  137024  9  7  168  0  1  8  194  112  1171  2  0  1  933  0  0  1  0  8777  652246  174  1122897  0  0  82  78  21  53  584742  1  0  3  1  114  52505  2893  7437  3  684210  0  461  20  40820  19  24  2  3  0  3  0  260  22  
1  4  0  0  0  2  0  0  1  203  0  0  0  0  0  0  5  319  0  0  4  504  377  72  0  0  0  0  0  4  39  210  1  0  8  6  0  0  0  0  712  0  170  239  1  0  26  814  18  0  0  0  1  0  0  2  3  78  1  0  54  0  35  8  28  14  0  0  0  1  0  0  102  4  4  175  0  5  23  306  1  5  111  24674  0  8  0  2  0  12  122506  64184  17  2  78684  65297  0  32716  100  682  8  5  101  0  4123  32813  22  510  180070  1435  158  62  13  2  38650  10  389899  65286  117  0  4731  41480  494  326709  120  5  11  74  7  2096  484  2205  144  21  407169  0  16792  490  284  356  532  18  69  9  33  23  9016  2627  
0  0  0  0  0  8  0  0  0  14  0  0  0  0  0  0  0  7  0  0  0  7  9  3504  0  0  0  0  0  0  2462  33  0  0  0  0  0  0  0  0  3  0  1  1  0  0  2  4  0  0  0  0  0  0  0  0  0  0  0  0  1  0  21  0  0  2  0  0  0  268  0  0  0  0  110370  2  0  6  179  29221  0  0  6  98  0  103  376917  92253  31602  2071  54843  194089  0  0  9  15  40124  0  7  33  0  0  5  0  149149  25683  78  7476  6076  13  0  113  84936  4  2505  0  220  237  9  0  466477  4543  444  0  1  40  16  13  0  214  28  514  14  0  145  289797  705355  770018  21  232  31  3  4  67497  0  0  75  388  
0  0  0  0  0  0  0  0  0  2  0  0  0  0  0  0  0  0  0  0  0  2  1  0  0  0  0  0  0  0  1  4  0  0  0  0  0  0  0  0  1  0  0  0  0  0  0  1  0  0  0  0  0  0  0  0  0  0  0  0  0  0  0  0  0  1  0  0  0  0  0  0  0  0  2  0  0  6  2  245  0  0  28  55  0  4  0  0  0  0  96  705  193638  10984  0  26  171  64  0  397695  13023  0  7  0  50  386  34  44385  18  58200  0  6  0  12  9069  1  96  2347  50  0  76  977  770  1  1  1  0  7  540895  635342  981  113269  13  0  436  0  308  4  862  86  57  69  6  1  0  0  769209  106  
0  0  0  0  0  3  0  0  0  35  0  0  0  0  0  0  0  7  0  0  0  2  3  0  0  0  0  0  0  0  0  16  0  0  0  0  0  0  0  0  2  0  1  1  0  0  6  3  0  0  0  1  2  1  0  0  0  0  0  0  0  0  0  0  0  18  0  0  1  0  0  0  0  0  0  0  0  274080  17  1827  22  33  4611  1419  0  31  0  0  8  11  784  10322  9  45  1  66  219  27  386217  0  55  126587  425  0  394  1991  45817  9333  1846  438183  0  0  1  99  651944  0  6  1576  54725  1  344  2058  12621  0  0  138  6  77  430345  107733  118  26829  0  0  328  0  1700  36  4008  6311  423994  487  64  1  187  0  70763  6356  
0  0  0  0  0  1  0  0  0  0  0  0  0  0  0  0  0  0  0  0  0  0  0  0  0  0  0  0  0  6  0  0  0  0  0  0  0  0  0  0  0  0  0  0  0  0  0  0  0  0  0  0  1  0  0  0  0  0  0  0  0  0  0  0  0  4  0  0  0  0  0  0  0  0  1  0  95746  25  1  175  218  410  17274  1429  8  0  0  0  0  108  4  208  0  60782  0  0  5  2  29733  248  0  1393  274  872280  6  96  0  0  0  56  0  0  0  2  378  0  0  138  10161  91596  9  20  62  0  0  2  6  92  7279  738656  0  6  0  0  0  0  61  6  40193  11558  284054  7  97  0  335385  0  0  0  
0  0  0  0  0  0  0  0  0  0  0  0  0  0  0  0  0  0  0  0  0  0  0  0  0  0  0  0  0  0  0  0  0  0  0  0  0  0  0  0  0  0  0  0  0  0  0  0  0  0  0  0  0  0  0  0  0  0  0  0  0  0  0  0  0  0  0  0  0  0  0  0  0  0  0  0  68029  259322  0  8  1  2  136  115  0  6  0  1  16  1  0  12  0  0  0  0  0  1  1  200616  680  0  76749  0  0  1  9  97  0  53  0  0  0  0  4668  0  0  6  760364  6364  3  2  20  0  0  544  0  2  5  6325  0  0  0  0  0  0  3  0  0  536  679126  7  14  0  686  0  0  39  
0  0  0  0  0  0  0  0  0  0  0  1  0  0  0  0  0  0  0  0  0  0  0  0  0  0  0  0  0  0  0  0  0  0  0  0  0  0  0  1  0  0  0  0  0  0  0  0  0  0  0  1  0  0  0  0  0  0  0  0  0  0  0  0  0  2  0  0  0  0  0  0  0  0  1  0  64039  168085  7  54  67  30648  47  10  0  86516  0  69  257374  174953  1  185  0  0  0  0  4  0  0  1265  1  88066  0  0  3  24  1  21  0  5  0  0  0  1  63  0  0  1  992853  3  11  7  6052  0  0  179654  2  3356  1  132  0  1  0  0  1  0  10  8  0  1509  1986  597122  427194  0  2  0  0  3  
0  0  64  0  0  0  0  17  595  4843  2795  0  0  0  0  10  0  528  0  0  0  5076  0  12  0  1  9  0  0  97401  0  0  1  0  0  0  0  0  0  0  13  0  0  1188  0  39  38  9  12  0  0  0  0  0  0  0  0  0  0  0  2  0  11  0  4043  1064  1  0  0  0  624  0  0  0  0  0  71643  0  0  2  1  357  21749  92265  69995  0  0  0  0  200  0  0  0  2056  0  264  0  0  0  0  947956  0  0  0  0  0  0  0  0  0  0  0  0  0  0  0  0  443  11  248743  0  0  0  0  0  0  0  1  0  8658  0  0  0  0  0  0  0  0  536412  56  532  0  1  0  579284  0  0  0  
0  0  0  0  0  449  0  0  0  5  0  0  0  0  0  1  0  6  0  0  0  5  69  15249  0  0  0  0  0  0  64680  4998  0  0  0  0  0  1  0  0  0  0  12  6  0  0  3  3  0  0  0  0  0  1  0  0  0  0  0  0  2  0  882  0  0  667  0  0  0  30698  0  0  2  1  9021  18  0  0  40  15988  1  0  8  22  0  10  0  8  0  14853  2032  17646  0  0  76  26  3506  120549  1  12  0  3  4  0  0  116589  2  0  2  6  0  0  62  0  400  0  3  9  5  0  15807  680  85  0  3  0  5  2  0  38  5  9  1  0  862  0  586866  3820  2  102  110  2  1  267826  1  0  10  8  
0  0  0  0  0  3256  1  0  1  18  0  0  0  0  0  8  0  2104  0  0  2  22  168  69  0  0  0  0  1  1  3464  72215  0  0  1  0  0  0  0  0  11  0  27  17  5  0  4372  27  63  0  0  0  1  3  0  2  0  0  0  0  1  0  25  8  2  6060  8  1  1  10281  0  0  23  3  138  25  0  17  187  139427  10  3  346  110  0  53  0  54  2  25  2441  34570  3  1  154  41  4779  5174  26  447  2  7  182  0  100567  0  5  1  24  102  0  0  387  7  8584  0  35  149  222  0  20342  3578  2148  3  7  19  37  188  18  2061  133  245  10  0  3120  3  119444  10292  32  53610  1145  47  106  40510  8  0  210  369  
0  0  0  0  0  2  0  0  0  18  0  0  0  0  0  0  0  6  0  0  0  24  5  0  0  0  0  0  0  0  0  6  0  0  1  0  0  0  0  0  27  0  1  7  0  0  1  27  0  0  1  0  0  0  0  1  1  6  0  0  1  0  0  0  1  1  0  0  0  0  0  0  4  0  2  0  0  109047  3  35  0  0  25  454  0  139  0  0  0  2  4914  609  0  0  0  2  217  176  6  64755  3  5  9  0  76  823  0  67281  54787  39082  0  3  1  0  195114  0  0  262  18  0  222  410041  5644  0  0  1  0  7  2  355  5  281  1  0  28  0  693  26  57  125  48  3  4  1  11  0  74  264718  
0  0  0  0  0  0  0  0  0  0  0  0  0  0  0  0  0  0  0  0  0  0  0  0  0  0  0  0  0  0  0  1  0  0  0  0  0  0  0  0  0  0  0  0  0  0  0  0  0  0  0  0  0  0  0  0  0  0  0  0  0  0  0  0  0  0  0  0  0  0  0  0  0  0  0  0  0  2519  0  2  0  0  0  0  0  2248  120  92  0  0  1619  252  0  0  0  0  133  61057  35149  5037  0  35  2  0  0  2  63201  0  491629  314582  0  90861  1  0  6705  0  117186  1  0  0  284  82566  8  46  0  0  0  0  0  1  0  0  0  2  5  0  2  0  0  3  0  0  0  0  0  1109  650708  169548  
0  0  0  0  0  0  0  0  0  2  0  0  0  0  0  0  0  10  0  0  0  0  0  0  0  0  0  0  0  0  0  46  0  0  0  0  0  0  0  0  0  0  1  0  0  0  6  1  0  0  0  0  0  0  0  0  0  0  0  0  0  0  0  0  0  0  0  0  0  0  0  0  0  0  0  0  0  36421  1  49  0  0  6  18  0  1435  44  99  0  0  151843  18839  2  0  2  14  147031  72552  27  1066  0  1  7  0  28  516  49972  422443  0  281  0  8067  1  0  4992  1  161716  166  1  0  279  320374  170  2305  0  0  0  1  1  39  86  141  42  52  1084  0  214  3  4  177  17  1  4  0  0  5879  273127  25901  
0  0  0  0  0  1  0  0  0  7  0  0  0  0  0  0  0  2  0  0  0  5  4  0  0  0  0  0  0  0  0  26  0  0  0  0  0  0  0  0  1  0  0  2  0  0  1  0  0  0  0  0  0  1  0  0  0  0  0  0  0  0  0  0  0  5  0  0  0  0  0  0  2  0  2  0  0  1307  8  425  4  5  1358  421  0  26  0  0  0  1  165  1514  204  53  2  323  958  44  160494  367439  64  12  22  0  124  819  37385  347860  1789  0  0  11  1  69  506979  38  757  5549  930  0  108  4512  3789  10  53  5  5  22  1147  15036  3483  30780  304  0  2127  0  555  11  7189  1087  251  322  23  0  365  0  123722  276338  
0  0  0  0  0  0  0  0  0  0  0  0  0  0  0  0  0  0  0  0  0  0  0  0  0  0  0  0  0  0  0  0  0  0  0  0  0  0  0  0  0  0  0  0  0  0  0  0  0  0  0  0  0  0  0  0  0  0  0  0  0  0  0  0  0  0  0  0  0  0  0  0  0  0  0  200649  0  0  0  0  0  0  0  0  0  0  0  0  0  0  0  0  2  0  69628  0  478  0  0  0  0  0  0  0  0  0  0  0  16  0  0  204706  0  0  0  0  198060  0  0  0  0  37  0  595035  0  0  0  0  0  0  0  0  18840  458885  42  0  0  0  0  0  0  0  0  0  0  1028703  20411  0  
0  0  0  0  0  0  0  0  0  0  0  0  0  0  0  0  0  0  0  0  0  0  0  0  0  0  0  0  0  0  0  0  0  0  0  0  0  0  0  0  0  0  0  0  0  0  0  0  0  0  0  0  0  0  0  0  0  0  0  0  0  0  0  0  0  0  0  0  0  0  0  0  0  0  0  109323  0  0  0  0  0  0  0  0  0  1  5  3  0  0  2  0  342  0  2384  0  429  867  15  1  0  0  0  0  0  1  2  147308  3057  8  198856  0  0  0  78  0  200081  0  0  0  0  5002  0  40145  1  0  0  0  0  0  1  0  10550  21606  2539  0  1  0  0  0  0  0  0  0  0  884190  1143581  7  
1  0  0  0  0  2  0  0  0  0  0  0  0  0  0  0  0  0  0  0  0  0  0  0  0  0  0  0  0  0  0  0  0  0  0  0  0  0  0  0  0  0  0  0  0  0  0  0  0  0  0  0  1  1  0  0  0  0  0  0  0  0  0  0  0  8  0  1  0  0  0  0  0  0  66728  0  0  0  25370  3199  1  0  3  2  0  23332  199601  465691  2560  4  1  2556  0  0  0  0  3  108076  0  3  0  0  5  0  62  1700  0  0  0  0  0  0  0  76469  11  0  0  0  5  0  52871  1  94614  0  0  374  14174  33  0  15  0  0  0  0  0  32010  122  169029  0  242  21  11  2  128  0  0  0  0  
0  0  0  0  0  0  0  0  0  0  0  0  0  0  0  0  0  0  0  0  0  0  0  0  0  0  0  0  0  0  0  0  0  0  0  0  0  0  0  0  0  0  0  0  0  0  0  0  1  0  0  0  0  0  0  0  0  0  0  0  0  0  0  0  0  1  0  0  0  0  0  0  0  0  30197  0  0  0  9780  265  0  0  1  0  0  319812  469  202150  20385  20  3  3030  0  0  0  0  0  0  1  0  0  0  0  0  1  13  0  0  0  0  0  0  94982  0  0  0  0  0  2  0  756  0  177886  0  0  16303  9600  9  1  1  0  0  0  0  0  0  1  0  0  196  1  12969  0  0  0  0  0  0  
3  1  0  0  0  9  0  1  1  296  0  1  0  0  0  0  3  93  0  0  0  197  57  1  0  1  0  0  0  1  4  407  1  0  0  1  0  0  0  1  78  0  14  55  0  0  46  117  4  0  1  0  2  4  0  0  0  4  1  0  2  0  6  0  3  71  0  2  0  0  0  0  34  2  7  4  0  132819  124  8687  56  58  9303  14065  0  168  0  1  2  83  35387  61980  300  60  21  4381  18926  2486  10315  580309  54  256  713  0  2553  20359  148481  9190  2868  450335  0  0  12  540  0  84  6073  26918  12245  2  4162  200741  310516  59  135  126  49  610  2295  68141  4495  12090  3157  1  76752  0  13403  454  8895  16258  20189  2988  428  20  649  0  59987  119349  
0  3  0  0  0  0  0  0  0  0  30  0  0  0  0  0  0  0  0  7  1  280  3  0  0  0  0  0  0  0  0  0  0  0  0  0  0  0  0  0  0  416  0  1  0  0  0  0  0  0  1  0  0  0  0  0  0  0  0  0  6  0  0  0  0  0  0  0  0  0  0  0  0  0  0  73669  0  0  0  0  0  0  0  0  55595  0  0  0  0  0  0  0  120467  140717  103174  672639  17  0  0  0  0  0  0  0  1  1  0  0  0  4  0  0  0  0  16  0  0  248907  0  0  0  0  0  0  239267  0  0  0  0  2  398061  3218  260  1  1357  0  1  0  16  0  0  0  0  0  0  0  3  0  
0  0  0  0  0  0  0  0  0  4  0  0  0  0  0  0  0  0  0  0  0  0  0  0  0  0  0  0  0  0  0  30  0  0  0  0  0  0  0  0  0  0  0  0  0  0  1  0  0  0  0  0  0  0  0  0  0  0  0  0  0  0  2  0  0  1  0  0  0  0  0  0  0  0  0  9  0  0  0  33  0  0  0  5  0  0  0  0  0  0  2547  66  6  0  23499  6  311364  565  54  13  0  0  2  0  13  301  3  126854  151160  156  159819  198623  1  0  6698  0  0  243  2  0  34  9229  9  173503  0  0  0  2  1  30  137  95  130  649  4880  0  109  1  1  51  7  0  0  0  0  137552  215274  1620  
0  3  0  0  0  0  0  0  0  38  1912  0  0  0  0  0  0  30  0  70  2  30375  6  1  0  0  0  0  0  2  1  12  0  0  0  0  0  0  0  0  36  7341  3  2330  0  0  5  51  4  0  3  0  0  0  0  0  1  4  0  0  30  0  1  1  2  25  0  0  0  0  0  0  6  0  2  0  2  22  22  602  8  8  3306  197958  464300  37  0  1  0  6  333  2029  29062  263820  48  1228725  87062  210  387  2712  203  7  69  172  221  1772  787  0  2  8927  0  0  0  147  147331  271237  3  0  591  8  599  6174  7897  0  29345  11  6  74  32  60707  191640  451087  1364  0  41970  0  1328  51  363556  3262  1323  696  29  1  8294  0  517  563  
9  0  0  0  0  22  0  0  0  8  0  2  0  0  3  1  0  7  0  0  0  1  2  0  0  0  1  0  0  0  0  1  0  0  0  0  0  0  0  1  1  0  0  0  0  0  7  1  4  0  0  3  3  30  0  0  0  0  0  0  0  0  0  1  0  99  0  8  5  0  0  0  0  0  15  1  281869  226846  236  1088  1224  253039  955  579  0  363  0  3  198  118325  38  5072  0  1  2  4  128  10  12  113359  1722  821619  950746  0  44  571  2  2  0  106  0  0  12  196  8010  0  0  41  0  223614  228  208  62284  0  0  415  132  9725  97  8438  0  21  0  0  14  0  426  123  130  31733  325870  61245  404709  4  1188  0  4  3  
1  0  100  0  0  0  0  11  7  0  0  1  0  0  0  39  0  0  0  0  0  0  0  0  0  0  0  0  0  14  0  0  0  0  0  0  0  0  0  0  0  0  0  0  0  19  0  0  0  0  0  0  0  0  0  0  0  0  0  0  0  0  0  0  0  1  0  0  1  0  0  0  0  0  2  0  205704  5  8  173  12871  174338  214060  177  0  1  0  0  0  53057  1  43  0  0  0  0  2  0  0  55  126157  5799  713  214513  0  12  0  0  0  1  0  0  0  0  71  0  0  2  301426  0  4  2  36  0  0  10  11  376  0  368  0  0  0  0  0  0  5  3  3  5964  24880  33  182  0  169631  0  0  0  
2  0  0  0  0  4  0  0  0  1  0  2  0  0  0  0  0  0  0  0  0  0  1  0  0  0  0  0  0  0  1  0  0  0  0  0  0  0  0  2  1  0  0  0  0  0  0  0  0  0  0  2  1  0  0  0  0  0  0  0  0  0  0  0  0  6  0  0  0  0  0  0  0  0  4030  0  0  15  3335  4952  7  0  4  4  0  27513  52392  44808  106  7  26163  221900  0  0  2  0  2470  368656  1  11  1  0  6  0  12124  13521  0  864  637  0  0  1  97427  4580  62  0  10  4  21  0  0  43  86483  0  0  117  72  70  0  32  0  5  0  0  14  98  48719  285067  1  259  40  50  5  613  0  0  7  5  
0  0  0  0  0  3  0  0  0  152  0  0  0  0  0  0  1  79  0  0  0  64  22  5  0  0  0  0  0  1  4  534  0  0  1  0  0  0  0  0  38  0  6  17  0  0  50  56  1  0  1  0  0  0  0  0  0  2  0  0  3  0  5  0  0  20  0  0  0  0  0  0  18  0  4  0  0  15130  14  1436  2  1  124  2355  0  449  29  38  0  8  273753  50672  43  11  9  109  43236  40930  264  1543  18  4  48  0  2528  5672  240231  91055  392747  2204  1  599  2  1  173543  1  36908  4413  104  0  18208  0  2347  2043  8  1  4  29  42  4852  1668  4645  1417  98  7579  0  6436  232  521  3126  1014  14  30  15  131  3967  461401  102393  
27  0  0  0  0  85  2  0  0  8  0  17  0  0  11  0  0  11  0  0  0  0  0  0  0  0  0  0  0  0  0  10  0  0  0  0  0  0  0  14  4  0  0  1  6  0  11  1  22  0  0  33  69  89  0  0  0  0  0  0  0  0  0  0  1  310  0  38  21  0  0  0  0  0  18329  2  0  133072  66069  19610  1530  85  1275  705  0  391228  58  67956  270  2201  86605  264537  0  3  3  1  204  228  229  14895  5  153  10857  0  178  2788  591  3  253  583  0  0  133490  149817  178543  0  0  97  82315  1  80880  2323  0  0  0  9811  60054  25643  675  14366  2  103  0  0  17  38  646  3157  921  20392  15210  424453  3643  55  67  0  33  6  
0  0  0  0  0  0  0  0  0  0  0  0  0  0  0  0  0  0  0  0  0  0  0  0  0  0  0  0  0  0  0  6  0  0  0  0  0  0  0  0  0  0  0  1  0  0  0  0  0  0  0  0  0  0  0  0  0  0  0  0  0  0  0  0  0  0  0  0  0  0  0  0  0  0  0  2598  0  0  0  10  0  0  0  1  0  0  0  0  0  0  140  8  0  0  222555  5  169597  5  32  3  0  0  0  0  1  53  0  19  22040  42  534296  52180  0  0  1103  0  362692  23  0  0  6  37706  0  0  8  0  0  0  0  3  12  18  1349  186380  104487  0  27  1  0  8  0  0  1  0  0  207386  220861  313  
0  0  0  0  0  0  0  0  0  0  0  0  0  0  0  0  0  0  0  0  1  16  2  0  0  0  0  0  0  0  0  0  0  0  0  0  0  0  0  0  0  0  0  0  0  0  0  1  0  0  0  0  0  0  0  0  0  0  0  0  5  0  0  0  0  0  0  0  0  0  0  0  0  0  0  203740  0  0  0  0  0  0  0  0  0  0  0  0  0  0  0  3  96463  31  236406  578745  97  1  0  0  0  0  0  0  2  13  0  0  1  28  0  0  0  0  95  333226  2  4628  0  0  1  3  0  5  0  0  0  0  0  11  94433  4867  42873  1807  174789  0  8  0  38  0  0  0  0  0  0  28  415  3  
12  0  0  0  0  43  0  0  0  0  0  6  0  0  7  0  0  5  0  0  0  0  0  0  0  0  0  0  1  0  0  0  0  0  0  0  0  0  0  4  0  0  0  0  4  0  4  0  12  0  0  24  26  54  0  0  0  0  0  0  0  0  0  0  0  70  0  25  18  0  0  0  0  0  39908  0  0  211  7554  12277  933  2  7  22  0  409178  1  696320  1376629  878  1  482  0  0  0  0  5  66  1  380  0  667  82143  0  2  144  0  0  0  1  0  0  489  9595  27  0  0  1  2441  0  362  5  8561  0  0  0  717650  136939  0  30  0  0  0  0  0  189050  9  373  1  5355  112  326839  625  2  0  0  0  0  
12  0  0  0  0  59  2  0  0  0  0  10  0  1  2  0  0  5  0  0  0  0  1  1  0  0  0  0  0  0  0  3  0  0  0  0  0  0  0  11  2  0  0  0  2  0  5  0  9  0  0  7  25  37  0  0  0  0  0  0  0  0  0  1  0  266  0  10  7  1  0  0  0  0  15876  0  0  2  558978  213061  1638  9  41  83  0  279281  0  462  574454  335011  2  918  1  0  0  0  20  1  0  29  1  2  19  0  1  556  0  0  0  0  0  0  26056  16960  88  0  0  1  227  0  117  1  175125  0  0  606536  0  279884  0  71  0  1  0  0  2  1  7  188  0  14346  121  11646  67  2  2  0  0  0  
136  0  0  0  3  548  6  3  0  3  0  83  0  3  55  0  0  49  0  0  0  0  0  0  0  2  0  0  1  0  1  2  0  0  0  0  0  0  0  56  24  0  0  2  25  0  43  1  148  0  0  195  292  542  0  0  0  0  0  0  0  0  0  1  4  826  0  240  141  0  0  0  1  1  431  0  0  212  4089  143841  18883  4055  106  352  0  285  0  1  410259  1145289  2  4190  0  0  4  0  101  8  1  235  4  19  2172  0  16  667  0  0  0  6  0  0  81  46  199  0  0  3  19217  6  399  20  39062  0  0  172937  434367  0  2  401  0  2  0  0  15  0  88  291  6  34785  1492  193542  295597  7  8  0  0  2  
1  0  0  0  0  0  0  0  0  3  0  0  0  0  0  0  0  1  0  0  0  0  0  0  0  0  0  0  0  0  0  3  0  0  0  0  0  0  0  0  0  0  0  0  0  0  1  0  0  0  0  0  0  0  0  0  0  0  0  0  0  0  0  0  0  1  0  0  0  0  0  0  0  0  0  0  0  1  0  83  0  0  98  63  0  2  0  0  0  1  4  353  0  2  0  0  7  2  442189  469454  5427  8  3  0  23  127  1  0  0  16543  0  0  0  8  2061  0  0  23  117  0  17  77  476  0  0  0  1  5  0  103685  5  734  0  0  1  0  95  2  110  109  94573  41  2  1  6  0  29750  0  
4  0  0  0  0  8  1  0  0  86  0  1  0  0  0  0  0  24  0  0  0  8  8  0  0  0  0  0  0  0  2  146  0  0  0  0  0  0  0  0  5  0  2  5  0  0  25  10  2  0  0  1  6  8  0  0  0  1  0  0  0  0  1  0  0  67  0  3  2  0  0  0  1  0  10  1  2015  334  54  9137  364  988  38338  10045  4  49  0  3  0  133  813  30788  24414  318482  8  80  989  370  626784  180642  601584  5951  2036  4755  2048  11760  161  0  7  15858  0  0  18  147  56436  2  4  21102  14073  172  2360  6541  13440  0  6  32  33  437  111057  0  1803  255585  2  0  201  0  11363  206  156779  84099  308421  673  511  26  295704  0  19665  267  
0  0  0  0  0  0  0  0  0  0  0  0  0  0  0  0  0  1  0  0  0  0  0  0  0  0  0  0  0  0  0  1  0  0  0  0  0  0  0  0  0  0  0  0  0  0  0  0  0  0  0  0  0  0  0  0  0  0  0  0  0  0  0  0  0  1  0  0  0  0  0  0  0  0  0  3077  0  0  0  38  0  1  97  20  3  0  0  0  0  0  9  99  769201  780  1473  117377  9  3  77  786  0  0  3  0  9  64  38  0  1  603  0  2  0  7  3053  436778  1  135053  19  0  5  474  241  0  163022  3  0  1  4  2022  0  75817  66454  2  55065  0  31  0  213  70  10  19  2  0  2  5  152398  238  
1  0  0  0  0  0  0  0  0  12  0  0  0  0  0  0  0  2  0  0  0  7  0  0  0  0  0  0  0  0  1  10  0  0  0  0  0  0  0  0  3  0  1  2  0  0  4  3  0  0  0  0  0  0  0  0  0  0  0  0  0  0  0  0  0  1  0  0  0  0  0  0  1  0  0  0  0  16  16  786  1  1  477  290  16387  21  0  0  0  3  500  2228  568013  671827  0  4328  263  316  58907  32398  11  0  18  0  273  1187  411  0  3  4182  0  0  1  63  18155  2058  0  633437  174  0  387  6411  3365  0  2903  4  3  22  450  293096  76806  0  35  0  382  0  995  24  43523  507  144  339  19  2  14  0  64477  1608  
0  0  0  0  0  0  0  0  0  0  0  0  0  0  0  0  0  0  0  0  0  0  0  0  0  0  0  0  0  0  0  0  0  0  0  0  0  0  0  0  0  0  0  0  0  0  0  0  0  0  0  0  0  0  0  0  0  0  0  0  0  0  0  0  0  0  0  0  0  0  0  0  0  0  0  217092  0  0  0  1  0  0  1  1  0  0  0  0  0  0  11  8  223257  0  13014  18650  49  6  0  21  0  0  0  0  0  31  0  0  45  745  20052  6184  0  0  4215  1551  206  1298  0  0  5  346  5  4200  24521  0  0  1  0  18  47630  229  0  48700  175634  0  16  0  4  3  1  0  0  0  0  132149  310386  72  
0  0  0  0  0  0  0  0  0  0  0  0  0  0  0  0  0  0  0  0  0  0  0  0  0  0  0  0  0  0  0  0  0  0  0  0  0  0  0  0  0  0  0  0  0  0  0  0  0  0  0  0  0  0  0  0  0  0  0  0  0  0  0  0  0  0  0  0  0  0  0  0  0  0  0  284840  0  0  0  0  0  0  0  0  0  0  0  0  0  0  0  0  3947  0  438327  0  59  0  0  0  0  0  0  0  0  4  0  0  83  0  360990  22162  0  0  6  0  297  0  0  0  1  80  0  197193  2225  0  0  0  0  0  43  0  41972  0  50496  0  0  0  0  0  0  0  0  0  0  16369  71392  4  
0  0  0  0  0  0  0  0  0  9  0  0  0  0  0  0  0  5  0  0  3  7  59  8  0  0  0  0  0  0  0  190  0  0  2  0  0  0  0  0  2  0  19  3  0  0  11  6  0  0  0  0  0  0  0  0  0  0  1  0  6  0  1  0  0  1  0  0  0  0  0  0  6  0  1  60773  0  2  2  213  0  0  21  20  0  0  0  0  0  0  475  936  43501  3  600357  783556  347342  121  321  284  2  0  6  0  880  4208  3  10  3178  1881  5  329  2  0  125941  10877  24028  5514  15  0  383  17136  54  151699  180272  1  0  5  2  108  53606  418  406012  13570  0  0  2234  44  13  117  49  2  5  1  0  14288  170489  377  
0  0  0  0  0  0  0  0  0  0  0  0  0  0  0  0  0  0  0  0  0  0  0  0  0  0  0  0  0  0  0  0  0  0  0  0  0  0  0  0  0  0  0  0  0  0  0  0  0  0  0  0  0  0  0  0  0  0  0  0  0  0  0  0  0  0  0  0  0  0  0  0  0  0  84588  0  0  0  646  12  0  0  0  0  0  0  57702  327810  105490  0  0  4  0  0  0  0  0  224466  0  0  0  0  0  0  1  16  0  0  0  0  0  0  30812  0  0  0  0  0  0  0  138  0  99  0  0  122348  0  1  0  0  0  0  0  0  0  0  2  10971  0  1  0  0  0  1  0  0  0  0  
0  0  0  0  0  1  0  0  0  16  0  0  0  0  0  0  0  11  0  0  0  10  114  1941  0  0  0  0  0  0  6634  150  0  0  1  0  0  0  0  0  3  0  17  12  0  0  6  6  0  0  0  0  0  0  0  0  0  1  0  0  2  0  17  0  0  11  0  0  0  1364  0  0  4  0  147  19  0  2  345  56343  3  0  31  141  0  172  2  74  5  5  6994  49510  1  0  109  20  6430  625634  5  31  2  4  15  0  535241  131143  49  0  20  21  0  0  517  23  2026  0  4  175  34  0  75786  2507  1697  2  2  14  108  11  0  275  37  306  13  2  835  11  0  65689  18  731  470  8  9  119376  4  0  71  183  
1  0  0  0  0  0  0  0  0  0  0  0  0  0  0  0  0  0  0  0  0  0  0  0  0  0  0  0  0  0  2  1  0  0  0  0  0  0  0  0  0  0  0  0  0  0  0  0  0  0  0  0  0  0  0  0  0  0  0  0  0  0  0  0  0  5  0  0  0  0  0  0  0  0  69955  0  0  0  2171  38590  0  1  3  0  0  39  119395  102793  42  17  515  3152  0  0  0  0  22  780564  0  3  0  0  7  0  20318  27174  0  0  1  1  0  0  193922  13  26  0  0  1  7  0  310830  4  1441  0  0  357  25  25  0  23  0  0  0  0  3  23965  71628  0  0  111  38  6  9  24250  0  0  0  1  
0  0  0  0  0  1  0  0  0  17  69  0  0  0  0  0  0  7  0  0  0  6273  2  2  0  0  0  0  0  287  0  16  0  0  0  0  0  0  0  0  1  0  0  55  0  0  3  5  0  0  0  0  0  1  0  0  0  0  0  0  5  0  2  0  25  19  0  0  0  0  0  0  0  0  0  0  0  61  15  979  17  15  19300  92770  319599  14  0  0  0  5  118  2759  9  239480  2  24389  148  69  341  1912  26954  7  132  502675  264  1480  83  0  1  3207  0  0  2  76  8960  6  0  374772  385  8  337  2520  3533  0  5  9  3  51  71  280950  421  63169  1  0  26  0  1263  24  0  3565  2612  312  46  0  325151  0  50  23  
726  0  0  0  6  172448  4594  1004  16445  189010  0  119  0  5  120  557  30  10812  0  0  0  14  65  290  0  12  0  1  12  18  31  2715  10  0  10  1  0  0  2  89  283  0  88  51  174  4  10757  1605  892  0  3  254  643  1870  0  13  1  3  1  0  0  1  416  43  33  294841  78  520  280  91  1  1  31  21  317  2  32  155  5676  354240  219980  176739  267210  176769  0  2768  0  7  31  7218  3035  11282  6  1  4  74  627  1552  17  877  3827  46  732  36  1086  54791  21  0  41  242  0  0  195  344  24895  0  14  2016  9138  4311  3786  3357  14491  1  0  2031  6190  12088  15  16214  230  206  59  0  674  0  11801  693  1306  0  11945  4822  1496  34  2514  0  337  289  
6  0  0  0  0  4  2  0  0  20  0  1  0  0  1  0  0  5  0  0  0  1  2  1  0  0  0  0  0  0  0  27  0  0  0  0  0  0  0  1  0  0  0  2  0  0  7  1  1  0  0  2  2  8  0  0  0  0  0  0  0  0  1  0  0  30  0  4  0  0  0  0  0  0  12  0  82094  15942  40  2855  75  239  2285  8738  0  20  0  2  5  287  276  9790  0  1  4  1  218  74  35  634876  287645  683212  7865  607  380  2888  0  0  1  47  0  0  25  4  8711  0  0  158  480581  8906  577  675  9524  0  0  45  21  562  90533  347197  1  18  0  0  65  1  3518  136  50  68106  0  145  960  5  2280  0  1  2  
23  0  0  0  0  48  1  0  0  0  0  14  0  3  9  0  0  8  0  0  0  0  1  0  0  1  0  0  0  0  0  1  0  0  0  0  0  0  0  9  6  0  0  0  6  0  7  0  17  0  0  30  48  79  0  0  0  0  0  0  0  0  0  0  0  111  0  50  22  0  0  0  0  0  56  0  0  28298  1720  2319  3353  9  25  70  0  315979  0  12556  197608  1995  1  1484  0  0  0  1  56  16  3  333  1  44  784168  0  7  565  0  0  0  10  0  0  36  8040  277  0  0  2  235086  0  485  6  220749  0  0  320946  4997  258757  13  196  0  0  0  0  7  0  58  383  1  10380  245  0  101667  3  2  0  0  1  
4  0  0  0  0  3  0  0  0  1  0  1  0  1  2  0  0  1  0  0  0  1  0  0  0  0  0  0  0  0  0  2  0  0  0  0  0  0  0  0  1  0  0  0  1  0  3  0  0  0  0  1  4  14  0  0  0  0  0  0  0  0  0  0  0  30  0  4  5  0  0  0  0  0  5  0  1  1262  92  265  548  6139  151  175  0  12  0  0  215821  150493  1  2019  0  0  1  0  37  2  0  741  4  87  491432  0  13  174  0  0  0  6  0  0  7  4  365  0  0  6  473966  6  88  24  6036  0  0  824  84  299052  10  1160  0  2  0  0  3  0  65  57  5  3303  6486  158015  0  1  3  0  1  0  
0  0  0  0  0  315  0  0  0  0  0  0  0  0  0  187  0  0  0  0  0  0  0  3426  0  0  0  0  0  0  8759  4353  0  0  0  0  0  0  0  0  0  0  0  0  0  0  0  0  0  0  0  0  0  0  0  0  0  0  0  0  0  0  857  0  0  647  0  0  0  15934  0  0  0  0  45664  0  0  0  14868  333317  0  1  3  0  0  11  0  16  0  121710  115  286  0  0  0  0  1  84828  0  3  0  0  6  0  287442  72412  0  0  0  0  0  0  104  2  20  0  0  0  2  0  1316  4  139  0  0  0  7  9  0  26  0  1  0  0  0  0  147952  20600  0  20  12  1  0  0  0  0  0  0  
0  0  14  0  0  0  0  103  3033  2076  4  0  0  0  0  14  0  111  0  0  0  6  0  5  0  0  0  0  0  18937  1  0  0  0  0  0  0  0  0  0  2  0  0  16  0  7  14  4  2  0  0  0  0  0  0  1  0  0  0  0  0  0  3  0  59  530  0  0  0  0  1643  0  0  0  0  0  2348  6  1  33  157  392  551678  6641  18  0  0  0  0  95  0  42  0  18285  0  0  1  0  2  80  476206  406  57  539009  0  13  0  0  0  24  0  0  0  0  205  0  0  126  5413  156484  2  4  48  0  0  0  2  22  3  354818  0  5  0  0  0  0  9  1  240424  29736  8074  3  19  0  0  0  0  0  
0  0  0  0  0  0  0  0  0  0  0  0  0  0  0  0  0  0  0  0  0  0  0  0  0  0  0  0  0  0  0  0  0  0  0  0  0  0  0  0  0  0  0  0  0  0  0  0  0  0  0  0  0  0  0  0  0  0  0  0  0  0  0  0  0  0  0  0  0  0  0  0  0  0  0  162307  0  0  0  0  0  0  0  0  0  0  0  0  0  0  1  0  614  0  5353  0  72  0  0  0  0  0  0  0  0  0  0  103  3632  0  917680  894370  0  0  6  0  172191  0  0  0  0  17843  0  531160  9  0  0  0  0  0  2  0  121047  23801  13346  0  0  0  0  0  0  0  0  0  0  0  195358  2  
0  0  0  0  0  1  0  0  0  9  0  0  0  0  0  0  0  6  0  0  0  3  0  0  0  0  0  0  0  0  1  283  0  0  0  0  0  0  0  0  1  0  0  2  0  0  14  1  0  0  0  0  0  0  0  0  0  0  0  0  0  0  0  0  0  1  0  0  0  0  0  0  0  0  0  6493  0  8  6  382  1  1  205  50  0  8  1  1  0  1  1386  513  296210  26  15086  1959  29542  319  701382  51679  0  0  6  0  46  1027  122  647153  352640  117214  10436  1251849  1  14  151001  251  119085  25898  44  0  110  447038  920  171461  447  0  3  7  22859  21621  103311  104056  353509  72528  228680  0  336  7  163  313  50  94  4  0  3  260052  0  208095  
0  0  0  0  0  2  0  0  0  41  0  0  0  0  0  0  0  34  0  0  0  68  15  4  0  0  0  0  0  0  2  726  0  0  0  1  0  0  0  0  28  0  5  15  0  0  31  26  1  0  0  0  0  0  0  0  0  0  0  0  1  0  0  0  2  2  0  0  0  0  0  1  7  1  1  0  0  4303  5  751  0  1  34  107  0  2  0  0  0  5  1228  1008  3  1  3  18  3677  442  98  2486  0  4  30  0  263  4726  187584  148722  55420  247807  0  0  4  0  86520  0  2478  458  41  0  355  164167  176  7  0  0  1  28  3  434  139  895  98  0  280  0  1999  73  43  663  163  6  18  3  5  2  195020  0  
