0  0  0  0  422676  25685  1  0  2  27  0  100  3  4746  123517  316  486  1032  2  0  4  4  232  214630  4  19  0  0  9  1  135442  10025  4  0  77  0  0  0  896  49  132  0  39  4  60  0  6122  355  5038  0  0  143719  55275  34  0  46  0  3  1  0  3  69868  61996  29892  3  1889  49  1690  155  89837  2  3  98  0  0  0  0  0  0  4  0  0  0  3  0  0  0  0  0  1  0  0  0  0  1  3  4  3  0  0  0  0  1  0  78  32  0  0  0  0  0  0  1  0  2  0  0  3  3  0  5  0  0  0  0  5  0  0  0  0  0  0  0  0  1  0  12  3  0  29  0  0  0  0  0  0  1  0  
0  0  0  0  0  1  0  0  0  31  0  0  0  0  0  0  10  27  188536  0  519037  233917  42  0  972  1  0  0  0  0  0  2  0  0  1  0  35012  29365  0  0  5  259699  33  7470  0  0  0  31  37  14  362590  2  0  0  0  22  83381  4390  187614  58973  30435  0  12  0  347  2  3  1  0  1  0  98146  690  0  0  4  0  0  0  0  0  0  0  18  0  0  0  0  0  0  0  2  0  0  2  99  39  0  1  0  0  0  0  0  0  2  1  0  0  0  0  0  1  0  22  74  0  7  0  0  4  2  0  0  19  0  0  0  0  0  0  0  0  0  9  0  0  2  0  1  1  0  0  0  0  0  0  0  
0  0  0  0  0  2  4  7189  73  0  0  0  0  0  0  174084  0  0  0  0  0  0  0  0  0  0  106234  101304  90534  146296  0  0  0  0  0  0  0  0  0  0  3  0  0  0  302439  216012  0  1  0  0  0  0  0  0  0  26907  0  0  0  0  0  0  0  0  124  5  11332  0  5  0  260  0  1  0  0  0  10024  0  0  0  2  245  292  0  0  0  0  0  0  621  0  0  0  0  0  0  0  0  0  0  1  0  0  914  0  0  0  0  0  0  0  0  0  0  0  0  0  0  0  2230  0  0  0  0  0  0  0  0  0  0  0  0  0  0  0  0  0  0  0  1  0  0  0  0  11  0  0  0  
131  0  0  0  28  9  0  0  5  0  0  342489  0  79  0  0  2250  305  0  0  0  0  10  36  2  225405  0  157775  86007  0  0  5  8386  9697  11  709  0  0  1  34  5334  0  1  1  251760  0  6  4721  257057  0  0  442  5  0  0  18  0  22  0  0  0  14  90  6  25  1  28  60164  1  0  8  0  332  654  0  0  0  0  0  0  0  0  0  0  0  0  0  0  0  0  0  0  0  0  0  0  0  0  0  0  0  0  0  0  0  0  0  0  0  0  0  0  0  0  0  0  0  0  0  0  0  0  0  0  0  0  0  0  0  0  0  0  0  0  0  0  0  0  0  0  0  0  0  0  0  0  0  0  
308500  0  0  0  0  121100  0  1  1  10  0  23  0  36  106333  242032  358  1056  1  0  3  1  168  1625  0  6  0  0  5  1  61048  2182  1  0  113  0  0  0  1  15  31  0  42  4  16  0  50  344  2730  0  0  19446  138156  42  0  3  0  0  1  1  1  1797  14317  11513  1  731  31  328  209  109836  0  1  60  0  1  0  0  0  0  4  0  0  0  1  0  0  0  0  0  6  0  0  0  0  1  1  5  1  0  0  0  0  0  0  2  12  0  0  0  0  0  0  0  0  2  0  0  0  0  0  0  1  0  0  0  1  0  0  0  0  0  0  0  0  0  0  0  2  0  18  0  0  0  5  0  0  0  0  
52179  0  1  0  362913  0  208561  3944  799  96  0  38  0  9  96161  719934  1819  6484  9  0  33  49  1395  1032  6  75  198  1  927  2  5735  154359  14  1  571  2  0  2  3  39  306  0  252  33  1708  3578  465  2432  13574  0  0  91774  104968  128747  5  2358  0  9  5  1  43  7  198814  7177  110  249827  359  3301  32345  390306  3196  18  869  4  13  1  0  0  3  43753  87  9  1  27  0  1  0  10  3  288  0  2  0  0  10  7  107  43  1  0  0  0  18  0  2870  1767  0  0  0  0  0  0  10  0  22  0  2  11  30  1  233  2  1  0  1  103  3  34  1  1  0  0  0  0  5  2  23  63  0  82906  0  5  1  2652  0  0  1  0  
7  0  27  1  11  334322  0  209797  12417  0  0  0  0  0  2047  597862  7  48  0  0  0  0  6  1  14  24  895  0  2430  12  0  2  0  0  1  0  0  0  0  0  36  0  4  0  19912  30527  0  15  57  0  0  1563  335  110233  0  8249  0  11  0  0  0  0  2  1  545  271173  1445  4618  26544  0  28063  0  118  0  3  0  2  0  0  18  726  267  13  0  0  0  0  0  1  172  0  0  0  0  0  0  0  1  0  0  0  0  6  0  0  0  0  0  0  0  0  0  0  0  0  0  0  0  16  3  0  0  0  0  0  17  1  41  1  0  0  0  0  0  0  0  0  1  0  11286  0  4  0  0  2  0  0  0  
0  0  14955  0  1  14444  279782  0  77397  7  0  0  0  0  8  244523  1  29  0  0  0  0  15  0  0  2  6  3  108389  57  0  0  0  0  0  0  0  0  0  0  4  0  0  1  48668  209557  0  2  22  0  0  64  9  58846  0  119  0  0  0  0  0  0  4  0  9  188193  463  256  33695  0  281  1  2  0  0  0  1421  0  0  4  240  2064  112  0  0  0  0  0  0  618  0  0  0  0  0  0  0  0  0  0  0  0  0  2  0  0  0  0  0  0  0  0  0  0  0  0  0  0  0  227  0  0  0  0  0  0  0  0  0  0  0  0  0  0  0  0  0  0  0  50  0  0  0  0  15  0  0  0  
4  0  34  0  1  443  7912  45808  0  27128  3  0  0  0  2  11  10  89  0  0  0  92  36  0  0  1  68  9  173  126714  0  1  0  0  0  0  0  0  0  0  12  0  1  927  2664  111361  0  19  72  0  0  10  2  26  0  6814  0  12  0  0  0  0  16  1  7078  410368  31703  67  77  0  190341  0  4  0  0  0  87  0  0  2  28  123  15454  148  1  0  0  0  0  2  0  0  0  0  0  2  0  0  0  0  0  0  0  574  0  0  0  0  0  0  0  0  0  0  0  0  0  0  1  155  1  0  0  0  0  0  0  2  0  0  0  0  0  0  0  0  0  0  0  4187  0  0  0  0  6674  0  0  0  
73  2  0  0  41  188  86  117  33982  0  4  1  0  6  4  7  1371  10107  78  1  84  11168  35223  4  105  604  0  17  2451  122508  1  615  3  0  137  3  0  8  0  0  1839  0  2461  111974  920  0  113  1806  5478  0  0  151  16  1  13  701  11  347  0  8  27  0  774  2  1645  377579  9017  263  25  46  253  30  2468  1  0  0  0  0  0  38  0  0  1026  22091  0  0  0  1  0  0  1  70  0  0  4  17  900  10  26  31  0  0  0  27  2  200  16  0  0  3  0  1  2  0  1058  0  13  249  3  0  235  261  13  0  0  27  0  0  8  24  0  1  0  0  6  0  6  17  2  85599  6  0  0  0  135  1  22  2  
0  0  0  0  0  0  0  0  7  2  0  0  0  0  0  0  0  0  71  750659  0  43985  0  0  0  0  26858  0  0  19908  0  0  0  0  0  0  0  0  0  0  0  241542  0  649397  0  0  0  0  0  0  0  0  0  0  0  69  4  10858  0  0  0  0  0  0  452664  5  0  0  0  0  1  0  4  0  0  0  0  0  0  0  0  0  5  4  61043  0  0  0  0  0  0  0  0  1192  0  58  0  0  0  0  43  0  0  88689  0  0  0  0  0  0  0  0  0  0  0  1132  0  65  0  0  0  0  0  0  0  0  0  0  0  2  0  0  0  0  0  0  0  0  1932  1  0  0  0  0  390  0  0  0  
12963  0  0  334137  4407  1150  1  0  2  1  0  0  17  144045  174  0  1128  2037  0  0  0  0  67  6469  12  326  0  0  26187  0  28  1151  717  2610  155  4  0  2  334  149867  126  0  13  1  33649  0  454  1014  200477  0  0  232798  592  11  2  175  0  1  0  0  0  295  18320  401  7  56  49  323454  48  17  4  0  22  5  0  0  0  0  0  2  0  0  0  0  0  0  0  0  0  0  0  0  0  0  0  0  1  0  0  0  0  0  0  0  0  8  0  0  0  0  0  0  0  0  0  0  0  0  0  0  0  0  0  0  0  0  0  0  0  0  0  0  0  0  0  0  0  0  0  4  0  0  0  0  0  0  0  0  
121  0  0  0  0  0  0  0  0  0  0  78  0  89029  1  0  5  752  0  0  0  0  0  186592  0  0  0  0  0  0  0  0  1  3  2  0  0  0  150725  131  0  0  0  0  0  0  86292  3  3  0  0  16  0  0  0  0  0  0  0  0  0  526  7  3108  0  0  0  0  0  0  0  0  0  0  0  0  0  0  0  0  0  0  0  0  0  0  0  0  0  0  0  0  0  0  0  0  0  0  0  0  0  0  0  0  0  0  0  0  0  0  0  0  0  0  0  0  0  0  0  0  0  0  0  0  0  0  0  0  0  0  0  0  0  0  0  0  0  0  0  0  0  0  0  0  0  0  0  0  
61048  0  0  45  193  20  0  0  2  0  0  148484  59526  0  6501  0  14  658  0  0  0  0  7  35089  4  166  0  0  58  0  24  1143  1  115  11  0  0  2  131535  226692  449  0  0  0  96  0  7552  7  21728  0  0  228128  23  1  0  41  0  1  0  0  0  178050  18160  20914  1  0  6  1700  0  1  2  0  19  0  0  0  0  0  0  1  0  0  0  0  0  0  0  0  0  0  0  0  0  0  0  0  0  0  0  0  0  0  0  0  0  2  0  0  0  0  0  0  0  0  0  0  0  0  0  0  0  0  0  0  0  0  0  0  0  0  0  0  0  0  0  0  0  0  0  2  0  0  0  0  0  0  0  0  
161824  0  0  0  165513  73595  911  3  132  2  0  108  0  4813  0  389386  131  528  0  0  1  0  107  35339  0  2  13  0  74631  1  6  84  0  0  57  0  0  0  3  0  10  0  18  0  43  0  30  134  1041  0  0  1016113  929698  616404  0  50  0  0  0  0  0  105970  538  181  4  15007  22  155453  218697  10  238  0  6  0  0  0  0  0  0  12  6  2  0  0  0  2  0  0  0  2  0  0  0  0  0  0  1  1  0  0  0  0  13  0  0  3  0  0  0  0  0  0  0  0  2  0  0  0  24  1  1  0  1  0  0  3  0  46  1  1  0  0  0  0  0  0  0  2  0  67  0  3  1  0  0  0  0  0  
1306  0  137589  0  287092  878968  867005  368582  209  2  0  0  0  0  427894  0  27  71  0  0  0  0  13  28  1  2  22  0  206963  0  19113  27  0  0  5  0  0  0  0  0  4  0  0  0  1787  23038  0  22  139  0  0  2649  28398  789115  3  278  0  1  0  0  0  0  239  408  10  1706  29  122  122550  130511  7  0  10  0  41  0  3994  0  29  1699  1339  2096  11  0  0  0  0  0  0  27061  0  0  0  0  0  0  1  3  0  0  0  0  0  0  27  0  0  0  0  0  0  0  0  0  0  0  0  0  2  67  0  0  0  0  0  0  0  2  0  0  0  0  0  0  0  0  0  0  0  18  0  0  0  138  0  0  0  0  
62  0  0  523  63  57  4  1  6  308  0  329  15  11  13  0  0  302335  22  0  7  27  134594  20210  7  609  0  33  113  1  0  661  434  85  163108  5  0  59  4  13  116454  0  18003  154  376  0  950  418162  242756  0  0  213  34  1  5  47  10  77  4  0  44  0  48309  190  13  150  2156  4733  34  1  9  195  5123  26  0  0  0  0  0  1  0  0  1  147  0  0  0  1  0  0  0  4  0  0  0  6  111  2  1  0  0  0  1  0  0  8  0  0  0  0  0  0  0  0  53  0  0  21  1  0  4  12  1  0  0  1  0  0  0  0  0  1  0  0  1  0  0  1  0  68  0  0  0  0  0  0  0  0  
1310  0  0  161  870  621  1  1  2  1277  0  1335  507  823  74  2  256987  0  47  0  10  41  67353  105813  35  421  0  2  22  3  16  7111  303  53  7092  3  0  44  401  3352  5727  0  13525  487  35  1  251262  130755  209798  0  4  1349  385  11  9  4  12  40  4  0  34  6  261666  771  14  751  135  151  42  69  1  166  6521  18  1  0  0  0  0  82  0  0  2  250  0  0  0  6  0  0  1  1  0  0  2  5  190  29  2  0  0  0  0  0  0  325  2  0  0  0  0  0  10  0  95  0  0  39  0  0  50  14  2  0  0  43  1  0  0  1  0  0  0  0  1  0  5  31  0  440  0  1  0  1  0  0  3  0  
13  280387  0  0  10  7  0  0  1  2  115  0  0  0  0  0  81  172  0  73084  78  501  95  0  206778  3  0  1  0  0  0  8  1  15  40  0  3  9297  0  0  89  286236  5  32021  3  0  7  179  1109  0  60765  27  3  1  0  62  1218451  674975  416905  1  17891  0  18  1  1637  7  7  14  0  1  0  1222  541117  0  0  0  0  0  0  0  0  0  0  0  2  0  0  0  0  0  0  0  0  0  0  0  0  0  0  0  0  0  0  0  0  1  0  0  0  0  0  0  0  0  0  1  0  1  0  0  0  0  0  0  0  1  0  0  0  0  0  0  0  0  0  0  0  0  0  2  0  0  0  0  0  0  0  0  
0  0  0  0  0  0  0  0  0  0  691730  0  0  0  0  0  0  0  62063  0  0  90  0  0  10822  0  175389  0  0  928  0  0  0  0  0  0  0  0  0  0  0  126593  0  103553  0  0  0  0  0  0  0  0  0  0  0  67069  23  279924  0  0  20  0  0  0  305299  0  0  0  0  0  0  0  7  0  0  0  0  0  0  0  0  0  0  0  17597  0  0  0  0  0  0  0  0  3587  0  2  0  0  0  0  44  0  0  917  0  0  0  0  0  0  0  0  0  0  0  377  0  0  0  0  0  0  0  0  0  0  0  0  0  2  0  0  0  0  0  0  0  0  192  0  0  0  0  0  0  0  0  0  
5  330695  0  0  0  6  0  0  0  1617  0  0  0  0  0  0  76  414  76  0  0  40774  3786  0  2  14  0  1  0  0  0  86  4  0  4  0  27715  140  0  0  116  41  1017  1405  1  0  0  573  97  148546  68362  3  0  0  0  0  208  3  29651  593751  667291  0  669  0  0  65  4  0  0  0  0  82078  1271  1  0  8  0  0  0  3  1  0  0  415  0  0  0  1  0  0  1  39  0  0  63  366  750  6  6  2  0  0  0  0  1  27  15  0  0  0  0  0  2  0  517  84  14  173  0  0  50  103  8  0  126  3  0  0  0  3  0  0  0  0  97  0  10  9  0  9  1  0  0  0  1  0  13  1  
2  258689  0  0  3  7  1  0  24  12365  42295  0  0  0  0  0  101  911  2385  50  47739  0  30263  0  1015  110  0  0  16  13303  0  83  3  0  11  2  2  4  0  0  3786  316332  595  815172  6  0  4  574  531  1  330874  11  1  0  6  24  18088  10897  225  558  715327  0  808  0  10431  139  32  7  2  0  4  71  3968  1  0  33  0  0  0  6  0  0  52  2328  4310  0  0  0  0  0  1  40  0  0  60  4172  1289  5  14  5  0  0  0  3299  6  23  15  0  0  0  0  0  0  0  593  1991  14  901  1  0  51  143  7  0  217  2  0  0  0  3  0  1  0  0  76  0  9  4  83  79  1  0  0  0  272  0  6  5  
20  39  0  0  16  74  8  3  8  30567  0  0  0  1  1  1  83308  113699  680  0  3259  34828  0  240  165  2543  0  2  135  3  0  863  65  18  112183  16  995  4436  0  0  21305  0  215967  35824  119  0  17  89118  7208  37184  4  63  8  0  40  22  133  299  3629  451  485562  2  65315  13  295  179  409  209  27  5  5  71559  118854  28  0  0  0  0  0  17  0  0  4  4257  0  0  0  2  0  0  7  194  0  0  80  129  3053  10  52  30  0  0  0  0  1  70  91  0  0  0  0  0  4  0  3381  0  55  1026  0  0  216  792  28  0  1  8  0  0  0  31  2  0  0  0  45  0  11  6  1  122  2  0  0  0  0  0  43  19  
304294  0  0  4  8099  1228  0  0  0  1  0  349  225769  54237  37593  37  6348  53452  0  0  0  2  2617  0  0  27  0  0  0  0  190876  12220  1  294  261  0  0  1  159719  584  127  0  2073  1  21  0  493579  8425  11671  36  0  3335  130  3  0  9  1  1  0  0  63  225034  543283  1000913  0  59  24  404  39  13933  1  5  46  0  0  0  0  0  0  5  0  0  0  3  0  0  0  1  0  0  0  0  0  0  1  0  1  6  0  0  0  0  0  0  626  21  0  0  0  0  0  0  0  1  0  0  0  0  0  0  2  0  0  0  0  2  0  0  0  0  0  0  0  0  0  0  8  1  0  17  0  0  0  9  0  0  0  0  
41  12  0  0  29  5  0  0  16  11  3  3  0  2  1  0  128  303  162395  6068  0  29  138  8  0  257021  135031  0  5  50  0  15  0  284  94  35  0  6  0  0  7504  79  19  2486  15  0  23  195  1949  0  3  104  14  0  313355  608108  661  167466  0  0  83  1  67  1  4088  11  3573  1397  2  1  229  0  980177  0  0  0  0  0  0  0  0  0  0  0  0  0  0  0  0  0  0  0  0  0  0  0  2  0  0  0  0  0  0  0  0  2  0  0  0  0  0  0  0  0  0  0  0  0  0  0  1  0  0  0  0  1  0  0  0  0  0  0  0  0  0  0  0  0  0  7  0  0  0  0  0  0  0  0  
1327  0  0  254292  200  99  13  2  942  47  0  204  0  449  25  1  1650  2568  45  0  0  73  2258  536  179127  0  2141  57572  679  144  2  118  10765  61424  858  301912  1  0  13  12  442290  10  290  700  42056  0  79  19915  204068  0  0  2962  58  10  241230  176588  30  2698  1  0  24  55  1599  38  3317  99  516888  32449  104  4  1598  2  111505  1858  0  0  0  0  0  3  0  0  0  5  0  0  0  0  0  0  0  0  0  0  0  0  4  0  0  0  0  0  0  0  0  5  0  0  0  0  0  0  0  0  4  0  0  1  0  0  1  0  0  0  0  0  0  0  0  0  0  0  0  0  0  0  0  1  0  20  0  0  0  0  0  0  0  0  
0  0  154187  0  0  500  419  795  1781  1  68524  0  0  0  2  47  4  54  0  97045  0  7  30  1  132140  2099  0  4941  2051  1215016  0  0  0  0  1  0  0  0  0  0  34  0  0  3  1421  57133  0  3  28  0  0  5  0  134  1  1439596  0  22  0  0  0  0  13  0  210317  1762  377995  141  609  0  56542  0  103  0  0  0  54  0  0  0  0  0  0  0  650  0  0  0  0  0  0  0  0  3753  0  1  0  0  0  0  689  0  0  13662  0  0  0  0  0  0  0  0  0  0  0  0  0  0  0  5  0  0  0  0  0  0  0  0  0  2  0  0  0  0  0  0  0  0  918  1  0  0  0  0  6  0  0  0  
5  0  110587  182626  1  0  1  0  91  0  0  0  0  2  1  0  24  25  1  1  0  0  32  0  56  60620  6239  0  9481  16  0  0  0  0  8  0  0  0  0  0  409  1  1  6  1085635  6023  0  43  378  0  0  30  1  0  2  543  2  299  0  0  0  1  2  0  457  238  539085  269  1  0  200  0  513  0  0  0  0  0  0  0  0  0  0  0  0  0  0  0  0  0  0  0  0  0  0  0  0  0  0  0  0  0  0  0  0  1  0  0  0  0  0  0  0  0  0  0  0  0  0  0  0  0  0  0  0  0  0  0  0  0  0  0  0  0  0  0  0  0  0  0  0  0  0  0  0  0  0  0  
30  0  66570  47862  4  440  15082  94801  321  23  0  9222  0  7  17541  182000  189  474  0  0  0  0  187  12  15  309  7  6226  0  15  0  2  0  0  116  0  0  0  1  3  57  0  34  4  1049917  32671  5  310  15194  0  0  723  9  317  8  373  0  6  0  0  0  0  47  1  16  11515  1261  586430  607074  0  38  0  36  0  0  0  0  0  0  0  0  0  3  1  0  0  0  0  0  0  0  0  0  0  0  0  0  0  0  0  0  0  0  0  0  0  0  0  0  0  0  0  0  0  0  0  0  0  1  0  0  0  0  0  0  0  0  3  0  0  0  0  0  0  0  0  0  0  0  82  0  0  1  0  5  0  0  0  
2  0  178409  0  1  10  15  222  144875  87491  35862  0  0  0  0  34  6  48  2  2155  0  38689  22  1  4  0  1106603  6  96  0  0  4  0  0  1  0  0  0  0  0  8  0  2  79314  310  351014  1  11  36  0  0  4  0  8  0  299884  0  6  0  0  0  0  5  0  480224  63029  18882  24  9  0  654767  0  75  0  0  0  281  0  0  0  2  10  3085  36  1209  0  0  0  0  2  0  0  0  3196  0  1  0  0  0  0  319  0  0  202284  0  0  0  0  0  0  0  0  0  0  0  0  0  1  0  495  1  0  0  0  0  0  0  0  0  1  0  0  0  0  0  0  0  0  1926  139  0  0  0  0  6854  0  0  0  
268651  0  0  0  64209  5398  0  0  0  0  0  0  0  20  2  6381  30  42  0  0  0  0  8  191425  0  1  0  0  0  0  0  169953  0  0  1  0  0  0  5  0  3  0  1  1  0  0  53  13  195  0  0  104  9  1  0  0  0  0  0  0  1  4  549898  1615  0  6  2  4  5  427846  0  0  9  0  48  0  0  0  0  270  0  0  0  2  0  0  0  0  0  1  0  0  0  0  0  0  3  78  0  0  0  0  0  0  11120  868  0  0  0  0  0  0  0  0  1  0  0  3  0  0  3  0  0  0  0  0  1  0  0  0  0  0  0  0  0  0  144  3  0  26  0  0  0  745  0  0  0  0  
11321  0  0  0  1325  151812  0  0  0  195  0  8  0  143  26  3  397  5415  14  0  167  126  1334  5396  6  159  0  0  1  0  163899  0  31  0  9  1  0  1  59  10  659  0  215  64  5  0  1865  1766  6303  0  0  1499  114  3  4  0  3  9  9  16  136  41  308728  1736  1  25301  25  81  24  194223  0  40  1534  11  17  0  0  0  4  7427  0  0  0  81  0  0  0  49  4  2  0  11  0  0  31  42  542  234  3  1  0  0  2  0  15443  43524  2  0  0  0  0  1  82  0  56  0  1  35  7  0  2095  15  15  0  0  648  12  0  1  2  0  0  0  0  22  1  113  351  0  9903  3  30  0  3162  0  0  10  0  
0  0  0  15060  0  1  0  0  0  29  0  500  0  0  0  0  247  394  25  0  0  2  120  0  0  2967  0  0  0  0  0  48  0  150805  16597  2870  0  5  0  0  62063  0  269  1  0  0  0  252204  192  0  1  0  1  0  0  0  25  16  10  0  31  0  243  0  0  2  0  1  0  0  0  5  37974  175478  0  0  0  0  0  1  0  0  0  16  0  0  0  0  0  0  0  1  0  0  0  2  24  0  1  0  0  0  0  0  0  1  0  0  0  0  0  0  0  0  13  0  0  2  0  0  1  2  0  0  0  0  0  0  0  1  0  0  0  0  0  0  0  0  0  4  0  0  0  0  0  0  0  0  
0  0  0  8342  0  0  0  0  0  0  0  5083  11  232  0  0  30  367  8  0  3  0  15  158  0  76891  0  0  0  0  0  0  113669  0  403992  256614  7  161279  2  15  119  0  145220  0  0  0  3  133205  54  4  0  0  0  0  11  0  0  0  1  1  77  0  2  3  0  0  0  0  0  0  0  2557  656685  22410  0  0  0  0  0  0  0  0  0  0  0  0  0  0  0  0  0  0  0  0  0  0  0  0  0  0  0  0  0  0  0  0  0  0  0  0  0  0  0  0  0  0  0  0  0  0  0  0  0  0  0  0  0  0  0  0  0  0  0  0  0  0  0  0  0  0  0  0  0  0  0  0  0  0  
0  0  0  105  0  2  0  0  0  45  0  212  0  6  0  0  144182  14592  5  0  8  4  154708  1302  3  42  0  0  0  0  0  62  13120  367565  0  4  0  6493  2  0  230  0  238129  18  1  0  156  392326  408  0  0  3  0  0  1  0  1  2  1  0  368  0  330  3  0  11  1  60  1  0  0  11783  129637  8  0  0  0  0  0  0  0  0  1  13  0  0  0  0  0  0  0  0  0  0  0  0  3  0  0  0  0  0  0  1  0  0  0  0  0  0  0  0  0  0  7  0  0  0  0  0  0  1  0  0  0  0  0  0  0  0  0  0  0  0  0  0  0  0  0  4  0  0  0  0  0  0  0  0  
1  0  0  1003  1  1  0  0  0  0  0  0  0  0  0  0  26  87  0  0  0  11  110  0  6  318513  0  0  0  0  0  5  3632  275848  1  0  0  2  0  0  228609  0  33  60  8  0  0  366  32  0  1  1  0  0  833  54  1  1  0  0  4  0  33  0  1  0  57  44  0  0  0  1  54143  170146  0  0  0  0  0  0  0  0  0  0  0  0  0  0  0  0  0  0  0  0  0  0  2  0  0  0  0  0  0  0  0  0  0  0  0  0  0  0  0  0  1  0  0  1  0  0  0  0  0  0  0  0  0  0  0  0  0  0  0  0  1  0  0  0  0  0  0  0  0  0  0  0  0  0  
0  10106  0  0  0  0  0  0  0  0  0  0  0  0  0  0  1  2  13  0  43409  0  79  0  0  0  0  0  0  0  0  0  0  7  1  0  0  218928  0  0  0  0  126168  0  0  0  0  63  1  144254  2  0  0  0  0  0  0  0  1112  417505  19410  0  0  0  0  0  0  0  0  0  0  1110955  2181  0  0  0  0  0  0  0  0  0  0  1  0  0  0  0  0  0  0  0  0  0  0  0  1  0  0  0  0  0  0  0  0  0  0  0  0  0  0  0  0  0  1  1  0  1  0  0  0  0  0  0  0  0  0  0  0  0  0  0  0  0  0  0  0  0  0  0  0  0  0  0  0  0  0  0  
0  29280  0  0  0  0  0  0  0  0  0  0  0  1  0  0  1  0  4320  0  1751  0  1259  0  6  2  0  0  0  0  0  0  1  123268  68  0  183537  0  0  0  0  0  85816  0  0  0  0  1192  0  3965  0  0  0  0  0  0  7  0  80452  3629  23739  0  0  0  0  0  0  0  0  0  0  1020366  925351  1  0  0  0  0  0  0  0  0  0  0  0  0  0  0  0  0  0  0  0  0  0  0  0  0  0  0  0  0  0  0  0  0  0  0  0  0  0  0  0  0  0  0  0  0  0  0  0  0  0  0  0  0  0  0  0  0  0  0  0  0  0  0  0  0  0  0  0  0  0  0  0  0  0  0  
8308  0  0  1  102  25  0  0  0  0  0  1734  111253  179865  37  0  15  202  0  0  0  0  4  118844  0  82  0  0  1  0  19  1254  0  0  0  0  0  0  0  86351  54  0  0  0  36  0  109855  5  79360  0  0  3537  8  0  0  7  0  0  0  0  0  15285  16046  125559  0  6  3  768  2  6  0  0  2  0  0  0  0  0  0  0  0  0  0  0  0  0  0  0  0  0  0  0  0  0  0  0  1  0  0  0  0  0  0  0  0  2  0  0  0  0  0  0  0  0  0  0  0  0  0  0  0  0  0  0  0  0  0  0  0  0  0  0  0  0  0  0  0  0  0  2  0  0  0  0  0  0  0  0  
3560  0  0  646  1081  268  0  0  0  2  0  131676  80  217629  22  0  114  1603  0  0  0  0  12  5386  0  23  0  0  161  0  5  304  0  2  2  0  0  0  75976  0  24  0  2  0  15  0  19424  23  121499  0  0  5338  96  2  0  4  0  0  0  0  0  240  6859  179  0  11  8  1182  9  3  0  0  2  0  0  0  0  0  0  1  0  0  0  1  0  0  0  0  0  0  0  0  0  0  0  0  0  0  0  0  0  0  0  0  0  4  0  0  0  0  0  0  0  0  0  0  0  0  0  0  0  0  0  0  0  0  0  0  0  0  0  0  0  0  0  0  0  0  0  6  0  0  0  0  0  0  0  0  
4680  1  0  437  671  287  13  20  157  3316  0  98  0  2197  22  0  83964  33431  272  1  12  1992  27829  1147  5694  353263  48  80  542  200  10  1216  65021  277  2156  292764  0  10  46  12  0  3  3293  9692  12994  0  267  142789  226669  0  0  23941  110  8  20840  6668  30  1876  1  1  495  311  7386  138  8525  352  11945  56932  104  10  1416  43  53403  64011  0  0  0  0  0  17  0  0  0  363  0  0  0  1  0  0  0  1  0  0  6  10  299  1  2  0  0  0  0  1  0  58  4  0  0  0  0  0  0  0  109  0  0  52  0  0  12  16  1  0  0  3  1  0  0  1  0  0  0  0  3  0  1  4  0  200  0  0  0  0  1  0  3  1  
0  189180  0  0  0  0  0  0  0  0  224321  0  0  0  0  0  2  1  215910  122351  7  474481  1  0  76  0  0  0  0  0  0  0  0  0  1  0  0  0  0  0  1  0  0  227322  0  0  1  0  5  0  1888  0  0  0  0  2  666142  82543  3  0  397  0  0  0  18  0  0  1  0  0  0  0  121  0  0  0  0  0  0  0  0  0  0  0  2479  0  0  0  0  0  0  0  0  0  0  129  0  0  0  0  0  0  0  0  0  0  0  0  0  0  0  0  0  0  0  2839  0  6  0  0  0  0  0  0  0  0  0  0  0  0  0  0  0  0  0  0  0  0  0  0  0  0  0  0  0  0  0  0  
0  164  0  0  0  1  0  0  0  83  0  0  0  0  0  0  3237  3440  9  0  9576  4  143511  927  0  59  0  0  0  0  0  36  20  139796  144574  1  52050  129527  0  0  374  0  0  25  0  0  2  28984  171  114559  2  1  0  0  1  1  6  8  226  11667  139672  0  282  31  1  22  1  2  0  0  0  130570  61789  3  0  0  0  0  0  0  0  0  0  16  0  0  0  0  0  0  0  0  0  0  0  1  12  0  0  0  0  0  0  0  0  0  0  0  0  0  0  0  0  0  3  0  0  0  0  0  0  0  0  0  0  0  0  0  0  0  0  0  0  0  0  0  0  0  0  1  0  0  0  0  0  0  1  0  
122  5437  0  0  113  55  5  4  667  99404  709379  0  0  2  11  2  940  4918  69164  127193  466  812289  22254  6  41907  472  1  0  148  102077  0  132  2  0  561  1  0  4  0  0  7950  259424  1234  0  104  0  86  2233  13775  0  1898  416  48  0  11  797  129300  349966  789  22  115938  0  516  5  462363  1968  5105  266  16  4  153  12  170607  1  0  0  0  0  0  5  0  0  73  312  6224  0  0  0  0  0  0  11  0  0  3  306  318  3  4  1  0  0  0  1784  1  30  4  0  1  0  0  0  0  0  294  303  4  200  0  0  19  48  4  0  0  5  0  0  0  1  0  0  0  0  1  0  3  2  56  62  0  1  0  0  173  0  4  5  
6728  1  304485  272343  853  803  8451  32444  2307  95  0  22372  0  3075  47  1393  2091  4103  8  1  0  14  2270  1750  2194  91151  426  1099657  956635  256  6  417  3  0  1183  39  0  3  53  12  36136  14  303  110  0  291951  249  3142  129765  0  0  25601  152  69  565  10837  40  3181  0  0  3  578  5357  209  4931  73477  233698  211533  134746  8  2447  2  7252  2  0  0  0  0  0  3  1  0  0  8  0  0  0  0  0  1  0  0  0  0  0  0  5  2  0  0  0  0  7  0  0  12  0  0  0  1  0  0  0  0  1  0  0  1  36  0  3  0  2  0  0  0  0  37  0  0  0  0  0  0  0  0  0  2  0  85  0  0  1  0  0  0  0  0  
1  0  260861  0  0  815  3330  164542  132947  0  0  0  0  0  1  20563  0  3  0  0  0  0  7  0  2  0  64780  12156  21916  343431  0  1  0  0  0  0  0  0  0  0  5  0  1  0  321369  0  0  3  1  0  0  9  1  20  0  23692  0  2  0  0  0  0  1  0  11798  16631  92157  128  153  0  43840  0  16  0  0  0  3964  0  0  0  11  118  911  0  0  0  0  0  0  126  0  0  0  0  0  0  0  0  0  0  0  0  1  128  0  0  0  0  0  0  0  0  0  0  0  0  0  0  6  839  0  0  0  0  0  2  0  7  0  0  0  0  0  0  0  0  0  0  0  199  0  0  1  0  193  0  0  0  
100185  2  0  1  1830  635  0  0  0  22  0  16  81745  2531  67  2  827  208018  2  0  4  1  211  440052  1  3  0  0  5  0  36  16057  2  0  11  0  0  0  145992  3123  44  0  16  2  21  0  0  32431  37021  0  0  7494  395  2  0  6  1  2  1  0  0  432  171094  74012  1  145  44  137  53  45  0  0  33  1  0  0  0  0  0  13  0  0  0  2  0  0  0  0  0  0  0  0  0  0  0  1  7  5  0  1  0  0  0  0  0  89  0  0  0  0  0  0  0  0  2  0  0  0  0  0  8  0  0  0  0  10  0  0  0  0  0  0  0  0  0  0  1  13  0  85  0  1  0  0  0  0  0  0  
68  6  0  898  22  197  7  4  6  2798  0  407  1  8  6  0  339027  176798  1329  0  98  154  100069  24218  255  3851  0  9  210  6  1  4665  231859  127547  439164  126  19  1287  0  13  168197  0  140692  853  167  0  54830  0  56679  18  28  103  12  0  36  19  312  493  1800  6  1292  1  48384  75  36  309  855  286  23  10  6  7371  756260  8508  0  0  0  0  0  9  0  0  0  836  0  0  0  0  0  0  0  5  0  0  4  10  693  4  7  0  0  0  0  0  0  34  4  0  0  0  0  0  1  0  311  0  4  121  0  0  15  41  2  0  0  5  0  0  0  1  0  1  0  0  2  0  5  0  0  132  0  0  0  0  0  0  3  0  
35252  1  0  191724  20405  11259  12  3  1033  846  0  194737  5  23991  959  15  270046  215019  26  2  10  33  32418  30334  265  176061  3  29  29786  95  62  9490  327  38  25808  13  0  27  74639  121335  197055  3  9073  357  114560  0  55975  110031  0  0  4  121015  5412  141  80  13478  25  1058  2  0  36  1004  68173  1795  1004  1850  9948  196894  844  223  1015  96  6719  34  2  0  0  0  0  169  0  0  0  190  0  1  0  8  0  0  0  1  0  0  1  6  148  35  2  2  0  0  0  0  0  698  0  0  0  1  0  0  11  0  59  0  0  21  1  0  84  11  0  0  0  98  2  1  0  0  0  0  0  0  1  0  5  63  0  604  1  5  0  1  0  0  2  0  
0  45  0  0  0  0  0  0  0  0  0  0  0  0  0  0  0  0  0  0  127894  1  19069  1  0  0  0  0  0  0  0  0  0  1  3  0  184524  5017  0  0  0  0  268423  0  0  0  0  163  0  0  0  0  0  0  0  0  0  0  48  222347  200385  0  0  0  0  0  0  0  0  0  0  102520  1523  0  0  0  0  0  0  0  0  0  0  0  0  0  0  0  0  0  0  0  0  0  0  0  0  0  0  0  0  0  0  0  0  0  0  0  0  0  0  0  0  0  0  0  0  0  0  0  0  0  0  0  0  0  0  0  0  0  0  0  0  0  0  0  0  0  0  0  0  0  0  0  0  0  0  0  
1  338505  0  0  0  0  0  0  0  2  0  0  0  0  0  0  0  2  16188  0  88190  287035  2  0  303  0  0  0  0  0  0  0  0  0  0  0  0  0  0  0  1  2171  0  1516  0  0  1  1  9  0  0  1  0  0  0  3  13284  200  20324  100  310368  0  1  0  20  0  0  0  0  0  0  215  431  0  0  1  0  0  0  0  0  0  0  4  0  0  0  0  0  0  0  2  0  0  1  209  5  0  0  0  0  0  0  0  0  0  0  0  0  0  0  0  0  0  2  146  0  2  0  0  1  1  0  0  32  0  0  0  0  0  0  0  0  0  2  0  0  0  0  0  0  0  0  0  0  0  0  0  
284487  0  0  17  50376  61838  433  6  70  116  0  263735  1  245707  1112940  3902  10382  35833  5  0  4  10  3011  7951  88  594  7  4  704  4  125  6218  8  0  1713  0  0  2  610  2743  1755  1  707  35  1304  0  5756  8272  182131  0  0  0  303855  103894  6  725  2  29  1  0  6  61133  46000  1110  49  45547  650  424550  25214  147  190  9  639  1  1  0  0  0  0  21  7  1  1  20  0  1  0  2  0  0  0  1  0  0  0  1  14  5  0  1  0  0  2  0  0  87  1  0  0  0  0  0  3  0  10  0  0  3  10  1  12  3  1  0  0  12  2  4  0  0  0  0  0  0  2  0  2  6  0  115  1  1  0  1  0  0  0  0  
58198  0  0  0  266159  104386  87  2  10  28  0  17  0  10  875595  19259  1347  4141  0  0  1  2  689  11  1  17  1  0  64  3  40  1055  2  0  526  0  0  0  1  9  92  0  176  3  56  0  74  1464  8793  0  0  439111  0  162353  1  16  1  1  0  0  0  3  5134  906  3  10539  84  943  2234  117  17  2  118  0  0  0  0  0  0  7  0  0  0  7  0  0  0  0  0  0  0  0  0  0  0  0  3  0  0  0  0  0  0  0  0  18  0  0  0  0  0  0  0  0  1  0  0  1  0  0  1  0  0  0  0  3  0  2  0  0  0  0  0  0  0  0  0  1  0  33  0  0  0  0  0  0  0  0  
670  0  0  0  447  160433  317726  95338  5295  11  0  0  0  0  612662  818221  172  581  0  0  0  0  119  0  1  12  117  0  6975  7  0  23  0  0  60  0  0  0  0  0  15  0  22  2  3374  2396  16  169  1040  0  0  294493  193306  0  0  1918  0  0  0  0  0  0  136  21  55  133672  882  3019  297067  1  2606  1  32  0  2  0  0  0  3  39  51  10  2  1  0  2  0  2  0  65  0  0  0  0  0  0  0  5  0  0  0  1  141  0  0  10  0  0  0  0  0  0  3  0  0  0  0  2  166  7  12  1  1  0  0  22  2  374  2  1  0  0  0  0  0  0  1  8  0  725  1  11  3  0  0  0  1  0  
3  0  0  0  1  0  0  0  0  0  0  1  0  0  0  0  6  38  0  0  0  13  37  2  320990  317544  1  0  0  1  0  1  0  2  1  995  0  0  0  0  42651  0  5  196  24  0  0  39  38  0  0  5  0  0  0  115566  0  23  0  0  1  0  9  0  330  0  54  590  0  0  33  0  76465  0  0  0  0  0  0  0  0  0  0  0  0  0  0  0  0  0  0  0  0  0  0  0  0  0  0  0  0  0  0  0  0  0  0  0  0  0  0  0  0  0  0  0  0  0  0  0  0  0  0  0  0  0  0  0  0  0  0  0  0  0  0  0  0  0  0  0  0  0  0  0  0  0  0  0  
1079  0  12483  1  162  2969  2045  104  107311  66  362  44  0  188  27  86  1062  1766  111  58896  0  11  1149  493  551039  133845  1644222  64  1838  214295  2  113  2  0  563  291  0  0  16  1  20736  10  110  1399  11890  4578  38  1265  6794  0  0  1684  29  3139  79133  0  53  177208  0  0  3  45  1554  24  718579  38749  587692  32661  3519  3  208096  2  44737  0  0  0  0  0  0  1  1  0  0  3  0  0  0  0  0  0  0  0  0  1  0  0  2  0  0  0  0  0  1  1  0  5  0  0  0  0  0  0  0  0  1  0  0  1  1  1  1  0  0  0  0  0  0  5  0  0  0  0  0  0  0  0  0  0  0  20  0  1  0  0  0  0  0  0  
1  80454  0  0  0  1  0  0  0  0  4  0  0  0  0  0  6  13  1303312  57  109  40302  3  0  2743  0  0  0  0  0  0  2  1  0  1  0  0  121  0  0  5  555531  1  92138  0  0  1  19  79  0  57029  4  0  0  0  30  0  226247  31318  3  21118  0  2  0  348  0  3  2  0  0  0  2  23348  0  0  0  0  0  0  0  0  0  0  0  0  0  0  0  0  0  0  0  0  0  0  0  0  0  0  0  0  0  0  0  0  0  0  0  0  0  0  0  0  0  0  0  0  0  0  0  0  0  0  0  0  0  0  0  0  0  0  0  0  0  0  0  0  0  0  0  0  0  0  0  0  0  0  0  
174  16821  0  0  149  53  0  1  106  46  10453  1  0  14  15  1  675  1779  769713  386665  0  8005  866  34  203353  178  16  0  18  5  0  112  2  0  473  3  0  2  0  0  3882  85842  113  361709  63  0  101  909  8660  0  2058  505  46  2  431  168348  331863  0  3195  0  5104  1  349  1  172890  86  2742  1721  18  2  70  3  76380  0  0  0  0  0  0  3  0  0  0  8  0  0  0  0  0  0  0  0  0  0  0  0  1  0  0  0  0  0  0  0  0  14  0  0  0  0  0  0  0  0  3  0  0  0  0  0  2  0  0  0  0  1  0  0  0  0  0  0  0  0  0  0  0  2  0  57  0  0  0  0  0  0  0  0  
0  232489  0  0  0  0  0  0  0  0  0  0  0  0  0  0  1  0  433708  0  128814  699  177  0  4  1  0  0  0  0  0  0  5  3  0  0  6465  63185  0  0  2  3  58  155  0  0  0  257  4  24  38625  0  0  0  0  0  79505  6503  0  30515  191826  0  5  0  0  0  0  1  0  0  0  286605  136541  0  0  0  0  0  0  0  0  0  0  0  0  0  0  0  0  0  0  0  0  0  0  0  0  0  0  0  0  0  0  0  0  0  0  0  0  0  0  0  0  0  0  0  0  0  0  0  0  0  0  0  0  0  0  0  0  0  0  0  0  0  0  0  0  0  0  0  0  0  0  0  0  0  0  0  
0  57605  0  0  0  0  0  0  0  45  0  0  0  0  0  0  3  29  8  0  530413  46  99  0  0  1  0  0  0  0  0  4  1  1  0  0  494380  11371  0  0  4  0  70183  21  0  0  0  127  8  167880  160  0  0  0  0  0  14  1  26871  0  177526  0  30  0  0  2  0  1  0  1  0  208052  471  1  0  0  0  0  0  0  0  0  0  21  0  0  0  0  0  0  0  3  0  0  3  5  50  0  0  0  0  0  0  0  0  1  0  0  0  0  0  0  0  0  38  0  0  3  0  0  4  8  0  0  0  0  0  0  0  0  0  0  0  0  0  0  0  0  0  2  0  0  0  0  0  0  1  0  
2  29320  0  0  0  5  0  0  0  384  0  0  0  0  0  0  28  200  27064  1  550583  760457  379067  6  2211  227  0  0  1  0  0  46  2  4  25  2  12502  11113  0  0  2790  583  101240  105586  0  0  1  1371  393  197409  228488  13  1  0  4  27  78392  3596  188021  73295  0  0  659  0  248  10  3  3  0  0  0  283735  356497  1  0  1  0  0  0  1  0  0  0  118  0  0  0  1  0  0  2  15  0  0  59  104  209  2  3  0  0  0  0  0  2  4  8  0  0  0  0  0  0  0  157  18  3  58  0  0  22  37  2  0  15  2  0  0  0  1  0  0  0  0  24  0  6  2  0  4  0  0  0  0  0  0  5  1  
97186  0  0  0  292  16  0  0  1  0  0  72  555  174651  86526  0  1  12  0  0  0  0  2  237591  1  19  0  0  1  0  7  378  0  0  0  0  0  0  32908  30  213  0  0  0  14  0  3146  2  442  0  0  73173  6  0  0  18  0  0  0  0  0  0  4268  16922  1  14  2  284  1  0  1  0  8  0  0  0  0  0  0  0  0  0  0  0  0  0  0  0  0  0  0  0  0  0  0  0  0  0  0  0  0  0  0  0  0  1  0  0  0  0  0  0  0  0  0  0  0  0  0  0  0  0  0  0  0  0  0  0  0  0  0  0  0  0  0  0  0  0  0  0  0  0  0  0  0  0  0  0  
112886  1  0  0  4145  86165  0  0  2  104  0  215  1  4111  88  16  32698  252590  7  0  229  110  66308  614983  3  143  0  0  5  1  497335  440533  5  0  150  3  0  6  3127  226  433  0  487  28  31  0  89820  19650  10784  0  0  7833  319  3  0  14  3  9  30  25  139  938  0  156541  3  148  44  545  52  118535  3  87  1097  4  0  0  0  0  0  23  0  0  0  37  0  0  0  0  0  0  0  3  0  0  46  23  69  12  2  0  0  0  0  0  5  117  1  0  0  0  0  0  1  0  16  1  0  9  0  0  15  5  0  0  0  16  0  0  0  1  0  0  0  0  17  0  4  7  0  159  0  0  0  1  0  0  2  0  
84405  0  0  1  1248  3830  0  0  0  4  0  297  5106  89294  110  11  426  706  1  0  2  2  344  939072  0  50  0  0  1  0  1563  14971  0  1  4  0  0  1  214611  361  116  0  28  2  41  0  73890  53  988  0  0  831  149  1  0  6  0  0  0  0  3  24292  344817  0  2  47  6  446  25  12442  1  2  29  0  0  0  0  0  0  1  0  0  0  0  0  0  0  0  0  0  0  0  0  0  0  2  2  0  0  0  0  0  0  0  0  7  0  0  0  0  0  0  0  0  1  0  0  0  0  0  0  0  0  0  0  0  0  0  0  0  0  0  0  0  0  0  0  0  0  12  0  0  0  0  0  0  0  0  
163  29  0  0  54  384  169  13  3778  485  449854  6  0  28  4  10  298  1849  23941  430943  0  14950  867  44  22470  112  206509  6  254  404021  0  61  1  0  151  0  0  1  2  0  2673  298  56  367641  2077  35  37  567  3523  0  2  296  14  119  264  567778  1380  170892  1  0  193  2  355  6  0  13631  31759  2900  91  1  30521  0  69227  1  0  0  0  0  0  3  0  0  3  5  18  0  0  0  0  0  0  0  0  0  0  0  1  0  0  0  0  0  0  64136  0  4  0  0  0  0  0  0  0  0  0  0  0  0  0  0  3  0  0  0  0  4  0  0  0  0  0  0  0  0  0  0  0  1  49  32  0  0  0  0  691  0  0  0  
2458  0  4  0  779  227951  267003  176782  615300  294919  0  0  0  4  19785  601  1957  8776  21  0  0  86  1923  9  13  111  487  55  3785  58193  5  23192  2  0  154  0  0  14  1  0  234  0  3067  5022  13886  10226  233  1268  4790  0  0  54316  10345  19901  0  4688  0  42  0  0  1  3  934  61  9198  0  17183  3763  47408  156  43013  44  491  0  69  0  3  0  73  34434  2391  804  5637  22114  0  317  0  85  85  212  0  79  0  0  2  1  224  220  8  13  0  0  552  49  6  1318  2  0  0  0  0  0  111  14  205  0  1  11  1142  29  809  61  48  0  0  2487  173  2246  76  38  0  1  0  0  0  7  46  398  1  401974  104  716  48  14  1382  1  9  2  
506  1  19047  25  112  130  908  267  50141  103  0  33  0  88  32  17  2549  4918  70  9  0  14  3890  220  553  579632  385696  557761  5947  2610  2  164  2  0  1277  235  0  3  9  1  25230  14  325  229  195689  63407  56  4629  17530  0  0  855  54  233  49  425217  76  4803  0  0  5  19  1190  12  5988  169678  0  15745  598  4  5987  2  2710  1  0  0  0  0  0  3  4  0  0  5  0  0  0  0  0  4  0  0  0  0  0  0  2  1  0  0  0  0  7  0  0  14  0  0  0  0  0  0  0  0  3  0  0  0  15  0  4  1  0  0  0  3  0  36  0  0  0  0  0  0  0  0  0  2  0  73  0  0  1  0  0  0  0  0  
22592  0  0  73022  4520  1610  210  58  403  124  0  326539  2  4645  143033  157  8512  21062  6  1  0  7  6010  7991  1998  5575  17  321  757045  51  40  1643  20  0  5156  12  0  4  331  418  52154  4  1459  84  284962  2  708  13354  126384  0  0  495895  801  437  347  9638  14  1030  1  0  5  881  24321  532  2133  1703  9141  0  256678  21  746  15  5339  5  0  0  0  0  0  2  0  0  0  26  0  0  0  1  0  0  0  0  0  0  1  1  19  0  0  0  0  0  1  0  0  10  1  0  0  0  0  0  2  0  9  0  0  3  0  0  1  2  0  0  0  1  0  0  0  0  0  0  0  0  0  0  0  0  0  27  0  1  0  0  0  0  0  0  
174  0  13  1  217  16032  8106  70782  5946  17  0  0  0  0  163381  117645  264  1162  2  0  0  0  367  0  2  80  2227  2  685737  25  0  33  2  0  128  0  0  0  0  1  49  0  56  3  184434  13045  7  379  1180  0  0  16711  3956  359455  0  18067  0  13  0  0  0  1  87  15  276  45335  8960  217390  0  3  919  0  43  0  1  0  0  0  0  26  27  9  15  0  0  2  0  2  0  5  0  1  0  0  0  0  0  1  0  0  0  0  45  0  0  2  0  0  0  0  0  0  1  0  1  0  0  0  104  4  6  1  6  0  0  13  1  139  4  1  0  0  0  0  0  0  0  1  0  318  5  9  1  0  4  0  0  0  
186553  0  0  0  133682  452874  0  0  0  4  0  0  0  1  32  129957  34  338  3  0  2  2  28  11086  0  1  0  0  0  0  363185  210503  0  0  3  0  0  0  0  0  9  0  6  6  0  0  103  67  719  0  0  174  64  0  0  0  0  0  0  0  0  0  147481  14971  0  125  2  6  12  0  0  0  44  0  28  0  0  0  0  1713  0  0  0  2  0  0  0  1  0  0  0  1  0  0  0  1  3  12  0  0  0  0  0  0  39942  737  0  0  0  0  0  0  1  0  3  0  0  0  0  0  16  1  0  0  0  3  0  0  0  0  0  0  0  0  0  0  11  4  0  312  0  0  0  8624  0  0  0  0  
340  0  2458  0  38  7006  17473  59  196654  7  3  15  0  56  9  8  183  343  0  0  0  16  223  130  47  23  127673  3  566  727677  0  31  0  0  102  0  0  0  3  2  2731  1  20  12  4023  73975  10  212  1464  0  0  601  26  56  51  378698  0  33  0  0  0  19  414  12  121342  27513  52840  7536  553  0  0  0  179  0  0  0  9  0  0  0  2  6  2843  2  0  0  0  0  0  0  0  0  0  0  0  0  0  0  0  0  3  0  0  1748  0  0  0  0  0  0  0  0  0  0  0  0  0  0  0  54  0  0  0  0  0  0  0  0  0  0  0  0  0  0  0  0  0  0  0  87  0  1  0  0  1408  0  0  0  
0  126531  0  0  0  0  0  0  0  1  0  0  0  0  0  0  1  0  1170  0  196421  7  3463  0  0  1  0  0  0  0  0  0  1  46  131  0  1093435  1131433  0  0  1  0  111716  0  0  0  0  7520  0  31937  581  0  0  0  0  0  20  8  330654  286436  174141  0  3  0  0  0  0  0  0  0  0  0  159318  0  0  0  0  0  0  0  0  0  0  0  0  0  0  0  0  0  0  0  0  0  0  1  2  0  0  0  0  0  0  0  0  0  0  0  0  0  0  0  0  0  2  0  0  0  0  0  0  0  0  0  0  0  0  0  0  0  0  0  0  0  1  0  0  0  0  0  0  0  0  0  0  0  0  0  
841  371  0  4  213  117  3  0  52  84  1  17  0  191  37  2  3561  9290  494181  11  6216  10808  74548  270  1060789  295045  158  1  7  224  1  828  42700  630235  161644  40052  8166  1167892  10  2  162580  72  232284  51176  81  1  94  686890  91152  3464  1196  7518  98  9  128494  42073  12501  41178  140833  3013  418888  56  4676  40  24312  110  1887  6201  49  5  927  176833  0  5036  0  0  0  0  0  5  0  0  0  32  0  0  0  0  0  0  0  0  0  0  5  6  34  0  1  1  0  0  0  0  0  14  0  0  0  0  0  0  0  0  14  0  0  6  0  0  4  1  0  0  0  0  0  0  0  0  0  0  0  0  2  0  1  1  0  58  0  0  0  0  0  0  0  0  
2  0  0  569  0  1  0  0  0  3  0  4  0  0  0  0  119  122  0  0  1  1  44  0  1  1189  0  0  0  0  0  20  172536  28443  3  168992  0  0  0  0  62600  0  81  4  0  0  0  6508  26  0  0  0  0  0  0  0  0  0  0  0  2  0  61  0  0  0  0  0  0  0  0  1  8120  0  0  0  0  0  0  0  0  0  0  4  0  0  0  0  0  0  0  0  0  0  0  1  4  0  0  0  0  0  0  0  0  0  0  0  0  0  0  0  0  0  1  0  0  1  0  0  0  1  0  0  0  0  0  0  0  0  0  0  0  0  2  0  0  0  0  0  0  0  0  0  0  0  0  0  
0  0  0  0  0  47  0  0  0  0  0  0  0  0  0  64  0  0  0  0  0  0  0  0  0  0  0  0  0  0  79  5  0  0  0  0  0  0  0  0  0  0  0  0  0  0  0  0  0  0  0  1  0  0  0  0  0  0  0  0  0  0  0  0  0  4  0  0  0  45  0  0  0  0  0  0  0  0  136980  150399  109  3  1  1  0  32  21  439  73885  40599  0  90  0  0  1  0  131  545968  1  2  0  1  41  0  20075  33  0  0  0  0  0  0  901  5  143  0  0  2  192  2  447  69  116  0  0  69419  271775  322  35  15  0  0  0  0  1  248439  25  895  0  1148  86  908  10  191118  1  0  1  0  
0  2  0  0  0  0  0  0  0  1  0  0  0  0  0  0  0  0  0  0  3  20  3  0  0  0  0  0  0  0  0  1  0  0  0  0  0  0  0  0  0  0  0  0  0  0  0  0  0  0  1  0  0  0  0  0  0  0  0  0  1  0  1  0  0  0  0  0  0  0  0  0  0  0  0  0  0  0  0  0  0  0  0  3  0  0  0  0  0  0  0  0  185444  0  246581  44  1  0  0  0  0  0  0  0  0  1  0  0  0  0  18660  19073  0  0  0  134883  1  4  0  0  0  0  0  0  301129  0  0  0  0  0  1478  0  124361  185603  93434  0  2  0  0  0  0  1  0  0  0  21781  567  0  
0  0  8283  0  0  0  1  267  114  0  0  0  0  0  0  1452  0  0  0  0  0  0  0  0  0  0  79  0  0  358  0  0  0  0  0  0  0  0  0  0  0  0  0  0  0  4529  0  0  0  0  0  0  0  0  0  0  0  0  0  0  0  0  0  0  0  2  0  0  1  0  7  0  0  0  0  0  0  0  0  1  73  62071  5019  0  0  0  0  0  0  221931  0  0  0  0  0  0  0  0  1  0  175862  118506  92777  144729  0  0  0  0  0  0  0  0  0  0  0  0  0  1  386235  378247  0  0  0  0  0  0  0  6  6  60  0  0  0  0  0  0  0  0  2  237  75154  0  638  0  56  0  0  0  
0  0  0  0  0  0  0  0  0  0  0  0  0  0  0  0  0  0  0  0  0  0  0  0  0  0  0  0  0  0  0  0  0  0  0  0  0  0  0  0  0  0  0  0  0  0  0  0  0  0  0  0  0  0  0  0  0  0  0  0  0  0  0  0  0  0  0  0  0  0  0  0  0  0  0  0  0  0  0  0  0  0  0  0  0  142774  0  5  1  0  14601  2247  0  0  0  0  3  2  55  325991  0  194497  94426  0  0  0  5090  7372  12207  2102  0  0  4  2  78761  0  1  0  188797  0  37  9044  230242  0  0  40  0  24  33  172  0  0  0  0  0  0  0  0  0  6  9879  86753  1  0  0  0  11  43  
0  0  0  0  0  0  0  0  0  0  0  0  0  0  0  89  0  0  0  0  0  0  1  0  0  0  0  0  0  0  0  1  0  0  0  0  0  0  0  0  0  0  0  0  0  0  0  0  0  0  0  0  0  1  0  0  0  0  0  0  0  0  1  0  0  4  0  0  1  0  0  0  0  0  107764  0  0  0  0  346978  192  7  1  0  0  52  0  15  190921  479694  0  121  0  0  0  0  166  182  0  1  0  0  42  0  0  9  1  0  0  0  0  0  58  2  181  0  2  0  282  0  590  84  66  0  0  14390  257664  30883  30  8  0  0  0  0  0  8  18  185  0  1034  82  2146  19  14907  2  0  0  0  
28  0  0  0  12  37236  1  0  4  2  0  0  0  0  26  2412  24  380  0  0  19  20  16  1  0  0  0  0  3  0  53  5295  0  0  0  0  0  0  0  0  4  0  4  1  0  0  66  4  344  0  1  65  28  40  0  0  0  0  0  1  2  0  65  1  0  20838  1  4  84  895  0  1  1  0  261668  1  3  0  389821  0  379989  1454  23  177  0  356  19  6219  12267  930053  2  1912  0  0  56  73  4741  263383  65  93  62  9  5520  0  6248  206717  24  0  2  10  0  1  23692  182  4594  1  34  386  6083  170  14407  1424  7676  0  0  83180  37896  311860  3426  1309  0  2  0  0  47  1532  182575  49295  4  818412  2171  19123  669  475082  43  4  202  46  
0  0  10  0  2  669  1187  376  711  0  0  0  0  0  183  608  1  5  0  0  0  0  0  0  0  0  0  0  50  37  0  10  0  0  0  0  0  0  0  0  0  0  0  0  3  295  0  1  4  0  0  116  11  782  0  0  0  0  0  0  0  0  0  0  0  4061  0  11  2109  2  10  0  0  0  626  0  111  0  627  332019  0  379118  12783  3  0  120  0  58  487  661341  1  222  1  0  1  0  285  218  10  34  759  5  53127  15  7  92  4  1  0  3  0  0  108  3  986  0  8  3  6229  18905  2013  154  92  0  0  38575  3895  337513  3503  3687  0  2  0  0  0  17  66  361  3  385658  2492  1981  13405  8  5038  0  4  0  
0  0  600  0  1  81  317  5997  1566  0  0  0  0  0  34  1074  0  1  0  0  0  0  0  0  0  0  0  0  4  56  0  5  0  0  0  0  0  0  0  0  0  0  0  0  11  1458  0  1  1  0  0  49  2  79  0  0  0  1  0  0  0  0  0  0  0  942  0  11  655  0  10  0  0  0  46  0  11781  0  19  1532  276138  0  56504  0  0  5  0  26  17  499442  2  16  0  0  0  0  21  54  2  8  2112  5  326511  138  0  54  0  0  0  0  0  0  33  0  69  0  0  2  62044  168274  102  11  307  0  0  517  93  25932  50  657  0  1  0  0  0  2  5  113  0  200613  1474  482  45542  3  2423  0  2  0  
0  0  543  0  0  7  2  154  18774  82  2  0  0  0  0  8  0  0  0  0  0  54  0  0  0  0  0  0  0  946  0  0  0  0  0  0  0  0  0  0  0  0  0  85  0  1773  0  1  1  0  0  0  0  0  0  0  0  0  0  0  0  0  0  0  12  10185  0  0  9  0  200  0  1  0  3  0  3385  0  1  30  12287  47022  0  115224  7  1  0  0  1  79  0  43  0  0  0  101  33  2  593  70  213  8  64  17290  0  1  1  0  0  16  0  0  0  0  127  0  1  13032  1153  162286  78  22  4  0  0  48  3  90  1724  10251  1  69  0  0  0  0  3  0  1359  342796  2742  5  7  0  319367  0  35  0  
1  0  0  0  0  1  0  0  177  9422  3  0  0  0  0  0  61  235  4  0  43  369  1301  0  3  7  0  0  1  26  0  15  1  0  3  0  0  1  0  0  135  0  82  104  2  0  0  353  69  0  1  0  0  1  0  2  0  4  0  3  13  0  64  0  3  14286  2  0  1  0  6  1  68  1  2  0  0  0  4  102  6  0  165280  0  6387  0  0  10  3  2  14  609  3  0  4  2001  40963  100  893  5814  7  0  2  100843  31  509  9  0  4  1103  0  0  32  0  12502  0  20  193782  106  2  2910  347  175  0  0  83  8  7  1207  3199  4  100  1  0  7  0  115  139  40708  178978  384  12  0  1  47313  0  177  4  
0  0  0  0  0  0  0  0  3  0  24369  0  0  0  0  0  0  0  3  3877  0  2791  0  0  0  0  154  0  0  322  0  0  0  0  0  0  0  0  0  0  0  3651  0  3790  0  0  0  0  0  0  0  0  0  0  0  0  0  0  0  0  0  0  0  0  10  0  0  0  0  0  0  0  0  0  0  0  0  0  0  0  0  0  8  4196  0  0  0  0  0  0  0  0  0  643648  0  116324  0  0  17  0  4170  0  0  18086  0  0  0  0  0  0  0  0  0  0  0  247786  0  403455  0  0  0  0  0  0  0  0  0  0  0  3123  13  2117  0  0  0  0  0  0  268727  1  0  0  0  0  28  0  0  0  
0  0  0  0  0  0  0  0  0  0  0  0  0  0  0  0  0  0  0  0  0  0  0  0  0  0  0  0  0  0  0  0  0  0  0  0  0  0  0  0  0  0  0  0  0  0  0  0  0  0  0  0  0  0  0  0  0  0  0  0  0  0  0  0  0  0  0  0  0  0  0  0  0  0  56  0  0  146226  36  175  68  0  0  0  0  0  24  89292  115  4  705  39604  0  0  0  0  543  4581  0  15  0  382  57804  0  0  10  6  176  2798  2  0  0  683  119728  74  0  143  0  11538  0  58226  359  518223  0  0  316348  55  21  3  2  0  0  0  0  0  1  17  102  0  147  43  367010  1  1  0  1  3  0  
0  0  0  0  0  0  0  0  0  0  0  0  0  0  0  0  0  0  0  0  0  0  0  0  0  0  0  0  0  0  0  1  0  0  0  0  0  0  0  0  0  0  0  0  0  0  0  0  0  0  0  0  0  0  0  0  0  0  0  0  0  0  0  0  0  0  0  0  0  0  0  0  0  0  1  0  0  0  0  120  0  0  0  1  0  37  0  34911  0  0  0  1  0  0  1  1  9  274144  0  0  0  0  0  0  0  25  0  180  193  0  0  0  117875  14  1  0  0  3  0  0  30680  98  22  0  0  35  0  0  0  0  0  0  0  0  0  66998  1039  33623  0  11  0  0  0  10  0  0  0  0  
0  0  0  0  0  0  0  0  0  0  0  0  0  0  0  0  0  0  0  0  1  0  0  0  0  0  0  0  0  0  0  18  0  0  0  0  0  0  0  0  0  0  0  0  0  0  0  0  0  0  0  1  0  0  0  0  0  0  0  0  0  0  0  0  0  0  0  0  0  0  0  0  0  0  1842  0  0  22  7  9273  2  0  0  8  0  119496  36585  0  187  7  0  252  0  0  1  2  123  94369  2  2  0  0  83  0  3  154  0  0  1  0  0  0  274143  191946  25  0  3  9  41  0  49788  5  107856  0  0  451045  36  15  0  1  0  0  0  0  3  75198  67  4101  0  232  28  659  1  61  0  0  12  6  
0  0  0  0  0  0  0  0  0  0  0  0  0  0  0  0  0  0  0  0  0  0  0  0  0  0  0  0  0  0  0  0  0  0  0  0  0  0  0  0  0  0  0  0  0  0  0  0  0  0  0  0  0  0  0  0  0  0  0  0  0  0  0  0  0  15  0  0  0  0  0  0  0  0  62238  0  0  12  194718  8844  447  1  1  0  0  50  0  316  0  59095  1  46  0  0  0  0  69  40294  2  6  0  5  68032  0  1  9  0  0  0  0  0  0  40  1  98  0  1  1  5570  0  288  41  32  0  0  1122004  1444058  571056  18  10  0  0  0  0  0  116106  12  131  0  834  59  473728  100306  0  0  0  0  0  
0  0  728  0  1  163  459  2848  23  0  0  0  0  0  16  24152  0  0  0  0  0  0  0  0  0  0  0  0  3  3  0  3  0  0  0  0  0  0  0  0  0  0  0  0  2  485  0  0  0  0  0  6  1  79  0  0  0  0  0  0  0  0  0  0  0  141  0  0  258  1  1  0  0  0  38719  0  217176  0  424675  1101306  750244  559464  244  0  0  8  0  8  129888  0  0  31  0  0  0  0  38  95  1  2  126  1  56108  24  1  7  0  0  0  0  0  0  15  0  124  0  0  0  9533  34829  329  14  15  0  0  4393  4340  1076333  603  244  0  1  0  0  0  3  12  66  0  18682  254  1237  116893  218796  130  0  1  0  
0  0  0  0  0  0  0  0  0  1  0  0  0  0  0  0  0  0  0  0  1  0  1  0  0  0  0  0  0  0  0  0  0  0  0  0  0  0  0  0  0  0  0  0  0  0  0  0  0  0  0  0  0  0  0  0  0  0  0  0  0  0  0  0  0  0  0  0  1  0  0  0  0  0  2  0  0  5320  4  32  6  13  0  3  0  1647  0  380  2  0  0  534017  1  0  3  3  149133  11838  5673  8420  0  8  137  0  14  88  5102  58  79811  303  0  31  51  41  71585  0  10223  28  2179  0  15979  361142  33577  0  2  39  3  224  554  731  51  3  121  1  200  0  62  51  1  53  457  43  3  0  4  134  4396  559  
0  0  0  0  0  0  0  0  1  15  0  0  0  0  0  0  0  5  0  0  1  3  24  0  0  1  0  0  0  0  0  6  0  0  0  0  0  0  0  0  1  0  0  2  0  0  0  5  0  0  0  0  0  0  0  0  0  0  0  0  1  0  4  0  1  1  0  1  5  0  0  0  1  0  73  0  0  7192  63  596  69  33  0  20  0  65361  16  7625  69  16  375215  0  1  0  6  7  171400  70486  23827  1032  0  2  489  0  38  313  1169  12  33694  174  0  17  2661  7014  37248  1  12559  72  9039  4  313928  31837  251652  0  4  1188  104  520  2495  2842  97  12  175  1  253  7  804  1603  8  601  3809  1027  44  10  24  187  11013  1036  
0  0  0  0  0  0  0  0  0  0  0  0  0  0  0  0  0  0  0  0  0  0  0  0  0  0  0  0  0  0  0  0  0  0  0  0  0  0  0  0  0  0  0  0  0  0  0  0  0  0  0  0  0  0  0  0  0  0  0  0  0  0  0  0  0  0  0  0  0  0  0  0  0  0  0  228379  0  0  0  0  0  0  0  0  0  0  0  0  0  0  2  41  0  93135  104  1963  17  0  193996  8  1  0  0  0  0  0  0  0  0  6  3  43728  0  0  57  265559  1  11977  1  0  38  13  8  0  106709  0  1  0  5  21714  981108  575273  267004  2  9315  0  2  1  44  0  2  1  0  0  19  244  209688  0  
0  0  0  0  0  0  0  0  0  0  1353  0  0  0  0  0  0  0  0  2254  0  0  0  0  0  0  1668  0  0  1707  0  0  0  0  0  0  0  0  0  0  0  12  0  8  0  0  0  0  0  0  0  0  0  0  0  1  0  0  0  0  0  0  0  0  0  0  0  0  0  0  0  0  0  0  0  0  0  0  0  0  0  0  0  0  525644  0  0  0  0  0  0  0  114079  0  0  25202  0  0  1245  0  100038  0  0  109033  0  0  0  0  0  0  0  2  0  0  0  311492  0  223241  0  0  0  1  0  0  155  0  0  0  0  165376  57018  595306  4  0  86  0  0  0  413183  0  0  0  0  0  2364  0  51  0  
0  2  0  0  0  0  0  0  0  23  0  0  0  0  0  0  1  4  0  0  67  92  86  0  0  8  0  0  0  0  0  12  0  0  0  0  0  0  0  0  10  0  5  4  0  0  0  17  5  0  0  0  0  0  0  0  0  0  1  3  34  0  146  0  0  0  0  0  0  0  0  1  33  2  2  303608  0  0  0  138  0  0  0  23  0  0  2  19  0  0  0  12  411  0  0  442  72067  146  5  4  0  0  1  0  101  699  6  0  0  1  65072  1188  29  0  126  33662  7826  101  0  0  391  39  2  181819  105473  119  0  0  0  2  6397  0  34761  586788  756905  1  386  209  0  145  1  5  0  1  0  782  15824  6  
0  157  0  0  0  0  0  0  3  47  30  0  0  0  0  0  3  17  0  1  406  3195  119  0  0  6  0  0  0  2  0  19  0  0  0  0  0  0  0  0  14  130  11  176  0  0  0  22  6  0  89  0  0  0  0  0  0  2  1  5  85  0  69  0  1  4  1  0  0  0  0  0  15  2  4  60  0  0  0  246  0  0  451  8310  61637  0  4  37  0  0  13  195  2937  11550  585  0  66051  377  43  50  0  0  0  323  180  1556  21  1  0  54  0  220  38  0  7781  532694  16  710165  3  0  904  239  27  0  133616  181  4  0  2  34  8669  55698  1955  0  746441  3  674  334  4221  466  9  5  0  5  30  1342  4903  104  
0  2  0  0  0  2  0  0  0  481  0  0  0  0  0  0  36  180  2  0  88  265  726  0  2  8  0  0  0  0  0  152  1  0  1  0  0  2  0  0  90  0  185  67  1  0  3  341  70  0  0  1  0  0  1  1  0  3  4  4  30  0  121  1  2  21  0  0  0  0  0  9  94  0  36  6  0  0  7  2582  6  0  45  45110  0  2788  29  1025  4  2  72899  277645  14  0  97781  52757  0  102586  1193  653  1  0  1  6  1751  15134  764  461  134674  1387  30205  3143  435  73  59551  4  458597  63459  104  0  266660  42666  407  140281  14  1438  34  17  118  495  132  99  2258  5061  546754  8  102503  4402  218  4164  238  38  3  62  154  15146  91920  2464  
2  0  0  0  0  26  0  0  0  3  0  0  0  0  0  1  2  29  0  0  12  19  5  1  0  1  0  0  0  0  38  53  0  0  0  0  0  0  0  0  0  0  2  1  0  0  4  3  32  0  0  1  0  0  0  0  0  0  0  0  3  0  22  0  0  6  0  0  0  34  0  0  1  0  525439  0  0  0  52  253637  4  0  0  189  0  9704  321929  78152  40312  11  175  77127  0  0  98  92  149511  0  26  12  0  0  12  0  166874  33040  27  359  2173  5  0  23  41146  347  830  1  4880  422  15  0  336519  676  482  0  1  67479  895  7  3  10  3  0  4  0  275  498960  790147  1032187  1  1224  8  82  1  274004  1  31  467  48  
0  0  0  0  0  0  0  0  0  0  0  0  0  0  0  0  0  1  0  0  0  0  0  0  0  0  0  0  0  0  0  0  0  0  0  0  0  0  0  0  0  0  0  0  0  0  0  0  0  0  0  0  0  0  0  0  0  0  0  0  0  0  0  0  0  1  0  0  0  0  0  0  0  0  5  1  0  3  1  39  14  0  641  74  4  3  0  5  3  1  820  5313  230626  290  3  87  2307  53  0  479973  590  2  4  29  0  15  26  103205  3  112903  3  15912  112  0  32952  45  47  11130  285  3  3933  2620  10720  0  32  32  14  13  226477  738928  1075  119141  144  0  1435  0  13  34  7322  273  972  50  0  0  67264  1  757913  15  
0  0  0  0  0  0  0  0  0  0  0  0  0  0  0  0  0  1  0  0  0  0  0  0  0  0  0  0  0  0  0  0  0  0  0  0  0  0  0  0  0  0  1  0  0  1  0  2  1  0  0  0  0  0  0  0  0  0  0  0  0  0  0  0  0  2  0  0  4  0  0  0  0  0  15  0  0  389522  12  136  26  15  130  66  0  39  0  25  17  5  12004  5376  45  2  0  83  2974  163  460475  0  369  105043  428  4  3  25  40286  18171  19  433661  1  43  643  0  694166  2  79  596  84956  0  11160  4058  74568  0  11  195  17  765  364340  45130  52  605  10  0  1188  3  49  154  388  276  762120  1171  52  0  2651  3  24290  10261  
0  0  2  0  0  0  0  0  1  0  179  0  0  0  0  0  0  0  0  110  0  0  0  0  0  0  299  0  0  397  0  0  0  0  0  0  0  0  0  0  0  0  0  1  0  1  0  0  0  0  0  0  0  1  0  0  0  0  0  0  0  0  0  0  0  4  0  0  11  0  2  0  0  0  5  0  110869  0  1  74  4840  10209  2904  13  515  0  0  0  1  93  0  7  2  91595  0  0  1  4  489  471  0  77976  3071  1039073  0  2  0  0  0  2  0  0  1  0  13  0  0  17  14639  86044  11  2  5  0  0  36  9  112  1076  674456  0  31  0  0  0  0  0  2  13946  4532  385906  10  8  0  149237  0  14  0  
0  0  0  0  0  0  0  0  0  0  0  0  0  0  0  0  0  0  0  0  0  0  0  0  0  0  0  0  0  0  0  0  0  0  0  0  0  0  0  0  0  0  0  0  0  0  0  0  0  0  0  0  0  0  0  0  0  0  0  0  0  0  0  0  0  1  0  0  1  0  0  0  0  0  1  0  111343  267422  0  10  27  291  58  0  0  53  0  1  4  4  3  44  0  0  0  0  30  8  26  98806  77171  0  39699  269  0  1  8  39  14  2  0  0  5  0  1665  0  2  1  1221757  16331  186  28  434  0  0  18  1  18  186  647  0  1  0  0  0  0  2  2  25  1523  846343  13  0  0  188  0  0  0  
0  0  0  0  0  2  0  0  10  0  0  0  0  0  4  0  0  1  0  0  0  0  0  0  0  0  0  0  1  0  0  1  0  0  0  0  0  0  0  0  0  0  0  0  0  1  0  0  1  0  0  6  1  20  0  0  0  0  0  0  0  0  0  0  0  44  0  2  120  0  0  0  0  0  48  0  57049  151090  23  1619  6902  165097  312  1  0  52319  0  39  82887  13513  2  328  0  0  0  0  218  77  6  767  1229  20492  0  192  1  14  3  0  1  0  0  0  543  3  494  0  6  1  1401836  12678  1609  212  7508  0  0  65125  306  25573  176  161  0  0  0  0  1  1  14  97  0  3095  1956  581514  567715  0  243  0  1  0  
0  0  2017  0  0  0  0  0  253  24  32382  0  0  0  0  0  0  0  0  475  0  11608  0  0  0  0  4302  0  0  65004  0  0  0  0  0  0  0  0  0  0  0  0  0  6530  0  218  0  0  0  0  0  0  0  0  0  0  0  0  0  0  0  0  0  0  6584  41  0  0  0  0  1196  0  0  0  0  0  116738  0  0  7  195  2345  19372  99310  31362  0  0  0  0  12  0  4  0  55234  0  130  3  1  29  10  1123877  477  490  0  0  0  0  0  0  1  0  0  1  0  23  0  1  26932  910  329843  5  1  0  0  0  3  1  1  3  74494  0  565  0  0  0  0  0  0  428060  243  9124  0  1  0  641926  0  2  0  
91  1  0  0  38  3799  0  0  0  9  0  0  0  0  2  19  28  245  0  0  33  43  13  356  0  0  0  0  0  0  8462  7439  0  0  0  0  0  0  0  0  5  0  2  0  1  0  87  4  627  0  0  53  3  0  0  0  0  0  0  0  8  0  187  4  0  44  1  2  2  12919  0  0  2  0  19691  3  0  0  1  13934  0  0  0  387  0  7  8  71  0  3  1  32  0  0  131  131  4636  156009  8  2  0  0  0  0  0  169950  23  0  0  0  0  0  85  0  321  2  12  880  1  0  1238  61  10  0  1  182  5  0  1  1  0  0  0  0  61  1  527558  1309  1  360  0  5  0  318034  0  1  26  15  
246  5  0  0  175  4243  0  0  0  38  0  0  0  0  7  3  179  2841  0  0  115  164  102  28  0  1  0  0  3  0  2648  44757  0  0  0  0  0  0  0  0  14  0  7  6  2  0  610  21  4152  0  1  292  24  2  0  1  0  0  0  5  40  0  797  14  0  2139  8  25  5  1836  0  0  16  0  115  3  0  0  36  208966  18  0  0  1260  0  11  28  3625  35  4  4  165  0  0  411  432  18515  25361  35  13  0  0  10  0  128973  0  53  0  2  6  0  6  4242  4  1382  4  17  2936  40  0  12813  213  111  0  6  8087  130  31  1  18  0  1  1  0  232  51  301379  21478  1  187557  31  264  6  118454  0  16  326  61  
0  0  0  0  0  0  0  0  0  6  0  0  0  0  0  0  0  1  0  0  2  1  4  0  0  0  0  0  0  0  0  3  0  0  0  0  0  0  0  0  2  0  0  1  0  0  0  3  0  0  0  0  0  0  0  0  0  0  0  0  0  0  1  0  0  1  0  0  0  0  0  0  0  0  4  0  0  9499  0  29  0  0  0  10  0  30  0  2  0  0  4473  2325  4  0  2  3  7168  55  169  34199  0  241  1  0  24  146  0  108748  53726  108589  0  4  7  0  170143  0  430  16  67  0  3162  219809  351  0  0  18  1  2  1  106  7  9  2  0  10  0  72  46  4  91  56  6  0  0  6  1  425  176527  
0  0  0  0  0  0  0  0  0  0  0  0  0  0  0  0  0  0  0  0  0  0  0  0  0  0  0  0  0  0  0  0  0  0  0  0  0  0  0  0  0  0  0  0  0  0  0  0  0  0  0  0  0  0  0  0  0  0  0  0  0  0  0  0  0  0  0  0  0  0  0  0  0  0  0  0  0  8678  0  0  0  0  0  0  0  475  301  0  0  0  62  6  0  0  0  2  326  1073  89208  23169  0  196  0  0  0  0  118634  0  651501  330048  11  63855  0  0  1851  0  126749  0  21  0  9  95034  33  0  0  0  0  0  0  0  0  0  2  0  920  0  0  0  0  2  0  0  0  0  0  76  690732  180717  
0  0  0  0  0  0  0  0  0  0  0  0  0  0  0  0  0  0  0  0  0  0  0  0  0  0  0  0  0  0  0  0  0  0  0  0  0  0  0  0  0  0  0  0  0  0  0  0  0  0  0  0  0  0  0  0  0  0  0  0  0  0  0  0  0  0  0  0  0  0  0  0  0  0  0  0  0  6988  0  0  0  0  0  0  0  1135  433  89  0  0  94445  48326  0  0  0  0  144490  5150  4  1  0  362  0  0  0  0  55498  637870  0  18  2  6844  2  10  322  0  238409  1  39  0  1293  359195  342  1  0  0  0  0  0  1  3  0  53  221  33  0  9  0  0  6  2  0  0  0  0  5957  366332  78995  
0  0  0  0  0  0  0  0  0  0  0  0  0  0  0  0  0  0  0  0  0  0  0  0  0  0  0  0  0  0  0  0  0  0  0  0  0  0  0  0  0  0  0  0  0  0  0  0  0  0  0  0  0  0  0  0  0  0  0  0  0  0  0  0  0  0  0  0  0  0  0  0  0  0  1  0  0  507  1  11  1  1  2  4  0  0  0  1  0  0  46  431  6  0  4  281  2042  3  83883  391153  0  16  1  0  1  8  115130  293846  31  0  0  4  2  0  412381  0  85  233  10  0  460  4879  2274  0  35  9  4  2  137043  18287  37  23  33  1  14209  0  6  5  5  16  1051  2  0  0  157  27  37126  276331  
0  0  0  0  0  0  0  0  0  0  0  0  0  0  0  0  0  0  0  0  0  1  0  0  0  0  0  0  0  0  0  0  0  0  0  0  0  0  0  0  0  0  0  0  0  0  0  0  0  0  0  0  0  0  0  0  0  0  0  0  0  0  0  0  0  0  0  0  0  0  0  0  0  0  0  9753  0  0  0  0  0  0  0  0  0  0  0  0  0  0  0  0  0  0  53837  0  9607  0  1  0  0  0  0  0  0  0  0  2  1  0  0  354670  0  0  0  0  259773  0  0  0  0  2  0  593677  0  1  0  0  0  0  0  0  27954  571906  5080  0  0  0  0  0  0  0  0  0  0  894765  102013  0  
0  0  0  0  0  0  0  0  0  0  0  0  0  0  0  0  0  0  0  0  0  0  0  0  0  0  0  0  0  0  0  0  0  0  0  0  0  0  0  0  0  0  0  0  0  0  0  0  0  0  0  0  0  0  0  0  0  0  0  0  0  0  0  0  0  0  0  0  0  0  0  0  0  0  0  14339  0  0  0  0  0  0  0  0  0  19  0  3  0  0  85  100  5115  0  1025  80  9101  11  12345  8  0  0  0  0  0  3  2  63878  6754  0  343101  0  0  1  57  62  421775  473  0  0  22  478  2  28702  208  0  0  0  4  3  3070  77  131741  76049  16214  0  1  0  2  0  0  0  0  0  0  825270  1114401  5  
0  0  0  0  0  1  0  0  0  1  0  0  0  0  0  0  1  8  0  0  0  4  0  0  0  0  0  0  0  0  0  40  0  0  0  0  0  0  0  0  0  0  0  0  0  0  1  2  7  0  0  0  0  0  0  0  0  0  0  0  0  0  1  0  0  0  0  0  0  0  0  0  0  0  12020  0  0  0  98  49204  38  0  0  38  0  4226  120503  267499  68  26  0  195  0  0  8  11  569  106110  4  8  0  0  126  0  11  1250  2  3  0  0  0  0  0  6508  193  0  2  89  163  0  54218  45  95170  0  0  50156  319  104  6  9  0  0  0  0  10  36935  4788  105411  0  989  96  1556  20  781  0  0  57  7  
0  0  0  0  0  0  0  0  0  0  0  0  0  0  0  0  0  0  0  0  0  0  0  0  0  0  0  0  0  0  0  0  0  0  0  0  0  0  0  0  0  0  0  0  0  0  0  0  0  0  0  0  0  0  0  0  0  0  0  0  0  0  0  0  0  0  0  0  0  0  0  0  0  0  126  0  0  10  4  373  13  0  0  0  0  154834  2  165997  9  0  0  14041  0  0  0  0  45  448  0  1  0  0  23  0  1  4  0  0  1  0  0  0  6776  0  20  0  0  0  29  0  4044  7  128811  0  0  9704  8  1  1  0  0  0  0  0  0  1  2  178  0  22  13  539  1  6  0  0  0  0  
0  0  0  0  0  1  0  0  0  93  0  0  0  0  0  0  9  42  0  0  6  27  82  0  0  1  0  0  0  0  0  23  0  0  0  1  0  0  0  0  21  0  11  13  1  0  1  84  11  0  0  0  1  0  0  0  0  0  0  0  2  0  26  0  0  22  0  0  3  1  0  0  8  0  131  3  0  54056  123  1285  169  14  161  3566  0  100  5  165  101  26  48502  89338  98  0  24  1322  131069  2815  42405  554600  4  15  354  24  150  1260  176619  2674  588  338368  1  24  428  3  0  7  7092  2889  23499  4  91957  175034  210535  0  213  1063  265  1693  14877  25863  359  631  481  2  53109  15  1014  1943  478  2277  134438  746  49  12  2294  469  27423  113934  
0  135  0  0  0  0  0  0  0  2  822  0  0  0  0  0  0  1  1  146  51  1375  10  0  0  0  0  0  0  0  0  0  0  0  0  0  0  0  0  0  1  1943  0  254  0  0  0  3  0  0  72  0  0  0  0  0  0  0  0  0  4  0  5  0  0  0  0  0  0  0  0  0  0  0  0  163784  0  0  0  1  0  0  0  5  231501  0  0  0  0  0  0  2  266491  207744  15912  542650  2  1  9  0  0  0  0  0  1  1  0  0  0  0  0  62  0  0  21  0  0  482438  0  0  3  1  0  0  404212  0  0  0  0  34  244007  50003  2499  0  11952  0  0  1  11  0  1  0  0  0  0  2  1019  0  
0  0  0  0  0  0  0  0  0  2  0  0  0  0  0  0  0  0  0  0  0  0  2  0  0  0  0  0  0  0  0  0  0  0  0  0  0  0  0  0  0  0  0  0  0  0  0  0  0  0  0  0  0  0  0  0  0  0  0  0  0  0  0  0  0  1  0  0  0  0  0  0  0  0  0  0  0  0  0  5  0  0  0  2  0  1277  1  317  0  0  5999  14050  0  0  11970  2  327668  2579  28  18  0  0  0  0  2  15  96  132340  166931  188  144061  347657  17  29  2545  0  0  4  5  0  2335  25749  55  98035  1  2  0  0  8  14  20  0  284  19576  15334  0  13  4  1  38  10  0  0  0  0  121709  222757  1757  
1  1  0  0  0  4  0  0  0  250  71  0  0  0  0  0  15  51  0  0  99  889  579  0  0  4  0  0  0  0  0  23  0  0  0  0  0  0  0  0  43  19  23  296  0  0  0  82  28  0  1  0  0  0  0  0  1  1  0  2  27  0  61  0  1  4  0  0  0  0  0  0  50  0  6  102  0  0  1  261  5  1  9547  186208  331118  1  0  24  1  0  53  801  26980  128348  155  870571  43584  208  7011  817  324  0  1  26556  144  1508  37  0  3  115  0  1289  47  0  13019  305790  18  0  160  3  1211  669  200  0  8179  153  6  3  75  22058  42788  371652  6223  0  33435  1  402  259  258357  2121  214  7  0  3  33097  283  114987  146  
1  0  0  0  0  2  0  0  12  3  0  0  0  0  4  1  0  5  0  0  0  1  2  0  0  1  0  0  0  0  0  5  0  0  0  0  0  0  0  0  1  0  0  0  4  0  0  3  1  0  0  14  2  6  0  0  0  0  0  0  0  0  1  0  0  115  0  2  84  0  0  0  0  0  313  0  387005  200931  273  2808  935  85571  1100  13  0  6455  1  154  4028  3615  198  3561  1  0  0  1  2397  672  3370  81002  13515  960804  1251995  338  3  121  35  1  2  19  1  1  2597  36  30516  0  49  23  0  411102  12941  2012  229747  0  0  3824  486  50772  9742  13768  0  18  0  0  2  9  168  892  368  23720  393990  154243  247884  7  3347  0  116  5  
0  0  2526  0  0  2  0  869  267  0  0  0  0  0  6  124  0  1  0  0  0  0  0  0  0  0  0  0  0  92  0  5  0  0  0  0  0  0  0  0  0  0  0  0  11  1875  0  0  3  0  0  32  3  18  1  0  0  0  0  0  0  0  0  0  0  160  1  7  132  0  4  0  0  0  42  0  264155  0  5  849  26109  232651  139129  10  0  0  1  24  3  35302  0  10  0  0  0  0  22  54  128  20  173474  11520  34761  244195  1  66  0  0  0  2  0  0  31  0  30  0  0  50  527758  0  62  4  67  0  0  206  56  259  738  20313  1  34  0  0  0  1  8  99  1231  84342  25028  49  19  1  102087  0  40  0  
0  0  0  0  0  0  0  0  0  17  0  0  0  0  0  0  1  8  0  0  34  56  24  0  0  0  0  0  1  0  0  85  0  0  0  0  0  0  0  0  4  0  4  2  0  0  1  11  6  0  0  2  2  0  0  0  0  0  0  2  14  0  40  0  0  14  0  0  4  2  0  1  7  0  426  2  0  2  300  5120  197  3  1  328  0  43103  41343  36761  286  42  259  150185  1  0  185  169  114182  317861  272  195  0  1  184  0  941  7894  483  4  149  28  0  18  65582  24471  10070  1  212  679  1996  2  0  4489  75160  0  1  10622  751  703  127  161  2  12  8  0  259  335  42529  79323  0  18801  1218  4803  112  158  17  51  1034  157  
0  0  0  0  0  0  0  0  0  4  0  0  0  0  0  0  1  0  0  0  1  2  5  0  0  0  0  0  0  0  0  4  0  0  0  0  0  0  0  0  0  0  0  0  0  0  0  0  0  0  0  0  0  0  0  0  0  0  0  0  0  0  1  0  0  0  0  0  1  0  0  0  1  0  3  1  0  3682  2  48  1  4  0  12  0  166  169  29  1  0  359743  155851  6  0  5  20  256088  4357  3562  444  0  34  38  0  37  259  170544  131880  356716  11842  0  422  34  2  215186  4  62565  81  786  1  18941  0  1314  1  10  55  11  57  187  828  356  13  3528  17  3781  0  151  117  2  180  354  24  3  2  4  7239  570672  326937  
0  0  0  0  0  1  0  0  3  3  0  0  0  0  0  0  2  0  0  0  0  3  1  0  0  0  0  0  1  0  0  18  0  0  0  0  0  0  0  0  0  0  0  0  2  0  0  0  1  0  0  3  0  4  0  0  0  0  0  0  0  0  0  0  0  11  0  1  26  0  0  0  0  0  1251  0  1  204817  498  14935  463  152  6  6  0  481124  51  77401  540  78  46030  210558  2  0  4  5  5911  11048  43396  12977  0  37  7733  0  17  402  204  53  1291  220  0  0  120333  93922  152880  0  67  29  242483  6  111950  8879  0  0  1  47896  1408  3834  31967  8061  14  24  0  0  16  44  957  8140  10  3114  117835  250378  448  102  49  1  1384  65  
0  0  0  0  0  0  0  0  0  0  0  0  0  0  0  0  0  0  0  0  0  0  0  0  0  0  0  0  0  0  0  0  0  0  0  0  0  0  0  0  0  0  0  0  0  0  0  0  0  0  0  0  0  0  0  0  0  0  0  0  0  0  0  0  0  0  0  0  0  0  0  0  0  0  0  0  0  0  0  0  0  0  0  0  0  0  0  0  0  0  0  0  0  0  159773  0  139965  0  0  0  0  0  0  0  0  0  0  0  0  0  318902  43217  0  0  0  0  217382  0  0  0  0  1  0  0  0  0  0  0  0  0  0  0  67  254802  178846  0  0  0  0  0  0  0  0  0  0  30912  6415  0  
0  49  0  0  0  0  0  0  0  6  0  0  0  0  0  0  2  0  0  0  113  261  18  0  0  0  0  0  0  0  0  3  0  0  0  0  0  0  0  0  0  0  1  0  0  0  0  3  1  0  13  0  0  0  0  0  0  0  0  2  26  0  13  0  0  1  0  0  0  0  0  0  1  0  0  243330  0  0  0  1  0  0  0  2  0  0  0  1  0  0  0  2  77225  77  79870  86508  12  3  2  0  0  0  0  0  0  9  0  0  0  2  0  141  0  0  19  371101  0  3508  0  0  3  1  0  0  0  2  0  0  0  10  59828  9041  41857  82  276947  0  2  0  0  0  0  0  0  0  0  2  1796  0  
0  0  0  0  0  12  2  0  4  3  0  0  0  0  18  0  1  20  0  0  4  11  2  0  0  0  0  0  7  0  0  361  0  0  0  0  0  0  0  0  1  0  1  0  0  0  4  2  19  0  0  7  4  45  0  0  0  0  0  0  1  0  9  0  0  274  0  0  121  2  0  0  0  0  23079  0  0  68  26605  127958  42174  70  46  74  0  266288  29  479828  1004509  5930  0  1065  0  0  32  19  3643  76820  12  58  4  12  65848  0  57  3937  18  0  5  2  0  3  90440  27266  2040  0  17  151  9191  22  9652  874  29851  0  1  0  208471  284211  347  137  0  2  0  0  29  275993  1596  54508  0  105811  1341  611960  133  423  34  8  76  20  
0  0  0  0  0  1  2  0  0  0  0  0  0  0  1  0  0  1  0  0  0  0  0  0  0  0  0  0  0  0  0  5  0  0  0  0  0  0  0  0  0  0  0  0  0  0  0  0  0  0  0  4  1  1  0  0  0  0  0  0  0  0  0  0  0  70  0  2  9  0  0  0  0  0  266004  0  0  0  266565  17241  4400  4  4  1  0  102  0  71  1700397  6100  0  167  0  0  0  0  214  1082  4  2  0  1  1447  0  2  54  1  0  0  2  0  1  231  4  304  0  4  1  1152  1  908  120  94  0  0  472185  0  331113  101  41  0  0  0  0  0  162567  48  1114  1  7250  206  1986  21  26  9  0  4  0  
0  0  0  0  1  132  42  0  48  0  0  0  0  0  233  12  1  1  0  0  0  0  0  0  0  0  0  0  71  0  0  9  0  0  0  0  0  0  0  0  0  0  0  0  11  1  0  0  1  0  0  84  13  911  0  1  0  0  0  0  0  0  1  0  0  1702  2  8  3259  0  8  0  0  0  1098  0  14  0  57502  255733  219759  17730  391  5  0  119  0  104  669236  1203253  2  664  0  0  0  0  720  435  18  49  29  3  63174  0  3  132  4  0  0  2  0  0  279  3  2065  0  12  8  73659  597  5209  435  447  0  0  365198  311276  0  2170  873  0  2  0  0  1  22  171  746  0  54307  1380  196624  152426  6  307  1  13  0  
0  0  0  0  0  1  0  0  0  0  0  0  0  0  0  0  0  0  0  0  0  1  1  0  0  0  0  0  0  0  0  1  0  0  0  0  0  0  0  0  1  0  0  0  0  0  0  0  0  0  0  0  0  0  0  0  0  0  0  0  0  0  0  0  0  3  0  0  1  0  0  0  0  0  36  0  0  2  27  502  185  5  5936  55  0  10  1  27  23  13  185  3020  5  0  0  0  2452  163  219557  354914  272  9  78  6  1  22  30  0  10  195580  0  33  282  0  11961  1  87  100  3136  15  11694  2085  15074  0  5  187  79  115  0  204383  10  115  5  0  180  3  84  286  141  1085  61907  137  2  2  4380  0  95235  9  
0  0  0  0  0  1  0  0  1  1  0  0  0  0  0  0  0  0  0  0  0  0  2  0  0  0  0  0  0  0  0  3  0  0  0  0  0  0  0  0  0  0  0  0  1  0  0  0  0  0  0  4  0  2  0  0  0  0  0  0  0  0  0  0  0  11  0  0  10  0  0  0  0  0  55  0  2  13  25  636  2564  713  60685  173  477  11  0  37  18  26  868  9160  12140  119225  0  10  3559  145  554592  33849  662215  94  16124  115090  2  25  47  0  0  8031  0  0  285  1  8030  15  68  12661  18734  3208  8602  4866  20220  0  3  207  107  194  190531  0  690  200531  4  0  7  1  47  137  96995  23379  257770  122  16  0  488271  0  28889  14  
0  0  0  0  0  0  0  0  0  0  0  0  0  0  0  0  0  0  0  0  0  0  0  0  0  0  0  0  0  0  0  0  0  0  0  0  0  0  0  0  0  0  0  0  0  0  0  0  0  0  0  0  0  0  0  0  0  0  0  0  0  0  0  0  0  0  0  0  0  0  0  0  0  0  0  2470  0  0  0  1  0  0  0  0  70  0  0  0  0  0  2  33  953756  72844  254  22375  25  0  514  10  1  0  0  0  0  0  1  0  0  16  0  7756  1  0  182  252667  1  46962  0  0  31  23  10  0  76923  1  2  0  3  1140  0  163599  136242  2  21630  0  0  1  13  0  5  0  0  0  10  64  85467  0  
0  0  0  0  0  0  0  0  0  0  0  0  0  0  0  0  0  0  0  0  0  0  0  0  0  0  0  0  0  0  0  0  0  0  0  0  0  0  0  0  0  0  0  0  0  0  0  0  0  0  0  0  0  0  0  0  0  0  0  0  0  0  0  0  0  0  0  0  0  0  0  0  0  0  5  22  0  0  4  22  5  0  36  18  6128  0  0  2  3  0  4  719  627208  606789  2  171032  591  8  121942  150  73  1  1  1102  0  4  5  0  2  19  0  114  3  0  779  48177  13  391390  45  1  861  338  34  0  16934  15  5  6  55  302878  150443  0  3498  0  5238  0  2  7  85376  59  122  9  0  0  10482  3  82813  0  
0  0  0  0  0  0  0  0  0  0  0  0  0  0  0  0  0  0  0  0  0  0  0  0  0  0  0  0  0  0  0  0  0  0  0  0  0  0  0  0  0  0  0  0  0  0  0  0  0  0  0  0  0  0  0  0  0  0  0  0  0  0  0  0  0  0  0  0  0  0  0  0  0  0  0  120384  0  0  0  2  0  0  0  0  0  0  0  0  0  0  47  179  187800  1  45242  521  639  4  255  4  0  0  0  0  1  0  1  1  17  9  25966  315827  0  0  963  5775  29  1198  1  0  12  845  7  0  91687  1  0  0  1  31  149359  1722  0  73309  208297  0  2  1  1  1  1  0  0  0  0  150929  221593  41  
0  0  0  0  0  0  0  0  0  0  0  0  0  0  0  0  0  0  0  0  0  0  0  0  0  0  0  0  0  0  0  0  0  0  0  0  0  0  0  0  0  0  0  0  0  0  0  0  0  0  0  0  0  0  0  0  0  0  0  0  0  0  0  0  0  0  0  0  0  0  0  0  0  0  0  153940  0  0  0  0  0  0  0  0  0  0  0  0  0  0  2  0  4  0  573433  1  1700  0  0  0  0  0  0  0  0  0  0  0  20  0  466910  93797  0  0  2  7  17771  0  0  0  0  3  0  72809  482  0  0  0  0  0  1  0  84360  0  181583  0  0  1  0  0  0  0  0  0  0  58462  99493  0  
0  5  0  0  0  0  0  0  0  7  0  0  0  0  0  0  0  5  0  0  114  121  14  0  0  3  0  0  0  0  0  9  0  0  0  0  0  0  0  0  7  0  6  1  0  0  0  10  5  0  2  0  0  0  0  0  0  0  0  2  28  0  19  0  0  1  0  0  0  0  0  1  7  0  1  40470  0  0  1  84  0  0  0  19  0  4  2  12  2  0  65  605  54587  13  602626  636519  566696  126  173  116  0  0  0  0  72  277  15  164  53  2951  7453  7914  14  0  54506  31020  37923  42684  11  0  518  1221  86  129774  284305  48  1  1  216  54  133980  758  158508  211156  0  2  197  104  1  90  19  3  0  5  5  25295  350440  261  
0  0  0  0  0  0  0  0  0  0  0  0  0  0  0  0  0  0  0  0  0  0  0  0  0  0  0  0  0  0  0  0  0  0  0  0  0  0  0  0  0  0  0  0  0  0  0  1  0  0  0  0  0  0  0  0  0  0  0  0  0  0  0  0  0  0  0  0  0  0  0  0  0  0  123559  0  0  0  6  241  1  0  0  0  0  0  65183  115429  105767  0  0  1  0  0  0  0  10  387758  0  0  0  0  0  0  0  5  1  0  0  0  0  0  79147  0  3  0  0  0  1  0  15  1  3  0  0  362930  90731  2  0  0  0  0  0  0  1  0  16  194737  0  13  0  6  0  9  0  0  1  0  
7  2  0  0  2  97  0  0  0  19  0  0  0  0  0  0  5  35  0  0  68  101  23  4  0  0  0  0  0  0  138  255  0  0  0  0  0  0  0  0  3  0  9  2  0  0  8  8  53  0  0  3  1  0  0  0  0  0  0  1  23  0  49  0  0  8  0  0  0  50  0  0  9  0  23  6  0  0  6  266654  0  0  0  887  0  176  914  1874  7  1  3  125  0  0  350  340  125051  576450  31  12  0  0  8  0  401697  340704  63  0  15  3  0  3  10775  54  1307  6  89  1986  13  0  45713  198  97  0  4  2084  19  4  1  15  0  2  2  0  245  75  0  123408  0  1319  16  62  0  402698  0  15  218  57  
2  0  0  0  0  9  0  0  0  0  0  0  0  0  0  0  1  14  0  0  5  12  3  0  0  0  0  0  0  0  0  39  0  0  0  0  0  0  0  0  1  0  1  0  0  0  6  0  24  0  0  1  0  0  0  0  0  0  0  0  1  0  8  0  0  1  0  0  0  1  0  0  0  0  1716  0  0  0  57  129024  9  0  0  68  0  9  36686  51498  17  22  1  24  0  0  17  22  960  1029538  5  0  0  0  7  0  72  16868  5  1  0  0  0  3  164443  77  191  1  3  138  12  0  34491  38  264  0  1  111648  162  13  2  10  0  0  1  0  26  264843  82906  0  0  1295  13  126  1  2263  0  3  64  10  
0  0  0  0  0  0  0  0  2  2  979  0  0  0  0  0  0  0  0  126  0  201  0  0  0  0  421  0  0  674  0  0  0  0  0  0  0  0  0  0  0  0  0  61  0  0  0  0  0  0  0  0  0  0  0  0  0  0  0  0  0  0  0  0  9  0  0  0  0  0  0  0  0  0  2  0  0  0  1  5  3  0  473  50001  305922  0  0  0  1  0  1  47  122  453983  0  4602  48  0  7411  34  8721  1  3  436922  0  0  0  0  0  4  0  1  0  0  84  4  0  335536  217  7  60  21  4  0  2  1  0  1  30  137798  192  54929  1  0  1  0  0  3  0  1280  284  0  0  0  184019  0  11695  0  
80  0  4  0  55  90160  567  24  8328  61960  0  0  0  0  543  35  317  1779  2  0  6  33  328  6  2  2  0  0  210  192  21  6767  0  0  2  0  0  2  0  0  29  0  145  25  67  474  143  93  1658  0  0  255  72  2309  0  2  0  0  0  0  2  0  279  2  9  260921  26  79  7560  407  46  5  43  1  8545  0  265  0  2622  810039  404452  262331  463310  188478  1  1208  9  924  2405  5958  8  1461  6  0  20  90  8395  3861  1107  3214  205  30  5396  425  103  141685  53  0  26  396  0  6  1903  48  4239  0  151  813  11183  28669  19258  1085  764  0  1  46045  16969  13185  6015  17707  3  145  0  0  64  114  1102  5717  2884  0  5183  6127  1267  28861  51554  11  766  47  
0  0  0  0  0  3  0  0  5  11  0  0  0  0  5  0  1  4  0  0  1  0  6  0  0  0  0  0  0  1  0  6  0  0  0  0  0  0  0  0  2  0  1  0  2  0  0  4  0  0  0  0  0  4  0  0  0  0  0  0  0  0  0  0  0  19  0  2  31  0  0  0  2  0  187  0  39901  9246  94  1598  8750  1324  58338  140  0  1812  4  207  92  85  327  11330  17  1  1  3  6577  973  3655  695682  514868  786786  6140  2588  8  122  116  1  10  642  0  0  3143  34  77752  0  163  373  309507  14327  40874  7631  164298  0  1  2724  299  699  106454  285049  21  414  1  0  16  10  300  1249  5755  127496  0  29754  112  6  165120  6  1096  10  
0  0  0  0  0  4  1  0  9  3  0  0  0  0  0  0  0  0  0  0  0  0  0  0  0  0  0  0  1  0  0  2  0  0  0  0  0  0  0  0  0  0  0  0  1  0  0  0  2  0  0  0  0  10  0  0  0  0  0  0  0  0  0  0  0  19  0  0  36  1  0  0  0  0  1206  0  0  148764  975  5632  1043  35  17  2  0  285345  5  225  430803  811  26  2366  1  0  1  0  3289  1235  109  399  0  5  782503  0  1  92  17  0  1  1  0  0  3720  171  4055  0  24  6  211374  11  16920  1560  144706  0  0  507015  2622  249061  746  219  0  2  0  0  1  28  331  1491  1  7854  16141  0  12344  10  12  3  26  0  
0  0  0  0  0  18  6  0  14  0  0  0  0  0  54  5  0  0  0  0  0  0  0  0  0  0  0  0  8  0  0  2  0  0  0  0  0  0  0  0  0  0  0  0  4  0  0  0  1  0  0  8  1  122  0  0  0  0  0  0  0  0  0  0  0  109  0  8  731  0  0  0  0  0  47  0  2462  1  41  1573  17479  34387  368  0  0  35  0  14  97022  119134  0  142  0  0  0  0  85  73  3  17  13  0  572317  0  1  13  2  0  0  0  0  0  181  2  374  0  2  2  300204  229  932  67  2140  0  0  615  90  190499  89  93  0  0  0  0  0  1  23  91  0  6713  865  8314  0  0  199  0  1  0  
5  0  0  0  6  2387  0  0  0  0  0  0  0  0  0  139  1  50  0  0  0  1  3  1  0  0  0  0  0  0  349  945  0  0  0  0  0  0  0  0  0  0  1  0  0  0  10  0  107  0  0  11  0  0  0  0  0  0  0  0  0  0  16  1  0  151  0  0  0  784  0  0  0  0  192661  0  0  0  53487  569842  0  0  0  6  0  0  0  20  1  267842  0  3  0  0  3  4  48  226720  0  0  0  0  0  0  271425  164053  0  0  0  0  0  0  28  0  7  0  0  13  0  0  199  0  0  0  0  89  2  1  0  0  0  0  0  0  2  1  382070  5939  0  57123  0  8  0  0  0  0  9  0  
0  0  16  0  0  0  0  0  10403  34  266  0  0  0  0  0  0  0  0  0  0  823  0  0  0  0  9  0  0  5885  0  0  0  0  0  0  0  0  0  0  0  0  0  608  1  61  0  0  0  0  0  3  0  2  0  0  0  0  0  0  0  0  0  0  524  3177  0  0  32  0  396  0  0  0  10  0  23  0  2  130  36886  1656  352897  22504  11  3  0  1  4  46  3  512  156  1971  0  7  295  9  16313  117  235554  113  852  542869  0  3  5  0  1  48  0  0  12  0  903  3  12  17352  13000  95793  719  229  73  0  1  210  24  294  2735  454635  120  10035  2  0  0  0  5  21  195061  17333  251762  121  30  1  0  0  8105  0  
0  0  0  0  0  0  0  0  0  0  0  0  0  0  0  0  0  0  0  0  0  0  0  0  0  0  0  0  0  0  0  0  0  0  0  0  0  0  0  0  0  0  0  0  0  0  0  0  0  0  0  0  0  0  0  0  0  0  0  0  0  0  0  0  0  0  0  0  0  0  0  0  0  0  0  14341  0  0  0  0  0  0  0  2  0  10  0  2  0  0  109  204  141  0  1953  362  3615  15  8  1  0  0  0  0  2  9  0  4  5414  7  809835  925950  1  0  506  30  307589  1500  1  0  30  1406  1  137154  268  1  0  0  0  5  3234  103  154509  40885  43862  0  3  2  0  9  1  0  0  0  0  0  95373  18  
0  0  0  0  0  0  0  0  0  2  0  0  0  0  0  0  0  0  0  0  0  1  1  0  0  0  0  0  0  0  0  2  0  0  0  0  0  0  0  0  0  0  0  0  0  0  0  0  0  0  0  0  0  0  0  0  0  0  0  0  0  0  0  0  0  1  0  0  1  0  0  0  0  0  10  311  0  7  4  50  4  1  8  21  8  55  1  20  4  1  2083  26984  284284  7  14409  4650  172261  1402  770207  10524  20  1  5  3  28  166  221  837755  342602  104909  101377  1573569  25  1  62826  1017  411048  115360  77  0  2898  500293  1116  8457  2299  26  17  12  64359  46625  85970  76277  200551  91872  324530  0  83  68  5894  119  128  19  1  0  454  108376  0  80185  
0  0  0  0  0  0  0  0  0  0  0  0  0  0  0  0  0  0  0  0  0  0  1  0  0  0  0  0  0  0  0  2  0  0  0  0  0  0  0  0  0  0  0  0  0  0  0  0  0  0  0  0  0  0  0  0  0  0  0  0  0  0  0  0  0  0  0  0  0  0  0  0  0  0  1  0  0  7  0  25  0  0  0  2  0  0  0  3  0  0  119  3002  1  0  5  4  7665  120  525  5470  0  0  1  0  32  173  158138  202617  38515  255936  0  7  1  0  84627  0  854  8  1  0  392  306597  60  0  0  10  0  0  11  410  10  2  10  0  237  0  102  37  1  100  15  1  0  1  1  16  71236  0  
