0  0  0  0  178386  5553  0  0  0  0  0  0  12764  1910  13989  53841  1  10  0  0  0  0  0  106293  0  0  0  0  0  0  23059  2  0  0  0  0  0  0  442  17  1  0  0  0  1  0  281  0  19  0  0  11948  29541  2  0  0  0  0  0  0  0  177302  78  50850  0  1  0  0  0  7447  0  0  0  0  0  0  0  0  0  0  0  0  0  0  0  0  0  0  0  0  0  0  0  0  0  0  0  0  0  0  0  0  0  0  0  0  0  0  0  0  0  0  0  0  0  0  0  0  0  0  0  0  0  0  0  0  0  0  0  0  0  0  0  0  0  0  0  0  0  0  0  0  0  0  0  0  0  0  
0  0  0  0  0  1  0  0  6  9  1  0  0  0  0  0  7  4  308496  923  233000  96876  220  0  2  1  7  0  0  13  0  2  0  0  1  0  27553  2077  0  1  218  211905  15  77707  2  0  2  48  56  11  438024  2  0  0  0  12  208780  493  212680  78266  60762  0  0  0  45  3  3  4  0  0  0  112009  212  8  0  37  0  0  0  0  0  0  0  0  0  0  0  0  0  0  0  0  0  0  183  96  14  0  0  0  0  0  0  0  0  0  0  0  0  0  0  0  0  0  1  5  0  5  0  0  0  0  0  0  0  0  0  0  0  0  0  0  0  0  83  0  0  0  0  0  0  0  0  0  0  0  1  0  
0  0  0  0  0  17  82  31388  6510  20  0  0  0  0  0  234301  21  56  0  0  0  0  0  0  0  2  51358  136213  172062  171994  0  3  0  0  0  0  0  0  0  0  38  0  0  1  215744  469267  0  5  11  0  0  2  0  53  0  4  0  0  0  0  0  0  0  0  25  183  51761  0  6789  1  4716  0  0  0  1  0  10189  0  0  2  0  172  9065  0  0  0  0  0  0  443  0  0  0  0  0  0  0  0  0  0  0  0  12  2406  0  0  0  0  0  0  0  0  0  0  0  0  0  0  0  6839  0  0  0  0  0  0  0  0  0  0  0  0  0  0  0  0  0  0  0  21  0  0  0  0  2690  0  0  0  
0  18  0  0  0  14  3  0  38  233  0  201507  0  4  0  0  7194  913  0  4  1  6  1  0  22  212307  405  217706  106071  437  0  2  2485  3117  1698  7090  0  0  1  426  63634  0  0  9745  267496  6  1  3967  132822  0  2  29  0  1  10  336  183  119  1  4  45  0  0  0  9837  22  129  29127  677  0  0  0  135  797  0  0  0  0  0  0  0  0  0  0  0  0  0  0  0  0  0  0  0  0  0  0  0  0  0  0  0  0  0  0  0  1  0  0  0  0  0  0  0  0  0  0  0  0  0  0  0  0  0  0  0  0  0  0  0  0  0  0  0  0  0  0  0  0  0  0  0  0  0  0  0  0  0  0  
196515  0  0  0  0  176  0  0  0  0  0  0  58  99  11718  100343  0  0  0  0  0  0  0  54  0  0  0  0  0  0  36418  2  0  0  0  0  0  0  89  1  0  0  0  0  0  0  67  0  1  0  0  655  19012  0  0  0  0  0  0  0  0  2960  22  311  0  0  0  0  0  513  0  0  0  0  0  0  0  0  0  0  0  0  0  0  0  0  0  0  0  0  0  0  0  0  0  0  0  0  0  0  0  0  0  0  0  0  0  0  0  0  0  0  0  0  0  0  0  0  0  0  0  0  0  0  0  0  0  0  0  0  0  0  0  0  0  0  0  0  0  0  0  0  0  0  0  0  0  0  
185  0  9  0  10  0  377449  553  268  696  0  488  0  8954  11817  766568  1996  3241  0  0  1  0  48  362  0  6  1345  0  600  1034  2153  53914  0  0  3  5  0  0  1030  15996  118  0  9  30  348  307  4250  9  26415  0  0  110553  10011  28477  1  1091  0  0  0  0  0  9663  152  156  1899  363162  1371  4687  2072  282466  263  0  9  0  780  0  0  0  186  77119  122  5  33  1  0  1  0  3  29  17  7  48  0  0  0  0  44  359  0  0  0  0  0  4  577  1238  0  0  0  0  0  0  15  0  0  0  0  0  60  3  14  0  356  0  0  56  2189  48  0  1  0  0  0  0  2  0  108  480  4  12573  4  7  27  529  21  0  2  0  
0  0  19  1  0  342854  0  178212  510  609  0  1  0  14  206  757122  100  113  0  0  0  0  2  0  1  10  3045  2  871  902  0  18  0  0  0  7  0  0  0  35  162  0  0  8  639  936  10  11  1907  0  0  9740  14  54180  0  1808  1  0  1  0  1  0  0  0  2074  289311  2546  1237  3470  25  782  0  12  0  261  0  2  0  43  18781  3968  5549  126  1  0  0  0  1  17  336  2  17  0  0  0  0  22  164  0  0  0  1  0  5  8  187  0  0  0  0  0  0  9  1  1  0  0  0  83  7  12  0  113  0  0  23  464  92  0  0  0  0  0  0  0  0  50  209  3  27446  7  6  15  15  46  0  0  0  
0  0  105936  0  0  805  170514  0  80672  139  0  0  0  1  22  373332  26  35  0  0  0  0  0  0  0  10  1840  1  72876  257  0  1  0  0  0  0  0  0  0  1  60  0  0  6  1294  184599  0  5  71  0  0  142  1  64807  1  134  0  0  0  0  0  0  0  0  757  219138  475  58  130792  2  2746  0  3  0  13  0  12  0  6  198  185  26809  13104  0  0  0  0  0  2  392  0  4  0  0  0  0  1  13  0  0  0  0  0  585  0  21  0  0  0  0  0  0  0  0  0  0  0  0  50  313  1  0  15  0  0  1  33  37  0  0  0  0  0  0  0  0  9  23  1  13770  0  0  5  1  2335  0  1  0  
0  1  4282  1  0  182  1095  70912  0  50593  1  1  0  1  0  876  328  142  0  0  0  9  0  0  0  21  12042  8  83  49890  0  9  0  1  0  3  0  0  0  1  586  0  0  12  477  95018  0  35  60  0  1  32  0  108  0  102  0  1  0  0  11  0  0  0  529  320915  1305  8  299  1  208535  0  32  1  10  0  285  0  0  508  2  133  10161  306  2  0  0  0  0  41  0  1  0  0  0  0  28  12  0  0  0  0  0  7572  0  8  0  0  0  0  0  0  2  0  0  0  0  1  4  3686  0  0  3  0  0  2  10  4  0  0  0  0  0  0  0  0  3  14  4  2097  1  0  0  0  18729  0  0  0  
0  7  2  24  0  780  388  1  35084  0  4  6  0  3  0  4  53319  1605  4  3  17  4422  24207  0  1  231  1251  2  219  79083  1  1695  16  23  395  58  0  0  0  39  29448  0  547  169810  1627  15  24  11407  1145  0  1  150  0  15  12  1451  187  9  15  0  209  0  18  0  3122  285539  7875  240  484  133  4  1  605  106  22  2  0  0  4  15815  0  0  3354  35890  68  2  1  0  10  0  29  31  0  0  36  388  1834  62  3  4  0  0  0  3329  1  27  1  2  1  1  0  0  0  0  97  0  1  44  49  1  4  58  18  0  0  3  47  2  0  201  0  0  2  0  16  0  9  10  61  22699  45  1  61  3  61  0  30  2  
0  143  0  3  0  12  1  0  0  1  0  0  0  0  1  0  0  1  5  656653  0  73468  0  0  0  6  27  0  2  51295  0  0  1  0  0  2  0  0  0  31  26  52209  0  702776  92  0  0  41  885  0  38  88  0  1  0  48  4287  28895  11  2  380  0  0  0  647623  3  0  247  0  2  0  3  134  1  0  0  0  0  0  0  0  0  1  3  71496  0  0  0  0  0  0  0  0  275  0  4087  0  0  0  0  118  0  0  14150  0  0  0  0  0  0  0  0  0  0  0  23637  0  16217  0  0  0  0  0  0  0  0  0  0  0  2  0  0  0  0  0  0  0  0  1626  0  0  0  0  0  0  0  0  0  
0  5  0  241574  0  265  2  1  12  81  0  0  4  45230  50  1  8387  16745  0  0  0  3  0  1  0  113  116  0  25102  148  0  2  633  2133  262  14  0  0  171  243349  22422  0  1  235  20162  7  1159  2721  334927  0  0  138823  1  4  0  2  43  4  0  0  6  1  0  0  1413  72  87  192723  431  5  0  1  9  29  7  0  0  0  3  7  0  0  0  0  0  0  0  0  0  0  0  2  0  0  0  0  2  4  0  0  0  0  0  0  0  0  0  0  0  0  0  0  0  0  0  0  0  0  0  0  0  0  5  0  0  0  38  0  0  0  0  0  0  0  0  0  0  5  0  22  0  0  0  0  0  0  0  0  
365  0  0  0  2  1  0  0  0  0  0  15  0  59735  0  16  75  267  0  0  1  0  16  252452  0  0  0  0  0  0  80  12  0  50  2059  0  0  0  111591  11  0  0  5728  0  0  0  115337  5  6  0  0  3  0  0  0  0  0  0  0  0  0  71050  2029  118443  0  0  0  0  0  221  0  0  0  0  0  0  0  0  0  0  0  0  0  0  0  0  0  0  0  0  0  0  0  0  0  0  0  0  0  0  0  0  0  0  0  0  0  0  0  0  0  0  0  0  0  0  0  0  0  0  0  0  0  0  0  0  0  0  0  0  0  0  0  0  0  0  0  0  0  0  0  0  0  0  0  0  0  0  
43  0  0  22  0  11992  10  0  0  0  0  53035  55796  0  0  169  14  8023  0  0  0  0  1  930  0  0  1  0  74  0  471  153  0  2  3  0  0  0  265784  229949  0  0  3  0  9  1  22418  1  43352  0  0  186870  4  24  0  2  0  0  0  0  0  51925  1371  17563  0  365  1  211  2  2052  0  0  0  0  5  0  0  0  0  24  0  0  0  0  0  0  0  0  0  0  0  0  0  0  0  0  1  3  0  0  0  0  0  0  0  2  0  0  0  0  0  0  0  0  0  0  0  0  1  0  0  0  2  0  0  0  8  0  0  0  0  0  0  0  0  0  2  1  0  16  0  0  0  1  0  0  0  0  
33888  0  2  0  14114  8831  54  42  2  2  0  195  0  88  0  114460  1  3  0  0  0  0  0  11581  0  0  25  0  43981  1  4  1  0  0  0  1  0  0  8  5  1  0  0  0  172  5  6  0  52  0  0  216918  150221  284801  0  5  0  0  0  0  0  9403  0  0  9  205  20  207875  251722  44  1  0  0  0  0  0  0  0  0  2  0  0  0  0  0  0  0  0  0  0  0  0  0  0  0  0  1  0  0  0  0  0  0  0  0  0  0  0  0  0  0  0  0  0  0  0  0  0  0  0  0  0  1  0  0  0  2  0  0  0  0  0  0  0  0  0  0  0  0  6  0  0  0  0  0  0  0  0  
37460  0  350721  0  90738  712741  507280  452669  1173  39  0  16  179  2688  107082  0  21  52  0  0  0  0  0  459  0  4  781  2  26938  76  30136  20  0  0  0  1  0  0  840  215  28  0  0  0  329  59537  677  2  939  0  0  25170  3039  985406  0  176  0  0  0  0  0  26167  355  2938  251  11080  337  455  234684  160147  155  0  1  0  14  0  11740  0  3  1418  2444  25176  4769  1  0  0  0  1  0  24636  0  2  0  0  0  0  1  12  0  0  0  1  1  27  72  11  0  0  0  0  0  0  1  0  0  0  0  0  16  2881  1  0  13  0  0  3  46  35  0  0  0  0  0  0  0  0  6  17  2  1472  0  0  3  9  368  0  0  0  
0  0  3  5278  0  60  10  2  27  889  0  1584  349  1  0  1  0  445879  1  0  3  5  41959  1788  0  265  34  3  200  109  4  47981  16399  1583  66447  386  2  0  18  2  49082  0  16537  832  2188  35  649  367904  141026  6  0  7  0  8  2  126  15  1  19  1  15  0  5472  1  363  1109  2281  18  403  868  3  6  962  2743  3  0  0  0  2  52  0  0  4  16  0  0  1  0  2  0  14  58  0  0  5  1  527  299  3  0  0  0  0  0  0  36  0  1  0  0  0  0  0  0  26  0  1  4  28  2  8  6  2  0  0  0  9  1  1  31  0  0  3  0  10  0  7  5  1  362  44  1  35  3  0  0  10  2  
0  0  1  237  0  187  19  0  0  229  0  16347  908  845  0  0  370010  0  0  0  13  8  66894  31591  0  7  2  0  7  12  364  224309  4854  4530  2195  19  3  0  6699  2248  748  0  809  127  191  9  244343  31826  267786  6  0  8  0  3  0  1  4  0  20  4  18  8  45388  7  23  481  69  9  14  9269  0  5  223  326  3  2  0  0  0  49  0  0  1  9  0  0  0  0  1  0  6  22  0  0  2  1  320  147  0  1  0  0  0  0  0  46  0  0  0  0  2  0  0  0  25  0  0  6  27  0  2  7  2  0  0  0  2  1  0  15  1  0  4  0  20  0  7  4  4  173  33  0  20  3  1  0  17  3  
0  296323  0  1  0  1  1  0  1  26  12  0  0  0  0  0  10  3  0  122994  818  141  21  0  154838  8  73  0  1  49  0  0  0  0  0  1  24015  398  0  8  429  77853  2  752  21  0  1  2234  172  0  3191  18  0  0  0  23488  734988  535395  364510  433  3201  0  0  0  1628  0  12  33  0  0  0  2655  401596  29  0  0  0  0  0  0  0  0  0  0  0  0  0  0  0  0  0  0  0  0  0  0  1  0  0  0  0  0  0  0  0  0  0  0  0  0  0  0  0  0  0  0  0  0  0  0  0  0  0  0  0  0  0  0  0  0  0  0  0  0  0  0  0  0  0  0  0  0  0  0  0  0  0  0  
0  3538  0  0  0  9  2  1  0  1  475094  2  0  0  0  0  0  1  109215  0  1  8848  3  0  4738  18  76729  0  0  15  0  0  0  0  0  21  0  1  0  19  112  159671  1  112561  141  1  1  394  843  0  1546  122  0  1  6  13516  54065  605883  20  5  1281  0  0  0  165957  1  5  264  2  0  0  5  1491  4  0  0  0  0  0  0  0  0  0  0  640  0  0  0  0  0  0  0  0  0  0  0  0  0  0  0  0  0  0  0  0  0  0  0  0  0  0  0  0  0  0  959  0  3  0  0  0  0  0  0  0  0  0  0  0  0  0  0  0  0  0  0  0  1  0  0  0  0  0  0  0  0  0  0  
0  254538  0  0  0  0  0  0  1  128  0  0  0  0  0  0  301  87  1185  0  0  46799  23531  0  0  1  0  0  0  3  0  807  1  54  183  6  64494  33  0  1  932  3  842  179  1  0  7  1431  21  159901  130554  0  0  0  0  1  17251  0  30762  360272  491945  0  0  0  7  71  2  3  1  18  0  44283  772  429  0  328  0  0  0  1  0  0  0  17  0  0  0  0  0  0  10  12  0  0  3844  2592  556  17  1  2  0  0  0  0  3  15  0  1  8  2  6  0  0  0  52  11  0  166  16  1  3  104  1  0  1  0  2  0  0  3  0  0  6  6  1528  0  12  0  0  19  3  1  1  1  0  0  86  16  
0  67246  0  0  0  9  2  0  28  10391  66848  2  0  0  0  0  859  36  862  4177  36618  0  95889  0  43  17  45  0  0  17104  0  45  35  139  19  40  30  398  0  14  5026  271766  192  906825  34  0  1  7155  772  33  206196  28  0  0  0  60  30171  2444  3877  379  825711  0  0  0  5852  1625  28  114  1  4  0  1003  16641  235  0  148  0  0  0  2  0  0  26  1055  16499  0  0  0  0  0  3  1  0  1  4758  223654  220  4  0  2  0  0  0  4964  0  2  0  0  2  0  2  0  0  0  6  9123  0  52313  2  0  0  19  0  0  512  0  0  0  0  1  0  1  0  1  1831  0  2  0  1869  115  1  0  0  0  0  0  11  2  
0  16  0  4  0  2  1  0  9  16122  0  0  251  0  0  0  85438  97130  75  1  28173  50563  0  460  20  45  12  0  0  36  1  39636  57  250  46374  79  12228  918  7  5  9642  0  333283  46484  19  1  354  51530  58  158021  4  2  0  0  1  28  526  86  3542  2907  213809  1  915  0  147  110  73  1  4  431  0  639  31126  394  1  26  0  1  0  5  0  0  1  13  0  0  0  0  0  0  7  31  0  0  296  785  472  62  2  2  1  0  0  0  8  26  0  1  6  3  0  0  0  0  32  0  0  425  6  0  10  75  0  0  0  1  2  0  0  4  0  0  8  0  174  0  21  8  2  61  9  0  5  1  0  0  69  15  
103828  0  0  1  25  101  3  0  0  0  0  6  282028  1096  6013  411  926  33611  0  0  0  0  299  0  0  0  0  0  0  0  84982  39926  0  98  267  0  0  0  3870  60  0  0  2477  0  5  0  435009  1383  247  0  0  119  0  1  0  0  0  0  0  0  0  113572  457622  976706  1  6  1  3  0  11897  0  0  0  0  0  0  0  0  0  0  0  0  0  0  0  0  0  0  0  1  0  2  0  0  0  0  1  16  0  0  0  0  0  0  69  179  0  0  0  0  0  0  0  0  0  0  0  0  0  0  0  0  0  0  0  0  0  0  0  0  0  0  0  0  0  0  30  2  0  1  0  0  0  32  0  0  0  0  
0  5  0  0  0  0  0  0  7  11  3  1  0  0  0  0  5  0  196953  16981  2  29  9  0  0  226743  63623  0  0  15  0  0  0  42827  1  17063  5338  4141  0  5  1555  0  0  65  13  0  0  304  64  0  0  6  0  0  229157  562842  441  77525  47000  15  2199  0  0  0  532  7  9  15  1  0  0  18479  1102553  23  0  0  0  0  0  0  0  0  0  0  0  0  0  0  0  0  0  0  0  0  0  0  0  0  0  0  0  0  0  0  0  0  0  0  0  0  0  0  0  0  0  0  0  0  0  0  0  0  0  0  0  0  0  0  0  0  0  0  0  0  0  0  0  0  0  0  0  0  0  0  0  0  0  0  
0  19  1  165159  0  21  12  0  81  148  2  59  0  0  0  1  148  95  0  17  1  50  22  0  191418  0  42980  131724  15  263  0  5  3804  47838  0  353815  0  0  0  164  321700  0  3  37475  269027  1  0  343  3626  0  1  121  0  6  130725  119318  358  380  3  1  24  0  0  0  7980  76  354416  377  39  0  1  0  27578  6616  0  0  0  0  0  5  0  0  0  0  0  0  0  0  0  0  0  0  0  0  0  0  2  0  0  0  0  0  0  0  0  0  0  0  0  0  0  0  0  0  0  0  0  0  0  0  0  1  0  0  0  0  0  0  0  0  0  0  0  0  1  0  0  0  0  1  0  0  0  0  0  0  0  0  
0  13  62295  0  0  428  2721  2668  8173  2285  12  0  0  0  8  683  3311  1183  0  103965  1  19  7  0  115643  56124  0  249  479  859354  1  110  0  0  1  878  0  0  0  5  7277  0  3  126  4696  28020  0  364  570  0  2  322  0  1199  57  684995  7  70728  3  1  100  0  0  0  290450  16409  402561  179  1326  6  88374  0  548  14  6  0  1  0  2  254  5  13  4  0  15  0  0  0  1  0  2  1  0  0  0  0  15  3  0  0  1  0  0  2576  0  2  0  0  0  0  0  0  0  0  2  0  0  0  16  3  0  0  2  0  0  1  16  36  0  1  0  0  0  0  0  0  3  3  136  219  1  0  5  0  18  0  0  1  
0  0  139712  212944  0  3  1  1  4  20  0  5  0  0  0  2  63  65  0  1  0  0  0  0  0  125978  116  0  6010  28  0  3  0  0  0  0  0  0  0  1  155  0  0  12  1169838  54994  0  14  46  0  0  0  0  3  0  5  0  0  0  0  1  0  0  0  75  116  567143  2  53  0  43  0  0  0  0  0  0  0  0  0  0  0  0  0  0  0  0  0  0  0  0  0  0  0  0  0  0  0  0  0  0  0  0  0  0  0  0  0  0  0  0  0  0  0  0  0  0  0  0  0  0  0  0  0  0  0  0  0  0  0  0  0  0  0  0  0  0  0  0  0  0  0  0  0  0  0  0  0  
0  0  219189  89389  0  425  1319  31935  135  526  0  12373  0  10  55816  21167  277  593  0  0  0  0  1  0  0  449  239  7442  0  576  0  34  0  0  0  0  0  0  0  47  827  0  1  170  1166897  59752  1  78  15002  0  0  149  0  1090  0  50  1  5  0  0  2  0  0  0  573  2680  1195  312435  776180  2  102  0  6  0  1  0  0  0  0  87  1  0  1  0  0  0  0  0  1  0  0  0  0  0  0  0  3  4  0  0  0  0  0  0  0  0  0  0  0  0  0  0  0  0  0  0  0  0  2  0  0  0  0  0  0  0  1  3  0  0  0  0  0  0  0  0  0  0  0  18  1  0  2  0  0  0  0  0  
0  46  135251  11  0  339  625  70  43030  94267  13579  4  0  0  0  8  4604  348  0  16  0  5188  22  0  1  213  754577  20  64  0  0  155  0  0  9  23  0  0  0  29  5567  2  16  46360  1176  212566  2  516  550  0  11  69  0  25  0  913  26  7  9  0  267  0  3  0  324307  7249  18042  120  88  3  358526  0  1065  14  4  0  119  0  0  7892  1  0  913  529  14810  0  0  0  0  0  0  0  0  280  1  358  42  11  0  0  595  0  0  91759  0  3  0  0  0  0  0  0  0  0  3  49  0  141  4  239  0  1  4  0  0  0  9  1  0  3  0  0  0  0  0  0  1  2  22071  427  2  1  3  0  4208  0  1  0  
28831  0  0  0  32121  4658  3  0  0  0  0  0  1770  504  0  23973  12  451  0  0  0  0  4  76375  0  0  0  0  0  0  0  38714  0  0  1  0  0  0  492  148  0  0  1  0  10  0  6580  2  592  0  0  359  0  9  0  0  0  0  0  0  0  8560  379913  2656  0  22  0  8  0  390555  0  0  1  0  2  0  0  0  1  179  0  0  0  0  0  0  0  0  0  120  0  19  0  0  1  0  19  520  0  0  0  0  0  0  22915  962  0  0  0  0  0  0  0  0  0  0  0  0  0  0  4  0  0  0  0  0  1  0  0  0  0  0  0  0  0  0  310  19  0  1  0  0  0  2753  0  0  1  0  
2  0  0  0  0  31437  23  0  0  105  0  0  141  9  0  13  34037  221104  0  0  177  11  28719  31358  0  1  0  0  5  2  35157  0  1  68  873  0  2  3  29  3  138  0  1156  37  17  4  45493  14791  16767  7  0  107  0  8  0  1  4  0  41  38  69  33  155293  41  6  161788  8  0  1  109811  0  2  214  38  1  5  0  2  0  8789  0  0  3  32  0  0  2  0  3  2  41  244  1  0  46  10  2795  1228  5  4  0  0  0  1  7190  26814  0  2  2  2  0  0  0  0  124  0  0  26  29  1  37  58  8  0  0  1  7  1  0  72  0  1  29  0  287  0  484  21  14  1619  27  1  41  2566  1  0  172  3  
0  6  0  7324  0  0  0  0  0  20  0  1191  0  0  0  0  16274  5464  0  2  0  15  13  0  0  4173  1  0  0  0  0  1  0  150117  61530  9038  0  16  0  17  115014  0  20  600  20  0  0  419030  190  4  4  0  0  0  0  0  900  91  61  4  37  0  0  0  2  0  0  3  0  1  0  5  7140  325507  0  0  0  0  0  0  0  0  0  0  0  0  0  0  0  0  1  0  0  0  0  1  1  0  0  0  0  0  0  0  0  0  0  0  0  0  0  0  0  0  0  0  0  0  0  0  0  0  0  0  0  0  0  0  0  0  0  0  0  0  0  0  0  0  0  0  1  0  0  0  0  0  1  0  
0  1  0  12559  0  0  2  0  3  35  0  3336  627  1  0  0  2229  2889  18  0  9  552  387  558  39812  46664  49  0  0  57  0  44  135608  0  177049  341532  104  194151  4  21  12448  0  147606  3212  13  1  73  152819  542  9  4  2  0  0  0  84  296  30  231  20  71  0  0  16  284  14  5  17  0  2  0  19565  557880  115135  0  2  0  0  0  0  0  0  0  4  0  0  0  0  0  0  3  1  0  0  14  2  48  2  0  0  0  0  0  0  0  1  0  0  1  0  0  0  0  0  4  0  0  2  3  0  0  14  0  0  0  0  0  0  0  0  0  2  0  0  10  0  0  0  0  17  1  0  0  0  0  0  9  1  
0  5  0  4363  0  0  0  0  1  8  0  416  2046  0  0  0  57095  802  1  0  35  31  52759  409  0  1  0  0  0  4  0  2688  40084  151787  0  24  97  2469  18  0  72  0  188001  72  0  0  47  381638  51  6727  0  0  0  0  0  0  5  2  604  48  1178  0  5  12  2  5  1  0  0  41  0  2939  79820  861  0  0  0  0  0  0  0  0  0  0  0  0  0  0  0  0  0  0  0  0  1  0  8  0  0  0  0  0  0  0  0  0  0  0  0  0  0  0  0  0  0  0  0  1  0  0  0  1  0  0  0  0  0  0  0  0  0  0  0  0  2  0  0  0  0  0  0  0  1  0  0  0  1  1  
0  4  1  9124  0  1  7  0  170  96  1  67  0  1  0  0  418  25  0  5  1  217  131  0  4960  363412  256  0  2  324  0  1  9072  400701  29  0  0  40  0  2  253168  0  14  722  28  0  0  1526  197  0  1  9  0  0  911  48113  26  35  10  1  7  0  0  0  2076  133  1632  30  2  0  1  17  30704  191260  0  0  0  0  0  2  0  0  0  0  0  0  0  0  0  0  0  0  0  0  1  0  3  0  0  0  0  0  0  0  0  0  0  0  0  0  0  0  0  0  0  0  0  0  0  0  0  1  0  0  0  0  1  0  0  0  0  0  0  0  0  0  0  0  0  2  0  0  0  0  0  0  0  0  
0  31871  0  0  0  0  0  0  1  3  0  0  0  0  0  0  5  0  67116  0  33129  582  5395  0  9806  0  0  0  0  1  0  9  9  177  1583  0  0  174377  0  0  23  0  155847  55  0  0  0  7779  5  461809  28  1  0  0  0  0  536  2  232987  342823  27904  0  0  0  3  3  0  0  0  0  0  1185908  49248  75  0  4  0  0  0  0  0  0  0  0  0  0  0  0  0  0  0  2  0  0  32  21  10  0  0  0  0  0  0  0  0  2  0  0  0  0  0  0  0  0  1  0  0  2  0  0  0  0  1  0  0  0  0  0  0  0  0  0  0  0  13  0  0  0  0  2  0  0  0  0  0  0  1  0  
0  940  0  0  0  0  0  0  4  7  0  1  1  0  0  0  7  0  319  0  564  6556  1110  8  9139  1  3  0  0  5  0  2  28  161547  4422  797  208012  0  0  0  68  0  85441  981  0  0  0  45266  9  90481  19  0  0  0  0  4  418  7  138910  16054  32091  0  0  0  21  2  0  1  0  0  0  896660  879857  414  0  0  0  0  0  0  0  0  0  0  0  0  0  0  0  0  0  0  0  0  0  0  1  0  0  0  0  0  0  0  0  0  0  0  0  0  0  0  0  0  0  0  0  0  1  0  0  0  0  0  0  0  0  0  0  0  0  0  0  0  0  0  1  0  0  0  0  0  0  0  0  0  0  0  
54  0  0  4  2  5824  26  0  2  2  0  715  189696  324451  2  266  65  7045  0  0  0  0  12  8219  0  0  0  0  3  0  1134  631  0  2  56  0  0  0  0  14079  1  0  65  0  27  1  346380  2  63671  0  0  2755  5  28  0  1  0  0  0  0  0  3136  5147  29031  0  203  1  138  4  4883  0  0  1  0  3  0  0  0  1  21  0  0  0  0  0  0  0  0  0  0  0  0  0  0  0  0  6  3  0  0  0  0  0  0  1  11  0  0  0  0  0  0  0  0  0  0  0  0  0  0  0  0  1  0  0  1  7  0  0  0  0  0  0  0  1  0  1  5  0  12  0  0  0  2  0  0  1  0  
2  7  0  8  0  25409  33  1  0  1  0  295902  3  201546  3  58  14  4910  2  0  0  2  0  69  0  9  4  0  108  2  48  262  1  0  0  0  0  0  7677  0  973  0  0  84  432  2  1315  53  150591  0  2  15614  2  56  0  4  124  3  0  0  0  23  24  18  4  3824  2  66190  13  953  0  0  0  0  158  0  0  0  45  265  0  0  0  0  0  0  0  0  5  0  0  9  0  0  0  0  10  74  0  0  0  0  0  0  0  60  0  0  0  0  0  0  4  0  0  0  0  0  1  0  1  0  53  0  0  9  426  1  0  0  0  0  0  0  0  0  14  72  1  569  1  0  1  6  0  0  0  0  
0  1651  82  42846  0  302  549  22  2481  18277  36  5363  0  0  0  19  113660  13225  101  141  63  3247  2487  0  413  327628  6033  16  1819  8299  0  2721  58405  22045  266  224511  0  15  0  17926  0  0  776  88856  34182  628  40  136207  133914  3  342  1126  0  58  1271  52481  11904  1903  346  76  4888  0  22  0  60908  6760  61540  8914  2473  144  38  40  38818  119119  1  6  0  0  0  192  0  1  3  90  0  0  0  0  2  0  34  25  0  0  51  22  978  52  2  4  0  0  0  0  1  12  1  5  13  5  0  0  0  0  83  0  0  24  58  1  3  187  2  0  0  1  5  0  0  20  2  1  3  0  43  0  3  2  3  471  49  1  35  1  0  0  123  44  
0  205812  0  0  0  0  0  0  0  0  50435  0  0  0  0  0  0  0  58615  157419  19  257687  0  0  0  0  0  0  0  0  0  0  0  0  0  0  0  1  0  0  1  0  0  358645  0  0  0  1  0  0  12267  0  0  0  0  0  338799  1538  8  1  424  0  0  0  1  0  0  0  0  0  0  2  0  0  0  0  0  0  0  0  0  0  0  0  38  0  0  0  0  0  0  0  0  0  0  117  0  0  0  0  0  0  0  0  0  0  0  0  0  0  0  0  0  0  0  1685  0  490  0  0  0  0  0  0  1  0  0  0  0  0  0  0  0  0  0  0  0  0  0  0  0  0  0  0  0  0  0  0  
0  13  0  0  0  0  0  0  1  6  0  0  5524  0  0  0  1135  56  2  0  162  210  246118  897  1  0  0  0  0  0  0  649  5  150990  206065  2  154991  71778  18  0  50  0  0  118  0  0  44  143123  1  114126  0  0  0  0  0  1  8  0  5011  739  11086  0  3  35  3  1  1  0  0  20  0  127791  170770  117  0  0  0  0  0  0  0  0  0  0  0  0  0  0  0  0  0  1  0  0  1  0  2  0  0  0  0  0  0  0  0  0  0  0  0  0  0  0  0  0  1  0  0  0  0  0  0  1  0  0  0  0  0  0  0  0  0  0  0  0  2  0  0  0  0  0  0  0  0  0  0  0  1  0  
0  37926  3  4521  0  832  142  1  278  112967  627867  479  0  9  0  15  54638  1645  2479  129173  335  1044834  75315  1  24  2784  399  2  109  58708  5  1500  93  304  43  106  10  369  1  5902  54610  290951  349  0  17403  39  50  24493  108928  9  46874  4194  1  55  7  422  218558  171978  8240  428  77138  0  16  0  433813  1024  1929  16038  147  150  7  856  17438  369  11  7  0  0  4  14502  0  0  3  129  5939  0  0  0  1  0  2  6  0  5  259  2666  267  26  0  3  6  0  0  2389  1  10  0  0  1  0  0  0  0  0  15  3859  0  8061  22  0  3  11  4  0  0  0  26  1  0  22  0  0  1  0  83  0  3  7  150  867  31  0  21  0  1  0  7  0  
0  21  183827  287134  0  1393  746  738  713  2159  17  7106  0  4  157  775  8572  11922  2  67  3  8  2  0  15  232721  4348  1094407  922582  3591  1  453  1  0  1  15  0  0  0  2446  58148  0  4  13204  0  234317  15  2516  127640  0  2  1883  0  1404  37  1001  354  748  1  9  106  0  3  0  48925  7415  346438  178619  262074  47  315  1  198  6  6  0  0  0  0  179  1  0  7  5  0  0  0  0  0  0  1  3  0  0  0  0  47  17  0  0  0  0  0  1  0  13  0  0  0  0  0  0  0  0  2  0  0  1  7  0  0  0  3  0  0  1  16  0  0  2  0  0  0  0  0  0  5  4  0  107  10  0  11  0  0  0  0  0  
0  0  351310  1  0  309  691  156833  130792  413  0  0  0  0  7  45712  384  773  0  0  0  1  0  0  0  19  47353  46027  78399  190876  0  35  0  0  2  1  0  0  0  1  649  0  1  33  267840  0  0  69  440  0  0  101  0  2039  0  69  0  0  0  0  0  0  0  0  652  2695  62952  28  2792  4  142468  0  4  0  2  0  691  0  0  80  0  214  10984  0  0  0  0  0  2  104  0  1  0  0  0  0  3  3  0  0  0  0  0  1047  0  1  0  0  0  0  0  0  0  0  0  0  0  0  3  4743  0  0  1  0  0  0  4  1  0  0  0  0  0  0  0  0  0  2  0  45  0  0  1  0  2998  0  0  0  
235  0  0  2  17  14491  86  0  2  63  0  1529  88259  18515  10  1007  3342  216493  0  0  1  2  580  383319  0  0  4  0  8  2  7045  77958  1  18  139  0  0  0  231561  3456  41  0  402  20  100  2  0  1941  53765  2  0  12117  16  95  0  5  4  0  7  0  19  4956  178152  84801  1  565  12  512  18  66750  0  0  74  9  12  2  0  0  2  68  0  0  1  0  0  0  0  0  2  0  1  0  0  0  3  1  35  17  0  0  0  0  0  1  0  19  0  0  1  0  0  0  0  0  1  0  0  0  4  0  0  4  5  0  0  1  24  1  0  0  0  1  2  0  6  0  7  20  0  51  1  0  2  5  0  0  5  1  
0  147  0  832  0  12  8  0  60  3855  0  168  185  0  0  0  394158  35724  61  0  50  3060  25001  1260  3  267  56  2  14  177  0  13748  242859  163495  380278  261  5428  67968  5  467  88240  0  232790  17686  702  7  1800  0  3322  660  69  14  0  1  1  139  12411  284  35558  4269  11277  0  5404  0  671  1072  669  128  27  218  0  38116  459443  68466  0  20  0  1  0  57  0  0  1  73  1  0  0  0  2  0  39  23  0  0  178  64  1196  45  4  2  0  0  0  0  3  23  1  3  16  3  1  0  0  0  80  0  0  38  55  0  3  218  1  0  0  1  1  0  2  28  1  2  7  0  128  0  7  0  3  459  59  1  34  1  0  0  151  38  
4  31  36  112837  0  31758  675  71  264  1009  0  282650  4  42574  90  535  141865  294682  1  3  3  16  163  278  0  1725  2466  11  19737  1860  1092  35934  68  106  21  17  0  1  63711  205035  125447  0  22  3204  168063  1110  76546  4521  0  0  7  14969  19  3369  3  409  743  117  8  2  81  94  1080  14  20283  6906  4144  181485  22864  17094  18  1  94  54  159  0  0  0  24  610  0  1  5  2  0  0  0  1  9  0  9  43  0  0  2  1  268  222  0  1  0  0  0  2  1  124  0  0  0  0  0  0  3  1  8  0  0  1  46  1  10  2  67  0  0  10  399  11  0  17  0  0  2  0  4  0  30  125  2  1025  40  1  27  10  0  0  8  1  
0  41  0  0  0  0  0  0  0  1  0  0  0  0  0  0  8  3  4  0  213348  136  118513  0  3  0  0  0  0  0  0  9  1  58  1158  0  579205  63791  0  0  4  0  157844  30  0  0  0  1909  0  0  0  0  0  0  0  0  3  0  14302  41032  203153  0  0  0  0  0  0  0  0  1  0  209042  63195  31  0  1  0  0  0  0  0  0  0  0  0  0  0  0  0  0  0  0  0  0  5  1  0  0  0  0  0  0  0  0  0  0  0  0  0  0  0  0  0  0  0  0  0  0  0  0  0  0  0  0  0  0  0  0  0  0  0  0  0  0  1  0  0  0  0  0  0  0  0  0  0  0  0  0  
0  378323  0  0  0  0  0  0  0  0  2  0  0  0  0  0  0  0  29077  821  81557  174638  6  0  0  1  0  0  0  0  0  0  0  0  0  1  12  43  0  1  22  12732  0  108404  6  0  1  75  55  0  0  0  0  0  0  0  77591  84  5019  49  251192  0  0  0  4  0  0  10  0  0  0  61  2  0  0  2  0  0  0  0  0  0  0  0  0  0  0  0  0  0  0  0  0  0  6  11  0  0  0  0  0  0  0  0  0  0  0  0  0  0  0  0  0  0  0  0  0  0  0  0  0  0  0  0  0  0  0  0  0  0  0  0  0  0  2  0  0  0  0  0  0  0  0  0  0  0  0  0  
24465  0  2  0  54  55606  2158  38  68  53  0  124765  2  267881  198383  5117  57  236  0  2  0  0  1  1268  0  3  771  0  5196  135  3097  77  0  0  1  0  0  0  8033  28397  37  0  0  79  1221  335  2552  2  25195  0  0  0  186374  209500  1  298  3  5  0  0  0  17426  74  38  304  2367  622  349987  9258  16221  10  0  1  0  178  0  0  1  36  289  4  5  5  0  0  0  0  1  6  0  1  10  0  0  0  0  14  90  0  0  0  0  0  1  1  79  0  0  0  0  0  0  10  0  0  0  0  0  13  0  13  0  129  0  0  25  318  16  0  0  0  0  0  0  0  0  24  119  1  211  2  2  10  3  7  0  0  0  
37712  0  0  0  24097  9458  7  0  0  0  0  0  0  387  178239  6591  0  2  0  0  0  0  0  11  0  0  1  0  0  0  22  0  0  0  0  0  0  0  40  2  0  0  0  0  1  0  16  0  16  0  0  432949  0  44588  0  1  0  0  0  0  0  904  1  1  0  79  0  3  4  179  0  0  0  0  0  0  0  0  0  0  0  0  0  0  0  0  0  0  0  0  0  0  0  0  0  0  0  0  0  0  0  0  0  0  0  1  0  0  0  0  0  0  0  0  0  0  0  0  0  0  0  0  2  0  0  0  0  0  0  0  0  0  0  0  0  0  0  0  0  1  0  0  0  0  0  0  0  0  
0  0  65  0  0  28125  29463  46355  575  258  0  1  0  13  296021  1104802  142  238  0  0  0  0  1  0  2  24  5465  25  3380  485  2  44  0  0  0  13  0  0  0  59  216  0  0  15  2363  4145  10  23  2690  0  0  348245  14285  0  2  2913  0  1  0  0  0  0  1  0  2023  38053  5232  152889  226099  32  1078  0  4  0  49  0  5  0  22  955  51  126  42  0  0  0  0  0  2  4  1  4  0  0  0  0  7  38  0  0  2  0  0  0  3  75  0  0  0  0  0  0  2  0  2  0  0  0  162  9  1  0  35  0  0  7  159  405  0  3  0  0  0  0  0  0  24  52  3  1573  2  0  13  10  97  0  0  0  
0  0  0  0  0  4  3  0  42  29  0  0  0  0  1  0  5  2  0  1  0  0  0  0  229955  166938  76  0  0  92  0  0  0  0  0  8958  0  0  0  0  167  0  0  10  13  0  1  12  138  0  0  14  0  0  0  54251  0  3  0  0  1  0  0  0  617  30  27  32  0  0  0  0  82935  0  0  0  0  0  0  0  0  0  0  0  0  0  0  0  0  0  0  0  0  0  0  0  0  0  0  0  0  0  0  0  0  0  0  0  0  0  0  0  0  0  0  0  0  0  0  0  0  0  0  0  0  0  0  0  0  0  0  0  0  0  0  0  0  0  0  0  0  0  0  0  0  0  0  0  
0  197  11  24  0  312  1260  137  7572  3052  15  20  0  0  4  237  1433  440  21970  19557  5  293  99  0  617931  136666  893591  71  325  11825  0  57  0  0  3  51979  0  1  0  217  52302  0  6  2581  4914  148  4  7695  7946  1  10  667  0  807  106573  0  229  232878  69  54  1524  0  0  0  274719  10465  243071  1322  1256  4  6398  8  273888  258  2  0  0  0  1  188  0  8  3  2  0  0  0  0  0  0  0  0  0  0  0  0  2  5  0  0  0  0  0  0  0  3  0  0  0  0  0  0  0  0  0  0  0  0  12  1  0  0  1  0  0  0  7  20  0  1  0  0  0  0  0  0  0  2  0  114  1  0  0  0  2  0  0  0  
0  127059  0  12  0  82  2  1  1  21  5571  16  0  0  0  2  7  22  684541  55138  1870  11630  4  0  1002  81  41  0  3  42  0  1  0  0  0  0  90  512  0  327  358  393621  0  202834  506  0  3  2573  11346  0  141721  238  0  7  0  258  0  240687  146825  1078  13781  0  0  0  411  20  8  1811  12  7  0  957  144714  8  0  0  0  0  0  2  0  0  0  0  0  0  0  0  0  0  0  0  0  0  0  0  0  0  0  0  0  0  0  0  0  0  0  0  0  0  0  0  0  0  1  0  0  0  0  0  0  0  0  0  0  0  1  0  0  0  0  0  0  0  0  0  0  0  0  2  0  0  0  0  0  0  0  0  
0  9289  0  19  0  251  14  0  6  72  7320  15  0  0  2  6  29  28  505554  724474  35  4161  67  0  52579  101  49794  0  10  187  0  0  0  0  0  57  2  10  0  145  1105  705  0  130410  2501  2  5  11344  11687  1  956  3177  0  27  7  262185  176089  0  1832  176  7101  1  0  0  120041  50  209  6306  27  5  0  91  51283  144  1  0  0  0  0  6  0  0  1  0  0  0  0  0  0  0  0  0  0  0  0  0  1  0  0  0  0  0  0  0  0  0  0  0  0  0  0  0  0  0  0  0  0  0  0  0  0  0  1  0  0  0  1  0  0  0  0  0  0  0  0  0  0  1  0  5  0  0  0  0  0  0  0  0  
0  265773  0  3  0  34  3  1  7  25  12  5  0  0  0  1  11  7  274541  38  56842  5291  309  0  12032  26  78  0  1  65  0  1  2  72  31  4  167713  105377  0  47  462  13  226  10139  120  1  3  15710  4166  277  2755  338  0  6  2  288  254673  4217  0  123504  71177  0  0  0  810  12  11  1138  4  3  0  199847  344701  267  0  0  0  0  0  0  0  0  0  0  0  0  0  0  0  0  0  0  0  0  0  0  0  1  0  0  0  0  0  0  0  0  0  0  0  0  0  0  0  0  0  0  0  0  0  0  0  0  0  0  0  0  1  0  0  0  0  0  0  0  0  0  0  0  0  0  0  0  0  0  0  0  1  0  
0  160586  0  0  0  0  0  0  8  25  0  0  0  0  0  0  27  10  486  1  417036  883  2079  0  18  3  13  0  0  17  0  24  1  14  50  2  384871  2163  0  1  251  0  467  449  3  0  0  580  35  32537  122  2  0  0  0  27  910  80  93096  0  267807  0  0  0  86  13  4  5  0  1  0  257478  3417  72  0  11  0  0  0  0  0  0  0  0  0  0  0  0  0  0  1  2  0  0  230  147  61  4  1  0  0  0  0  0  0  4  0  0  0  0  1  0  0  0  6  0  0  33  1  0  1  20  0  0  0  0  1  0  0  0  0  0  0  2  129  0  2  0  0  2  0  0  0  0  0  0  13  2  
0  262395  0  1  0  15  28  1  1041  1098  20  7  0  0  0  1  252  74  8043  59  538324  806556  189627  0  210  42  935  1  3  2137  0  904  27  110  579  19  15314  13255  0  50  19003  3610  11823  77772  159  0  5  5344  2138  171892  253799  37  0  0  0  1005  88541  1539  68284  158684  0  0  1  0  6124  624  282  257  6  12  1  34522  198783  422  0  148  0  0  0  6  0  0  0  12  1  0  0  0  0  0  9  5  0  0  1945  2212  240  9  0  0  0  0  0  1  2  10  0  0  3  0  0  0  0  0  9  2  0  369  3  0  1  47  0  0  1  1  0  0  0  2  1  0  4  0  794  0  8  1  1  17  5  0  0  0  0  0  36  5  
73235  0  0  0  788  1005  0  0  0  0  0  0  109136  65240  1886  11750  6  23  0  0  0  0  0  86181  0  0  0  0  0  0  1908  48  0  0  0  0  0  0  3858  89  0  0  0  0  0  0  1874  0  50  0  0  5098  20  4  0  0  0  0  0  0  0  0  664  35197  0  1  0  1  1  6201  0  0  0  0  0  0  0  0  0  1  0  0  0  0  0  0  0  0  0  0  0  0  0  0  0  0  0  0  0  0  0  0  0  0  0  0  0  0  0  0  0  0  0  0  0  0  0  0  0  0  0  0  0  0  0  0  1  0  0  0  0  0  0  0  0  0  0  0  0  1  0  0  0  0  0  0  0  0  
31  0  0  0  3  152  13  0  1  22  0  0  304  899  0  187  5596  70092  0  0  5  0  685  440218  0  0  0  0  0  0  361458  207078  0  1  78  0  0  1  1263  50  18  0  128  5  19  1  199699  3243  803  0  0  201  0  4  0  0  1  0  6  2  6  1991  0  58005  0  43  2  1  1  69425  0  2  29  3  1  0  0  0  0  8  0  0  1  1  0  0  0  0  0  0  0  3  0  0  3  0  32  9  0  0  0  0  0  0  47  286  0  0  0  0  0  0  0  0  2  0  0  1  0  0  0  1  0  0  0  0  0  0  0  0  0  0  0  0  6  0  20  1  0  4  0  0  2  7  0  0  3  2  
48483  0  0  0  100  145  2  0  1  0  0  0  198634  12063  0  1819  27  501  0  0  0  0  4  807823  0  0  0  0  0  0  6348  1416  0  0  4  0  0  0  32205  159  0  0  18  0  1  0  176387  1  115  0  0  136  0  2  0  0  0  0  0  0  0  52433  115721  0  0  3  0  0  0  32738  0  0  0  0  0  0  0  0  0  1  0  0  0  0  0  0  0  0  0  0  0  0  0  0  0  0  4  0  0  0  0  0  0  0  2  11  0  0  0  0  0  0  0  0  0  0  0  0  0  0  0  0  0  0  0  0  0  0  0  0  0  0  0  0  1  0  3  0  0  0  0  0  0  0  0  0  0  0  
0  1401  60  864  0  1476  4475  1042  778  5220  596477  144  0  6  8  304  7856  1472  69  263171  50  1076  125  0  97  2297  302360  10  940  425263  2  269  2  2  7  3669  1  5  0  1120  19828  3  25  401805  21964  338  19  31279  45238  0  151  9044  1  617  1176  204956  4038  162072  214  214  5966  0  0  0  0  10408  25862  21176  2111  43  17615  54  39097  453  8  0  0  0  2  1747  4  6  2  0  14777  0  0  0  0  0  1  4  0  86  0  2  34  9  0  0  20  0  0  16713  0  9  0  0  0  0  0  0  0  0  1  60  0  110  9  2  1  2  2  0  0  1  18  27  0  3  0  0  0  0  0  0  0  5  584  262  5  0  5  0  6  0  3  0  
1  0  63  18  0  366410  291229  194879  265232  300704  0  158  0  502  185  43599  38665  5303  0  1  8  517  158  54  0  142  9302  6  1009  10916  78  138365  1  9  360  47  0  1  38  4804  10187  0  517  7950  2554  667  358  6539  10066  0  0  11174  60  20168  4  2541  10  4  9  2  46  26  132  4  5146  0  13612  1661  5541  20477  25555  1  211  32  899  0  3  2  188  164474  228  326  7344  25081  13  1  0  3  33  9  15  117  0  0  7  125  854  608  2  1  1  3  0  715  680  11965  0  1  1  1  0  0  18  2  33  0  0  20  194  2  35  21  338  0  0  71  1765  151  1  86  0  0  1  0  13  0  366  794  22  56056  52  9  55  1220  2581  0  19  3  
0  6  81527  20  0  437  1811  345  9491  5689  20  2  0  0  10  333  15967  5742  0  146  0  1  8  0  14  454969  472206  583669  2251  13063  0  513  0  0  3  1471  0  0  0  7  115515  0  5  4894  468018  113708  5  1264  1831  0  0  663  0  1527  23  211752  5  733  0  0  19  0  1  0  25038  48675  0  962  5059  30  17400  0  49  1  0  0  0  0  1  429  3  5  10  1  0  0  0  0  1  0  1  2  0  0  0  0  29  20  0  0  0  0  0  0  0  7  0  0  0  0  0  0  0  0  4  0  0  0  9  0  0  0  3  0  0  0  5  20  0  3  0  0  0  0  0  0  1  3  0  142  4  0  3  0  6  0  0  0  
0  7  2  50947  0  2847  291  22  29  52  2  182096  0  91  105490  182  96  914  0  5  0  1  0  1  0  413  351  0  239488  121  27  29  0  0  0  0  0  0  8  27905  1021  0  0  643  191205  86  135  55  193474  0  1  295037  0  63433  0  111  60  54  0  0  12  1  0  0  2131  736  246  0  31125  268  1  0  24  0  34  0  0  0  8  74  0  1  4  0  0  0  0  0  2  0  0  2  0  0  0  0  7  15  0  0  0  0  0  1  0  10  0  0  0  0  0  0  1  0  0  0  0  0  5  0  2  0  19  0  0  4  89  4  0  1  0  0  0  0  0  0  6  23  0  92  0  0  0  0  1  0  0  0  
0  1  14620  1  0  3301  5562  133153  946  1060  0  0  0  6  269960  246769  682  1715  0  0  0  0  0  0  0  46  3085  26  718552  1257  2  141  0  0  0  0  0  0  0  31  542  0  2  172  333110  10657  3  147  8295  0  0  1182  2  243069  0  931  2  2  0  1  3  0  1  0  1724  32352  7325  79958  0  22  826  0  9  1  10  0  25  0  6  970  2  4  10  1  0  0  0  0  1  51  0  1  0  0  0  0  17  12  0  0  0  0  0  0  0  10  0  1  0  0  0  0  1  0  0  0  0  0  7  0  0  0  7  0  0  0  22  10  0  0  0  0  0  0  0  0  2  11  1  166  3  0  3  1  9  0  0  0  
9677  0  0  0  728  240418  57  0  1  23  0  75  2065  4002  15  195679  661  7591  0  0  1  0  111  14921  0  0  3  0  5  0  406243  118792  0  1  11  0  0  0  2958  2237  20  0  48  7  41  3  41432  44  13488  1  0  12534  38  134  0  0  0  0  11  1  4  30274  63839  6945  0  3135  4  1364  7  0  0  0  39  2  17  2  0  0  1  2373  0  0  3  1  0  0  0  0  0  133  1  6  0  0  4  0  40  62  0  0  0  0  0  0  9474  616  0  0  0  0  0  0  0  0  3  0  0  3  2  0  0  2  1  0  0  0  36  0  0  0  0  0  0  0  5  0  26  10  0  93  0  0  2  1187  0  0  3  0  
0  0  4388  0  0  183  2266  2528  245085  311  12  0  0  0  4  228  1288  1118  0  0  0  1  1  0  0  11  145139  196  254  341915  0  48  0  0  0  2  0  0  0  0  1975  0  0  21  1674  154083  0  163  198  0  0  70  0  342  0  223  0  0  0  0  1  0  0  0  24670  19450  20183  8  622  1  0  0  4  0  2  0  622  0  0  138  11  9  462  0  7  0  0  0  0  6  0  1  0  0  0  0  6  2  0  0  0  0  0  6012  0  2  0  0  0  0  0  0  0  0  0  0  0  0  7  4464  0  0  1  0  0  0  2  17  0  0  0  0  0  0  0  0  1  3  87  149  0  0  1  0  11791  0  0  0  
0  139270  0  0  0  1  1  0  13  19  0  1  0  0  0  0  2  3  1282  1  48789  4724  522  0  9708  2  15  0  0  33  0  1  11  7058  6688  37  1190454  954787  0  4  221  0  108070  1089  1  0  0  37087  50  166003  177  1  0  0  0  12  4596  13  231157  280804  46478  0  0  0  83  11  5  5  0  0  0  0  187767  86  0  0  0  0  0  0  0  0  0  0  0  0  0  0  0  0  0  0  0  0  1  1  3  0  0  0  0  0  0  0  0  0  0  0  0  0  0  0  0  0  0  0  0  0  0  0  0  0  0  0  0  0  0  0  0  0  0  0  0  0  5  0  0  0  0  0  0  0  0  0  0  0  0  0  
0  1685  2  19  0  71  32  1  831  2121  61  9  0  0  0  2  1382  369  269512  306  170  22098  19328  0  874917  27210  3023  0  12  4866  1  436  9486  511801  104736  29349  91798  987528  0  205  33974  1  146409  52171  560  4  20  490197  5426  50808  126  485  0  4  85455  201145  81039  29040  475131  4405  164529  0  5  0  26109  618  614  1427  14  36  7  237860  0  26603  0  8  0  0  0  16  0  0  0  17  0  0  0  0  0  0  7  5  1  0  72  20  349  8  1  1  0  0  0  0  1  3  0  0  4  0  1  0  0  0  33  0  0  14  16  0  0  82  0  0  0  1  2  0  0  3  1  0  5  2  66  0  1  2  1  65  6  0  2  0  0  0  57  5  
0  10  0  426  0  1  1  0  2  128  0  29  0  0  0  0  1097  105  16  0  11  746  604  0  3  2686  29  0  1  63  0  57  289299  201035  1077  138339  5  251  0  19  101517  0  797  4932  20  0  3  140866  164  7  1  1  0  0  0  73  553  45  1339  66  214  0  2  0  245  25  12  12  0  6  0  40  45140  0  0  4  0  0  0  1  0  0  1  12  0  0  0  0  0  0  6  4  0  0  18  4  209  5  0  2  0  0  0  0  0  0  0  0  3  1  1  0  0  0  21  0  0  1  3  0  0  44  0  0  0  0  0  0  0  1  0  0  4  0  20  0  0  0  0  12  3  0  0  0  0  0  36  5  
0  0  0  0  0  600  8  0  1  1  0  2  0  11  0  0  7  3  0  0  0  0  1  0  0  0  0  0  1  1  109  13  0  0  0  0  0  0  0  55  1  0  0  1  1  0  0  1  82  0  0  130  0  3  0  0  0  0  0  0  0  0  0  0  0  120  0  12  0  12  0  0  1  0  0  2  0  5  233258  83798  13  4  1  1  0  92  71  24538  133388  13209  31  6794  0  0  2  0  262  305449  1  0  0  1  0  0  69841  22277  0  3  3  0  0  1  4787  353  13  0  1  4  34  0  16779  2  17912  0  0  26384  86067  1664  0  3  0  1  2  0  9  18641  26027  14292  4  839  3  316  104  44047  3  0  15  1  
0  36  0  0  0  0  0  0  0  12  0  0  0  0  0  0  96  12  0  0  104  64  22  0  0  0  0  0  0  0  0  60  0  2  1  2  1  0  0  0  70  0  16  13  0  0  0  110  2  1  3  0  0  0  0  0  8  0  7  0  111  0  0  0  1  7  0  0  0  4  1  0  38  36  0  0  0  0  0  3  0  0  0  14  0  0  0  0  0  0  5  17  249087  4  353875  6266  566  14  7  37  0  0  0  0  6  30  0  2  2  57  194801  13  0  0  561  196231  1  964  4  0  4  158  2  1  44409  0  1  0  0  2  21246  555  104436  177362  113397  0  16  0  9  8  0  0  2  1  0  368  2069  20  
0  0  14840  0  0  5  0  22  328  0  0  0  0  0  0  9385  0  0  0  0  0  0  0  0  0  0  0  0  0  166  0  0  0  0  0  0  0  0  0  0  0  0  0  0  0  458  0  0  0  0  0  0  0  0  0  0  0  0  0  0  0  0  0  0  0  3  0  0  0  0  425  0  0  0  2  0  0  0  6  3  3  73571  6313  1  0  0  0  0  7  335006  2  0  0  0  0  0  6  2  2  5  65692  217011  208423  65521  0  5  0  1  0  2  0  0  0  1  11  0  0  6  298160  362874  3  0  23  0  0  6  40  722  1  319  0  0  0  0  0  0  2  1  217  1520  48358  4  37733  1  580  0  12  0  
0  0  0  0  0  7  0  0  0  0  0  0  0  0  0  1  2  1  0  0  0  0  1  0  0  0  0  0  0  0  0  0  0  0  0  0  0  0  0  0  0  0  0  0  0  0  0  0  0  0  0  1  0  0  0  0  0  0  0  0  0  0  0  0  0  1  0  0  0  0  0  0  0  0  26  0  0  0  14  16  0  0  2  14  0  323704  0  20  1047  0  51387  32069  0  0  0  0  103  208  127  440206  0  139299  199175  2  0  8  24856  16194  14201  928  0  0  1  934  170029  0  0  428  153124  0  26  5262  473098  0  0  2838  159  16  7  74  1  12  0  0  0  0  17  32  471  12  11383  229299  398  1  2  0  638  3549  
0  0  0  0  0  322  4  1  0  1  0  0  0  2  0  2  5  1  0  0  0  0  1  0  0  0  1  0  0  0  1  2  0  0  0  0  0  0  0  35  0  0  0  0  0  0  1  0  73  0  0  109  0  0  0  1  0  0  0  0  0  0  0  0  0  83  1  9  2  5  0  0  0  0  196097  1  0  0  0  206178  14  2  2  0  0  7  0  12  1073  328637  10  1087  0  0  0  0  77  3617  0  0  0  0  0  0  1672  4349  0  2  0  0  0  0  21  18  4  0  0  1  27  0  732  0  5866  0  0  376  328176  638  0  1  0  0  1  0  6  3  4553  435  4  755  1  140  58  12203  9  0  2  0  
0  0  0  0  0  34382  2356  11  3  6  0  7  0  82  3  1530  40  243  0  0  1  0  7  3  0  0  8  0  7  10  416  8995  0  0  2  0  0  0  3  704  4  0  1  3  8  5  15  2  744  0  0  987  1  37  0  10  0  0  1  0  0  1  11  0  6  107414  13  32  23  1893  0  0  1  0  126514  1  22  9  231218  0  183417  67  7  9  0  4  3  29  118  663487  85  1345  0  0  3  1  1108  26593  0  8  2  10  0  0  10181  62719  0  6  5  2  1  0  44  6  57  0  0  3  162  8  388  4  1467  0  0  228  259220  172105  2  26  0  0  4  0  28  0  48029  28577  18  307785  8  84  144  243390  33  0  28  0  
0  0  1  0  0  469  7546  765  33  5  0  0  0  2  1  6791  5  7  0  0  0  0  0  0  0  0  11  0  1  1  0  2  0  0  0  0  0  0  0  4  0  0  0  0  7  3  0  0  8  0  0  22  0  76  0  10  0  0  0  0  0  0  0  0  2  1176  6  1  4  1  4  0  0  0  459  0  3301  0  877  176401  0  206533  352  1  0  0  0  0  132  403579  5  38  0  0  0  0  67  264  0  0  19  1133  0  0  79  1114  0  0  0  0  0  0  0  0  5  0  0  1  1003  1864  14  0  112  0  0  37  6526  684325  0  46  0  0  0  0  0  0  247  124  23  279830  41  32  413  43  280  0  4  0  
0  0  162  0  0  487  3935  20740  453  4  0  0  0  0  1  8812  4  6  0  0  0  0  0  0  0  0  5  0  2  12  0  0  0  0  0  0  0  0  1  1  0  0  0  0  7  90  0  0  9  0  0  40  0  45  0  5  0  0  0  0  0  0  0  0  6  2331  10  1  3  0  19  0  0  0  324  0  30019  2  718  731  191924  0  53652  11  0  2  1  0  73  286293  10  50  0  0  0  0  60  249  8  12  389  231  785  103  63  893  0  0  0  3  0  0  3  3  47  0  0  19  4820  180049  9  1  115  0  0  33  4535  522106  0  276  0  0  0  0  0  0  235  106  174  223229  174  18  203883  56  9815  0  67  0  
0  0  4798  0  0  156  110  6741  20767  9198  0  0  0  0  0  1291  26  14  0  0  0  31  1  0  0  0  0  0  0  841  0  8  0  0  0  0  0  0  0  0  4  0  0  13  1  3154  1  3  18  0  0  6  0  4  0  0  0  0  0  0  0  0  0  0  4  6449  2  0  0  0  346  0  1  0  55  0  2781  0  29  353  45  76412  0  74391  2  0  0  0  49  990  8  22  0  0  0  8  2831  55  72  351  7876  228  2  33309  8  128  0  0  2  47  0  0  0  0  1099  0  0  691  2536  285372  5  5  50  0  0  27  188  987  54  27178  0  0  0  0  3  0  32  67  19590  288059  2115  7  779  11  284243  0  279  1  
0  0  0  2  0  12  4  0  1316  33197  4  0  0  0  0  0  2603  546  0  0  6  7939  22  0  0  2  57  0  4  768  7  382  0  1  66  1  0  0  0  1  1243  0  103  1386  35  1  3  904  173  0  2  2  0  0  1  59  3  0  1  2  39  0  3  0  407  22851  407  14  8  12  1  0  31  18  6  1  0  7  1  165  0  0  78529  0  242  4  8  0  319  0  205  673  1  0  20  15951  87522  942  185  510  5  0  4  84232  34  921  6  18  24  120  0  1  0  0  7095  2  6  173193  1437  19  138  385  198  0  0  21  13  15  83  16042  13  3  4  0  38  0  121  53  27110  184770  1157  77  2339  66  15  0  1813  24  
0  0  0  0  0  0  0  0  1  53  43022  0  0  0  0  0  0  0  0  156  0  13518  0  0  0  0  0  0  0  25670  0  0  0  0  0  0  0  0  0  0  0  118  0  5045  0  0  0  0  0  0  0  0  0  0  0  0  0  0  0  0  1  0  0  0  5464  6  0  0  0  0  0  0  0  0  0  3  0  0  0  0  0  0  1  227  0  0  0  0  0  0  0  0  13655  309254  1  126432  0  0  11  0  891  0  0  97827  0  0  0  0  0  0  0  0  0  0  27  155992  0  399385  1  0  0  0  2  0  84  0  0  0  0  234  233  161539  1  0  169  0  0  0  461202  1  0  2  0  0  0  0  10  0  
0  0  0  0  0  41  1  1  0  0  0  0  0  0  0  0  1  0  0  0  0  0  0  0  0  0  0  0  0  0  1  1  0  0  0  0  0  0  0  1  0  0  0  0  0  0  0  0  0  0  0  1  0  0  0  0  0  0  0  0  0  0  0  0  0  2  1  1  0  0  0  0  0  0  177  0  1  392432  132  22  0  0  2  0  0  0  954  182894  47769  0  4679  188977  0  0  0  0  70  624  1  639  0  152  1109  2  16  95  64  2005  1572  42  0  0  10966  174727  14  0  0  0  3133  0  5922  94  494248  0  0  100735  3378  77  0  0  1  0  0  0  0  24  38  444  7  13  1  420438  160  9  1  0  18  0  
0  0  0  0  0  1  0  0  0  0  0  0  0  0  0  0  0  0  0  0  0  0  1  0  0  0  0  0  0  0  0  5  0  0  0  0  0  0  0  0  0  0  0  0  0  0  0  0  0  0  0  0  0  0  0  0  0  0  0  0  0  0  0  0  0  0  0  0  0  0  0  0  0  0  86  1  0  2  0  0  0  0  0  4  0  3227  0  105927  5  0  9  1259  0  0  1  0  31  178412  0  0  0  0  0  0  1  4  0  258  5591  0  1  2  80100  1391  1  0  23  0  0  0  90853  127  53  0  0  28175  2  0  0  0  0  0  0  0  7  209920  5  39287  0  3  0  0  0  0  0  0  5  0  
0  0  0  0  0  1  0  0  0  0  0  0  0  0  0  0  0  0  0  0  0  0  0  0  0  0  0  0  0  0  0  0  0  0  0  0  0  0  0  0  0  0  0  0  0  0  0  0  0  0  0  0  0  0  0  0  0  0  0  0  0  0  0  0  0  0  0  0  0  0  0  0  0  0  3942  0  0  27  19  9  0  0  0  0  0  224393  69069  0  125875  0  0  307  0  0  0  0  2  33372  0  0  0  0  53  0  12  25  0  14  2  0  0  1  64263  56592  0  0  0  0  1  0  10814  0  354  0  0  480280  2926  9  0  0  0  0  0  0  0  107598  28  36606  0  1  0  529  3  3  0  0  2  0  
0  0  0  0  0  53  9  2  3  0  0  0  0  1  0  1  13  6  0  0  0  0  0  0  0  0  0  0  0  0  0  3  0  0  0  0  0  0  0  3  0  0  1  0  0  0  0  2  2  0  0  1  0  0  0  0  0  0  0  0  0  0  0  0  0  15  0  0  0  0  0  0  1  0  171808  0  1  4279  1005  87  5  13  247  123  0  33780  28  242156  0  9574  461  294  0  0  0  0  394  71488  140  303  3  7226  128545  21  6  110  0  26  17  36  0  0  2435  356  1178  0  1  591  86218  17  89  12  7449  0  0  1235491  751486  486946  4  198  0  5  0  0  0  199465  110  177  1850  472  612  563332  344899  9  28  0  1252  1  
0  0  4234  0  0  45  385  852  129  0  0  0  0  0  0  21906  0  0  0  0  0  0  0  1  0  0  0  0  0  0  707  10  0  0  0  0  0  0  0  0  0  0  0  0  0  117  0  0  0  0  0  1  0  0  0  0  0  0  0  0  0  0  0  0  0  78  0  0  14  287  3  0  0  0  15088  0  391597  0  325459  896835  384179  320194  2139  0  0  0  0  0  55224  0  0  0  0  0  0  0  0  208  0  0  24  0  82820  12  25323  2  0  0  0  0  0  0  0  0  0  0  0  0  1572  83931  0  0  2  0  0  0  155455  1193051  0  2  0  0  0  0  0  0  233  5  0  1180  7  16  174903  158201  108  0  0  0  
0  0  0  0  0  5  0  0  2  20  0  0  0  0  0  0  69  16  0  0  1  0  4  0  0  0  0  0  0  0  4  36  0  0  6  0  0  0  0  0  18  0  2  8  1  0  0  32  5  0  0  0  0  0  0  0  0  0  0  0  0  0  0  0  0  9  1  0  0  1  0  0  6  2  30  2  0  54385  21  51  0  1  60  366  0  996  13  0  3887  0  0  218681  6  0  2  104  122495  35444  75  9584  5  58  128  9  44  704  25971  419  60927  57  0  0  0  4  79239  0  100  551  11816  34  3298  199293  71271  4  0  312  116  51  0  139  24  51  392  1  439  0  2160  634  573  193  157  886  3095  89  6  1  1028  262  
0  0  0  0  0  23  0  0  0  6  0  0  0  0  0  0  51  32  0  0  5  0  38  1  0  0  0  0  0  0  64  152  0  0  1  0  0  1  0  2  17  0  7  3  1  0  1  31  19  0  0  5  0  0  0  0  0  0  0  0  0  0  0  0  0  14  0  0  2  6  0  0  11  8  10952  31  0  34444  4073  468  0  1  6  103  0  112291  1067  965  1342  1  257509  0  0  0  96  34  90642  129471  19  135  0  3  8  1  2690  2619  32  384  38400  10  5  1  4855  5766  513  1  21  140  708  3  247692  3820  262597  1  0  1150  29563  199  1  35  4  12  43  3  281  17  15976  23261  53  228  29  1358  3486  158  6  0  249  52  
0  0  0  0  0  0  0  0  0  0  0  0  0  0  0  0  0  0  0  0  0  0  0  0  0  0  0  0  0  0  0  0  0  0  0  0  0  0  0  0  0  0  0  0  0  0  0  0  0  0  0  0  0  0  0  0  0  0  0  0  0  0  0  0  0  0  0  0  0  0  0  0  0  0  0  318278  0  0  0  0  0  0  0  5  11623  0  0  0  0  0  1  0  0  76964  1385  48898  60  0  104213  68  0  0  0  0  0  0  1  0  1  110  7855  44  0  0  6626  202524  0  118460  0  0  0  1  0  1  21741  0  0  0  0  364  785260  419695  302115  5041  33695  0  0  0  112  0  0  0  0  0  0  2158  233942  0  
0  0  0  0  0  0  0  0  0  0  83  0  0  0  0  0  0  0  0  0  0  0  0  0  0  0  0  0  0  202  0  0  0  0  0  0  0  0  0  0  0  0  0  22  0  0  0  0  0  0  0  0  0  0  0  0  0  0  0  0  0  0  0  0  16  0  0  0  0  0  0  0  0  0  1  7  0  4  0  0  0  1  11  27  340602  0  0  0  125  0  8  1  114275  0  0  620  32  4  66639  62  120725  2  1  2876  0  1  0  0  0  3  0  0  0  0  5134  185077  0  71095  829  12  1  3  724  0  112  13  4  1  0  204611  1009  466365  2  0  137  0  1  0  502107  7  85  113  952  0  59  0  959  0  
0  325  0  0  0  3  0  0  2  116  0  0  0  0  0  0  693  137  0  0  2481  4306  236  0  0  0  0  0  0  2  0  447  1  58  44  1  4  9  0  0  978  0  207  151  0  1  18  1329  15  1  66  0  0  0  0  4  25  1  80  44  2342  0  1  0  13  79  3  0  0  29  0  1  616  589  0  375706  0  0  2  18  0  0  1  62  0  0  0  0  0  0  33  77  4635  0  0  25624  151225  139  6197  12  0  0  0  0  36  128  10  9  9  10  275608  14456  0  0  343  83540  29232  197  36  0  15  936  6  264313  125086  0  2  0  0  18  109  35  9036  664075  625442  0  73  8  2  56  17  1  8  16  0  107628  32084  103  
0  126  0  0  0  0  0  0  1  645  1475  0  0  0  0  0  103  22  0  0  3015  184054  314  0  0  0  0  0  0  63  1  72  1  14  7  0  11  1  0  0  574  151  54  867  0  0  4  436  10  1  43  0  0  0  0  0  12  0  17  41  5626  0  0  0  7  1045  4  0  0  3  0  1  141  169  0  8903  0  0  0  1  0  0  103  3396  140632  0  0  0  17  0  141  47  66413  231  63431  0  56172  21  160  233  0  0  1  2772  2  13  3  19  37  250  9  0  0  0  16827  218042  0  855738  23  0  3  496  40  2  227629  0  0  0  0  163  5506  12621  7645  7  613748  0  5  0  36707  172  7  13  43  0  0  0  2992  290  
0  1  0  1  0  9  1  0  21  358  0  0  0  0  0  0  1084  454  1  0  135  172  452  0  1  6  0  0  0  18  5  1011  1  40  67  5  1  5  0  0  1629  0  147  268  9  2  9  1888  77  2  0  4  0  0  0  8  44  0  62  26  91  0  0  0  51  232  15  1  1  35  0  1  467  835  6  595  0  61  5  186  0  0  267  39390  0  21  23  0  246  0  126983  87080  47  0  269762  33669  0  117077  922  554  0  1  5  14  105  1955  89  567  149678  511  2099  75  0  0  31645  3  352971  56559  1799  17  2615  47033  337  199703  1  17  21  6  13  4747  283  337  11770  739  403252  0  622  443  523  3766  344  79  2123  190  3  6526  28263  2085  
0  0  0  0  0  185  3  0  0  10  0  1  0  5  0  0  203  114  0  0  17  0  91  3  0  0  0  0  0  1  2410  1926  0  2  6  0  1  0  1  20  47  0  23  6  0  0  2  93  66  0  0  79  0  1  0  1  2  0  4  2  1  0  0  0  0  47  2  2  1  189  0  0  20  17  390195  74  0  91  3386  21255  0  0  1  115  0  70  185310  153715  87259  245  19887  144302  1  0  239  17  96335  0  15  26  2  2  2  0  267931  24242  2  373  9512  8  26  0  9731  65  1102  0  1135  88  592  6  357908  424  24016  0  0  4562  6536  184  2  80  5  8  90  4  904  707054  913345  1065588  22  403  76  133  823  50022  4  0  529  14  
0  0  0  0  0  0  0  0  0  6  0  0  0  0  0  0  10  5  0  0  0  0  0  0  0  0  0  0  0  1  0  14  0  1  0  0  0  0  0  0  8  0  0  1  0  0  0  12  1  0  0  0  0  0  0  0  0  0  1  0  0  0  0  0  0  0  0  0  0  0  0  0  1  4  0  44  1  8  0  9  0  0  73  336  0  1  0  0  170  0  97  105  108568  34612  3120  65  8356  140  0  262230  58968  24  9  7  1  113  33  60  24  243204  99  50893  0  0  32227  129  0  3305  2954  25  17  1377  318  818  58  2  3  2  238527  427895  12385  90040  52628  25  6422  0  17  4  2222  716  6190  195  752  6  5  3644  1156013  144  
0  0  0  0  0  0  1  0  0  2  0  0  0  0  0  0  8  6  0  0  0  0  0  0  0  0  0  0  0  0  0  15  0  0  0  0  0  0  0  0  7  0  3  1  0  0  0  7  3  0  0  0  0  0  0  0  0  0  0  0  0  0  0  0  0  3  0  0  0  0  0  0  0  2  1  6  0  453170  1  5  0  0  19  180  0  5019  0  0  681  0  15537  1418  38  0  2  115  3243  94  252268  0  8  97901  25  48  1  62  78111  78798  533  470890  0  0  0  2  479215  3  0  15075  28612  47  4  1431  41142  0  1  41  4  18  250171  8760  227  178  68  0  373  0  14  3  6563  33  359043  1442  2382  6  10  0  102606  42572  
0  0  3  0  0  21  5  0  1  0  107  1  0  0  0  1  1  0  0  0  0  0  0  0  0  0  0  0  0  1046  0  1  0  0  0  0  0  0  0  0  0  0  0  18  0  0  0  1  1  0  0  1  0  0  0  0  0  0  0  0  0  0  0  0  23  6  1  1  0  0  2  0  0  0  10  0  54244  0  27  24  8  55  4026  2  1070  0  0  0  22  13  1  4  0  94937  0  0  45  12  80014  135  0  558  14  807848  0  31  0  1  0  30  0  0  1  0  458  0  0  3  17770  37488  0  1  10  0  0  7  119  460  88  850738  0  0  0  0  0  0  15  13  261476  3927  387935  2  1278  3  142825  0  90  0  
0  0  0  0  0  3  0  1  0  0  0  0  0  0  0  0  0  1  0  0  0  0  0  0  0  0  0  0  0  0  0  0  0  0  0  0  0  0  0  0  0  0  0  0  0  0  0  0  1  0  0  0  0  0  0  0  0  0  0  0  0  0  0  0  0  0  0  0  0  0  0  0  0  0  1  0  208514  113752  1  4  3  5  120  1  0  227  0  0  113  0  137  6  0  0  0  0  25  17  2  85627  93  0  68456  12  0  2  0  12  4  0  0  0  0  0  26  0  0  6  1014302  57821  4  2  2685  0  0  119  30  557  10964  686  0  0  0  0  0  0  0  0  386  3372  564354  122  132  0  7  0  13  0  
0  0  2  0  0  0  0  0  0  0  0  0  0  0  0  0  0  0  0  0  0  0  0  0  0  0  0  0  0  0  0  0  0  0  0  0  0  0  0  0  0  0  0  0  0  0  0  0  0  0  0  0  0  0  0  0  0  0  0  0  0  0  0  0  0  0  0  0  0  0  0  0  0  0  1  0  219207  235186  1  0  0  1881  0  17  0  415  0  112  133402  54289  47  12  0  0  0  0  44  19  84  40  5  269430  0  1  1  4  0  77  34  8  0  0  0  3  201  0  0  93  1001696  4503  3  9  284  0  0  121807  33  23  0  90  0  0  0  0  0  0  3  2  533  3  1353  375025  443211  0  4  0  354  0  
0  0  1871  0  0  3  3  260  12029  3145  4560  0  0  0  0  5  3  2  0  0  1  3607  0  0  0  0  208  0  0  84423  0  1  0  0  0  0  0  0  0  0  0  1  0  1571  0  614  0  0  3  0  0  0  0  0  0  0  0  0  0  0  2  0  0  0  4326  576  0  0  0  0  9098  0  0  0  2  0  47425  0  0  6  0  30  37815  110999  41798  0  0  0  4  10  1  1  0  1979  0  5511  83  3  14  47  743778  37  3  0  0  11  0  1  1  3  0  0  0  0  134  7  0  33090  1042  312168  0  0  6  0  0  2  5  13  15  14004  0  0  0  0  0  0  0  0  405306  613  7158  2  172  0  501347  0  30  0  
0  0  0  0  0  182  0  0  0  0  0  0  0  0  0  3  10  21  0  0  1  2  10  19  0  0  0  0  0  0  30386  26277  0  0  0  0  0  0  0  0  0  0  1  1  0  0  0  11  4  0  0  4  0  0  0  0  0  0  1  0  0  0  9  0  0  99  0  0  0  17867  0  0  3  0  85214  4  0  3  1904  14206  0  0  1  14  0  9  1  14  5  30148  152  5397  1  0  26  8  580  165458  3  2  0  0  0  0  0  116588  0  9  6  1  1  0  61  0  37  0  1  7  6  0  2426  13  2893  0  0  59  6353  30  0  11  0  2  23  3  132  2  449129  3808  0  49  5  15  11  241678  0  0  102  2  
0  0  0  0  0  276  4  0  0  6  0  0  0  0  0  0  122  154  0  0  1  0  11  2  0  0  0  0  0  0  308  11240  0  0  2  0  0  0  0  2  15  0  3  4  2  1  11  31  39  0  0  10  0  1  0  1  0  0  0  0  1  0  12  0  0  4659  0  1  1  502  0  0  2  4  4379  3  0  23  2930  52347  0  1  13  118  0  11  6  20  46  2  309  12265  0  0  24  5  19981  33410  27  21  0  0  2  2  120537  0  2  11  9  5  2  0  59  5  940  0  2  81  259  1  3078  94  5559  0  0  535  12443  101  7  319  1  2  43  0  344  3  156902  6958  49  29790  106  184  461  110678  1  1  275  4  
0  0  0  0  0  0  0  0  0  7  0  0  0  0  0  0  5  1  0  0  4  0  1  0  0  0  0  0  0  0  0  5  0  0  0  0  0  0  0  0  14  0  0  2  0  0  0  20  0  0  0  0  0  0  0  0  2  0  0  0  0  0  0  0  1  4  0  0  0  0  0  0  6  8  0  2  0  50309  0  0  0  0  0  73  0  553  0  0  0  0  18966  58  0  0  2  25  810  8  29  97321  0  8  8  0  0  2  0  98015  76465  5510  0  0  0  0  166049  0  0  81  2  0  2  223050  19  0  0  0  0  0  0  56  5  1  2  0  29  0  1  1  13  26  1  0  2  0  0  0  556  127971  
0  0  0  0  0  0  0  0  0  1  0  0  0  0  0  0  0  1  0  0  0  0  0  0  0  0  0  0  0  0  0  5  0  1  0  0  0  0  0  0  4  0  0  1  0  0  0  10  0  0  0  0  0  0  0  0  0  0  0  0  0  0  0  0  0  2  0  0  0  1  0  0  2  6  0  0  0  19962  0  1  0  0  0  3  0  4274  305  9  1  0  574  209  4  0  43  77  2895  198  16  69851  0  22  84  0  0  1  64450  0  466903  311301  69  37128  2  0  6937  1  81190  269  4  0  31  67381  31  7357  0  0  1  0  0  15  24  46  170  12  143  18  2  0  2  2  2  2  3  0  0  26614  899499  73332  
0  0  0  0  0  0  0  0  0  10  0  0  0  0  0  0  30  8  0  0  0  0  2  0  0  0  0  0  0  1  0  2  0  0  0  0  0  0  0  0  14  0  0  5  0  0  0  22  2  0  0  0  0  0  0  0  0  0  0  0  1  0  0  0  1  3  0  0  0  0  0  0  2  0  0  2  0  13271  0  2  0  0  0  119  0  2027  3966  3  2  0  78741  26235  5  0  60  45  183110  7603  9  3409  0  14  86  0  0  1  46613  404331  0  118  4372  4061  0  0  1001  0  229691  195  5  1  65  289202  15  248421  0  1  0  0  0  11  19  37  299  9  160  7  0  2  0  86  0  0  1  0  0  9119  74355  7695  
0  0  0  0  0  0  0  0  0  0  0  0  0  0  0  0  8  2  0  0  0  0  1  0  0  0  0  0  0  0  0  6  0  0  1  0  0  0  0  0  3  0  2  0  0  0  0  12  0  0  0  0  0  0  0  0  0  0  0  0  0  0  0  0  1  0  0  0  0  0  0  0  3  3  0  3  0  331  0  0  0  0  5  52  0  48  0  0  16  0  112  16  83  0  0  108  2371  17  77624  497369  2  3  0  2  3  11  5686  306981  264  0  1  1  0  0  228851  4  0  887  756  6  3  1362  18  6  3  1  0  0  88769  5270  53  27  229  0  665  0  1  0  55  23  2635  8  112  2  1  0  149990  131855  
0  1  0  0  0  0  0  0  0  4  0  0  0  0  0  0  25  1  0  0  4  1  1  0  0  0  0  0  0  0  0  19  0  0  1  0  0  0  0  0  11  0  4  1  0  0  0  19  0  0  0  0  0  0  0  0  0  0  0  0  4  0  0  0  0  2  0  0  0  0  0  0  8  3  0  243160  0  0  0  0  0  0  0  2  0  0  0  0  0  0  3  4  3383  0  283772  30  3506  8  31  1  0  0  0  0  3  1  0  94  1411  0  0  373639  0  0  19  50  190750  5  0  0  1  23  0  317216  8  0  0  0  0  0  9  0  85495  652646  929  0  4  3  0  1  0  0  0  3  0  696278  670  5  
0  0  0  0  0  0  0  0  0  0  0  0  0  0  0  0  0  0  0  0  0  0  0  0  0  0  0  0  0  0  0  0  0  0  0  0  0  0  0  0  0  0  0  0  0  0  0  0  0  0  0  0  0  0  0  0  0  0  0  0  0  0  0  0  0  0  0  0  0  0  0  0  0  0  0  17  0  0  0  0  0  0  0  0  0  6  1  1  0  0  6  0  8  0  88577  3  1142  0  44953  2  0  0  0  0  0  0  0  85785  12836  2  267763  0  0  0  91  0  224018  27  0  0  0  647  0  180477  0  0  0  0  0  0  1  0  23722  89082  41637  0  0  0  1  0  0  0  0  0  0  929426  991850  3  
0  0  0  0  0  66  1  0  0  0  0  0  0  0  0  0  0  1  0  0  0  0  0  0  0  0  0  0  0  0  0  2  0  0  0  0  0  0  0  3  0  0  0  0  0  0  0  0  3  0  0  8  0  0  0  0  0  0  0  0  0  0  0  0  0  20  0  1  0  0  0  0  0  0  10686  0  0  7  813  195  0  0  0  0  0  43607  76660  110286  965  0  1  14106  0  0  1  0  10  21360  0  0  0  0  0  0  411  778  0  11  1  0  0  0  0  67063  1  0  0  0  3  0  131248  0  94729  0  0  30351  50906  6  0  0  0  0  0  0  0  2210  964  63510  1  15  0  43  5  10  0  0  3  0  
0  0  0  0  0  65  4  0  0  0  0  0  0  0  0  0  0  1  0  0  0  0  0  0  0  0  0  0  0  0  0  0  0  0  0  0  0  0  0  1  0  0  0  0  0  0  0  0  2  0  0  4  0  0  0  0  0  0  0  0  0  0  0  0  0  15  0  1  0  0  0  0  0  0  414  0  0  1289  265  19  0  0  0  0  0  233624  381  75879  391  0  3  14307  0  0  0  0  12  401  0  0  0  1  1  0  9  47  0  2  1  0  0  0  54212  0  2  0  0  0  65  0  1909  0  113993  0  0  57078  18752  23  0  0  0  0  0  0  0  61  28  615  0  12  0  9526  34  1  0  0  0  0  
0  0  0  0  0  12  3  0  1  83  0  0  0  0  0  1  132  65  0  0  7  1  21  0  0  0  0  0  0  4  1  131  0  5  4  1  0  1  0  0  182  0  16  36  0  0  0  219  10  0  0  0  0  0  0  0  3  0  5  3  0  0  1  0  3  53  3  0  0  2  0  0  47  76  5  77  4  141052  6  49  0  3  257  3925  1  471  1  0  6454  0  85263  4798  1981  12  61  6723  119016  4001  27221  481367  56  2040  94  119  16  539  146496  14892  1579  280829  6  17  2  4  0  254  5  86468  86773  538  530  173229  396770  10  50  733  108  172  43216  10935  10688  2916  4748  5  8947  0  131  117  25470  736  34988  2291  50290  50  82  2  122470  105709  
0  2  0  0  0  0  0  0  0  0  14581  0  0  0  0  0  0  0  0  85  1  10279  0  0  0  0  0  0  0  2  0  0  0  0  0  0  0  0  0  0  0  835  0  2798  0  0  0  0  0  0  1  0  0  0  0  0  0  0  0  0  3  0  0  0  0  0  0  0  0  0  0  0  0  0  0  186076  0  0  0  0  0  0  0  0  173009  0  0  0  0  0  1  0  143883  149570  82401  205248  4  0  5  12  0  0  0  3  0  0  0  0  0  13  14  0  0  0  126  0  0  256348  0  0  0  0  0  0  208443  0  0  0  0  0  352281  25007  1706  143  16062  0  0  0  35  0  0  0  0  0  0  3  182  0  
0  0  0  0  0  0  0  0  0  3  0  0  0  0  0  0  5  0  0  0  0  0  0  0  0  0  0  0  0  0  0  0  0  0  0  0  0  0  0  0  1  0  1  1  0  0  0  3  0  0  0  0  0  0  0  0  0  0  0  0  0  0  0  0  0  1  1  0  0  0  0  0  0  0  0  1  0  0  0  0  0  0  0  16  0  0  42  0  0  0  6  2  0  0  64201  2  304632  933  0  1  0  0  0  0  0  0  0  104314  366250  0  234103  161075  0  0  5  0  0  8  0  0  3  441  0  312060  0  0  0  0  0  0  0  0  33  147  30  0  0  0  0  17  0  0  0  0  0  88033  20671  0  
0  3  0  1  0  0  1  0  23  66  11968  0  0  0  0  0  35  24  0  1  405  23750  212  0  0  0  0  0  0  94  1  18  0  2  4  0  1  0  0  0  87  303  6  967  0  0  1  69  9  0  3  0  0  0  0  0  3  0  0  7  414  0  0  0  11  44  0  0  0  1  0  0  10  22  1  3855  0  19  0  10  0  0  2569  227409  335842  3  1  0  312  0  422  223  157464  27362  96  958006  123042  178  3759  1244  0  18  5  43645  4  90  29  54  72  1249  0  12  0  1  190860  203291  2  0  884  1  38  1246  3318  6  60677  18  3  13  3  6470  193351  202648  22349  12  19426  0  14  7  404315  1063  221  572  707  11  2  1  46977  503  
0  1  0  0  0  95  38  0  6  23  0  0  0  0  0  0  132  85  0  0  0  0  4  0  0  0  4  0  0  1  0  43  0  0  0  0  0  0  0  1  25  0  0  8  1  0  0  47  28  0  0  3  0  0  0  1  1  0  0  0  0  0  0  0  2  67  2  1  1  0  0  0  3  10  88  0  469169  99444  65  118  88  263  576  1203  0  3740  0  0  34335  6220  14631  1971  7  5  0  9  8254  4597  3594  29726  1291  1125664  961955  130  19  400  4  92  14  1338  0  0  0  194  23295  2  1  3974  0  372545  375  490  147124  0  0  2001  997  8128  321  7183  32  75  8  0  34  0  298  204  23353  10657  597904  103736  94086  29  309  0  35865  38  
0  0  8361  0  0  68  40  419  4767  0  0  0  0  0  0  3663  0  1  0  0  0  0  0  0  0  0  0  0  0  304  0  0  0  0  0  0  0  0  0  0  0  0  0  0  1  3277  0  0  3  0  0  5  0  1  0  0  0  0  0  0  0  0  0  0  1  34  0  1  0  0  3786  0  0  0  53  0  428114  1  54  64  511  213064  265893  2  0  0  0  0  20  78597  3  10  0  4  0  0  43  31  107  97  50986  72835  3557  341593  8  121  0  2  0  39  0  0  1  1  310  0  0  2  360018  0  1  0  35  0  0  15  433  20706  79  7581  0  0  0  0  1  0  36  32  5899  36338  106917  6  58575  11  95843  0  98  1  
0  0  0  0  0  13  0  0  0  1  0  0  0  0  0  0  13  5  0  0  3  0  18  0  0  0  0  0  0  0  24  110  0  0  1  0  0  0  0  1  11  0  1  2  0  0  0  9  6  0  0  1  0  0  0  0  0  0  2  2  0  0  0  0  0  5  0  0  0  4  0  0  3  8  24886  6  0  48  1194  1505  0  0  0  10  0  23163  68966  28736  78  13  1038  262039  0  0  38  3  889  287947  1  7  0  0  1  0  1481  2630  3  43  330  4  5  0  109334  12938  48  1  80  8  25  0  0  51  56704  0  0  233  10039  39  0  4  1  0  25  0  175  65851  96380  313009  3  28  2  4  15  333  0  0  145  3  
0  0  0  0  0  0  0  0  0  239  0  0  0  0  0  0  174  57  0  0  12  3  35  0  0  0  1  0  0  9  0  145  0  14  21  1  0  2  0  0  506  0  42  86  2  0  0  698  11  0  0  0  0  0  0  1  16  0  14  6  9  0  1  0  19  131  12  1  1  8  0  0  155  286  2  28  0  6921  0  14  0  0  10  3977  0  70  357  2  333  0  210364  13811  39  0  137  760  340760  9198  965  3636  4  2  5  2  14  113  199020  66889  337214  996  17  729  1  0  134200  8  544  3583  5132  35  1386  0  179  7997  4  10  2  8  1  2339  258  261  6309  38  2748  7  104  219  610  1084  67  41  2330  11  7  1516  135725  128286  
0  0  0  0  0  1887  26  0  6  3  0  2  0  9  0  2  46  30  0  0  0  0  1  0  0  0  0  0  1  0  2  33  0  0  0  0  0  0  0  52  1  0  0  0  2  0  0  6  70  0  0  149  0  2  0  0  0  0  0  0  0  0  0  0  0  204  1  12  1  8  0  0  0  0  44746  1  4  414039  14133  1364  8  5  165  261  0  439937  33  708  14229  0  64993  335995  2  0  0  1  7313  39000  89  6815  10  6471  596  25  2219  3886  29  68  156  30  0  0  89263  103127  241571  2  0  1307  113033  48  62686  328  0  0  0  43596  163100  2274  3  146  9  16  1  0  10  206  6208  27170  1936  715  965  192915  32095  300  51  0  537  6  
0  0  0  0  0  0  0  0  0  0  0  0  0  0  0  0  0  0  0  0  0  0  0  0  0  0  0  0  0  0  0  1  0  0  0  0  0  0  0  0  1  0  0  0  0  0  0  1  0  0  0  0  0  0  0  0  0  0  0  0  0  0  0  0  0  0  0  0  0  0  0  0  0  0  0  30  0  0  0  0  0  0  0  1  0  0  0  0  0  0  17  0  7  0  317454  1  253049  0  321  35  0  0  0  0  0  0  0  8869  199646  58  289322  210349  0  0  262  0  198892  122  0  0  0  16724  0  0  0  0  0  0  0  1  4  3  39617  97626  65876  0  0  0  0  0  0  0  0  0  0  114566  134906  64  
0  1  0  0  0  0  0  0  0  0  0  0  0  0  0  0  0  0  0  0  9  1389  0  0  0  0  0  0  0  0  0  0  0  0  0  0  0  0  0  0  0  0  0  0  0  0  0  0  0  0  1  0  0  0  0  0  0  0  0  0  1  0  0  0  0  0  0  0  0  0  0  0  0  0  0  47167  0  0  0  0  0  0  0  0  16  0  0  0  0  0  0  0  20046  161  149595  218336  7  0  4  18  0  0  0  0  0  0  0  0  0  16  42  1  0  0  250  234690  0  32664  0  0  0  0  1  0  0  0  0  0  0  1  18050  12836  4150  451  158211  0  0  0  148  0  0  0  0  0  0  17  425  0  
0  0  0  0  0  2212  154  4  17  2  0  3  0  2  0  5  32  31  0  0  0  0  0  0  0  0  4  0  1  0  0  12  0  0  0  0  0  0  0  26  1  0  0  0  3  1  0  1  69  0  0  147  0  7  0  1  0  0  0  0  0  0  0  0  0  492  3  7  7  7  0  0  0  0  81993  0  28  5233  4310  919  10  19  341  132  0  118088  19097  855761  1146006  1  493  1058  0  0  0  0  774  34994  39  112  8  4847  161970  31  169  1790  0  16  10  17  0  0  25629  45132  1076  0  0  337  6361  22  460  10  14741  0  0  0  365485  113335  1  127  0  0  0  0  2  294063  866  9292  1279  1529  175  443133  24725  112  75  0  551  1  
0  0  0  0  0  6631  184  9  16  5  0  37  0  114  1  14  59  70  0  0  0  0  6  0  0  0  11  0  10  7  8  24  0  0  0  0  0  0  4  667  6  0  0  3  6  1  18  6  1025  0  0  1831  2  49  0  3  0  0  0  0  1  0  0  0  7  1458  11  148  31  78  1  0  2  2  130262  1  52  121  400460  352013  693  100  76  12  0  421  38  10472  900162  144473  143  13609  0  0  5  0  1061  10351  4  5  12  22  200  4  7831  21399  0  6  8  1  1  0  15490  5095  66  0  0  15  626  23  10847  8  91702  0  0  279568  0  379677  1  43  0  0  4  0  15  599  10375  5323  91  9952  30  4263  2102  873  93  0  52  0  
0  0  1  0  0  2401  710  61  126  34  0  0  0  6  0  16  115  128  0  0  0  0  1  0  0  0  12  0  2  4  0  38  0  0  0  0  0  0  0  13  2  0  0  2  22  2  3  6  122  0  0  158  0  76  0  19  0  0  0  1  0  0  1  0  5  1403  15  11  10  2  1  0  0  0  3824  0  7478  130  2928  124459  360948  212974  2341  270  0  48  0  2  411367  1172097  175  734  0  2  1  1  909  2257  78  96  198  2316  179  156  281  5815  0  3  2  33  0  0  16  139  685  0  0  191  7788  4534  96  6  2294  0  0  131779  427770  0  7  1179  3  0  1  0  4  2  1783  1059  2479  79724  1119  20906  181891  363  798  0  916  1  
0  0  0  0  0  0  0  0  0  0  0  0  0  0  0  0  0  2  0  0  0  0  0  0  0  0  0  0  0  0  0  1  0  0  0  0  0  0  0  0  0  0  0  0  0  0  0  1  0  0  0  0  0  0  0  0  0  0  0  0  0  0  0  0  0  0  0  0  0  0  0  0  0  0  1  0  0  3  1  3  0  1  14  9  0  0  0  0  71  0  1  8  1  0  0  1  238  16  240731  291458  5  4620  4  1  0  13  0  10  0  145179  0  0  0  0  108364  0  0  67  2113  8  1  6  3  0  0  2  0  0  0  131361  6  3  1  0  8  0  3  2  188  112  169974  4  452  2  1  0  3167  0  
0  0  0  0  0  114  32  0  1  15  1  0  0  0  1  2  162  102  0  0  1  1  8  0  0  0  0  0  0  2  1  171  0  0  2  0  0  0  0  0  35  0  3  4  1  0  0  52  29  0  0  5  0  2  0  0  0  0  0  0  1  0  0  0  2  67  1  0  0  8  0  0  8  12  44  4  214  13  28  116  7  14  58739  6688  48  1  0  1  881  0  189  615  333  310600  5  110  31243  1132  500766  12159  831842  649  18  33020  38  992  24  63  5  4466  0  2  1  3  32489  87  1  15657  46281  320  85  1735  1159  0  7  129  168  153  105632  0  8661  194399  239  0  91  0  137  125  364202  94921  554808  472  9949  56  28089  1  42349  179  
0  0  0  0  0  0  0  0  0  0  0  0  0  0  0  0  0  0  0  0  0  0  0  0  0  0  0  0  0  0  0  0  0  0  0  0  0  0  0  0  0  0  0  0  0  0  0  0  0  0  0  0  0  0  0  0  0  0  0  0  0  0  0  0  0  0  0  0  0  0  0  0  0  0  0  23518  0  0  0  0  0  0  0  3  56  0  0  0  0  0  2  0  793375  115  101  51983  117  2  7129  52  0  0  1  0  0  1  0  2  1  35  8  4  0  0  11156  382139  0  159540  1  0  0  15  6  3  23960  0  0  0  0  241  0  69128  30645  26  15402  0  0  0  185  0  1  2  1  0  0  7  53089  5  
0  0  0  0  0  0  0  0  0  0  0  0  0  0  0  0  2  0  0  0  0  0  0  0  0  0  0  0  0  0  0  0  0  0  0  0  0  0  0  0  2  0  1  0  0  0  0  1  0  0  0  0  0  0  0  0  0  0  0  0  0  0  0  0  0  0  0  0  0  0  0  0  0  1  0  360  0  4  1  2  0  0  1  61  74102  1  0  0  240  0  52  20  410557  577152  42  34548  1076  16  117356  488  1  21  5  5  0  6  4  6  12  39  1  2  0  0  39653  2760  0  223467  1283  6  1  181  2197  2  4741  17  4  5  3  221928  117329  0  61105  24  7715  0  1  0  76135  12  307  434  1452  0  2  0  152212  68  
0  0  0  0  0  0  0  0  0  2  0  0  0  0  0  0  2  0  0  0  0  0  4  0  0  0  0  0  0  0  0  4  0  0  0  0  0  0  0  0  7  0  3  1  0  0  1  11  0  0  0  0  0  0  0  0  0  0  0  0  1  0  1  0  0  1  0  0  0  0  0  0  2  7  0  141063  0  0  0  0  0  0  1  16  0  0  0  0  0  0  786  51  305842  2  7026  5948  19305  9  24578  243  0  0  0  0  1  6  11  271  531  441  111745  23728  0  0  15260  4720  1  7337  3  0  1  1878  1  5300  6642  0  0  0  0  193  40777  53283  0  97883  187021  0  1  0  19  2  2  0  3  0  0  129370  302755  739  
0  0  0  0  0  0  0  0  0  0  0  0  0  0  0  0  2  0  0  0  1  0  0  0  0  0  0  0  0  0  0  3  0  0  0  0  0  0  0  0  2  0  0  0  0  0  0  0  0  0  0  0  0  0  0  0  0  0  0  0  0  0  0  0  0  0  0  0  0  1  0  0  0  0  0  224873  0  0  0  0  0  0  0  0  0  0  0  0  0  0  1  1  5049  0  796955  31  519  1  108  0  0  0  0  0  0  2  0  1  2  4  652761  52571  0  0  23  1319  125  16  0  0  1  1  0  64860  223  0  0  0  0  0  179  38  92933  0  186797  0  0  0  0  0  0  0  0  0  0  237792  13339  0  
0  18  0  0  0  0  0  0  1  33  0  0  0  0  0  0  103  38  0  0  608  1119  110  0  0  0  0  0  0  2  0  251  0  20  19  0  3  2  0  1  308  0  56  42  0  0  2  453  4  1  5  0  0  0  0  0  14  1  23  20  633  0  0  0  1  20  0  0  0  8  0  0  186  152  1  139330  0  2  1  3  0  0  1  82  5  2  0  0  5  0  719  115  128286  52  681608  580176  360419  63  12657  4349  0  0  0  0  14  56  21  188  268  5118  2760  11073  0  0  44627  23463  156  15245  34  0  18  3257  23  65125  124367  0  4  0  3  165  2911  6038  309779  55640  0  0  29  3  150  23  15  5  18  14  0  173334  229167  748  
0  0  0  0  0  2  0  0  0  0  0  0  0  0  0  0  0  0  0  0  0  0  0  0  0  0  0  0  0  0  0  0  0  0  0  0  0  0  0  0  0  0  0  0  0  0  0  0  0  0  0  1  0  0  0  0  0  0  0  0  0  0  0  0  0  0  0  0  0  0  0  0  0  0  26556  0  0  0  4  1  0  0  0  0  0  7  139841  207695  197332  0  1  8  0  0  0  0  1  534756  0  0  0  0  0  0  3  3  0  59  16  0  0  1  1711  15  0  0  1  0  0  0  20920  6  50  0  0  234258  105  0  0  0  0  0  0  0  0  0  4  171307  0  0  0  1  0  0  0  0  1  0  
0  0  0  0  0  62  1  0  0  5  0  0  0  1  0  0  87  69  0  0  14  0  62  1  0  0  0  0  0  0  521  1136  0  1  3  0  0  1  0  0  28  0  14  4  1  0  5  41  37  0  0  5  0  0  0  0  0  0  1  0  4  0  0  0  0  34  1  0  0  82  0  0  17  12  18012  37  0  24  7287  18515  0  0  2  53  0  22  19  24  19  184  2143  42406  0  0  165  11  3335  814295  10  13  0  0  0  0  370704  164896  0  50  30  7  13  0  102  2  204  0  4  62  61  1  61627  100  9462  0  0  211  9892  41  0  33  7  4  100  0  812  4  0  94107  9  314  6  93  111  80998  0  0  564  10  
0  0  0  0  0  305  8  1  1  0  0  0  0  2  0  0  9  12  0  0  2  0  4  1  0  0  0  0  0  0  29  109  0  0  1  0  0  1  0  20  3  0  0  0  3  0  1  2  38  0  0  42  0  2  0  0  0  0  0  0  0  0  0  0  0  42  0  2  1  11  0  0  0  1  59277  5  0  1  1604  14364  0  0  2  4  0  31  40114  140917  67  11  119  20294  0  0  28  2  420  1052517  0  0  0  0  0  0  12187  46979  0  4  2  1  7  0  32408  47  15  0  0  5  19  0  249232  7  13459  0  0  1176  3589  63  0  1  0  0  1  0  58  291744  261437  0  1  179  1  164  33  7802  1  0  28  1  
0  0  0  0  0  13  10  1  1  5  419  0  0  0  0  1  18  5  0  0  0  2007  0  0  0  0  1  0  0  12954  0  7  0  0  0  0  0  0  0  0  2  1  0  313  0  0  0  6  3  0  0  0  0  0  0  0  0  0  0  0  1  0  0  0  152  13  0  0  0  0  21  0  0  1  10  14  46  27  8  14  0  0  25081  31520  490627  2  0  0  1481  0  91  55  486  524666  0  39768  1603  152  2672  694  135923  85  20  488635  4  91  1  3  0  72  0  0  0  0  34840  37  0  363806  13439  141  13  46  7870  0  9  109  31  53  79  409057  974  41774  10  0  34  0  19  10  0  2047  4209  2026  8011  4  12542  0  4062  6  
0  1  11  10  0  26706  22179  7310  5463  36645  0  6  0  213  14  833  44074  4312  0  0  4  108  289  5  0  36  402  1  43  1354  21  3397  0  7  499  8  0  6  5  1737  9049  0  572  4911  262  39  67  10609  2654  0  1  3092  9  582  4  472  15  1  28  2  26  2  36  0  1182  77290  2681  130  88  359  66  3  273  39  9300  0  2853  37  3402  293792  215721  168399  325983  169399  4  11  9  34  1002  54  626  1466  1  1  10  62  42063  4875  439  1914  1309  1031  13  1708  565  34157  2  45  67  287  0  0  126  8  11213  0  23  583  22320  15270  320  332  2226  0  0  502  29980  100407  454  16939  7  5  13  0  98  0  5692  6431  15567  0  11450  206  10292  7196  65653  0  1467  13  
0  0  0  0  0  67  24  1  1  2  0  0  0  0  0  1  34  21  0  0  1  0  2  0  0  0  0  0  0  0  0  23  0  0  2  0  0  0  0  0  7  0  2  1  0  1  0  10  11  0  0  5  0  0  0  0  0  0  0  0  0  0  0  0  0  30  0  2  0  2  0  0  1  0  41  0  56909  4761  31  82  5  60  3197  337  0  34  0  0  1066  19  464  120  6  4  0  0  2586  327  9015  507004  393382  569867  94  11158  11  224  1  98  5  13021  0  0  0  2  41732  1  0  1462  507029  64470  25  48  2781  0  0  70  231  1215  133382  311014  20  44  8  0  35  0  49  62  21491  57284  0  727  5227  13  8338  0  20608  34  
0  0  0  0  0  388  48  1  6  0  0  0  0  2  0  2  35  28  0  0  0  0  0  0  0  0  0  0  1  0  0  13  0  0  0  0  0  0  0  3  2  0  0  0  0  0  0  5  20  0  0  17  0  2  0  0  0  0  0  0  0  0  0  0  1  89  1  0  1  1  0  0  0  0  1305  0  21  303723  820  411  15  8  106  56  0  356155  0  3184  436594  2  796  1708  0  1  1  0  1234  6701  71  450  8  2233  518666  7  84  987  0  22  11  7  0  0  11  4036  459  0  0  573  135282  12  284  0  87456  0  0  406089  26357  22271  2  144  5  9  0  0  2  2  741  1591  1175  613  238  0  41323  95  43  0  263  0  
0  0  0  0  0  260  68  12  26  10  0  0  0  0  0  2  40  31  0  0  0  0  1  0  0  0  0  0  0  0  1  21  0  0  1  0  0  0  0  1  4  0  1  1  2  0  0  9  10  0  0  6  0  12  0  2  0  0  0  0  0  0  0  0  1  252  2  0  0  2  0  0  1  0  361  1  40906  1896  898  496  126  144289  866  890  0  296  0  0  301037  246845  1497  917  1  1  0  2  2316  2226  897  961  2353  180  468943  122  80  1206  0  24  2  426  0  0  2  45  6071  0  0  2069  91418  38203  183  49  11170  0  0  2992  6436  172835  33  1732  7  21  3  0  12  0  452  224  14276  10078  2424  44194  0  72  3695  0  11403  16  
0  0  0  0  0  355  1  0  0  0  0  0  0  0  0  5  17  22  0  0  0  0  1  17  0  0  0  0  0  0  5009  5295  0  0  0  0  0  0  0  0  1  0  1  1  0  0  1  6  11  0  0  4  0  0  0  0  0  0  0  0  0  0  3  0  0  2373  0  0  0  1268  0  0  1  0  67238  0  0  4  29693  300373  0  1  1  6  0  3  4  0  12  153108  69  1499  0  0  2  0  1500  68439  1  3  0  0  0  0  265712  102237  0  1  1  1  0  0  5  0  60  0  0  1  26  0  175  6  985  0  0  165  1745  20  2  26  1  0  1  0  19  0  143913  4788  2  5647  9  59  94  0  0  0  13  1  
0  0  1417  0  0  150  47  471  22593  889  25  0  0  0  0  164  2  3  0  0  0  0  0  0  0  0  3  0  1  8461  0  0  0  0  0  0  0  0  0  0  1  0  0  16  1  1231  1  0  5  0  0  7  1  3  0  3  0  0  0  0  0  0  0  0  166  6808  1  0  0  0  15563  0  0  0  126  0  762  1  351  450  84  726  294370  22  6  1  0  0  36  28  5  31  0  3  0  0  110  133  135  117  237650  186  4  456227  33  455  0  2  0  28  0  0  3  5  317  0  0  7  12824  109520  5  0  67  0  0  23  2029  2507  66  29985  0  0  1  0  0  0  135  63  25896  54259  15425  15  908  21  0  0  138  0  
0  0  0  0  0  0  0  0  0  0  0  0  0  0  0  0  0  0  0  0  0  0  0  0  0  0  0  0  0  0  0  0  0  0  0  0  0  0  0  0  0  0  0  0  0  0  0  0  0  0  0  0  0  0  0  0  0  0  0  0  0  0  0  0  0  0  0  0  0  0  0  0  0  0  0  4146  0  0  0  0  0  0  0  0  0  0  0  0  0  0  0  0  182  0  120356  1  1881  0  2601  0  0  0  0  0  0  0  0  119601  30692  1  653552  848411  0  0  31  49  115441  16  0  0  0  1768  0  141772  5  0  0  0  0  0  4  1  128348  261984  143596  0  0  0  0  0  0  0  0  0  0  0  117947  0  
0  0  0  0  0  2  1  0  0  25  0  0  0  0  0  0  125  54  0  0  6  0  37  0  0  0  0  0  0  2  1  220  0  9  3  0  1  0  0  0  138  0  25  21  0  0  2  220  12  0  0  0  0  0  0  0  2  0  8  5  6  0  0  0  3  22  2  0  0  14  0  0  59  84  2  1990  1  12  1  53  0  3  139  4516  0  33  5  0  310  0  7347  963  189153  2  92295  2654  163555  758  1111253  164429  20  13  8  52  23  673  1006  963839  157019  178607  684  959932  1  0  109586  1725  20262  33673  7870  103  90  186922  418  97728  841  18  13  5  1449  21716  44921  106849  520071  26251  307864  2  97  31  9283  245  2838  207  2215  56  6  123987  0  49799  
0  0  0  0  0  0  0  0  0  24  0  0  0  0  0  0  39  14  0  0  7  1  19  0  0  0  0  0  0  0  0  22  0  5  2  0  0  1  0  0  92  0  13  10  1  0  0  110  2  0  0  0  0  0  0  0  3  0  0  3  4  0  0  0  1  21  1  0  0  1  0  0  28  53  0  13  0  1102  1  1  0  0  0  196  0  2  0  0  1  0  311  83  10  0  50  345  7701  28  255  27044  0  0  0  0  3  9  122507  71238  7071  115543  8  27  0  0  72073  1  3  1115  10  0  5  103698  9  20  0  0  0  0  1  268  96  82  85  0  587  0  6  0  28  65  2  1  6  2  0  0  58231  0  
