0  0  0  1  271342  172200  105  58  19  0  0  1409  0  2833  35037  1826  20  6249  0  0  10  1  38  318592  4  12  29  0  0  14  71996  10750  0  3  8  0  0  0  1983  66  126  0  12  11  219  8  5351  60  20544  3  0  133428  77372  1538  1  27  3  0  0  0  14  24657  546  11236  96  6510  19  3445  84  240500  7  0  70  0  5  0  0  0  3  10  1  0  0  0  0  1  0  0  3  1  0  15  0  0  0  0  6  0  0  0  0  0  0  0  0  2  0  0  0  0  0  0  1  0  5  0  0  1  18  0  0  0  1  0  0  10  4  16  0  5  1  0  0  0  2  2  0  2  0  20  1  3  1  1  0  0  3  0  
11  0  0  3  0  2  0  0  0  52  9  7  0  15  0  0  22  80  335611  4  303425  81882  983  1  1  53  0  1  1  0  0  23  0  15  2  9  38248  34  4  0  291  215891  52  5836  14  0  0  111  246  44  372301  32  1  0  1  4  227082  43  273597  45416  88610  0  0  2  31  1  2  36  2  0  1  60599  3203  0  0  35  0  0  0  0  0  0  0  0  0  0  0  0  0  0  0  0  0  0  50  16025  7  0  0  0  0  0  0  0  0  0  0  0  0  0  0  0  0  0  5  95  0  1  0  0  0  0  0  0  40  0  0  0  0  3  0  0  2  0  33  0  0  0  0  0  0  0  0  0  0  0  2  0  
0  0  0  0  0  0  0  510  37  0  5  0  0  0  0  268187  0  0  0  1  0  0  0  0  0  0  102103  197157  208017  95548  0  0  0  0  0  0  0  0  0  0  0  0  0  0  288440  301146  0  0  0  0  0  0  0  0  0  0  0  0  0  0  0  0  0  0  0  1  55659  1  65  0  955  0  0  0  0  0  1413  0  0  0  0  81  77  0  3  0  0  0  0  328  0  0  0  0  0  0  0  0  0  0  12  0  0  632  0  0  0  0  0  0  0  0  0  0  0  0  0  0  1  412  0  0  0  0  0  0  0  0  0  0  0  0  0  0  0  0  0  0  0  0  0  0  0  0  585  0  0  0  
8  0  0  0  0  1  2  2  9  1  0  290220  0  36  0  1  3261  1429  0  1  0  3  12  1  62  249292  47  118333  127257  1  0  14  5340  495  1  7464  0  6  12  56  10093  0  1  9  200945  5  4  74  206892  0  1  88  3  6  10  45  2  8  0  0  5  0  2  3  32  26  124  92041  282  0  4  0  619  9435  0  0  0  0  0  0  0  0  0  0  0  0  0  0  0  0  0  0  0  0  0  1  1  0  0  0  0  0  0  0  0  0  0  0  0  0  0  0  0  0  1  0  0  0  0  0  0  0  0  0  0  0  0  0  0  1  0  0  0  0  0  0  0  0  0  0  0  0  0  0  0  0  2  0  
228747  0  0  0  0  47918  13  2  0  0  0  38  0  5  56260  121415  1  172  0  0  0  0  0  879  0  0  5  0  1  1  53807  177  0  0  0  0  0  0  6  0  1  0  0  0  4  3  253  4  386  0  0  877  129657  413  1  1  0  0  0  0  1  0  24  408  2  578  2  21  2  94473  0  0  2  0  7  0  0  0  1  844  1  0  0  0  0  0  0  0  1  114  0  0  0  0  1  0  0  0  0  0  0  0  0  0  0  0  0  0  0  0  0  0  0  0  0  0  0  0  1  0  1  0  0  0  0  0  0  1  0  0  0  0  0  0  0  0  0  0  0  13  0  0  0  1  0  0  0  0  
94595  0  0  1  49574  0  341631  645  294  12  0  156  0  45  109930  431053  78  21109  0  0  27  1  119  49195  2  4  408  0  47  231  41  103659  0  20  33  0  1  0  28  3  100  0  46  9  348  228  6322  259  17211  9  0  19141  93295  183090  3  281  6  7  5  1  47  53  24125  14866  1488  362113  245  1258  468  306740  390  1  159  0  546  0  0  0  5112  32959  4099  43  25  21  0  406  0  733  408  3429  5  517  0  0  0  7  183  14  0  2  0  0  1  0  782  241  0  0  1  2  0  0  719  21  28  0  2  19  1455  0  92  3  2114  0  0  5249  5014  3751  1  138  10  0  1  0  5  178  12  200  14  90113  46  700  25  2162  0  0  20  0  
166  0  0  0  103  265509  0  166854  7984  0  0  9  0  4  507  564169  2  650  0  0  0  0  1  16  1  2  143  2  18  34  0  120  0  1  0  0  0  0  0  0  11  0  0  0  497  1984  60  5  791  0  0  1614  7929  396251  0  129  0  2  0  0  0  0  2  25  81  264858  979  729  5607  0  2527  0  22  0  207  0  0  0  787  1941  6306  20813  1307  6  0  185  1  127  350  927  0  97  0  0  0  0  28  0  0  1  0  0  0  2  0  12  0  1  0  1  0  0  153  5  2  0  1  2  2162  2  28  0  801  0  0  2511  1885  2143  0  212  1  0  0  0  1  102  1  10  8  20825  55  366  60  0  1  0  6  0  
10  0  423  2  8  652  235780  0  195075  0  0  2  0  1  28  448733  0  172  0  0  0  0  1  1  4  15  201  3  6781  542  0  23  0  0  0  0  0  0  1  0  25  0  0  0  118206  210776  18  10  366  1  0  198  146  21372  3  134  0  2  0  0  0  0  0  2  60  207119  425  1937  230719  0  11705  0  86  0  1  0  30  0  2  7  967  23226  8619  0  0  0  0  0  0  552  0  0  0  0  0  0  0  0  0  0  0  0  0  9  0  1  0  0  0  0  0  0  0  0  0  0  0  0  61  182  0  0  1  0  0  3  1  5  0  26  0  0  0  0  0  0  0  0  0  15739  4  0  4  0  40  0  0  0  
4  0  12  0  2  459  13836  119403  0  37227  3  1  0  0  18  705  11  471  15  11  0  167  5  1  255  10  3283  1  537  91209  0  51  0  2  2  0  0  0  0  0  628  0  3  4405  1940  103901  6  102  1460  0  2  93  71  3362  1  3270  59  2622  1  0  2  0  0  9  22705  263884  4580  255  1567  0  176146  0  8504  0  0  0  33  0  0  0  5  1553  51846  1209  14  0  0  0  0  125  0  0  0  0  0  256  1  0  0  0  0  0  0  1918  0  0  0  0  0  0  0  0  0  0  4  0  0  33  3  256  0  0  0  0  0  0  0  1  0  2  0  0  0  0  0  0  0  0  66  32704  0  0  1  0  165  0  0  0  
43  403  0  27  4  156  1  25  71020  0  176  38  0  64  5  0  1506  9884  461  29  33  10374  101110  8  200  721  1550  15  20  82437  0  3110  0  226  164  51  5  9  30  3  10619  3  347  161630  1190  116  51  14554  34739  12  382  275  10  16  1545  2447  3575  2653  116  0  3052  0  2  25  5334  308235  4389  574  71  5  30  10  62426  0  1  23  0  0  4  8  3  0  1493  79784  10  2  0  1  0  2  14  298  9  1  56  1532  587  8  1  9  0  0  0  496  1  5  0  0  6  201  0  0  1  3  29650  58  31  586  14  0  57  10  34  23  63  6  0  1  0  2424  72  33  14  0  106  0  1  4  125  63282  10  4  1  0  1  0  1014  0  
0  2  10  0  0  0  0  0  2  7  0  0  0  0  0  0  0  1  19156  728343  0  66153  0  0  3  0  2198  0  0  32194  0  0  0  0  0  0  0  0  0  0  15  235421  0  581092  1  0  0  0  8  0  2  0  0  0  0  101  265  31148  0  0  74  0  0  0  488859  1  0  0  0  0  125  0  255  0  0  0  0  0  0  0  0  0  16  5  205535  0  0  0  0  0  0  0  0  2104  0  5603  0  0  0  0  105  0  0  21515  0  0  0  0  0  0  0  0  0  0  0  1170  0  9121  0  0  0  0  0  0  0  0  0  0  0  0  0  0  0  0  0  0  0  0  979  0  0  0  0  0  66  0  0  0  
2018  0  0  247058  24  132  1  4  5  4  0  0  2051  161993  3293  1  1613  22194  0  0  1  0  5  329  8  3589  11  41  29205  1  0  136  2235  833  2  3172  0  1  6092  134966  5452  0  1  13  34468  4  1953  93  288331  0  0  338520  258  177  5  25  1  2  0  0  3  2  9  545  12  55  23  508083  248  2  0  0  126  542  0  0  0  0  0  1  0  0  0  0  0  0  0  0  0  0  0  0  0  0  0  4  4  0  0  0  0  0  0  0  0  0  0  0  0  0  0  0  0  0  2  0  0  2  1  0  0  0  0  0  0  0  0  0  0  2  0  1  0  0  0  0  0  0  0  1  0  0  0  0  0  0  2  0  
12  0  0  0  0  0  0  0  0  0  0  1125  0  64635  0  0  2  1572  0  0  0  0  0  260046  0  0  0  0  0  0  0  2  12  48  15  0  0  0  79290  161  0  0  22  0  0  0  10852  2  313  0  0  104  0  0  0  0  0  0  0  0  0  56861  0  6250  0  0  0  0  0  0  0  0  0  0  0  0  0  0  0  0  0  0  0  0  0  0  0  0  0  0  0  0  0  0  0  0  0  0  0  0  0  0  0  0  0  0  0  0  0  0  0  0  0  0  0  0  0  0  0  0  0  0  0  0  0  0  0  0  0  0  0  0  0  0  0  0  0  0  0  0  0  0  0  0  0  0  0  0  
10676  0  0  0  83  186  5  5  0  1  0  199617  66380  0  9211  2  4  3030  0  0  1  0  16  3319  9  7  1  0  4  0  0  417  0  1  2  0  0  0  177659  130460  138  0  2  10  104  0  1725  9  82583  0  0  367334  217  151  0  1  0  1  0  0  0  73746  283  10162  0  41  10  1113  12  4  2  0  56  0  0  0  0  0  0  2  0  0  0  0  0  0  0  0  0  0  0  0  0  0  0  1  1  0  0  0  0  0  0  0  0  0  0  0  0  0  0  0  0  0  0  0  0  0  1  0  0  0  0  0  0  2  0  2  0  1  0  0  0  0  0  0  0  0  0  3  0  0  0  0  0  0  0  0  
57889  0  0  0  67251  174382  689  28  10  0  0  7000  0  12431  0  115622  1  285  0  0  1  0  2  56290  0  0  15  3  41626  9  0  171  0  0  1  0  0  0  2  0  7  0  2  2  139  12  266  6  755  0  0  1066447  571592  506609  0  16  0  1  0  0  0  181016  9  219  24  961  12  122474  28718  105  12  0  3  0  0  0  0  0  0  1  0  0  0  0  0  1  0  0  1  1  0  1  0  0  0  0  0  0  0  0  0  0  0  0  0  0  0  0  0  0  0  0  0  0  0  0  0  0  1  0  0  0  3  0  0  3  0  1  0  0  0  0  0  0  1  0  0  0  0  5  0  2  1  0  0  0  1  0  
2555  0  271934  0  165094  550187  502376  291808  751  0  0  0  0  0  127995  0  0  65  0  0  0  0  0  24  0  0  13  1  51686  199  28  10  0  0  0  0  0  0  0  0  0  0  0  0  18019  56577  8  0  78  0  0  65  71  826976  0  11  0  0  0  0  0  0  1  22  8  574  33  23  241923  50392  210  0  1  0  0  0  1806  0  18  28938  18263  4133  38  0  0  0  0  0  0  21062  0  0  0  0  0  0  1  0  0  0  0  0  0  8  0  0  0  0  0  0  0  0  0  0  0  0  0  0  9  207  0  0  0  0  0  0  0  1  0  0  0  0  0  0  0  0  0  0  0  430  0  0  0  2  65  0  0  0  
86  0  0  2416  2  104  1  3  0  358  0  2639  2  18  1  0  0  234839  6  2  32  12  70868  584  2  641  20  0  3  0  0  51660  21496  24301  119219  533  5  14  11  1  52417  0  22219  190  133  3  853  243493  168952  541  1  285  26  9  25  13  179  32  91  1  397  0  504  188  10  129  49  250  65  20  1  32  2531  430  0  0  0  0  1  0  0  0  0  45  0  1  0  0  0  0  2  32  0  0  4  6  21  0  0  0  0  0  0  0  0  0  0  0  0  1  0  0  0  0  642  0  0  5  3  0  5  1  3  0  1  1  0  0  0  105  0  0  2  0  3  0  0  0  0  146  3  0  0  0  0  0  17  0  
8094  1  0  766  60  2586  2  3  5  507  0  28350  916  4213  11  1  227436  0  4  0  252  32  45207  23726  1  187  28  0  0  2  0  140734  1022  3031  24929  333  5  5  4529  1741  2344  0  4175  200  103  6  195394  38020  317314  192  5  735  344  68  43  32  169  33  58  2  657  50  4890  2559  19  470  93  388  28  660  1  13  1868  97  3  0  0  0  5  10  0  0  0  50  0  0  0  0  0  0  3  115  0  0  14  16  116  1  0  4  0  0  0  0  0  10  0  0  3  4  0  1  0  0  986  0  2  10  2  0  8  2  5  0  0  5  0  1  1  201  0  1  6  0  9  0  0  6  2  195  7  1  1  1  0  1  34  0  
0  409754  0  0  0  0  0  1  0  7  15886  0  0  0  0  0  0  20  0  167018  43  19210  2  0  150812  0  5  0  0  0  0  2  0  4  1  0  126  1  0  0  462  340702  6  43559  3  0  0  25  173  0  4100  0  0  0  0  9  1518294  550571  142187  0  15237  0  0  0  134  4  0  1  1  0  4  87  315353  0  0  0  0  0  0  0  0  0  0  0  0  0  0  0  0  0  0  0  0  0  0  2  0  0  0  0  0  0  0  0  0  0  0  0  0  0  0  0  0  0  0  0  0  0  0  0  0  0  0  0  0  0  0  0  0  0  0  0  0  0  0  0  0  0  0  0  0  0  0  0  0  0  0  0  
0  12  0  0  0  0  0  0  2  2  644417  0  0  0  0  0  0  12  138903  0  0  864  0  0  4339  1  68295  0  0  49  0  3  0  1  0  1  0  0  0  0  148  77765  0  120764  0  0  0  2  74  0  14  0  1  0  0  26291  3147  340774  1  0  620  0  0  0  224511  0  0  1  0  0  0  0  3518  0  0  0  0  0  0  0  0  0  0  0  1064  0  0  0  0  0  0  0  0  423  0  1  0  0  0  0  0  0  0  10  0  0  0  0  0  0  0  0  0  0  0  11  0  2  0  0  0  0  0  0  0  0  0  0  0  0  0  0  0  0  0  0  0  0  0  0  0  0  0  0  0  0  0  0  
215  314608  0  3  7  74  0  0  0  181  0  35  0  88  7  0  119  946  15  2  0  31115  97635  72  1  75  2  2  1  0  2  4841  0  1976  889  3  131489  3448  21  3  126  12  5358  6960  96  0  259  1399  1131  163947  93245  704  30  7  0  1  14707  10  56307  516319  564068  2  9  155  6  14  2  634  1  6  0  26898  11758  0  5  42  0  0  5  17  0  0  2  5  0  0  0  2  0  0  32  78  2  0  159  1165  1827  6  1  1  0  0  0  2  0  7  0  5  30  22  0  1  1  0  487  46  99  100  3  0  13  57  10  0  39  0  0  1  0  425  46  9  13  0  276  0  0  9  23  18  1  1  0  0  1  2  400  0  
151  103641  0  69  8  27  0  3  88  40205  23894  102  0  240  3  0  42  566  94230  222  8677  0  51779  27  3  1766  4  27  22  21412  1  1455  0  54  12  12  32  4  127  16  4651  604297  74  1101697  342  2  79  1042  6441  11  153548  508  25  13  4  62  123891  10450  4702  409  843450  0  3  86  15960  151  56  381  8  3  3  691  15046  0  1  76  0  0  2  6  0  0  161  390  52142  0  0  1  0  0  10  32  0  0  482  255402  444  4  0  0  0  0  0  7313  1  0  0  3  4  3  0  0  1  1  145  12690  28  19839  3  0  6  14  3  0  118  0  0  0  0  151  16  3  6  0  191  0  2  1  1362  20  0  1  0  0  10  0  130  0  
419  317  0  26  18  116  0  4  16  110507  3  181  1  385  13  0  87512  54338  234  15  75641  35624  0  906  30  783  15  15  11  8  3  101762  0  15505  137582  132  1022  198  130  11  3876  0  337587  167690  999  1  839  50382  9347  96107  209  5064  112  36  10  88  2767  978  7928  1051  518014  3  887  252  313  63  57  6637  7  17  1  675  37036  0  8  32  0  0  5  22  0  0  7  110  0  2  0  3  0  0  111  203  2  1  140  3225  6408  20  1  1  0  0  0  10  1  6  0  12  137  43  0  2  2  2  1560  63  375  573  4  0  38  137  32  0  74  1  0  0  0  1012  132  28  50  1  852  0  3  7  86  40  0  0  7  3  4  5  1077  0  
316787  0  0  0  594  28851  1  4  4  5  0  296  253347  1632  61001  6  583  39024  0  0  36  2  669  0  3  3  3  0  4  0  189384  49828  7  60  503  0  1  0  66744  14  23  0  1709  4  48  2  242605  10877  2744  8  0  51230  300  87  0  8  2  0  1  1  47  519517  422809  859268  12  235  5  755  21  199254  1  0  55  0  2  0  0  0  1  5  0  0  0  0  0  0  0  0  0  0  0  9  0  0  1  2  11  53  0  0  0  0  0  0  119  1  0  0  0  0  0  0  1  0  2  0  0  0  0  0  1  0  0  0  0  2  0  0  0  3  0  0  0  0  2  0  3  0  0  2  1  1  0  3  0  0  5  0  
2  0  0  0  0  1  0  2  2878  180  1  0  0  2  0  0  2  84  149435  4093  0  0  5  0  0  96823  15548  0  3  135  0  28  0  385  3  10  0  110  1  0  110  0  3  192  420  0  6  23  575  0  0  21  2  0  87086  661776  634  57063  39  0  0  0  0  0  1236  526  178  532  28  0  3  0  859717  0  0  0  0  0  0  0  0  0  0  0  0  0  0  0  0  0  0  0  0  0  0  0  0  0  0  0  0  0  0  0  0  0  0  0  0  0  0  0  0  0  0  0  0  0  0  0  0  0  0  0  0  0  0  0  0  0  0  0  0  0  0  0  0  0  0  2  0  0  0  0  0  0  0  0  
369  8  0  245451  9  33  9  29  87  105  0  13483  0  789  11  0  491  2749  6  2  9  76  253  16  86572  0  19069  118422  1330  11  0  340  5024  40941  24  223984  0  58  273  80  373757  0  37  691  37817  65  53  607  90004  3  18  1520  64  84  266152  95833  88  54  26  0  354  0  8  104  203  239  774529  7857  742  0  26  0  67239  16823  0  0  0  0  0  0  0  0  1  5  0  0  0  0  0  0  1  9  0  0  0  6  11  0  0  1  0  0  0  1  0  0  0  1  0  0  0  0  0  0  238  0  1  6  0  0  0  0  1  0  0  0  0  0  0  72  0  0  0  0  1  0  0  0  0  3  5  1  0  0  0  1  7  0  
13  0  127979  0  6  48  36  2375  18863  423  1722  4  0  1  62  17  102  1336  5  68978  0  0  52  4  54586  28116  0  2386  327  588722  0  372  0  1  89  0  0  0  0  0  9373  0  13  638  4039  134594  11  267  9589  0  0  308  161  982  323  1075277  8  15682  1  0  3  0  1  4  186842  29789  674363  1569  3780  1  143482  0  5506  0  0  0  0  0  0  0  2  0  0  1  1  0  0  0  0  0  0  4  0  0  0  0  0  0  0  0  0  0  0  0  0  0  0  0  0  0  0  0  0  0  9  0  0  0  8  0  0  0  0  0  0  0  0  1  0  3  0  0  0  0  0  0  0  0  0  9  0  0  0  0  0  0  1  0  
32  0  177312  102314  1  5  4  8  12  0  0  102  0  80  1  6  3  67  2  0  0  12  16  0  55  89870  2407  0  83739  4  0  9  1  0  1  0  0  5  32  13  462  0  0  70  1024823  38900  3  18  2004  0  1  123  6  8  10  37  8  4  2  0  30  0  2  9  9  100  722021  275  1096  0  3  0  716  1  0  0  0  0  0  0  0  0  0  0  0  0  0  0  0  0  0  0  0  0  0  2  2  0  0  0  0  0  0  0  0  0  0  0  0  0  0  0  0  0  1  0  0  0  0  0  0  0  0  0  0  0  0  0  0  1  0  0  0  0  0  0  0  0  0  0  0  0  0  0  0  0  1  0  
0  0  186926  95689  0  9  22  9479  85  2  0  36426  0  2  33377  46273  30  498  0  1  0  0  3  0  4  85  121  162746  0  2  0  34  0  0  4  0  0  0  0  0  241  0  0  2  975254  15980  0  188  6626  0  0  2813  43  807  0  135  0  16  0  0  0  0  0  0  118  2400  1637  399002  406406  0  19  0  101  0  0  0  0  0  0  0  0  0  0  0  0  0  0  0  1  0  0  0  0  0  0  0  1  0  0  0  0  0  0  0  0  0  0  0  0  0  0  0  0  0  1  0  0  0  2  0  0  0  0  0  0  0  0  0  0  0  0  0  0  0  0  0  0  0  0  0  0  0  0  0  0  0  1  0  
0  1  70422  1  0  81  75  458  113242  57254  25013  0  0  0  2  52  2  183  20  150  1  9569  23  0  115  4  611857  6  216  0  0  8  0  3  0  1  0  0  0  0  338  0  4  29097  904  321764  1  40  552  0  5  24  23  66  1  6017  142  2058  5  0  5  0  0  3  378522  56464  1098  123  217  0  645710  0  2569  0  0  0  190  0  0  0  0  292  11961  1320  5753  0  0  0  0  79  0  0  0  41  0  3761  1  0  0  0  45  0  0  71320  0  0  0  0  0  0  0  0  0  0  4  0  0  439  0  978  0  0  0  0  0  0  0  0  0  2  0  0  0  0  0  0  0  0  1586  877  0  0  0  0  9962  0  0  0  
87889  0  0  0  54075  35  0  0  0  0  0  0  0  1  0  4  32  56  0  0  8  0  34  187363  0  1  0  0  0  0  0  47703  0  8  18  0  0  0  0  0  0  0  13  1  2  0  0  12  14  1  0  0  0  0  0  0  0  0  0  0  7  0  319823  1  0  3  0  2  0  358636  0  0  3  0  504  0  0  0  21  2659  0  0  0  0  0  0  0  1  0  968  4  96  1  0  0  0  86  5693  0  0  0  0  0  0  45402  65  0  0  0  0  0  0  1  0  2  0  0  0  0  0  25  0  7  0  0  0  0  0  0  1  1  0  0  0  1  0  71  24  0  312  0  0  0  6464  0  0  3  0  
9216  8  0  1  297  71938  9  19  10  131  0  41  2  65  63  2  57342  253258  4  0  853  84  93912  35738  2  32  21  0  4  5  32420  0  0  2205  14288  5  77  3  76  1  419  0  5697  129  114  2  23632  29538  50361  623  10  1714  709  190  7  18  100  20  77  12  3061  50  165882  20457  67  105602  60  546  16  70814  1  8  1735  0  890  6  0  0  310  4521  4  0  2  14  0  3  2  107  3  192  69  6264  0  0  56  21  2329  316  1  1  0  0  0  0  7014  5937  0  0  29  5  0  7  182  1  437  1  53  20  93  0  810  26  648  0  1  118  18  43  0  187  8  3  45  1  182  15  116  975  3  11850  19  14  6  2211  0  16  671  0  
59  0  0  11276  6  7  0  0  0  6  0  3779  26  79  2  0  26212  2565  0  0  0  1  2  37  3  31098  0  1  0  1  0  43  0  212199  52  69228  0  8  22  15  98254  0  2  8  62  0  32  387363  4771  0  0  682  14  4  0  0  5  0  1  0  6  0  0  20  1  3  5  818  2  0  0  0  3727  337170  0  0  0  0  0  0  0  0  0  0  0  0  0  0  0  0  0  0  0  0  0  0  0  0  0  0  0  0  0  0  0  0  0  0  0  0  0  0  0  0  3  0  0  0  0  0  0  0  0  0  0  0  0  0  0  0  0  0  0  0  0  0  0  0  0  0  0  0  0  0  0  0  0  0  
274  1  0  369  11  14  0  0  0  40  0  2049  184  345  6  0  3867  3632  0  0  112  0  384  432  245  54369  1  4  2  0  0  182  240247  0  273776  252703  514  156475  124  71  3797  0  101185  18  126  0  150  403310  2219  1412  0  1701  37  5  51  3  6  1  937  61  102  0  1  64  6  5  14  985  2  0  2  1824  860315  46035  0  0  0  0  0  0  0  0  0  1  0  0  0  0  0  0  0  2  0  0  0  1  4  0  0  0  0  0  0  0  0  0  0  0  0  2  0  0  0  0  50  0  0  5  0  0  0  0  0  0  0  0  0  0  0  14  2  1  0  0  0  0  0  0  0  2  0  0  0  0  0  0  1  0  
13  0  0  0  0  11  0  0  0  29  0  8  8  2  0  0  91169  29086  0  1  28  1  140919  636  0  7  2  0  0  0  0  19287  19  282080  0  6  58  549  0  0  149  0  258767  27  6  0  336  237637  608  3537  0  52  4  1  1  4  37  3  780  9  1515  0  336  41  2  6  8  80  0  1  0  1045  126853  0  0  0  0  0  0  0  0  0  0  2  0  0  0  0  0  0  0  1  0  0  1  1  9  0  0  0  0  0  0  0  0  0  0  0  0  0  0  0  0  0  31  0  0  3  1  0  0  1  0  0  0  0  0  0  0  4  0  0  0  0  0  0  0  0  0  6  0  0  0  0  0  0  2  0  
529  0  0  4800  27  27  0  2  0  109  0  2946  0  761  13  0  2402  9728  0  0  2  4  57  21  7  263407  7  15  4  0  0  461  80425  348134  22  0  0  46  206  12  165317  0  192  33  176  0  97  116873  6923  4  0  3066  68  9  7  4  6  4  5  0  18  0  6  146  7  18  23  1162  1  1  0  0  50012  164614  1  0  0  0  0  0  0  0  1  0  0  1  0  0  0  0  1  7  0  0  0  2  6  1  0  0  1  0  1  0  0  0  0  0  0  3  0  0  0  0  170  0  1  8  2  0  0  0  1  0  0  0  0  0  0  54  1  0  0  0  1  0  0  0  1  5  4  0  0  0  0  0  11  0  
31  23784  0  5  0  12  0  0  0  20  0  8  0  30  0  0  71  145  18  0  175880  69  3325  18  1  18  0  2  0  0  0  806  0  2933  731  1  0  141977  3  0  12  1  143632  180  23  0  35  1309  216  360281  485  203  10  2  0  0  2663  4  164028  423259  9494  0  1  25  0  1  0  145  0  1  0  847392  25969  0  1  1  0  0  1  3  0  0  1  2  0  1  0  0  0  0  8  14  0  0  1  224  438  3  1  0  1  0  0  3  0  3  0  1  4  2  0  0  0  0  144  0  18  21  0  0  3  13  1  0  0  0  0  0  0  91  8  3  4  0  59  1  0  1  6  1  0  0  0  0  1  0  90  0  
0  0  0  0  0  0  0  0  0  0  0  0  0  0  0  0  5  7  0  0  1565  0  69  7  448  13  0  0  0  0  0  2  1  170141  1991  28  127328  0  0  0  6  0  118120  13  1  0  0  3182  12  22927  1  2  0  0  0  0  0  1  69918  881  236  0  1  0  1  0  0  0  0  0  0  939490  1279743  1  0  0  0  0  0  0  0  0  0  0  0  0  0  0  0  0  0  0  0  0  0  0  0  0  0  0  0  0  0  0  0  0  0  0  0  0  0  0  0  0  0  0  0  0  0  0  0  1  0  0  0  0  0  0  0  0  0  0  0  0  0  0  0  0  0  0  0  0  0  0  0  0  0  0  
26548  0  0  0  101  422  0  0  0  1  0  3010  87335  182220  26  0  3  4474  0  0  0  1  5  52198  5  4  2  0  0  0  0  877  0  0  3  0  0  0  0  668  102  0  1  7  70  0  77771  9  54999  1  0  16404  124  64  0  1  0  1  0  0  2  5818  835  49897  0  39  5  613  8  14  0  0  18  0  0  0  0  0  0  0  0  0  0  0  0  0  0  0  0  0  0  0  0  0  0  0  1  0  0  0  0  0  0  0  0  1  0  0  0  0  0  0  0  0  0  0  1  0  2  0  0  0  0  0  0  1  0  1  0  0  0  0  0  0  0  0  0  0  0  0  1  0  0  0  0  0  0  0  
5081  0  0  10  27  52  0  1  2  4  0  177745  281  96979  5  0  4  1736  0  0  0  0  4  169  5  102  4  5  12  0  0  88  0  4  2  0  0  0  3588  0  2317  0  1  7  1152  3  202  6  66645  0  0  1303  36  22  0  9  0  0  0  0  0  7  10  793  7  20  18  23017  135  3  0  0  94  0  0  0  0  0  0  0  0  0  0  0  0  0  0  0  0  0  0  0  0  0  0  2  1  0  0  0  0  0  0  0  0  0  0  0  0  0  0  0  1  0  1  0  0  0  0  0  0  0  0  0  0  0  0  0  0  0  0  0  0  0  0  0  0  0  0  1  0  0  0  0  0  0  1  0  
6227  9  0  9618  199  265  15  792  584  1242  0  5803  0  4003  82  9  51832  48311  4  3  19  52  1847  204  605  439144  21565  94  1814  83  0  7493  79082  4856  1314  157767  0  34  2626  880  0  0  1246  1476  31951  691  599  328939  344905  35  10  15000  360  401  48194  27381  101  146  42  0  300  7  46  1339  762  1460  91742  11489  2830  21  109  4  87643  77693  2  0  0  0  2  9  0  0  3  91  0  0  0  1  0  0  7  48  1  0  1  347  608  2  0  3  0  0  0  5  0  2  0  5  7  36  0  0  2  0  1177  0  32  476  9  0  5  13  12  0  2  2  0  1  0  633  64  12  12  0  44  0  0  4  20  44  13  1  1  1  2  2  321  0  
0  231067  0  0  0  0  0  0  0  0  147030  0  0  0  0  0  0  0  342162  73618  16  508906  1  0  0  0  0  0  0  0  0  0  0  0  0  0  0  0  0  0  0  0  0  289477  0  0  0  0  0  0  57074  0  0  0  0  0  307896  94  199  0  194068  0  0  0  0  0  0  0  0  0  0  0  0  0  0  0  0  0  0  0  0  0  0  0  2592  0  0  0  0  0  0  0  0  0  2  13382  0  0  0  0  0  0  0  0  0  0  0  0  0  0  0  0  0  0  0  2560  0  537  0  0  0  0  0  0  0  0  0  0  0  0  0  0  0  0  1  0  0  0  0  0  0  0  0  0  0  0  0  0  
37  12  0  2  1  11  0  0  0  179  0  16  5  15  0  0  42215  24843  2  1  2124  41  311458  1068  0  43  1  0  0  0  0  2137  1  155563  257902  32  106680  118116  6  1  531  0  0  290  48  1  121  28987  1309  95492  4  296  10  2  1  2  225  22  4971  196  27927  0  22  67  6  29  4  357  0  3  0  61792  136910  0  1  0  0  0  0  0  0  0  0  5  0  0  0  0  0  0  0  4  0  0  3  8  15  1  0  0  0  0  0  0  0  0  0  0  2  1  0  0  0  0  240  0  2  5  2  0  0  2  4  0  0  0  0  0  0  50  0  0  0  0  5  0  0  0  0  21  4  0  0  0  0  0  16  0  
111  1372  0  78  3  34  1  10  5127  157300  564987  154  0  255  5  0  347  2539  74322  129889  84  1196725  54841  7  194  2204  133  25  40  91270  0  268  0  2216  143  1235  20  49  97  11  97755  385723  2046  0  813  27  18  10892  22342  55  1692  560  15  25  67  1648  157403  163461  2496  35  86376  0  4  34  379813  22459  456  549  33  0  117  215  68368  3  1  50  0  0  0  0  0  0  77  134  28892  0  0  0  0  0  1  5  0  0  403  19527  111  3  0  0  0  0  0  7569  0  0  0  0  1  2  0  0  0  0  74  280  3  14734  1  0  1  6  1  0  88  1  0  0  0  38  4  1  0  0  183  0  0  0  498  47  0  0  0  0  12  0  21  0  
591  0  180632  167564  43  516  2596  90043  1635  42  0  27174  1  1646  148  11199  213  7199  1  3  0  6  79  44  358  37794  8536  925233  742705  396  0  1221  0  6  53  0  0  5  414  122  8171  0  18  98  0  237493  164  1342  82195  1  1  5551  720  4458  220  12287  3  123  1  0  27  2  15  188  5640  20719  685626  253472  328648  1  914  1  4407  0  0  0  0  0  0  3  1  0  0  3  0  0  0  0  1  0  0  7  0  0  0  10  15  0  0  0  0  0  0  0  0  1  0  0  0  1  0  0  0  0  16  0  0  6  23  0  0  1  0  0  0  1  0  4  0  12  0  0  1  0  1  0  0  0  0  12  1  0  2  0  0  0  3  0  
10  0  223332  2  1  1564  17125  157850  168945  1  0  3  0  0  25  35500  15  277  0  1  0  0  10  0  15  60  181655  38331  5990  285054  0  44  0  0  6  0  0  0  1  0  381  0  1  3  174771  0  7  40  1175  0  0  131  107  10142  5  263  0  18  0  0  1  0  0  6  160  8796  338786  1080  4958  1  213421  0  178  0  0  0  694  0  0  1  0  1517  352  0  2  0  0  0  0  861  0  0  0  0  0  0  0  0  0  0  0  0  0  105  0  0  0  0  0  0  0  0  0  0  1  0  0  0  5  1099  0  0  0  0  0  0  0  1  0  1  0  0  0  0  0  0  0  0  0  3  0  0  0  0  828  0  0  0  
18129  6  0  2  196  7119  4  3  1  29  1  238  10370  1021  30  3  460  237026  1  0  255  25  1151  212140  1  3  1  0  1  1  0  64236  0  110  365  1  14  0  71682  17  39  0  352  20  23  1  0  6909  60762  44  1  6291  738  161  1  2  16  5  10  0  340  1902  32761  120601  17  307  3  148  5  1936  1  0  235  1  1  2  0  0  0  8  0  0  0  0  0  0  0  0  0  0  2  44  0  0  18  12  114  1  0  0  0  0  0  0  0  3  0  0  1  0  0  0  1  0  38  0  2  2  1  0  2  2  6  0  0  3  0  1  0  15  0  0  1  0  8  1  0  1  1  7  1  1  0  0  1  0  14  0  
417  34  0  229  26  192  1  6  24  2776  0  930  9  459  6  0  328597  123491  37  4  86  127  33035  10491  71  4966  420  20  32  7  0  23038  259474  391191  317502  24307  153  107  155  13  213530  0  62419  4560  984  6  7851  0  154588  6540  81  3561  79  45  299  213  1765  244  12184  8  2014  0  2634  465  110  155  822  3902  52  71  6  1221  820357  34625  2  0  0  0  3  4  1  0  0  16  0  0  0  1  0  0  1  37  0  0  2  41  62  1  1  0  0  0  0  0  0  0  0  0  2  2  0  1  0  1  425  0  1  21  2  0  5  2  3  0  0  2  0  0  0  118  4  0  1  0  12  0  0  5  1  29  5  0  0  1  0  0  36  0  
85573  7  0  218291  1704  3472  94  775  435  752  0  344301  274  102825  869  28  132265  346614  2  43  60  57  2742  3797  1245  103766  3422  3232  10323  92  0  48470  1742  292  1556  304  3  48  72448  53558  243111  0  1098  649  148044  239  35962  21298  0  51  3  120586  2969  3422  342  5066  98  625  68  0  411  156  203  4183  4049  4135  6145  247867  11859  127  348  1  23343  190  5  1  0  0  2  39  2  0  0  40  0  0  0  1  0  2  6  234  0  0  5  35  153  0  0  1  0  0  0  0  0  18  0  0  1  4  0  0  1  0  762  0  4  25  26  0  21  4  20  0  0  9  2  6  0  198  7  1  3  0  14  0  0  8  4  161  18  5  1  1  0  1  80  0  
2  1  0  0  0  0  0  0  0  2  0  1  0  4  0  0  195  54  0  0  225444  3  143966  3  0  0  0  0  0  0  0  192  0  30167  9548  0  362029  63700  2  0  51  0  95104  160  9  0  8  17268  41  0  1  27  1  0  0  0  16  1  33315  121872  182655  0  2  2  1  1  1  23  0  0  0  189059  150914  0  0  0  0  0  0  0  0  0  0  0  0  0  0  0  0  0  1  0  0  0  1  2  7  0  0  0  0  0  0  0  0  0  0  0  0  0  0  0  0  0  2  0  0  1  0  0  0  0  0  0  0  0  0  0  0  0  0  0  0  0  2  0  0  0  0  0  0  0  0  0  0  0  0  0  
8  350044  0  5  0  1  0  0  3  55  7  8  0  10  0  0  17  56  4462  2  86785  170242  92  1  0  60  0  0  0  5  0  12  0  20  0  4  4  0  6  0  118  85116  26  447  16  0  3  97  245  4  0  23  1  2  0  4  42414  23  19810  424  338947  0  0  1  4  9  2  38  0  0  0  26  786  1  0  8  0  0  0  0  0  0  1  6  0  0  0  0  0  0  0  0  0  0  6  4832  2  0  0  0  0  0  0  0  0  0  0  0  0  0  0  0  0  0  1  29  1  5  0  0  0  0  0  0  12  0  0  0  0  0  0  0  0  0  3  0  0  0  0  0  0  0  0  0  0  0  0  0  
62384  0  0  2  704  11666  663  431  123  43  0  498689  85  441541  758916  95  191  26213  0  2  12  4  328  17305  111  200  620  0  10074  78  0  11275  0  15  60  3  0  2  42903  379  675  0  48  284  3097  229  19042  517  64155  3  0  0  304712  114903  59  610  4  19  8  0  57  88575  1142  63103  676  10349  530  469772  956  109  117  0  1240  0  3  0  0  0  4  39  7  3  1  1  0  2  0  0  4  2  1  47  0  0  0  6  18  0  1  0  0  0  0  0  0  4  0  0  0  1  0  0  1  1  21  0  4  3  147  0  5  0  3  0  0  30  7  54  0  23  1  0  0  0  2  0  0  0  1  121  12  7  7  0  0  0  14  0  
88678  0  0  0  130560  80580  2408  316  52  1  0  713  0  226  656501  61  31  3120  0  0  0  0  15  462  1  4  316  2  84  99  0  1780  0  2  3  0  0  1  106  4  73  0  8  7  552  301  2146  64  7451  0  0  483005  0  257888  3  306  0  2  2  0  4  278  47  651  160  18342  132  1597  470  14  172  0  72  0  17  0  0  0  22  158  27  0  0  1  0  19  0  5  37  10  0  12  0  0  0  0  9  0  0  0  0  0  0  0  0  2  0  0  0  0  0  0  3  0  4  0  0  0  188  0  1  0  44  0  0  382  105  354  0  15  0  0  0  0  0  7  0  1  2  82  3  67  7  0  0  0  2  0  
1013  0  0  0  930  222802  399720  5154  1792  4  0  264  0  30  571838  919454  24  4462  0  0  3  0  16  376  2  9  1425  1  569  265  0  1153  0  0  7  0  0  0  22  1  139  0  2  4  2575  1808  908  106  8294  0  0  167314  216645  0  2  1246  2  6  0  0  4  12  14  503  475  51381  782  95730  162992  14  1050  0  77  0  23  0  0  0  28  240  56  1  3  1  0  29  0  2  49  26  0  35  0  0  0  1  10  0  0  0  0  0  1  0  0  2  0  0  0  0  0  0  9  0  4  0  0  1  623  0  7  0  81  0  0  389  112  449  0  24  0  0  0  0  0  6  0  4  3  697  7  82  53  3  0  0  0  0  
30  1  0  12  1  14  1  2  40  163  0  50  0  47  2  0  191  1864  2  0  1  2  86  1  106323  282782  123  4  13  27  0  834  0  101  134  18  0  1  20  3  46181  0  53  193  661  49  23  997  15164  3  1  194  11  5  0  81485  14  19  0  0  25  0  0  13  61  171  5166  712  44  0  8  0  97762  0  0  0  0  0  0  0  0  0  0  6  0  0  0  0  0  0  0  3  0  0  0  0  1  1  0  0  0  0  0  0  0  0  0  0  0  0  0  0  0  0  119  0  0  1  1  0  1  0  1  0  0  0  0  0  0  40  0  0  0  0  0  0  0  0  0  9  3  0  0  0  0  0  4  0  
16  68  1  3  11  71  32  5156  36005  1348  17  21  0  12  58  7  130  3276  28  46902  1  40  53  1  840120  112328  1690539  12  655  25810  0  414  0  13  71  2  0  28  6  0  8902  1  24  1890  11413  206  28  635  15093  1  70  475  303  1308  29166  0  145  192309  12  0  368  0  1  10  250569  35681  351066  1664  7049  0  7577  0  115548  0  0  0  0  0  0  1  1  0  0  1  0  0  0  0  0  0  0  2  0  0  0  0  1  0  0  0  0  0  0  0  0  0  0  0  0  0  0  0  0  0  11  0  0  0  5  0  0  0  0  0  0  0  0  2  0  6  0  0  0  0  0  0  0  0  0  6  0  0  0  0  0  0  1  0  
0  130229  0  3  0  2  0  2  4  324  2108  0  0  3  1  0  1590  610  1175953  1509  5390  125797  140  0  520  13  0  0  2  6  0  25  1  266  85  65  21  6  0  1  6658  380181  434  36362  60  4  0  6178  1344  10  73183  20  0  1  5  77  0  165894  121050  111  177874  0  0  1  1189  24  29  15  3  0  16  38  218193  1  0  0  0  0  0  0  0  0  0  1  0  0  0  0  0  0  0  0  0  0  0  0  2  0  0  0  0  0  0  0  0  0  0  0  0  0  0  0  0  0  7  0  0  4  0  0  0  0  0  0  0  0  0  0  0  3  0  0  0  0  0  0  0  0  0  0  0  0  0  0  0  0  0  0  
1  215  0  1  0  1  1  13  588  644  20063  4  0  0  1  0  21  1038  564554  481270  0  17501  48  1  66729  7  9963  0  2  91  0  62  0  92  18  44  0  11  2  0  10975  66  130  166633  108  1  2  386  7641  1  223  54  3  10  2  164297  154511  0  264  0  8800  0  0  1  132935  129  38  82  22  0  39  2  316748  0  0  0  0  0  0  0  0  0  0  1  0  0  0  0  0  0  0  1  0  0  0  0  0  0  0  0  0  0  0  0  0  0  0  0  0  0  0  0  0  0  6  0  0  0  0  0  0  0  0  0  0  0  0  0  0  1  0  0  0  0  0  0  0  0  0  1  0  0  0  0  0  0  0  0  
15  200909  0  2  1  1  0  1  3  148  0  9  0  23  0  0  3126  672  112669  86  91536  10018  21064  0  39  89  3  2  0  4  0  105  1  8719  4650  26  127423  45912  12  3  2172  3  9781  35964  28  1  6  30824  849  35654  91634  123  7  1  0  11  213662  1131  0  77313  255990  0  2  3  528  20  7  191  2  0  9  317410  358782  0  1  0  0  0  0  0  0  0  0  0  0  0  0  0  0  0  0  1  0  0  0  1  3  0  0  0  0  0  0  0  0  0  0  0  0  0  0  0  0  0  24  0  0  2  0  0  0  0  0  0  0  0  0  0  0  4  0  0  0  0  2  0  0  0  0  0  0  0  0  0  0  0  2  0  
16  34071  0  1  0  4  0  0  0  14  0  5  0  14  0  0  18  82  0  0  598825  635  2126  4  0  13  0  1  0  0  0  374  0  1641  598  0  440609  8606  2  0  16  0  1881  2695  9  0  21  959  104  111723  474  83  1  0  0  0  403  1  89004  0  105325  0  0  8  1  1  0  79  0  1  0  157369  7595  0  1  0  0  0  0  1  0  0  0  0  0  0  0  0  0  0  2  7  0  0  0  120  226  1  0  0  0  0  0  1  0  0  0  0  4  4  0  0  0  1  61  1  14  9  0  0  1  6  1  0  0  0  0  0  0  41  5  2  1  0  30  0  0  1  2  0  0  0  0  0  0  0  41  0  
424  78671  0  144  19  79  1  3  11  700  387  291  0  600  6  1  973  2370  54185  268  581849  932075  513816  71  16  2866  20  79  37  18  2  4299  0  6411  2173  90  21250  5421  265  20  9461  63520  17377  88549  628  2  254  3904  12097  190348  266059  1678  46  18  3  464  212268  5839  261806  74232  0  1  14  203  1789  59  63  1661  13  10  2  55416  240405  0  6  32  0  0  4  14  1  0  2  11  0  3  0  0  0  0  28  72  0  0  302  1727  1475  13  0  0  0  0  0  9  2  1  0  2  18  29  0  2  1  0  490  27  91  109  4  0  15  44  10  0  30  1  0  1  0  376  42  10  16  0  238  0  0  3  11  9  2  0  2  0  0  3  348  0  
30420  0  0  0  0  82  0  0  0  0  0  12  83328  84950  150121  0  1  194  0  0  0  0  0  297736  0  0  0  0  0  0  0  507  0  0  0  0  0  0  27564  0  2  0  0  0  7  1  3074  1  169  0  0  145821  322  8  1  0  0  0  0  0  0  0  69  51062  1  14  0  49  4  11  0  0  2  0  0  0  0  0  0  1  0  0  0  0  0  0  0  0  0  0  0  2  0  0  0  0  0  0  0  0  0  0  0  0  0  0  0  0  0  0  0  0  0  0  0  0  0  0  0  0  0  0  0  0  0  0  0  0  0  0  0  0  0  0  0  0  0  0  0  0  0  0  0  0  0  0  0  0  
5601  1  0  0  171  25891  5  2  0  2  0  7  0  119  30  9  760  6142  0  0  37  3  1069  431632  0  1  1  0  1  0  339582  239842  0  62  464  0  3  0  285  1  2  0  106  2  5  0  29975  1279  1215  8  1  451  1087  220  1  4  0  0  0  0  39  55  0  112698  7  281  3  38  2  180894  2  0  38  0  3  0  0  0  2  21  0  0  0  0  0  0  0  0  0  0  2  25  0  0  1  2  18  76  0  0  0  0  0  0  338  13  0  0  0  0  0  0  1  0  5  0  0  0  1  0  4  0  1  0  0  3  1  4  0  3  0  0  1  0  6  0  11  3  0  11  0  1  0  4  0  0  2  0  
44556  0  0  0  739  8275  5  9  4  10  0  211  12954  26000  94  5  159  15265  1  0  48  7  326  783192  2  7  4  0  1  2  3  76299  0  21  94  0  7  0  128682  178  34  0  717  11  37  2  75901  399  5212  10  0  84448  774  179  0  5  2  2  1  0  91  109025  227355  0  20  606  5  459  17  10127  0  0  61  0  2  0  0  0  1  7  0  0  0  0  0  0  0  0  1  0  0  21  0  0  7  1  26  1  0  0  0  0  0  0  0  2  0  0  2  1  0  0  0  0  6  0  0  1  5  0  2  1  4  0  0  4  1  4  0  4  0  0  0  0  3  0  0  3  0  1  0  0  0  1  0  1  4  0  
13  127  0  0  2  358  81  4144  55827  3123  539823  8  0  2  38  3  201  6075  531  378430  1  3705  103  4  879  11  207605  16  769  462439  0  433  0  174  57  71  0  8  1  0  16088  0  203  367157  4310  325  18  1505  22712  1  173  389  249  728  15  128982  2727  233122  51  0  559  0  1  9  0  48204  5185  1264  1098  0  81355  0  79954  0  0  0  0  0  0  0  1  0  22  15  8284  0  0  0  0  0  0  3  0  126  0  1157  1  0  0  0  0  0  0  15365  0  0  0  0  0  0  0  0  0  0  19  0  0  288  1  0  0  0  1  0  0  1  0  1  0  1  0  0  0  0  0  0  0  0  1109  7  1  0  0  0  256  0  2  0  
3039  1  0  5  304  408905  330776  262467  374451  258428  0  100  0  22  1519  1636  557  21665  23  4  9  98  156  838  124  89  3987  14  1412  30721  5  129783  0  37  116  3  1  1  25  0  1730  0  132  19471  7107  2532  2160  2875  33508  20  4  11080  68834  66007  1222  4851  218  720  6  0  68  16  194  1659  41585  0  10413  3543  6781  134  10039  0  20953  0  1172  3  0  0  9110  5032  3312  2874  10696  100063  1  373  4  1280  528  249  17  1296  2  1  5  268  614  37  0  2  2  0  5  794  27  2365  0  1  7  82  0  1  1054  29  11901  0  23  327  7597  2  228  12  2654  11  1  7061  6139  5788  2  5295  52  18  18  0  39  168  74  736  132  279602  772  1450  227  121  10  0  559  0  
55  0  46028  20  3  61  100  945  5216  86  0  79  0  69  29  8  329  5767  2  1  2  2  236  6  456  826048  560284  584011  1161  778  0  1561  0  6  350  0  0  0  26  4  68152  0  36  315  540365  307758  40  952  41697  2  0  487  104  629  10016  483194  16  60  5  0  27  0  2  28  1248  55718  0  2317  13769  4  2887  0  1989  0  0  0  0  0  0  1  0  0  0  3  0  0  0  0  0  0  0  5  0  0  0  0  2  0  0  0  0  0  0  0  0  0  0  0  0  0  0  0  0  0  45  0  1  1  2  0  1  0  1  0  0  1  0  0  0  11  1  0  0  0  0  0  0  0  0  8  0  0  0  0  0  0  3  0  
3874  0  0  105059  134  2042  2315  6574  253  35  0  314585  0  753  116932  191  96  10619  0  0  4  5  157  269  268  2238  2965  38  385330  609  0  2563  0  8  22  0  0  7  808  2813  2481  0  32  206  290181  9529  1973  545  128796  2  2  458828  3079  105827  127  3256  5  23  6  0  50  9  20  484  575  26582  1668  0  26838  11  493  0  2113  0  3  0  0  0  2  90  16  0  0  3  0  0  0  0  1  6  0  17  0  0  0  0  11  0  0  0  0  0  2  1  0  4  0  0  0  0  0  0  1  0  16  0  0  2  310  0  0  0  4  0  0  6  2  60  0  14  0  0  0  0  3  0  0  0  2  490  13  3  50  1  0  0  3  0  
72  0  84  1  26  560  9930  143950  8153  21  0  34  0  1  28580  305403  35  3736  0  2  0  0  22  33  17  54  4923  14460  389682  169  0  655  0  2  8  0  0  0  1  0  689  0  5  29  279397  25353  104  329  9332  0  0  3252  969  158213  15  3281  1  22  0  0  7  0  1  36  634  14809  10185  27736  0  0  3165  0  448  0  0  0  0  0  0  10  22  6  1  0  0  0  0  0  0  1  0  11  0  0  0  2  4  0  0  0  0  0  0  0  0  1  0  0  0  0  0  0  0  0  4  0  0  1  529  0  2  0  7  0  0  2  1  17  0  17  0  0  0  0  1  0  0  1  2  317  15  2  24  0  0  0  0  0  
210847  1  0  0  76289  269889  0  2  0  0  0  1  0  0  16  43677  6  985  0  0  3  0  13  364235  0  0  1  0  0  0  321762  70720  0  4  4  0  1  0  5  1  0  0  5  0  1  0  765  33  254  0  0  42  23  5  0  0  0  0  0  0  0  1  185035  16268  10  141  0  3  0  0  0  0  3  0  44  0  0  0  28  5624  0  0  0  0  0  0  0  0  0  1686  0  28  0  0  0  0  20  967  0  0  0  0  0  0  28251  309  0  0  1  0  0  0  2  0  1  0  1  0  0  0  4  0  4  0  0  3  0  0  0  2  0  0  0  0  1  0  12  13  0  531  0  1  0  26743  0  0  0  0  
7  0  413  0  0  200  3272  2750  249726  198  200  3  0  0  30  114  13  949  0  2  1  31  5  3  55  8  158298  3  322  583100  0  76  0  1  14  0  0  0  0  0  425  0  1  244  2527  176829  14  109  2896  0  1  234  206  1616  1  6015  4  936  1  0  1  0  0  1  52457  18567  7069  718  741  0  0  0  2415  0  0  0  68  0  0  0  0  15  28340  2  26  0  0  0  0  4  0  0  0  2  0  10  0  0  0  0  0  0  0  3101  0  0  0  0  0  0  0  0  0  0  0  0  0  4  4  148  0  0  0  0  0  0  0  1  0  0  0  0  0  0  0  0  0  0  7  5914  0  0  1  0  3487  0  0  0  
3  30062  0  1  0  0  0  0  2  35  0  1  0  5  0  0  267  104  4  0  40937  921  7517  0  0  22  0  0  0  0  0  28  0  8876  5575  7  1086085  961980  0  0  29  0  72875  13060  3  0  1  10205  106  164491  1351  41  0  0  0  0  2409  1  454391  188194  74194  0  0  2  3  0  0  81  0  0  0  0  185866  0  0  0  0  0  0  0  0  0  0  0  0  0  0  0  0  0  0  2  0  0  0  0  0  0  0  0  0  0  0  0  0  0  0  0  0  0  0  0  0  0  3  0  0  0  0  0  0  0  1  0  0  0  0  0  0  1  0  0  0  0  0  0  0  0  0  0  0  0  0  0  0  0  0  0  
1694  4717  0  236  98  241  4  33  18828  12224  15  1009  0  2317  66  0  26964  63847  243518  3162  5716  7646  27810  94  1048320  97882  1177  100  89  1571  0  7235  489  1064153  136448  38546  8444  1609897  704  38  103119  1  106851  79908  3734  44  611  772029  116517  123777  4758  15447  367  185  90097  75370  179538  209602  282974  1174  126965  1  37  504  33382  8627  855  19577  187  13  262  189759  0  605  6  0  0  0  1  9  1  0  2  77  0  1  0  1  0  0  3  75  0  0  2  75  169  1  0  2  3  0  0  1  0  4  0  6  2  20  0  1  1  0  3816  0  10  106  10  0  10  5  16  2  1  4  0  1  1  885  12  5  1  0  20  0  0  4  8  94  44  1  0  3  1  2  153  0  
97  0  0  13199  2  7  0  0  0  14  0  478  0  105  2  1  888  676  0  0  0  1  2  2  17  31460  0  5  1  0  0  70  352000  166254  2  155726  0  8  35  2  61524  0  8  12  77  0  26  150086  1451  0  0  1094  11  5  0  3  4  2  0  0  9  0  0  26  3  3  4  1130  1  0  1  0  2800  0  0  0  0  0  0  0  0  0  0  0  0  0  0  0  0  0  0  0  0  0  0  0  1  0  0  0  0  0  0  0  0  0  0  0  0  0  0  0  0  0  8  0  0  1  0  0  0  0  0  0  0  0  0  0  0  0  0  0  0  0  0  0  0  0  0  0  0  0  0  0  0  0  0  0  
3  0  0  0  6  512  31  1  0  1  0  0  0  0  0  0  0  13  0  0  2  0  7  1  0  0  0  0  0  0  1225  272  0  0  0  0  0  0  0  0  0  0  1  2  1  0  2  2  10  0  0  8  29  14  0  1  1  0  0  0  2  0  0  1  0  350  0  2  0  241  0  0  0  0  0  1  0  0  377135  63915  80  0  2  10  0  221  1164  17473  89258  34522  5  552  0  0  0  0  265  452291  0  1  0  0  3  0  54550  590  0  0  1  2  0  0  122392  194  24  0  7  8  4422  0  3748  4  10703  0  1  15404  117001  3877  0  363  1  0  1  0  4  290512  2976  94860  8  7574  16  238  68  150855  1  1  15  0  
0  8  0  0  0  0  0  0  0  16  0  0  0  2  0  0  0  5  0  0  5  26  36  0  0  0  0  0  0  0  0  17  0  0  0  0  2  0  0  0  0  0  0  12  2  0  1  0  5  1  1  1  0  0  0  0  0  0  0  0  3  0  0  0  0  0  0  1  0  0  0  0  0  0  1  0  0  0  1  3  0  0  1  7  0  0  0  0  0  0  18  94  291544  1  314674  952  676  15  0  0  0  0  0  2  0  3  0  0  2  0  25138  13954  0  0  55  150977  273  49  0  0  9  106  1  1  212966  0  0  0  0  28  15940  36  273111  232351  126713  0  0  0  7  19  0  0  0  0  0  3664  944  0  
0  0  1599  0  0  0  0  82  45  0  0  0  0  0  0  1863  0  0  0  0  0  0  0  0  0  0  0  1  0  463  0  0  0  0  0  0  0  0  0  0  0  0  0  0  0  2535  0  0  0  0  0  0  0  0  0  0  0  0  0  0  0  0  0  0  0  1  0  0  0  0  298  0  0  0  0  0  0  0  0  0  12  4425  20328  0  0  0  0  0  0  312596  0  0  0  0  0  0  1  0  0  0  78210  107136  266505  61810  0  0  0  0  0  0  0  0  0  0  1  0  0  0  313817  250106  0  0  0  0  0  0  0  20  0  15116  0  0  0  0  0  0  0  0  0  23  65217  0  3849  0  4402  0  0  0  
0  0  0  0  0  0  0  0  0  2  0  0  0  0  0  0  0  0  0  0  0  0  0  0  0  0  0  0  0  0  0  6  0  0  0  0  0  0  0  0  0  0  0  0  1  0  0  0  0  0  0  2  0  1  0  0  0  0  0  0  0  0  1  0  0  4  0  0  0  0  0  0  0  0  3  1  0  0  13  74  22  0  4  7  0  229139  3  7  12  6  798  1084  1  0  1  1  194  1  0  433166  0  110330  122780  1  1  2  148938  45300  11327  9298  0  0  64  115  149194  0  30  3  132528  0  69  11690  407119  0  0  92  4  36  89  231  1  2  0  0  2  0  1  1  1  184  55173  178485  122  0  1  0  1459  32838  
7  0  0  0  10  2577  28  0  1  0  0  0  0  0  0  29  0  82  0  0  8  0  20  5  0  0  0  0  1  0  226  432  0  0  0  0  0  0  0  0  0  0  1  1  1  0  7  1  44  1  0  10  68  21  0  1  1  0  1  0  6  0  0  4  0  1984  0  1  0  121  0  0  1  0  326251  3  0  3  0  249509  34  0  8  5  0  237  4  19466  31771  607502  11  1835  1  0  0  4  870  27  0  9  0  0  2  2  14  555  0  0  3  5  0  1  14793  65  51  0  15  7  1498  0  560  4  2010  0  0  9861  603089  2256  0  145  7  2  2  0  7  59  39  265  9  20823  86  331  27  18787  1  2  37  0  
60  4  0  0  34  44399  1056  15  3  22  0  6  0  1  9  23369  4  544  0  0  55  16  170  13  0  2  11  0  4  1  843  17106  0  3  2  0  3  0  4  0  5  0  14  12  26  3  50  19  362  1  0  112  473  208  1  16  1  0  0  1  48  0  5  18  10  3724  5  61  11  9990  2  0  36  0  141033  6  0  1  396646  0  344282  26  53  115  0  229  17  2305  4803  705602  136  22786  1  0  13  60  6582  12320  1  19  1  0  30  4  11555  74447  0  4  25  18  0  12  3711  47  466  2  66  80  17188  34  3995  51  5918  0  4  32855  89639  151954  4  2006  38  10  39  1  87  230  13587  10295  63  377561  438  5215  579  248979  4  6  550  0  
2  0  0  0  4  2639  5836  1751  97  1  0  0  0  0  3  20594  1  85  0  0  0  0  1  0  0  0  7  0  2  2  0  59  0  0  0  0  0  0  0  0  0  0  0  0  15  4  2  1  119  0  0  28  131  130  0  18  0  0  0  0  0  0  0  2  5  7715  4  11  16  1  2  0  3  0  726  2  33  0  877  294979  0  177082  2922  279  0  12  0  23  2028  569151  2  1918  3  6  1  1  232  7  0  10  733  388  514  11  2  76  0  0  1  1  0  0  42  10  80  0  2  42  40144  7448  197  2  851  0  4  10282  517  368280  0  11474  112  48  9  0  20  34  1  41  1530  453231  7638  2267  10680  1  351  1  104  0  
0  0  127  0  0  47  9853  20563  3683  0  0  0  0  0  0  3502  0  16  0  0  0  0  0  0  0  0  6  0  0  628  0  2  0  0  0  0  0  0  0  0  0  0  0  0  1  1144  0  0  21  0  0  2  1  11  0  6  0  0  0  0  0  0  0  0  2  11676  0  0  2  0  121  0  1  0  1  0  2556  0  2  8  216942  0  58428  3  1  0  0  0  0  471539  0  42  0  0  0  0  6  0  0  0  3  4  71469  11  0  0  0  0  0  0  0  0  1  0  3  0  0  0  93298  173359  2  0  9  0  0  5  1  165500  0  96  0  0  0  0  0  0  0  2  6  189081  94  2  185453  0  321  0  2  0  
0  0  13  0  0  4  1048  5018  54670  196  2  0  0  0  0  57  1  12  0  0  0  94  0  1  0  0  3  0  1  27974  0  4  0  0  0  0  0  0  0  0  1  0  0  6  5  281  0  1  13  0  0  2  2  20  0  5  0  0  0  0  0  0  0  0  50  18087  2  6  10  0  11049  0  0  0  5  13  5263  0  6  152  3860  59611  0  46289  56  0  0  0  0  834  0  149  22  129  17  134  25  0  10  0  167  8  72  36470  0  3  0  0  0  0  0  0  1  1  23  0  6  4230  1037  192125  4  0  75  0  10  8  5  1376  0  15345  213  239  15  0  105  0  1  1  48635  244423  387  8  1506  1  302765  0  674  0  
13  1  0  0  2  5  3  4  953  63180  3  9  0  13  1  0  33  215  0  0  2  101  153  1  0  7  29  0  0  2310  0  93  0  4  1  0  0  0  5  0  64  0  8  64  23  6  3  94  472  1  0  156  5  9  14  47  3  1  2  0  5  0  0  3  12  90623  43  136  5  1  1  0  321  0  22  18  0  0  17  535  222  2  48991  0  115  3  0  5  0  2  17  306  80  0  41  3451  31401  71  9  11  1  1  1  46808  1  15  0  0  6  166  0  2  7  4  13573  1  30  167212  708  0  60  11  149  2  40  17  3  21  2  4327  488  443  88  0  334  0  4  31  9503  234522  167  19  105  5  183  1  1683  1  
0  0  5  0  0  0  0  0  6  45  105830  0  0  0  0  0  0  0  0  2004  1  58459  0  0  0  0  7  0  0  5991  0  0  0  0  0  0  0  0  0  0  0  1738  0  36657  0  0  0  0  0  0  0  0  0  0  0  0  0  0  0  0  2  0  0  0  15175  18  0  0  0  0  58  0  0  0  0  0  0  0  0  0  0  0  56  402  0  0  0  0  0  0  0  0  1108  496259  0  53727  1  0  0  0  74  0  0  189135  0  0  0  0  0  0  0  0  0  0  0  340593  0  552068  0  0  0  0  0  0  0  0  0  0  0  1  4352  90731  0  0  10  0  0  0  340254  2  0  0  0  0  82  0  1  0  
0  0  0  0  1  9  3  0  0  0  0  0  0  0  0  0  0  1  0  0  1  0  0  0  0  0  0  0  0  0  0  5  0  0  0  0  0  0  0  0  0  0  0  0  0  0  0  0  0  0  0  0  1  0  0  0  0  0  0  0  0  0  0  0  0  11  0  0  0  0  0  0  0  0  69  0  0  283172  962  73  3  0  0  0  0  0  1087  214451  89213  2  13989  44588  0  0  0  0  11  13  0  1016  0  62  25465  0  0  12  31429  30639  33342  61  0  0  14015  342852  620  0  0  0  561  0  9763  4472  415164  0  0  259592  699  11  2  10  0  0  0  0  0  3  0  2  0  36  177  371820  3  0  0  1  64  46  
0  0  0  0  0  0  0  0  0  0  0  0  0  0  0  0  0  0  0  0  0  1  0  0  0  0  0  0  0  0  0  9  0  0  0  0  0  0  0  0  0  0  0  0  0  0  0  0  0  0  0  0  0  0  0  0  0  0  0  0  0  0  0  0  0  0  0  0  0  0  0  0  0  0  241  0  0  0  1  29  0  0  0  0  0  823  0  78714  1  0  71  2939  0  0  0  0  53  101417  0  0  0  0  0  0  9  7  0  359  359  0  0  0  143724  763  1  0  13  0  1  0  167566  121  6844  0  0  29  16  1  0  0  0  0  0  0  0  135573  139  8547  0  1  0  0  0  6  0  0  2  0  
0  0  0  0  0  134  4  0  0  0  0  0  0  0  0  0  0  2  0  0  0  0  1  0  0  0  0  0  0  0  0  18  0  0  0  0  0  0  0  0  0  0  0  0  0  0  0  0  0  0  0  0  7  1  0  0  0  0  0  0  0  0  0  1  0  78  0  0  0  2  0  0  0  0  2050  0  0  1  16164  297  0  0  0  0  0  190044  65747  0  29356  9  2  1743  0  0  0  0  36  301  0  0  0  0  0  0  3  33  0  125  15  0  0  0  247397  109773  0  0  0  0  34  0  28048  0  22144  0  0  492133  10524  60  0  3  0  0  0  0  0  200388  14  1204  0  1618  2  103  2  12  0  0  5  0  
0  0  0  0  0  31  37  2  8  0  0  0  0  0  2  0  0  5  0  0  0  0  0  0  0  0  0  0  1  0  0  11  0  0  0  0  0  0  0  0  0  0  0  0  1  0  1  0  7  0  0  0  11  9  0  2  0  0  0  0  0  0  0  0  1  262  0  2  2  0  0  0  0  0  140649  0  0  11  10765  3965  245  1  10  4  0  61990  10  28947  0  12513  0  217  0  0  0  0  34  110993  0  6  0  5504  217769  2  1  12  0  0  0  1  0  0  4696  36  12  0  1  4  8283  0  74  2  977  0  0  1047823  1029900  497807  0  530  2  0  0  0  1  437033  2  16  8  3459  63  215403  116768  2  1  0  9  0  
2  0  1056  0  32  5409  1329  979  125  1  0  0  0  0  1  23999  0  5  0  0  0  0  0  0  0  0  1  0  0  190  2746  412  0  0  0  0  0  0  0  0  0  0  0  0  0  1371  0  0  8  0  0  5  35  31  0  2  0  0  0  0  0  0  0  0  0  96  2  0  0  4112  73  0  0  0  43398  0  288616  0  772254  869309  512545  472254  6082  5  0  4  0  73  49036  0  3  508  0  0  0  0  120  26  0  0  77  2  145309  10  645  158  0  0  0  1  0  0  104  4  9  0  1  3  81664  55990  61  2  201  0  0  1829  81194  908347  0  283  0  0  1  0  0  11  21  81  12  15645  28  106  141594  123975  328  0  7  0  
2  0  0  0  0  0  0  0  0  5  0  0  0  3  1  0  2  27  0  0  4  0  13  0  0  0  0  0  0  0  6  55  0  1  0  0  0  0  0  0  2  0  2  0  2  1  0  8  37  0  0  28  1  2  0  0  0  0  0  0  2  0  0  2  1  42  1  22  3  3  0  0  9  0  21  103  0  2428  139  122  19  2  16  38  0  10702  678  1  5  6  0  224157  8  1  64  19  225660  4328  8  644  1  2  10  10  41  42  5318  242  109937  1272  0  210  6  10  40804  1  3394  47  8136  1  3658  243150  130100  452  30  2979  27  50  101  3152  98  70  349  11  665  3  35  258  175  690  2910  1535  44  4  2  850  7568  26075  
8  2  0  0  1  13  5  0  0  5  0  2  0  0  0  0  5  92  0  0  10  3  67  0  0  0  0  0  0  0  26  447  0  1  0  0  0  0  0  0  0  0  1  2  3  0  14  5  70  0  0  12  2  0  0  1  0  0  1  0  26  0  0  3  0  32  1  2  2  11  0  0  11  0  3193  13  0  311  9219  2196  39  1  10  54  0  71016  5053  5535  48  194  199677  0  2  0  11  125  108880  52562  9  96  0  1  3  3  199  586  14  617  49517  62  0  5  1194  22962  7015  2  1208  60  3650  0  178074  3605  291162  0  1  6759  889  470  75  1462  41  10  55  0  115  35  1118  1853  30  872  2386  1969  41  72  3  13  955  0  
0  0  0  0  0  0  0  0  0  0  1  0  0  0  0  0  0  0  0  0  0  0  0  0  0  0  0  0  0  0  0  0  0  0  0  0  0  0  0  0  0  0  0  0  0  0  0  0  0  0  0  0  0  0  0  0  0  0  0  0  0  0  0  0  0  0  0  0  0  0  0  0  0  0  0  307427  0  0  0  5  2  0  32  12  10  0  0  0  0  1  0  3  0  108341  9582  19293  3  0  196602  1  5  0  0  64  0  1  0  0  0  0  4  6512  0  0  10  208676  10  24847  10  0  0  3  8  0  65457  0  0  1  1  16893  873995  511676  151103  9  48027  0  0  0  3051  367  4  4  5  0  19  590  210137  0  
0  0  0  0  0  0  0  0  0  0  3901  0  0  0  0  0  0  0  0  1197  0  0  0  0  0  0  0  0  0  111  0  0  0  0  0  0  0  0  0  0  0  0  0  2  0  0  0  0  0  0  0  0  0  0  0  0  0  0  0  0  0  0  0  0  331  3  0  0  0  0  1  0  0  0  0  42  0  0  0  0  5  0  24  0  467242  0  0  0  0  0  0  1  145303  0  0  6108  3  0  30243  0  76163  0  0  4903  0  0  0  0  0  0  0  0  0  0  2  305765  5  73764  6  1  0  0  0  0  4  0  0  0  0  102077  38186  609292  2  0  59  0  0  0  233180  99  4  0  0  0  25750  0  470  0  
6  37  0  0  0  3  0  0  0  110  0  2  0  10  0  0  3  57  0  0  242  435  435  4  1  4  0  0  0  1  0  223  0  2  3  0  20  0  0  0  5  0  12  143  6  0  3  14  76  4  16  52  0  0  0  0  1  1  0  5  217  0  2  2  0  9  0  31  0  0  0  0  18  0  10  391280  0  0  5  31  0  0  0  18  0  2  1  3  0  0  73  1266  2853  0  0  5743  76626  178  0  0  0  0  0  1  5  24  0  1  87  15  170661  468  2  0  332  40089  4254  120  0  0  120  80  21  107153  182131  1  0  0  0  145  315  34  1954  427772  661001  0  3  6  15  22  2  0  0  0  1  2031  2416  0  
19  3274  0  0  2  1  0  0  166  3665  386  7  0  21  0  0  6  69  1  0  186  156436  729  1  0  17  0  0  0  1248  0  91  0  1  1  0  13  0  10  1  12  1809  6  20088  19  0  6  10  156  0  1777  211  3  1  0  0  3  3  0  1  1288  0  0  11  65  1137  2  125  0  0  0  0  32  0  8  574  0  0  3  21  0  0  43  10216  15784  8  1  1  0  0  93  1169  10163  10113  2718  0  53175  141  0  1  0  0  0  20113  2  14  0  2  39  20  4  34  5  8  571  347325  132  900384  4  0  99  55  66  0  151676  3  0  0  0  226  216014  38147  117  1  509954  0  2  5  9940  52  2  4  0  2  3  24  9141  0  
49  2  0  1  6  14  1  0  0  404  0  20  0  44  2  0  32  343  0  0  130  10  1515  0  1  23  4  0  0  0  31  863  0  7  2  0  4  0  20  0  40  1  34  60  61  0  24  90  513  4  0  565  11  3  4  6  14  1  4  4  125  0  1  14  1  203  10  415  1  11  0  0  166  0  260  1026  0  0  56  495  0  0  24  21888  0  105  423  13  0  4  136041  101346  24  2  135080  40508  0  27373  7  24  0  0  0  39  192  434  0  156  161880  1155  30777  1335  30  43  19774  15  375235  84180  53  0  9613  20941  618  171579  258  70  1  0  0  2438  662  443  3586  479  485683  1  597  598  972  781  20  41  7  12  17  5947  56294  3  
2  1  0  0  0  6  0  0  0  11  0  3  0  2  0  0  1  48  0  0  19  8  52  13  0  0  0  0  0  0  2359  1921  0  2  2  0  1  0  1  0  5  0  0  4  1  0  4  6  55  1  0  27  0  1  0  1  1  0  1  0  29  0  69  1  0  15  1  14  0  397  0  0  13  0  634347  8  0  0  111  11723  2  0  3  34  0  14  166459  686  97271  293  3330  83375  2  0  9  134  49146  0  0  1  0  0  0  3  159062  1068  0  68  4738  41  0  1  3914  4  520  0  11425  53  25  0  391172  252  184  0  1  59  6  13  0  331  29  7  32  0  85  314946  571441  1252904  21  83  7  5  2  70582  0  4  562  0  
1  0  0  0  0  0  0  0  0  0  0  0  0  0  0  0  0  1  0  0  0  0  0  0  0  0  0  0  0  0  0  1  0  0  0  0  0  0  0  0  0  0  0  0  0  0  0  0  0  0  0  1  0  0  0  0  0  0  0  0  0  0  0  0  0  0  0  0  0  0  0  0  0  0  1  0  0  0  2  2  5  0  0  1  0  3  0  0  0  0  7  1025  205182  28437  0  0  177  1  0  246950  12249  0  0  2  0  2  0  71651  2  54905  0  5460  0  0  738  0  38  5  511  0  50  5  324  0  0  14  0  1  187112  279355  167  6483  39  0  36  0  0  0  25  25  3219  31  3  0  0  0  1009411  0  
1  0  0  0  0  2  0  0  1  3  0  0  0  0  0  0  0  12  0  0  0  0  2  1  0  0  0  0  1  0  0  12  0  0  0  0  0  0  0  0  0  0  0  2  0  0  0  1  13  0  0  5  1  0  0  1  0  0  0  0  1  0  0  0  0  30  0  5  2  0  0  0  2  0  18  1  1  494454  61  311  117  0  21  34  0  495  0  14  11  27  172  3008  0  0  1  2  1502  10  204875  0  15238  61990  1213  1  2  27  8436  2855  77  571523  0  537  202  279  392069  0  526  26  65319  0  242  182  129227  3  0  541  20  174  272429  2524  7  4  3  0  124  0  1  8  8  784  647667  2651  889  2  1  1  78357  44574  
0  0  139  0  0  4  4  4  0  0  167  0  0  0  0  0  1  10  0  1  0  0  1  1  0  0  1  0  0  168  0  6  0  0  0  0  0  0  0  0  0  0  0  0  3  2  0  1  11  0  0  2  0  16  0  4  0  0  0  0  0  0  0  0  0  246  2  4  1  0  0  0  0  0  23  0  88799  0  9  100  2133  49  763  18  102  1  0  0  18  224  2  858  0  78649  0  0  110  2  10924  12788  0  26  4  701999  0  6  0  0  0  0  0  0  2  0  67  0  0  11  1483  105122  44  0  237  0  0  70  9  2253  20993  979024  5  35  2  0  3  0  1  8  97018  3763  262909  10  45553  0  96987  0  33  0  
0  0  0  0  0  0  0  0  0  0  0  0  0  0  0  0  0  0  0  0  0  0  0  0  0  0  0  0  0  0  0  0  0  0  0  0  0  0  0  0  0  0  0  0  0  0  0  0  0  0  0  0  0  0  0  0  0  0  0  0  0  0  0  0  0  3  0  0  0  0  0  0  0  0  1  0  108479  108811  0  2  102  22  22  0  0  2  0  0  2549  0  1  36  0  0  0  0  4  0  0  76538  21  0  279660  137  0  0  1  1  0  98  0  0  0  0  19  0  0  0  834321  638  2  0  67  0  0  4  0  2  0  30  0  0  0  0  0  0  0  0  1  370  824248  14  12  0  2  0  2  66  
0  0  0  0  0  0  1  1  0  0  0  0  0  0  0  1  0  5  0  0  0  0  0  0  0  0  0  0  0  0  0  1  0  0  0  0  0  0  0  0  0  0  0  0  0  0  0  0  1  0  0  0  0  4  0  0  0  0  0  0  0  0  0  0  0  20  1  0  0  0  0  0  0  0  1  0  209690  134870  1  102  2607  139595  12  2  0  34328  0  1  312005  191991  0  61  0  0  0  0  6  1  0  3838  0  338731  0  0  0  2  0  0  0  1  0  0  0  0  10  0  0  1  1182695  57042  4  0  27  0  0  43997  1  6935  1  137  0  0  0  0  0  0  0  2  5  930  24602  456805  552795  0  0  0  6  1  
0  0  1125  0  0  0  1  0  1930  423  11170  0  0  0  0  4  0  2  0  15  0  3939  0  0  0  0  1  0  0  161977  0  1  0  0  0  0  0  0  0  0  1  0  0  571  0  98  0  0  2  0  0  0  0  0  0  0  0  0  0  0  0  0  0  0  19630  2158  0  0  0  0  12714  0  1  0  0  0  55305  0  0  23  21  6  43405  48763  49807  0  0  0  0  20  0  2  2  6178  2  5407  3  0  1  0  859058  40  0  0  0  0  0  0  0  0  0  0  0  0  1  0  0  17595  48  213937  0  0  4  0  0  0  0  2  0  265142  71  71  1  0  9  0  0  0  411032  1993  2454  0  25  0  383670  0  49  0  
1  0  0  0  0  251  0  0  0  0  0  1  0  0  0  0  0  7  0  0  0  0  4  39  0  0  0  0  0  0  62098  6988  0  0  1  0  0  0  0  0  0  0  0  1  0  0  0  0  7  0  0  2  0  0  0  0  1  0  0  0  1  0  246  0  0  20  0  1  1  71381  0  0  4  0  58522  0  0  0  102  14241  0  0  0  2  0  0  116  26  1  684  233  1313  0  0  1  3  3046  162151  0  0  0  0  0  0  0  19127  0  0  28  0  0  0  116  0  13  0  11  1  13  0  601  5  130  0  0  47  7  4  0  18  2  0  2  0  1  18  352792  3835  3  85  2  2  0  284624  0  0  22  0  
10  0  0  0  0  287  2  2  0  1  0  0  0  1  0  0  1  89  0  0  2  0  7  3  0  0  0  0  0  0  25  5553  0  0  0  0  0  0  1  0  0  0  1  0  2  0  14  0  66  0  0  10  2  1  0  2  2  0  0  0  5  0  0  0  0  2361  1  4  0  435  0  0  2  0  1619  4  0  0  591  70911  6  0  1  3  0  6  15  129  7  548  104  12311  0  0  3  5  2651  700  0  0  0  0  0  0  21579  0  0  1  4  1  0  5  266  1  103  0  21  6  83  0  1356  29  1425  0  3  240  34  65  0  82  5  4  41  1  76  27  1435  1753  5  22499  28  15  1  36526  0  24  533  0  
0  0  0  0  0  0  0  0  0  2  0  1  0  0  0  0  0  5  0  0  0  0  0  0  0  0  0  0  0  0  0  2  0  0  0  0  0  0  0  0  1  0  0  0  0  0  0  1  7  0  0  1  0  0  0  0  0  0  0  0  0  0  0  0  0  0  0  1  0  0  0  0  1  0  0  0  0  147244  0  4  4  0  2  12  0  27094  0  0  0  0  4508  81  0  0  0  0  28  1  0  16865  0  11  0  0  0  0  0  60385  28443  19771  0  1  0  0  186240  0  3  9  6  0  5  259280  75228  0  0  0  0  0  0  400  2  0  1  0  1  0  0  0  2  29  936  2  1  0  0  0  851  354134  
4  0  0  0  1  0  0  0  0  4  0  2  0  0  0  0  3  25  0  0  0  0  4  0  0  1  0  0  0  0  0  16  0  0  0  0  0  0  0  0  7  0  0  0  8  0  2  9  37  0  0  55  0  0  0  0  1  1  0  0  2  0  0  3  0  4  0  40  0  0  0  0  18  0  3  8  0  24261  0  8  1  0  1  9  0  20075  1110  384  2  0  253  1795  0  0  5  0  943  437  84502  1953  0  0  0  0  0  1  77244  0  369857  217074  0  52115  2  100  375  0  112675  14  3  0  134  254795  657  1193  1  0  0  2  0  147  5  6  27  3  26  113  0  1  4  17  21  78  0  0  0  6384  1027533  50063  
0  0  0  0  0  0  0  0  0  0  0  0  0  2  0  0  0  4  0  0  2  1  0  0  0  0  0  0  0  0  0  8  0  0  0  0  0  0  0  0  0  0  1  0  2  1  1  1  14  1  0  17  0  0  0  0  0  0  0  0  3  0  0  0  0  0  0  12  0  0  0  0  3  0  0  1  0  15884  2  4  0  0  1  5  0  26557  1637  106  0  0  98862  41880  0  0  1  2  145781  8467  2  1  0  0  1  1  8  2  36173  401194  0  29  0  2024  0  27  418  0  233733  16  12  0  1258  320651  18115  5137  2  17  0  0  0  259  31  10  13  0  51  27  18  581  56  8  12  5  2  0  1  38338  41149  234  
44  0  0  0  4  6  1  0  1  70  0  30  0  49  3  0  45  356  1  0  12  0  64  0  0  9  1  0  0  0  0  161  0  12  3  0  0  0  5  0  71  0  26  23  122  0  11  136  549  2  0  756  15  4  0  4  23  8  15  0  14  1  1  12  1  41  3  656  1  0  0  1  261  0  22  17  0  12714  25  139  11  0  13  245  0  44  4  9  0  5  1253  3234  10  0  8  14  12451  413  47241  445675  0  56  0  5  3  43  2429  221319  1957  0  0  27  20  34  204383  0  6733  516  983  0  766  90894  2503  50  5  72  2  15  4015  2330  193  40  64  1  157  0  7  39  67  256  28965  287  62  5  2  34  64491  134356  
0  0  0  0  0  0  0  0  0  0  0  0  0  0  0  0  0  0  0  0  0  0  0  0  0  0  0  0  0  0  0  1  0  0  0  0  0  0  0  0  0  0  0  0  0  0  0  0  0  0  0  0  0  0  0  0  0  0  0  0  0  0  0  0  0  0  0  0  0  0  0  0  0  0  0  20902  0  0  0  0  0  0  0  0  0  0  0  0  0  0  0  3  0  0  100839  0  39576  0  0  0  0  0  0  0  0  0  0  0  0  0  0  287442  0  0  1  0  353254  0  0  0  0  5  0  388274  0  0  0  0  0  0  0  0  71752  541388  110607  0  0  0  0  0  0  0  0  0  0  926970  761  0  
0  0  0  0  0  0  0  0  0  14  0  0  0  0  0  0  0  3  0  0  0  0  0  0  0  0  0  0  0  0  0  2  0  0  0  0  0  0  0  0  0  0  0  0  0  0  0  0  2  0  0  0  0  0  1  1  0  0  0  0  0  0  0  0  0  3  0  1  0  0  0  0  1  0  0  37010  0  0  0  0  0  0  1  4  0  4  0  0  0  0  235  13  83  0  6982  0  6165  0  26662  1050  0  0  0  1  0  0  0  49073  754  220  295202  0  0  0  442  0  204348  4  0  0  2  7713  3  116422  18  0  0  0  1  2  4  1  91556  54226  20185  0  0  1  4  9  1  0  0  0  1  1165761  1064748  1  
1  0  0  0  0  166  5  0  0  0  0  0  0  0  0  0  0  29  0  0  3  0  5  0  0  0  0  0  0  0  2  204  0  0  0  0  0  0  0  0  0  0  1  0  1  0  5  0  13  0  0  1  27  3  0  0  0  0  0  0  3  0  0  0  0  173  0  1  0  1  0  0  1  0  22474  0  0  2  10364  3720  8  0  2  2  0  2079  163464  400862  315  48  6  942  0  0  0  2  367  274  0  20  0  0  0  0  55  337  0  1  5  5  0  0  0  43036  41  0  7  3  264  0  210132  5  152452  0  0  30973  12552  272  1  39  2  2  1  0  2  11727  389  11832  1  5298  81  950  2  131  0  0  28  0  
0  0  0  0  0  2  0  0  0  0  0  0  0  0  0  0  0  0  0  0  0  0  0  0  0  0  0  0  0  0  0  1  0  0  0  0  0  0  0  0  0  0  0  0  0  0  0  0  0  0  0  0  0  0  0  0  0  0  0  0  0  0  0  0  0  0  0  0  0  1  0  0  0  0  17  0  0  15  54  12  1  0  0  1  0  317519  124  138787  7  1  7  6324  0  0  0  1  16  3  0  55  0  0  1  0  0  1  0  40  2  9  0  0  72861  0  222  0  0  1  125  0  39004  0  117984  0  0  3223  54  9  1  11  2  0  1  0  2  1  0  1  0  24  129  4368  3  1  0  0  46  0  
53  1  0  0  2  25  6  1  3  1706  0  27  0  24  1  0  103  696  0  0  27  1  60  4  2  14  33  0  1  1  0  435  0  12  7  0  3  0  10  1  81  0  18  16  86  5  13  218  1399  1  0  530  12  13  19  81  20  1  10  0  23  0  0  8  1  537  99  453  2  1  0  1  422  0  131  42  0  107032  365  1257  215  0  310  3280  0  9248  7  96  15  66  38684  58161  23  4  35  76  82252  883  104  315312  3  2  123  43  18  216  108044  3220  2948  287631  5  176  734  5740  0  0  18364  2537  30457  0  7250  102091  396841  224  21  2448  84  381  4556  47541  849  164  220  11  9738  5  38  110  402  11017  91148  6864  580  16  23  198  106016  114485  
0  80  0  0  0  0  0  0  1  88  1348  0  0  1  0  0  0  0  0  65  24  9529  37  0  0  0  0  0  0  3  0  13  0  0  0  0  0  0  0  0  0  2493  2  875  0  0  1  1  1  0  54  1  0  0  0  0  0  0  0  0  134  0  0  0  0  5  0  2  0  0  0  0  0  0  1  299590  0  0  0  3  0  0  0  8  396403  0  0  0  0  0  0  11  177690  176274  19596  470037  48  3  0  0  0  0  0  0  0  0  0  0  0  0  6  1  0  0  3  0  2  226842  0  0  0  1  0  0  177412  0  0  0  0  0  251724  24011  13  11  3038  0  0  0  2  1  0  0  0  0  0  0  5  0  
0  0  0  0  0  0  0  0  0  29  0  1  0  0  0  0  1  3  0  0  1  0  8  0  0  0  0  0  0  0  0  7  0  0  0  0  0  0  0  0  0  0  0  1  1  0  0  0  12  0  0  4  0  0  1  1  0  0  0  0  2  0  0  0  0  15  0  3  0  0  0  0  6  0  0  22  0  0  1  5  1  0  3  17  0  2  1459  1  0  0  4051  180  1  0  20903  0  291034  18749  0  2  0  0  0  2  1  3  0  149175  251761  135  226786  166341  0  2  890  1  0  17  2  0  2676  10731  22  297661  0  3  0  0  0  91  9  7  42  101  177  0  4  4074  21  27  4  4  1  0  0  101446  93148  0  
19  4  0  0  2  5  6  6  23  401  4345  11  0  27  0  1  4  95  0  0  16  15161  261  0  0  11  2  0  0  468  0  25  0  0  0  0  2  0  6  0  28  245  3  15805  32  9  5  34  156  0  4  240  7  26  1  10  4  1  2  1  18  0  0  6  367  333  3  176  9  0  0  0  38  0  10  75  0  0  11  498  299  4  12712  140154  524705  55  0  3  1  12  43  444  28891  72731  45  868332  59862  14  28  15  3  0  3  26972  1  12  3  12  24  371  0  57  6  21  6096  168150  169  0  2548  0  36  41  1579  0  700  44  9  71  1  12668  361696  239002  1964  0  31355  1  2  15  375749  49748  142  568  112  6  1036  18  20741  16  
3  0  0  0  0  41  84  36  25  12  0  1  0  0  1  12  3  172  0  0  0  0  7  0  0  0  37  0  2  6  1  122  0  1  1  0  0  0  0  0  2  0  0  0  35  23  3  7  222  0  0  23  26  232  1  73  0  0  0  0  3  0  0  2  13  992  5  28  42  0  2  0  6  0  218  1  226546  162909  596  5354  22331  71163  275  297  0  612  1  93  1204  52524  334  18433  5  0  7  3  2669  29  23  78090  17  832667  968433  28  1  181  0  7  7  3142  0  1  489  511  13633  0  27  106  0  316676  1591  65  63699  1  2  2898  200  7476  382  38285  36  25  11  0  34  11  8  81  214  29303  841434  293678  214362  14  11  4  3010  3  
0  0  101  0  0  2  5  126  535  0  1  1  0  0  0  93  0  18  0  0  0  0  1  0  0  0  2  0  0  961  0  12  0  0  0  0  0  0  0  0  0  0  0  0  2  994  0  0  16  0  0  2  0  17  0  3  0  0  0  0  0  0  0  0  3  108  1  3  3  0  485  0  0  0  6  0  197616  0  4  44  46194  166198  241106  6  0  1  0  0  0  33290  2  225  0  1  0  0  20  3  0  2  111814  3932  16682  190038  0  5  0  0  1  0  0  0  1  0  15  0  0  2  213294  0  12  0  40  0  0  13  1  2404  0  211761  1  1  0  0  0  0  1  4  15  23221  146496  4  3743  0  183255  0  4  0  
3  1  0  0  0  20  4  1  0  18  0  0  0  2  0  0  2  58  0  0  28  3  79  1  0  1  0  0  0  1  93  1183  0  2  1  0  2  0  0  0  1  0  2  6  5  0  5  7  50  0  0  21  6  4  0  0  1  0  2  1  25  0  2  4  0  48  0  18  1  66  0  0  13  0  61577  3  0  0  11721  7941  32  0  6  63  0  8409  197474  24974  209  1056  305  193427  4  0  7  144  10308  337667  1  3  0  0  3  1  1223  820  0  35  315  30  0  4  104877  25127  556  1  468  114  990  0  0  133  72343  0  1  8733  545  1030  0  482  37  15  18  0  94  49347  11877  181836  22  691  17  344  15  575  1  3  658  1  
16  0  0  0  0  10  0  0  0  56  0  13  0  11  1  0  27  361  0  1  16  1  40  0  0  2  1  0  0  0  1  266  0  6  3  0  0  0  0  0  19  0  11  8  30  0  7  67  639  1  0  177  4  0  0  2  5  1  3  0  13  0  0  2  0  62  1  163  0  2  0  1  84  0  28  1452  0  18386  31  163  9  1  22  132  0  1863  273  11  0  2  218101  9796  52  0  800  53  127068  560  7  192  1  0  2  44  10  91  158980  268184  390554  32305  0  6464  4  31  121703  3  63540  386  3172  0  936  0  44453  6810  388  379  0  9  65  5035  490  285  3488  313  5715  28  14  33  780  524  2376  366  21  10  10  23394  450883  86851  
10  0  0  0  1  591  129  3  3  1  0  0  0  0  3  0  4  151  0  0  5  0  27  2  0  1  1  0  1  1  1  534  0  1  1  0  0  0  0  0  2  0  5  1  6  0  8  0  104  0  0  14  175  78  0  7  0  0  0  0  14  0  0  2  7  888  6  4  5  3  2  0  3  0  24874  6  0  305995  36821  7357  306  4  90  192  0  444985  6372  42679  1175  769  92432  333569  2  0  7  14  9766  175  35  127247  3  2372  302  5  49  1068  4689  236  17808  1707  0  2  130198  106346  209350  0  49  48  86760  1  75909  13356  0  0  1  121838  8345  3319  630  8614  33  11  18  0  38  669  98  4448  52  10614  62762  280768  853  153  9  5  1808  22258  
0  0  0  0  0  1  0  0  0  219  0  0  0  0  0  0  1  6  0  0  1  0  1  0  0  0  0  0  0  0  0  8  0  0  0  0  0  0  0  0  2  0  1  1  4  0  0  6  16  0  0  3  0  0  2  5  1  0  0  0  0  0  0  1  0  120  3  3  1  0  0  0  26  0  0  110  0  0  0  0  0  0  0  135  0  2  0  0  0  0  37  119  0  0  116016  0  175084  3  1  6  0  0  0  0  0  1  0  1303  1601  318  340699  51061  0  0  4106  0  382899  104  2  0  21  727  7  0  0  1  0  0  1  20  15  1  220  270717  73396  0  0  1  1  219  3  0  0  0  0  299264  150465  1  
0  20  0  0  0  0  0  0  0  54  0  0  0  0  0  0  0  0  0  0  17  148  30  0  0  0  0  0  0  0  0  1  0  0  0  0  1  0  0  0  0  0  0  71  0  0  0  0  2  0  15  1  0  0  0  0  0  0  0  0  62  0  0  0  0  3  0  1  0  0  0  0  0  0  0  176553  0  0  0  0  0  0  0  4  0  1  0  0  0  0  2  3  24118  9  65265  130257  22  1  0  0  0  0  0  0  0  0  0  0  0  0  0  1  0  1  3  211772  3  1636  1  0  0  7  1  0  0  0  0  0  0  5  163859  157  607  25  306949  0  0  0  5  6  0  0  0  0  0  3  42  0  
9  1  0  0  0  506  451  4  0  2  0  0  0  0  4  2  1  136  0  0  4  0  40  0  0  0  2  0  0  0  2  561  0  0  0  0  1  0  0  0  0  0  2  1  1  1  17  2  64  0  0  23  195  89  0  8  0  0  0  0  12  0  0  1  1  903  1  8  3  5  0  0  3  0  12072  5  0  14  39304  18214  1901  4  19  27  0  322981  20  630579  843216  1535  49  13135  0  0  6  22  1819  135  0  40  3  30  118501  0  14  1042  0  4  7  20  0  1  38121  5650  299  1  35  18  11459  0  5942  17  87407  0  2  0  481132  352463  8  1727  14  3  9  0  29  145693  43  845  29  12994  519  450382  290  74  2  3  223  0  
21  0  0  0  6  2829  416  1  0  2  0  0  0  0  6  0  0  71  0  0  3  0  9  0  0  0  0  0  0  0  0  227  0  0  0  0  0  0  0  0  0  0  1  0  0  2  8  0  40  0  0  20  488  121  0  1  0  0  0  0  5  0  0  3  0  2546  0  1  2  0  0  0  0  0  104577  1  0  0  759563  76655  224  3  19  18  0  1165  59  122638  1341354  60382  7  1221  0  0  0  2  452  17  0  4  0  0  11  0  5  309  0  1  1  1  0  0  85635  608  33  0  5  12  6532  0  243  5  3605  0  0  717783  0  560488  3  499  10  0  1  1  3  74213  4  177  14  17275  58  718  128  21  0  0  42  0  
20  0  0  0  9  605  947  97  48  3  0  3  0  0  26  11  3  316  0  0  3  0  9  7  0  0  110  0  13  10  1  459  0  0  0  0  0  0  0  0  2  0  0  1  107  55  15  4  358  0  0  155  610  859  0  288  0  0  0  0  3  0  0  6  72  3302  34  158  196  2  9  0  2  0  7290  1  6  8  21240  226517  291566  213068  842  184  0  239  1  691  546024  1115990  41  11256  4  2  3  7  1739  88  10  26  290  4  610  7  15  561  0  1  6  9  0  0  816  132  209  0  8  114  68464  3589  1456  12  7384  0  3  384422  521556  0  11  12190  59  20  20  0  29  438  26  625  485  118784  998  44515  161650  87  96  1  238  0  
0  0  0  0  0  0  3  1  1  0  0  0  0  0  0  0  0  4  0  0  0  0  0  0  0  0  0  0  0  0  0  5  0  0  0  0  0  1  1  0  0  0  0  0  2  0  0  1  3  0  0  1  0  2  0  1  0  0  0  0  0  0  0  0  0  20  0  1  1  0  0  0  1  0  8  0  0  1  9  208  79  0  9  7  0  10  0  0  2  19  44  2581  1  0  1  1  532  1  230608  349296  11701  1  0  2  0  5  0  0  5  16968  0  2  6  5  15714  0  26  16  4164  0  162  7  2872  1  0  94  2  58  0  99548  2  0  3  0  14  0  0  1  7  469  99466  1818  154  0  0  0  27573  0  
1  0  0  0  0  13  53  21  47  28  0  0  0  0  1  1  1  88  0  0  3  0  5  0  0  0  9  0  2  12  0  73  0  0  0  0  0  0  0  0  7  0  2  9  10  6  3  7  177  0  0  7  13  48  2  15  0  0  0  0  1  0  0  1  15  9807  22  16  11  1  2  0  10  0  509  102  24378  6  379  2854  3761  239  7909  9793  0  185  0  39  946  441  257  47588  12184  131874  118  82  8401  24  271865  4918  961332  26  311  108798  3  82  1  16  35  334  0  2  71  64  11256  1  273  7835  51936  119351  3092  139  21237  0  110  4938  261  22041  130578  0  4906  179057  458  0  2140  14  7  57  129101  317938  523905  8865  43137  8  333987  4  356763  17  
0  0  0  0  0  0  0  0  0  2  0  0  0  0  0  0  0  1  0  0  0  0  0  0  0  0  0  0  0  0  0  1  0  0  0  0  0  0  0  0  0  0  0  0  0  0  0  0  2  0  0  1  0  0  0  1  0  0  0  0  0  0  0  0  0  5  0  0  2  0  0  0  0  0  2  51799  0  0  2  86  24  0  328  237  23  5  0  1  0  3  8  92  947616  28548  14324  176885  91  0  29  7  0  0  0  440  0  4  0  8  5  32  0  275  2  2  240  207056  87  119063  509  0  4  23  462  0  103997  9  2  6  1  3351  0  72534  53076  0  108143  0  0  1  16733  6304  31  155  43  0  173  72  39916  9  
0  0  0  0  0  0  1  1  0  2  3  0  0  1  0  1  0  4  0  0  0  0  2  0  0  1  0  0  0  0  0  1  0  0  0  0  0  0  0  0  1  0  0  2  1  0  0  0  7  0  0  6  0  3  0  0  1  0  1  0  0  0  0  0  0  284  1  6  2  0  0  0  1  0  2  884  0  0  2  101  100  1  1269  669  35523  2  0  0  0  2  208  114  589012  825071  985  32358  821  15  23306  1  116  0  0  1832  0  3  0  2  78  27  0  4  1  2  214  14421  1485  272086  251  0  15  213  106  0  757  7  1  11  0  200740  139763  0  5743  0  16419  0  0  2  177231  14892  54  51  44  0  999  2  307198  2  
0  0  0  0  0  0  0  0  0  11  0  0  0  0  0  0  0  1  0  0  2  0  1  0  0  0  0  0  0  0  0  2  0  0  0  0  0  0  0  0  1  0  0  0  0  0  0  0  4  0  0  2  0  0  0  0  0  0  0  0  0  0  0  0  0  13  0  2  0  0  0  0  3  0  0  288583  0  0  1  13  8  0  86  79  0  1  0  0  0  0  805  52  109860  3  48048  31  9877  9  7  0  0  0  0  70  0  3  0  4  39  20  73582  80974  0  0  1020  28  3824  918  40  0  6  2625  51  8  29023  0  0  0  1  1216  56248  14708  0  53108  169795  0  0  0  634  1533  8  9  3  1  39  122001  181710  0  
0  0  0  0  0  0  0  0  0  0  0  0  0  0  0  0  0  0  0  0  3  0  2  0  0  0  0  0  0  0  0  0  0  0  0  0  0  0  0  0  0  0  0  0  0  0  0  0  0  0  0  0  0  0  0  0  0  0  0  0  0  0  0  0  0  0  0  0  0  0  0  0  0  0  0  317949  0  0  0  0  0  0  0  0  0  0  0  0  0  0  5  10  137  0  463760  1  2570  0  0  0  0  0  0  0  0  0  0  0  3  0  527486  18151  0  0  19  2  1123  0  0  0  0  38  0  344077  67  0  0  0  0  1  0  0  49176  0  272830  0  0  0  0  0  0  0  0  0  0  314106  9231  0  
1  39  0  0  1  0  0  0  2  145  1  0  0  0  0  0  0  28  0  0  99  429  254  0  0  1  0  0  0  2  0  70  0  1  0  0  8  0  0  0  2  0  7  132  3  0  4  5  43  0  22  35  0  0  0  1  1  1  1  1  141  0  0  1  0  55  1  25  0  1  0  0  20  0  7  89165  0  0  11  32  1  0  5  102  3  145  1  1  0  1  858  1082  16015  55  566620  491983  410979  123  5  63  0  0  0  14  2  24  0  7  5244  107  8423  31809  4  73  10370  13491  5627  52661  23  0  136  657  619  123325  381264  9  3  4  0  775  145499  727  118244  154936  0  0  6  10  737  320  2  16  5  2  3  50945  169794  0  
0  0  0  0  0  0  0  0  0  0  0  0  0  0  0  0  0  0  0  0  0  0  1  0  0  0  0  0  0  0  0  10  0  0  0  0  0  0  0  0  0  0  0  0  0  0  0  0  0  0  0  0  0  0  0  0  0  0  0  0  0  0  0  0  0  1  0  0  0  0  0  0  0  0  69460  0  0  0  136  177  3  0  0  0  0  7  157612  139318  188418  19  0  21  0  0  0  1  8  106286  0  0  0  0  0  0  5  17  0  25  9  0  0  0  58937  1  0  0  0  0  51  0  29824  7  89  0  0  114918  72863  68  0  6  0  0  0  0  0  0  102  182693  0  71  0  4  0  6  0  0  1  0  
4  0  0  0  0  19  0  0  0  9  0  0  0  1  0  1  1  34  0  0  9  2  25  2  0  1  0  0  0  0  334  4102  0  0  1  0  0  0  0  0  3  0  3  5  2  0  4  4  30  0  0  24  1  0  0  0  2  0  2  0  3  0  14  2  0  49  1  15  0  337  0  0  11  0  53241  1  0  0  134  19154  2  0  0  19  0  0  1592  78  1  253  1257  7624  1  0  1  18  8520  618076  0  0  0  0  0  0  325968  5938  0  2  198  6  0  0  871  0  103  1  49  16  18  0  7521  33  201  0  0  50  3  6  0  60  10  1  3  0  14  86  0  127169  4  176  5  3  0  180200  0  1  130  0  
3  0  0  0  0  12  1  1  0  7  0  0  0  3  0  2  2  29  0  0  13  1  14  0  0  0  1  0  0  0  34  902  0  0  1  0  1  0  0  0  0  0  2  2  2  0  5  3  24  0  0  10  2  7  1  1  1  0  1  0  8  0  1  2  0  53  0  16  1  48  1  0  11  0  203509  1  0  0  294  24796  5  0  2  12  0  4  22263  5489  30  86  46  3217  0  0  3  13  1014  1042844  0  1  0  0  1  0  1613  1914  0  1  114  4  0  0  119318  6  77  0  3014  17  155  0  173567  23  3976  0  0  485  74  121  0  52  7  1  1  0  13  337365  82867  0  4  245  5  19  11  6915  0  0  84  0  
0  0  0  0  0  1  4  3  28  174  1251  0  0  0  0  0  0  7  0  0  0  182  0  0  0  0  1  0  0  462  0  3  0  0  0  0  0  0  0  0  2  0  0  24  2  2  0  1  13  0  1  2  1  11  0  9  0  0  0  0  1  0  0  0  993  507  1  1  6  0  8  0  0  0  1  37  0  0  3  97  751  9  32038  12860  309565  2  0  1  2  4  14  110  13040  349120  51  7919  90  2  41  2  98846  2  1  588001  0  6  0  0  7  9  0  0  1  1  117  3  76  351292  1271  0  16  12  90  0  89  11  3  28  0  82738  79215  230821  248  0  1285  1  0  2  0  25481  381  27  54  1  215326  0  37357  0  
160  0  0  0  18  71257  13809  15767  51443  90014  1  8  0  6  58  1579  421  3703  0  0  9  24  81  33  6  13  631  3  26  874  99  11116  0  6  41  1  1  0  4  0  187  0  32  247  304  190  131  172  6656  1  0  442  1063  1515  139  1307  8  11  1  0  19  1  5  99  162  330037  1016  289  281  2615  512  0  1172  0  5582  69  14  1  9627  393408  450459  178150  289613  202232  1  528  8  1335  1977  4820  73  11140  73  77  69  95  3297  274  74  35  209  11  691  355  170  22952  0  0  17  192  0  10  1479  72  44677  1  66  16344  37465  5331  1402  46  6351  6  59  16962  8690  28081  26  76714  3459  990  225  0  791  345  550  3858  22611  0  5028  2151  4548  1066  9765  18  5452  2  
0  0  0  0  0  7  17  4  1  0  0  0  0  0  1  0  0  28  0  0  0  0  3  0  0  0  6  0  1  2  0  39  0  0  0  0  0  0  0  0  1  0  1  0  5  2  0  3  48  0  0  9  6  23  0  7  0  0  0  0  0  0  0  1  1  354  3  12  6  0  1  0  1  0  74  3  96776  30222  110  1690  9040  554  904  258  0  923  0  27  64  182  285  13419  3  1  3  2  2615  15  568  807192  247438  766957  11180  3221  0  70  3  23  8  89491  0  0  1405  2453  52326  0  16  214  674738  105897  947  86  58553  0  1  960  36  1034  87507  479559  92  21  9  0  23  0  4  34  158  25421  0  14628  2223  4  90  0  2105  536  
3  0  0  0  0  44  50  4  5  1  0  2  0  0  0  1  0  46  0  0  3  2  8  2  0  0  4  0  0  1  0  154  0  0  0  0  0  0  0  0  0  0  0  0  5  1  3  0  31  0  0  11  52  49  0  6  0  0  0  0  5  0  0  2  2  344  0  7  4  2  0  0  1  0  393  1  0  238515  1096  4630  1076  2  31  8  0  257496  1  139  238873  114  51  6636  0  0  2  13  710  52  2  22987  0  336  419608  0  3  236  0  34  11  78  0  0  548  1076  863  0  7  8  604684  0  2067  9  180646  0  0  401513  631  57374  8  2857  8  3  10  1  15  19  12  153  27  7994  2408  0  151346  21  0  2  153  0  
2  0  0  0  0  39  93  49  28  0  0  1  0  0  3  7  0  245  0  0  0  0  0  2  0  0  47  0  4  9  0  97  0  1  0  0  0  0  0  0  2  0  0  1  62  23  3  0  329  0  0  56  23  298  0  120  0  0  1  0  1  0  0  3  33  1364  10  85  86  0  1  0  3  0  127  6  5812  3  182  9645  28251  313151  4176  882  0  10  0  8  123029  148863  12  3998  16  3  9  4  534  24  3  33  4947  16  527634  41  2  92  0  1  1  12  0  1  13  3  191  0  7  555  372270  1398  274  11  953  0  8  747  62  181691  7  36970  369  133  22  0  109  3  6  93  2845  36607  2742  99002  0  19  410  0  363  0  
5  0  0  0  0  527  0  0  0  7  0  0  0  2  0  0  2  76  0  0  11  0  30  2  0  0  0  0  0  0  2940  5475  0  0  1  0  0  0  0  0  1  0  3  4  3  0  13  2  62  1  0  13  3  4  0  0  1  0  0  1  10  0  5  5  0  132  1  23  0  10454  0  0  8  0  144634  0  0  0  24630  279311  1  0  0  18  0  1  3  95  3  100055  36  3868  0  0  0  12  1039  56011  0  0  0  0  0  0  248908  69928  0  0  4  4  0  0  194  1  79  0  14  11  96  0  811  6  609  0  1  182  16  56  0  64  2  2  4  0  16  18  201538  3209  4  395  24  6  4  0  0  1  73  0  
0  0  79  0  0  0  1  35  869  7  74  0  0  0  0  42  0  5  0  0  0  37  0  0  0  0  0  0  0  70877  0  0  0  0  0  0  0  0  0  0  0  0  0  0  1  252  0  0  4  0  0  1  0  0  0  1  0  0  0  0  0  0  0  0  635  291  2  0  0  0  14262  0  0  0  1  0  1879  0  1  15  79  442  362129  136  179  0  0  1  0  576  0  121  1  4009  0  10  18  0  6  1  93256  4  3  354684  0  2  0  0  0  1  0  0  0  0  18  0  0  33  5927  142466  8  0  25  0  0  6  0  43  0  416839  32  180  0  0  5  0  0  1  179455  26582  371  0  1073  0  0  0  249  0  
0  0  0  0  0  0  0  0  0  14  0  0  0  0  0  0  0  1  0  0  0  0  1  0  0  0  1  0  0  0  0  1  0  0  0  0  0  0  0  0  0  0  0  0  0  0  0  1  2  0  0  0  0  0  0  0  0  0  0  0  0  0  0  0  0  7  0  0  0  0  0  0  0  0  0  32108  0  0  0  0  0  0  0  7  0  0  0  0  0  0  722  16  29  0  6789  0  10886  1  0  0  0  0  0  0  0  0  0  8685  25297  50  889591  1202176  0  1  495  0  181719  21  0  0  3  18360  2  437004  199  0  0  0  0  10  2  5  125081  259945  90559  0  0  0  8  8  0  0  0  0  0  0  90141  0  
106  1  0  0  6  33  4  3  2  484  0  63  0  82  1  0  100  1147  1  0  59  6  169  6  1  24  4  1  1  1  0  711  0  34  13  0  8  2  26  2  152  0  65  57  301  0  28  324  1651  3  2  1686  29  14  10  12  52  13  35  2  54  0  0  30  3  352  14  1526  3  2  0  0  669  0  156  8193  0  72  442  1252  118  2  739  1015  0  6394  7  147  20  38  11084  18483  184388  419  27186  1469  140533  918  1255244  94395  0  2  14  1075  5  216  484  1184423  40996  116103  1430  1048984  209  2919  55169  10  266343  10127  14618  1  1902  519930  37389  322025  3943  903  122  315  5943  330380  38192  182743  136073  18791  467022  4  27  107  42048  7840  1956  2007  3486  24  457  93099  0  776  
3  0  0  0  0  0  0  0  0  4  0  2  0  0  0  0  2  15  0  0  0  0  1  0  0  0  0  0  0  0  0  12  0  0  0  0  0  0  0  0  2  0  1  1  3  0  1  6  21  0  0  19  0  1  0  0  0  0  0  0  0  0  0  0  0  0  0  26  0  0  0  0  11  0  1  2  0  41365  1  4  1  0  6  21  0  34  0  0  0  1  990  138  0  0  1  1  79  3  2  22936  0  42  0  0  0  1  237754  75686  54  188270  0  0  0  0  120311  0  32  42  6  0  22  228410  19515  1  0  6  0  0  0  1072  4  0  1  2  6  0  1  1  4  54  1598  4  4  1  1  0  3911  0  
