0  0  0  23  351660  126064  5  0  37  19  0  7216  770  17900  384393  76491  6  3213  0  0  35  2  36  326113  0  6  6  2  0  21  16899  3036  1  0  6  0  0  0  780  336  295  1  44  12  300  1  35242  135  27409  0  0  26353  185811  668  12  2  2  2  0  0  10  105838  653  13830  10  288  40  292  108  39881  1  0  209  0  0  0  0  0  0  14  0  0  0  0  0  0  0  0  0  0  0  62  0  0  4  6  36  0  0  0  6  0  1  0  1  339  0  0  0  0  0  0  0  0  3  0  11  1  0  0  6  0  0  0  0  0  0  2  0  4  6  0  0  0  10  0  3  0  1  26  1  0  0  0  0  0  0  0  
0  0  0  0  0  0  0  0  0  1  6  0  0  0  0  0  0  1  300401  9  143500  70860  37  0  0  0  0  0  0  0  0  1  0  0  0  0  42334  48  0  0  2  376022  0  915  0  0  0  0  0  135  419019  0  0  0  2  0  32196  16  298382  26958  51220  0  0  0  7  0  0  0  0  0  0  34734  748  0  0  12  0  0  0  0  0  0  0  0  2  0  0  0  0  0  0  0  0  0  1921  850  8  0  0  0  0  0  0  0  0  0  0  0  0  0  0  0  0  0  1  14  0  1  0  0  0  0  0  0  2  0  0  0  0  0  0  0  0  0  34  0  0  0  1  0  0  0  0  0  0  0  0  0  
0  0  0  0  0  46  27  10129  224  0  0  0  0  0  26  350040  0  0  0  0  0  0  0  0  0  0  97983  97146  103075  153028  0  0  0  0  0  0  0  0  0  0  0  0  0  0  330444  354095  0  0  0  0  0  0  1  26  0  135  0  0  0  0  0  0  0  0  0  11  89200  0  497  0  19  0  0  0  0  0  69086  0  0  0  0  1040  22  0  0  0  0  0  0  6933  0  0  0  0  0  0  0  0  0  0  0  0  1  187  0  0  0  0  0  0  0  0  0  0  0  0  0  0  2  9230  0  0  0  0  0  0  0  0  0  0  0  0  0  0  0  0  0  0  0  0  0  0  0  0  132  0  0  0  
1249  0  0  0  32  54  11  0  31  1  0  278080  0  648  545  7  4616  1281  0  133  0  0  0  4  1  224157  11  51931  76998  8  0  15  3067  2894  520  1826  0  0  0  938  153517  0  8  0  187040  0  9  510  338360  0  0  716  180  2198  2  2145  3  1606  0  0  1  1082  13  4  1579  85  185  44113  6723  0  7  0  265  315  0  0  0  0  0  1  0  0  0  0  0  0  0  0  0  0  0  0  0  0  0  0  0  0  0  0  0  0  0  0  0  0  0  0  0  0  0  0  0  0  0  0  0  0  0  0  1  0  1  0  0  0  0  0  0  0  0  0  0  0  0  0  0  0  0  6  0  0  0  0  0  0  0  0  
469233  0  0  2  0  56012  2  1  15  0  0  125  0  1834  31968  232436  0  443  0  0  0  0  0  24  0  0  3  2  0  4  55706  277  0  0  0  0  0  0  13  9  12  0  0  0  24  1  630  1  10545  0  0  2181  131505  62  0  0  0  0  0  0  0  272  13  3  0  55  2  15  6  14066  4  0  1  1  0  0  0  0  0  107  0  0  0  0  0  0  0  0  0  9  0  1  0  0  0  0  0  1  0  0  1  0  0  0  1  9  0  0  0  0  0  0  0  0  0  0  0  0  0  0  0  0  0  0  0  0  0  0  0  0  0  0  0  0  0  0  0  0  0  1  0  0  0  2  0  0  0  0  
219440  0  2  434  112255  0  170020  464  4264  36  0  171  3  609  96512  534880  17  6235  1  2  16  3  37  86044  0  299  1645  1408  118  800  1581  74156  3  0  4  0  0  0  65  22  273  0  79  7  13782  2389  7721  83  51839  0  1  2594  60840  134630  12  1856  2  49  0  0  5  874  33207  3036  1177  240523  2603  3491  7180  216957  8418  0  287  2  100  3  0  0  5  2626  2554  1  7  0  0  0  0  14  4  153  2  1207  4  0  2  10  592  134  0  0  52  0  13  1  170  12593  0  0  4  0  0  0  0  0  54  0  144  1  62  0  122  6  24  0  0  80  1  192  4  37  82  7  7  0  267  0  1  80  10  6312  32  97  15  99  1  0  24  1  
28  0  14  36  12  187239  0  150181  7595  0  0  1  0  2  10903  601244  5  98  0  0  0  0  0  0  0  20  320  98  354  32  0  14  0  0  0  0  0  0  0  0  37  0  2  0  4113  6345  3  1  468  0  0  467  1568  380855  0  140  0  3  0  0  0  0  3  0  37  181231  910  2524  26791  1  384  0  4  0  0  0  0  1  2  154  19606  756  282  0  0  1  0  1  2  4256  0  30  0  0  0  0  0  0  0  2  0  0  15  0  1  144  0  0  0  0  0  0  0  0  2  0  0  0  75  0  8  0  4  0  0  159  0  362  6  14  0  0  0  0  0  0  0  3  5  33676  13  264  19  0  0  0  0  0  
1  0  2112  418  1  3091  174213  0  162098  1  0  0  0  0  1014  403807  1  192  0  3  0  0  0  0  1  387  1544  1562  69320  18  0  1  0  0  2  0  0  0  0  0  96  0  2  0  57074  135971  1  1  142  0  0  22  139  57329  7  806  0  140  0  0  0  0  13  0  182  203314  1731  32  283825  0  268  0  163  0  0  0  472  1  0  60  2566  32413  13342  1  0  0  0  1  0  3130  0  9  0  0  0  0  2  0  1  1  0  0  5  0  0  13  0  0  0  0  0  0  0  0  0  0  0  0  16  21575  0  0  0  0  0  12  0  28  0  2  0  0  0  0  0  0  0  0  0  14090  0  5  0  0  7  0  0  0  
92  0  60  3  35  4809  4889  77272  0  25255  1  1  0  0  211  253  1376  3277  0  3  0  14  23  27  3  138  2869  33  102  77886  0  960  0  0  158  10  0  0  0  0  23124  1  1086  52  1293  224282  3  37  1260  0  1  53  214  193  295  3541  3  16  0  0  0  1  117  7  2514  361420  12478  39  896  26  153082  0  1142  0  10  0  418  0  0  81  97  2549  85421  8024  0  0  0  3  0  102  0  135  0  0  1  2941  50  5  0  0  31  0  2  34361  0  567  0  0  1  0  0  0  0  0  58  0  10  10  18  16002  12  0  5  0  0  29  0  72  0  34  4  3  1  0  30  0  0  4  15  9747  14  52  3  0  12403  0  4  0  
18  1  0  1  1  477  0  0  32453  0  492  0  0  0  10  7  13363  30948  13  12  18  9446  34585  50  0  20  554  0  0  116070  0  3847  35  1  1318  24  1  0  0  0  16890  30  9932  178648  22  1  128  19661  1952  1  61  1  11  1  1505  371  71  121  0  0  202  1  1265  23  17896  457834  832  2  19  83  1643  0  6844  220  0  2  0  0  0  30  18  11  98  4262  3  0  0  0  0  1  13  1886  18  0  6  1851  1408  34  4  5  4017  0  3  7080  2  292  0  0  44  1  0  0  0  0  2040  0  1129  120  53  0  54  291  95  0  0  5  0  4  102  10698  249  175  21  0  57  0  1  0  2205  153957  1879  0  5  0  24  0  129  20  
0  2  0  0  0  0  0  0  0  547  0  0  0  0  0  0  0  0  1870  622945  0  197375  0  0  0  0  48  0  0  97823  0  0  0  0  0  0  0  0  0  0  0  209212  0  754630  0  0  0  1  0  0  100  0  0  0  0  4  1107  15951  1  0  7  0  0  0  557099  0  0  0  0  0  108  0  166  0  0  0  0  0  0  0  0  0  0  0  218204  0  0  0  0  0  0  0  0  347  0  45856  0  0  0  0  0  0  0  3357  0  0  0  0  0  0  0  0  0  0  0  22615  0  1707  0  0  0  0  0  0  0  0  0  0  0  0  0  0  0  0  0  0  0  0  776  0  0  0  0  0  0  0  0  0  
2793  0  0  358155  111  73  2  0  3  0  0  0  211  154256  11271  10  947  8508  0  0  0  0  0  229  0  7  0  4  8286  4  0  5  1950  5986  1029  189  0  0  1200  245163  960  0  1  0  4584  1  463  473  341263  0  0  187521  1228  20  0  0  0  0  0  0  0  257  0  7  0  7  3  366938  30  0  0  0  0  7  0  0  0  0  0  0  0  0  0  0  0  0  0  0  0  0  0  0  0  0  0  0  0  0  0  0  0  0  0  0  0  0  0  0  0  0  0  0  0  0  1  0  1  0  0  0  0  0  0  0  0  0  0  0  0  0  0  0  0  0  0  0  0  0  0  1  0  0  0  0  0  0  0  0  
2220  0  0  0  28  44  0  0  0  0  0  499  0  50671  251  1  1  7419  0  0  0  0  0  279492  0  0  0  0  0  0  0  24  0  5  2  0  0  0  76300  35  0  0  2  0  1  0  41637  9  163  0  0  7  4  1  0  0  0  0  0  0  1  76732  40  46409  0  1  0  0  0  0  0  0  2  0  0  0  0  0  0  0  0  0  0  0  0  0  0  0  0  0  0  0  0  0  0  0  0  0  0  0  0  0  0  0  0  0  0  0  0  0  0  0  0  0  0  0  0  0  0  0  0  0  0  0  0  0  0  0  0  0  0  0  0  0  0  0  0  0  0  0  0  0  0  0  0  0  0  0  
30851  0  0  52  1142  692  1  0  0  1  0  206361  56843  0  62748  48  0  498  0  0  1  0  1  5963  0  3  0  1  3  1  0  125  0  6  11  0  0  0  105285  162556  161  0  4  2  137  0  3124  5  67320  0  0  206800  1497  28  1  0  0  0  0  0  0  212088  162  1155  0  8  2  69  11  8  0  0  7  0  0  0  0  0  0  0  0  0  0  0  0  0  0  0  0  0  0  1  0  0  0  0  1  0  0  0  0  0  0  0  0  9  0  0  0  0  0  0  0  0  0  0  0  0  0  0  0  0  0  0  0  1  0  0  0  0  0  0  0  0  0  0  0  0  0  2  0  0  0  0  0  0  1  0  
356284  0  4  55  35583  67697  10826  216  790  1  0  14724  69  113406  0  272163  3  2038  0  0  2  0  0  53901  0  159  51  19  112700  325  1  322  0  0  1  1  0  0  47  2  334  0  18  0  23015  2027  1217  4  14213  0  0  1597149  1194121  449756  4  52  0  5  0  0  0  180914  52  8269  52  4956  876  395116  66200  7  26  0  17  0  21  0  0  0  2  125  2  0  1  0  0  0  0  6  2  3  0  12  0  0  0  0  6  5  0  0  0  0  1  0  0  50  0  0  0  0  0  0  1  0  1  0  0  0  10  0  4  0  4  0  0  16  0  20  0  1  1  0  0  0  2  0  0  21  0  104  2  19  2  0  0  0  0  0  
117077  0  266363  13  318607  529718  556311  373977  325  0  0  12  0  12  293319  0  0  185  0  0  0  0  1  742  0  7  237  56  119575  68  17049  47  0  0  0  0  0  0  0  0  10  0  0  0  35291  56946  47  4  1653  0  0  222  60118  780260  0  77  0  3  0  0  0  19  35  18  9  498  146  56  148462  78674  17  0  5  0  3  0  2744  0  0  2276  6732  24119  56  0  0  0  0  1  0  27183  0  5  0  0  0  0  2  2  0  0  0  0  2  1  21  48  0  0  0  0  0  0  0  0  0  0  0  0  1  5345  0  0  0  0  0  2  0  3  0  1  0  0  0  0  1  0  0  3  0  82  0  0  1  15  1  0  0  0  
0  0  0  1187  0  48  2  0  1182  3934  0  86  0  0  21  0  0  395386  4  11  1  2  45680  1643  1  476  421  21  2  315  0  235  34503  96  86844  268  1  0  0  0  220033  15  108054  74  959  0  40  421996  229211  1  20  1  3  4  192  433  45  153  0  0  44  0  36350  132  1048  7460  3194  0  120  5  302  1  6193  1090  0  0  0  0  0  2  3  3  1  10  0  0  0  0  0  0  1  97  2  0  0  0  76  2  0  0  26  0  0  0  0  14  0  0  3  0  0  0  0  0  23  0  64  1  5  0  4  5  2  0  0  1  0  2  3  333  8  3  3  0  0  0  0  0  38  585  66  0  0  0  2  0  4  0  
546  0  0  1609  9  910  2  1  1236  1848  0  15916  1298  70  110  3  276971  0  7  4  508  95  12518  54860  2  178  350  2  0  264  120  14523  2146  197  6864  120  2  0  3049  34  12967  5  25504  208  830  0  156197  57192  364605  2  34  43  117  13  427  210  53  133  6  0  458  15  108600  1704  549  3899  8800  11  151  381  252  0  5977  165  0  1  0  0  0  25  2  0  0  2  0  0  0  0  0  0  0  94  1  0  33  90  118  2  1  1  39  0  0  0  4  229  0  0  2  0  0  0  0  0  34  0  42  2  3  0  16  9  0  0  0  0  0  0  1  200  13  4  2  0  14  0  5  2  11  586  40  0  0  0  0  0  7  0  
0  351957  0  0  0  0  0  0  0  0  5154  0  0  0  0  0  0  1  0  40111  482  4873  1274  0  137696  0  0  0  0  0  0  0  0  1  2  0  580  686  0  0  1  293690  42  9921  0  0  0  22  0  70  102261  0  0  0  1  5172  1277678  977756  484471  20420  42945  0  0  0  20875  0  0  0  0  0  0  772  348794  0  0  0  0  0  0  0  0  0  0  0  79  0  0  0  0  0  0  0  0  1  0  0  0  0  0  0  0  0  0  0  0  0  0  0  0  0  0  0  0  0  0  20  0  0  0  0  0  0  0  0  0  0  0  0  0  0  0  0  0  0  0  0  0  0  0  0  0  0  0  0  0  0  0  0  
0  5  0  0  0  0  0  0  2  0  811730  0  0  0  2  0  2  29  47721  0  0  8839  1  0  55  0  87595  0  0  42200  0  0  0  0  0  0  0  0  0  0  448  444147  0  255960  6  0  0  0  310  0  2697  0  1  1  0  50539  1976  415377  2  0  429  0  2  0  363016  3  429  0  6  0  4  0  1879  0  0  0  0  0  0  0  0  0  0  0  105140  0  0  0  0  0  0  0  0  579  0  34  0  0  0  0  0  0  0  215  0  0  0  0  0  0  0  0  0  0  0  27261  0  1  0  0  0  0  0  0  0  0  0  0  0  0  0  0  0  0  0  0  0  0  184  0  0  0  0  0  0  0  0  0  
37  127114  0  0  0  24  0  0  0  184  0  0  0  0  2  0  1  267  11248  1  0  49307  6774  44  0  0  0  0  0  2  9  1163  0  0  29  2  61005  12  0  0  233  2  5160  458  0  0  352  80  63  308897  113967  1  1  0  78  0  557  1  59408  536070  723381  1  51  29  31  4  1  0  0  12  0  12588  363  1  0  4  0  0  0  20  0  0  0  8  0  0  0  1  0  0  2  72  2  0  215  2446  212  3  0  1  90  0  0  0  16  208  0  0  2  0  0  0  0  0  215  9  13  26  1  0  17  46  18  2  1  1  0  0  0  36  52  9  1  0  92  0  16  2  12  47  9  0  0  0  0  0  8  15  
3  120970  0  0  0  7  0  0  32  26218  184142  1  0  0  0  0  1  36  7115  1641  29296  0  49403  6  17  0  0  0  0  42890  2  260  0  0  1  1  5  0  0  0  141  338771  21  1059437  0  0  53  28  9  0  168372  0  0  0  324  0  5201  1342  1575  5  799553  1  13  4  12153  36  0  0  0  1  469  1  12721  0  0  11  0  0  0  14  0  0  1  11  23441  0  0  0  0  0  0  51  0  4  884  95005  141  7  0  0  38  0  1  623  18  143  0  0  0  0  0  0  0  0  76  15814  3  361  0  0  13  29  7  1  5  0  0  0  0  13  23  8  1  0  332  0  5  1  2  17  1  0  1  0  1  1  4  1  
81  20  0  0  2  48  0  0  36  22624  4  2  0  0  1  0  42419  17833  1704  21  5229  29712  0  898  543  3  3  0  0  8  1  1116  10  1  102383  50  567  415  0  0  3964  47  424603  101540  8  0  875  12493  339  38857  1588  0  0  0  10748  4  3578  1286  40612  37958  541274  0  54666  211  883  103  187  0  1  11  7  7923  190602  5  0  0  0  0  0  7  0  0  0  97  0  0  0  0  0  0  3  54  1  0  57  3516  262  3  0  0  125  0  0  0  12  66  0  0  3  0  0  0  0  0  296  1  15  95  0  0  15  31  10  0  0  1  0  0  3  56  44  18  1  0  47  1  14  0  24  112  18  0  0  0  0  0  8  7  
261318  0  0  2  101  27972  0  0  0  75  0  824  298858  12486  55667  336  520  77709  1  1  196  46  589  0  0  0  0  0  0  0  151257  19985  5  57  774  3  0  0  41347  54  241  3  2219  58  18  0  208776  22839  2220  0  6  676  178  14  64  0  5  22  2  0  97  250043  505382  713899  37  100  8  13  10  78487  0  0  839  3  0  0  0  0  0  5  0  0  0  1  0  0  0  0  0  0  0  18  0  0  19  79  36  2  0  0  4  0  0  0  17  94  0  0  0  0  0  0  0  0  5  1  2  1  2  0  8  1  2  0  0  0  0  0  0  5  1  1  0  0  10  0  2  0  2  20  5  0  0  0  0  0  0  0  
0  0  0  0  0  1  0  0  64  0  0  0  0  0  4  0  3  15  136492  495  0  132  1523  0  0  271034  177  0  0  0  0  0  0  35  3  500  0  382  0  0  1608  7  112  5327  6  0  0  6  14  0  96  0  1  2  141561  590507  24972  196928  30  10  17432  0  0  0  6203  3  177  1  9  0  25  17  988416  0  0  0  0  0  0  0  0  0  0  0  0  0  0  0  0  0  0  0  0  0  0  0  0  0  0  0  0  0  0  0  0  0  0  0  0  0  0  0  0  0  0  0  0  0  0  0  0  0  0  0  0  0  0  0  0  0  0  0  0  0  0  0  0  0  0  0  0  0  0  0  0  0  0  0  
88  0  0  230273  10  66  24  43  3867  58  0  43  0  7  3719  9  3740  9665  0  134  0  0  42  1  105959  0  66084  34385  16  70  0  55  1791  47856  154  434422  0  0  0  0  476511  0  1059  42  14513  0  11  471  20456  0  0  106  165  3114  443138  218996  0  2737  0  0  1  62  713  0  1949  524  501766  1296  24992  2  565  0  12124  259  1  0  0  0  0  2  0  0  0  0  0  0  0  0  0  0  0  6  0  0  0  0  1  0  0  0  1  0  0  0  0  3  0  0  0  0  0  0  0  0  1  0  0  0  1  0  1  0  0  0  0  0  0  1  0  3  0  0  0  0  0  0  0  0  0  13  0  0  1  0  0  0  0  0  
1  0  92344  19  1  87  88  1140  5472  1  7  0  0  0  120  191  140  990  0  96864  0  1  9  0  139  36240  0  143  150  1077525  0  2  1  0  17  6  0  0  0  0  8243  0  155  14  3305  110721  1  17  738  0  1  115  159  1503  208  752631  0  411  0  0  3  0  69  0  91680  963  654068  84  1412  0  366691  0  6274  0  0  0  436  0  0  1  0  0  0  0  137  0  0  0  0  1  0  1  0  11  0  0  0  0  0  0  1  0  0  13797  0  2  0  0  0  0  0  0  0  0  0  0  0  0  0  12  0  0  1  0  0  0  0  1  0  0  0  0  0  0  0  0  0  0  8  7  0  1  0  0  1727  0  0  0  
104  0  90059  53019  18  41  21  22  24  0  0  85  0  25  237  6  9  618  0  6  0  0  0  1  0  53570  230  0  36387  49  0  3  0  0  1  0  0  0  0  1  787  0  12  0  940444  3173  3  2  10530  0  0  103  57  38  0  181  0  164  0  0  0  106  9  1  92  84  811228  44  754  0  6  0  24  0  0  0  0  0  0  0  0  0  0  0  0  0  0  0  0  0  0  0  0  0  0  0  0  0  0  0  0  0  0  0  0  0  0  0  0  0  0  0  0  0  0  0  0  0  1  0  0  0  0  0  0  0  0  1  0  0  0  0  0  0  0  0  0  0  0  2  0  0  0  0  0  0  0  0  
0  0  112712  75857  1  338  329  34929  193  1  0  3846  0  0  90349  156482  14  531  0  1  0  0  3  0  0  37  1451  50644  0  8  0  3  0  0  2  0  0  0  0  1  45  0  34  0  1099738  26373  3  5  1285  0  0  19299  70  545  5  4830  0  67  0  0  0  1  50  0  110  492  2193  342334  699946  0  166  0  91  0  1  0  4  0  0  0  0  4  0  0  0  0  0  0  0  1  0  0  0  0  0  0  0  0  0  0  0  0  0  0  0  0  0  0  0  0  0  0  0  0  0  0  0  0  1  0  0  0  0  0  0  1  0  3  0  0  0  0  0  0  0  0  0  0  0  1  0  2  0  0  0  0  0  0  
43  3  96630  0  26  322  24  539  99515  59520  82688  2  0  0  205  569  833  1409  0  54279  2  12596  21  18  1  122  1000283  50  470  0  0  356  0  0  80  1  0  0  0  0  1324  1  553  70827  3630  193688  4  28  595  0  0  56  431  116  44  25953  0  11  0  0  0  1  61  2  465688  20188  20526  22  207  10  498325  0  155  0  2  0  19152  0  0  23  0  12  262  171  32324  0  0  1  0  0  0  53  0  131  0  73009  24  2  0  0  1  0  0  411290  1  214  0  0  0  0  0  0  0  0  6  1  2  115  0  2354  3  0  0  0  0  2  0  3  0  2  4  0  0  0  9  0  0  1  730  156  3  2  1  0  15841  0  1  0  
18516  0  0  0  49683  405  0  0  0  6  0  0  1  5  2  9269  0  1453  0  0  19  3  17  150872  0  0  0  0  0  0  0  113062  0  0  2  0  0  0  0  0  5  0  6  3  0  0  990  703  13  0  0  0  0  0  0  0  0  0  0  0  3  12  413874  1219  0  4  0  0  0  425535  0  0  15  0  131  0  0  0  0  1805  0  0  0  0  0  0  0  0  0  51  0  11  0  0  5  12  2  108  0  0  0  0  0  0  36029  6610  0  0  0  0  0  0  0  0  1  0  1  0  0  0  4  0  1  0  0  0  0  0  0  0  1  0  0  0  2  0  9  1  0  185  0  0  0  2308  0  0  0  0  
2325  3  0  3  28  116808  0  0  19  181  0  1  7  28  85  23  39  17461  1  0  511  155  467  18886  0  3  1  8  0  2  78606  0  4  0  17  0  0  0  21  0  369  3  307  141  148  0  11541  5595  4034  0  12  24  70  8  101  3  6  13  1  0  163  130  181893  8881  53  171772  19  12  32  184512  10  0  1197  5  2  4  0  0  0  852  2  0  4  2  0  0  0  1  0  1  9  5391  29  0  132  343  2257  76  3  3  234  0  11  0  47910  32659  0  0  12  0  0  0  0  0  258  0  548  17  57  0  566  32  46  0  0  7  0  3  8  101  290  51  35  2  918  0  114  6  42  1679  118  1  9  90  0  0  91  1  
1  0  0  1420  0  0  0  0  3  30  0  2690  0  0  0  1  19893  2528  2  0  0  0  126  0  0  2868  24  0  0  2  0  8  0  110632  3095  29984  0  0  0  0  93228  2  2676  4  0  0  2  333163  2519  0  5  0  0  0  5  6  6  27  0  0  10  0  126  0  60  29  6  1  0  1  7  0  39347  287894  0  0  0  0  0  0  0  0  0  0  0  0  0  0  0  0  0  1  0  0  0  0  0  0  0  0  0  0  0  0  0  0  0  0  0  0  0  0  0  0  1  0  0  0  0  0  0  0  0  0  0  0  0  0  0  7  0  0  0  0  0  0  0  0  1  2  0  0  0  0  0  0  0  0  
0  0  0  616  0  0  0  0  0  0  0  10249  4  7  0  0  73  737  1  0  0  0  5  142  2  44878  0  0  0  0  0  0  152343  0  276890  331603  145  143745  0  1  88  1  93131  1  0  0  6  269874  995  31  6  0  0  0  29711  0  9  14  238  3025  4  0  2  3  7  0  0  0  0  0  0  2359  710976  47152  0  0  0  0  0  0  0  0  0  0  0  0  0  0  0  0  0  0  0  0  0  0  0  0  0  0  0  0  0  0  0  0  0  0  0  0  0  0  0  0  0  0  0  0  0  0  0  0  0  0  0  0  0  0  0  0  0  0  0  0  0  0  0  0  0  0  0  0  0  0  0  0  0  0  
1  0  0  25  0  25  0  0  198  733  0  780  1  1  1  0  84032  15406  22  0  1  2  138242  824  1  19  55  0  0  57  0  186  1669  305812  0  3  444  2438  0  1  577  4  230520  44  15  0  66  365445  2174  392  13  0  0  0  112  36  45  65  1493  4238  726  0  27828  31  154  1333  926  0  4  3  37  7442  106254  155  0  0  0  0  0  1  0  0  0  3  0  0  0  0  0  0  0  17  0  0  0  0  16  0  0  0  5  0  0  0  0  18  0  0  0  0  0  0  0  0  8  0  6  1  1  0  0  3  1  0  0  0  0  0  0  53  2  1  1  0  0  0  0  0  5  82  6  0  0  0  0  0  1  0  
0  0  0  396  0  0  0  0  48  15  0  160  0  0  8  0  110  28  0  0  1  0  61  0  22  280245  4  0  0  1  0  1  27453  322129  9  0  0  0  0  0  209347  0  13  227  4  0  3  1229  59  0  0  0  1  0  25140  456  0  2  0  0  1  0  1  0  6  3  1257  0  18  0  10  0  22831  201716  0  0  0  0  0  0  0  0  0  0  0  0  0  0  0  0  0  0  0  0  0  0  0  0  0  0  0  0  0  0  0  0  0  0  0  0  0  0  0  0  1  0  0  0  0  0  0  0  0  0  0  0  0  0  0  0  0  0  0  0  0  0  0  0  0  0  0  0  0  0  0  0  0  0  
0  44719  0  0  0  0  0  0  0  1  0  0  0  0  0  0  0  0  10126  0  69748  5  3000  0  3  0  0  0  0  0  0  1  0  94  722  0  0  235965  0  0  0  0  249275  4  0  0  0  6765  0  495068  2  0  0  0  0  0  36  1  118337  470836  6442  0  0  0  0  0  0  0  0  0  0  1299058  14955  0  0  0  0  0  0  0  0  0  0  0  0  0  0  0  0  0  0  0  0  0  0  1  0  0  0  0  0  0  0  0  0  0  0  0  0  0  0  0  0  0  0  0  0  0  0  0  0  0  0  0  0  0  0  0  0  0  0  0  0  0  0  0  0  0  0  0  0  0  0  0  0  0  0  0  
0  3  0  0  0  0  0  0  0  0  0  0  0  0  0  0  0  0  10974  0  22  0  2016  0  331  0  0  0  0  0  0  0  0  180227  4036  0  201674  0  0  0  0  0  252823  2  0  0  1  11416  0  340  2  0  0  0  12  0  16  1  102460  42609  1580  0  0  0  0  0  0  0  0  0  0  773063  1097915  0  0  0  0  0  0  0  0  0  0  0  0  0  0  0  0  0  0  0  0  0  0  0  0  0  0  0  0  0  0  0  0  0  0  0  0  0  0  0  0  0  0  0  0  0  0  0  0  0  0  0  0  0  0  0  0  0  0  0  0  0  0  0  0  0  0  0  0  0  0  0  0  0  0  0  
12577  0  0  3  413  1098  0  0  1  3  0  951  71606  139896  178  18  0  1928  0  0  1  0  3  22793  0  0  0  0  0  1  0  166  0  0  1  0  0  0  0  506  4  0  7  0  1  0  106252  8  93424  0  1  46  239  4  1  0  0  0  0  0  0  149891  274  3446  1  2  0  3  1  3  0  0  32  0  0  0  0  0  0  0  0  0  0  0  0  0  0  0  0  0  0  0  0  0  0  0  1  0  0  0  1  0  0  0  0  2  0  0  0  0  0  0  0  0  0  0  0  0  0  0  0  0  0  0  0  0  0  0  0  0  0  0  0  0  0  0  0  0  1  0  0  0  0  0  0  0  0  0  
8184  0  0  301  162  209  0  0  0  0  0  378908  56  170867  103  12  0  175  0  0  0  0  0  46  0  0  0  0  2  0  0  16  0  3  4  0  0  0  416  0  178  0  0  0  302  0  140  0  101258  0  0  10772  486  14  0  0  0  0  0  0  0  2053  9  80  0  2  1  13149  10  0  0  0  0  0  0  0  0  0  0  0  0  0  0  0  0  0  0  0  0  0  0  0  0  0  0  0  0  0  0  0  0  0  0  0  0  0  0  0  0  0  0  0  0  0  0  0  0  0  0  0  0  0  0  0  0  0  0  0  0  0  0  0  0  0  0  0  0  0  0  0  0  0  0  0  0  0  0  0  
1597  1  0  69482  144  203  54  6  23635  1008  2  1368  0  427  4064  4  164289  100700  40  4200  1  4  2429  20  1696  369342  17589  142  1  445  0  259  79026  105  7090  210279  0  0  0  101  0  111  41091  5735  16634  4  63  208237  184223  0  275  1423  385  6268  61540  53373  372  16959  1  0  91  1113  11881  12  86644  1255  90593  4234  27797  12  21877  0  79664  72176  1  0  0  0  0  6  1  1  2  4  0  0  0  0  0  0  1  35  1  0  0  1  22  0  0  0  15  0  1  1  0  24  0  0  0  0  0  0  0  0  9  0  25  1  4  0  1  3  1  0  0  1  0  2  1  85  2  0  1  0  0  0  0  1  9  236  19  1  0  0  0  0  1  1  
0  354920  0  0  0  0  0  0  0  0  235287  0  0  0  0  0  0  0  190635  398450  2  329243  4  0  1  0  0  0  0  10  0  0  0  0  0  0  0  0  0  0  0  0  0  248348  0  0  1  6  0  0  135412  0  0  0  0  87  341930  39177  91  2  1805  0  0  0  38026  0  0  0  0  0  0  0  1989  0  0  0  0  0  0  0  0  0  0  0  1579  0  0  0  0  0  0  0  0  16  17  44  0  0  0  0  0  0  0  2  0  0  0  0  0  0  0  0  0  0  0  20442  0  1  0  0  0  0  0  0  0  0  0  0  0  0  0  0  0  0  1  0  0  0  4  0  0  0  0  0  0  0  0  0  
10  1  0  0  0  21  0  0  100  400  0  3  0  0  2  0  7972  4246  196  2  129  76  231743  839  23  7  16  0  0  22  0  250  55  71942  161790  2  316071  211716  0  0  409  1  0  1346  9  0  166  68792  781  88199  121  0  1  0  277  9  274  76  3724  9217  16220  0  632  34  79  575  523  0  3  7  17  104112  80286  63  0  0  0  0  0  5  0  0  0  1  0  0  0  0  0  0  0  6  0  0  0  0  10  0  0  0  3  0  0  0  0  14  0  0  1  0  0  0  0  0  1  0  2  0  1  0  0  1  0  0  0  0  0  0  0  38  0  0  0  0  0  0  0  0  2  61  4  0  0  0  0  0  1  0  
11  139  0  0  0  12  0  0  614  182541  711708  0  0  1  7  0  1222  511  8110  121922  58  635423  89732  10  18  11  78  0  0  181355  0  193  2  0  124  154  0  0  0  0  11329  199370  800  0  1  0  141  646  151  2  20174  4  5  2  16652  54  22678  27132  1553  44  137834  0  44  11  348548  4509  29  0  1  1  343  0  112895  10  0  1  0  0  0  1  0  0  0  22  476  0  0  0  0  0  0  6  0  0  23  10174  40  0  0  0  32  0  0  59  1  8  0  0  0  0  0  0  0  0  77  303  4  16  0  0  0  17  0  0  0  0  0  0  0  16  7  2  0  0  33  0  1  0  9  41  2  0  0  0  0  0  1  3  
474  0  234573  222452  45  16395  6595  46843  3431  55  0  1276  0  101  11096  29258  719  25893  0  31  0  0  72  5  3  35220  19013  954647  1042885  610  0  208  3  0  253  1  0  0  0  53  7569  0  1762  0  0  198873  77  209  69434  0  0  1511  2523  4534  88  35851  1  1047  0  1  2  319  2051  4  2142  11589  583067  185635  299206  1  1130  0  1734  2  0  0  8  0  0  26  3  0  0  0  0  0  0  0  0  1  0  9  0  0  0  0  11  1  0  0  1  0  2  0  0  11  0  0  0  0  0  0  0  0  2  0  4  1  12  0  4  0  3  0  0  8  0  35  0  8  0  0  0  0  0  0  1  1  1  78  2  18  5  0  0  0  0  0  
0  0  205681  9  0  4748  5792  119859  241873  0  0  0  0  0  2335  40793  12  189  0  1  0  0  1  1  0  39  50954  1147  6332  110934  0  3  0  0  1  0  0  0  0  0  75  0  21  0  105829  0  1  2  55  0  0  8  104  321  0  2506  0  38  0  0  0  0  7  0  97  6243  372676  33  1363  0  158853  0  26  0  0  0  25848  0  0  0  2  2058  9502  0  0  0  0  0  0  1096  0  0  0  0  0  0  0  0  0  0  0  0  0  135  0  0  0  0  0  0  0  0  0  0  0  0  0  0  0  60054  0  0  0  0  0  2  0  3  0  0  0  0  0  0  0  0  0  0  0  3  0  2  0  0  2810  0  0  0  
66527  5  0  3  3377  14833  1  0  7  529  0  845  46123  13445  1153  116  149  169374  15  1  904  162  2110  297642  0  2  2  1  0  5  107  19828  30  3  54  11  1  2  172719  35  2100  13  1917  283  24  0  0  30601  97727  4  51  408  5576  60  585  0  70  174  10  0  553  26427  28395  106322  340  312  12  44  8  532  5  0  8481  17  0  1  0  0  0  18  0  0  0  5  0  0  0  0  0  0  0  61  1  0  63  230  89  1  0  0  20  0  0  0  14  102  0  0  1  0  0  0  0  0  28  3  6  3  1  0  23  5  2  0  0  0  0  0  0  65  10  1  1  0  31  0  14  5  6  93  7  0  1  1  0  0  4  3  
115  0  0  102  2  137  0  0  458  5743  1  1052  1  1  2  0  461001  145986  319  40  79  28  23202  28440  22  90  640  2  0  48  75  4782  305020  247053  356208  836  1236  4327  0  0  215180  61  232262  812  62  0  30094  0  29532  1511  492  1  3  2  1703  310  1323  1167  6311  8367  3165  1  28822  366  3133  8992  427  0  8  129  1059  6254  1113685  95672  0  1  0  0  0  10  3  0  3  380  0  0  0  0  0  0  4  175  3  0  15  61  98  3  0  0  251  0  0  0  3  75  0  0  4  0  0  0  0  0  385  0  51  42  4  0  8  46  17  1  0  1  0  0  2  528  16  18  0  0  9  0  2  0  106  1137  88  0  1  0  3  0  5  4  
120767  0  0  236132  13959  34510  164  14  5257  926  1  378026  16  151875  32720  1431  182435  373454  4  490  20  4  329  766  16  8244  1391  7530  350  894  6  11900  361  325  1555  27  0  0  92980  89735  211265  1  12963  24  157192  4  87078  6315  0  2  5  170377  71578  3748  386  24572  15  9209  0  0  41  37404  4819  590  15479  6307  69422  134848  10903  245  674  0  10243  38  1  0  0  0  0  17  1  0  1  0  0  0  0  0  0  0  1  60  0  0  0  4  44  2  0  0  12  0  2  0  2  137  0  0  0  0  0  0  0  0  10  0  24  0  2  0  2  0  4  0  0  4  0  8  0  84  2  2  0  0  9  0  1  1  10  341  15  9  1  0  0  0  1  0  
1  17  0  0  0  2  0  0  2  21  0  0  0  0  0  0  3  27  68  0  172858  1  46651  1  5  0  0  0  0  0  1  19  1  101  3333  0  446761  1735  0  0  10  1  95153  2  0  0  13  10502  7  0  35  0  0  0  10  0  76  2  3531  123747  177674  0  4  0  3  10  4  0  0  1  1  68455  25871  1  0  0  0  0  0  0  0  0  0  0  0  0  0  0  0  0  0  0  0  0  0  0  0  0  0  0  0  0  0  0  0  0  0  0  0  0  0  0  0  0  0  0  0  0  0  0  0  0  0  0  0  0  0  0  0  1  0  0  0  0  0  0  0  0  0  3  0  0  0  0  0  0  0  0  
0  400286  0  0  0  0  0  0  0  0  26  0  0  0  0  0  0  0  76686  169  78331  193192  492  0  19  0  0  0  0  0  0  2  0  0  0  0  8  0  0  0  0  58424  4  62746  0  0  0  1  0  349  0  0  0  0  1  2  50239  647  28178  2207  355307  0  2  0  380  0  0  0  0  0  0  0  4070  0  0  0  0  0  0  0  0  0  0  0  0  0  0  0  0  0  0  0  0  0  2  23  0  0  0  0  0  0  0  0  0  0  0  0  0  0  0  0  0  0  0  0  0  0  0  0  0  0  0  0  0  0  0  0  0  0  0  0  0  0  1  0  0  0  0  0  1  0  0  0  0  0  0  0  
70329  0  0  672  1569  9308  2019  12  950  3  0  212997  2  182202  1548220  325  2  2304  0  0  0  0  5  66  0  47  1172  13  9379  416  0  333  0  0  0  0  0  0  17  13417  360  0  10  1  9018  7  2066  9  165579  0  0  0  212021  26431  3  149  0  1  0  0  0  101671  38  56  58  1759  820  395283  1912  2  23  0  26  0  0  0  0  1  0  7  4  0  0  0  0  0  0  0  0  0  0  21  0  0  0  0  3  3  0  0  1  0  2  0  0  33  0  0  1  0  0  0  0  0  2  0  2  0  15  0  4  0  2  0  0  11  0  20  1  2  0  0  0  0  1  0  0  2  0  94  2  24  1  0  0  0  1  0  
233088  0  0  34  159933  53256  1547  33  3826  9  0  2257  0  2688  1235289  60684  15  6162  0  0  2  0  6  80  0  94  978  41  9  1834  0  1317  1  0  6  0  0  0  102  66  322  1  45  0  3260  249  3779  5  70816  0  0  236726  0  523540  8  225  0  8  0  0  1  2850  135  36  253  5328  3321  14909  3421  19  69  0  60  1  9  0  0  0  0  75  4  0  0  0  0  0  0  4  0  6  0  45  0  0  0  1  9  2  1  0  0  0  3  0  1  124  0  0  0  0  0  0  0  0  4  0  3  0  22  0  1  0  9  0  0  21  0  38  0  7  2  0  0  0  7  0  0  6  0  181  5  42  4  0  0  0  0  0  
366  0  1  244  158  121524  359282  64362  2191  3  0  29  0  6  404149  778473  6  1012  0  0  1  0  0  5  0  297  1068  24  1469  580  0  80  0  0  2  0  0  0  0  0  689  0  12  1  8964  975  166  2  5715  0  0  10706  521612  0  6  94  0  2  0  0  0  18  26  0  83  10611  983  69481  223051  2  102  0  17  0  0  0  0  0  0  9  0  0  0  0  0  0  0  0  1  0  0  20  0  0  0  0  1  1  0  0  0  0  1  0  0  5  0  0  0  0  0  0  0  0  0  0  0  0  7  0  2  0  3  0  0  1  0  1  0  0  1  0  0  0  0  0  0  0  0  160  1  3  0  0  0  0  0  0  
10  0  0  0  0  2  0  0  5519  241  0  0  0  0  82  0  150  258  12  0  10  33  3978  2  112589  449123  1404  0  0  0  0  90  0  28333  12  89715  0  1  0  0  65573  4  270  5985  69  0  93  821  52  0  3  2  2  11  0  19234  36  8  54  0  48  0  20  4  563  32  605  4  338  1  1710  1  278321  33  0  0  0  0  0  1  0  0  0  1  0  0  0  0  0  0  0  0  0  0  0  7  4  0  0  0  2  0  0  0  0  2  0  0  0  0  0  0  0  0  13  0  1  1  0  0  1  1  0  0  0  0  0  0  0  1  2  0  0  0  0  0  0  0  1  16  1  0  0  0  0  0  0  0  
4  0  20  34  1  1137  747  1304  21743  5  1  1  0  0  1083  76  595  6453  4417  60465  0  1  30  0  750206  143510  761051  58  224  3922  0  56  6  0  89  488  0  0  0  0  47825  63  626  26  5434  3429  4  99  10800  0  53  182  332  1523  65520  0  212  364161  0  0  12  0  271  1  163560  3275  454640  238  3989  0  142238  0  219153  0  0  0  0  0  0  7  0  0  0  0  0  0  0  0  0  0  0  5  0  0  0  0  2  0  0  0  1  0  0  0  0  19  0  0  0  0  0  0  0  0  0  0  1  0  1  0  0  0  0  0  0  1  0  3  0  4  1  0  0  0  2  0  0  1  0  16  2  3  0  0  0  0  1  0  
0  18328  0  0  0  0  0  0  0  0  45  0  0  0  0  0  1  0  1253532  770  182  3668  1145  1  54182  0  0  0  0  0  0  3  0  0  1  0  16  263  0  0  2  387485  28  34094  0  0  5  4  0  12  229405  0  0  0  38  158  0  167143  51219  11149  75281  0  0  0  16938  0  0  0  0  0  1  178  154336  0  0  0  0  0  0  0  0  0  0  0  0  0  0  0  0  0  0  0  0  0  0  0  0  0  0  0  0  0  0  0  0  0  0  0  0  0  0  0  0  0  0  1  0  0  0  0  0  0  0  0  0  0  0  0  0  0  0  0  0  0  0  0  0  0  0  0  0  0  0  0  0  0  0  0  
2  124  0  14  0  15  1  22  54  2  31543  0  0  0  189  1  27  1760  751385  508833  0  23669  154  0  147184  19  141  11  2  10  0  25  0  0  5  0  0  3  0  0  26988  80582  39  42282  635  3  6  11  8375  0  26746  24  89  124  3  299155  241561  0  24  3  9275  0  63  0  274290  155  2358  85  476  0  22  1  159881  0  0  0  0  0  0  1  0  0  0  0  10  0  0  0  0  0  0  1  0  0  0  0  0  0  0  0  0  0  0  0  0  0  0  0  0  0  0  0  0  0  0  4  0  0  1  0  0  0  0  0  0  0  0  1  0  2  1  0  0  0  0  0  0  0  0  3  1  0  0  0  0  0  0  0  
0  239405  0  0  0  0  0  0  0  0  0  0  0  0  0  0  2  1  411781  1  73911  423  20724  0  61  0  0  0  0  0  0  4  0  80  620  0  86044  84906  0  0  1  107  1458  1856  0  0  1  1374  0  508  119168  0  0  0  3  0  121313  23  0  396208  66606  0  0  0  25  0  0  0  0  1  0  183797  234427  0  0  0  0  0  0  0  0  0  0  0  0  0  0  0  0  0  0  0  0  0  0  0  0  0  0  0  0  0  0  0  0  0  0  0  0  0  0  0  0  0  0  0  0  0  0  0  0  0  0  0  0  0  0  0  0  0  0  0  0  0  0  0  1  0  0  0  0  0  0  0  0  0  0  0  
1  23234  0  0  0  0  0  0  0  2  0  0  0  0  0  0  0  1  9183  0  435274  1  11440  0  8  0  0  0  0  0  0  0  0  1292  5064  0  362689  28577  0  0  3  3  11189  16  0  0  2  30778  0  115364  13541  0  0  0  2  0  4194  2  316496  0  178148  0  0  0  4  0  0  0  0  0  0  443324  3691  0  0  0  0  0  0  0  0  0  0  0  0  0  0  0  0  0  0  0  0  0  0  1  0  0  0  0  0  0  0  0  0  0  0  0  0  0  0  0  0  0  0  0  0  0  0  0  0  0  0  0  0  0  0  0  0  0  0  0  0  0  0  0  0  0  0  0  0  0  0  0  0  0  0  0  
21  107337  0  0  0  25  0  0  4  185  32  0  0  0  0  0  13  230  54379  751  549774  822238  494643  18  1493  0  2  0  0  3  1  454  5  18  996  0  2901  1421  0  0  199  1188  41132  272475  1  0  192  3574  41  222391  428087  1  0  0  220  34  18978  12738  289341  458902  0  0  32  16  8042  51  12  0  0  3  32  12747  97426  6  0  5  0  0  0  6  0  0  0  6  0  0  0  0  0  0  0  17  0  0  388  3223  103  4  0  0  37  0  0  0  7  70  0  0  0  0  0  0  0  0  91  9  8  13  2  0  3  16  3  1  1  1  0  0  0  17  22  5  1  0  91  0  2  1  5  34  3  0  0  0  0  0  5  3  
82524  0  0  37  1023  1487  4  0  9  3  0  1155  57264  273872  133290  90  2  207  0  0  4  3  11  217212  0  4  0  1  0  1  1  517  0  0  1  0  0  0  138433  263  350  0  14  1  214  0  18239  13  16610  0  1  93655  3585  65  3  0  1  1  0  0  2  0  838  98508  2  26  6  105  47  8  0  0  63  1  0  0  0  0  0  1  0  0  0  0  0  0  0  0  0  0  0  9  0  0  1  4  2  0  0  0  0  0  0  0  0  28  0  0  1  0  0  0  0  0  0  0  1  0  0  0  0  0  0  0  0  0  0  0  0  1  0  0  0  0  1  0  0  0  0  2  0  0  0  0  0  0  0  0  
8122  2  0  0  59  15611  1  0  35  349  0  11  60  162  194  22  21395  240672  4  0  495  125  39196  658271  0  9  4  0  0  15  433154  262331  26  1  12393  5  3  0  141  2  542  4  34301  102  32  0  26102  31942  953  2  14  63  78  6  147  6  26  56  0  0  215  793  0  128570  92  286  195  1  5  117629  8  0  2204  23  0  2  0  0  0  16  0  0  0  0  0  0  0  0  0  0  0  31  0  0  93  190  62  2  0  0  20  0  0  1  48  129  0  0  1  0  0  0  0  0  26  1  8  5  1  0  12  2  1  0  1  1  0  0  2  54  9  1  0  0  22  0  7  1  4  72  11  0  0  0  0  0  4  0  
73003  2  0  4  323  11795  0  0  1  347  0  252  41358  3925  22723  51  74  4682  3  0  332  76  572  796409  0  0  1  0  0  2  97  32555  11  2  102  2  0  0  2046  155  899  8  846  108  41  0  98008  1321  3136  0  25  1201  348  29  247  0  28  78  1  0  150  170829  122158  0  162  265  11  23  5  1507  2  0  3906  12  1  0  0  0  0  15  0  0  0  1  0  0  0  0  0  0  1  69  0  0  48  104  63  2  0  0  9  0  0  0  2  216  0  0  0  0  0  0  0  0  17  0  10  3  1  0  14  3  0  0  0  0  0  0  0  36  9  1  0  0  14  0  6  1  3  71  2  0  0  0  0  0  0  0  
11  3  0  21  3  166  69  17  6044  1693  495298  1  0  0  318  7  2243  4666  7353  593825  0  7950  112  3  200  136  104383  11  1  449565  0  88  3  0  213  8  0  0  0  0  173766  31227  1224  255285  809  0  5  246  27905  0  7004  62  295  94  341  195290  65541  181807  5  0  642  0  246  0  0  852  12728  44  472  1  204152  0  291509  8  0  0  0  0  0  1  0  0  0  3  6806  0  0  0  0  0  0  10  0  0  0  160  1  0  0  0  3  0  0  145  0  22  0  0  1  0  0  0  0  0  3  0  1  0  0  0  1  1  0  0  0  0  0  0  0  6  0  0  0  0  1  0  0  0  2  16  1  0  0  0  0  0  0  0  
1294  0  0  689  466  248432  168280  160530  503168  359041  2  11  1  5  8064  760  13422  28254  4  11  2  10  555  375  1  476  2135  2132  716  41790  1  180529  51  2  1422  15  0  0  0  0  9820  3  9949  10114  20598  2944  95  17432  7096  0  16  1424  5602  7566  482  2971  21  190  0  0  144  33  1275  110  18999  0  5393  1804  8076  516  16840  0  6108  248  719  1  1  2  36  6160  10297  918  28408  8917  0  1  0  146  34  394  5  3886  12  0  6  74  1104  374  10  12  1485  0  184  4352  28  12262  0  0  8  4  0  0  35  0  1623  0  294  80  1027  34  460  61  188  2  1  1823  4  3868  60  1990  146  69  16  1  450  2  22  700  636  249350  557  2189  225  1  164  0  67  1  
6  0  82201  1054  2  1568  1106  173  98040  93  0  0  0  0  3980  86  2852  29703  0  12  0  0  113  3  50  592875  672730  641179  122  10789  0  69  12  0  571  334  0  0  0  0  23764  0  3977  3  500295  409814  18  390  7861  0  1  181  549  1565  1576  379109  1  167  0  0  1  1  1739  0  1089  4546  0  444  20000  0  32608  0  3922  0  0  0  0  0  0  7  0  0  0  0  0  0  0  0  0  0  0  9  0  0  0  0  4  0  0  0  0  0  0  3  0  16  0  0  0  0  0  0  0  0  2  0  0  0  3  0  2  0  0  0  0  6  0  7  0  3  0  0  0  0  2  0  0  1  0  35  3  8  1  0  1  0  0  0  
572  0  0  61931  98  920  1037  13  445  1  0  274536  0  81  276757  34  3  1369  0  0  1  0  0  3  0  84  7  37  337182  213  0  121  0  0  2  0  0  0  0  14290  397  0  6  0  313855  4  97  2  136976  0  0  450875  10588  35163  1  21  0  2  0  0  0  150  10  5  32  885  477  0  51110  4  10  0  14  0  0  0  0  0  0  5  0  0  0  0  0  0  0  0  0  0  0  11  0  0  0  0  1  0  0  0  0  0  1  0  0  5  0  0  0  0  0  0  0  0  0  0  0  0  0  0  1  1  1  0  0  0  0  1  0  1  0  0  0  0  0  0  0  0  0  18  0  1  0  0  0  0  0  0  
47  0  9  730  13  19869  35141  117802  4307  4  0  14  0  4  81643  160469  168  2990  0  6  0  0  10  3  3  2144  1800  2313  617741  225  0  38  0  0  23  2  0  0  0  3  3141  0  170  1  228156  1217  11  21  2877  0  0  713  1962  205640  56  2073  0  148  0  0  0  4  216  3  686  15524  24335  27299  0  0  3853  0  238  0  2  0  0  0  0  8  1  0  0  0  0  0  0  1  0  1  0  37  0  0  0  0  4  0  0  0  1  0  3  0  0  17  0  0  0  0  0  0  0  0  0  0  0  0  9  0  10  0  2  0  0  3  0  6  0  2  0  0  0  0  1  0  0  2  0  94  2  8  1  0  0  0  0  0  
66766  0  0  0  12647  250308  0  0  0  26  0  0  0  3  25  71047  6  1310  1  1  65  14  86  179678  0  0  0  0  0  0  445468  248190  1  0  3  0  0  0  5  0  82  0  77  24  3  0  1471  135  745  0  1  9  23  1  32  0  3  5  0  0  31  34  135401  3385  18  144  1  1  0  0  0  0  381  3  26  0  0  0  0  7297  0  0  1  0  0  0  0  0  0  163  0  42  0  0  19  42  18  14  0  0  3  0  0  0  22829  30236  0  0  0  0  0  0  0  0  4  0  1  3  0  0  7  1  0  0  0  0  0  0  0  5  5  0  0  0  2  0  9  0  0  1743  2  0  1  5496  0  0  0  0  
33  0  18  9  12  14274  5995  160  224483  14  6  0  1  0  223  39  721  2395  0  33  0  43  16  6  16  656  300084  53  27  373879  0  700  1  0  75  22  0  0  0  0  50443  1  586  62  972  121879  2  73  1292  0  3  61  153  268  501  142078  3  78  0  0  3  0  93  1  157712  26255  37996  78  801  17  0  0  10122  0  0  0  21  0  0  22  0  0  845  5  10  0  0  0  1  0  0  90  0  0  0  4236  47  2  0  0  2  0  1  63734  0  441  0  0  0  0  0  0  0  0  4  0  12  6  8  177  7  0  0  0  0  5  0  19  0  4  7  1  0  0  20  0  1  1  1  41  2  4  0  0  15598  0  2  0  
0  47304  0  0  0  0  0  0  0  0  0  0  0  0  0  0  1  0  9651  0  10646  1  5234  0  24  0  0  0  0  0  0  2  0  938  5920  0  1402340  920579  0  0  1  0  74539  7  0  0  0  23815  0  50216  3  0  0  0  0  0  72  3  243735  472448  4837  0  0  0  0  0  0  0  0  0  0  0  177346  0  0  0  0  0  0  0  0  0  0  0  0  0  0  0  0  0  0  0  0  0  0  0  0  0  0  0  0  0  0  0  0  0  0  0  0  0  0  0  0  0  0  0  0  0  0  0  0  0  0  0  0  0  0  0  0  0  0  0  0  0  0  0  0  0  0  0  0  0  0  0  0  0  0  0  
238  65  0  0  2  312  1  3  17408  2355  24  0  0  2  25  1  11682  9888  220474  6097  184  5670  66318  244  1079130  13735  41696  1  0  17  9  3518  100205  660226  58966  20786  9362  1430935  0  0  105190  1972  125614  97530  61  0  2264  1011235  1222  4359  10748  5  12  10  384300  145104  187818  135818  192254  24931  274092  3  1091  152  139240  838  9547  8  61  76  7829  292378  0  19394  0  0  0  0  0  12  0  0  1  129  0  0  0  0  0  0  0  76  0  0  1  26  64  2  0  1  101  0  0  0  3  136  0  0  1  0  0  0  0  0  158  0  25  19  0  0  5  25  3  1  0  0  0  0  0  147  14  2  2  0  8  0  5  0  42  737  25  0  1  0  1  0  3  6  
1  1  0  332  0  3  0  0  14  161  0  18  0  0  0  0  8738  2574  18  1  1  0  306  3  0  396  64  0  0  2  0  27  326804  56239  861  191451  0  0  0  0  82156  52  4844  67  0  0  7  66274  123  0  67  0  0  0  146  26  110  123  0  0  37  0  288  1  1594  163  6  0  0  1  18  0  39978  0  0  0  0  0  0  0  0  0  1  3  0  0  0  0  0  0  0  4  0  0  0  0  5  0  0  0  1  0  1  0  0  2  0  0  0  0  0  0  0  0  2  0  2  1  0  0  0  0  0  0  0  0  0  0  0  11  0  0  0  0  1  0  0  0  2  17  0  0  0  0  0  0  1  0  
0  0  0  0  1  19  0  0  1  0  0  0  0  0  7  4  0  0  0  0  0  0  1  0  0  0  0  0  0  0  272  8  0  0  0  0  0  0  0  0  0  0  0  0  0  0  0  0  0  0  0  0  1  0  0  0  0  0  0  0  0  0  0  0  0  24  0  0  0  138  0  0  0  0  0  0  0  3  246846  128514  279  1  0  0  0  35  0  50105  56014  22974  0  379  0  0  2  3  10  334900  16  9  4  0  13  0  57827  283  0  0  0  2  0  0  14728  1  14  0  1  0  80  0  3153  0  1261  0  0  36707  158144  336  34  77  0  1  0  0  4  137954  54  6080  0  529  21  51  118  25176  0  0  0  0  
0  4  0  0  0  6  0  0  0  1  0  0  0  0  0  0  0  0  0  0  7  31  1  0  0  0  0  0  0  0  0  29  0  0  0  0  0  0  0  0  2  0  0  10  0  0  0  0  0  0  0  0  0  0  1  0  0  0  0  0  1  0  0  0  0  0  0  0  0  0  0  0  1  0  0  0  0  0  0  10  0  0  0  1  1  0  0  0  0  0  4  43  350503  114  481480  622  921  2  0  2  167  0  0  0  9  84  20  0  80  0  299188  65820  0  0  365  194295  92  859  2  0  13  124  9  628  71964  0  0  0  0  7  85713  936  463097  141442  122033  0  7  3  125  5  11  0  0  0  0  69539  2215  74  
0  0  62751  0  0  0  0  323  32  0  0  0  0  0  0  1853  0  0  0  0  0  0  0  0  0  0  235  0  1  6503  0  0  0  0  0  0  0  0  0  0  0  0  0  0  51  25187  0  0  0  0  0  0  0  0  0  0  0  0  0  0  0  0  0  0  0  0  0  0  0  0  8  0  0  0  0  0  0  0  0  0  0  670  21  0  0  0  0  0  0  243290  0  0  0  0  0  0  0  0  0  0  58273  136342  77842  112926  0  0  0  0  0  0  0  0  0  0  0  0  0  0  369905  355795  0  0  0  0  0  0  0  0  0  0  0  0  0  0  0  0  0  0  0  2  124173  0  0  0  1903  0  0  0  
0  0  0  0  0  0  0  0  0  1  0  0  0  0  0  0  0  0  0  0  0  0  0  0  0  0  0  0  0  0  0  0  0  0  0  0  0  0  0  0  0  0  0  0  0  0  0  0  0  0  0  0  0  0  0  0  0  0  0  0  0  0  0  0  0  0  0  0  0  0  0  0  0  0  7  0  0  0  10  13  8  3  108  39  0  326619  698  190  11  0  3034  804  42  0  1  0  31  1644  164  363583  767  236047  81815  4  0  0  25324  1677  32202  340  0  0  32  0  129691  0  10  301  249798  2  394  1166  124666  1  0  426  2  29  105  2308  1932  713  11  0  1  0  0  14  1141  30  74763  97976  361  0  31  0  25  6  
0  0  0  0  0  3  0  0  0  0  0  0  0  0  2  0  0  0  0  0  1  0  1  0  0  0  0  0  0  0  0  1  0  0  0  0  0  0  0  0  0  0  0  0  0  0  0  0  0  0  0  0  1  0  0  0  0  0  0  0  0  0  0  0  0  13  0  0  0  0  0  0  0  0  265853  0  0  2  0  255834  162  0  0  0  0  8  0  3243  118270  405023  0  483  0  0  0  0  7  2890  11  8  1  0  12  0  3  69  0  0  0  2  0  0  464  0  20  0  0  0  106  0  1760  0  3872  0  0  47103  543089  11453  30  62  1  0  0  0  1  23794  16  4070  0  237  18  82  181  5919  0  0  0  0  
12  0  0  0  78  5864  32  0  71  5  0  0  0  0  108  2106  0  1  0  0  20  2  15  4  0  0  0  0  0  7  3698  10389  0  0  0  0  0  0  0  0  0  0  3  1  3  0  2  0  14  0  0  1  69  1  0  0  0  0  0  0  13  0  0  2  0  2164  0  0  1  12427  1  0  1  0  115058  0  0  17  263436  0  295174  796  32  28  0  130  2  4812  10462  1000240  2  29461  2  0  54  144  689  131642  78  61  43  0  780  5  114802  220291  0  0  1  9  1  0  10080  1  264  0  34  10  5067  6  29586  25  26525  1  0  26888  11901  173084  219  1009  39  12  2  0  105  44  164977  18329  67  406302  756  3733  2169  198743  4  0  11  1  
0  0  0  0  0  982  24080  22946  65  0  0  0  0  0  19  5644  0  2  0  0  0  0  0  0  0  0  0  0  0  0  1  344  0  0  0  0  0  0  0  0  0  0  0  0  1  1  0  0  2  0  0  2  10  2  0  0  0  0  0  0  0  0  0  0  0  9770  1  1  2  42  0  0  0  0  372  0  0  98  348  286927  0  193079  13366  727  0  82  0  212  2937  706560  36  7471  0  0  0  0  128  65  784  507  132  1  1714  149  48  6573  0  0  9  124  0  0  72  0  839  0  33  156  12557  1297  599  122  8298  0  0  24704  281  717539  1477  4293  40  17  0  0  1  6  14  850  421  242662  1339  10011  28276  0  821  0  3  3  
0  0  2809  0  0  2  2531  63685  3331  0  0  0  0  0  0  32354  0  0  0  0  0  0  0  0  0  0  0  0  1  0  0  0  0  0  0  0  0  0  0  0  0  0  0  0  0  4603  0  0  0  0  0  0  1  1  0  0  0  0  0  0  0  0  0  0  0  1618  0  0  0  0  0  0  0  0  17  0  962  11  25  582  242346  0  205527  399  0  6  0  30  16  875145  20  1294  0  0  0  0  67  5  48  122  165  3  24953  67  0  8  0  0  3  22  0  0  3  0  469  0  18  52  17258  215777  90  33  970  0  0  388  8  116708  518  2226  17  17  0  0  1  0  0  44  352  234760  2025  307  8098  0  2531  0  3  1  
0  0  45  0  0  5  1492  4268  70381  156  0  0  0  0  1  102  0  2  0  0  0  0  0  0  0  0  2  0  0  518  0  3  0  0  0  0  0  0  0  0  1  0  0  1  2  17762  0  4  1  0  0  0  0  0  0  0  0  0  0  0  0  0  0  0  4  15648  0  1  0  1  522  0  0  0  7  0  248  0  1  122  13237  105724  0  85173  0  0  0  2  0  128  7  1736  1  0  0  14  121  6  4  6  510  0  448  55377  1  49  0  0  8  0  0  0  0  0  2073  0  44  1149  2148  76104  205  35  1610  0  0  68  0  1898  28  2617  37  94  2  0  2  0  2  7  35071  302650  2829  22  731  0  236218  0  4  0  
0  0  0  0  0  4  1  0  21379  1351  14  0  0  0  0  0  11  32  0  0  1  13  29  0  0  0  7  0  0  465  0  26  0  0  1  2  0  0  0  0  233  0  9  98  0  1  0  107  4  1  0  0  1  0  18  5  1  1  0  0  3  0  3  0  183  15678  1  0  1  0  5  0  99  5  5  0  0  0  2  82  4183  193  57323  0  4  0  0  5  1  36  4  1118  12  0  4  2790  25277  13  13  7  5935  0  194  78270  0  163  0  0  18  0  0  0  0  0  7448  0  67  118354  2511  5  48  168  402  0  0  54  1  124  77  3596  340  287  12  1  19  0  1  5  79720  151157  7727  30  84  0  1235  0  11  14  
0  4  0  0  0  0  0  0  0  0  136523  0  0  0  0  0  0  0  16  38099  0  19204  0  0  0  0  74  0  0  4272  0  0  0  0  0  0  0  0  0  0  0  604  0  175  0  0  0  0  0  0  0  0  0  0  0  1  0  0  0  0  0  0  0  0  282  0  0  0  0  0  65  0  0  0  0  1  0  0  0  0  0  0  0  0  0  0  0  0  0  0  0  0  43  463390  0  65820  0  0  0  0  3588  0  0  157854  0  0  0  0  0  0  0  0  0  0  0  246357  0  587783  0  0  0  0  0  0  3  0  0  0  0  0  36394  8216  0  0  15  0  0  0  346124  0  0  0  0  0  1  0  0  0  
0  0  0  0  0  1  0  0  0  0  0  0  0  0  0  0  0  0  0  0  0  0  0  0  0  0  0  0  0  0  0  0  0  0  0  0  0  0  0  0  0  0  0  0  0  0  0  0  0  0  0  0  0  0  0  0  0  0  0  0  0  0  0  0  0  2  0  0  0  0  0  0  0  0  104  0  0  318576  185  1517  63  4  1  3  0  0  16085  112901  406  56  607  13234  3  0  0  0  7  9357  93  488  6  30  26542  0  0  0  21  1051  97921  8  0  0  8446  175266  624  0  1  4  141929  0  8821  73  598096  0  0  184598  40  858  63  305  58  13  0  0  0  0  0  57  3  124  472  241102  582  0  0  0  5  1  
0  0  0  0  0  0  0  0  0  0  0  0  0  0  0  0  0  0  0  0  0  0  0  0  0  0  0  0  0  0  0  0  0  0  0  0  0  0  0  0  0  0  0  0  0  0  0  0  0  0  0  0  0  0  0  0  0  0  0  0  0  0  0  0  0  0  0  0  0  0  0  0  0  0  0  0  0  91  0  1  0  0  0  0  0  28474  0  204696  181  0  0  205  0  0  0  0  0  227953  0  0  0  0  0  0  0  0  0  1  2  0  0  0  228030  4766  0  0  0  0  0  0  158188  0  6183  0  0  0  0  0  0  0  0  0  0  0  0  68666  0  38113  0  0  0  69  0  0  0  0  0  0  
0  0  0  0  0  0  0  0  0  0  0  0  0  0  0  0  0  0  0  0  0  0  0  0  0  0  0  0  0  0  0  0  0  0  0  0  0  0  0  0  0  0  0  0  0  0  0  0  0  0  0  0  0  0  0  0  0  0  0  0  0  0  0  0  0  3  0  0  0  0  0  0  0  0  20992  0  0  9  2895  3992  4  0  0  0  0  136349  112046  0  61526  1  0  39  0  0  0  0  1  35317  10  2  0  0  1  0  0  13  0  0  0  0  0  0  292930  197816  1  0  0  0  11  0  1212  0  4806  0  0  322287  27934  9  4  43  1  2  0  0  0  215838  1  5018  0  72  0  164  6  0  0  0  0  0  
0  0  0  0  0  3  1  0  0  0  0  0  0  0  1  0  0  0  0  0  0  0  0  0  0  0  0  0  0  0  0  1  0  0  0  0  0  0  0  0  0  0  0  0  0  0  0  0  0  0  0  0  1  0  0  0  0  0  0  0  0  0  0  0  0  6  0  0  0  0  0  0  0  0  52388  0  0  3  75401  14263  543  28  6  6  0  23  230  78283  0  219005  0  325  0  0  0  0  0  64969  8  3  0  4  215340  0  1  1  0  0  0  1  0  0  14  1  13  0  0  0  256  0  199  0  886  0  0  818500  1251372  443228  15  44  0  0  0  0  0  194168  2  41  0  1431  10  291255  308815  0  1  0  0  0  
0  0  23813  0  45  1983  2640  22928  210  1  0  0  0  0  0  60385  0  0  0  0  0  0  0  0  0  0  0  0  5  0  764  93  0  0  0  0  0  0  0  0  0  0  0  0  2  2292  0  0  0  0  0  0  1  0  0  0  0  0  0  0  0  0  0  0  0  34  0  0  1  5926  0  0  0  0  25368  0  173742  5  474144  1087593  584281  709455  355  114  0  0  0  4  279509  0  2  774  0  1  0  1  27  1258  7  73  486  196  248363  6  46215  1256  0  0  1  26  0  0  7  0  120  0  5  1  46022  151480  140  10  713  0  0  992  146381  1060767  348  1225  3  6  0  0  1  0  5  37  37  10017  5458  41  176629  165477  235  0  0  0  
0  0  0  0  0  2  0  0  0  34  0  0  0  0  0  0  0  7  0  0  1  0  0  0  0  0  0  0  0  0  0  13  0  0  3  0  0  0  0  0  12  0  4  4  0  0  0  6  1  0  0  0  0  0  0  0  0  0  0  0  0  0  0  0  0  2  0  0  0  0  0  0  3  0  1  17  0  15184  9  36  41  55  20  14  0  4327  0  11  6  10  0  436798  62  1  47  1  68663  11185  162  1352  1566  4  53  0  0  101  1330  1  160050  29  0  0  2  0  83014  0  38826  45  1509  2  4821  300975  102847  68  0  204  6  68  537  3106  1339  277  83  10  154  0  11  11  535  326  2362  12  1807  0  8  1  1213  262  
1  0  0  0  0  31  0  0  0  195  0  0  0  0  9  2  8  34  0  0  5  0  7  1  0  0  0  0  0  0  0  195  0  0  0  0  0  0  0  0  73  0  13  16  1  0  1  33  4  0  2  0  0  0  11  0  0  1  0  0  1  0  3  1  11  245  0  0  0  1  0  0  21  0  282  28  0  9843  617  19100  264  142  139  80  0  64642  204  186  155  123  340974  0  121  0  45  24  161723  108747  637  601  14372  0  349  12  887  4630  26  0  59130  173  0  0  21  21  29815  0  16142  631  2827  16  302451  29285  362212  92  1  1480  55  1925  4166  20457  2686  1139  136  4  650  1  16754  657  5305  5613  12385  221  9002  0  114  2  1319  403  
0  0  0  0  0  0  0  0  0  0  0  0  0  0  0  0  0  2  0  0  0  0  0  0  0  0  0  0  0  0  0  0  0  0  0  0  0  0  0  0  0  0  0  0  0  0  0  0  0  0  0  0  0  0  0  0  0  0  0  0  0  0  0  0  0  0  0  0  0  0  0  0  0  0  0  349367  0  0  3  1  0  0  1  0  44  0  0  11  4  0  33  504  0  115816  21798  12872  288  0  127859  0  1456  0  1  0  0  6  5  0  29  0  597  2869  0  0  2175  167124  81  49825  6  0  2  256  835  142  2249  35  1  1  14  6149  978398  510702  288352  22632  28439  0  0  1  2636  7  86  6  8  0  2  77  456494  33  
0  0  0  0  0  0  0  0  0  0  195  0  0  0  0  0  0  0  0  161  0  7  0  0  0  0  11  0  0  91  0  0  0  0  0  0  0  0  0  0  0  7  0  1  0  0  0  0  0  0  0  0  0  0  0  0  0  0  0  0  0  0  0  0  1  1  0  0  0  0  0  0  0  0  0  0  0  0  0  0  8  0  5  0  394095  0  0  0  0  0  0  7  118636  0  0  10290  0  0  955  0  108135  0  1  22213  0  0  0  0  0  0  0  0  0  0  4  145117  0  122318  2  15  0  0  5  1  884  1  0  15  18  163840  51269  374503  1  0  3118  0  0  0  353497  6  24  0  17  0  13014  0  4  0  
1  88  0  0  0  158  0  0  0  16  0  0  0  0  2  0  0  8  0  0  118  426  36  1  0  0  0  0  0  0  0  924  0  0  1  0  0  0  0  0  25  1  4  55  1  0  3  3  1  0  0  0  0  0  9  0  1  0  0  0  59  0  4  4  2  8  0  0  0  7  0  0  10  0  2  370503  0  0  0  170  1  0  0  2  0  0  0  2  1  1  3  608  13632  106  0  104412  51115  59  2  2  305  0  0  0  66  2473  1  0  356  0  122889  134  0  0  973  90412  447  1724  15  0  200  73  82  240633  186253  5  0  0  3  59  119668  2816  3761  383005  916579  0  104  19  130  150  26  0  0  1  0  125  3357  6  
1  349  0  0  0  201  0  0  1282  203  10315  0  0  0  2  1  0  22  0  62  364  18753  103  6  0  0  0  0  0  14027  1  1279  0  0  0  0  0  0  0  0  98  24  3  1111  1  0  7  26  8  0  1  0  2  0  19  0  0  4  1  0  407  0  3  5  72  95  1  0  1  1  1154  0  36  0  2  313  0  0  0  140  0  0  5  1762  121490  0  0  4  0  0  4  569  18038  29026  40692  0  185942  25  3  3  493  0  5  111704  30  5800  1  0  5  1  0  0  0  0  1142  255395  82  681818  7  0  103  129  130  13  181915  6  0  2  2  124  16574  18913  50  1  466740  0  62  3  1607  364  41  0  6  0  1  0  78  14  
5  1  0  0  0  382  0  0  0  166  0  0  0  0  3  1  13  58  0  1  159  87  110  8  0  0  0  0  0  0  0  2488  0  0  5  1  0  0  0  0  150  0  43  151  3  0  16  47  19  0  0  0  1  0  43  0  1  0  0  0  28  0  9  10  23  99  1  0  2  8  0  0  54  0  16  616  0  13  2  1451  31  18  64  22644  0  9  0  9  2  1  80039  282883  379  0  16949  100828  0  116042  120  173  7555  0  25  6  10180  10475  5185  12  111063  4  7908  134  1  0  18186  14  333472  143060  577  2  19803  32109  984  91216  6  47  1  11  262  7789  5175  1100  1825  257  582502  0  49933  282  27276  3261  5989  6  67  0  39  511  9170  9087  
3  0  0  0  0  20  0  0  0  13  0  0  0  0  1  0  0  1  0  0  20  2  18  0  0  0  0  0  0  0  2060  135  0  0  0  0  0  0  0  0  3  0  2  1  0  0  0  1  3  0  0  0  2  0  0  0  0  0  0  0  9  0  1  1  0  72  0  0  0  64  0  0  3  0  356027  2  0  258  365  97215  13  1  4  5  0  7379  177910  48587  81955  599  9176  146055  0  0  47  165  129692  0  1  2  202  0  7  1  227957  16616  1  598  7725  0  0  0  28451  11  354  0  279  22  93  0  350612  418  10762  3  1  1787  97  35  32  253  71  23  5  1  107  246109  611177  974382  138  1423  481  74  11  71712  1  0  18  3  
0  0  0  0  0  3  0  0  0  3  0  0  0  0  0  0  0  0  0  0  0  0  1  0  0  0  0  0  0  0  0  9  0  0  0  0  0  0  0  0  3  0  0  5  0  0  0  0  0  0  0  0  0  0  2  0  0  0  0  0  0  0  0  0  1  4  0  0  0  0  0  0  3  0  193  6  0  75  459  541  68  8  24  23  0  34  0  978  380  49  212  1533  167662  262  8  5  4641  16  0  475461  30069  2  298  0  1  64  18  76  42  6184  0  0  49  0  30755  0  451  273  3688  1  131  2691  5730  115  0  12485  63  373  274756  385505  1589  36852  27  5  518  1  0  422  2505  127  1347  423  1462  0  43  2  871202  448  
0  0  0  0  0  1  0  0  0  2  0  0  0  0  0  0  0  0  0  0  0  0  2  0  0  0  0  0  0  0  0  8  0  0  0  0  0  0  0  0  6  0  0  0  0  0  0  0  0  0  0  0  0  0  0  0  0  0  0  0  0  0  0  0  0  1  0  0  0  0  0  0  2  0  15  5  0  351505  49  87  55  26  82  41  0  64  0  127  34  11  617  2992  47  0  4  3  2998  7  325847  0  8830  44725  230  0  1  54  94206  16472  33  708282  0  0  7  0  515092  0  380  410  23235  2  102  2936  4305  44  0  1381  13  81  275499  13607  2559  1364  14  1  469  0  3  42  1869  244  512810  53  1594  0  25  1  98403  871  
0  0  0  0  0  0  0  0  0  5  1  0  0  0  0  0  1  3  0  0  0  0  0  0  0  0  2  0  0  4  0  0  0  0  0  0  0  0  0  0  3  0  2  1  0  0  0  1  0  0  0  0  0  0  0  0  0  0  0  0  0  0  0  0  1  3  0  0  0  0  0  0  1  0  9  8  83371  5  8  44  726  234  3212  1814  9385  0  0  21  4  86  82  7809  29  140107  7  0  1493  34  19321  3313  0  168  781  571628  4  15  1  0  63  21  0  0  2  0  15877  0  405  150  6344  58840  331  607  6861  77  0  211  2  577  64804  1001193  1592  1180  42  1  703  0  9  15  96595  1573  302597  23  2555  0  151891  0  6358  29  
0  0  0  0  0  0  0  0  0  0  0  0  0  0  0  1  0  0  0  0  0  0  0  0  0  0  0  0  0  1  0  0  0  0  0  0  0  0  0  0  0  0  0  0  0  0  0  0  0  0  0  0  0  0  0  0  0  0  0  0  0  0  0  0  0  0  0  0  0  0  0  0  0  0  0  0  152227  209368  2  2  0  0  1  0  0  7  0  12  0  44  1  18  3  0  0  0  2  0  24  48425  178  0  56438  3  0  0  2  0  0  7  0  0  0  0  751  0  3  7  1177975  10111  1  5  265  0  0  57  0  4  19  529  204  35  0  0  0  0  0  1  21  1  836460  2  74  0  0  0  2  0  
0  0  10  0  0  1  2  128  1  0  0  0  0  0  1  62  0  0  0  0  0  0  0  0  0  0  0  0  0  0  0  1  0  0  0  0  0  0  0  0  0  0  0  0  0  11  0  0  0  0  0  0  1  0  0  0  0  0  0  0  0  0  0  0  0  17  0  0  0  0  0  0  0  0  10  0  56337  96715  11  232  411  4048  67  58  0  19222  1  19  196434  189409  4  4405  1  1  0  0  262  17  165  566  849  63302  0  1  4  22  0  0  8  47  0  0  2  0  833  0  11  38  930011  6447  582  9  795  0  0  25004  7458  28085  675  2552  49  76  0  0  0  0  14  27  256  5059  9507  645329  944552  0  137  0  7  0  
0  0  20  0  0  0  0  2  25101  225  4219  0  0  0  0  2  0  0  0  103  0  136  0  0  0  0  9765  0  0  188272  0  0  0  0  0  0  0  0  0  0  1  0  1  14  1  235  0  0  0  0  0  0  0  0  0  0  0  0  0  0  0  0  0  0  60  3532  2  0  0  0  41418  0  0  0  0  0  137833  0  1  12  1170  150  56719  66888  102340  0  0  1  0  18  0  72  0  19243  0  40900  6  2  2  0  686673  4  28  0  0  0  0  0  1  0  0  0  0  0  40  0  3  50112  329  197801  8  2  60  0  0  8  0  28  4  17512  3  191  0  0  0  0  0  3  324722  2893  8564  13  11  0  655615  0  0  0  
4  0  0  0  0  141  0  0  0  25  0  0  0  0  0  13  0  16  0  0  44  11  26  5  0  0  0  0  0  0  31937  41949  0  0  1  0  0  0  0  0  15  0  5  4  0  0  2  3  4  0  0  0  0  0  0  0  0  0  0  0  19  1  35  8  1  29  0  0  0  16651  0  0  13  0  49459  6  0  1  2  80670  0  2  4  2  0  0  0  5  2  21147  8  14802  5  0  102  397  19568  167581  5  4  325  0  13  0  0  122512  0  0  10  0  0  0  0  0  738  0  139  39  95  0  4987  156  85  7  0  6  0  5  21  159  303  38  6  1  232  0  333780  948  45  2056  197  1  8  296896  1  0  54  17  
37  0  0  0  13  2729  0  0  1  43  0  0  0  0  4  1  0  164  0  0  80  18  57  11  0  0  0  0  0  0  1324  57669  0  0  3  0  0  0  0  0  10  0  26  6  6  0  29  10  20  0  0  0  24  0  3  0  0  1  0  0  29  1  11  14  3  7031  0  1  4  7089  1  0  44  1  899  15  0  0  7  107833  3  0  6  4  0  0  0  21  3  28  13  14800  51  0  242  520  3475  9457  8  11  525  0  67  0  97750  0  0  0  10  1  0  0  12  0  800  0  547  36  327  1  21666  205  147  20  0  26  0  14  39  201  603  104  68  3  2134  4  97101  7177  86  47887  410  7  20  3024  4  0  393  38  
0  0  0  0  0  0  0  0  0  0  0  0  0  0  0  0  0  0  0  0  0  0  0  0  0  0  0  0  0  0  0  0  0  0  0  0  0  0  0  0  1  0  0  0  0  0  0  0  0  0  0  0  0  0  0  0  0  0  0  0  0  0  0  0  0  0  0  0  0  0  0  0  0  0  0  10  0  51732  0  0  0  0  0  0  0  61  0  0  0  0  802  52  3  0  2  0  1143  0  2  49037  141  14  0  0  0  2  0  89653  150513  159019  4  3  0  0  99125  0  418  6  3  0  0  383919  66  1939  0  0  0  0  0  29  42  6  134  25  10  0  0  0  27  3  17  0  0  0  1  50  3021  178654  
0  0  0  0  0  0  0  0  0  0  0  0  0  0  0  0  0  0  0  0  0  0  0  0  0  0  0  0  0  0  0  0  0  0  0  0  0  0  0  0  0  0  0  0  0  0  0  0  0  0  0  0  0  0  0  0  0  0  0  0  0  0  0  0  0  0  0  0  0  0  0  0  0  0  0  0  0  3798  0  0  0  0  0  0  0  5988  5  0  0  0  3  2  0  0  0  0  11  2445  40  16676  1  0  0  0  0  0  81711  0  449846  428115  24  42829  1  0  140  0  91029  0  0  0  54  21016  0  117  0  0  0  0  0  1  0  0  4  29  3  0  0  0  0  0  0  0  0  0  0  72  793486  200451  
0  0  0  0  0  2  0  0  0  36  0  0  0  0  0  0  4  5  0  0  0  1  2  0  0  0  0  0  0  0  0  12  0  0  2  1  0  0  0  0  16  0  1  4  0  0  0  6  0  0  0  0  0  0  2  0  0  0  0  0  0  0  0  0  3  0  0  0  0  0  0  0  2  0  0  362  0  17297  0  4  6  2  11  6  0  46967  0  2  0  0  141028  86740  343  0  105  1  112501  10006  12  19  1584  0  3  1  0  36  133286  336742  0  44  2471  15709  0  0  2033  0  224770  60  32  0  1324  387095  388  15611  0  8  0  1  31  1782  393  135  3182  8734  1371  0  8  3  600  106  775  0  18  0  9  3590  197410  37996  
0  0  0  0  0  5  0  0  0  5  0  0  0  0  0  0  0  0  0  0  0  0  1  0  0  0  0  0  0  0  0  34  0  0  0  0  0  0  0  0  11  0  0  5  0  0  0  4  0  0  0  0  0  0  2  0  0  0  0  0  0  0  0  0  2  2  0  0  0  0  0  0  2  0  9  5  0  812  5  34  5  0  1  49  0  4  0  40  15  3  234  1278  13  0  3  12  4104  3  13600  851014  6508  0  26  0  1  133  81029  394460  53  0  0  5  2  0  420454  0  570  513  445  1  24  4057  863  63  0  455  2  20  19652  3301  1499  1184  8  0  419  0  2  7  1944  93  3149  3  358  0  1  0  89600  186420  
0  0  0  0  0  0  0  0  0  0  0  0  0  0  0  0  0  0  0  0  0  0  0  0  0  0  0  0  0  0  0  1  0  0  0  0  0  0  0  0  0  0  0  0  0  0  0  0  0  0  0  0  0  0  1  0  0  0  0  0  0  0  0  0  0  0  0  0  0  0  0  0  0  0  0  267549  0  0  0  0  0  0  0  0  0  0  0  0  0  0  0  0  56  0  55781  0  12303  1  1  1  2  0  0  0  0  1  4  1  417  0  0  254573  0  0  62  0  320760  0  0  0  0  64  0  457864  0  0  0  0  0  8  11  7  48235  686981  38109  0  0  0  1  0  0  0  0  0  0  771647  67513  14  
0  0  0  0  0  0  0  0  0  0  0  0  0  0  0  0  0  0  0  0  0  0  0  0  0  0  0  0  0  0  0  0  0  0  0  0  0  0  0  0  0  0  0  0  0  0  0  0  0  0  0  0  0  0  0  0  0  0  0  0  0  0  0  0  0  0  0  0  0  0  0  0  0  0  0  22434  0  0  0  0  0  0  0  0  0  0  0  0  0  0  0  0  1252  0  35  0  329  0  0  0  0  0  0  0  0  0  8  59147  5813  0  227647  0  0  0  25  0  192183  0  0  0  0  2040  0  27544  0  0  0  0  0  0  3  1  91535  11379  1318  0  0  0  0  0  0  0  0  0  0  949422  800353  26  
0  0  0  0  0  0  0  0  0  0  0  0  0  0  0  0  0  0  0  0  0  0  0  0  0  0  0  0  0  0  0  0  0  0  0  0  0  0  0  0  0  0  0  0  0  0  0  0  0  0  0  0  0  0  0  0  0  0  0  0  0  0  0  0  0  2  1  0  0  0  0  0  0  0  9332  0  0  17  611  47098  32  15  2  2  0  11147  146651  357904  121  18  3  68  8  0  0  0  5  4449  466  62  38  0  17  0  0  7  0  0  1  11  0  0  0  92795  164  0  1  4  660  0  144400  5  173824  0  0  104306  4769  140  115  2042  350  164  0  1  0  16121  1  61536  38  107  32  7010  187  0  1  0  7  0  
0  0  0  0  0  0  0  0  0  0  0  0  0  0  0  0  0  0  0  0  0  0  0  0  0  0  0  0  0  0  0  0  0  0  0  0  0  0  0  0  0  0  0  0  0  0  0  0  0  0  0  0  0  0  0  0  0  0  0  0  0  0  0  0  0  0  0  0  0  0  0  0  0  0  33  0  0  3  2  271  0  0  0  0  0  244922  20882  219256  0  0  0  19  0  0  0  0  0  28  0  0  0  0  1  0  0  0  0  0  1  0  0  0  82005  0  0  0  0  0  0  0  3924  0  162631  0  0  28569  0  0  0  0  0  0  0  0  0  0  0  17  0  0  0  594  0  0  0  0  0  0  
1  0  0  0  0  44  0  0  6  178  0  0  0  0  0  0  12  35  0  0  10  4  22  1  0  0  0  0  0  0  1  293  0  0  3  2  0  0  0  0  163  0  15  83  0  0  1  65  4  0  1  0  0  0  18  0  0  2  0  0  5  0  0  1  22  75  0  0  0  2  0  0  35  0  62  158  0  108511  149  430  470  283  2988  1840  0  1867  0  329  144  60  61347  193365  578  1  110  186  64363  1014  58496  574387  57267  19  983  330  42  1665  117459  221  5612  329110  8  7  36  0  0  0  26888  7053  17422  46  2978  224094  285108  5733  2  4279  26  472  19955  110967  25053  13321  494  23  4339  0  81  108  51162  3842  82366  260  8881  0  654  77  101894  120276  
0  5  0  0  0  0  0  0  0  0  6596  0  0  0  0  0  0  0  0  5720  4  21832  0  0  0  0  0  0  0  0  1  2  0  0  0  0  0  0  0  0  1  7079  0  64  0  0  0  0  0  0  0  0  0  0  1  0  0  1  0  0  3  0  0  0  1  0  0  0  0  0  0  0  0  0  0  240772  0  0  0  2  0  0  0  0  253262  0  0  0  0  0  0  0  138529  120490  66875  267239  0  0  0  0  1  0  0  0  0  1  0  0  0  0  0  0  0  0  1  0  0  218031  0  0  0  0  0  0  235112  0  0  0  0  0  214158  74  58  0  1474  0  1  0  8  1  0  0  0  0  0  0  0  0  
1  0  0  0  0  10  0  0  0  165  0  0  0  0  0  0  17  59  0  0  1  0  0  0  0  0  0  0  0  0  0  76  0  0  0  0  0  0  0  0  74  0  22  12  0  0  1  52  2  0  0  0  0  0  5  0  0  0  0  0  1  0  7  0  9  7  0  0  0  0  0  0  14  0  0  287  0  0  0  52  17  10  28  19  0  1  0  10  0  1  4286  5902  349  0  229  13  325015  189  43  58  5070  0  8  8  4  509  1364  101922  234537  3  362917  221923  0  0  7851  0  0  172  41  0  49  61234  571  143265  0  38  0  8  23  5356  2747  530  2783  5930  3780  0  10  0  1199  528  1111  4  32  0  29  185047  106419  2433  
0  0  0  0  0  18  0  0  47  58  1966  0  0  0  0  0  1  6  0  2  10  7731  28  0  0  0  0  0  0  100  0  189  0  0  1  0  0  0  0  0  125  6  2  98  0  0  1  25  0  0  0  0  0  0  25  0  0  1  0  0  4  0  2  0  24  73  0  0  0  0  14  0  21  0  0  587  0  7  3  43  305  85  580  122952  464315  0  0  38  4  19  226  10070  12671  66637  320  666479  236088  10  29  20  3060  0  106  81477  6  1291  1  0  68  0  0  0  1  0  19778  111989  632  0  1182  6  49  1122  11042  2  56416  122  1  28  11  611  214055  124356  573  43  136170  0  16  1  796106  1468  3779  8  296  0  89  0  143  27  
0  0  2  0  0  2  7  8  0  4  0  0  0  0  5  1  0  3  0  0  1  0  0  0  0  0  0  0  0  0  0  8  0  0  0  0  0  0  0  0  1  0  0  0  0  0  0  0  0  0  0  0  3  0  0  0  0  0  0  0  0  0  0  0  0  78  0  0  0  0  0  0  0  0  72  3  269483  296822  184  1394  3691  5691  711  606  0  25963  0  796  276  69616  125  41355  155  1  5  0  3570  305  8541  31751  3359  1270590  902838  67  53  150  0  0  110  1029  0  0  32  0  18582  0  248  527  0  171257  3521  209  112507  1  0  5951  84  5813  9899  46301  4965  1743  23  4  15  1  151  220  2182  26629  690301  63880  301286  0  731  0  145  8  
0  0  9274  0  0  0  2  17831  4127  0  0  0  0  0  0  8287  0  0  0  0  0  0  0  0  0  0  20  0  0  278  0  0  0  0  0  0  0  0  0  0  0  0  0  0  0  64209  0  0  0  0  0  0  1  0  0  0  0  0  0  0  0  0  0  0  0  18  0  0  0  0  50  0  0  0  6  0  270510  1  0  91  11955  202405  90710  199  0  2  0  2  15  101863  6  606  0  18  0  0  39  3  13  34  121440  2124  24578  243936  0  3  0  0  2  12  0  0  0  0  122  0  3  8  178688  0  16  12  445  0  0  69  1  30259  57  39502  3  185  0  0  0  0  1  6  147  11304  234527  44  32903  0  217101  0  1  0  
3  0  0  0  0  27  0  0  0  7  0  0  0  0  7  5  0  3  0  0  44  6  33  0  0  0  0  0  0  0  0  134  0  0  1  0  0  0  0  0  2  0  8  3  1  0  3  1  0  0  0  0  2  0  1  0  0  0  0  0  10  0  0  0  1  117  0  0  0  1  0  0  2  0  6685  2  0  60  7726  133408  123  0  5  5  0  13685  118774  4487  626  333  426  205478  1  0  95  180  6432  362077  5  6  145  0  99  1  1890  29947  2  2  404  1  0  0  186155  497  688  1  80  15  620  0  0  107  57475  6  0  4746  162  1073  112  314  97  21  3  0  151  183  88176  187075  61  2967  954  93  77  3  3  0  23  11  
1  0  0  0  0  9  0  0  0  109  0  0  0  0  0  0  1  19  0  0  1  1  1  0  0  0  0  0  0  0  0  104  0  0  0  0  0  0  0  0  109  0  9  17  0  0  2  34  1  0  0  0  0  0  12  0  0  0  0  0  0  0  4  0  11  17  0  0  0  0  0  0  19  0  5  400  0  2894  3  102  29  39  88  42  0  104  0  37  4  2  271038  160210  624  0  356  9  118756  1037  237  1140  19596  3  13  11  6  752  301831  13051  463431  163  922  4854  1  0  210496  0  161975  650  171  6  207  0  10239  14834  0  184  4  30  361  8819  7570  1914  4594  4419  1501  0  15  8  4849  1019  2778  10  744  0  90  1065  329968  253089  
0  0  0  0  0  31  2  0  0  37  0  0  0  0  19  2  2  5  0  0  0  0  1  0  0  0  0  0  0  0  0  21  0  0  1  0  0  0  0  0  18  0  2  2  1  0  0  9  0  0  0  0  9  0  2  0  0  0  0  0  0  0  1  0  0  140  0  0  0  0  0  0  6  0  3205  6  0  70912  46146  75967  3803  593  1324  374  0  467460  1844  18676  19648  6689  103851  383565  452  1  23  0  8578  2131  17373  8863  3680  571  1837  33  21  283  37  0  1409  1359  0  0  173547  88387  261368  0  4765  384  283112  21  65615  12650  0  16  0  156811  6852  63415  15258  89157  13843  4783  145  18  64  54  89  24998  5753  7127  14221  288590  40853  0  186  0  821  143  
0  0  0  0  0  0  0  0  0  1  0  0  0  0  0  0  1  1  0  0  0  0  0  0  0  0  0  0  0  0  0  4  0  0  0  0  0  0  0  0  2  0  0  1  0  0  0  0  0  0  0  0  0  0  0  0  0  0  0  0  0  0  0  0  0  2  0  0  0  0  0  0  0  0  0  10093  0  0  0  3  0  0  1  0  0  0  0  0  0  0  39  73  679  0  220737  2  104467  0  52  62  269  0  0  1  2  25  9426  13  35115  7  566696  17827  0  0  16128  0  161870  11  1  0  1  6891  20  0  0  2  0  0  1  114  396  200  9910  222333  96001  0  0  0  114  9  17  0  2  0  0  49141  47922  21220  
0  1  0  0  0  1  0  0  0  0  0  0  0  0  0  0  0  0  0  0  0  2  0  0  0  0  0  0  0  0  0  0  0  0  0  0  0  0  0  0  0  0  0  0  0  0  0  0  0  0  0  0  0  0  0  0  0  0  0  0  0  0  0  0  0  0  0  0  0  0  0  0  0  0  0  33582  0  0  0  0  0  0  0  0  2  0  0  0  0  0  0  0  4879  2363  165198  168110  40  0  0  0  4  0  0  0  0  1  0  0  0  0  0  0  0  0  13  270745  0  119299  0  0  0  0  1  0  0  0  0  0  0  0  140911  566  1431  15  224847  0  0  0  67  0  0  0  0  0  0  0  0  0  
0  0  0  0  0  34  42  0  4  0  0  0  0  0  14  4  0  2  0  0  0  0  0  0  0  0  0  1  0  0  0  0  0  0  0  0  0  0  0  0  0  0  0  0  4  0  0  0  3  0  0  2  22  3  0  0  0  0  0  0  0  0  0  0  0  1540  0  1  0  0  0  0  0  0  24379  0  0  267  138671  64372  24075  80  27  28  0  104589  0  637492  803393  4458  6  4367  1  0  0  0  27  592  861  648  11  1  44501  5  3  36  0  0  0  143  0  0  95518  23451  691  0  5  9  7197  0  11008  15  103764  0  0  0  426596  178433  1608  3809  27  11  0  0  1  225478  11  10847  34  56183  623  429926  23559  0  5  0  4  0  
0  0  0  0  0  1  0  0  0  0  0  0  0  0  0  0  0  0  0  0  0  0  0  0  0  0  0  0  0  0  0  0  0  0  0  0  0  0  0  0  0  0  0  0  0  0  0  0  0  0  0  0  0  0  0  0  0  0  0  0  0  0  0  0  0  17  0  0  0  0  0  0  0  0  104162  0  0  1  619329  15383  849  1  0  1  0  2  0  16625  1586830  41618  0  172  0  0  0  0  2  424  9  6  0  0  413  0  0  0  0  0  0  0  0  0  1754  0  4  0  0  0  80  0  279  0  522  0  0  755255  0  271349  24  39  0  0  0  0  0  202097  5  5991  0  387  7  393  175  0  0  0  0  0  
0  0  0  0  0  67  54  0  11  0  0  0  0  0  30  1  0  0  0  0  0  0  0  0  0  0  0  1  0  1  0  2  0  0  0  0  0  0  0  0  0  0  0  0  2  0  0  1  5  0  0  0  26  3  0  1  0  0  0  0  0  0  0  0  0  2155  1  0  5  0  2  0  0  0  805  0  0  130  15271  273211  755423  67058  758  690  0  252  0  290  522360  1251930  96  10987  0  0  0  2  209  73  390  411  183  6  21810  31  5  48  0  0  12  121  0  0  88  0  963  0  43  19  22785  409  875  246  16947  0  0  212166  346335  0  1009  3165  53  33  0  0  2  5  11  832  182  115788  1469  33478  370271  0  485  1  5  2  
0  0  0  0  0  0  0  0  0  2  0  0  0  0  0  0  0  1  0  0  0  0  1  0  0  0  0  0  0  0  0  3  0  0  0  0  0  0  0  0  1  0  1  0  0  0  0  0  1  0  0  0  0  0  0  0  0  0  0  0  0  0  0  0  0  5  0  0  0  0  0  0  0  0  134  1  0  45  345  486  105  17  17  11  0  27  0  564  182  30  25  8139  100  7  7  0  878  32  276288  349144  96831  9  476  3  3  43  2  0  18  35580  0  0  42  0  21244  0  112  72  4081  3  689  396  6052  37  0  8454  41  338  0  152006  1143  3060  71  4  251  0  12  408  580  252  68154  262  2591  0  6  0  41623  29  
0  0  0  0  0  3  1  1  1  145  0  0  0  0  0  1  19  40  0  0  0  0  1  0  0  0  0  0  0  0  0  21  0  0  2  0  0  0  0  0  21  0  29  3  1  0  0  43  3  0  0  0  2  0  3  0  0  1  0  0  0  0  2  0  5  38  0  0  0  1  1  0  7  1  313  48  1  84  819  1387  1408  492  4105  2315  0  84  0  2473  612  112  528  66563  5394  99887  52  4  11697  462  370941  3568  1173306  165  5198  41846  26  258  10  0  601  101  0  0  97  0  73012  0  2490  2004  19925  28864  4608  4121  45595  549  1  23377  122  2062  148682  0  14219  317928  395  17  3028  2  101  1242  85551  7462  200150  939  15494  0  155313  2  100922  151  
0  0  0  0  0  0  0  0  0  5  0  0  0  0  0  0  0  1  0  0  0  0  1  0  0  0  0  0  0  0  0  8  0  0  0  0  0  0  0  0  3  0  0  4  0  0  0  0  1  0  0  0  0  0  0  0  0  0  0  0  0  0  0  0  1  0  0  0  0  0  0  0  3  0  5  51098  0  0  34  39  4  2  10  13  16616  9  0  332  28  4  308  2876  1041437  55806  57822  13174  2158  2  44  7  18272  0  2  1  0  45  11  1  62  3  186  14  6  0  18840  181523  464  296145  61  0  28  2762  13913  104  66463  1247  5  29  10  1019  0  190968  42909  30656  120472  0  2  15  34926  43  1000  50  85  0  16  2  97449  337  
0  0  0  0  0  0  0  0  0  6  0  0  0  0  0  0  0  1  0  0  0  0  0  0  0  0  0  0  0  0  0  11  0  0  0  0  0  0  0  0  3  0  1  1  0  0  0  3  0  0  0  0  0  0  0  0  0  0  0  0  0  0  0  0  0  3  0  0  0  0  0  0  1  0  15  1095  0  1  78  96  69  13  190  89  5107  31  0  843  90  7  274  6933  521298  395178  1152  31735  1759  15  28510  112  24035  1  47  278  1  34  8  0  68  5  247  0  22  0  35034  55  466  212713  556  64  183  1906  25727  86  212  3311  5  198  882  234567  183481  0  2174  3079  15088  0  3  74  213659  194  2309  153  496  0  20343  2  104820  150  
0  0  0  0  0  0  0  0  0  0  0  0  0  0  0  0  0  0  0  0  0  0  0  0  0  0  0  0  0  0  0  1  0  0  0  0  0  0  0  0  0  0  0  0  0  0  0  0  0  0  0  0  0  0  0  0  0  0  0  0  0  0  0  0  0  0  0  0  0  0  0  0  0  0  0  409746  0  0  0  0  1  0  0  1  1  0  0  1  0  0  7  18  319927  19  70365  5  3655  0  11  1  1109  0  0  0  0  0  207  0  434  0  36830  80814  0  0  2829  36  643  314  0  0  0  773  88  3927  491  4  0  0  1  55  38802  582  0  113521  43899  0  0  0  83  1  91  0  0  0  1  177556  100922  465  
0  0  0  0  0  0  0  0  0  0  0  0  0  0  0  0  0  0  0  0  0  1  0  0  0  0  0  0  0  0  0  1  0  0  0  0  0  0  0  0  0  0  0  0  0  0  0  0  0  0  0  0  0  0  0  0  0  0  0  0  0  0  0  0  0  0  0  0  0  0  0  0  0  0  0  130417  0  0  0  0  0  0  0  0  0  0  0  0  0  0  0  14  7601  9  383445  10  252  0  2  2  80  0  0  0  1  3  4  5  4567  0  652688  15982  0  0  230  1  10445  204  0  0  0  136  30  154858  42  2  0  0  0  11  26001  6367  13090  0  40443  0  0  0  27  0  2  0  0  0  0  151784  113216  21  
0  5  0  0  0  73  0  0  0  13  0  0  0  0  0  0  0  5  0  0  37  62  22  2  0  0  0  0  0  0  0  479  0  0  2  0  0  0  0  0  10  0  9  13  0  0  4  2  3  0  0  0  0  0  2  0  0  0  0  0  9  0  5  2  0  11  0  0  0  3  0  0  10  0  1  270090  0  0  0  121  0  1  3  6  5  0  0  2  1  0  57  524  41711  3707  760708  403182  547667  23  332  591  9893  0  0  1  28  2072  9  0  2306  27  102220  2019  0  0  3899  896  3952  111596  11  0  70  801  332  124864  120077  18  0  0  37  1080  225368  13195  80307  68185  0  0  34  5  2756  333  577  3  6  0  4  5442  95530  206  
0  0  0  0  0  0  0  0  0  0  0  0  0  0  0  0  0  0  0  0  0  0  0  0  0  0  0  0  0  0  0  0  0  0  0  0  0  0  0  0  0  0  0  0  0  0  0  0  0  0  0  0  0  0  0  0  0  0  0  0  0  0  0  0  0  3  0  0  0  0  0  0  0  0  68292  0  0  0  61862  496  142  0  0  0  0  1  88997  300828  203777  18  0  20  0  0  0  0  0  114601  3  7  0  0  2  0  0  2  0  0  0  0  0  0  95203  0  4  0  0  0  10  0  166  0  80  0  0  217923  215947  50  12  13  1  0  0  0  0  0  8  126327  0  51  3  10  93  0  0  0  0  0  
0  0  0  0  1  22  0  0  1  28  0  0  0  0  1  0  1  9  0  0  62  14  34  1  0  0  0  0  0  0  20  645  0  0  1  0  0  0  0  0  14  0  11  8  1  0  5  5  4  0  0  0  0  0  2  0  0  0  0  0  13  0  4  3  2  89  0  1  0  50  0  0  5  0  3151  8  0  6  20  159095  1  0  3  9  0  5  1  71  6  48  98  38353  16  0  159  546  115721  754210  9  5  457  0  22  0  457042  156603  3  0  105  1  0  0  56  0  1037  0  116  68  122  0  105461  211  203  17  0  37  2  9  39  183  401  65  14  0  321  3  0  99980  68  2967  273  3  9  104975  2  0  74  26  
2  0  0  0  0  23  0  0  3  1  0  0  0  0  10  3  0  1  0  0  8  1  10  0  0  0  0  0  0  0  0  25  0  0  0  0  0  0  0  0  1  0  4  0  0  0  1  0  1  0  0  0  4  2  0  0  0  0  0  0  2  0  0  0  0  72  0  0  0  2  0  0  0  0  15313  1  0  0  510  174607  151  0  2  1  0  7  35424  41831  31  47  2  1114  0  0  21  42  323  911854  12  5  12  0  12  0  1521  8635  0  0  2  1  0  0  165256  3  38  0  5  4  72  1  64259  5  19078  0  0  14509  71  311  22  131  7  5  0  0  32  164197  133224  0  3  1605  27  87  46  15  0  0  2  1  
0  0  0  0  0  0  0  0  2  13  701  0  0  0  0  0  3  1  0  328  0  1  1  0  0  0  3  0  0  728  0  4  0  0  1  0  0  0  0  0  2  0  2  1  0  0  0  4  1  0  0  0  0  0  1  0  0  0  0  0  0  0  0  0  7  4  0  0  0  0  0  0  0  0  6  246  0  3  40  107  1129  296  39429  24157  292916  4  0  258  34  59  305  21291  1684  430282  79  1023  3407  90  781  173  84353  0  302  457969  8  53  1  0  117  9  0  0  8  0  27672  21  1069  759490  4449  115  1010  1522  37381  25  10  1110  4  274  145  79540  38195  241955  347  18  1641  0  20  27  0  3736  22615  68  945  0  50063  0  3443  54  
24  0  0  0  10  7469  18120  1928  21221  52705  2  1  0  0  114  84  332  2366  2  0  8  2  62  13  0  4  13  3  0  156  219  11120  7  0  30  1  0  0  0  0  1717  1  398  120  24  2  18  1173  169  0  7  17  69  45  45  11  9  8  1  0  17  1  182  6  321  156500  47  7  21  2405  16  0  528  22  1567  11  0  17  366  483238  309867  175694  474524  207943  0  59  0  686  608  2841  74  25571  99  1  37  235  7606  1836  115  146  19937  1  2786  1714  1250  145700  7  0  149  38  0  0  143  0  21532  0  5575  3916  15637  2286  3134  2757  10437  39  1  5382  104  29958  558  18145  1637  1122  129  3  1116  19  521  1638  9779  0  7013  6866  18374  134  29520  0  785  206  
0  0  0  0  0  0  0  0  1  5  0  0  0  0  0  0  0  2  0  0  0  0  0  0  0  0  0  0  0  0  0  7  0  0  0  0  0  0  0  0  1  0  1  0  1  0  0  2  0  0  0  0  1  0  0  0  0  0  0  0  0  0  0  0  1  16  0  0  0  0  0  0  1  0  42  7  114750  48469  107  452  761  401  3208  2366  0  336  0  394  85  685  166  27419  145  1  7  2  4596  370  753  471555  336292  731968  3431  5343  16  100  0  0  196  1551  1  0  15  0  22759  0  479  1399  632895  254933  2100  409  12460  3  0  3185  15  832  114498  266042  3700  2011  32  4  96  1  41  165  4665  14811  0  243  11276  0  181294  0  166  3  
0  0  0  2  0  62  69  0  9  0  0  0  0  0  39  4  0  2  0  0  0  0  0  0  0  0  0  0  0  1  0  0  0  0  0  0  0  0  0  0  0  0  0  0  6  0  0  0  9  0  0  5  26  2  0  1  0  0  0  0  0  0  0  0  0  1673  0  0  1  0  2  0  0  0  851  0  0  123342  1143  13919  12617  79  15  23  0  217726  47  1643  247463  1011  11  3041  5  0  0  0  25  59  628  588  10  2  688690  5  1  9  0  0  2  136  0  0  463  231  689  0  4  1  198873  2  597  10  247382  0  0  378491  3709  60007  1126  2297  47  22  1  0  0  8  4  698  20  43370  470  0  45156  0  3  0  1  0  
0  0  0  0  0  2  9  0  1  2  0  0  0  0  4  3  0  1  0  0  0  0  0  0  0  0  0  0  0  0  0  1  0  0  0  0  0  0  0  0  0  0  0  0  1  0  0  1  0  0  0  0  4  0  0  0  0  0  0  0  0  0  0  0  0  118  0  0  0  0  0  0  0  0  181  0  0  418  363  3605  17895  13024  1394  1760  0  67  0  197  218309  247476  113  15834  10  1  0  0  532  55  1049  2163  17221  123  901493  41  2  47  0  0  28  536  0  0  39  0  3208  0  94  48  306487  22279  815  382  16158  1  0  7969  1056  451952  4410  24479  391  345  4  0  4  6  28  453  598  100934  35143  14742  0  0  1595  0  25  3  
2  0  0  0  0  322  0  0  0  0  0  0  0  0  0  14  0  0  0  0  0  0  0  0  0  0  0  0  0  0  3278  1446  0  0  0  0  0  0  0  0  0  0  0  0  0  0  0  0  0  0  0  0  0  0  0  0  0  0  0  0  0  0  0  0  0  38  0  0  0  7464  0  0  0  0  49350  0  0  0  5450  246465  0  0  0  0  0  0  0  0  0  146592  0  217  0  0  2  3  14  96640  0  0  0  0  1  0  290595  17665  0  0  0  0  0  0  0  0  4  0  1  0  8  0  177  2  3  0  0  0  0  1  0  1  2  0  0  0  5  0  82633  10  0  747  8  1  1  0  0  0  0  0  
0  0  42  0  0  0  0  3  8497  2  1  0  0  0  0  0  0  1  0  0  0  0  0  0  0  0  5747  0  0  13488  0  0  0  0  0  0  0  0  0  0  0  0  1  0  0  3410  0  0  0  0  0  0  0  0  0  0  0  0  0  0  0  0  0  0  0  88  0  0  0  0  15262  0  0  0  1  0  1973  1  1  22  911  443  244268  7593  0  1  0  7  3  130  11  2654  9  1090  0  16  210  19  35  10  246343  0  742  689453  1  10  0  0  18  1  0  0  0  0  3194  0  84  327  21950  201313  309  42  1128  1  0  46  0  1126  19  172876  264  10262  9  0  5  0  2  3  28961  7149  214724  10  994  0  0  0  68  0  
0  0  0  0  0  0  0  0  0  0  0  0  0  0  0  0  0  0  0  0  0  0  0  0  0  0  0  0  0  0  0  0  0  0  0  0  0  0  0  0  0  0  0  0  0  0  0  0  0  0  0  0  0  0  0  0  0  0  0  0  0  0  0  0  0  0  0  0  0  0  0  0  0  0  0  109752  0  0  0  0  0  0  0  0  0  0  0  0  0  0  4  6  820  0  37  0  6216  0  7  7  15  0  0  0  0  2  428  12  3658  0  737744  1079343  0  0  1717  0  170326  1  0  0  0  1019  5  100173  0  0  0  0  0  22  112  110  267944  263940  15758  0  0  0  7  1  2  0  0  0  0  0  350908  947  
0  0  0  0  0  15  0  0  0  31  0  0  0  0  0  0  0  5  0  0  2  0  1  2  0  0  0  0  0  0  0  59  0  0  0  0  0  0  0  0  24  0  1  15  0  0  0  4  2  0  0  0  0  0  4  0  0  0  0  0  1  0  0  1  1  5  0  0  0  1  0  0  7  0  0  3064  0  1  13  42  5  2  16  43  0  4  0  69  9  1  1445  3327  427786  2  3535  33  98359  37  831347  216002  44404  0  10  0  3  412  2689  784154  111747  82838  56694  859962  1  0  86028  1  119623  1968  98  0  36  279338  3894  224678  30  250  1  15  14768  42614  160918  169413  184613  97419  169599  0  10  7  7091  258  2182  15  57  0  25  114102  0  117754  
0  0  0  0  0  6  0  0  0  35  0  0  0  0  0  0  1  7  0  0  1  0  1  0  0  0  0  0  0  0  0  29  0  0  0  0  0  0  0  0  61  0  2  16  0  0  0  16  1  0  0  0  0  0  9  0  2  0  0  0  0  0  0  0  6  4  0  0  0  0  0  0  6  0  0  27  0  9  2  29  2  3  11  13  0  1  0  3  2  0  1137  4329  42  0  4  2  14816  8  861  3463  2916  0  0  2  4  238  180292  197180  21041  280713  9  12  0  0  115123  0  3120  193  13  0  20  330556  491  4048  0  22  0  0  10  816  2293  395  153  28  492  0  1  0  696  195  263  4  20  0  7  66  171692  0  
