0  0  0  0  353537  4735  175  1  0  140  2  0  1  30  140646  4044  14  143  0  0  0  52  324  368918  0  0  0  0  0  0  57898  520  0  79  1795  0  1  3  0  0  0  0  413  12  1  0  28  71  0  1  78  1903  102257  5  0  0  0  0  0  14  91  1753  622  9985  1  31560  0  1  0  9283  0  1  1  0  3329  1  0  0  4540  964  1  0  2  4  0  0  15  3  2  4511  0  8  1  2  1  1  59  289  0  0  1  0  0  2  214  132  0  0  8  0  1  0  1  0  9  7  8  30  2  0  3  1  1  4  21  1  0  0  0  1  2  1  0  0  10  37  5  13  3  22750  1  0  1  942  0  1  2  0  
4  0  0  1  1  0  0  0  0  134  593  0  1  9  0  1  1  8  472088  8393  210584  53034  17  13  288  0  453  0  5  30  0  3  0  292  29  0  26091  1082  0  0  0  223140  25  1604  43  0  0  29  0  36  227008  0  0  0  2  2700  102204  43540  220017  76448  84142  33  36  0  1851  77  4  0  0  0  0  2765  307  0  0  0  0  0  0  0  0  0  0  0  1  0  0  0  0  0  0  0  0  0  0  4  0  0  0  0  0  0  0  1  0  2  0  0  0  0  0  0  0  0  0  2  0  6  0  0  0  0  0  0  0  0  0  0  0  0  0  0  0  0  0  0  0  0  0  4  0  0  0  0  0  0  0  0  
0  0  0  140  0  0  36  84223  2  2  6  250  0  47  9  227050  323  367  1  1  0  0  2  0  2  58  123687  165354  124282  114800  0  0  0  11  18  2  8  119  0  5  703  0  0  2  178460  468929  0  652  652  0  0  41  0  18  5  10498  1  0  3  7  0  5  0  0  27  11  98212  292  66  0  2506  27  61  4  0  0  106  1  0  0  15  92  0  0  7  0  0  0  0  417  1  1  0  0  0  1  1  0  0  0  2  1  14  2073  0  0  0  0  0  0  0  0  0  0  0  0  0  4  89  8  0  0  3  0  0  0  0  1  0  0  0  1  0  0  1  0  0  0  7  10  3  0  42  0  1633  0  0  0  
0  4  429  0  0  0  92  543  0  7  1  176477  2  356  31  7393  16782  1964  178  2  14  0  0  0  889  303395  94  169521  170065  32  0  0  1749  1446  1  1224  701  3275  0  119  160946  2  0  41  164335  600  0  6016  441870  0  0  136  0  78  4874  9258  199  14  4750  779  0  8  0  0  24  7  45864  37201  327  0  0  1508  2188  80  0  0  3  1  0  0  0  8  0  0  0  0  0  0  0  73  8  0  0  0  0  0  0  0  0  0  0  0  0  0  0  0  0  0  0  0  0  0  0  0  0  0  0  0  5  1  0  0  4  0  0  0  0  0  0  0  0  0  0  0  0  0  0  0  0  0  0  0  4  0  0  0  0  0  
267490  0  0  0  0  14463  69  1  0  27  0  0  4  114  117362  202454  1  3  0  0  0  2  5  17261  0  0  0  0  0  0  35572  43  0  2  41  0  0  0  0  0  0  0  12  2  0  1  0  0  1  0  5  860  76025  114  0  0  0  0  0  2  5  1439  22  17  0  38937  0  0  0  3317  0  0  0  0  501  0  0  0  11731  11666  83  0  0  2  0  0  35  4  5  13759  1  2  0  0  0  2  11  85  0  0  2  0  0  0  19  15  0  0  2  0  0  0  1  0  2  3  1  4  0  1  0  0  1  1  2  1  1  0  0  1  0  1  0  1  0  90  0  2  0  776  0  0  0  346  0  0  0  0  
14278  0  0  0  14391  0  312973  2405  1  126  0  0  3  2343  3132  764454  195  1118  0  0  0  1  299  5391  0  0  0  0  0  11  8845  57297  0  3  760  0  0  0  0  1  0  0  39  4  2  4  652  60  1  0  3  109  37  5  0  0  0  0  0  2  1  3150  8043  151  1  279338  0  0  0  241349  23  0  0  0  37  0  0  0  1195  193858  7224  90  0  0  0  0  49  40  4  4725  3  28  0  0  1  0  20  146  0  0  0  0  0  0  375  2572  0  0  1  0  0  0  5  0  0  1  1  3  0  0  0  1  5  0  0  9  2  0  0  0  0  0  0  0  0  98  5  0  0  26292  0  0  0  1438  0  0  0  0  
129  0  9  5  490  276198  0  150286  16  70  0  1747  0  3193  1526  501779  16  2618  0  0  0  0  1  85  0  2  0  3  57  166  82  29  0  0  5  0  0  2  0  210  3  0  2  27  83  53  0  0  1078  0  1  403  15  410  0  0  0  0  0  0  0  1796  3  0  33  198953  18  4258  8  470  280  3  4  0  2  0  3  21  6  1585  3102  1558  11  0  0  42  2  32  0  1094  92  127  0  0  1  0  2  2  0  0  0  0  7  0  0  3  0  0  1  0  2  0  1  11  7  0  1  5  17  5  0  0  377  2  0  18  0  35  0  0  0  1  0  0  1  11  0  0  1  355  0  1  0  0  4  1  0  0  
5  0  81572  218  6  594  139229  0  72932  542  1  78  0  483  114  316886  256  1337  0  0  0  0  0  4  0  0  0  0  629  9483  1  4  0  0  1  0  0  0  0  12  2  0  1  176  302  216541  0  5  102  0  1  94  0  9  0  0  0  0  0  0  0  127  0  0  1555  171353  14  213  5  4  34637  0  2  0  0  0  277  36  0  86  622  3664  370  7  0  12  0  0  1  2616  91  42  0  4  0  0  4  0  0  0  3  2  62  37  0  1  0  0  1  0  0  0  0  4  7  0  0  19  179  85  0  0  182  1  0  1  0  6  0  5  0  4  0  0  0  1  1  0  6  887  2  2  223  1  389  0  0  0  
0  0  4  0  0  3  32  122104  0  108762  6  0  0  0  0  612  0  0  0  0  0  16  0  0  0  0  12  0  0  107748  0  0  0  1  0  0  0  15  0  0  1  0  0  725  0  40943  0  1  0  0  0  0  0  0  0  5  0  0  0  0  0  0  1  0  12222  201638  0  0  0  0  313319  4  38  1  0  0  1  0  0  0  3  539  7745  4133  0  0  0  0  0  18  0  0  1  1  0  0  3  0  0  0  1  0  0  13  0  0  0  0  0  0  3  0  0  0  1  0  0  261  0  14  0  1  0  3  0  0  0  0  0  25  2  0  0  0  1  0  0  0  10  10727  0  0  0  0  1327  3  2  0  
631  62  0  3  105  59  23  263  50601  0  37  1  2  5  3  23  108  7  2  66  403  39314  60695  348  2  8  320  0  3  94769  22  8357  0  471  2369  1  630  3494  0  0  2  174  4232  399658  12  36  0  237  2  241  88  0  0  1  3  186  21  8  3  549  26242  119  324  31  19414  350009  2  5  1  2  2299  1292  1752  5  17  12  4  0  11  33  5  4  664  57538  21  1  0  0  0  18  5  9  22  107  89  44  849  5  0  0  26  2  0  47  12  85  0  53  44  2  20  45  0  1  8  89  85  17284  5  3  1  50  5  92  180  0  0  0  0  19  23  35  0  86  6946  1  14  1  123  293339  1  0  0  1  0  65  412  0  
1  356  5  0  2  1  0  10  2  583  0  0  0  3  0  13  0  1  55  779280  537  62126  8  4  5  3  487  0  18  81972  0  2  0  47  14  0  1186  10994  1  0  0  52881  6  1112804  67  6  0  24  0  6  33  1  0  0  3  684  57  890  15  424  1239  18  31  0  758509  265  8  1  3  0  990  2731  1221  0  0  0  2  0  0  1  0  0  1957  45  16159  0  0  0  0  21  0  0  0  0  0  4599  0  0  0  0  0  0  0  16654  0  1  0  0  0  0  0  0  0  0  0  3  0  1155  0  0  0  0  0  0  0  0  0  0  0  0  0  0  0  0  2  0  0  0  31507  37  0  0  0  0  578  0  0  0  
0  0  185  162072  0  0  14265  292  0  1  0  0  3  266869  978  14514  425  23792  0  0  0  0  0  3  47  307  0  16  16454  7  0  0  96  747  2  4  5  237  1267  164023  1925  0  0  5  3361  231  2  487  536234  0  0  189648  0  2651  242  37  0  0  33  3  0  224  0  0  4  3  970  489061  1053  0  2  82  351  0  0  0  3  3  0  0  15  3  0  0  0  2  0  0  0  39  2  3  0  0  0  0  0  0  0  0  0  0  0  0  0  0  0  0  0  0  0  0  0  2  0  0  0  0  0  0  0  0  15  0  0  1  0  1  0  0  0  0  0  0  0  0  0  0  0  0  0  1  2  0  0  0  0  0  
42  3  0  1  20  2  2  0  0  13  2  0  0  73132  0  7  899  53672  1  6  1  161  51  170702  0  0  1  0  0  3  54  10  0  788  2127  0  15  7  118734  0  0  24  35  122  3  2  62693  2153  244  0  290  0  0  0  0  1  2  0  0  15  131  34114  464  112  3  36  3  0  0  0  1  15  13  0  0  0  0  0  0  4  1  0  0  0  0  0  0  2  0  0  0  0  0  0  0  0  3  2  0  0  0  0  0  0  0  5  0  0  0  0  0  0  0  0  0  0  0  0  0  0  0  0  0  0  0  0  0  0  0  0  0  0  0  0  0  2  0  0  0  8  0  0  0  0  0  0  0  0  
23  3  11  25  59  264  5809  281  0  46  9  174063  44851  0  14742  13297  195  28218  1  24  0  99  1  2327  0  0  0  2  310  15  0  0  0  2667  892  0  14  5  200760  217324  3  18  10  238  274  19  1012  808  169754  0  231  247351  14  300  1  1  0  0  0  9  54  135995  2  4  26  170  68  10263  190  3  11  15  13  0  1  0  0  0  0  14  19  2  0  0  0  11  9  37  4  65  1  36  0  0  0  0  2  1  0  0  0  0  0  0  0  0  0  0  1  0  0  0  3  11  2  1  0  2  0  0  0  1  26  0  0  15  0  0  0  0  0  0  0  1  0  21  0  0  0  49  0  0  0  0  0  0  1  0  
125847  0  4  3  126057  1126  2614  73  0  1  0  3731  0  15026  0  410276  0  55  0  0  1  1  1  42844  0  2  0  3  132426  1  17  1  0  0  5  0  5  5  0  654  0  0  1  0  508  19  0  0  62  0  0  867388  832049  591456  0  4  0  0  11  1  0  149749  0  1  0  955  55  172467  104452  58  0  5  0  0  12  0  0  0  12  155  13  1  0  0  1  4  68  54  18  241  1  31  0  1  0  0  1  30  0  0  0  0  0  0  0  1  0  0  0  0  0  0  5  6  1  1  0  3  0  0  0  0  8  0  1  10  1  2  0  0  0  0  0  0  0  170  0  1  0  560  0  0  0  0  0  0  0  0  
5439  0  220875  1067  231202  533486  467407  377776  309  42  2  6012  4  15260  406575  0  754  9981  0  2  0  1  6  1697  4  14  4  7  102946  269  45882  76  0  2  20  0  7  30  0  3219  27  0  10  19  4502  18040  3  4  4494  0  1  11677  10717  887015  15  19  0  0  25  2  0  11933  14  2  10  55024  529  15644  90195  68524  6854  26  10  0  141  0  74  26  2389  72659  1539  1514  42  1  0  48  62  26  23  31124  98  104  0  2  0  0  9  142  0  0  2  0  55  37  10  20  0  0  4  0  4  0  5  24  10  1  4  18  102  77  0  2  425  1  3  5  0  41  0  4  1  5  0  0  0  201  0  0  3  1176  4  0  179  296  311  1  0  0  
163  3  411  25395  35  376  75  117  4  166  6  1834  2597  231  7  1414  0  284774  1  35  0  52  60564  5305  2  120  42  500  1000  314  587  1398  700  537  71777  76  11  125  19  3  60260  43  401  259  8207  2792  174  391685  161770  0  121  28  0  25  9  258  4  0  5  13  13  977  39630  375  36  904  5701  163  186  272  22  34  140  79  2  0  0  0  1  28  0  4  0  0  0  2  0  0  0  11  0  0  0  0  0  0  21  0  0  0  2  0  0  3  4  154  0  0  0  0  0  0  0  0  1  0  0  1  1  0  0  0  0  0  0  0  0  0  0  4  0  0  0  0  1  0  5  0  1  39  0  1  2  0  0  1  0  0  
817  0  235  1939  116  3783  3507  193  0  25  6  29456  49745  21950  54  6357  202837  0  0  14  0  44  15835  61581  0  15  10  119  757  47  1165  1518  26  3228  8259  3  11  70  46569  32  7948  30  78  178  3130  655  204109  15538  380678  0  133  179  1  211  3  76  0  2  4  5  32  7186  82942  8657  17  3806  1779  57  114  2011  5  11  116  0  0  0  1  0  0  69  13  3  0  0  0  4  0  1  0  46  3  13  0  0  0  0  3  0  0  0  0  0  0  0  0  42  0  0  0  0  0  0  0  2  0  0  0  1  0  0  0  0  14  0  0  0  0  0  0  1  0  0  0  0  0  0  1  0  0  52  0  0  1  0  0  0  1  0  
0  445505  0  24  0  0  0  0  0  47  153  1  0  0  0  0  0  0  0  58150  19637  1221  1  0  300830  124  7197  9  33  268  0  0  0  4  1  1  2296  10715  0  0  26  259848  1  1786  398  0  0  1  11  4  589  1  0  0  2207  180149  1292333  628195  232149  13199  3445  0  1  0  45471  38  143  2  1  0  0  1105  270479  0  0  0  0  0  0  0  0  0  0  0  0  0  0  0  0  0  0  0  0  0  0  0  0  0  0  0  0  0  0  0  0  0  0  0  0  0  0  0  0  0  0  0  0  0  0  0  0  0  0  0  0  0  0  0  0  0  0  0  0  0  0  0  0  0  0  4  0  0  0  0  0  0  0  0  
1  3533  0  1  0  0  0  0  0  122  675193  0  0  3  0  0  0  4  34031  0  4916  1384  0  1  38  1  53034  0  22  553  0  7  0  20  4  0  4594  6207  0  0  0  184537  2  232643  89  0  0  9  0  22  541  0  0  0  3  49544  2525  341734  60  1932  7318  11  19  0  302310  51  13  5  6  0  6  5529  611  0  0  0  0  0  0  0  0  0  0  0  250  0  0  0  0  0  0  0  0  1  0  10  0  0  0  0  0  0  0  47  0  0  0  0  0  0  0  0  0  0  0  0  0  4  0  0  0  0  0  0  0  0  0  0  0  0  0  1  0  0  0  0  0  0  317  7  0  0  0  0  0  0  0  0  
0  294538  0  1  0  0  0  0  0  185  639  0  0  0  0  1  0  0  6480  3816  0  2333  73318  1  48  3  1366  2  49  40  0  0  0  78  68  0  80428  1484  0  0  1  622  2372  1209  211  0  0  0  0  259941  44257  0  0  0  7  8566  6896  7253  34991  421900  744837  2  2  0  2061  130  35  1  3  0  0  1753  48  0  0  0  0  0  0  0  0  0  0  0  5  0  0  0  0  0  0  0  0  0  1  4  0  0  0  0  0  0  0  0  0  0  0  0  0  0  0  0  0  0  0  1  0  14  0  0  0  0  0  0  0  0  0  0  0  0  0  1  0  0  1  0  0  0  0  10  1  0  0  0  0  0  0  0  
76  39412  0  0  56  3  3  0  4  27008  69825  0  14  36  6  7  32  18  505  1515  684  0  115386  128  1  0  0  0  0  117180  1  56  0  1823  2170  0  1896  1585  0  0  0  271305  1665  992455  5  1  1  147  0  104  353283  0  0  0  0  4  36141  101  1  1830  830852  442  577  4  38413  293  0  0  0  1  0  4055  718  0  0  0  0  0  0  0  0  0  1445  402  3306  0  3  0  0  0  0  0  0  0  1  206  3  1  0  0  0  0  0  10641  0  0  0  1  0  0  0  0  0  0  0  306  1  4534  0  0  0  0  1  1  3  0  0  0  0  1  0  0  0  0  3  3  0  0  9757  186  0  0  0  0  1  1  0  0  
2323  61  0  0  181  347  1  0  0  29527  3  0  401  2  6  3  77033  14998  0  27  59329  83256  0  4406  0  0  7  3  4  7  307  4566  0  289  172151  0  571  8  0  0  0  7  263569  84863  7  8  10  45199  0  90555  34  0  0  0  0  4  0  9  0  342  410556  52  77406  670  21  2582  3  0  0  97  0  10  10  0  3  0  0  0  2  231  4  1  0  0  0  0  0  0  0  4  0  0  0  0  0  0  64  0  0  0  0  0  1  0  15  265  0  0  2  0  0  0  0  0  0  0  2  14  6  0  0  0  0  0  4  0  0  0  0  0  0  1  0  0  20  0  11  0  0  289  2  0  1  0  0  0  2  0  
336913  5  0  0  16716  6648  62  0  0  121  5  0  187037  8939  42075  1331  5156  90380  0  15  2  829  2932  0  1  0  1  0  0  4  122881  2286  0  1265  39346  0  36  34  2130  0  0  46  1324  338  6  4  166943  9384  26  3  1357  65  27  2  1  4  1  1  0  146  966  114785  402577  961228  14  14713  4  0  0  9277  1  30  19  0  1236  0  4  0  438  5030  1  0  0  0  0  0  41  11  13  550  0  0  0  0  0  1  51  166  0  0  0  0  0  0  1705  431  0  1  4  0  0  0  3  0  5  4  2  6  2  0  1  0  3  0  2  0  0  0  0  1  0  1  0  1  1  100  224  1  0  22787  2  0  0  335  0  0  1  0  
0  71  1  312  0  0  5  1  0  2  10  170  0  12  11  125  0  1  279736  25  409  0  0  0  0  211872  6104  98  717  17  0  0  0  53888  0  78  3293  13163  0  5  825  1  0  36  2152  0  0  1  171  0  0  88  0  10  502238  936201  18747  33017  20114  2030  2  0  0  0  261  5  4154  269  13  0  0  4113  1292987  0  0  0  0  0  0  0  0  0  0  0  0  0  0  0  0  0  0  0  0  0  0  0  0  0  0  0  0  0  0  0  0  0  0  0  0  0  0  0  0  0  0  0  0  0  0  0  0  0  0  0  0  0  0  0  0  0  0  0  0  0  0  0  0  0  0  0  0  0  0  0  0  0  0  0  
0  7  17  310052  0  0  16  4  0  6  6  811  0  46  14  152  780  17  179  4  43  0  0  0  187360  0  71420  35882  2113  16  0  0  332  70382  1  345545  744  2884  0  35  459083  0  0  27  5330  18  0  129  18380  0  5  54  0  11  456198  169514  203  11  5059  779  1  4  0  0  15  5  664862  1682  13  0  0  1357  17106  875  0  0  0  0  0  0  0  0  0  0  0  0  0  0  0  0  0  0  0  0  0  0  0  0  0  0  0  0  0  0  0  0  0  0  0  0  0  0  0  0  0  0  0  0  0  0  0  0  0  0  0  0  0  0  0  0  0  0  0  0  0  0  0  0  0  0  0  0  0  0  0  0  0  0  
2  91  145019  20  0  0  4  2  43  1118  262  26  1  3  3  19  50  11  10817  51439  831  0  0  4  1341  24924  0  25692  330  671380  0  5  5  130  3  12  497  4965  0  0  181  2  1  2226  2096  1217  0  343  70  0  4  6  0  0  286  1772669  1404  455  177  665  43  12  26  0  179988  2640  629170  33  63  0  219  1040  1377  15  2  0  0  0  2  1  1  0  3  21  0  0  0  0  0  1  0  0  4  3  2  2  16  1  0  0  3  0  0  7  0  0  0  9  4  0  9  4  0  0  5  1  2  39  0  0  0  4  0  7  4  0  0  1  0  39  6  0  0  2  3  0  0  0  11  242  0  0  0  0  0  11  24  0  
0  2  147138  253426  0  0  0  0  0  0  0  34  0  4  0  7  72  14  36  0  5  0  0  0  24  39875  22072  0  6714  55  0  0  0  1  5  0  173  123  0  0  91  0  1  0  969618  30833  0  164  100  0  3  2  0  0  39  1280  40  0  887  400  0  1  2  0  0  0  1228778  8  8  0  0  88  25  0  0  0  0  0  0  0  0  0  0  0  0  0  0  0  0  0  0  0  0  0  0  0  0  0  0  0  0  0  0  0  0  0  0  0  0  0  0  0  0  0  0  0  0  0  0  0  0  0  0  0  0  0  0  0  0  0  0  0  0  0  0  0  0  0  0  0  0  0  0  0  0  0  0  0  
0  3  132807  158487  1  1  334  651  0  2  1  12132  0  522  133460  122759  198  722  16  3  39  1  0  1  117  424  237  13913  0  22  0  1  0  4  2  3  577  590  0  412  234  0  0  6  1500018  1982  0  15  897  0  1  29161  2  2842  393  742  14  3  702  526  0  220  0  0  6  7  13735  354653  676452  0  1  537  215  0  0  0  12  3  0  0  6  33  0  0  0  0  0  0  0  105  8  4  0  1  0  0  1  0  0  0  0  2  4  0  0  0  0  0  0  0  0  0  0  0  0  0  0  7  37  1  0  0  10  0  0  0  0  2  0  0  2  2  0  0  1  0  1  0  1  1  2  0  19  0  0  0  0  0  
2  2  131547  4  2  8  85  6471  116861  110137  48835  30  0  10  2  2012  271  32  2  521  6  46405  2  1  4  23  493530  183  10  0  0  2  5  223  20  35  175  4608  0  1  342  1  7  67000  86  428161  0  1346  133  0  1  3  0  0  27  38245  1  14  11  42  30  4  25  0  866624  14456  521  25  2  0  718048  836  1922  41  3  0  77  0  1  0  4  21  23040  287  1021  0  0  0  0  765  1  0  7  7  1  2  27  2  0  0  82  1  0  7536  0  0  0  13  7  0  22  2  0  0  14  2  1  118  0  44  0  14  1  24  3  0  0  0  1  214  15  4  0  9  6  0  0  0  1327  1585  3  0  1  0  4521  45  61  0  
73932  0  0  0  44708  31399  6  0  0  45  0  0  335  0  7  42503  2128  484  0  0  0  2  984  117861  0  0  0  0  0  1  0  149253  0  4  1750  0  0  0  1  0  0  0  41  2  0  1  184  884  0  0  2  0  1  0  0  0  0  0  0  0  1  9  475229  807  0  58848  0  0  0  343560  0  0  0  0  878  0  0  0  404  40297  0  0  0  1  0  0  1  0  0  10158  28  1  0  0  0  0  205  930  0  0  0  0  0  0  56819  26377  0  0  64  0  1  0  0  0  0  0  22  5  0  0  0  1  0  0  1  0  0  0  0  0  2  0  0  0  0  3  909  3  0  6754  2  0  0  32224  0  0  0  0  
7046  4  1  0  238  53365  9  0  1  21325  5  0  229  5  1  16  3577  1695  0  21  0  20  5484  6155  0  0  7  0  1  39  172661  0  0  27  5967  0  9  8  0  0  0  9  801  275  3  7  596  2085  0  0  21  0  0  0  0  5  1  1  0  6  11  52  287456  907  45  115966  3  0  1  33724  0  11  13  0  31  0  0  0  19  3599  2  1  0  4  1  0  1  2  0  31  17  2  2  6  0  0  879  98  0  0  6  2  0  6  2268  40630  0  1  50  0  0  0  0  0  1  12  31  42  4  1  0  0  3  1  4  0  0  0  0  2  7  4  0  2  3  0  314  0  1  10662  0  0  1  15  0  0  2  0  
0  0  6  3033  0  0  0  0  4  41  3  736  0  4  0  1  3778  642  0  5  0  0  0  0  0  2834  32  0  0  191  0  0  0  181034  2  4595  0  5  0  0  139212  0  0  43  0  5  0  257696  2131  0  0  0  0  0  0  80  0  0  0  0  0  1  0  0  26  75  5  0  0  0  5  0  264  271234  0  0  0  0  0  0  0  0  0  0  0  0  0  0  0  0  0  0  0  0  0  0  0  0  0  0  0  0  0  1  0  0  0  0  0  0  0  0  0  0  0  0  0  0  0  0  0  0  0  1  0  0  0  0  0  1  0  0  0  0  0  0  0  0  1  2  0  0  0  0  0  0  0  0  
184  103  24  3866  92  5  6  1  18  1956  267  1923  199  4201  5  17  1205  7568  4  594  28  4349  30  548  62385  81740  300  1  10  1447  0  22  112895  0  271200  222481  419  76492  9  4  19642  1300  172687  7556  23  18  5  159870  704  3066  9838  4  0  1  138  458  72  12  11  7296  11096  862  238  18  1923  3231  26  287  0  1  52  3373  828146  56911  2  0  0  0  2  3  0  0  3  9  0  0  0  0  0  0  0  1  1  1  0  0  6  0  0  0  3  0  0  3  0  0  0  7  1  0  7  2  0  0  3  3  1  32  0  0  0  4  0  3  7  0  0  0  0  20  5  1  0  1  1  0  1  1  7  225  0  0  0  0  0  3  23  0  
6633  16  0  0  1695  186  2  1  0  742  13  1  721  2606  16  22  81794  9202  0  47  5  966  167344  15596  0  0  6  7  1  24  126  3199  0  268258  0  0  114  141  15  0  4  174  270479  1104  48  19  255  276945  3  1132  1919  1  0  0  0  13  11  0  0  1655  2465  3041  21880  1577  37  1213  32  0  0  58  1  101  622  0  8  0  0  0  7  102  0  0  0  0  0  0  3  1  0  6  0  1  0  0  0  0  79  2  0  0  0  0  0  0  6  104  0  0  2  0  0  1  0  0  0  1  3  10  0  0  0  0  0  1  1  0  0  0  0  1  0  0  0  0  13  3  13  0  0  211  0  0  0  3  0  0  0  0  
0  0  13  4555  0  0  6  1  0  40  0  307  0  26  0  23  528  13  1  1  1  0  0  0  42  417517  41  2  597  289  0  0  1201  216161  0  0  8  101  0  9  576860  0  0  43  585  10  0  219  1787  0  0  5  0  0  15145  334  6  0  53  8  0  0  1  0  30  55  2485  495  1  0  8  16  23038  120702  0  0  0  0  0  0  0  0  0  1  0  0  0  0  0  0  0  0  0  0  0  0  0  0  0  0  1  0  0  2  0  0  0  0  0  0  0  0  0  0  0  0  1  0  0  0  0  0  0  0  0  0  0  0  0  1  0  0  0  0  0  0  0  0  1  5  0  0  0  0  0  1  0  0  
6  15850  1  50  5  0  0  0  0  873  719  8  1  6  9  34  2  5  1202  5906  70672  6091  105  8  813  199  213  75  602  124  0  6  0  374  127  0  0  89928  0  0  120  2760  315943  14956  9365  1  0  17  15  334289  33287  51  0  1  1821  1741  1315  1015  148506  458206  16183  52  60  0  507  1156  780  32  148  0  1  930479  755  0  0  1  0  0  0  0  0  0  0  0  0  0  0  0  0  0  0  0  0  1  3  0  0  0  0  0  0  0  0  0  0  0  0  2  0  0  0  1  0  0  0  3  0  42  0  0  0  0  0  2  7  0  0  0  0  0  0  0  0  2  2  0  1  0  0  70  0  0  0  0  0  0  1  0  
4  273  65  276  2  0  11  2  5  4118  8145  340  1  32  19  483  6  10  3459  11273  564  2271  3  5  4164  1483  934  88  2080  4436  0  7  0  59435  441  4  111953  0  0  14  350  1476  64485  41005  9508  30  0  9  290  745  9504  264  0  20  8031  2900  2406  475  178702  3701  3871  40  74  0  9928  4752  1044  597  131  0  28  890623  998628  1  1  1  0  0  0  0  0  0  0  4  1  0  0  0  0  0  0  0  0  4  4  0  10  0  0  0  0  0  0  1  0  0  0  1  2  1  0  0  0  0  0  7  1  64  0  0  0  1  0  2  5  0  0  0  0  2  2  1  0  1  0  0  0  0  3  94  0  0  0  0  0  0  5  0  
8  0  1  0  11  0  22  1  0  1  2  1214  174784  345076  2  65  422  49643  0  6  0  64  3  9872  0  0  2  2  3  1  4  1  0  331  686  0  6  5  0  7  3  10  6  75  20  2  94673  648  211027  0  166  5  0  0  0  0  1  0  0  4  45  809  20  26  3  11  5  2  0  0  0  6  6  0  0  0  0  0  0  0  0  0  0  0  0  0  0  1  0  0  0  0  0  0  0  0  0  0  0  0  0  0  0  0  0  2  0  0  0  0  0  0  0  0  0  0  0  0  0  0  0  0  0  0  0  0  0  0  0  0  0  0  0  0  0  0  0  0  0  1  0  0  0  0  0  0  0  0  
0  0  8  37  1  0  2730  34  0  0  0  186633  2  351267  1283  8740  0  115  0  0  0  0  0  5  1  12  0  2  380  2  0  0  0  1  0  0  1  15  7  0  21  0  0  0  204  9  0  0  128203  0  0  20564  1  630  7  0  0  0  3  2  0  431  0  0  1  4  31  29485  196  0  1  8  15  0  0  0  0  0  0  1  16  2  0  0  0  4  0  1  0  16  1  7  0  0  0  0  0  0  0  0  0  0  0  0  0  0  0  0  0  0  0  0  0  4  1  0  0  0  0  0  0  0  6  0  0  0  0  0  0  0  0  0  0  0  0  0  0  0  0  1  0  0  0  0  0  0  0  0  
0  0  358  113552  0  0  97  7  0  18  1  6354  0  262  6  241  77869  2956  30  1  2  0  0  0  1310  328425  99  124  848  425  0  0  112454  55016  19  336449  86  1389  0  117  0  0  0  21  1259  914  0  160152  185554  0  2  42  0  3  19581  6206  35  1  540  77  0  8  1  0  25  25  19159  5898  10  0  9  190  21014  134369  0  0  0  0  0  0  0  1  0  0  0  1  0  0  0  1  0  0  0  0  0  0  0  0  0  0  1  0  0  3  0  0  0  0  0  0  0  0  0  1  0  0  0  0  0  0  0  0  0  0  0  0  0  0  0  1  0  0  0  0  0  0  0  0  0  1  1  0  0  0  0  0  0  0  
2  242913  0  0  1  0  0  0  0  519  67999  0  2  10  0  2  8  16  270150  197104  589  373591  4  8  3  0  5  0  0  1  0  6  0  601  18  0  6921  3785  0  0  0  0  10  504313  24  0  0  72  0  5  113647  0  0  0  3  33  285267  16670  6  3471  61803  59  21  1  107  399  4  0  1  0  0  9913  1223  0  0  0  0  0  0  0  0  0  0  0  63  0  0  0  0  0  0  0  0  2  0  9  1  0  0  0  0  0  0  0  0  0  0  0  0  0  0  0  0  0  0  6  0  124  0  0  0  0  0  0  1  0  0  0  0  0  1  0  0  0  0  0  0  0  1  40  0  0  0  0  0  0  0  0  
522  4  0  0  113  15  0  0  2  2217  7  0  5  0  2  5  22  14  0  31  325  806  244739  522  0  0  9  0  0  5  5  1762  0  168745  209430  0  262299  72691  0  0  0  24  0  948  1  1  1  93  0  165719  662  0  0  0  0  0  1  1  0  5925  12633  144  4876  71  8  249  0  0  0  4  0  58213  28  0  2  0  0  0  0  13  0  0  0  0  0  0  1  0  0  2  0  0  0  1  1  1  32  4  0  0  0  0  0  0  0  18  0  0  3  0  0  0  0  0  0  0  2  13  0  0  0  0  0  0  1  0  0  0  0  0  0  0  0  0  31  0  6  0  1  349  0  0  0  0  0  0  2  0  
50  1518  1  2  32  6  9  55  177  350169  713238  1  11  82  7  4  25  67  1306  148823  1020  873754  120050  105  7  8  377  0  4  53756  0  76  0  2079  1710  0  7027  18862  2  0  0  292412  766  0  25  11  1  276  1  57  4426  1  0  0  5  324  419  487  22  2524  153146  465  611  0  432343  67105  3  2  1  1  394  19263  6819  1  1  3  0  0  1  2  1  0  27  1624  2339  0  1  0  0  2  0  0  3  15  10  3339  34  0  0  0  0  0  0  407  0  2  0  1  1  0  0  3  0  0  0  81  7  2203  0  0  0  1  0  6  38  0  0  0  0  0  5  0  0  2  178  0  1  0  1878  10923  0  0  0  1  0  0  5  0  
2  24  141088  232005  2  0  138  266  0  5  21  2153  0  365  1347  7072  2348  1774  297  22  227  1  2  4  309  2863  659  916414  1302559  79  0  2  0  2  70  8  3230  2328  1  173  548  4  0  21  0  55256  0  1314  1774  0  19  5812  0  1338  986  7816  243  11  10936  6740  5  136  3  0  26  5  647264  5355  124171  0  2  2273  437  0  0  0  4  0  0  0  7  6  1  0  0  1  0  0  0  19  0  0  0  2  0  1  0  0  0  0  2  1  1  0  0  0  0  0  0  0  0  0  0  0  0  0  0  8  29  0  0  0  2  0  0  0  0  4  0  2  0  0  0  0  1  0  0  0  1  0  3  0  5  0  0  0  0  0  
2  0  413457  32  4  3  81  266203  41429  47  6  250  0  65  3  15245  1414  340  0  2  2  0  2  2  3  37  4862  15511  227  352246  0  1  0  25  73  4  4  77  0  2  1235  1  0  24  67548  0  0  2633  1158  0  1  8  0  0  6  1562  1  0  1  5  2  21  5  0  136  1008  29222  144  43  0  161169  17  67  2  0  0  41  0  0  0  3  12  1  3  0  0  0  0  0  140  0  2  0  4  0  1  1  0  0  0  38  7  3  261  0  0  0  0  0  0  0  0  0  0  0  0  0  6  24  110  0  0  6  0  0  0  0  0  0  14  0  5  0  0  0  0  0  0  0  23  7  0  1  0  582  0  0  0  
643  0  0  0  20  2971  2  0  0  1  0  1  141008  4340  0  4  897  341975  0  3  0  20  33  227567  0  0  1  0  0  1  278  564  0  36  2147  0  1  0  62109  0  0  5  13  16  2  0  0  2759  33893  0  56  1  0  0  0  0  2  0  0  2  20  1507  5633  17330  0  2388  0  0  0  1259  0  1  2  0  0  0  0  0  0  45  0  0  0  0  0  0  0  0  0  0  1  0  0  0  0  0  0  0  0  0  0  0  0  0  0  2  0  0  0  0  0  0  0  0  0  0  0  0  0  0  0  0  0  0  0  0  0  0  0  0  0  0  0  0  0  0  0  0  0  25  0  0  0  0  0  0  0  0  
869  80  339  3188  387  764  8  1  4  852  128  426  2451  3062  9  29  375262  40158  2  372  10  908  46352  14179  4  186  299  544  25  2118  148  1844  215611  215363  295631  281  209  344  20  0  215533  737  941  4106  2573  1994  8481  0  9557  3  4642  1  1  0  2  1548  26  2  1  123  405  3141  13376  188  539  2347  3413  92  26  382  50  207  3557  38601  0  0  0  0  1  20  0  0  1  7  0  0  0  0  1  6  0  0  0  0  0  0  22  1  0  0  6  0  0  6  0  49  0  1  1  0  4  0  1  0  0  0  1  14  0  0  0  1  0  2  1  0  0  0  0  9  1  0  0  0  1  2  1  0  3  104  1  0  1  0  0  3  3  0  
2  1  576  371228  1  9  6348  558  0  15  2  670078  833  230592  135  17371  128926  474924  71  6  7  11  0  364  652  25533  52  343  4603  117  0  0  155  432  70  189  253  2728  164467  96293  193846  10  1  78  12151  1607  47053  6740  0  0  26  1785  0  477  4806  3365  81  7  1961  272  5  1579  1  1  22  33  6915  55323  325  0  3  853  3345  12  0  0  2  1  0  0  18  33  0  0  0  6  0  0  0  86  8  9  0  0  0  0  0  0  0  0  0  0  0  0  0  0  0  0  0  0  0  0  0  3  0  0  0  1  1  0  0  0  25  0  0  2  0  1  0  0  0  0  0  0  0  0  0  0  0  2  0  0  6  0  0  1  0  0  
2  175  0  0  1  0  0  0  0  252  13  0  0  0  0  0  0  0  13  118  302022  537  124799  0  0  0  11  0  0  1  0  0  0  13576  21157  0  384398  429  0  0  0  11  152174  138  1  0  0  0  0  0  1138  0  0  0  0  54  15  189  0  324075  66005  3  2  0  34  4  0  0  0  0  0  1639  14  0  0  0  0  0  0  0  0  0  0  0  0  0  0  0  0  0  0  0  0  0  0  0  0  0  0  0  0  0  0  0  0  0  0  0  0  0  0  0  0  0  0  0  0  0  0  0  0  0  0  0  0  0  0  0  0  0  0  0  0  0  0  0  0  0  0  11  0  0  0  0  0  0  0  0  
8  307576  0  0  7  0  1  0  0  85  34  0  3  17  0  0  5  8  1115  1804  49593  285624  14  17  1  0  5  1  0  0  0  12  0  838  71  0  4526  1367  0  0  0  72326  71  12832  20  0  0  54  0  40  0  0  0  0  0  29  7051  258  4  7225  369194  106  90  4  19  80  3  0  0  0  0  5202  543  0  0  0  0  0  1  0  0  0  0  0  8  0  0  0  0  0  0  0  0  0  0  3  0  0  0  0  0  0  0  0  0  0  0  0  0  0  0  0  0  0  0  0  0  11  0  0  0  0  0  0  0  0  0  0  0  0  0  0  0  0  0  0  0  0  0  4  0  0  0  0  0  0  0  0  
5006  0  41  36  476  74  6479  207  0  0  1  169636  0  313809  1130015  42745  6  231  0  0  0  0  0  227  13  20  0  6  24606  5  0  0  0  0  0  0  80  73  0  57583  14  0  0  3  5873  157  0  2  711  0  0  0  2755  28590  27  26  0  0  192  25  0  21685  0  0  1  54  591  345810  8402  1  1  88  15  0  0  0  0  0  0  3  57  1  0  0  0  34  1  8  0  64  3  39  0  0  0  0  0  0  0  0  0  0  0  0  0  0  0  0  0  0  0  0  0  26  3  0  0  0  0  0  0  0  71  0  0  1  0  3  0  0  0  0  0  0  0  2  0  0  0  16  0  0  0  0  0  0  0  0  
85977  0  0  0  123997  59  91  1  0  0  0  12  0  69  942255  10533  0  1  0  0  0  0  0  701  0  0  0  0  1  0  4  0  0  0  0  0  0  0  0  11  0  0  1  0  0  1  0  0  2  0  0  3774  0  166119  0  0  0  0  0  0  0  301  0  0  0  45  0  26  0  11  0  0  0  0  1  0  0  0  1  4  1  0  0  0  0  0  1  3  1  5  0  2  0  0  0  0  0  1  0  0  0  0  0  0  0  0  0  0  0  0  0  0  0  0  0  0  0  0  0  0  0  0  0  0  0  1  0  0  0  0  0  0  0  0  0  6  0  0  0  15  0  0  0  0  0  0  0  0  
173  0  14  25  1550  3  331  10  0  2  0  5688  0  2710  656865  1084423  14  2007  0  0  0  0  0  28  0  1  1  3  6350  1  0  1  0  0  0  0  5  14  0  2343  6  0  0  0  5363  51  0  4  861  0  0  60916  146929  0  5  11  0  0  13  1  0  2194  0  0  0  7  985  33925  274828  0  0  14  4  0  0  0  2  0  0  0  26  2  0  0  0  0  0  0  0  15  1  2  0  0  0  0  0  0  0  0  0  0  0  0  0  0  0  0  1  0  0  0  0  0  0  0  0  2  2  0  0  0  5  0  0  0  0  1  0  0  0  0  0  0  0  1  0  0  0  2  0  0  0  0  0  0  0  0  
0  4  6  960  0  0  7  3  0  3  2  551  0  35  14  192  1  4  449  6  17  0  0  0  395980  404143  237  11  1122  16  0  0  0  182  0  21048  3309  10800  0  34  17364  0  0  29  2425  3  0  1  870  0  2  112  0  12  0  9607  365  135  19071  1541  0  2  0  0  14  5  198  1104  13  0  0  4303  89599  0  0  0  0  0  0  0  0  0  0  0  0  0  0  0  0  1  0  0  0  0  0  0  0  0  0  0  0  0  0  0  0  0  0  0  0  0  0  0  0  0  0  0  0  0  0  0  0  0  0  0  0  0  0  0  0  0  0  0  0  0  0  0  0  0  0  0  0  0  1  0  0  0  0  0  
2  653  7216  1062  0  0  3  2  2  646  1076  161  0  19  5  58  85  18  83763  60374  7748  0  2  3  752403  137377  1491932  2453  1781  48423  0  1  0  89  10  62  1735  6660  0  3  2905  2  4  3154  23229  704  0  543  796  2  12  59  0  5  44666  0  8814  184168  10434  10023  185  6  32  0  45100  751  344150  186  257  0  8  1629  95365  16  2  0  0  0  1  0  0  0  1  1  0  0  0  0  0  0  0  0  0  3  2  0  16  2  0  0  2  0  0  1  0  0  0  1  1  0  1  1  0  0  0  2  1  26  0  0  0  1  0  1  2  0  0  0  0  12  3  1  0  0  5  1  0  0  1  169  0  0  0  1  0  1  9  0  
0  211851  0  0  0  0  0  0  0  74  73  0  1  0  0  0  0  1  1261599  8285  42216  37104  2  0  6932  11  1682  0  10  118  0  1  0  24  2  0  3048  4150  0  0  5  204108  3  870  82  1  0  3  0  13  3508  2  0  0  143  12169  0  60614  59210  14915  5530  4  1  0  7788  50  21  1  1  0  0  2201  58635  0  0  0  0  0  0  0  0  0  0  0  0  0  0  0  0  0  0  0  0  0  0  0  0  0  0  0  0  0  0  0  0  0  0  0  0  0  0  0  0  0  0  0  0  1  0  0  0  0  0  0  0  0  0  0  0  0  0  0  0  0  0  0  0  0  0  4  0  0  0  0  0  0  0  0  
0  22319  0  2  0  0  0  0  0  59  3367  0  0  0  0  1  0  0  623829  445435  22670  229  6  0  17530  12  1770  0  9  238  0  0  0  8  4  0  4691  1304  0  0  3  16283  10  2226  97  0  0  2  1  61  229  1  0  0  289  243730  12389  0  346  3359  32872  0  3  0  64467  28  18  1  2  0  1  3010  420  0  0  0  0  0  0  0  0  0  0  0  0  0  0  0  0  0  0  0  0  0  0  0  0  0  0  0  0  0  0  0  0  0  0  0  0  0  0  0  0  0  0  1  0  1  0  0  0  0  0  0  0  0  0  0  0  0  0  0  0  0  0  0  0  0  0  4  0  0  0  0  0  0  0  0  
0  231843  2  144  0  0  4  3  0  12  50  46  0  4  11  158  0  2  216357  420  34996  20  0  0  8090  843  362  188  1225  12  0  0  0  10  0  2  108424  161633  0  0  210  31  0  106  13588  2  0  1  47  1  67  104  0  10  5035  8022  135268  911  0  184225  60  1  0  0  381  7  2120  83  103  0  0  238771  199753  0  0  0  0  0  0  0  0  0  0  0  0  0  0  0  0  0  0  0  0  0  0  0  0  0  0  0  0  0  0  0  0  0  0  0  0  0  0  0  0  0  0  0  0  0  0  0  0  0  0  0  0  0  0  0  0  0  0  0  0  0  0  0  0  0  0  0  0  0  0  0  0  0  0  0  
58  43312  0  15  52  2  0  0  0  261  306  1  4  9  4  6  2  1  3407  2725  437132  11007  131  50  713  42  536  33  222  29  1  20  0  13702  13221  0  480251  2474  0  1  32  1733  4704  4767  3854  0  1  7  5  214810  33123  9  0  0  350  4644  8657  2350  140652  0  138346  148  107  0  597  434  517  3  50  0  0  28067  351  0  0  0  0  0  0  1  0  0  0  0  0  0  0  0  0  0  0  0  0  1  0  0  1  0  0  0  1  0  0  0  1  1  0  0  0  0  0  1  0  0  0  1  0  16  0  0  0  0  0  0  0  0  0  0  0  0  0  0  0  0  0  1  1  0  0  25  0  0  0  0  0  0  0  0  
141  80064  0  0  123  8  0  0  0  13984  1089  0  20  31  6  7  5  6  352  4128  619628  620639  439390  246  2  1  92  0  4  13  1  51  0  9650  9760  0  8693  3090  0  0  0  29729  26538  131205  8  0  3  42  0  28311  274871  0  0  0  1  179  335  4976  12  43566  0  549  519  8  601  1110  2  0  0  1  0  4108  641  0  1  0  0  0  2  3  0  0  1  5  36  0  0  0  0  3  0  0  0  0  1  11  6  1  0  0  0  0  0  0  1  3  0  0  0  0  0  0  0  0  0  17  0  183  1  0  0  0  0  1  4  0  0  0  0  0  1  2  0  2  23  0  0  0  4  801  0  0  0  0  0  0  0  0  
238  3  4  0  945  1321  2974  90  0  106  11  18  32972  169763  144142  7063  79  843  1  32  2  243  11  126812  0  0  3  0  9  19  8  25  0  926  905  0  23  6  191  38  0  34  81  375  38  13  25  283  216  1  351  15441  18  125  0  3  3  1  0  26  177  0  26  81  32  1112  5  32  36  25  2  9  23  0  18  1  1  0  17  206  15  1  0  3  0  4  123  119  28  368  4  73  0  2  0  3  17  29  0  0  3  0  1  2  3  14  0  0  7  0  0  0  18  3  1  3  1  42  3  1  0  2  14  1  3  34  1  1  0  3  1  1  0  0  5  291  2  1  0  593  2  0  2  2  0  0  0  0  
5044  2  0  0  175  8675  1  0  0  449  13  0  3342  4  1  2  51276  83653  0  35  0  54  87397  413533  0  0  14  1  0  32  468033  274175  0  87  39901  0  4  7  3  0  0  18  5042  435  9  5  4396  18822  0  1  63  0  0  0  0  4  0  1  0  4  31  65  0  44281  67  50128  7  0  0  35105  0  11  22  0  253  0  0  0  40  7787  0  0  0  0  0  0  0  0  0  40  21  0  0  3  0  1  661  179  0  0  1  0  0  0  3801  21448  0  0  53  0  0  0  0  0  0  5  15  13  1  0  0  2  1  2  0  0  0  0  0  2  1  0  0  0  4  1  650  1  0  13303  0  0  0  63  0  1  2  0  
70637  1  0  0  883  913  0  0  0  61  1  0  809  23  18  3  618  22768  0  2  0  170  1535  1147862  0  0  0  0  0  0  3968  503  0  254  15959  0  7  6  21  0  0  10  672  43  0  0  9836  1036  0  2  300  0  1  0  0  0  1  0  0  43  245  944  26005  0  1  913  0  0  0  1942  0  10  3  0  78  0  0  0  15  1215  0  0  0  0  0  0  0  0  0  17  0  1  0  0  0  0  42  5  0  0  0  0  0  0  5  140  0  0  0  0  0  0  0  0  0  0  0  3  0  0  0  0  0  0  0  0  0  0  0  0  0  0  0  0  0  1  5  2  0  4091  0  0  0  21  0  0  0  0  
3  693  10  5  6  0  17  826  5438  17939  555412  8  0  5  1  24  11  7  37267  164092  1955  35774  18  4  677  9  166715  0  15  695133  0  8  0  145  31  4  813  10115  0  0  7  45  6  541518  99  61  0  48  5  4  19  0  0  0  9  68561  4822  13504  46  586  1638  23  44  1  0  10364  5  10  0  0  6640  2033  2363  2  3  0  1  0  2  0  0  0  74  36  407  0  0  0  0  15  0  0  3  4  2  1  23  0  0  0  3  0  0  337  0  0  0  3  1  0  10  3  0  0  4  5  0  69  0  3  0  7  0  8  8  0  0  0  0  32  13  3  0  3  5  0  0  0  514  184  0  0  0  0  134  17  36  0  
32709  64  11  2  19016  291620  223309  236893  196618  324752  4  10  4  528  3000  6981  342  1261  1  50  448  34  1154  16737  2  5  237  0  4  13183  8569  115701  1  244  2534  5  817  5571  0  3  2  165  350  75263  17  2338  440  193  10  13  108  53  32  1  7  121  29  6  0  737  3788  2328  14822  902  6629  0  0  15  0  3644  16841  1961  3427  11  1290  10  124  3  1679  75558  838  1437  878  16139  8  21  55  98  14  4216  13  58  58  101  74  15  343  184  1  1  142  5  5  675  101  759  0  114  49  0  187  77  8  11  121  71  38  9345  28  273  3  101  40  215  146  38  0  1  0  1005  163  80  0  179  1718  167  21  6  541  268909  5  1  30  591  81  268  685  0  
1  21  75641  50399  0  0  61  3  0  6  11  1449  0  253  21  533  2082  711  487  16  166  0  1  0  1983  500790  553588  1141059  22688  269  0  0  0  10  75  10784  1415  1783  0  18  22584  3  0  21  743942  27349  0  2747  4053  0  10  144  0  32  851  406248  495  19  9916  3626  5  18  4  0  36  4  0  1200  3535  0  0  943  440  1  0  0  0  0  0  0  0  0  0  0  0  0  0  0  0  0  0  0  0  0  0  0  1  0  0  0  0  0  0  0  0  0  0  0  0  0  0  0  0  0  0  0  0  1  0  0  0  0  0  0  0  0  0  0  0  1  0  0  0  0  0  0  0  0  0  1  0  0  0  0  0  0  0  0  
12  1  83  47830  10  3  5726  129  0  1  1  511417  0  10284  240800  18195  8  123  2  0  0  0  0  18  164  528  2  14  436613  5  0  0  0  15  0  4  80  515  0  15808  787  0  0  14  4193  183  0  4  8603  0  0  435324  6  27301  563  57  1  0  154  9  0  994  0  0  7  6  816  0  19652  2  2  244  614  0  0  0  1  0  0  1  9  1  0  0  0  2  0  0  0  30  3  1  0  0  0  0  0  0  0  0  0  0  1  0  0  0  0  0  0  0  0  0  0  0  0  0  0  0  0  0  0  0  8  0  0  0  0  0  0  0  0  0  0  0  0  1  0  0  0  1  0  0  2  0  0  0  0  0  
3  0  137  87  3  0  125  20  0  0  1  4776  0  526  85866  128087  69  319  1  0  6  1  0  5  0  7  22  27  601323  4  0  0  0  0  1  0  123  62  0  642  13  0  0  2  72795  318  0  2  231  0  0  13247  0  189418  4  163  1  0  61  110  0  345  0  0  2  1  8026  26718  0  0  1  92  8  0  0  0  0  0  1  1  0  0  0  0  0  0  0  0  0  5  0  0  0  0  0  0  0  0  0  0  0  0  0  0  0  0  0  0  0  0  0  0  0  0  0  0  0  0  1  0  0  0  1  0  0  0  0  0  0  0  0  0  0  0  0  0  0  0  0  2  0  0  0  0  0  0  0  0  
24025  0  0  0  11102  297262  48  0  0  2  0  0  0  6  76  88927  170  1304  0  0  0  0  109  14218  0  0  0  0  0  0  416921  39396  0  0  580  0  0  0  0  0  0  0  25  0  0  0  1038  63  0  0  0  1  4  0  0  0  0  0  0  0  0  38  45251  244  0  51409  0  0  0  0  0  0  0  0  148  0  0  0  176  22193  0  0  0  0  0  0  1  0  0  3268  0  0  0  0  0  0  4  18  0  0  0  0  0  0  1236  1047  0  0  0  0  0  0  0  0  0  0  0  2  0  0  0  0  0  0  0  0  0  0  0  0  0  0  0  0  0  9  0  0  0  369  0  0  0  10093  0  0  0  0  
1  0  1199  0  1  20  243  20136  311592  9512  99  0  0  1  1  1780  14  2  0  14  0  0  0  0  0  0  23  0  2  676289  1  1  0  13  0  2  2  109  0  0  5  0  0  3409  1  156783  0  35  0  0  0  0  0  1  0  13  0  0  0  0  0  2  2  0  16427  9846  0  0  0  1  0  15  137  4  0  0  32  0  1  0  6  35  1071  47  33  0  0  0  0  463  0  0  4  0  0  0  5  1  0  0  56  0  0  2858  0  0  0  1  2  0  10  3  0  0  4  0  1  56  3  52  0  1  0  5  1  0  0  1  0  88  4  0  0  2  1  0  0  0  62  161  2  0  0  1  2470  5  10  0  
5  5332  13  90  4  0  2  0  1  1104  1279  71  1  16  11  193  0  4  4541  4974  472  3243  1  13  1965  512  273  60  1390  631  0  9  0  3527  385  0  898282  937512  0  6  150  2315  92502  15688  7690  11  0  14  62  5578  20107  128  0  9  2153  2306  6023  427  412513  32679  5345  52  59  0  1145  1708  647  167  227  0  3  0  62621  1  0  0  0  0  0  0  0  0  0  0  0  0  0  0  0  0  0  0  0  2  1  0  5  0  0  0  0  0  0  0  0  0  0  3  0  0  0  0  0  0  0  3  0  55  0  0  0  0  0  4  3  0  0  0  0  0  0  0  0  0  1  0  0  0  0  83  0  0  0  0  0  1  5  0  
7  755  40  551  13  1  39  12  80  16766  6327  1516  4  156  15  323  86  108  328572  12420  533  3297  13  23  1427848  24406  1591  41  1110  8811  0  49  46  1077816  970  41415  5329  1179090  0  47  18998  4955  162  86885  4503  58  0  2457  2918  44  13619  123  0  20  121717  74792  167608  1748  209836  3458  3202  187  370  1  17041  28856  624  3059  28  1  288  45747  0  2421  2  1  0  0  2  1  2  0  9  38  0  0  0  0  0  1  1  2  6  14  6  2  54  2  0  0  11  0  0  30  2  1  0  22  5  0  23  9  0  0  15  28  1  224  0  2  0  12  0  25  39  1  0  0  0  134  11  5  0  14  21  0  4  1  59  1340  0  0  0  0  0  44  86  1  
0  0  38  188  0  0  2  0  7  257  9  16  0  2  0  1  416  23  0  11  0  0  0  2  0  2256  172  0  2  1351  0  0  172631  79635  3  161015  0  36  0  0  110910  0  0  237  2  33  0  15323  554  0  1  0  0  0  1  515  0  0  0  0  0  7  1  0  281  444  15  3  0  0  56  2  1927  0  0  0  0  0  0  0  2  0  1  0  0  0  0  0  0  0  0  0  0  0  0  0  0  0  0  0  0  0  0  3  0  0  0  0  1  0  2  1  0  0  0  0  0  2  0  0  0  0  0  0  0  0  0  0  0  8  0  0  0  0  1  0  0  0  1  42  0  0  0  0  0  1  4  0  
2716  0  1  0  205  30  2  0  0  2  0  0  0  5  69  15  0  1  0  0  0  1  0  1762  0  0  0  0  0  0  1015  9  0  0  0  0  0  1  0  0  0  0  2  2  0  0  0  0  0  0  1  0  0  0  0  0  0  0  0  0  0  79  35  155  0  818  0  0  0  15  0  0  2  0  0  42  0  0  257103  6879  59  14  9  12  10  5  1082  12  85586  109868  267  2994  435  76  71  132  4214  348949  0  2  1  1  0  4  24787  40  0  36  164  1  13  35  7  0  219  541  6  556  8  0  1309  485  6  107  1455  31  191001  10  1  2  162  110  0  70  602  9598  69  31793  50  12959  50  0  1  10994  2  12  65  0  
2  0  0  0  0  0  0  0  0  1  0  0  0  0  0  0  0  0  0  0  0  0  0  0  0  0  0  0  0  1  0  0  0  0  0  0  0  3  0  0  0  0  0  15  0  0  0  0  0  0  0  0  0  0  0  0  0  0  0  0  0  0  0  0  0  3  0  0  0  0  0  1  1  0  43  0  0  0  36  2  1  0  0  23  788  1  2  0  0  18  7  19  339842  5255  237710  114  288  15  16  0  14  2  0  3  1  1  0  246  29  0  160149  641  0  0  6  277519  61  3555  1  0  1  148  0  2536  279818  0  0  0  0  406  160530  3203  153674  42405  1043  3  2  3  17  454  6  0  0  12  0  522  1630  0  
0  0  35  0  1  0  0  43  0  9  0  0  0  1  0  26  1  1  0  0  0  0  0  2  0  0  0  0  2  111  0  0  0  0  0  0  0  0  0  0  0  0  0  0  1  43  0  1  0  0  0  0  0  0  0  0  0  0  0  0  0  0  0  0  2  4  0  0  0  0  116  0  0  0  0  0  0  0  1  2  13  49776  180  0  0  1  0  0  0  202241  3  2  7  3  0  0  2  1  0  0  131183  226829  117458  73383  0  0  0  0  0  0  3  0  0  0  47  0  0  4  168210  345837  0  0  7  2  0  0  0  1  0  982  8  0  2  33  0  1  0  0  1  9  99515  0  1513  0  4637  1  5  0  
0  0  0  1  0  0  1  11  0  0  0  0  0  0  1  17  0  8  0  0  0  0  0  0  0  0  0  0  0  0  0  0  0  0  0  0  0  0  0  0  0  0  0  0  0  0  0  0  0  0  0  0  0  0  0  0  0  0  0  0  0  0  0  0  0  0  0  0  0  0  0  0  0  0  0  0  0  0  2  1  53  123  5  3  0  215703  3  12  513  3904  8792  4524  2  2  0  0  0  1  17  246558  1  198037  189817  0  0  0  1170  3269  25  166  523  55  0  133  286540  0  0  2  95383  0  0  46  188817  174  0  1233  0  3899  1235  57  5  4  1  38  0  2  0  0  12  1  10122  653  1276  0  2  928  326  36  
2838  0  0  0  1227  514  0  0  0  4  0  0  0  0  13  1043  0  0  0  0  0  0  2  302  0  0  0  0  0  1  41  4  0  0  3  0  0  0  0  0  0  0  4  0  0  1  0  1  0  0  0  0  1  0  0  0  0  0  0  0  0  26  13  13  0  820  0  0  0  20  0  1  2  0  257723  25  0  1  0  11716  76  5  12  7  2  0  1110  21  205409  418070  96  886  239  53  54  77  668  38718  0  1  4  3  3  2  5  41  0  11  90  1  12  21  11  0  193  380  5  404  5  0  264  149  6  53  561  316  338623  306  0  10  127  87  0  37  209  9015  2  1902  30  7904  49  0  1  6412  0  4  36  0  
2260  0  0  1  6558  106785  258  58  0  26  0  1  6  373  1733  36685  6  20  0  0  0  0  31  4196  0  0  0  0  0  0  20466  1053  0  0  68  0  0  0  0  0  0  0  12  1  1  2  1  5  3  0  0  14  19  0  0  0  0  0  0  0  0  1881  2605  581  0  52543  0  1  0  20317  0  0  0  0  22456  1  2  1  44814  0  315581  1346  158  17  0  89  1212  1177  411  775419  170  2281  19  16  2  4  1005  27904  0  0  1  2  1  28  31503  150487  0  2  16  0  2  2  133  104  35  36  11  86  4  6  76  20  386  7  48  493  79  4  0  5  17  11  0  3  23  4152  30852  179  58  371552  3  1  0  339168  83  1  5  0  
4  0  1  0  21  3118  3735  474  0  5  0  12  0  92  30  979  2  223  0  0  0  0  0  5  0  0  0  0  6  1  0  4  0  0  0  0  0  0  0  8  0  0  0  0  10  7  0  0  17  0  0  18  0  18  0  0  0  0  0  0  0  45  0  0  0  812  1  12  2  0  1  0  0  0  58  0  64  28  113  280343  0  212926  35  2  0  405  34  386  55  448140  678  2156  0  3  0  1  14  167  0  4  8  4  29  67  1  17  0  0  2  0  3  0  30  241  178  0  0  13  29  302  0  6  3507  3  0  163  0  408  0  6  2  0  1  1  0  119  0  2  21  198529  29  37  9  4  199  4  1  0  
0  0  113  18  2  57  577  5614  1427  8  0  10  0  8  2  1486  30  181  0  0  0  0  0  0  0  0  0  0  38  12  0  1  0  0  1  0  0  0  0  1  0  0  0  1  19  68  0  1  19  0  0  1  0  7  0  0  0  0  0  0  0  3  0  0  2  1125  1  26  0  0  77  0  0  1  4  0  34855  122  6  1234  275136  0  93383  37  0  111  0  11  4  465495  627  490  0  15  0  0  6  5  0  0  63  5  850  4322  0  0  0  0  0  0  4  1  0  10  17  4  0  107  375  166269  0  0  2174  3  0  5  0  90  0  65  0  2  0  2  0  5  0  0  1826  136075  13  3  153  1  39699  3  1  0  
0  0  4  0  0  0  15  2132  12488  2088  467  0  0  1  0  192  0  0  0  0  0  1185  0  1  0  0  3  0  0  18487  0  0  0  0  0  0  0  2  0  1  0  0  0  45  0  17  0  1  0  0  0  0  0  0  0  2  0  0  0  0  1  1  1  0  51  3340  0  0  0  0  5161  0  34  0  2  4  452  0  0  104  90  96379  0  49976  1  2  0  0  0  1332  0  3  44  37  11  0  6  0  5  0  85  0  0  34653  0  2  0  7  1  3  81  6  0  1  26  0  0  8580  1  174883  0  5  0  71  2  1  0  0  0  982  201  24  0  38  2  0  0  0  82258  259318  1  0  0  0  358733  52  31  0  
7  0  0  0  2  2  3  7  1119  77744  2  0  0  2  0  7  5  1  0  0  0  335  8  4  0  0  2  0  0  370  1  4  0  4  5  0  0  4  0  0  0  0  8  1986  0  26  0  4  0  0  0  1  0  0  0  4  0  0  0  1  4  8  3  0  8  11315  0  0  0  0  89  0  20  1  4  1  0  1  1  29  24  93  107423  0  343  0  0  0  2  8  1  3  54  295  16  12253  65708  56  2  0  10  0  0  121139  7  12  0  27  167  4  118  13  0  0  38  5  670  310335  1  2  0  10  1  84  6  0  0  0  1  298  179  182  0  36  163  0  11  2  22603  85726  1  0  0  0  42953  68  121  0  
0  0  0  0  0  0  0  0  0  11  19523  0  0  0  0  0  0  0  0  871  0  3383  0  0  0  0  0  0  0  88  0  0  0  2  1  0  0  1  0  0  0  28  0  7103  0  1  0  0  0  0  2  0  0  0  0  0  0  0  0  0  7  0  0  0  193  6  0  0  0  0  4  2  2  0  1  76  0  0  1  0  0  0  0  1804  0  0  1  0  0  0  1  0  100  400340  10  63691  69  3  0  0  33  0  0  35914  2  2  0  7  8  0  4  7  0  0  0  325046  5  1084619  0  0  0  9  0  5  158  0  0  0  0  32  265  2034  0  8  1286  1  3  0  647986  2614  0  0  0  1  0  9  55  0  
0  0  0  0  0  0  23  1  0  0  0  1  0  1  1  34  2  3  0  0  0  0  0  0  0  0  0  0  0  0  0  1  0  0  0  0  0  0  0  3  0  0  0  0  0  1  0  0  2  0  0  0  0  0  0  0  0  0  0  0  0  1  0  0  0  0  0  0  0  0  0  0  0  0  0  0  0  204275  0  10  833  44  0  0  0  0  28  111357  2570  10837  547  630  0  0  0  0  0  631  0  208  0  23  24460  0  0  0  3  763  46  9  140  4  3821  145879  6967  0  0  0  355  0  3  17  572443  56  0  157642  0  11035  6  2  0  0  0  4  0  2  0  11  0  3  653  202876  291  0  0  65  57  3  
10  0  0  0  44  6  2  0  0  2  0  0  0  8  32  7  0  0  0  0  0  0  0  12  0  0  0  0  0  0  0  1  0  0  0  0  0  0  0  0  0  0  0  0  0  0  0  0  0  0  0  0  0  0  0  0  0  0  0  0  0  62  1  0  0  7  0  0  0  1  0  0  0  0  77  1  0  1  316  204  7  1  4  2  2  304  0  52226  13  613  987  56042  17  6  7  5  14  166316  0  0  1  1  2  0  0  0  0  2  40  0  1  0  153319  9  63  35  0  66  4  0  70634  71  4410  5  27  23  2  2  0  6  20  13  0  6  8  46575  1  1655  5  200  4  0  2  8  2  0  8  0  
5  0  0  0  12  3  8  1  0  0  0  0  0  57  69  11  0  0  0  0  0  0  0  7  0  0  0  0  0  0  0  0  0  0  0  0  0  0  0  0  0  0  0  0  0  0  0  1  0  0  0  5  1  0  0  0  0  0  0  0  0  133  0  0  0  9  0  0  0  0  0  0  0  0  2  0  0  141  5  702  533  3  2  1  0  126055  49042  0  19513  5532  32  3441  1  2  0  0  1  36  0  0  0  1  252  0  0  0  0  0  3  0  8  0  207362  217914  34  1  0  6  38  0  5  6  108380  3  2  454377  24  303  0  0  3  0  0  1  0  40830  0  2  0  43  2  43  0  0  0  14  1  0  
16  0  0  0  51  5  8  0  0  0  0  0  2  15  128  12  0  0  0  0  0  0  0  28  0  0  0  0  0  0  0  0  0  0  1  0  0  0  0  0  0  0  0  0  0  0  0  0  0  0  0  1  1  0  0  0  0  0  0  0  0  135  0  0  0  23  0  0  0  0  0  0  0  0  59695  0  0  1473  90326  382  1105  1  6  1  0  3526  60  3378  0  264158  45  62  3  1  0  0  0  59614  44  63  1  21  40579  0  1  0  0  1  0  19  231  9  5  1932  449  1  0  0  6010  0  0  1  4605  61  1  822378  1100835  707725  708  181  12  0  8  348  0  192053  0  2  2  224  506  382953  100558  7  0  255  101  0  
9044  0  791  55  6722  3028  1068  4047  10  11  1  32  1  213  776  24254  121  708  0  0  0  3  1  1939  0  0  0  0  99  161  15701  12  0  0  7  0  0  0  0  3  3  0  0  3  27  47  1  0  46  0  3  6  4  12  0  0  0  0  0  0  0  1180  29  97  6  3001  3  51  1  4219  614  1  0  0  88970  7  200369  2678  383945  627732  504782  572522  286  10  2  7440  2031  7427  290795  0  8671  9974  73  30  16  19  580  15703  2  17  17  33  201145  1813  26226  110  0  6  40  3  165  5  311  5741  556  104  10  173  8018  63385  78  96  40395  49  218  15727  6994  597095  102  37  48  29  1  60  114  20899  16  347  26  44353  196  126  201051  219644  9223  148  33  0  
3  0  0  0  1  0  13  14  0  1  0  0  0  4  6  20  0  7  0  0  0  0  0  2  0  0  0  0  1  2  6  2  0  0  0  0  0  0  0  1  0  0  0  0  0  0  0  0  2  0  0  1  0  0  0  1  0  0  0  0  0  9  3  0  1  5  0  1  1  0  1  0  0  0  1805  10  2  12958  276  220  1802  126  26  14  8  156  224  48  54  8492  0  355258  181  61  33  22  74852  27645  1  22902  56  103  619  4  893  130  21712  838  100156  1  213  10  73  6  168829  142  214  338  913  1  2777  278256  128754  112  176  41  0  999  16  75  122  129  0  56  57  83  1647  807  50  172  1257  13  1060  63  2  53  79  806  
5  0  0  0  2  3  46  10  0  2  0  2  0  44  28  63  1  17  0  0  0  0  0  10  0  0  0  0  0  2  1  2  0  0  0  0  0  0  0  2  0  0  0  0  1  1  0  0  4  0  0  5  0  0  0  0  0  0  0  0  0  52  1  0  1  11  1  2  0  0  0  0  1  0  10225  23  3  4357  1788  2139  2568  121  14  7  4  902  21645  3321  56  15733  333335  0  262  56  43  36  113942  125477  0  693  45  77  160  2  1124  143  542  4125  46735  1  74  13  12111  175  10023  174  117  277  209  0  175434  15318  476617  77  350  130  1  4009  2  46  107  92  1  70  104  357  1123  5244  33  1090  648  4  509  437  0  23  72  42  
2  0  0  0  0  0  0  0  0  6  0  0  0  0  0  0  0  0  0  0  0  0  0  0  0  0  0  0  0  8  0  1  0  2  0  0  0  0  0  0  0  0  0  3  0  1  0  0  0  0  0  0  0  0  0  1  0  0  0  0  0  1  0  0  1  6  0  0  0  0  2  1  4  0  160  312955  4  0  145  14  2  1  61  102  3397  1  2  1  1  52  26  104  0  201077  28145  9  733  53  253502  19  2339  105  4  1261  5  1  0  1081  90  14  8417  2322  0  0  139  90904  194  36993  18  2  12  675  8  5893  15735  0  0  1  12  75915  1386210  305449  334303  11935  1126  1  12  15  12825  1046  1236  1  2  27  7  2418  402570  0  
2  0  0  0  0  0  0  0  0  5  10  0  0  0  0  0  0  0  0  20  0  0  0  0  0  0  0  0  0  13  0  0  0  0  0  0  0  0  0  0  0  1  0  15  0  5  0  0  0  0  0  0  0  0  0  1  0  0  0  0  0  0  0  0  2  18  0  0  0  0  4  2  3  0  22  3203  0  0  20  2  5  8  56  1658  383887  0  2  0  0  14  6  12  183687  0  123  118  201  10  3204  0  41566  1  0  42777  4  2  0  89  19  3  110  122  0  0  25  218700  12  288735  0  8  2  136  0  136  6200  0  0  0  0  172597  33507  461070  10  169  52  1  14  1  483583  4717  3  0  0  3  231  259  1225  0  
0  0  0  0  0  0  0  0  0  0  0  0  0  0  0  0  0  0  0  0  0  0  0  0  0  0  0  0  0  0  0  0  0  0  0  0  0  0  0  0  0  0  0  0  0  0  0  0  0  0  0  0  0  0  0  0  0  0  0  0  0  0  0  0  0  0  0  0  0  0  0  0  0  0  11  190958  0  0  3  2  0  0  0  4  5  0  1  0  0  4  2  0  5656  27  0  7265  125984  7  17  0  18  4  0  1  2  0  0  96  17  1  172306  225  0  0  3  15694  1786  88  1  0  0  48  2  251962  169341  1  0  0  2  377  9013  326  329  295763  530251  0  0  0  14  56  11  0  0  4  0  184  369  0  
1  1  0  0  0  0  0  0  0  226  4013  0  0  0  0  0  0  0  0  0  4  327  1  3  0  0  0  0  0  1  1  2  0  2  2  0  6  11  0  0  0  5  0  5998  0  0  0  1  0  0  0  0  0  0  0  0  0  0  0  3  9  1  3  0  6  100  0  1  0  0  0  8  21  0  130  401  0  0  155  6  1  0  1  37668  48833  0  7  0  0  70  8  33  12  144  6385  0  140119  68  0  0  0  0  0  22321  18  13  0  134  436  0  33  149  1  0  0  669558  258  692308  0  0  10  106  0  296  205208  0  0  0  0  2  2215  4  0  10  850045  4  17  21  18570  1182  0  0  0  20  0  65  731  0  
114  0  2  0  8  8  15  4  0  3144  0  0  0  1  2  27  17  1  0  1  0  2  85  97  0  0  1  0  0  15  176  694  0  1  82  0  0  6  0  0  0  2  64  108  2  22  0  27  0  0  1  0  0  1  0  0  0  0  0  0  23  8  725  9  8  518  1  0  0  0  5  0  24  0  15246  228  2  0  3689  2159  6  3  103  80492  115  0  212  9  1  1765  75304  89343  1071  1262  86102  126025  0  171699  0  0  8  1  0  15  94790  16149  0  581  202479  1  1843  242  15  0  18  3151  325744  124333  3  0  545  12885  5  94502  6095  0  0  0  0  42  940  1106  0  441  403751  112  107678  4848  680  4198  3  0  0  2359  8  75  362  0  
208  0  0  0  422  145  1  0  0  5  0  0  0  5  137  56  0  0  0  0  0  0  1  184  0  0  0  0  0  0  657  61  0  0  0  0  0  1  0  0  0  0  0  0  0  0  0  0  0  0  0  0  0  0  0  0  0  0  0  0  0  179  24  10  0  192  0  0  0  9  0  0  0  0  434531  62  0  1  29428  38124  103  9  12  13  7  641  157185  99  71813  26735  33295  189965  605  92  92  189  216920  0  2  1  4  2  1  3  59063  2311  0  1666  62061  0  7  65  413  0  117  788  8716  655  3  0  257565  57808  1169  204  2176  61  97  0  0  8  211  104  0  113  1016  224514  497299  1026766  21  16715  17  0  0  8995  3  19  108  0  
0  0  0  0  0  0  0  0  0  0  0  0  0  0  0  0  0  0  0  0  0  0  0  0  0  0  0  0  0  3  0  0  0  0  0  0  0  0  0  0  0  0  0  0  0  1  0  0  0  0  0  0  0  0  0  0  0  0  0  0  0  0  0  0  0  2  0  0  0  0  2  0  1  0  0  28  1  17  0  0  1  0  39  11  2  3  0  0  162  18  2  0  171830  540  77  1  5  0  0  307322  5254  763  129  83  0  0  0  80168  2  63251  1881  425  0  1  14613  1  4  52  278  1  0  1  22  548  9  15  0  69  206643  1031174  1825  4143  3031  10063  9  0  0  1  730  11  7673  27  135  0  2  5597  1520573  0  
0  0  0  0  0  0  0  1  0  0  0  0  0  1  0  0  0  0  0  0  0  0  0  0  0  0  0  0  0  0  0  0  0  0  0  0  0  0  0  0  0  0  0  0  0  0  0  1  0  0  0  0  0  0  0  0  0  0  0  0  0  0  0  0  0  0  0  0  0  0  0  0  0  0  2  3  0  299317  0  0  5  1  13  4  0  908  1  0  458  48  5572  1643  22  38  13  0  1  0  238194  0  150  46787  945  11  0  0  10593  11525  12  648413  1123  372  0  0  597853  0  1  27  2291  0  0  326  4606  247  6  195  0  136  321949  1243  292  79  54  3001  5  1  0  0  204  3  661435  224  322  0  0  9052  72337  21551  
1  0  1  0  0  0  1  2  1  65  0  0  0  0  0  2  3  1  0  0  0  0  0  0  0  0  1  0  0  77  0  1  0  1  0  0  0  0  0  0  0  0  0  1  0  67  0  2  0  0  0  0  0  0  0  7  0  0  0  0  0  1  1  0  2  12  0  0  0  0  18  0  14  0  1  312  207463  2  1  2  9  39  106  31  154  3  0  0  1  70  3  4  3095  53338  893  1  24  1  2429  101  0  91418  51  670355  0  0  0  22  6  68  2101  157  0  0  472  0  17  82  849  75092  1  12  18  1796  33  1  0  1  1480  1530548  3275  159  1976  32422  54  0  0  0  2619  152  419825  0  26  0  3174  371  6803  0  
0  0  1  0  0  0  0  0  0  6  0  0  0  0  0  0  0  0  0  0  0  0  0  0  0  0  0  0  0  0  0  1  0  0  0  0  0  0  0  0  0  0  0  0  0  6  0  0  0  0  0  0  0  0  0  0  0  0  0  0  0  0  0  0  0  0  0  0  0  0  0  0  0  0  0  5  157330  244765  0  0  8  3  1  2  0  47  0  0  172  62  23  0  30  0  16  0  3  0  1389  36347  62430  0  66029  552  1  0  0  2  0  61  258  32  0  4  5242  0  0  2  1046770  14069  0  0  220  75  0  86  0  138  6258  7046  55  4  12  559  0  2  0  0  14  1  1428658  188  797  0  5  476  118  0  
2  0  4  3  0  0  4  31  0  0  0  0  0  2  0  67  3  33  0  0  0  0  0  0  0  0  0  0  5  2  0  1  0  0  0  0  0  0  0  0  0  0  0  0  3  3  0  0  2  0  0  0  0  0  0  0  0  0  0  0  0  8  0  0  0  4  1  2  0  0  3  0  0  0  9  0  89122  234499  10  2  501  2542  0  1  0  24687  22  136  80792  174822  2102  163  2  2  3  1  3  6  72  188  36  31782  0  25  0  4  0  1  0  36  192  11  6  325  2826  0  0  2  1237885  30  0  0  6812  73  0  76835  3  30051  1098  542  21  3  20  787  0  14  2  0  4  1  9295  584268  877383  1  32  247  265  0  
2  0  1191  0  0  0  19  63  9  281  12575  1  0  0  1  74  14  3  0  488  0  11927  0  1  0  0  4  0  1  12762  0  2  0  7  1  0  0  6  0  0  6  0  0  1921  3  791  0  22  1  0  0  0  0  0  0  13  0  0  0  0  0  1  0  0  355  91  0  0  0  0  3790  1  47  2  4  7  225648  0  2  71  239  1414  93363  111102  57767  2  0  0  0  1733  2  2  3070  26286  24  12266  8  1  108  1  796666  475  4  0  0  0  0  6  0  3  110  10  0  0  126  0  1  76936  152  241914  0  6  7  83  3  1  0  2  2  171307  1696  1701  5  133  3  1  0  0  566826  4228  1910  0  14  0  864919  55  75  0  
515  0  0  0  4  195  0  1  0  25  0  0  0  0  0  0  25  4  0  0  0  1  45  2546  0  0  0  0  0  0  73790  2181  0  0  36  0  0  1  0  0  0  0  14  2  0  1  1  15  0  0  0  0  0  0  0  0  0  0  0  0  0  2  3082  113  0  577  0  0  0  1231  0  0  2  0  24781  1  0  0  38  33862  0  0  1  10  2  0  0  0  0  19848  2916  1281  26  32  2  9  66530  56668  0  0  1  0  0  1  0  210318  0  5  3688  0  0  3  0  0  1  38  587  98  0  0  115  218  0  5  93  0  0  0  0  1  16  35  0  4  38  0  462314  528  4  17000  0  0  0  288422  0  0  3  0  
637  0  1  0  152  2727  1  0  0  667  0  0  5  1  5  18  247  13  0  0  0  0  237  599  0  0  0  0  1  2  9019  15203  0  2  291  0  0  1  0  0  0  0  20  0  0  3  0  153  0  0  1  0  0  0  0  0  0  0  0  0  1  122  4661  71  1  1301  1  0  0  834  0  0  2  0  759  1  4  0  426  139161  0  2  0  6  0  0  1  0  0  263  1499  361  5  19  1  8  22019  3213  0  0  3  0  1  20  222709  0  0  2  2421  0  0  2  0  0  1  39  521  100  9  3  21  57  0  7  13  0  0  0  0  6  11  20  0  1  9  1  77723  28  4  149126  0  0  0  31164  1  0  1  0  
0  0  0  0  0  0  0  0  0  0  0  0  0  0  0  0  0  0  0  0  0  0  0  0  0  0  0  0  0  0  0  0  0  0  0  0  0  0  0  0  0  0  0  1  0  0  0  0  0  0  0  0  0  0  0  0  0  0  0  0  0  0  0  0  0  0  0  0  0  0  0  0  0  0  0  0  0  2252  0  0  0  0  16  3  0  27  0  0  0  0  49965  5696  2  1  0  0  0  0  0  23455  0  0  0  3  0  0  0  108993  33364  125  0  0  0  0  123598  0  0  14  0  0  0  199579  725  1  0  0  0  0  0  2  2  2  0  1  0  0  0  0  19  3  0  0  0  0  0  0  3061  142270  
0  0  0  0  0  0  1  0  0  9  0  0  0  0  0  0  0  1  0  0  0  0  0  0  0  0  0  0  0  29  0  0  0  1  0  0  0  2  0  0  0  0  0  6  1  4  0  2  0  0  0  0  0  0  0  4  0  0  0  0  0  0  0  0  3  27  0  0  0  0  13  1  19  1  69  481  0  10606  30  1  0  3  323  191  41  2990  3  0  0  15  1393  1214  2540  634  524  147  1122  1421  58101  38474  14  1  0  37  6  0  130881  0  365237  240063  100  46842  0  1  33745  475  94171  1654  1  0  6  104709  4544  7301  6823  3  0  4  5  280  1447  985  12  2376  2779  0  2  347  781  346  29  2  1  6  14  1040  927160  57066  
15  0  0  0  2  0  1  1  0  34  0  0  0  0  2  6  0  0  0  0  0  0  2  3  0  0  2  0  0  6  5  11  0  1  1  0  0  0  0  0  0  0  1  15  0  1  0  0  0  0  0  0  0  1  0  2  0  0  0  0  0  2  9  0  2  19  0  0  0  0  4  0  4  0  956  74  0  58  604  71  12  0  48  198  10  153  100  6  0  329  107349  30660  392  184  100  397  210119  41802  0  26  2  0  0  4  1255  232  50078  494200  0  1  16  4741  10  0  76  905  152095  1133  0  0  296  414503  1373  8944  1191  1  0  0  0  28  221  133  2  513  1244  63  1391  5558  81  230  2  0  0  110  5  25  2368  11  
1  0  0  0  0  0  0  0  0  0  0  0  0  0  0  0  0  0  0  0  0  0  0  0  0  0  0  0  0  5  0  0  0  0  0  0  0  0  0  0  0  0  0  0  0  0  0  0  0  0  0  0  0  0  0  0  0  0  0  0  0  0  0  0  0  0  0  0  0  0  2  0  0  0  1  1  0  214  0  0  1  0  79  24  0  487  0  0  96  12  10  4  22  36  7  0  1  0  56039  625695  28  33  149  21  1  0  151  338393  3  0  585  1105  0  0  514583  0  1  68  234  0  0  14  34  150  2  30  0  22  5123  224  239  50  33  1391  3  0  0  0  433  8  429  39  52  0  4  14628  68222  163136  
0  0  0  0  0  0  0  0  0  1  0  0  0  0  0  0  0  0  0  0  0  0  0  0  0  0  0  0  0  1  0  0  0  0  0  0  0  0  0  0  0  0  0  0  0  0  0  0  0  0  0  0  0  0  0  0  0  0  0  0  0  0  0  0  0  0  0  0  0  0  0  0  0  0  0  108264  0  33  0  1  1  2  22  15  20  56  0  1  116  51  14  4  7367  273  129641  15  1653  1  677  114  936  24  75  21  0  0  0  29  7  85  0  46147  0  0  1252  112  163059  488  94  0  0  13  259  461539  3913  146  0  80  398  3370  8598  480  208476  544577  310  0  0  0  164  30  871  102  38  1  2  925030  3975  0  
0  0  0  0  0  0  0  0  0  0  0  0  0  1  0  0  0  0  0  0  0  0  0  0  0  0  0  0  0  0  0  0  0  1  1  0  0  1  0  0  0  0  0  2  0  0  0  0  0  0  0  0  0  0  0  0  0  0  0  0  0  1  0  0  0  2  0  0  0  0  0  0  2  0  29  385  0  68  14  2  3  2  56  34  37  19  1  3  26  25  6  8  4632  570  885  132  254  11  963  1870  44  11  31  9  2  0  0  26669  303  5392  36090  0  0  3  6852  518  135087  1272  53  0  3  22  48  16884  2765  150  0  59  51  284  1618  1066  186752  1313  862  0  0  1  319  200  57  26  10  9  3  1268344  1056143  0  
1  0  0  0  11  0  4  0  0  0  0  0  0  27  71  1  0  1  0  0  0  0  0  7  0  0  0  0  0  0  0  0  0  0  0  0  0  0  0  0  0  0  0  0  0  0  0  0  0  0  0  1  0  0  0  0  0  0  0  0  0  135  0  0  0  7  0  0  0  1  0  0  0  0  15  0  0  1  25  147  103  0  2  3  1  6505  175986  311812  28  666  489  39479  8  8  0  0  5  4629  1  0  1  0  1  1  0  0  0  2  26  0  0  1  0  36622  66  11  0  45  1  0  40399  43  179793  2  11  81  0  10  0  1  13  9  0  4  1  260  0  289  5  36  2  0  3  0  0  0  3  0  
0  0  0  0  0  0  14  0  0  0  0  0  0  3  1  27  0  3  0  0  0  0  0  0  0  0  0  0  0  0  0  0  0  0  0  0  0  0  0  0  0  0  0  0  0  0  0  0  0  0  0  3  0  0  0  0  0  0  0  0  0  0  0  0  0  1  0  0  0  0  0  0  0  0  0  0  0  184  1  146  607  6  1  0  0  173841  14  171729  5448  10180  2  259  0  0  0  0  1  0  0  1  0  1  297  0  0  0  0  0  0  0  17  1  21716  0  39  0  0  0  41  0  0  0  102086  2  0  27700  4  1532  3  0  0  0  0  0  0  12  0  0  0  6  8  54  1  0  0  15  0  0  
5  0  0  0  11  1  7  2  0  0  0  1  0  1  6  11  0  3  0  0  0  0  0  6  0  0  0  0  1  7  0  0  0  0  0  0  0  0  0  0  0  0  0  0  0  0  0  0  1  0  0  1  0  0  0  1  0  0  0  0  0  12  0  0  0  6  0  1  0  0  4  0  8  0  87  7  8  242487  47  33  178  32  167  69  1  3600  35  31  742  1296  142625  2103  86  28  35  0  4  33  2925  484927  661  1293  1884  112  10  0  112898  49344  165  385736  4529  3381  22  58  0  1  9  138  3318  8  2  154686  171579  1656  3  1938  0  1346  9030  1843  213  48  25  1584  1  26  5  6  616  44  11937  729  451  15  14  21981  59262  98113  
2  0  0  0  1  0  0  0  0  10  9  0  0  0  0  0  0  0  0  0  1  2312  0  0  0  0  0  0  0  0  0  0  0  0  0  0  3  1  0  0  0  6  0  70  0  0  0  0  0  0  0  0  0  0  0  0  0  0  0  1  7  0  0  0  0  5  0  0  0  0  0  2  1  0  142  365547  0  0  180  8  1  0  0  9  338346  0  13  0  0  57  9  50  93403  267308  60345  568754  1899  46  0  0  0  0  0  0  15  5  0  241  304  0  140  202  0  0  0  0  138  342871  0  1  9  220  0  268  190750  0  0  0  0  5  580441  235  0  20  2070  10  21  19  2  273  0  0  0  21  0  104  2230  0  
8  0  0  0  2  0  0  0  0  23  0  0  0  0  0  0  0  0  0  0  0  0  1  1  0  0  0  0  0  2  0  4  0  1  1  0  0  0  0  0  0  0  1  5  0  1  0  0  0  0  0  0  0  0  0  0  0  0  0  0  0  1  1  1  1  4  0  0  0  0  0  0  2  0  9  151  0  0  2  32  0  0  0  86  2  0  2  0  0  4  14  6  229  52  2619  94  286239  3289  0  0  0  0  0  0  91  132  0  119891  133569  0  157352  185319  0  0  4  143  0  316  0  0  0  13  0  202639  396  1  0  0  0  3  87  48  2  438  21121  1  45  4968  10  428  1  0  0  2  0  25645  14494  0  
8  0  0  0  2  0  3  1  2  28863  1552  0  0  2  3  4  1  0  0  1  9  1970  23  3  0  0  0  0  0  110  1  6  0  4  10  0  19  42  0  0  0  10  16  2916  0  18  0  4  0  1  5  0  0  0  0  3  0  0  0  16  100  11  5  0  17  6465  0  0  0  1  59  30  78  0  175  1743  0  0  140  34  11  18  1139  239587  566236  0  12  2  0  88  39  82  11492  82268  143  675075  104797  89  5  5  9  0  0  61564  45  26  0  413  340  10  192  331  0  0  79  195999  410  0  0  0  9  731  0  348  19455  2  0  0  1  299  11426  5402  3  121  135585  9  56  14  516752  121873  3  0  1  23  29  684  4412  0  
1  0  17  1  2  0  2  42  0  1  0  3  0  1  2  30  3  5  0  0  0  0  0  1  0  0  0  0  7  0  0  0  0  0  0  0  0  0  0  0  0  0  1  0  9  22  0  0  0  0  0  0  0  0  0  0  0  0  0  0  0  2  0  0  1  2  0  2  0  0  0  0  0  0  4  1  131583  153958  8  1  162  216  2  2  0  230  9  11  12876  14290  1226  122  19  4  5  0  8  4  173  1261  955  1053308  1343228  92  0  2  0  2  0  151  419  22  2  22  8393  2  1  7  0  79117  1  1  1433  139  0  19890  0  10441  4928  1535  30  4  22  1060  1  3  4  0  16  9  578957  48484  176111  2  2  653  361  0  
0  0  37  0  1  0  10  588  34  44  1  0  0  0  0  199  7  2  0  0  0  0  0  0  0  0  0  0  3  47  0  1  0  1  0  0  0  0  0  0  0  0  0  3  4  272  0  5  0  0  0  0  0  0  0  0  0  0  0  0  0  1  0  0  1  47  2  1  0  0  101  0  0  0  0  0  377365  1  1  12  336  189763  145863  6  0  1  0  0  0  47731  5  0  1  11  0  0  2  0  0  0  44164  45956  41  205982  0  0  0  0  1  0  0  1  0  0  30  0  0  10  110221  0  0  0  16  1  0  0  0  1  0  967  5  0  0  7  0  0  0  0  52  208  9470  0  17  0  176400  0  2  0  
13  0  0  0  0  0  0  0  0  0  0  0  0  1  0  0  0  0  0  0  0  0  0  10  0  0  0  0  0  0  0  4  0  0  1  0  0  0  0  0  0  0  0  1  0  0  0  0  0  0  0  0  0  0  0  0  0  0  0  0  0  0  1  2  0  9  0  0  0  0  0  0  0  0  16610  7  0  0  2859  1541  4  0  1  0  1  7  89625  40  2  748  18704  519568  119  9  22  20  8480  307515  0  0  0  0  0  0  338  111  0  18  703  0  2  13  45532  2  24  77  1  95  0  0  0  3365  42410  13  230  3  0  1  0  3  28  18  0  13  60  23  522  20790  3  793  2  0  0  432  0  1  15  0  
23  0  0  0  0  0  2  0  0  11  0  0  0  1  0  1  3  0  0  0  0  0  0  10  0  0  5  0  0  59  0  2  0  9  1  1  0  4  0  0  0  0  1  10  1  7  0  4  0  0  0  0  0  0  0  6  0  0  0  0  1  5  1  1  4  57  0  0  0  0  33  1  51  2  3705  405  0  40  1424  96  4  0  625  337  151  23  161  8  2  567  287187  18641  3632  1601  794  209  29765  42821  0  479  41  1  1  113  198  13  200870  150037  396208  9  115  202  21  0  157138  2255  57  8101  1  0  987  0  416  5093  6325  0  0  1  1  426  3082  3238  4  1585  2721  57  124  2472  1180  590  21  1  1  393  31  226  15394  514  
0  0  1  0  1  0  49  21  0  1  0  11  0  15  11  201  2  41  0  0  0  0  0  1  0  0  0  0  1  0  0  0  0  0  0  0  0  1  0  3  0  0  0  0  1  1  0  0  6  0  0  6  0  1  0  0  0  0  0  0  0  13  0  0  0  3  0  2  0  0  0  1  0  0  5  3  4  124994  4  290  5223  801  8  1  0  522681  5228  70590  1994  60913  159157  570775  14  7  10  0  4  446  2  1381  156  304  12654  9  0  1  327  2844  337  0  1326  2  139796  110033  152882  1  1  20  1965  3  37985  295  0  511  1  1176  3  38421  44  181  16  5  5  163  1  46  0  12  9  15  5349  34097  2744  0  1  225  33  68  
5  0  0  0  1  0  0  0  0  17  0  1  0  0  0  0  0  0  0  0  0  0  0  2  0  0  0  0  0  0  0  2  0  0  0  0  0  3  0  0  0  0  0  10  0  0  0  0  0  0  0  0  0  0  0  0  0  0  0  0  1  1  1  0  0  15  0  0  0  0  0  2  9  0  353  2842  0  16  161  19  2  1  29  34  22  27  2  0  9  87  10  18  8582  563  236264  179  118653  171  17  22  144  3  12  13  16  8  0  4310  7938  22  419160  16927  0  1  425  396  254663  1072  11  1  8  2269  137  0  7914  26  0  26  40  467  2750  790  109  228123  115581  1  15  31  150  488  228  8  11  58  5  56473  2088  0  
14  0  0  0  1  0  0  0  0  40  0  0  0  0  0  0  0  0  0  0  0  0  0  3  0  0  0  0  0  1  0  1  0  0  0  0  0  4  0  0  0  0  0  54  0  0  0  0  0  0  0  0  0  0  0  0  0  0  0  2  1  0  1  0  1  25  0  0  0  0  0  3  3  0  548  197755  0  0  529  29  2  0  1  15  426  0  17  1  0  175  18  150  4645  2553  153333  173287  5656  178  0  0  3  0  0  0  23  7  0  938  411  0  2572  937  0  0  3  202360  186  25999  0  0  41  548  1  2118  0  0  0  0  0  7  11061  881  3  2703  208191  4  33  50  20  646  1  0  0  86  0  285  3062  0  
1  0  0  0  2  3  11  0  0  0  0  0  0  41  71  8  0  0  0  0  0  0  0  6  0  0  0  0  0  0  0  1  0  0  0  0  0  0  0  0  0  0  1  0  0  0  0  0  0  0  0  1  0  0  0  0  0  0  0  0  0  125  0  0  0  8  0  0  0  0  0  0  0  0  11  0  0  2749  50  824  667  3  4  0  0  201271  86  698172  848413  17445  29  439  2  0  1  0  0  19  2  63  0  56  33362  0  0  0  0  1  1  10  419  31  160  50530  1515  0  0  0  13714  0  0  0  1592  71  0  0  22191  58721  67  8  3  2  2  15  0  51820  0  0  15  59  47  318181  77  0  0  817  30  0  
1  0  0  0  15  1  0  0  0  0  0  0  0  3  8  1  0  0  0  0  0  0  0  1  0  0  0  0  0  0  0  0  0  0  0  0  0  0  0  0  0  0  0  0  0  0  0  0  0  0  0  0  0  0  0  0  0  0  0  0  0  7  0  0  0  2  0  0  0  0  0  0  0  0  227020  0  0  1  606541  103  8  0  0  0  0  6  11  49  1413844  17197  0  12  0  0  0  0  0  696  0  0  0  0  0  0  0  0  0  0  0  0  0  0  1  6  1  0  0  0  1  0  1  1  20  0  0  18993  0  299728  0  0  0  0  0  0  0  1385  0  13  0  64  1  80  0  2  0  1  0  0  
0  0  1  0  0  0  60  0  0  1  0  0  0  2  0  21  1  11  0  0  0  0  0  0  0  0  0  0  1  1  0  2  0  0  1  0  0  0  0  0  0  0  0  0  3  3  0  1  2  0  0  0  0  2  0  0  0  0  0  0  0  3  0  0  0  0  0  1  0  0  0  0  0  0  13  1  2  3055  147  10  4052  58  0  0  0  8972  1  303  633839  652689  2515  6197  2  3  1  0  2  0  43  59  3  55  5098  0  0  0  0  0  0  9  375  1  4  2595  640  0  0  3  9992  1  0  1  45949  84  1  21707  302096  0  696  191  5  0  13  309  0  389  0  0  4  3  650  18949  281049  0  0  381  126  0  
0  0  0  0  0  0  0  0  0  0  0  0  0  0  0  0  0  0  0  0  0  0  0  0  0  0  0  0  0  0  0  0  0  0  0  0  0  0  0  0  0  0  0  0  0  0  0  0  0  0  0  0  0  0  0  0  0  0  0  0  0  0  0  0  1  0  0  0  0  0  0  0  0  0  0  1  0  69  0  0  1  1  2  0  0  5  0  0  981  56  7  0  9  6  3  0  0  0  225168  230213  458  6042  1007  3  0  0  0  1  0  897  293  12  0  0  8206  0  1  3  1550  0  0  0  22  99  0  78  0  237  0  166328  46  12  15  1334  1  0  0  0  24  1  223296  194  736  0  0  326  7434  0  
5  0  1  0  1  0  0  0  0  48  0  0  0  0  0  0  0  1  0  0  0  1  0  0  0  0  6  0  1  270  1  2  0  10  1  0  0  11  0  0  2  0  0  5  0  31  0  6  0  0  0  0  0  0  0  23  0  0  0  0  0  1  5  0  17  34  0  0  0  0  77  1  109  0  6  510  86  27  5  6  8  7  440  215  14  2  1  1  302  33  3  0  45181  104666  1617  2  53  4  676558  830  1206375  9895  233  50734  3  0  0  61  12  107  3450  219  0  0  2333  5  31  601  732  325  1  34  41  2180  52  31  0  112  208135  0  25461  221045  4277  34913  72  0  3  0  56003  335  489331  39  232  2  166  724  128704  0  
1  0  0  0  0  0  0  0  0  2  0  0  0  0  1  0  0  0  0  1  0  0  0  0  0  0  0  0  0  7  0  1  0  0  0  0  0  1  0  0  0  0  0  3  0  0  0  0  0  0  0  0  0  0  0  0  0  0  0  0  0  0  0  0  0  10  0  0  1  0  6  0  4  0  90  142062  0  2  106  6  0  0  56  61  1123  0  9  1  2  41  23  43  1181901  41873  11972  214  581  37  441  23  369  13  1  372  7  5  0  529  50  55  3172  935  0  0  208  392097  84  18583  6  1  11  491  0  3462  33002  3  0  0  4  14237  0  96246  90747  7754  1057  4  10  8  6106  586  139  3  0  12  10  1916  98992  0  
1  0  0  0  0  0  0  0  0  2  0  0  0  0  0  0  0  0  0  0  0  0  0  0  0  0  0  0  0  4  0  2  0  1  1  0  0  0  0  0  0  0  0  3  0  1  0  0  0  0  0  0  0  0  0  0  0  0  0  0  0  1  2  0  0  7  0  0  0  0  0  0  1  0  44  911  0  2  20  4  2  0  32  484  3042  1  3  0  1  10  30  20  367936  480371  365  0  285  22  5027  11  1385  6  1  3885  11  3  0  198  19  24  955  216  1  0  125  119  15  17572  4  0  0  330  2  821  1775  0  0  0  2  326602  95055  0  41  926  105  5  22  0  132188  1327  61  2  0  4  9  967  7215  0  
0  0  0  0  0  0  0  0  0  0  0  0  0  0  0  0  0  0  0  0  0  0  0  0  0  0  1  0  0  1  0  1  0  0  0  0  0  0  0  0  0  0  0  0  0  0  0  0  0  0  0  0  0  0  0  0  0  0  0  0  0  0  1  0  0  0  0  0  0  0  0  0  0  0  1  141176  0  0  2  0  0  0  7  4  2  0  0  0  9  4  1  0  397994  11  5540  0  14  1  5729  85  1360  37  12  6  0  0  0  32  5  91  115535  140512  0  0  101  1  31  13  9  1  0  15  4  2528  18  1  0  4  97  8433  147841  376  0  53366  39  0  1  0  51  5  1108  5  8  0  1  182737  189394  0  
0  0  0  0  0  0  0  0  0  0  0  0  0  0  0  0  0  0  0  0  0  0  0  1  0  0  0  0  0  2  0  0  0  0  0  0  0  0  0  0  0  0  0  0  0  0  0  0  0  0  0  0  0  0  0  0  0  0  0  0  0  1  0  0  0  0  0  0  0  0  0  1  2  0  73  21122  0  4  45  3  0  0  14  22  19  4  3  0  18  20  3  7  19393  329  283709  19  1254  40  875  72  1527  35  24  14  6  1  0  1200  261  85  608433  2060  0  0  270  187  245  988  19  0  2  678  23  219961  6612  3  0  17  228  5974  28931  1063  94070  0  16752  1  3  7  120  198  1665  3  13  13  1  2536  9480  0  
12  0  0  0  1  0  1  0  1  4982  0  0  0  0  0  0  0  0  0  0  0  0  23  1  0  0  2  0  0  0  0  5  0  8  11  0  12  29  0  0  0  0  19  351  0  1  0  1  0  1  0  0  0  0  0  0  0  0  0  3  66  2  5  0  6  1389  0  0  0  0  0  15  47  0  490  3044  0  0  262  26  0  0  1  376  430  0  4  0  1  87  4  58  1495  77  520811  712315  288790  206  1  0  2  0  0  4  29  10  0  1059  1073  0  352  964  0  0  0  7957  12624  95175  0  0  14  796  0  83212  218554  0  0  0  0  15  1346  490  3  16933  0  5  22  41  1733  15340  1  0  0  101  0  107  1490  0  
112  0  0  0  782  151  7  3  0  0  0  0  1  75  659  114  1  2  0  0  0  0  0  223  0  0  0  0  0  0  6  2  0  0  4  0  0  0  0  0  0  0  0  0  0  0  0  0  0  0  0  1  4  0  0  0  0  0  0  0  1  925  0  0  0  244  0  0  0  20  0  0  0  0  11328  0  0  0  2463  4453  86  12  4  4  0  0  88524  55642  184388  30455  14  198  5  4  0  2  7  278980  0  0  2  0  1  0  0  1  0  0  1  0  0  0  100  5  29  10  0  12  4  0  0  3  9  3  11  64404  141  46  0  2  2  4  0  1  5  0  0  796  4  4235  10  0  0  26  3  1  0  0  
30  0  0  0  1  19  1  0  0  11  0  0  0  0  0  1  14  0  0  0  0  0  18  142  0  0  0  0  0  0  1223  271  0  0  13  0  0  0  0  0  0  0  4  1  0  0  0  3  0  0  0  0  0  1  0  0  0  0  0  0  1  0  499  5  0  111  0  0  0  1  0  0  1  0  1156  4  0  0  7  47235  0  0  2  12  0  0  0  0  0  21  9746  3416  28  48  7  15  117818  583159  0  0  0  0  0  0  480346  87148  0  9  7534  0  1  3  0  0  0  77  593  230  0  0  336  617  0  16  70  0  0  0  0  2  48  57  0  6  38  0  0  15883  22  25140  0  0  0  27538  0  0  7  0  
65  0  1  0  7  3  1  0  0  1  0  0  0  0  0  1  0  0  0  0  0  0  0  40  0  0  0  0  0  0  0  4  0  0  1  0  0  0  0  0  0  0  0  0  0  0  0  0  0  0  0  0  0  1  0  0  0  0  0  0  0  1  2  4  0  19  0  0  0  0  0  0  1  0  85349  35  0  1  12832  1348  8  0  3  2  7  10  1705  1  3  3042  1427  12620  449  44  78  95  17816  1307353  0  0  2  0  0  1  670  131  0  481  9154  0  4  26  116  0  97  436  9643  356  2  0  13255  7780  14  121  1549  0  2  0  0  4  147  70  0  71  638  621  12547  0  19  1132  21  0  0  918  0  10  68  0  
0  0  0  0  0  0  1  2  2  10  4479  0  0  0  0  3  1  0  0  697  0  3555  0  1  0  0  5  0  0  316  0  0  0  11  0  1  0  5  0  0  0  0  1  1113  0  9  0  7  0  0  0  0  0  0  0  6  0  0  0  0  0  3  2  0  130  48  0  0  0  0  69  3  79  0  7  39  0  0  2  23  36  560  47966  34352  434082  1  1  0  1  14  2  3  28668  377609  79  39140  156  4  3455  10  2909  10  0  540987  6  1  0  62  8  33  509  48  0  0  304  49  8  539301  7  5  1  62  2  366  54  7  0  3  4  57058  7912  75683  11  476  2506  0  3  0  0  4595  27  1  0  0  25348  282  857  0  
12528  12  56  0  3036  25987  1027  2685  6475  213555  11  4  3  557  3406  1484  28  32  1  6  47  55  227  18534  0  3  65  0  7  8243  1005  8941  0  143  170  3  101  561  0  1  3  22  319  8977  7  1419  1  103  2  17  21  22  26  2  1  133  1  0  1  103  1377  2734  2410  2867  677  336246  1  5  3  245  1659  274  1608  10  28192  102  30  0  8896  399699  191491  162860  264639  104007  506  11  711  182  88  26506  153  1019  198  2626  864  129  2479  18735  3  2  255  1  2  2528  6472  90197  0  183  309  6  97  135  16  13  66  906  1455  124951  37  72  77  191  31  612  1291  76  20  1  0  821  224  901  0  450  8919  2158  4446  143  17979  0  10  0  2  16043  22061  210  888  0  
0  0  0  1  0  0  2  3  0  22  0  0  0  1  0  0  2  0  0  0  0  0  0  0  0  0  0  0  0  8  0  1  0  0  0  0  0  0  0  0  0  0  0  0  0  36  0  1  0  0  0  0  0  1  0  0  0  0  0  0  0  0  0  0  0  3  0  0  0  0  3  0  0  0  9  52  129721  13958  11  2  37  10  0  1  0  231  4  3  2274  218  111  18  252  4  102  0  5  1  3806  654216  326486  1496134  19126  7394  1  0  0  77  0  3173  527  26  0  1  16217  0  7  2  702999  22297  0  2  851  378  6  76  0  634  162038  454857  240  9  176  5783  7  0  1  0  21  7  0  349  4467  0  10  271  1032  0  
0  0  0  0  0  0  3  0  0  0  0  0  0  0  0  1  0  1  0  0  0  0  0  0  0  0  0  0  0  0  0  0  0  0  0  0  0  0  0  0  0  0  0  0  0  0  0  0  0  0  0  0  0  0  0  0  0  0  0  0  0  1  0  0  0  0  0  0  0  0  0  0  0  0  0  0  0  3887  0  0  637  14  0  1  0  229272  0  180  345524  1604  50  17  2  0  0  0  0  0  6  89  1  104  565674  0  0  0  0  0  0  12  259  23  0  551  1467  0  0  0  64272  0  0  0  21874  52  0  461437  74  29522  237  20  4  0  0  36  0  1  0  0  5  0  249  0  96510  0  0  520  36  0  
1  0  4  2  0  0  3  49  0  0  1  0  0  1  1  48  10  27  0  0  0  0  0  2  0  0  0  0  7  1  0  1  0  0  0  0  0  0  0  0  0  0  0  0  2  2  0  0  1  0  0  0  0  0  0  0  0  0  0  0  0  5  0  0  0  0  1  4  0  0  0  0  0  0  2  0  616  890  5  3  36  216  1  0  0  136  3  2  109241  235463  2228  235  1  3  0  0  2  1  72  95  16  167  851707  3  0  2  0  0  0  19  156  3  0  8  320  0  0  2  140396  3  0  0  2014  41  0  73  0  375710  1227  324  17  3  12  404  0  3  1  0  5  1  1521  94003  0  0  0  126  155  0  
5871  0  0  0  333  831  0  0  0  5  0  0  0  0  1  15  0  0  0  0  0  0  0  2410  0  0  0  0  0  2  33251  30  0  0  9  0  0  0  0  0  0  0  0  0  0  0  0  0  0  0  0  0  0  0  0  0  0  0  0  0  0  12  62  168  0  2370  0  0  0  5547  1  0  1  0  46967  6  0  0  5583  327363  1  0  2  1  0  0  6  0  3  227979  50  326  50  9  11  13  828  8704  0  0  0  1  0  0  357885  30261  0  7  26  0  2  5  0  0  40  61  7  60  3  0  87  46  2  17  249  0  1  0  0  4  27  20  0  11  113  11  23618  224  1  74040  11  0  1  0  0  1  10  0  
0  0  350  0  0  0  30  801  2167  53  206  0  0  1  1  328  3  5  0  5  0  11  0  0  0  0  0  0  0  4304  0  0  0  0  0  0  0  0  0  0  3  0  0  2  4  523  0  2  0  0  0  0  0  1  0  2  0  0  0  0  0  0  0  0  181  121  0  1  0  0  8516  0  9  0  0  2  674  0  0  98  788  14827  322309  26567  15  1  0  3  0  2574  0  2  46  220  4  0  1  0  3  0  1476  3  0  852187  0  0  0  1  1  2  59  6  0  1  15  0  2  415  2  204630  0  0  5  48  3  1  0  1  0  736  152  19  0  22  2  0  0  0  82034  6810  6  0  1  0  0  20  16  0  
0  0  0  0  0  0  1  0  1  2  0  0  0  0  0  0  0  0  0  0  0  0  0  0  0  0  1  0  0  2  0  0  0  0  0  0  1  0  0  0  0  0  0  2  0  0  0  1  0  0  0  0  0  0  0  0  0  0  0  0  0  0  0  0  1  5  0  0  0  0  1  1  4  0  4  297  1  193  7  0  22  6  85  51  31  90  0  3  322  162  11  3  3230  720  617  116  62  4  5830  5524  862  45  249  25  0  0  0  129  20  10449  761273  1230207  0  6  16647  320  23974  1079  496  0  0  21  264  34305  1448  852  0  313  1510  3347  1777  1302  341571  7051  352  0  1  1  511  139  671  299  114  0  7  0  116803  0  
0  0  1  0  0  0  0  1  0  16  0  0  0  0  0  1  0  0  0  0  0  0  1  0  0  0  1  0  0  47  0  3  0  6  0  0  1  4  0  0  0  0  0  6  0  3  0  2  0  0  0  0  0  0  0  2  0  0  0  1  0  1  2  0  2  34  0  0  0  0  21  0  41  0  64  716  2  925  38  4  1  1  582  349  162  188  1  2  90  64  37  71  341740  3016  1794  279  490  25  1472192  85445  5709  94  93  150  7  1  2519  1045870  4852  94130  11849  1130729  0  2  82164  1516  13188  5906  174  0  3  14671  136  7627  8067  186  0  83  18427  177542  133759  9411  135461  25348  2858  1  7  7  2538  570  3845  47  58  7  32  103068  0  26089  
0  0  0  0  0  0  0  0  0  0  0  0  0  0  0  0  0  0  0  0  0  0  0  0  0  0  0  0  0  0  0  0  0  0  0  0  0  0  0  0  0  0  0  0  0  0  0  0  0  0  0  0  0  0  0  0  0  0  0  0  0  0  0  0  0  0  0  0  0  0  0  0  0  0  0  0  0  95  0  0  0  0  10  2  0  28  0  0  0  0  2897  100  0  1  0  0  1  0  0  29689  0  0  0  3  0  0  146774  90265  261  157198  1  2  0  0  135766  0  0  3  0  0  0  1427  21  0  0  0  0  0  0  7  1  2  0  0  0  0  0  0  8  2  0  0  0  0  0  6  8701  0  
