0  0  19  0  332847  5130  1  1  0  32  1  5  0  35  113766  9270  68  1116  8  6  0  9  126  331855  0  0  2  4  4  4  128531  1449  0  321  535  0  3  9  4  3  0  8  31  2  5  11  788  267  20  0  1  99  134344  469  0  3  0  2  0  1  6  48  2996  46638  2  18391  7  0  0  1792  0  0  24  0  1606  0  7  0  3517  335  9  0  0  0  1  0  178  23  20  327  2  3  0  3  0  0  4  1893  0  0  11  6  1  5  0  3  0  2  3  0  0  0  9  1  0  1  4  0  1  10  0  1  1  0  0  3  9  2  0  0  0  0  0  0  0  249  11  216  0  7372  1  0  0  0  2  0  14  0  
9  0  0  0  0  0  0  0  0  831  20  3  0  1  2  0  3  15  432416  11469  238514  123871  370  38  0  0  0  0  0  0  0  2  0  1164  15  0  937  148  1  0  0  331455  1511  3517  0  0  4  22  1  2729  102578  0  0  1  0  0  55255  214  140819  771  6109  7  13  39  7  212  0  0  0  0  0  10894  478  0  1  0  0  0  0  0  0  0  0  35  26  0  0  0  0  0  0  0  0  20  0  0  2  0  0  0  0  0  0  0  0  0  0  0  0  0  0  0  0  0  0  35  0  37  0  0  0  0  0  2  0  0  0  0  0  0  0  1  0  1  99  0  1  0  0  1592  0  0  0  0  0  0  0  0  
19  0  0  28  1  2  58  101702  4  3  0  13  0  9  43  356760  17  33  3  5  0  0  1  17  0  1  177215  209084  277914  79219  0  1  0  2  0  0  1  1  1  4  6  3  1  0  124778  277251  2  3  55  0  0  5  0  24  0  19  0  0  0  0  1  7  2  4  0  218  45169  1  25092  0  41  0  0  0  3  0  818  3  1  0  3  322  293  0  0  0  0  0  0  1169  7  2  0  0  0  0  0  5  0  0  197  490  221  3717  2  4  0  0  0  0  0  0  0  1  3  5  2  1  87  2415  0  0  2  0  0  0  0  1  0  10  0  1  0  0  0  0  2  3  0  32  29  4  20  0  1368  0  0  0  
0  0  53  0  0  1  13  11  0  0  0  147625  0  22  2541  2980  2066  4082  5  2  0  1  0  20  2211  393886  431  168685  100521  7  0  0  5799  4749  0  24439  2  194  4  62  182892  0  1  0  96544  11  6  363  543533  0  0  243  0  596  7272  664  1  1  1  2  0  21  0  11  4  1  2843  31666  478  0  0  126  710  3323  0  0  1  6  0  0  1  32  0  0  0  2  0  0  0  72  3  3  0  0  0  0  0  0  0  0  0  0  42  0  0  0  0  0  0  0  0  0  0  0  0  0  0  0  7  1  0  0  5  0  0  0  0  1  0  0  0  0  0  0  0  0  0  0  0  0  0  5  0  0  1  0  0  0  
328981  0  2  0  0  5614  0  0  0  7  0  9  0  46  160688  229146  0  5  0  0  0  1  0  9507  0  0  2  0  5  0  54954  65  0  1  2  0  0  0  9  4  0  1  3  0  1  0  1  0  29  0  0  126  79754  2576  0  0  0  0  0  0  0  212  93  72  0  9874  2  1  1  5215  0  0  0  0  1577  0  2  0  3241  220  1  0  0  0  0  0  116  11  6  264  0  1  0  1  0  0  4  1200  0  0  2  3  0  2  1  0  0  2  2  0  0  0  5  0  0  0  1  0  0  1  0  1  0  1  0  1  13  1  0  0  0  0  0  0  1  118  1  164  0  1877  0  0  1  0  1  0  3  0  
20750  0  1  0  15398  0  197953  11  0  8  0  7  0  492  2325  750607  467  2002  0  0  0  2  177  9928  0  0  0  0  0  0  7202  43326  0  54  792  0  0  0  61  177  0  0  33  1  1  1  2043  516  511  0  0  53  13  121  0  0  0  0  0  0  0  1070  41238  3880  0  487802  0  1  1  416233  0  0  2  0  5006  0  1  0  11862  88365  782  33  3  1  0  1  982  1590  286  12247  21  40  0  1  0  0  68  3323  0  0  0  1  2  4  3871  990  0  19  75  0  0  0  89  5  0  3  52  0  1  4  0  5  195  2  0  832  110  33  0  0  0  0  0  0  1  5626  257  405  0  36962  0  1  0  11087  44  0  16  0  
17  0  102  6  36  247163  0  178527  914  131  0  1155  0  94  249  503359  3  5  0  2  0  0  0  58  0  1  67  3  14  5775  0  0  0  0  0  0  0  0  1  174  0  2  2  6  1  432  0  0  623  0  0  68  1  298  0  2  0  0  0  0  0  29  0  1  69  260072  0  345  0  63  5949  0  2  0  4  0  11  24  18  315  13666  10980  8  5  0  583  6  135  97  11253  386  1386  1  2  0  0  2  27  0  1  4  5  284  68  0  0  0  46  4  0  2  4  0  91  36  5  5  1  8  62  1  65  2835  0  0  104  1  28  0  0  0  0  0  0  0  108  1  0  0  1943  4  163  6  0  204  3  35  0  
0  0  130688  3  0  151  164349  0  67017  132  0  11  0  0  4  257669  0  1  0  1  0  0  0  4  0  0  176  12  476  48188  0  1  0  0  0  0  0  0  0  1  1  0  1  14  20  215012  0  0  11  0  0  0  0  31  0  5  0  1  0  0  0  0  1  0  306  184741  12  1  49  0  30041  0  0  0  2  0  709  73  0  2  360  25164  11362  47  0  60  2  12  5  11290  99  94  1  1  0  0  0  3  0  0  32  114  568  2506  0  1  0  0  0  0  0  0  0  14  7  1  0  3  145  3223  0  3  192  0  0  5  0  54  0  2  0  0  0  0  0  13  0  0  0  3811  8  106  84  0  1452  0  4  0  
0  0  3  0  0  8  1161  73417  0  23265  0  1  0  0  0  108  0  0  0  0  0  0  0  0  0  0  121  0  0  158006  0  0  0  1  0  0  0  0  0  0  0  0  0  81  0  51201  0  0  0  0  0  0  0  0  0  3  0  0  0  1  0  0  0  0  3047  209892  0  0  0  0  216476  0  2  0  0  0  3  0  0  0  0  174  31161  17586  0  0  0  0  0  5  0  0  0  0  0  0  3  0  0  0  0  4  0  3850  0  0  0  0  0  0  0  0  0  0  0  0  0  1  0  76  0  0  1  0  0  0  0  0  0  0  0  0  0  0  0  0  0  0  1  6123  0  0  0  0  1465  1  0  0  
56  21  1  0  1  26  352  154  19349  0  3759  0  0  1  1  91  1  5  204  8866  10  2452  70033  62  2  0  689  1  0  60960  7  299  0  196  96  0  391  26  1  0  0  5559  4689  199171  0  2  2  0  0  91  22  0  0  1  0  47  35  241  1  13  6539  6  195  74  36201  386951  0  0  0  0  161  21  113  0  1  0  1  1  4  11  2  3  13  92387  97  0  1  0  0  1  3  0  3  44  1  125  14026  61  1  0  7  2  1  289  66  190  0  19  18  0  32  18  0  0  1  38  1987  138  0  8  0  4  0  80  3  0  0  0  0  3  0  10  1  4  10152  3  155  10  58  141402  0  0  0  0  33  26  22  0  
1  20  0  0  0  0  0  0  0  17059  0  1  0  0  0  1  0  1  1005  409556  13  89969  161  5  0  0  12  0  0  37534  0  0  0  21  1  0  15  4  1  0  0  73036  9  1037012  0  0  0  4  0  4  17  0  0  1  0  8  6  12  0  15  1864  1  6  9  368794  6608  0  0  0  0  321  25  23  0  0  0  0  0  0  0  0  0  1  287  976  0  0  0  0  0  0  0  0  131  1  451  12  0  0  0  4  0  0  913  0  0  0  0  0  0  0  0  0  0  0  71  18  147  0  0  0  1  0  2  0  0  0  0  0  0  0  14  0  0  33  0  0  1  9  2735  0  0  0  0  1450  1  2  0  
1  0  4  143626  0  11  920  52  0  1  0  0  34298  107667  33190  41601  443  3773  16  23  0  2  0  9598  77  405  22  41  3774  18  0  0  657  1528  86  69  7  21  1039  121183  116  14  4  1  105  8  962  436  597319  0  0  215836  2  13694  54  24  3  3  0  5  0  45  0  324  1  13  28  161059  171  0  3  19  81  1  0  0  1  9  1  0  132  269  0  0  0  32  0  4  5  444  51  106  0  0  0  0  1  2  0  0  1  2  70  4  0  0  0  4  2  0  1  0  0  7  2  0  1  0  4  1  0  10  114  0  0  2  0  1  0  0  0  0  0  0  0  0  0  0  0  3  0  12  0  0  2  0  11  0  
0  1  0  1  0  0  0  0  0  1  0  30301  0  26527  0  4  140  7284  2  2  0  3  0  168293  0  0  0  0  0  0  0  0  0  61  44  0  0  2  175877  3709  0  4  0  0  0  0  148202  139  50022  0  1  0  0  1  0  2  1  0  0  1  0  16808  0  845  0  0  0  2027  0  0  0  2  4  0  1  0  0  0  1  0  0  0  0  0  0  0  0  0  0  0  0  0  0  0  0  0  0  0  0  0  0  0  0  0  0  0  0  0  0  0  0  0  0  0  0  0  0  0  0  0  0  0  0  0  0  0  0  0  0  0  0  0  0  0  0  0  0  0  0  1  0  0  0  0  0  0  0  0  
11  0  2  3  12  60  29  0  0  1  0  75077  25309  0  11237  12916  32  211  0  3  0  5  0  1740  0  0  3  2  16  0  0  0  0  6  0  1  1  0  187532  102550  0  3  6  1  5  0  62  35  111821  0  0  341114  7  2513  0  1  0  0  0  0  0  99084  0  53  0  3  1  94  0  0  0  0  3  0  3  0  0  0  3  5  34  2  0  0  0  3  8  14  1  31  1  21  0  0  0  0  0  8  0  0  0  0  2  0  0  0  0  1  0  0  0  0  1  1  0  2  1  0  0  2  0  3  33  0  0  5  0  0  0  0  0  0  0  0  0  38  0  1  0  2  0  1  0  0  3  0  1  0  
103066  0  65  2520  182279  1571  73  4  0  2  0  35190  0  14485  0  368467  13  77  2  5  0  2  0  63156  17  42  299  1100  22677  1  1  0  0  4  1  4  1  1  59  1674  8  2  1  0  5780  4  1  8  3990  0  0  1055472  1323367  587097  7  430  0  0  0  0  1  125158  0  16  0  49  904  165165  231509  0  0  0  2  0  20  0  0  2  131  17  100  28  0  0  0  16  248  100  61  295  21  84  0  0  0  1  0  620  0  0  0  1  13  1  0  0  0  4  0  0  0  0  16  4  0  3  0  1  0  0  0  7  104  0  0  20  24  3  0  0  0  0  0  0  0  783  0  2  0  2  0  1  1  0  4  0  8  0  
8847  1  301088  3414  325524  652067  595150  335661  16  9  0  42483  0  13814  403417  0  123  654  11  19  0  3  9  3508  9  34  38  37  41537  196  30512  16061  0  29  103  13  2  4  638  12926  16  18  10  5  1362  321  183  137  20272  0  0  9067  10213  719339  3  19  2  2  0  0  2  4848  2172  243  0  64098  39  5104  158518  83633  68  4  17  0  2552  0  347  353  5680  6841  5734  16073  3208  3  2  850  443  1552  178  32033  862  2232  1  8  0  1  18  1335  5  0  33  24  2447  273  27  157  0  81  30  0  4  8  105  51  53  34  21  1  445  2413  1  140  3137  0  0  946  31  142  0  12  0  4  0  0  0  3651  58  229  3  2922  24  623  363  1  276  1  81  0  
621  0  25  8675  9  287  0  0  0  0  0  710  5  133  43  257  0  328982  16  19  0  2  32135  13848  7  15  205  359  533  7  95  321  3749  1057  134646  79  2  5  31  113  35088  2  119  0  189  4  14519  250704  307949  0  0  5  0  4  1  151  4  7  0  3  2  334  5336  8067  2  605  479  28  14  2  0  12  71  19  2  0  0  2  8  16  1  0  0  0  0  0  3  0  0  5  0  0  0  0  0  0  3  14  0  0  0  0  1  4  36  25  0  0  4  0  0  1  0  0  0  0  20  1  0  0  0  0  2  2  0  0  0  1  0  0  0  0  0  0  0  5  37  0  0  22  0  1  1  3  0  0  0  0  
6451  0  16  20570  9  3710  9  1  0  1  0  8654  4857  320  155  1714  257122  0  10  13  0  5  64196  41199  33  22  123  289  786  2  309  4443  195  5244  64007  17  7  19  1349  733  61  9  253  1  332  0  255592  45042  411799  4  3  23  0  131  2  172  3  3  0  3  11  609  76197  49777  0  7687  292  297  31  29  1  10  106  2  4  0  0  2  8  79  1  2  0  0  0  1  2  1  0  17  1  2  0  0  0  0  0  14  0  0  0  0  6  0  5  0  0  0  0  0  0  0  0  0  0  0  1  0  1  0  0  0  1  0  0  0  0  0  0  0  0  0  0  0  0  3  8  1  0  81  0  1  0  0  0  0  2  0  
20  323407  0  0  0  0  0  0  0  754  259  6  0  7  5  6  5  107  0  184585  16068  47  247  153  113680  15  2879  0  1  146  1  8  1  2246  48  11  4345  12503  0  1  5  237266  1657  1234  2  0  22  261  7  4256  480  0  0  3  3  21126  1004086  383137  244445  17219  1807  29  88  173  4122  254  0  0  0  0  2  101710  299958  1  4  0  0  0  1  0  0  0  0  31  32  0  1  0  1  3  1  0  0  36  0  0  0  4  2  0  0  0  0  7  1  0  0  1  0  0  5  0  1  0  0  30  2  14  0  0  0  0  1  0  0  0  0  0  0  0  0  6  0  0  30  1  4  0  7  1022  0  0  0  0  1  0  8  0  
64  2443  0  0  3  0  3  0  0  17459  390797  7  3  12  8  36  36  251  150789  0  1458  5049  75  370  239  1  103639  0  0  398  3  14  0  2604  100  1  5046  483  6  10  1  149087  845  72364  1  0  69  714  32  1491  58  1  0  8  2  125418  2585  205675  452  7718  1830  66  243  411  121179  10833  0  0  0  0  0  3985  2315  0  2  1  0  0  2  1  2  2  0  669  327  0  2  0  0  2  0  1  6  520  2  33  15  10  0  0  2  0  0  7  1  0  0  6  0  0  8  4  0  0  0  453  8  136  0  1  0  2  0  4  2  0  0  0  0  0  2  108  0  10  72  5  4  2  58  10000  0  0  0  0  0  3  18  0  
3  276142  0  0  0  0  0  0  0  149  8  0  0  0  1  1  1  6  18867  9234  0  132333  207879  17  1  0  0  0  0  0  0  1  0  2281  55  0  34738  1021  0  1  0  8344  13400  876  0  0  3  12  1  359465  112048  0  0  0  0  0  5336  2553  38458  441078  462488  2  36  24  50  33  0  0  0  0  0  6404  171  0  0  0  0  0  0  0  0  0  0  8  13  0  0  0  0  0  0  0  0  19  3  2  1  0  0  0  0  0  0  0  0  0  0  0  0  0  1  0  0  0  0  11  0  6  0  0  0  0  0  0  0  0  0  0  0  0  0  3  0  0  19  0  0  0  1  311  0  0  0  0  0  0  1  0  
59  90555  0  0  0  2  0  0  0  8803  85976  0  1  5  6  9  1  64  113  23019  60831  0  48549  236  0  0  2  0  2  20466  2  4  0  1080  34  0  381  108  1  2  0  330062  356  766252  0  0  22  40  2  93  205909  0  0  3  0  1  29  2  2  75  801407  23  109  203  1115  2385  0  0  0  0  34  526  1571  0  1  0  0  0  1  0  0  0  0  222  5828  0  0  0  0  2  0  0  1  230  247  4068  50  6  0  0  7  0  0  412  1  0  0  5  2  0  3  0  0  0  0  97  192  1704  0  0  0  0  1  11  1  0  0  0  0  0  0  4  0  1  255  0  4  0  598  2640  0  0  0  0  321  2  0  0  
3384  319  1  1  25  160  0  0  0  44387  160  0  0  1  5  33  34550  73195  209  330  99426  40997  0  11358  0  0  1  0  21  21  158  1407  0  7089  181736  0  16791  27  1  0  0  26  478303  72745  0  0  1357  10738  0  74462  93  0  0  1  0  0  122  10  6  24  212558  14  70141  7901  119  307  0  0  0  9  0  6  27  0  0  0  0  0  2  25  1  1  0  2  1  0  0  1  0  7  2  1  0  0  0  0  17  17  0  0  0  0  0  0  108  149  0  3  9  0  0  0  0  0  0  1  77  1  0  0  0  0  0  0  0  0  0  0  0  0  0  2  0  2  2  1  245  2  0  65  0  1  0  1  1  1  0  0  
404818  4  12  0  6037  5535  3  0  0  32  0  8187  147609  1871  66448  3850  28805  103326  22  29  0  30  8988  0  0  0  12  2  12  2  184147  5110  1  1546  36069  0  10  7  5843  567  2  49  196  8  5  4  257562  25282  2519  4  4  67  63  160  0  6  4  6  0  4  40  127343  601562  1194304  1  24749  7  772  1  371  0  7  205  0  863  0  1  0  3449  1643  41  6  0  0  2  0  1084  141  232  1748  4  6  0  5  0  0  44  15316  0  0  3  1  3  0  1779  155  0  15  39  0  0  0  48  0  1  10  33  0  1  4  1  0  4  0  0  24  92  6  0  0  0  0  0  0  0  1836  1336  139  1  4997  0  0  1  23  7  1  14  0  
0  0  1  668  0  0  0  0  0  7  0  403  0  0  147  38  9  34  121818  781  0  0  0  5  0  184604  4452  1423  4511  163  0  0  4  33856  0  966  104  7285  1  1  861  0  1  0  12706  3  1  23  259  0  0  29  0  11  143836  633673  177  30233  9  290  0  4  0  0  19  2  6832  234  68  0  5  3792  1055138  9  1  0  0  0  1  0  0  0  0  0  0  0  0  0  0  0  0  0  0  0  0  0  0  0  0  0  6  0  0  11  0  0  0  1  0  0  0  0  0  0  0  0  0  0  0  1  0  0  0  0  0  0  0  0  0  0  0  0  0  0  0  0  1  0  0  3  0  0  0  0  8  1  1  0  
0  0  4  387495  0  0  3  1  0  6  0  4548  0  1  292  175  16  21  19  9  1  0  0  3  184080  0  3585  74364  10357  49  0  0  77  71348  0  196254  34  2293  0  13  360858  0  1  0  6485  5  0  21  12556  0  0  255  0  50  339569  113537  9  4  0  45  0  2  0  0  1  2  459213  2637  53  0  1  1285  13656  557  0  0  0  0  0  0  0  1  0  0  0  0  0  0  0  0  1  0  0  0  0  0  0  0  0  0  1  0  0  2  0  0  0  0  0  0  0  0  0  0  0  0  0  0  0  0  0  0  1  0  0  0  0  0  0  0  0  0  0  0  0  0  0  0  1  0  0  0  0  0  1  0  0  0  
13  0  125186  216  0  2  109  68  11  707  90  108  0  12  1718  89  252  189  4402  62725  2  11  0  50  4184  465  0  101050  4986  515206  0  1  15  2722  4  460  25  526  0  5  417  2  9  89  6451  30853  2  408  851  0  0  7  0  11  22  1333492  238  5354  2  48  0  43  7  17  103013  351  232637  217  671  0  1806  305  4040  26  4  0  42  0  2  0  0  2  0  73  2  0  2  3  0  3  15  3  0  4  1  0  4  4  2  0  316  15  1  1380  2  3  1  41  1  0  15  31  0  0  9  12  9  12  3  113  0  8  0  0  0  0  0  0  0  39  0  3  0  1  3  1  4  0  17  126  15  0  0  0  369  18  72  2  
1  0  173787  179406  1  0  0  2  0  0  0  275  0  8  3931  69  170  395  2  1  0  0  0  20  4056  62410  34018  0  36184  8  0  0  0  14  0  213  3  163  3  14  1167  1  0  0  828936  8409  2  92  1535  0  0  17  0  20  3110  3530  5  0  0  2  0  15  0  8  1  0  986448  254  645  0  0  93  1265  0  0  0  17  0  0  0  0  1  0  0  0  0  0  0  0  2  2  0  0  1  0  0  0  1  0  0  40  10  0  15  0  0  0  0  0  0  0  0  0  0  0  1  0  0  1  32  0  0  0  0  0  0  0  0  0  1  0  1  0  0  0  0  0  0  0  2  4  0  0  0  0  0  0  0  
13  0  220490  105311  3  0  26  319  0  1  0  6276  2  75  114128  40508  435  1496  9  12  0  1  11  123  3105  3554  2521  23704  0  36  0  1  4  63  3  198  4  247  23  148  487  5  11  0  1279379  134  18  141  2821  0  0  25764  0  981  829  3612  4  3  0  9  0  134  0  72  2  9  19534  451517  445061  0  4  115  1620  1  2  0  125  3  1  3  6  111  0  0  0  1  1  2  0  655  10  3  0  0  0  0  0  6  0  0  13  12  140  16  0  1  0  1  0  0  0  0  2  0  1  2  0  0  30  109  0  0  9  0  0  1  0  0  0  2  0  1  0  0  1  4  3  1  0  12  0  5  20  0  8  0  0  0  
6  0  94309  1  0  80  17257  35616  106431  75443  22485  6  0  5  2  4102  10  4  35  60  0  13932  40  14  16  1  579490  13  31  0  0  1  0  329  2  25  19  79  0  3  19  1  6  57074  9  347489  0  20  7  0  0  1  0  5  1  95030  11  23  1  18  11  3  6  13  333408  37857  9  0  0  1  701836  59  623  1  2  0  223  0  4  1  61  285  9341  6655  436  3  2  2  1  216  17  6  2  55  0  202  6  3  7  0  799  94  5  50951  2  2  1  67  1  1  33  47  0  1  13  13  12  284  11  1069  0  14  11  2  0  1  0  0  0  84  0  9  0  5  3  4  6  2  3021  1376  30  0  2  0  8340  50  116  10  
136807  0  2  0  78950  11448  2  0  0  1  0  0  0  0  1  26051  1877  215  0  0  0  0  2031  138922  0  0  0  0  0  0  0  55330  0  14  1410  0  0  0  0  0  0  0  5  0  0  0  176  327  0  0  0  0  0  0  0  0  0  0  0  0  0  1  426034  7311  0  29710  0  0  0  361098  0  0  0  0  5366  0  0  0  872  2259  0  0  0  0  0  0  2  0  0  9359  4  2  0  1  0  0  88  19719  0  0  0  0  0  0  155983  436  0  2  103  0  0  0  0  0  0  0  6  0  0  1  0  0  0  0  0  0  0  0  0  0  0  0  0  0  0  2  12138  73  0  4964  0  0  0  23740  0  0  0  0  
11796  2  13  0  92  68193  0  0  0  129  0  0  0  0  0  24919  1681  6916  11  15  0  8  2116  6105  0  0  11  2  1  5  43962  0  0  1074  8239  0  806  56  0  0  0  6  6595  6  1  3  1348  719  0  239  0  0  0  3  0  3  2  4  0  13  17  2  264260  6398  1  46306  3  0  0  41577  0  5  5  0  33  3  4  0  29  6876  0  1  0  6  12  2  1  1  0  4  18  3  7  142  6  23  228  857  1  0  8  9  1  8  9899  5921  0  816  98  0  31  18  1  0  0  187  3627  9  0  7  0  2  0  207  28  0  0  0  0  1  8  71  1  35  112  1  24697  14  16  4434  1  0  0  604  1  36  153  0  
0  0  0  9711  0  0  0  0  0  0  0  813  1  0  0  1  7945  135  3  1  0  0  0  5  23  76  303  1  0  44  0  0  0  294597  45  738  0  21  0  2  138927  0  0  0  2  2  1  377658  5516  0  0  0  0  0  3  187  3  0  0  1  0  3  0  4  1  0  2  0  0  0  10  8  1673  151047  0  0  0  0  0  0  0  0  0  0  0  0  0  0  0  0  0  0  0  0  0  0  0  0  0  0  3  0  0  7  0  0  0  0  0  0  1  0  0  0  0  0  0  0  0  1  0  0  0  0  0  0  0  0  0  0  0  0  0  0  0  1  0  0  1  0  0  0  0  0  3  0  1  0  
1554  109  0  3658  38  4  1  0  0  175  6  1613  13  26  8  35  391  4263  1144  1433  100  596  1013  4552  32885  64150  2244  10  67  330  10  138  207884  0  174625  228230  940  89442  2  11  4489  617  80085  122  20  3  429  242689  7006  1006  127  4  0  6  210  1317  327  390  50  391  2347  85  4078  5272  101  66  65  11  4  0  27  2048  822161  58578  26  0  0  0  6  2  1  0  0  11  4  0  3  1  0  1  3  1  2  10  0  0  4  28  0  0  9  0  0  67  14  10  0  10  0  2  7  4  0  0  1  5  30  2  0  2  0  2  1  4  1  0  0  0  0  4  0  2  0  1  6  3  55  2  2  88  0  0  0  0  18  3  11  1  
6285  12  0  0  64  182  0  0  0  26  0  25  6  31  5  47  82944  51678  50  84  6  98  140501  20014  0  0  2  0  0  0  261  3809  3  233285  0  0  316  40  5  6  0  90  190126  13  0  0  12077  268301  102  304  13  0  0  1  0  2  12  5  3  19  215  95  54192  41438  3  364  1  0  0  9  0  19  1330  0  18  0  0  0  17  59  0  0  0  0  3  0  2  0  1  2  19  6  2  10  0  2  49  55  0  0  0  0  0  1  296  688  0  48  33  0  6  1  0  0  0  19  421  2  0  0  0  0  0  18  1  0  0  0  0  0  0  4  0  3  6  1  1117  8  0  282  0  0  0  1  0  3  14  0  
0  0  0  29695  0  0  4  0  0  3  0  1379  0  3  38  67  58  16  6  1  0  0  0  2  2461  199998  705  46  448  73  0  0  319  286643  0  0  11  390  0  3  366818  0  1  1  119  8  1  114  5441  0  0  36  0  23  3247  529  0  1  1  9  0  6  0  3  1  0  71  426  27  0  8  233  9883  166430  0  0  0  0  0  0  0  1  0  0  0  0  0  0  0  1  0  0  0  0  0  0  0  0  0  0  4  0  0  7  0  0  0  0  0  0  0  0  0  0  0  0  0  0  0  2  0  0  0  0  0  0  0  0  0  0  0  0  0  0  0  0  0  0  0  0  0  1  0  0  2  0  0  0  
21  251  0  0  0  1  0  0  0  212  10  2  0  1  0  5  1  8  2816  4676  22035  409  2419  24  60  6  37  0  0  21  1  164  0  1837  710  3  0  163093  0  2  0  1496  205720  149  1  0  3  26  2  365684  170  0  0  0  3  13  686  807  427  639429  3856  6  319  18  88  26  0  0  0  0  1  869363  1336  0  6  0  0  0  0  0  0  1  0  7  5  0  0  0  0  0  0  0  0  13  0  0  5  6  0  0  1  1  0  19  9  3  0  13  0  0  5  3  0  0  0  9  52  4  0  0  0  0  0  0  1  0  0  0  0  1  0  3  0  0  3  2  49  5  4  160  0  0  0  0  3  3  12  0  
76  62  0  69  0  3  1  1  0  143  1  160  0  4  23  27  5  27  12012  2470  91  259  48  125  9135  753  772  15  320  127  1  90  2  93081  1829  242  160247  0  1  1  61  537  82967  96  354  1  10  93  88  1149  77  5  0  7  700  625  18702  386  141253  946  1287  12  1172  121  145  50  12  45  4  0  5  977276  1143691  2  6  0  0  0  0  1  1  0  0  13  3  0  1  1  0  1  0  0  1  8  0  0  4  4  0  0  2  0  0  39  5  1  0  15  1  0  6  4  0  0  0  7  41  2  0  0  0  0  0  2  0  1  0  0  0  2  0  3  0  3  2  2  42  2  6  47  0  0  0  0  7  3  12  1  
3  0  0  4  1  9  3  0  0  1  0  3927  232405  181105  113  346  230  3537  4  7  0  3  0  39097  0  0  11  4  5  1  0  0  0  28  6  0  1  0  0  43177  2  7  2  2  3  0  43293  198  239901  0  0  214  0  44  0  10  4  1  0  0  2  20957  0  520  0  1  2  6  0  0  0  0  10  0  7  0  0  0  5  0  0  0  0  0  0  0  2  2  0  7  0  0  0  0  0  0  0  4  0  0  0  0  0  0  0  0  0  0  0  0  0  0  1  0  0  0  1  0  0  0  0  0  2  0  0  1  0  0  0  0  0  0  0  0  0  11  0  0  0  1  0  0  0  0  0  0  0  0  
3  0  2  18  2  136  130  0  0  1  0  145455  1128  161666  1558  26544  110  629  4  10  0  0  0  546  3  1  3  3  57  2  0  0  0  23  1  0  0  0  42099  0  1  2  4  1  4  0  35  90  222727  0  0  1454  0  2951  0  2  0  2  0  1  0  1219  0  29  0  5  2  226  8  0  0  1  9  0  3  0  0  0  0  7  111  2  0  0  0  20  0  13  10  109  18  112  0  1  0  0  0  3  0  0  0  0  2  2  0  0  0  6  0  0  0  0  0  26  0  3  0  0  0  0  0  14  146  0  0  13  0  2  0  0  0  0  0  0  0  5  0  0  0  3  0  0  1  0  12  0  3  0  
2  0  33  150124  0  3  9  0  0  0  0  3589  0  27  129  267  34240  178  5  2  0  1  0  53  2331  376937  1129  1171  2710  241  0  0  88810  20897  0  377903  2  134  2  22  0  0  0  0  262  29  7  100605  173803  0  0  104  0  67  1224  897  1  0  0  3  0  56  0  16  0  6  1099  1202  57  0  7  87  2619  140714  0  0  2  1  1  0  0  2  0  0  0  0  1  0  0  7  1  1  0  0  0  0  0  3  0  0  14  1  3  20  0  0  0  0  0  0  0  0  0  0  0  0  0  0  2  4  0  1  1  0  0  0  0  0  0  1  0  0  0  0  0  0  0  0  0  1  0  1  0  0  12  0  0  0  
51  284708  0  1  4  0  2  0  0  6047  63023  3  0  10  7  22  13  135  250348  111397  12895  246069  20  263  0  0  0  0  1  2  0  6  0  1824  53  0  604  213  2  3  0  0  177  85012  0  0  46  174  10  156  2813  0  0  9  0  1  256011  10  9  257  533  47  112  283  5  2302  0  0  0  0  0  1199  1578  0  2  0  0  0  4  0  0  1  0  284  320  0  0  0  0  1  0  1  0  204  2  12  8  10  0  0  0  0  0  4  1  1  0  0  0  0  3  1  0  0  0  293  3  200  0  0  0  1  1  2  0  0  0  0  0  1  0  18  0  0  370  0  3  0  3  8985  0  0  0  0  0  1  1  0  
183  150  1  1  3  8  0  0  0  241  1  1  0  2  6  18  7  25  320  514  604  116  234357  257  1  0  6  0  1  10  2  1679  0  89361  181561  0  256497  115942  0  1  0  100  0  189  0  0  4  2  3  67979  56  1  0  1  0  1  83  58  86  1880  6611  11  5587  161  6  32  0  0  0  0  0  130558  72  0  32  0  2  0  7  10  3  2  0  2  5  0  2  0  0  2  4  0  1  8  0  2  18  46  0  0  0  0  2  3  97  221  0  35  12  0  3  0  0  1  0  20  358  0  0  1  0  0  0  19  1  0  0  0  0  0  0  7  0  2  12  1  510  12  1  92  1  0  0  0  1  2  10  0  
29  316  0  0  0  0  16  8  26  315867  1052906  1  0  1  7  15  0  45  1092  95758  177  752062  92913  91  0  0  135  0  0  36862  0  14  0  331  33  0  362  24  0  0  0  117390  3910  0  0  0  11  26  3  71  114  0  0  4  0  7  28  23  0  57  47126  8  68  88  422304  35893  0  0  0  0  82  177  476  0  1  0  0  0  0  0  1  0  0  411  439  0  0  0  0  0  0  0  1  172  1  140  61  4  0  0  0  0  0  120  5  7  0  3  0  0  4  2  0  0  0  245  253  222  0  1  0  1  0  12  0  0  0  0  0  0  0  22  0  0  2423  0  11  0  6  16502  0  0  0  0  179  3  2  0  
6  0  145144  129174  0  2  10  39  0  0  0  1124  0  37  63767  1202  390  1277  1  3  0  2  4  58  16553  3945  8592  1005410  1337724  13  0  0  3  46  1  60  8  470  7  74  174  1  1  0  0  11458  18  120  2008  0  0  535  0  158  1044  7100  1  3  0  19  0  80  0  41  0  2  92708  2299  6845  0  0  266  6448  0  2  0  33  1  0  1  2  8  0  0  0  0  0  0  0  37  0  1  0  0  0  0  0  2  0  0  9  49  7  6  0  0  0  0  0  0  0  0  0  0  1  0  1  0  8  85  0  0  1  0  0  0  0  0  0  1  0  0  0  0  0  2  0  1  0  1  3  0  1  0  1  0  0  0  
2  0  299828  1  0  33  3991  243228  54124  10  0  9  0  0  11  2817  11  9  0  0  0  0  0  4  1  0  34304  20646  199  471700  0  0  0  40  0  20  0  0  0  3  9  1  0  0  5104  0  1  11  33  0  0  4  0  5  0  216  0  0  0  0  0  7  1  0  4  3209  5956  0  1  0  9101  2  8  1  2  0  1004  0  1  0  37  256  203  5  1  1  0  2  0  317  30  6  1  1  0  0  1  4  1  0  1579  811  15  2923  0  2  0  1  1  0  1  1  0  1  19  4  1  0  75  3910  0  2  7  0  0  0  0  0  0  82  0  0  0  0  0  3  2  0  1  84  183  0  0  0  2440  1  4  0  
2682  1  0  1  1  2763  1  0  0  1  0  2464  196373  64  0  461  38837  344854  14  17  0  9  418  391801  1  0  2  2  4  1  279  1080  0  593  31522  1  3  0  30353  259  0  10  31  1  0  0  0  32425  101278  0  0  0  0  0  0  1  2  6  0  1  2  381  17901  73093  1  9241  2  32  0  25  0  2  40  0  1  0  0  0  4  68  0  0  0  0  0  0  0  0  0  1  0  0  0  0  0  0  0  5  0  0  0  0  0  1  1  2  0  0  0  0  0  0  0  0  0  0  1  0  0  0  0  0  0  0  0  0  0  0  0  0  0  0  0  0  0  0  2  2  0  74  0  0  0  0  0  0  0  0  
3075  6  21  689  38  1991  0  0  0  73  9  826  14  194  42  617  296052  109850  1331  2560  23  208  20609  41807  60  46  1256  198  152  211  132  1276  287224  518594  337345  1216  461  179  46  168  98737  648  79  61  28  13  42574  0  18297  7  28  3  0  16  2  713  425  616  22  251  126  560  14740  35085  95  4624  403  22  12  15  7  601  12794  478  5  0  0  0  13  42  2  1  0  3  1  0  5  2  2  7  1  0  0  2  0  0  4  23  0  0  8  0  1  35  31  34  0  1  4  0  1  3  0  1  0  3  17  0  0  0  0  2  0  0  0  1  0  0  0  3  0  4  0  0  1  12  35  1  0  86  1  0  0  0  7  6  10  0  
17  1  125  755720  52  932  1054  31  0  3  0  555458  38463  90770  7564  39319  187211  536056  71  108  0  9  1  10466  176  21102  658  1599  5045  21  0  0  1199  3650  55  5275  15  60  156656  190965  153709  55  2  2  810  35  81645  11404  0  1  1  2271  11  13023  319  585  21  23  1  9  4  17864  0  118  3  18  2426  15121  1069  0  2  54  360  77  2  0  0  61  1  19  69  260  0  0  0  56  4  71  11  724  66  101  0  0  0  1  1  13  0  0  2  2  319  6  1  2  0  5  1  0  2  1  5  12  6  2  2  0  56  0  0  6  135  0  0  64  0  4  0  0  0  0  0  0  0  54  1  1  0  2  1  65  7  0  5  1  7  0  
8  2239  0  0  0  0  0  0  0  127  2  1  0  1  1  0  0  3  5071  5094  331505  97  85081  12  0  0  0  0  0  0  0  37  0  5825  921  0  487382  824  0  0  0  347  113795  55  0  0  0  8  0  0  226  0  0  0  0  0  1066  739  2609  190796  13841  2  140  11  17  32  0  0  0  0  0  922  32  0  3  0  0  0  0  2  0  1  0  2  0  0  0  0  0  0  0  0  0  7  0  0  3  1  0  0  0  0  0  0  1  0  0  1  0  0  0  0  0  0  0  8  16  1  0  0  0  0  0  1  0  0  0  0  0  0  0  1  0  0  1  0  15  0  0  83  0  0  0  0  0  0  2  0  
53  132459  0  0  2  0  1  0  0  417  19  0  0  5  2  6  1  55  1900  244  164567  253859  223  238  0  0  0  0  0  0  0  1  0  1758  42  0  640  187  1  1  0  17138  651  2624  0  0  18  47  2  723  0  1  0  1  0  0  1187  0  3  120  237590  22  95  182  0  98  0  0  0  0  0  623  2052  0  0  0  0  0  3  0  0  0  0  9  20  0  1  0  0  0  0  0  0  3  34  55  0  4  0  0  0  0  0  0  0  0  0  0  0  0  0  0  0  0  0  14  0  12  0  0  0  0  0  2  0  0  0  0  0  0  0  1  0  0  40  1  0  0  0  604  0  0  0  0  0  1  0  0  
83  0  3  704  197  96  44  0  0  0  0  294795  0  472101  1229319  24147  3  21  1  0  0  0  0  670  85  360  4  23  40282  0  0  0  0  2  1  29  0  9  1120  1773  27  1  0  0  242  0  0  3  4160  0  0  0  18749  27874  73  10  0  0  0  0  0  48620  0  3  0  2  23  642785  1972  0  0  8  37  0  3  0  0  2  7  2  56  3  0  1  1  20  3  15  1  74  19  67  0  0  0  0  0  5  1  0  0  0  10  1  0  0  0  2  0  0  0  1  0  1  1  0  0  1  1  1  0  7  51  0  0  9  0  0  0  0  0  0  0  0  0  20  0  0  0  1  0  4  0  0  1  0  4  0  
177250  0  0  0  135273  70  2  0  0  0  0  21  0  134  1848488  16195  1  1  0  0  0  0  0  970  0  0  0  0  0  0  1  0  0  0  0  0  0  0  3  45  0  0  0  0  0  0  0  0  259  0  0  52749  0  79241  0  0  0  0  0  0  0  498  0  0  0  0  0  14  0  0  0  0  0  0  1  0  0  0  2  0  2  0  0  0  0  0  9  1  1  3  0  2  0  0  0  0  0  8  0  0  0  0  0  0  0  0  0  0  0  0  0  0  0  0  0  0  0  0  0  0  0  1  1  0  0  0  0  0  0  0  0  0  0  0  0  12  0  0  0  0  0  0  0  0  0  0  0  0  
497  1  114  1674  6087  117  256  15  0  1  0  25379  0  7700  734256  830992  6  86  1  7  1  0  1  860  5  20  10  5  1078  6  1  0  0  2  0  4  0  2  240  7773  6  10  1  2  42  3  1  7  13542  2  0  24516  70906  0  2  5  1  0  0  0  0  2597  0  0  0  9  12  9690  174851  0  1  1  6  0  7  0  5  50  8  6  289  332  0  0  0  247  2  40  14  1036  147  374  1  2  0  1  2  8  0  0  2  5  310  7  0  0  0  17  1  0  1  1  1  14  18  5  3  1  28  2  0  16  473  0  0  24  0  11  0  1  0  0  0  0  0  25  1  2  0  6  5  117  12  0  8  0  11  0  
0  0  0  888  0  0  0  0  0  2  0  502  0  1  24  26  1  6  19  3  1  0  0  2  233733  386867  52  521  957  7  0  0  0  205  0  7554  42  3377  0  2  3357  0  0  0  635  0  0  0  122  0  0  19  0  12  0  187  12  4  0  79  0  0  0  1  0  0  482  214  12  0  2  1447  15454  0  0  0  0  0  0  0  0  1  0  0  0  0  0  0  0  0  0  0  0  0  0  0  0  0  0  0  0  0  0  1  0  0  0  0  0  0  0  0  0  0  0  0  0  0  0  0  0  0  0  0  0  0  0  0  0  0  0  0  0  0  0  0  0  0  0  0  0  0  0  0  2  0  0  0  
5  0  61  255  0  0  10  11  0  193  20  66  0  7  595  34  107  89  26175  164964  1  0  0  23  620545  85168  1592055  6232  2994  98006  0  0  5  2322  2  361  17  515  0  5  340  2  7  18  5366  376  3  205  450  0  0  6  0  4  178  0  239  217706  2  31  0  12  4  7  8457  103  198154  117  274  0  228  305  11904  22  0  0  5  0  0  0  1  0  0  13  4  0  0  0  0  1  2  0  0  10  0  1  1  0  1  0  57  2  0  228  1  1  2  10  0  0  3  11  0  0  2  12  1  1  2  21  0  4  0  0  0  0  0  0  0  6  0  1  0  0  3  0  0  1  6  149  1  0  0  0  85  5  19  1  
6  130092  0  0  0  0  0  0  0  172  9  1  0  2  0  0  4  24  1010169  31279  22689  48  200  43  16  1  122  0  0  21  0  0  0  1082  8  0  1872  4808  0  0  0  160968  778  309  0  0  8  86  2  1702  824  0  0  0  0  98  0  3870  27500  7681  2724  4  18  50  541  64  0  0  0  0  0  17772  9107  0  0  0  1  0  0  0  1  0  0  9  13  0  0  0  0  0  0  0  0  16  0  1  1  0  0  0  0  0  0  2  0  0  0  0  0  0  0  0  0  0  0  20  0  8  0  0  0  0  0  0  0  0  0  0  0  0  0  4  0  0  2  0  1  1  5  310  0  0  0  0  0  1  2  0  
15  283  0  0  1  0  0  0  0  1465  31  2  0  0  2  12  14  59  413371  285039  2289  2  30  77  24777  2  11897  0  0  116  0  3  0  808  25  3  4490  160  1  1  1  25  497  128  0  0  12  206  7  1748  0  0  0  4  1  213680  3844  0  2351  13061  56  12  47  90  20404  679  0  1  0  0  0  2459  1586  0  1  2  0  0  0  0  0  0  0  10  33  1  0  0  0  0  0  1  1  88  0  4  3  4  0  0  0  0  0  0  0  0  0  6  1  0  3  3  0  0  0  64  2  13  0  0  0  1  0  2  0  0  0  0  0  0  0  29  0  5  0  0  0  1  32  1361  0  0  0  0  0  1  10  0  
0  115308  0  0  0  0  0  0  0  5  1  2  0  0  0  1  0  0  261608  3094  55090  11  32  3  45  0  4  0  0  0  0  0  0  354  6  1  1335  191798  0  1  0  43  642  2  0  0  0  13  0  3343  1  0  0  0  1  7  47827  1666  0  110384  54  0  3  5  23  2  0  0  0  0  0  221739  132919  0  0  0  0  0  0  0  0  0  0  0  0  0  0  0  0  1  0  0  0  0  0  0  0  0  0  0  0  0  0  0  0  0  0  0  0  0  0  0  0  0  0  2  0  0  0  0  0  0  0  0  0  0  0  0  0  0  0  0  0  0  0  0  0  0  0  14  0  0  0  0  0  0  0  0  
4  2785  0  0  0  0  0  0  0  115  6  0  0  1  0  3  2  15  24926  11472  570897  258  15  20  64  2  41  0  3  23  0  0  0  935  29  1  616645  1263  0  0  2  1572  2509  116  2  0  2  32  1  211505  97  0  0  1  1  12  3553  5967  139889  0  535  2  14  23  168  47  0  0  0  0  0  119899  1366  0  0  0  0  0  0  0  1  0  0  5  15  0  0  0  0  0  1  0  0  18  0  1  0  2  0  0  0  0  0  9  0  0  0  9  0  0  5  1  0  0  0  18  1  1  0  0  0  1  0  1  0  0  0  0  0  0  0  5  0  0  2  0  2  2  3  193  0  0  0  0  2  5  13  0  
73  11371  0  0  2  0  1  0  0  15200  2815  2  0  9  4  4  0  70  3358  9721  428518  773688  309407  296  0  0  0  1  2  5  2  18  0  6762  187  0  13827  982  1  0  0  1873  38590  68197  0  0  15  34  2  22166  242606  0  0  2  0  0  2214  76  26  220  0  19  181  257  59  2770  0  1  0  0  0  794  4790  0  0  0  0  0  2  0  0  0  0  175  19  1  0  0  0  2  0  1  1  15  5  27  303  9  0  0  0  0  0  0  1  3  0  9  3  0  11  0  0  0  0  26  1052  17  0  0  0  0  0  33  2  0  0  0  0  0  0  5  0  2  249  1  13  3  0  658  0  0  0  0  0  4  0  0  
94  0  3  0  258  554  7  0  0  13  0  20  22324  115728  129536  11883  150  716  3  9  0  4  1  162149  0  0  3  2  8  4  0  2  0  27  23  0  5  0  16798  282  2  11  14  1  3  2  1428  160  5069  0  0  47414  27  1953  0  13  0  3  0  0  4  0  3  2189  0  23  2  3  1  0  2  3  6  0  51  0  0  0  122  14  22  4  0  0  0  0  330  194  61  201  1  4  0  2  0  0  1  607  0  0  0  0  0  4  0  0  0  1  1  0  1  0  30  0  0  3  1  0  1  4  0  2  20  0  0  27  18  2  0  0  0  0  0  0  0  1006  1  9  0  8  0  0  0  0  6  0  4  0  
19227  18  1  0  276  35472  0  0  0  66  3  0  0  2  4  3643  11044  109975  119  148  16  434  92791  570650  1  0  8  0  0  10  480978  300633  0  17989  76799  0  844  483  0  0  0  190  18457  33  0  0  14983  9771  0  444  47  0  0  1  0  3  18  29  6  41  449  12  0  108648  9  82690  0  0  0  34177  0  53  172  0  51  3  0  0  61  3509  0  0  0  8  12  0  2  1  0  3  7  6  13  139  7  15  166  6677  0  0  6  0  0  9  9826  2384  0  571  64  0  23  14  0  0  1  168  1645  7  1  1  0  0  0  141  13  0  0  0  0  1  6  85  0  22  95  3  14165  23  20  4967  0  0  0  74  0  27  135  0  
132428  10  10  1  421  623  0  2  0  39  0  262  590  352  46  160  6730  75695  36  60  5  156  2069  1180064  2  0  17  3  12  12  12195  1721  0  9007  25944  0  24  40  814  26  1  102  282  15  1  13  27270  22098  103  6  16  1  0  9  0  15  12  10  0  11  169  4721  57839  0  2  3587  4  2  2  44  0  15  890  0  238  0  2  0  299  438  13  1  0  0  1  2  95  9  13  89  1  1  0  3  0  1  2  597  0  0  4  1  0  5  32  19  0  1  1  0  0  0  8  3  0  2  12  0  0  3  0  1  3  1  0  1  9  0  0  0  0  0  0  0  2  123  34  46  0  2776  0  0  0  0  5  0  3  0  
3  6  0  0  0  1  203  382  3827  62727  436608  0  0  2  0  37  1  5  5519  165812  31  2668  158  23  13  0  135308  0  0  321211  0  0  0  110  1  2  110  88  1  0  0  26  17  454803  0  1  5  32  0  20  0  0  0  0  0  3320  779  11143  15  222  38  6  10  26  0  21613  0  0  0  0  3254  199  695  0  3  9  0  0  4  1  2  0  0  597  446  0  3  1  0  0  3  1  13  1052  17  26  39  29  1  1  1  0  0  257  4  3  0  35  1  0  70  43  0  0  0  810  20  131  0  0  0  10  0  6  4  0  0  0  0  10  2  279  0  25  6  4  16  11  333  23810  0  0  0  0  181  37  112  2  
34693  5  235  1  13320  440274  291153  260967  224373  437624  1146  11  0  16  126  54512  333  2048  110  4515  4  679  49  23857  0  0  1165  5  10  43033  8101  28174  0  138  650  0  24  18  2  32  1  2455  72  27373  2  847  3612  667  43  17  10  4  3  17  0  62  40  202  0  9  3073  35  33554  12244  20481  0  4  2  1  2761  20924  13  72  0  5587  0  649  0  19464  158379  1882  1659  2269  85769  26  14  224  318  99  7925  23  60  6  17  1  35  11802  1713  11  1  428  201  12  2580  118  293  0  45  46  0  77  49  22  14  4  11  1299  309  23  3479  0  5  182  62  1  162  35  8  0  16  3  7  0  8  2964  1509  195  468  231  243379  30  2  1  42  1812  70  58  1  
9  0  45833  3222  1  0  2  3  0  1  0  486  0  26  5420  130  620  530  2  2  0  0  1  40  21465  583051  356063  1433995  35282  30  0  0  1  570  1  304  1  155  5  15  1363  0  0  0  59212  4035  8  647  6155  0  0  39  0  37  1748  251707  3  0  0  5  0  57  0  26  0  6  0  482  1381  0  0  106  1906  3  0  0  17  0  0  1  0  0  0  0  0  0  1  0  0  2  1  0  0  0  0  0  1  1  0  0  59  8  0  27  0  0  0  0  0  0  0  0  0  0  0  0  0  0  3  33  0  0  1  0  0  0  0  0  0  4  0  0  0  0  0  3  0  0  0  2  8  1  0  0  7  0  0  0  
0  0  13  42297  0  2  119  2  0  1  0  236573  710  149  258217  4630  4  35  0  0  0  0  0  406  251  1866  128  381  443921  1  0  0  1  1  1  155  1  26  3  328  190  0  0  0  1797  2  3  5  2714  0  0  697718  11  9070  349  250  0  0  0  0  0  10  0  2  0  1  299  0  73555  0  1  20  112  0  0  0  1  0  1  0  10  13  0  0  0  11  0  0  0  33  1  4  0  0  0  0  0  0  0  0  0  0  4  0  0  0  0  1  0  0  0  0  0  0  0  0  0  0  1  0  0  0  12  0  0  0  0  0  0  0  0  0  0  0  0  0  0  0  0  0  0  4  0  0  0  0  0  0  
2  0  7577  947  0  0  12  44  0  1  0  1711  0  14  366905  141364  37  135  2  1  0  1  1  10  61  64  230  909  531634  6  0  0  0  6  1  12  0  14  1  32  19  1  3  0  11049  6  2  8  677  0  0  406  0  209307  6  345  0  0  1  1  0  14  0  3  0  0  676  32148  0  0  1  7  23  0  4  0  4  6  1  0  6  42  0  0  0  0  0  0  1  298  11  4  0  0  0  0  0  3  0  0  6  3  76  2  0  1  0  1  0  0  0  0  0  1  0  2  0  0  21  4  0  0  5  0  0  0  0  2  0  1  0  0  0  0  0  1  0  0  0  7  4  29  32  0  1  0  1  0  
11135  0  0  0  11646  307313  26  0  0  0  0  0  0  0  0  70485  201  562  0  0  0  0  110  1215  0  0  0  0  0  0  380178  42945  0  10  204  0  0  0  0  0  0  0  0  0  0  0  374  143  0  0  0  0  0  0  0  0  0  0  0  0  0  0  55073  144  0  58860  0  0  0  0  0  0  0  0  6289  0  0  0  1164  8389  3  0  0  0  1  0  0  0  2  18975  1  1  0  0  0  0  7  345  0  0  0  1  0  0  32554  310  0  0  7  0  0  0  0  0  0  1  2  0  0  0  0  0  0  0  0  0  0  0  0  0  0  0  0  0  0  9  200  49  0  2253  0  0  0  44086  0  0  0  0  
0  0  186  0  0  81  18594  31732  263545  1111  20  2  0  0  0  3536  0  0  1  2  0  5  0  1  5  0  5139  2  8  837934  0  0  0  28  0  3  0  3  0  0  2  0  0  305  2  3597  1  5  2  0  0  0  0  2  0  570  0  0  0  1  0  1  0  1  4407  13994  4  0  0  0  0  1  30  1  0  0  26  0  0  0  62  112  9711  71  5  0  0  3  0  92  6  3  0  2  0  4  1  1  2  0  123  9  1  2118  0  0  5  17  0  1  4  8  1  0  2  1  4  11  3  135  0  1  10  0  0  2  0  0  0  17  0  0  0  0  0  3  1  0  8  121  2  0  0  0  1686  5  14  2  
43  12158  0  4  0  0  0  0  0  123  7  13  1  0  2  3  2  21  149836  6374  6262  358  24  55  563  46  96  0  19  67  2  16  0  7487  607  24  808871  1041077  0  1  4  2132  121628  213  21  0  7  72  16  1955  105  1  0  0  30  57  7198  2047  271357  134271  1140  7  369  71  246  37  2  1  1  0  0  0  13433  0  5  0  0  0  1  0  1  0  0  8  14  0  0  0  0  2  2  0  0  9  0  0  7  7  0  0  2  0  0  31  0  0  0  6  0  1  6  7  0  0  2  8  11  6  0  0  0  2  0  1  0  0  0  0  0  3  0  5  0  1  4  0  7  3  11  106  1  0  0  0  3  5  25  0  
625  182  2  711  18  2  3  1  0  538  21  890  0  25  119  155  116  999  325944  3437  205  1741  155  2471  1186435  16250  6899  1212  5924  1125  0  22  1116  1017334  2336  16309  3954  1447624  3  15  1581  1507  479  304  12658  8  224  8960  1461  119  400  41  0  36  17955  8638  42572  1535  146715  7159  4970  89  598  2833  788  188  851  307  53  0  39  46519  0  867  3  0  0  0  2  0  0  2  1  36  13  0  2  0  0  4  3  2  0  14  0  0  4  15  1  0  19  0  0  244  5  3  0  22  0  0  23  13  2  1  0  17  3  11  0  2  0  4  0  1  0  0  0  0  0  9  0  7  0  1  12  1  14  1  23  260  1  1  0  0  62  13  46  2  
0  0  1  6727  0  0  1  0  0  0  0  7  0  3  0  9  137  13  3  1  0  0  0  8  97  1221  832  0  0  168  0  0  171833  106927  0  144654  2  19  0  1  156004  1  0  0  2  12  3  865  83  0  0  0  0  0  1  432  0  1  0  0  0  7  1  4  2  2  5  0  0  0  8  24  3609  0  0  0  0  0  0  0  0  0  0  0  0  0  0  0  0  0  0  0  0  0  0  0  0  1  0  0  8  0  0  12  0  0  0  0  0  0  0  0  0  0  0  0  0  0  0  2  0  0  0  0  0  0  0  0  0  0  0  0  0  0  0  0  0  0  0  0  0  0  0  0  15  1  0  1  
3923  0  0  0  1989  606  1  0  0  5  0  1  0  4  357  386  0  2  0  2  0  0  0  2372  0  0  0  0  1  0  2975  7  0  3  1  0  0  0  0  1  0  2  7  0  0  1  0  0  0  0  0  1  2  6  0  0  0  0  0  1  1  89  20  119  1  336  0  0  0  1190  0  0  2  0  0  1  1  0  353585  4687  508  40  3  1  7  1  118  31  24565  75014  58  199  1  47  2  4  221  526327  0  0  8  3  6  22  28727  8  0  67  13  0  3  14  9  3  1  79  76  6  3  6  5  6  7  8  0  26  341846  170  0  3  0  15  0  2  6  734  1387  24552  5  18899  2  0  0  1148  68  4  161  0  
0  0  0  0  0  0  0  0  0  0  0  0  0  0  1  0  0  0  0  0  0  0  0  3  0  0  0  0  0  0  0  0  0  0  0  0  0  0  0  0  0  0  0  0  0  0  0  0  0  1  0  0  0  0  0  0  0  2  0  0  0  1  2  0  2  1  0  0  0  0  0  0  0  0  1  0  0  0  0  0  3  0  0  25  6  0  0  0  0  3  3  0  323007  9491  128255  10  27  8  46  0  16  0  0  25  2  2  0  40  1  0  163429  34  0  0  0  181474  84  3  0  0  0  8  0  677  179219  0  0  0  0  141  54973  17747  165786  7613  375  0  7  3  254  17  0  0  0  0  0  82  226  0  
8  0  735  0  0  0  3  54  0  1  0  0  0  0  2  139  0  0  0  1  0  0  0  5  0  0  14  33  109  9  0  0  0  0  0  0  0  0  0  2  0  0  1  0  35  107  0  0  2  0  0  1  0  2  0  1  0  0  0  0  0  1  1  0  1  25  32  0  1  0  2  0  0  0  5  0  0  1  4  3  6  3069  38  0  0  4  1  4  1  287128  96  5  0  0  0  0  1  15  0  2  155910  180085  104568  46187  5  5  0  0  0  0  0  0  2  1  127  6  1  0  123271  328431  0  6  8  0  0  2  0  4  0  27  0  1  0  0  0  6  6  5  0  63  34058  18  214  0  34  0  2  0  
0  0  0  3  0  0  2  4  0  0  0  6  0  0  1  333  0  0  0  0  0  0  0  1  0  0  0  0  4  0  0  0  0  0  0  0  0  0  0  0  0  0  0  0  0  0  0  0  14  0  0  3  0  32  0  0  0  0  0  0  0  1  0  0  0  0  0  0  4  0  0  0  0  0  0  0  2  0  0  2  17  1132  0  0  1  197900  0  8  102  7896  5944  5774  30  5  3  0  0  0  1929  400111  39  151134  157590  4  0  0  3783  2759  115  2075  896  1750  1  18  251089  4  7  0  172436  1  0  233  214099  5  0  3  0  263  813  27  11  5  1  109  2  0  0  0  0  0  13261  1691  297  0  0  444  439  182  
8294  0  1  0  5320  1738  5  1  0  4  0  0  0  17  617  2733  1  3  0  0  1  0  1  4697  0  0  2  1  0  0  447  5  0  2  2  0  0  0  4  0  0  0  1  0  0  1  1  0  4  0  0  0  2  5  0  0  0  0  0  0  2  148  21  196  1  1337  0  0  0  1830  0  0  0  0  365697  0  0  0  0  9854  2531  313  24  2  3  1  189  228  192185  563449  5  19  0  14  1  1  19  28545  1  0  9  1  2  93  1300  2  0  23  8  0  0  4  7  3  0  32  25  6  1  34  0  4  42  5  1  645  349473  20386  0  0  0  4  0  0  6  4370  407  1079  1  7075  0  0  0  96  752  0  52  0  
12520  1  2  0  6196  84947  437  2  0  3  0  0  0  22  495  8897  26  72  1  0  0  0  20  5476  0  0  0  0  1  0  1115  2617  0  1  80  0  0  0  1  11  0  0  12  0  0  0  53  15  22  0  0  4  4  25  0  0  0  0  0  0  0  109  1437  2765  0  147803  0  0  0  20254  0  0  0  0  15496  0  1  1  27522  0  283756  375  37  0  0  101  2660  10338  2468  844931  294  2047  0  12  0  0  429  60695  0  0  1  1  18  71  18928  23000  0  171  254  0  0  4  285  274  2  19  163  1  6  32  5  203  12171  3  2  8826  1099  209  0  0  0  5  0  0  1  51437  86662  4127  0  626001  1  0  1  333912  614  4  81  0  
394  0  3  6  246  427  3174  668  0  2  0  213  0  74  653  20547  0  1  1  0  0  0  0  623  0  0  0  0  10  3  6  1  0  2  0  1  1  0  1  94  0  1  1  0  0  3  0  0  120  0  1  265  0  2248  0  1  0  1  0  0  0  41  2  8  0  1075  0  39  2  3  1  0  0  0  651  0  25  9  4145  287951  0  268596  543  2  2  3576  1992  10948  1765  345917  1040  8862  1  8  0  4  7  11991  0  0  15  7  180  1242  69  0  0  291  101  0  1  3  280  2399  42  39  21  1  15  1096  5  483  27065  0  1  8523  461  208  0  0  0  3  0  3  3  31058  65  25  0  262193  8  87  10  38  10629  1  205  0  
11  0  1212  59  4  31  840  22899  96  0  0  237  0  15  336  36007  2  6  2  4  0  0  0  20  0  1  18  7  1003  85  0  0  0  1  0  0  0  0  0  23  2  8  0  0  15  45  0  2  343  0  0  39  0  4045  0  5  0  1  0  0  0  3  2  1  2  1434  4  14  185  0  18  0  1  0  25  0  4060  466  150  878  235845  0  58344  165  0  2625  258  1495  280  379678  1397  3221  0  0  0  1  6  1012  3  4  25  38  1990  7704  0  1  0  65  22  0  4  6  30  699  121  15  7  173  395  189001  0  155  10132  0  0  1271  60  81  0  2  0  0  0  1  0  5475  2  2  3  186376  12  458  69  1  27480  3  40  0  
0  0  91  0  0  1  6  11379  53136  61  0  0  0  0  1  540  0  0  0  0  0  0  0  0  0  0  7  0  1  12058  0  0  0  0  0  0  0  0  0  1  0  0  0  0  0  26  0  0  0  0  0  0  0  0  0  3  0  0  0  0  0  0  0  0  0  7703  0  0  0  0  492  0  0  0  2  0  5  0  8  26  309  87409  0  58861  0  3  9  55  4  73  4  19  0  0  0  0  0  48  0  0  14  0  0  69849  0  0  0  2  1  0  0  0  2  4  0  0  0  3922  0  99147  0  5  95  0  0  48  1  2  0  0  0  0  0  0  0  228  0  1  17  232769  0  0  0  0  343014  0  0  0  
1  3  0  0  0  1  2  57  3925  42522  34  0  0  1  0  3  0  0  25  520  4  168  1  3  0  0  31  0  0  6233  0  0  0  10  0  0  6  1  0  0  0  1030  8  831  0  1  0  0  0  12  1  0  0  0  0  0  2  6  0  5  99  0  1  1  239  25677  0  0  0  0  8  3  10  0  1  6  1  0  0  0  1  95  43476  0  9001  1  1  2  0  0  6  3  40  7616  12  1640  102092  3  10  1  3  0  0  144177  1  2  0  61  5  0  67  99  0  1  4  2706  288  148571  0  0  0  10  5  11  16  0  0  0  0  5  4  1285  0  12  2140  5  1  1  107584  237091  0  0  0  0  546  108  152  2  
2  4  0  0  1  1  0  0  0  144  551  0  0  0  1  6  0  5  29  775  22  10813  0  15  0  0  4  0  0  948  0  1  0  32  2  0  14  10  1  0  0  406  13  292  0  0  0  2  0  22  11  0  0  2  0  5  4  77  1  18  6  5  25  6  854  10  0  0  0  0  20  23  35  0  23  1  0  0  36  7  19  0  0  24053  0  6  44  25  3  11  13  17  18  482924  40  82054  2295  261  2  0  52  0  0  62947  31  25  0  132  4  0  225  106  5  4  0  166634  193  963509  0  0  1  74  7  85  681  2  1  0  0  5  5  2511  0  90  13357  36  139  126  293498  39812  0  0  0  0  301  84  1057  0  
0  0  0  1  0  0  89  6  0  0  0  14  0  9  31  528  0  0  0  0  0  0  0  1  0  0  0  0  0  0  0  0  0  0  0  0  0  0  0  9  0  0  0  0  1  0  0  0  15  0  0  31  0  114  0  0  0  1  0  0  1  0  0  0  0  3  0  3  0  0  0  0  0  0  0  0  1  210406  1  122  5250  6186  1  0  0  0  10  89339  34665  111252  509  3662  0  1  0  0  0  1147  6  16  5  13  29113  54  0  0  353  140  1274  3  15  93  2446  94822  9065  6  4  0  57  25  139  137  791027  0  0  102298  0  3447  0  1  0  1  0  2  0  27  0  199  0  6  27  205459  29  0  146  25  48  3  
235  0  0  0  96  45  0  0  0  1  0  0  0  14  256  89  0  2  0  2  0  0  0  1282  0  0  0  0  0  0  1  0  0  0  0  0  0  0  0  1  0  3  0  1  0  0  0  0  1  0  0  1  2  1  0  0  0  0  0  0  0  90  1  13  0  16  0  0  1  0  0  0  0  0  29  0  1  1  61  227  422  16  4  3  11  33  0  48467  16  103  382  11404  0  22  1  12  10  219579  1  0  1  2  8  1  0  0  0  865  496  0  4  16  169445  2  3  98  132  11  3  1  45722  654  8179  3  2  3  7  0  0  1  2  2  0  1  12  47089  3  20328  1  69  2  1  4  0  40  0  582  0  
31  0  1  0  16  66  11  3  0  2  0  1  0  41  119  456  0  1  0  1  0  0  0  162  0  0  4  0  2  0  2  0  0  0  0  0  1  0  1  37  0  1  1  0  0  1  0  0  26  0  0  4  0  24  0  0  0  0  0  0  1  83  2  6  0  33  0  0  1  0  0  0  0  0  7  0  4  3  54  5685  3143  468  18  1  2  109610  36821  0  64859  30073  195  6374  1  15  2  5  3  256  0  0  3  4  93  190  1  0  0  296  157  0  0  2  360123  150225  4  35  48  3  15  61  95  207  83596  0  2  490174  22  1146  0  0  1  4  0  0  3  72976  2  353  0  59  3  1544  1  0  906  0  188  0  
446  0  0  1  198  198  60  1  0  0  0  9  0  17  962  556  0  0  0  1  0  0  0  2450  0  0  1  0  1  0  0  0  0  0  0  0  0  0  1  14  0  0  1  0  0  0  0  1  10  0  0  6  2  115  0  0  0  0  0  0  0  197  0  14  0  102  0  0  0  0  0  0  0  0  21534  0  2  78  251139  9547  8166  713  58  1  0  55891  193  62428  0  408859  157  1136  0  2  0  3  0  93760  9  6  6  10  169241  176  0  0  0  20  4  0  20  4  17  7352  77  5  1  0  949  76  0  36  25211  0  0  881191  1322535  507166  1  4  0  0  0  5  0  82706  1  30  0  779  19  281940  223613  0  1408  5  22  0  
6084  0  1062  31  4087  17977  1017  689  0  1  0  199  0  46  1286  26155  2  6  0  6  1  0  0  5109  0  1  12  1  1040  15  3017  2  0  1  0  0  2  1  3  54  1  0  4  0  39  29  1  1  172  0  0  134  5  1622  0  2  1  1  0  1  1  188  18  113  1  7113  3  17  263  4468  8  0  0  0  73637  1  256834  3053  779609  792673  332648  464075  122  1  4  62597  930  15110  357535  0  4936  13687  3  15  1  2  20  21577  33  28  65  974  114034  158  33907  6  0  261  66  0  47  40  104  21088  858  57  20  2  9994  71353  4  576  72881  5  1  20927  28596  1037228  6  10  3  9  0  11  2  42703  1672  117  0  20709  130  29681  286166  71280  318  18  249  0  
14  0  5  0  5  5  31  2  0  0  0  19  0  7  34  335  3  1  0  0  0  0  4  16  0  0  4  0  3  2  1  3  0  0  81  0  0  0  0  12  0  0  9  0  0  0  3  1  4  0  0  18  0  38  0  1  0  1  0  0  1  4  5  2  3  11  0  1  0  0  0  0  0  0  164  2  13  22325  128  319  1489  579  1  16  10  2098  542  1712  163  5285  0  313344  12  176  2  6  38167  19010  86  294  374  1281  5633  126  125  38  3245  5971  115345  121  159  324  511  1056  84956  155  3177  7  1984  15  1435  242743  185052  7  5  439  0  103  5  128  8  111  1  26  20  595  364  5645  16  73  1929  116  386  0  186  87  6352  28  
18  0  1  0  13  7  109  12  0  4  0  49  0  24  94  780  0  0  0  0  0  0  3  64  0  0  0  0  2  0  1  0  0  0  27  0  1  0  0  52  0  0  5  0  0  0  1  0  15  0  0  58  1  134  0  0  0  0  0  0  0  6  2  1  0  18  0  6  0  0  0  0  0  0  644  1  6  14247  215  1542  6931  1395  7  3  3  16525  2774  13067  763  18302  304324  0  5  38  0  16  97640  145593  40  11  71  424  1537  167  44  13  27  9929  39109  3  74  460  35438  2433  2292  72  5593  2  453  72  173163  12622  503847  8  11  1424  2  282  3  34  5  14  0  20  46  1219  201  34994  1  137  792  49  52  2  647  60  9099  2  
0  0  0  0  0  0  0  0  0  8  0  0  0  0  0  0  0  0  0  2  0  0  0  0  0  0  3  0  0  2  0  1  0  2  0  0  0  1  0  0  0  0  2  0  0  0  0  0  0  0  0  0  0  0  0  1  0  0  0  0  1  0  13  1  17  20  0  0  0  0  0  0  1  0  2  251488  0  2  3  0  3  1  0  120  17  3  5  6  0  13  24  7  0  142049  5772  7  109  41  187006  17  1026  1  7  1232  7  6  2  398  7  19  22144  2775  0  1  70  212311  982  43  23  0  0  46  2  2854  575  1  0  1  9  32012  992881  524461  484102  26050  625  5  74  15  5223  72  4  8  0  0  27  3710  222776  6  
1  3  0  0  1  0  0  0  0  65  34  1  0  0  4  4  0  2  33  697  16  208  0  26  0  0  12  0  0  19  0  3  0  23  4  0  15  3  0  0  0  301  14  140  0  0  1  4  0  27  1  0  0  1  0  4  3  85  0  14  4  0  23  7  976  12  0  0  0  0  1  18  28  0  52  2121  0  0  47  7  51  5  0  11795  382272  34  68  59  1  84  117  42  135448  0  980  6885  876  426  10113  1  35139  0  0  19128  73  70  2  801  49  2  8953  1079  15  11  9  185327  997  23403  3  1  0  486  18  917  345  6  0  0  0  104864  7443  455949  45  4661  409  69  319  140  199305  24235  0  0  0  0  25  2587  8946  1  
0  0  0  0  0  0  0  0  0  17  0  0  0  1  0  0  0  0  0  2  3  39  0  0  0  0  0  0  0  1  0  9  0  3  0  0  0  0  0  0  0  3  4  0  0  0  0  0  0  0  0  0  0  0  0  0  0  1  0  0  3  0  42  0  6  12  0  0  0  0  0  0  1  0  7  167948  0  0  3  1  1  0  0  52  55  0  0  1  0  1  4  0  9431  653  0  5430  44895  114  124  0  38  0  0  68  30  22  0  279  2  1  82399  179  2  0  1  44586  1607  174  0  0  0  16  1  203559  185204  0  0  0  0  332  12026  3756  3696  362403  532520  2  148  25  469  50  0  0  0  0  1  149  906  1  
5  0  0  0  1  0  0  0  0  130  135  0  0  0  1  0  0  0  0  17  9  3881  1  11  0  0  1  0  0  523  0  11  0  4  4  0  2  0  0  0  0  8  4  65  0  0  0  0  0  1  59  0  0  0  0  0  0  3  0  0  13  0  61  1  31  42  0  0  0  0  10  0  1  0  58  18  0  0  60  5  12  0  0  5963  111284  6  45  19  0  12  3  14  3  3822  1931  0  71699  420  0  0  7  0  0  107  42  35  0  263  7  0  471  578  5  2  0  278745  1094  678086  0  0  0  1  4  797  87264  1  0  0  0  1  3  46  1  756  494161  31  241  246  1997  2680  0  0  0  0  136  336  2044  0  
84  0  1  0  5  31  0  0  0  6859  4  0  0  0  3  16  6  13  0  13  0  14  20  63  0  0  7  0  1  3  9  227  0  28  517  0  7  0  0  0  0  32  274  52  1  0  11  9  0  3  0  0  0  1  0  1  0  0  0  1  181  2  492  71  18  4647  1  0  0  1  0  2  2  0  1130  42  1  0  132  314  26  3  1  109607  1311  17  49  70  2  57  47945  92826  48  1153  36152  71319  0  193004  3  0  16  2  10  146  3662  4179  1  10353  150721  1  9348  382  19  6  2  1480  389174  58594  7  0  278  511  35  189190  117  11  0  1  0  8  32  352  7  94  283238  41  16224  9238  2566  19663  2  0  0  2  10  71  4785  0  
3035  1  1  0  1492  680  1  0  0  35  0  1  0  39  2760  683  7  15  1  5  0  3  9  11117  0  0  3  0  0  3  8663  349  0  42  92  1  6  1  12  3  0  4  59  2  1  0  3  5  4  3  0  2  7  12  0  2  0  0  0  1  15  532  5138  228  7  482  0  0  0  119  0  1  2  0  474849  2  1  1  31734  33401  9789  498  55  28  68  1334  203868  972  70045  16240  36909  180980  13  431  6  64  163969  0  1  0  22  6  18  166  115460  3828  0  8150  40449  0  9  302  25494  1  1  770  2665  41  13  53  379992  1212  4226  38  32  304  87319  272  0  8  11  189  1  8  97  79372  539642  1321886  47  26513  4  1  1  2969  1180  18  4628  1  
0  0  0  0  0  0  1  0  0  1  0  1  0  0  0  13  0  0  0  0  0  0  0  0  0  0  11  1  0  8  0  0  0  2  0  0  0  0  0  0  0  2  0  0  0  0  0  0  0  0  0  0  0  2  0  0  0  0  0  0  0  0  0  0  12  24  0  0  0  0  0  1  4  0  2  15  2  602  1  1  2  29  0  56  1  52  0  6  50  454  333  66  175844  8159  101  1  5  4  0  109287  66115  1028  1476  560  0  1  8  82  2  13124  4363  31600  0  4  8084  30  73  4  3514  0  0  14  181  137  1  3  0  9  185639  725977  481  8039  3111  2170  32  0  6  2  1230  49  4360  552  3  0  19  3104  1142538  11  
0  0  0  0  0  0  2  0  0  0  0  3  0  0  2  58  0  0  0  0  0  0  0  0  0  0  1  0  0  0  0  0  0  0  0  0  0  0  0  0  0  0  0  0  1  0  0  0  1  0  0  2  0  9  0  0  0  0  0  0  0  0  1  0  1  1  0  0  0  0  0  0  0  0  0  0  1  375216  0  0  4  125  0  7  0  144  0  5  68  1264  308  24  64  11  1  1  0  0  124179  0  249  148879  4115  32  0  0  8803  51678  0  649996  2608  9030  0  3  515955  4  11  1  7602  0  0  97  586  6  0  2  0  16  232012  69802  37  4  6  183  1  2  2  0  2  4  615505  784  14  0  3  1780  173470  5145  
4  0  359  0  1  1  5  6  0  4  0  0  0  0  2  26  0  0  1  2  0  0  1  5  0  0  317  65  5  3636  0  0  0  18  1  1  1  1  0  0  0  2  3  1  3  282  0  3  3  0  0  2  0  0  0  38  0  1  0  3  1  0  10  1  24  86  93  0  0  0  191  5  38  3  21  25  270940  37  11  1  18  20  1  46  6  26  7  12  8  85  1096  74  1398  26211  85  0  12  37  41985  50  0  133516  793  634529  7  6  47  431  1  27  643  860  7  8  2007  23  57  7  1195  12198  1  120  128  57  0  4  0  8  7  1031096  94  804  0  87  26  9  31  7  88178  68  232854  206  86  0  894  565  824  139  
0  0  17  1  0  0  2  1  0  0  0  2  0  0  2  46  0  0  0  1  0  0  0  0  0  0  1  2  3  1  0  0  0  0  0  0  0  0  0  0  0  0  0  0  1  9  0  0  3  0  0  1  0  3  0  0  0  0  0  0  0  1  1  0  0  5  3  0  0  0  0  0  0  0  1  2  149896  164354  0  4  44  116  0  0  0  172  12  40  216  1885  2885  217  62  15  2  0  0  7  1787  146424  84654  0  68592  52  0  0  0  11  2  67  1313  410  0  10  1431  10  9  0  1103790  6951  0  23  402  7  0  11  0  44  468  471  40  2  5  253  0  28  3  5  0  3  765492  2993  418  0  4  320  499  0  
3  0  58  9  0  4  44  43  0  0  0  20  0  5  32  2368  1  2  0  0  0  0  0  10  0  1  4  0  79  4  1  3  0  1  0  0  0  0  0  1  0  0  2  0  8  11  0  1  42  0  0  8  0  190  0  1  0  0  0  0  0  8  5  1  1  3  3  2  71  0  1  0  1  0  6  0  100632  118645  7  38  382  5121  0  4  4  30854  123  373  116305  141645  11640  1833  14  14  1  0  7  84  1526  922  1043  76174  0  28  2  7  0  59  4  40  395  489  65  190  1436  36  5  2  1378087  57  6  114  9057  4  1  144  0  30764  273  638  13  7  0  59  1  217  24  26  3  10  25570  686126  593472  0  25  155  290  0  
7  0  8949  0  0  4  43  1354  1555  193  1566  2  0  1  5  443  6  3  10  20  0  1480  0  16  3  0  1545  48  9  83719  1  2  1  120  5  4  34  30  0  1  2  3  1  304  5  2605  2  20  4  0  0  2  0  15  0  170  6  14  1  21  0  6  9  6  764  1558  89  0  0  0  4746  44  219  2  13  0  49583  1  10  31  274  2078  50604  125987  27494  44  17  138  22  216  153  148  206  9736  20  370  57  93  196  9  560382  136  38  0  14  16  16  354  5  15  495  503  4  66  229  23  75  27196  182  380734  1  80  496  22  0  185  4  3  2  14223  21  104  0  28  9  426  37  20  474634  12901  45  1  0  0  1120308  490  678  72  
303  0  0  0  6  2684  2  0  0  22  1  0  0  0  0  90  346  70  0  2  0  6  382  1162  0  0  0  0  0  1  151272  7423  0  82  1630  0  12  4  0  0  0  0  545  1  0  0  40  86  0  6  0  0  0  0  0  0  0  0  0  0  6  0  18185  494  5  672  0  0  0  38789  0  1  0  0  20375  3  0  0  581  50521  2  0  0  14  27  0  1  1  0  28828  519  199  6  203  7  28  6327  180298  0  0  3  0  1  5  0  158462  0  1039  5804  1  35  28  0  0  0  294  7434  14  1  0  0  22  0  133  22  0  0  0  0  3  7  111  1  30  91  1  626126  1398  17  7189  0  0  0  353271  0  34  207  0  
472  0  1  0  3  2647  0  0  0  25  0  0  0  0  0  394  75  44  0  1  0  0  132  195  0  0  1  0  0  1  198  4005  0  33  1615  0  9  0  0  0  0  1  647  2  0  0  33  30  0  6  0  0  0  0  0  0  0  0  0  0  2  0  3481  394  1  2005  0  0  0  277  0  0  0  0  15  0  0  0  12  35601  0  0  0  2  7  0  2  0  0  2  435  161  2  34  0  12  3825  12326  0  0  3  1  0  0  138845  0  0  345  4318  0  27  10  0  0  0  48  7823  2  0  0  0  11  0  42  5  0  0  0  0  0  2  18  0  6  24  1  128094  70  3  10624  0  0  0  42502  1  25  20  0  
0  0  1  0  0  0  0  0  0  0  0  0  0  0  0  4  0  1  0  0  0  0  0  0  0  0  19  0  0  16  0  0  0  3  0  0  0  1  0  0  0  0  1  0  0  0  0  0  0  0  0  0  0  0  0  0  0  0  0  0  1  0  2  0  5  10  0  0  0  0  3  0  1  0  1  0  0  9715  2  0  5  0  0  10  0  143  2  3  0  6  5727  96  9  12  3  0  1  3  23  16320  530  0  0  300  1  2  0  280885  64391  9772  33  154  0  1  242166  1  1  2  0  0  0  182565  2025  2  0  1  0  0  0  97  3  11  0  5  0  3  4  1  13  20  1  0  0  0  90  58  6965  143927  
101  0  0  0  42  16  2  0  0  122  2  4  0  5  70  108  2  1  0  1  1  4  3  347  0  0  22  0  0  23  2  174  0  36  29  0  13  0  0  14  0  1  85  4  0  0  0  3  4  1  1  3  0  4  0  6  0  0  0  1  44  36  874  17  33  177  0  0  0  0  3  2  5  0  1318  38  2  9136  2183  323  747  63  2  175  23  198  1959  1917  26  905  7036  8520  314  1273  97  61  32088  15267  39  52974  289  2  4  304  1191  1188  211047  0  313561  211332  176  2524  610  114  38333  359  96487  37  2  16  660  217616  609  190  42  410  4  4  0  94  93  532  2  198  127  1762  9228  13791  335  255  10  1  1  0  154  194  845441  66943  
107  0  0  0  43  33  1  0  0  60  1  4  0  11  65  81  6  6  0  2  0  0  14  238  0  0  0  0  0  2  13  143  0  17  295  0  3  0  0  4  0  0  111  2  0  0  9  6  4  2  0  1  1  2  0  0  0  0  0  0  28  13  303  26  4  83  0  0  0  0  0  0  2  0  825  3  1  209  1227  385  494  48  2  18  8  649  1697  2577  21  592  150928  92314  30  220  19  9  239620  50053  3  0  9  0  1  29  3049  3492  79829  587114  0  0  23  9  747  77  171  64  242752  7  1  8  738  543239  1351  30  5  554  4  4  0  3  7  88  0  34  32  1720  9382  13688  26  550  2  0  0  0  100  5  3227  0  
0  0  0  0  0  0  0  0  0  0  0  0  0  0  0  4  0  0  0  0  0  0  0  0  0  0  4  0  1  1  0  0  0  0  0  0  0  0  0  0  0  0  0  0  0  0  0  0  0  0  0  0  0  0  0  0  0  0  0  1  0  0  0  0  5  9  0  0  0  0  0  0  2  0  0  0  0  2251  0  0  1  9  0  8  0  11  1  2  5  88  93  4  42  17  4  1  2  0  12734  545703  196  218  223  114  0  0  10839  336952  1  0  1035  2743  0  1  416064  3  2  1  475  0  0  16  57  7  0  1  0  0  15900  1114  14  11  0  106  0  0  0  0  12  11  129  105  0  0  8  725  26240  145899  
0  0  0  0  0  0  0  0  0  51  1  0  0  0  0  2  0  2  0  2  0  2  0  1  0  0  5  0  0  11  0  14  0  3  5  0  1  0  0  0  0  1  9  1  0  0  0  1  0  0  0  1  0  0  0  0  0  0  0  2  17  0  43  1  50  55  0  0  0  0  0  3  2  0  2  140085  0  59  1  0  0  7  0  433  203  28  1  3  25  152  65  7  15014  6470  60290  1233  7931  18  615  179  199  33  79  183  6  11  0  159  2  125  0  287823  0  1  461  5883  206281  405  201  0  0  5  33  368457  879  2  0  2  117  253  10784  1317  129479  604632  627  1  166  2  983  211  23  188  1  0  8  738868  10645  0  
0  0  0  0  0  1  0  0  0  19  0  0  0  0  1  32  0  1  2  1  0  1  0  2  0  0  23  0  0  37  0  22  0  6  0  0  4  1  0  0  0  0  6  5  0  1  0  1  4  0  0  0  0  7  0  2  1  1  0  0  3  1  72  3  83  159  0  0  0  0  2  5  7  0  19  116  2  654  15  1  8  103  0  631  112  120  2  5  50  757  184  46  2128  3446  313  602  770  171  34312  3018  730  104  335  591  58  50  59  16359  8  1781  251385  0  0  3  6922  2666  188037  275  173  3  0  12  199  548  478  3  0  3  361  627  820  1007  61638  2505  605  1  491  114  1665  369  136  304  7  0  20  1013170  963928  12  
46  0  1  0  17  48  1  0  0  1  0  0  0  40  102  374  1  0  0  0  0  0  0  329  0  0  0  0  0  2  1  0  0  0  1  0  0  0  4  1  0  0  1  0  0  0  0  1  6  0  0  3  0  4  0  0  0  1  0  0  1  109  3  6  1  23  0  0  0  0  0  0  1  0  29  0  2  0  33  1287  644  66  4  7  13  6349  145426  484610  26  543  1026  25021  2  49  3  18  21  19369  0  0  11  3  67  38  1  1  0  1796  1111  0  3  28  0  45145  6  199  301  28  12  4  71138  1496  367787  1  13  636  3  6  0  0  0  12  0  0  17  4878  18  9324  6  23  8  12  6  0  141  4  1105  0  
0  0  0  0  0  1  7  3  0  0  0  4  0  9  4  73  0  0  0  0  0  0  0  1  0  0  1  0  0  0  0  0  0  0  0  0  0  0  0  18  0  0  1  0  0  0  0  0  1  0  0  4  0  6  0  0  0  0  0  0  0  1  1  0  0  1  0  0  0  0  0  0  0  0  0  0  0  4  6  804  2972  410  1  0  0  95522  4  211861  2941  38346  42  370  0  0  0  0  2  4  0  0  1  2  9  68  0  0  0  4  7  0  0  0  57976  0  4  3  1  0  0  51  0  22  147512  0  0  774  5  372  0  0  0  0  0  0  0  54  0  0  0  10  0  62  1  0  314  0  12  0  
2  0  1  0  0  0  7  0  0  0  0  4  0  0  5  215  0  0  0  0  0  0  0  1  0  0  5  0  0  7  0  2  0  0  0  0  0  0  0  0  0  0  1  0  0  1  0  0  7  0  0  0  0  29  0  1  0  0  0  0  0  2  5  1  1  5  0  0  1  0  0  0  0  0  4  1  35  235999  6  9  141  642  0  4  1  6561  15  58  96  4374  136003  2737  38  27  1  0  5  23  8806  443887  1752  538  3331  252  0  0  206529  97489  41  365071  2826  13476  22  66  0  3  27  0  1030  22  1  203178  221685  10  1  17  0  48  7806  714  20  13  3  140  0  21  13  13  8  6  14737  1453  21  0  88  2718  68122  81385  
10  0  0  0  5  3  1  0  0  69  20  0  0  0  8  24  0  1  9  476  9  44  0  26  0  0  7  0  0  3  0  18  0  6  8  0  9  0  0  2  0  57  12  49  0  0  1  1  2  8  4  0  0  1  0  1  2  49  4  6  5  3  69  4  637  17  0  0  0  0  0  11  11  0  112  198077  0  0  171  28  148  12  0  849  213292  57  235  205  1  175  102  82  326966  243750  30178  310165  1563  1094  15  0  8  0  0  13  134  134  0  1690  24  1  13623  2369  78  30  7  0  3838  212539  0  2  4  490  61  2211  379553  28  0  3  0  24  173349  2104  29  9132  12777  219  565  457  85  4552  0  0  0  0  19  3888  18195  1  
56  0  0  0  2  22  0  0  0  1097  3  1  0  0  1  7  9  7  1  7  0  15  21  63  0  0  8  0  1  1  5  1324  0  140  780  0  52  8  0  1  0  1  736  29  0  0  10  6  1  21  1  0  0  1  0  0  0  1  0  2  256  3  2260  61  7  667  0  0  0  0  0  0  1  0  205  51  0  0  153  62  9  2  0  51  76  2  65  59  0  18  3392  9185  218  734  153  567  300823  10433  12  0  16  1  0  24  4010  5496  0  118497  189580  1  177921  118450  29  2  3  1471  0  168  0  0  30  102  19  184188  464  8  0  0  0  9  199  183  13  751  1758  66  24111  1909  99  963  1  1  0  1  2  36892  21372  0  
4  0  0  0  0  0  0  0  0  402  109  0  0  0  2  2  0  0  6  291  8  3209  1  14  0  0  11  0  0  418  0  4  0  26  2  0  14  4  0  1  0  204  9  158  0  0  1  1  0  14  2  0  0  0  0  4  1  28  1  13  19  1  26  7  347  125  0  0  0  0  8  11  13  0  25  0  0  0  32  5  9  29  830  234284  1007846  3  37  24  0  18  10  11  4  31244  87  574613  93258  249  1  0  3  0  1  22324  19  22  0  128  8  0  162  208  9  4  2  166050  467  0  0  0  2  20  3  173  2747  4  0  0  0  2  2  2543  0  118  196490  24  95  129  270358  136596  0  0  0  0  212  148  886  0  
1  0  72  1  1  1  11  29  0  0  0  8  0  3  15  899  0  0  0  0  0  1  0  9  0  0  3  2  30  3  0  0  0  1  0  0  0  0  0  2  0  2  1  0  5  10  0  0  19  0  0  11  0  55  0  0  0  0  0  0  0  7  6  0  1  5  4  1  31  0  0  0  0  0  23  0  148136  192926  13  41  295  2744  0  4  2  385  141  271  973  23727  12332  826  95  25  4  0  16  112  5501  3246  2273  1290054  1578020  89  7  4  0  38  4  87  1488  640  72  45  2754  36  20  0  0  3234  6  107  952  11  0  58  1  1278  758  1224  50  3  4  256  0  192  35  32  4  17  138071  23320  9497  0  33  371  869  0  
10  0  4092  1  1  3  31  923  39  8  0  4  0  2  6  1836  0  2  0  0  0  0  0  9  0  0  280  203  401  1048  1  1  0  3  0  0  0  0  0  1  0  1  0  0  102  1825  0  1  5  0  0  3  0  12  0  23  1  0  0  1  0  0  0  2  0  717  269  0  6  0  103  0  0  0  6  0  317652  1  19  68  860  221092  98972  2  0  47  23  199  38  55643  192  158  0  4  0  0  1  108  1  1  16505  23375  316  357614  4  16  0  8  8  0  5  8  2  77  219  5  2  3  2801  0  0  18  589  0  0  232  5  8  0  33  0  2  0  0  0  585  5  3  0  2366  233  1  0  0  38969  6  20  0  
6  0  0  0  4  4  0  0  0  0  0  0  0  1  9  7  0  0  0  0  0  0  0  54  0  0  0  0  0  0  0  0  0  0  1  0  0  0  0  0  0  0  0  0  0  0  1  0  0  0  0  0  0  0  0  0  0  0  0  0  0  0  1  2  0  1  0  0  0  0  0  0  0  0  117  0  0  0  48  27  29  1  0  0  2  405  37134  3255  0  14  4369  259017  0  3  0  2  827  440470  0  0  0  0  3  0  5  0  0  2757  1907  0  0  4  88573  5  1  10  142  1  2  0  0  504  73370  1  0  99  0  0  0  0  0  2  0  1  0  589  26  94449  0  21  0  1  0  0  5  0  325  0  
43  0  0  0  19  15  7  1  0  10  1  14  0  22  74  301  2  0  0  1  0  0  0  208  0  0  40  0  2  45  0  7  0  4  1  0  2  1  1  34  0  0  3  0  0  1  0  1  5  0  0  7  1  8  0  5  2  1  0  4  0  21  12  4  49  74  0  0  0  0  7  2  10  0  316  26  3  305  842  696  2745  211  6  171  74  1783  2102  4066  144  3620  291973  15699  186  2729  84  9  2416  6009  54  86  954  47  22  792  49  48  155912  511297  465956  67  170  253  1221  1052  177129  2051  657  59  53  37  556  0  11442  90  7  961  5  37  1  193  84  1110  1  138  20  2154  186  9100  267  160  52  5  2  0  491  113  203723  648  
9  0  4  1  0  29  224  44  0  0  0  71  0  57  134  2197  0  3  0  0  0  0  0  32  0  0  1  1  3  1  0  0  0  0  0  0  0  0  1  69  0  0  0  0  2  1  1  0  64  0  0  71  0  327  0  0  0  0  0  0  0  37  0  3  2  22  0  9  4  0  0  0  1  0  9  2  22  270313  35  9241  24022  10245  41  3  17  766912  7388  129683  3502  119916  137817  508309  17  63  0  14  42  1856  120  664  116  377  8727  667  2  2  831  2347  2409  104  176  297  252003  113379  157565  211  301  10  492  262  53485  6581  0  3  2  4044  17  1309  27  43  5  12  1  18  15  1231  35  1664  3  122  839  7408  132  0  2484  95  1344  7  
4  0  0  0  0  1  0  0  0  557  1  0  0  0  0  0  0  0  1  2  0  7  0  5  0  0  1  0  0  1  0  102  0  10  11  0  4  0  0  0  0  2  34  23  0  0  0  0  0  1  0  0  0  0  0  0  0  1  1  0  126  0  370  4  15  329  0  0  0  0  0  0  1  0  16  1686  0  1  6  0  1  0  0  55  273  1  2  1  0  5  2  8  2294  1120  283319  4361  221281  503  42  1  15  0  0  35  188  159  0  1429  13  0  396941  367  0  0  3  5802  239992  592  0  0  0  11  1  0  4891  0  0  0  0  109  2363  1036  594  158959  113486  2  1791  86  249  202  0  0  0  0  2  5629  1303  0  
0  0  0  0  1  1  0  0  0  15  0  0  0  0  0  0  0  0  1  1  1  6  0  3  0  0  1  0  1  1  0  4  0  2  0  0  0  0  0  0  0  0  5  2  1  0  0  0  0  0  1  0  0  0  0  0  0  0  0  0  4  0  33  1  3  11  0  0  0  0  0  0  0  0  21  188235  0  0  28  1  1  0  0  12  1374  2  8  7  0  1  4  8  2435  1665  283891  130349  697  230  2  0  1  0  0  3  30  29  0  345  1  0  1956  699  6  2  0  427080  1622  3391  0  0  1  5  2  1957  0  0  0  0  0  4  4025  374  64  2778  121080  13  167  127  26  29  0  0  0  0  1  348  2273  0  
5  0  2  0  4  82  25  1  0  1  0  2  0  21  40  559  0  0  0  1  0  0  0  47  0  0  0  0  0  0  0  0  0  0  0  0  0  0  3  35  0  0  1  0  0  0  0  0  58  0  0  7  0  29  0  0  0  0  0  0  0  36  0  0  0  40  0  0  1  0  0  0  0  0  3  0  3  15  119  10786  3639  523  25  0  1  147239  152  662598  1092956  29227  45  313  0  3  0  2  4  530  2  2  1  3  1019  263  0  0  0  43  25  0  3  1  741  5235  5  5  5  2  45  78  3  44  2519  0  0  0  2215  3792  1  0  0  0  0  1  0  52161  4  2  0  95  3  405480  7  0  1252  1  28  0  
73  0  0  0  39  76  0  0  0  0  0  0  0  3  182  121  0  1  0  0  0  0  0  402  0  0  0  0  0  1  0  0  0  0  0  0  0  0  1  0  0  0  0  0  0  0  0  0  0  0  0  0  3  4  0  0  0  0  0  0  0  53  0  1  0  24  0  0  0  0  0  0  0  0  215730  0  0  0  473404  4358  1807  198  19  0  0  1  65  246  1550260  65319  0  15  0  0  0  0  0  170293  0  0  0  0  0  63  1  0  0  0  1  0  0  0  0  9  0  0  0  0  0  25  0  2  47  0  1  3122  0  136949  0  0  0  0  0  0  0  6533  0  4  0  113  0  0  0  0  491  0  0  0  
0  0  1  1  0  3  26  5  0  0  0  19  0  4  15  375  0  0  0  0  0  0  0  7  0  0  0  0  5  0  0  0  0  0  0  0  0  0  1  8  0  0  0  0  0  3  0  0  5  1  0  7  0  49  0  0  0  0  0  0  0  0  0  0  1  1  0  1  4  0  0  0  0  0  111  0  10  283  19257  103  325  203  0  0  0  22370  5  3470  709267  1146270  510  2994  2  4  0  0  1  1847  8  4  22  63  22569  8  1  1  0  38  7  1  9  6  3  5365  87  8  2  0  2032  2  1  111  25230  0  0  11394  126406  0  0  7  0  1  0  2  0  3003  1  1  0  2  98  9074  345510  0  21  3  46  0  
0  0  0  0  0  0  0  1  0  0  0  1  0  0  0  7  0  0  0  0  0  0  0  0  0  0  0  0  0  0  0  0  0  0  0  0  0  0  0  0  0  0  0  0  0  0  0  0  0  0  0  0  0  0  0  0  0  0  0  0  0  0  0  0  0  0  0  0  0  0  0  0  0  0  0  0  0  520  0  0  2  12  0  0  0  14  0  0  14  165  38  12  52  19  6  0  0  0  166678  254224  55  451  533  6  0  0  0  0  0  24592  816  436  0  0  24127  2  6  0  1076  0  0  0  22  12  0  0  0  0  0  66399  40  9  2  192  4  0  0  0  0  2  20549  233  3  0  1  247  21075  0  
0  0  26  0  0  0  0  0  0  8  0  0  0  1  0  6  0  0  0  2  0  0  0  0  0  0  81  6  0  322  0  2  0  10  1  0  1  0  0  1  0  0  0  0  2  9  0  0  0  0  0  0  0  0  0  7  1  1  1  4  1  1  5  0  66  74  8  0  0  0  13  7  24  1  7  183  18  98  6  3  11  6  0  176  4  12  4  6  8  71  520  34  63269  101803  439  0  15  16  771477  111386  1204120  720  722  44801  3  2  22  359  5  641  1803  1481  1  2  1952  33  66  17  2395  13  0  58  80  333  2  2  0  4  52899  0  610  251674  3  377  157  5  21  6  5761  180  244367  230  50  0  111  1165  2784  77  
1  0  0  0  0  0  0  0  0  10  0  0  0  0  0  0  0  0  1  2  0  0  0  1  0  0  0  0  0  0  0  3  0  0  2  0  0  0  0  0  0  0  3  0  0  0  0  0  0  0  0  0  0  0  0  0  0  1  0  0  5  0  15  0  4  4  0  0  0  0  0  0  0  0  0  70350  0  1  5  3  4  0  0  20  6  0  8  5  1  3  5  2  1129952  10460  9491  14  120  45  250  1  75  1  6  56  6  8  1  286  4  3  11851  713  2  0  14  152369  1025  6  5  1  0  33  0  4682  2802  0  0  0  1  310  0  67170  17935  13759  1263  6  72  21  425  14  0  4  0  0  3  1696  6752  0  
1  0  1  0  2  1  0  0  0  19  2  1  0  2  2  12  0  1  13  293  6  8  0  8  0  0  7  0  0  12  0  3  0  4  1  0  3  0  0  0  1  69  6  28  0  0  0  0  0  9  0  0  0  1  0  3  2  39  0  1  2  4  14  3  459  30  0  1  0  0  0  4  3  0  21  7835  1  0  19  3  39  5  0  3710  1253  19  32  25  1  41  95  26  559011  543725  3145  65  300  255  13659  4  4020  0  0  2268  41  36  2  925  50  7  7260  1131  12  5  27  3463  668  2623  3  2  0  427  13  1373  166  7  0  0  2  269856  34800  0  1102  4813  477  26  197  58  29064  7416  0  2  0  0  39  2835  9429  4  
0  0  0  0  0  0  0  0  0  4  0  0  0  0  0  0  0  0  0  0  0  0  0  0  0  0  0  0  0  0  0  0  0  0  1  0  0  0  0  0  0  0  0  0  0  0  0  0  0  0  0  0  0  0  0  0  0  0  0  0  2  0  9  0  0  5  0  0  0  0  0  1  0  0  1  139617  0  0  1  0  0  0  0  1  0  0  0  0  1  10  1  1  501689  444  12621  8  37  4  1692  13  6  0  1  4  0  2  0  66  1  13  159360  73148  0  0  26  57  332  1  10  0  0  1  0  1673  58  0  0  0  13  16  14833  9493  0  57334  467  0  33  5  22  0  0  8  0  0  0  183324  85770  0  
1  0  0  0  0  0  0  0  0  69  1  0  0  0  0  0  0  0  1  3  0  0  0  1  0  0  1  0  0  0  0  11  0  2  2  0  1  0  0  0  0  1  4  3  0  0  0  0  0  0  0  0  0  0  0  0  0  1  0  0  12  0  40  1  9  44  0  0  0  0  0  1  0  0  3  10570  0  3  3  3  5  2  0  36  357  1  3  3  2  13  9  4  11625  2849  351937  4290  172  54  243  9  34  4  9  39  21  28  0  400  3  11  646683  442  0  0  37  5468  3871  724  35  0  0  12  0  154011  2669  0  0  0  20  170  10848  844  30319  0  13982  0  225  14  141  47  4  9  0  0  0  16160  12267  0  
18  0  0  0  2  9  0  0  0  9101  2  0  0  0  0  6  2  2  2  19  5  57  4  26  0  0  19  0  0  5  1  135  0  29  24  0  8  5  0  0  0  75  38  773  0  0  0  0  0  0  1  0  0  1  0  1  0  0  0  3  97  0  387  28  14  2382  0  0  0  0  0  12  23  0  106  1005  1  0  78  17  12  1  0  3617  32215  0  54  28  1  22  9  19  1040  1232  589728  586444  394606  1238  20  0  10  1  0  24  261  333  0  1129  25  0  688  1474  7  0  0  6469  10751  173397  1  0  2  5  4  123526  127431  3  0  0  0  72  1014  535  165  9029  0  34  1233  492  1496  41170  0  0  0  1  2  476  6046  1  
670  0  3  0  294  798  13  2  0  1  0  1  0  93  1705  1521  1  2  0  1  0  0  0  4142  0  0  1  0  0  1  1  0  0  0  0  0  0  0  6  7  0  0  2  0  1  0  0  1  27  0  0  4  6  21  0  0  0  0  0  0  0  525  1  23  0  352  0  0  1  0  0  0  0  0  87  0  5  0  541  22317  15447  1325  118  0  1  4  56503  62477  61782  15649  17  64  0  4  0  1  2  117695  0  0  3  0  6  357  2  1  0  43  22  0  0  0  939  18  0  15  11  2  0  124  3  23  315  2  0  13410  287  121  0  1  0  2  0  0  1  0  5  139  0  1384  3  2  1  0  2953  0  46  0  
359  1  0  0  6  629  0  0  0  39  1  0  0  1  0  102  111  76  4  4  0  11  152  643  0  0  8  1  0  8  11010  6771  0  206  1613  0  36  6  0  0  0  5  778  1  0  0  42  38  0  14  0  0  0  0  0  0  0  1  0  0  17  0  20673  533  5  989  0  0  1  66  1  3  5  0  226  6  2  0  366  112714  3  0  0  54  96  0  10  4  0  773  1497  755  37  776  25  115  20817  761689  4  0  30  1  8  41  686731  121353  0  3735  13381  0  80  113  2  2  2  1121  14887  48  2  0  10  72  1  582  80  1  0  0  0  6  19  340  3  101  310  9  0  96489  70  23096  2  0  0  66882  3  163  483  0  
841  0  1  0  440  27  0  0  0  32  0  0  0  3  61  88  0  0  2  2  0  0  0  690  0  1  1  0  0  5  22  8  0  2  2  0  1  0  0  0  0  1  4  0  0  0  0  0  0  1  0  0  0  0  0  1  1  1  0  0  7  11  43  30  12  91  0  0  0  0  0  0  2  0  61171  7  1  1  3721  4450  39  3  1  26  108  90  42316  493  6  272  8781  67949  15  519  10  166  11610  1293603  2  0  30  5  53  23  3712  27  0  9094  3840  0  16  657  5469  4  7  1197  2790  113  13  1  34520  3420  899  27  58  6  5  0  0  9  10  200  0  18  232  273  34521  0  34  10272  10  0  6  394  6  28  11931  0  
0  0  0  0  1  0  1  0  1  105  13  0  0  0  0  5  0  3  82  369  5  454  1  9  0  0  151  0  0  4523  0  0  0  18  0  1  17  12  0  0  0  21  7  42  0  1  2  6  1  6  0  0  0  1  0  14  31  122  3  24  1  2  9  2  3109  703  1  0  0  0  11  29  59  0  8  355  0  0  10  4  11  5  21  136884  376263  7  14  14  0  13  54  12  13288  337041  886  996  4226  139  607  4  82886  1  0  426070  22  20  2  640  15  17  1363  1181  7  4  38  238  300  323971  0  1  1  164  11  585  21  2  0  0  1  4288  672  9417  11  391  8070  12  98  21  0  46230  1  2  0  0  741  1520  1937  16  
26568  54  82  0  1711  32376  4043  15381  12751  108896  368  7  0  19  48  6115  22  63  321  6814  83  676  18  4859  0  0  695  2  10  2991  2330  855  0  228  199  0  127  42  0  14  0  9557  161  9566  3  189  69  26  14  153  7  10  0  16  0  55  46  284  3  58  176  20  1537  5641  11307  291192  6  0  1  81  247  77  225  0  19285  20  66  1  23972  592334  265419  195574  246226  290255  14501  17  536  1189  299  62922  89  307  80  15755  41  882  15362  37006  19  1  70  13  4  18742  3020  1083  0  138  96  1  169  146  43  40  7  8016  1859  29244  4  490  3  48  606  87  49  786  104  31  0  18  19  3016  0  32  30999  4205  8386  5414  7831  0  1  0  1  1609  13624  199  290  2  
0  0  20  1  2  0  2  1  0  1  0  3  0  0  2  43  0  0  0  0  0  0  0  0  0  0  10  13  3  1  0  0  0  0  0  0  0  0  0  0  0  0  0  0  2  30  0  0  2  0  0  2  0  8  0  0  0  0  0  0  0  1  6  0  0  6  16  0  0  0  0  0  0  0  5  0  71322  8816  6  7  64  68  0  1  0  202  22  51  164  846  4868  427  9  1  0  1  4  19  4880  595490  318534  1117104  48218  98  1  0  0  8  2  68  272  716  14  14  12913  4  4  0  115001  599  3  135  1040  1  0  10  0  24  15005  261945  5  2  0  31  0  25  11  12  1  3  0  2435  523  0  3  172  343  0  
0  0  2  2  0  0  47  9  0  0  0  8  0  1  16  571  1  0  0  0  0  0  0  0  0  0  0  0  8  0  0  0  0  0  0  0  0  0  0  0  0  0  0  0  1  2  0  1  17  0  0  19  0  133  0  0  0  0  0  0  0  1  0  0  0  0  0  3  14  0  0  0  0  0  0  0  14  7335  2  4  793  1469  0  0  0  388155  0  17149  351853  40123  160  134  12  1  1  0  0  1  168  80  59  238  730939  3  0  0  0  3  0  8  166  151  10  3086  7065  4  0  0  4864  1  0  3  12886  0  0  361785  0  3039  28  34  3  0  0  33  0  42  0  0  1  0  408  0  22243  0  9  37  61  0  
1  0  43  0  0  1  6  17  0  0  0  0  0  0  4  380  0  1  0  0  0  0  0  3  0  0  1  0  45  0  0  0  0  0  0  0  0  0  0  1  0  0  0  0  0  2  0  0  4  0  0  1  0  27  0  0  0  0  0  0  0  2  5  1  2  2  0  1  17  0  0  0  0  0  6  1  514  843  4  20  101  360  0  0  1  228  53  114  171975  306580  4076  436  0  2  0  0  3  34  5  7  223  621  622850  6  2  2  0  19  1  0  8  7  18  25  34  19  0  2  15051  6  1  47  300  0  0  27  0  424003  1  90  1  1  0  2  0  86  13  12  1  5  703  35686  0  0  12  3  33  0  
19  0  0  0  6  7228  3  0  0  0  0  0  0  0  0  12  32  1  0  0  0  0  33  26  0  0  0  0  0  0  16398  843  0  0  28  0  0  0  0  0  0  0  1  0  0  0  0  6  0  0  0  0  0  0  0  0  0  0  0  0  0  1  71  7  0  176  0  0  0  56354  0  0  0  0  2709  0  0  0  399  402526  43  1  0  0  0  0  0  1  1  75528  5  16  0  0  0  0  40  19035  0  0  0  0  0  0  349394  35649  0  0  30  0  1  0  0  0  0  0  13  0  0  0  0  0  0  0  0  0  0  0  0  0  0  0  0  0  0  1  68726  1163  0  11056  0  0  0  0  0  0  0  0  
4  0  1834  0  3  20  138  2292  5686  102  577  12  0  4  9  921  1  3  0  2  0  303  0  6  1  0  1292  33  21  15974  0  1  0  72  0  5  10  21  0  4  2  0  1  100  7  2265  0  4  6  1  1  2  0  26  0  122  1  1  0  6  0  3  5  4  98  1661  44  1  0  0  1523  26  119  1  13  0  95  2  74  289  2203  10127  357432  647  216  237  124  1411  257  782  119  811  2  30  1  81  4  506  14  1  517  41  8  961269  3  3  1  87  21  1  16  33  12  362  14  7  17  358  5  47594  0  67  3141  1  0  1560  27  38  0  50  3  1  0  0  1  3914  3  3  418  13971  9  0  1  1  0  21  85  3  
0  0  0  0  0  0  0  0  0  5  0  2  0  0  0  8  0  0  1  0  0  0  0  0  0  0  8  0  0  10  0  4  0  2  1  0  0  0  0  0  0  0  0  0  0  0  0  0  1  0  0  0  0  1  0  0  0  0  0  0  2  0  20  1  27  32  0  1  0  0  0  1  1  0  2  83  2  116  0  1  0  19  0  187  86  39  2  1  32  254  59  23  1828  2892  172  248  69  11  2220  579  235  47  120  156  8  12  1  1289  0  518  678860  1018689  0  0  1442  2400  41768  131  265  1  0  2  52  1344  172  0  0  3  402  222  835  710  195857  12906  137  0  90  10  483  113  26  212  2  0  6  0  51117  1  
66  0  0  1  22  10  1  0  0  59  0  1  0  1  38  71  0  1  2  1  0  0  0  171  0  1  75  0  0  95  1  48  0  21  6  0  5  7  0  2  0  0  18  6  0  4  1  2  1  0  0  2  0  2  1  11  2  0  0  5  8  14  377  3  208  332  0  0  0  0  5  10  25  0  1309  252  2  989  1439  91  248  134  0  919  300  222  706  552  64  1055  2063  2324  195366  11675  901  1251  17474  7194  1101483  162776  2102  140  350  1563  380  338  4269  915381  4061  29240  29656  1202497  183  57  78054  8901  26374  488  779  11  43  126855  518  1447  877  103  4  7  21577  2249  4355  3059  125546  43159  1667  724  1810  8977  1834  694  276  364  7  0  150  58225  0  5290  
0  0  0  0  0  0  0  0  0  1  0  0  0  0  1  0  0  0  0  0  0  0  0  0  0  0  20  0  0  23  0  0  0  1  0  0  0  1  0  0  0  0  0  1  0  1  0  0  0  0  0  0  0  0  0  4  1  0  0  1  0  0  1  1  12  16  0  0  0  0  1  1  5  0  2  3  0  558  1  0  6  3  0  49  1  3  0  2  0  4  191  15  51  50  8  0  6  11  29  7838  847  0  0  522  2  1  138575  136281  3  171790  40  134  0  1  99592  5  8  5  0  1  0  906  23  3  0  1  0  0  1  208  5  44  0  13  4  1  11  2  79  36  0  0  0  0  62  55  16578  0  
