0  0  0  0  129298  12265  32  2  1  1  0  11  35025  20256  80243  22695  0  179  0  0  0  0  0  141674  0  0  0  0  3  1  29069  171  0  0  0  0  0  0  170  4508  0  0  0  0  11  0  3286  1  29852  0  0  104669  95684  24  0  1  0  0  0  0  0  161949  104  12268  2  603  3  522  12  95925  0  0  0  0  0  0  0  0  0  15  0  0  1  0  0  0  0  0  0  0  0  1  0  0  0  0  1  2  0  0  0  0  0  0  0  1  0  0  0  0  0  0  0  0  0  0  0  0  0  0  1  0  0  0  0  1  0  0  0  0  0  0  0  0  0  0  0  0  0  17  0  0  0  0  0  0  0  0  
0  0  0  0  0  0  0  0  1  0  60  0  0  0  0  0  1  17  222578  831  218842  185746  232  1  113  1  1  0  0  3  0  10  1  0  0  1  55726  44  0  4  1399  165659  0  71725  1  0  1  20  20  15  276453  0  0  0  0  804  195357  754  120713  160324  43644  0  1  0  170  0  11  134  0  0  2  125  3570  1  0  182  0  0  0  0  0  0  0  0  0  0  0  0  0  0  0  1  0  0  841  200  1  0  0  0  0  0  0  0  0  2  2  0  0  0  9  0  0  0  2  54  0  3  0  0  0  2  0  0  2  0  0  0  0  0  0  0  0  0  42  0  0  0  0  0  0  0  0  0  0  0  0  5  
1  0  0  0  0  2  1  79460  2267  1  0  0  0  0  0  240154  6  59  0  0  0  0  0  0  0  0  42440  157682  183957  163162  0  0  0  0  0  0  0  0  0  0  2  0  0  2  271370  309329  0  3  6  0  0  1  1  16  0  2  0  0  0  0  0  0  0  0  28  49  101631  2  17927  0  2323  0  0  0  0  0  2196  0  0  0  0  143  3040  0  0  0  0  0  0  838  0  0  0  0  0  0  0  0  0  0  0  0  0  1606  0  0  0  0  0  0  0  0  0  0  0  0  0  0  0  1364  0  0  0  0  0  0  0  0  0  0  0  0  0  0  0  0  0  0  10  15  0  0  0  0  2851  0  0  0  
0  0  0  0  0  0  0  3  3  1  0  221898  0  0  0  0  8032  796  0  3  0  0  1  0  0  238377  1  141876  179916  3  0  0  5602  14298  76  3930  0  0  0  157  23235  0  0  72  255491  3  2  706  128955  0  0  1  1  9  0  54  2  58  0  0  0  0  0  0  1954  2  82  26774  512  0  1  0  1  394  0  0  0  0  0  0  0  0  0  0  0  0  0  0  0  0  0  0  0  0  0  0  0  0  0  0  0  0  0  0  0  0  0  0  0  0  0  0  0  0  0  0  0  0  0  0  0  0  0  0  0  0  0  0  0  0  0  0  0  0  0  0  0  0  0  0  0  0  0  0  0  0  0  0  
134042  0  0  0  0  398  1  0  0  0  0  0  0  5  71  26101  0  3  0  0  0  0  0  25  0  0  0  0  0  0  22225  2  0  0  0  0  0  0  1  16  0  0  0  0  0  0  13  0  165  0  0  115  27650  0  0  0  0  0  0  0  0  0  4  92  0  104  0  1  0  11979  0  0  0  0  0  0  0  0  0  2  0  0  0  0  0  0  0  0  0  18  0  0  0  0  0  0  0  0  0  0  0  0  0  0  1  0  0  0  0  0  0  0  0  0  0  0  0  0  0  0  0  0  0  0  0  0  0  0  0  0  0  0  0  0  0  0  0  0  0  1  0  0  0  7  0  0  0  0  
22082  0  2  0  799  0  537001  407  185  4  0  14  0  117  57  465674  47  3374  0  0  1  0  0  40700  0  11  182  0  739  174  805  16590  0  0  0  1  0  0  11  589  33  0  0  5  606  59  2340  23  30735  0  0  207545  65054  18632  0  225  0  1  0  0  0  3  16074  20406  479  253683  377  13260  1460  229329  188  0  2  0  2706  0  0  5  1035  115634  1141  20  72  0  0  213  0  4  5  881  0  120  0  0  0  0  123  1772  2  0  16  2  1  4  3817  1597  0  0  0  1  0  0  88  417  17  0  0  2  168  2  74  1  553  0  0  1761  205  1161  3  90  0  0  0  0  0  0  363  482  44  228163  22  51  9  1524  27  0  5  0  
205  0  11  0  6  493976  0  170476  6168  1  0  3  0  2  49  353077  6  318  0  1  0  0  0  38  0  22  1141  0  834  254  5  53  0  0  0  1  0  0  1  17  76  0  0  1  1069  106  57  7  1226  0  0  21264  18298  50180  0  495  0  1  0  0  0  0  4  139  544  283430  646  6869  1249  169  1403  0  11  0  72  0  2  1  50  26111  11645  9041  3027  0  0  38  0  0  0  73  1  79  0  0  0  0  83  40  0  3  22  0  0  47  20  416  0  0  0  1  0  0  4  42  19  0  0  2  143  7  47  0  232  0  0  96  17  79  0  35  0  0  0  0  0  0  239  14  17  116557  14  17  12  107  204  0  5  0  
5  0  128704  0  0  1065  191824  0  153631  2  0  0  0  2  1  209896  15  275  0  0  0  0  1  1  0  15  531  0  84188  182  0  4  0  0  0  5  0  0  0  7  49  0  0  2  10966  145640  3  9  365  0  0  1490  80  70593  0  605  0  0  0  0  0  0  0  0  615  161275  390  414  221539  7  6087  0  3  0  0  0  6  0  0  5851  222  6265  4529  0  0  0  0  0  0  237  0  0  0  0  0  0  2  0  0  0  0  0  0  471  0  3  0  0  0  0  0  0  0  1  0  0  0  0  1  31  2  0  1  0  0  1  0  1  0  0  0  0  0  0  0  0  0  1  0  11948  1  0  0  3  5100  0  0  0  
1  0  2006  0  0  494  13635  146161  0  30486  2  1  0  0  0  336  280  4001  0  0  1  0  1  3  4  194  5628  2  237  59459  0  78  0  0  0  198  0  0  0  4  780  0  1  710  2272  65442  9  190  389  1  0  126  31  265  6  1700  1  7  0  0  0  0  5  2  3217  291748  6840  111  843  10  185200  0  71  0  0  0  76  0  0  2505  16  273  12659  290  8  0  0  0  0  8  1  18  0  0  1  1  58  0  0  0  0  0  0  8363  8  8  0  0  0  0  0  0  0  0  4  0  0  0  1  548  9  0  0  0  0  0  0  0  0  8  0  0  1  0  0  0  0  0  59  6194  1  0  0  1  35652  0  2  0  
0  3  1  10  0  4  26  0  35598  0  188  8  0  0  0  5  1134  43280  0  10  23  2578  11757  173  39  1740  203  13  295  88402  11  922  1  19  241  2646  1  10  1  51  28287  0  2100  150810  3090  6  191  13466  1101  1  3  10  4  5  89  4343  65  62  1  7  114  0  162  1  21735  287226  8391  660  899  112  972  9  1766  4  0  1  0  0  1  15  0  0  2354  10121  21  0  0  0  0  0  40  3932  0  0  11  38  3887  42  7  18  0  0  0  1735  2235  307  28  0  3  16  0  0  0  0  298  0  0  18  51  0  2401  306  17  0  0  0  0  0  4  497  1  1  38  0  20  0  98  1  17  110051  175  0  1  3  1737  2  130  29  
0  1327  0  1  0  1  1  0  1  24  0  8  0  0  0  2  0  28  6  678927  0  37249  29  0  0  11  37  1  0  13063  0  1  0  0  0  6  0  0  0  99  224  53591  1  801832  25  0  2  19  367  0  200  6  1  1  1  66  1620  43917  5  0  285  0  0  0  509618  3  6  6523  1  0  0  0  22  0  0  0  0  0  0  0  0  0  5  148  62396  0  0  0  0  0  0  0  0  110  0  18465  0  0  0  0  6  0  0  1444  0  0  0  0  0  0  0  0  0  0  0  9701  0  15636  0  0  0  0  0  0  0  0  0  0  0  0  0  0  0  0  0  0  0  0  2577  1  0  0  0  0  2  0  0  0  
22  1  0  196830  0  24  8  1  1  0  0  0  17  98214  35456  35  1064  7082  0  0  0  0  0  48  0  483  0  50  111714  3  0  3  83  793  23  0  0  0  22  229895  4500  0  0  3  66045  2  663  191  286128  0  0  176223  10  57  0  21  0  18  0  0  0  0  0  2  567  12  17  267009  168  19  2  0  0  2  0  0  0  0  0  1  0  0  0  0  0  0  0  0  0  0  0  0  0  0  0  0  0  0  0  0  0  0  0  0  0  0  0  0  0  0  0  0  0  0  0  0  0  0  0  0  0  0  0  0  0  0  0  0  0  0  0  0  0  0  0  0  0  0  0  2  0  0  0  0  0  0  0  0  
8664  0  0  1  0  0  0  0  0  0  0  13  0  61308  4  0  1  96  0  0  0  0  1  162556  0  0  0  0  1  0  2  0  0  622  33  0  0  0  78149  0  0  0  354  0  0  0  100767  0  0  0  0  0  0  0  0  0  0  0  0  0  0  58648  514  117202  0  0  0  0  0  0  0  0  0  0  0  0  0  0  0  0  0  0  0  0  0  0  0  0  0  0  0  0  0  0  0  0  0  0  0  0  0  0  0  0  0  0  0  0  0  0  0  0  0  0  0  0  0  0  0  0  0  0  0  0  0  0  0  0  0  0  0  0  0  0  0  0  0  0  0  0  0  0  0  0  0  0  0  0  
3578  0  0  1  3  1203  6  1  0  0  0  110630  45477  0  16672  183  3  14227  0  0  0  0  0  1540  0  0  0  0  57  0  1  38  0  2  0  0  0  0  228749  301522  0  0  0  0  1  1  110090  0  79859  0  0  216179  551  3  0  2  0  0  0  0  0  59468  1487  26976  1  21  0  678  1  157  0  0  0  0  1  0  0  0  1  5  0  0  0  0  0  0  0  0  0  0  0  0  0  0  0  0  0  1  0  0  0  0  0  0  0  0  0  0  0  0  0  0  0  1  0  0  0  0  0  0  1  0  1  0  0  0  0  0  0  0  0  0  0  0  0  0  0  0  0  2  0  0  0  0  0  0  0  0  
99067  0  0  0  56  117  119  15  5  0  0  67109  34  52418  0  2125  1  43  0  0  0  0  0  55629  0  2  4  0  14577  2  0  2  0  0  0  0  0  0  1  28  5  0  0  0  129  3  29  0  759  0  0  609798  501341  278569  0  22  0  0  0  0  0  107561  0  55  9  95  29  152434  146580  20  5  0  0  0  0  0  0  0  0  0  0  0  0  0  0  0  0  0  0  0  0  0  0  0  0  0  0  0  0  0  0  0  0  0  0  0  0  0  0  0  0  0  0  0  0  0  0  0  0  0  0  0  0  0  0  1  0  0  0  0  0  0  0  0  0  0  0  0  0  2  0  0  0  0  0  0  0  0  
8378  0  246433  0  25304  393196  251723  217399  462  0  0  0  0  13  718  0  3  51  0  0  0  0  0  309  0  0  133  0  23259  30  5773  15  0  0  0  0  0  0  2  52  6  0  0  0  195  322  76  2  1438  0  0  12244  85152  623000  0  144  0  0  0  0  0  0  7  483  26  5597  179  501  325278  68922  58  0  1  0  11  0  3309  0  6  3618  7634  9588  229  0  0  2  0  0  0  12301  0  0  0  0  0  0  0  3  0  0  1  0  0  6  20  4  0  0  0  0  0  0  0  1  0  0  0  0  0  87  0  0  1  0  0  12  1  4  0  4  0  0  0  0  0  0  0  2  0  151  3  0  0  265  445  0  0  0  
0  1  4  9019  0  10  3  8  14  249  0  655  0  0  0  1  0  386500  0  4  11  10  77246  1584  1  1494  3  3  139  26  26  4289  4041  656  81335  54  28  56  6  1  40780  0  9656  233  1588  32  1866  407195  123531  2  0  5  1  9  2  18  5  17  14  5  23  0  5703  12  1022  96  213  34  412  434  11  44  1277  377  0  1  0  0  0  1  0  0  0  25  0  0  0  0  0  0  1  58  0  0  0  4  127  1  1  1  0  0  0  0  26  69  11  0  0  2  0  0  0  1  17  0  0  2  5  0  37  34  3  0  0  0  0  0  1  17  0  0  7  0  5  0  2  0  0  169  1  0  0  0  0  0  8  26  
35  0  0  601  0  290  22  5  15  668  0  18904  147  8424  1  56  290216  0  0  2  53  77  48580  94808  5  83  8  0  285  26  1626  32189  634  2005  23375  56  2  25  4471  150  1034  0  3301  578  1141  60  265841  52778  258112  9  0  285  75  67  0  32  5  24  12  17  191  2  20599  186  377  726  101  89  503  2439  8  13  2898  53  1  1  0  1  0  56  1  0  1  47  0  0  0  0  0  0  3  245  0  0  22  3  991  6  4  4  0  0  0  0  81  446  27  0  0  7  1  0  0  0  73  0  0  8  22  0  182  62  82  0  0  6  0  4  2  35  1  0  50  1  15  0  10  6  1  480  5  0  1  7  0  0  50  79  
0  246485  0  0  0  0  0  0  1  0  11  1  0  0  0  0  0  3  0  51192  14  255  137  0  238604  1  1  0  0  0  0  0  17  15  0  2  7937  1141  0  3  926  46055  3  92  2  0  1  320  38  0  927  1  0  0  0  340  904917  585128  224017  125  1685  0  0  0  300  0  26  132  0  0  1  49311  368207  66  0  0  0  0  0  0  0  0  0  0  0  0  0  0  0  0  0  0  0  0  0  0  0  0  0  0  0  0  0  0  0  0  0  0  0  0  0  0  0  0  0  0  0  0  0  0  0  0  0  0  0  0  0  0  0  0  0  0  0  0  0  0  0  0  0  0  0  0  0  0  0  0  0  0  
0  14525  0  0  0  0  0  0  1  0  608467  1  0  0  0  0  0  14  47459  0  0  8591  4  0  5431  82  93406  2  2  229  0  1  2  0  0  44  0  0  0  14  291  123549  0  133630  64  0  1  11  103  0  1443  2  0  1  17  50605  40244  501137  4  1  1619  0  0  0  168292  0  83  4571  6  0  0  0  42  1  0  0  0  0  0  0  0  0  0  0  2925  0  0  0  0  0  0  0  0  0  0  3  0  0  0  0  0  0  0  0  0  0  0  0  0  0  0  0  0  0  0  1688  0  50  0  0  0  0  0  0  0  0  0  0  0  0  0  0  0  0  0  0  0  0  0  0  0  0  0  0  0  0  0  0  
0  308333  0  0  0  1  0  0  0  60  1  0  0  0  0  0  35  1227  45  0  0  28169  21174  36  1  3  0  0  0  2  1  1034  1  8  4  25  99924  736  0  2  373  0  476  181  1  0  39  1828  15  192407  79251  0  0  0  0  3  11051  6  1062  550335  585054  0  64  0  37  11  2  26  1  335  0  342  8265  13  0  648  0  0  0  1  0  0  0  226  1  0  0  0  0  0  10  115  0  0  8425  9640  504  1  1  1  0  0  0  0  22  293  263  0  0  5  70  0  0  0  167  76  0  398  0  0  66  428  1  0  6  0  0  0  1  15  1  1  81  3  3023  0  3  0  0  38  1  0  0  0  0  1  78  484  
0  135438  0  0  0  0  0  0  31  4853  16087  12  0  0  0  0  9  1867  112  1137  41245  0  74546  12  50  24  1  1  4  4407  0  122  0  5  4  38  16  30  0  51  4273  241063  93  733612  77  0  15  4871  76  1  275155  1  0  0  1  301  4946  845  9427  59  668077  0  12  0  15738  171  33  321  5  15  8  6  4830  8  0  228  0  0  0  0  0  0  51  13131  763  0  0  0  0  0  10  170  1  0  5464  125742  393  0  1  0  0  0  0  2247  59  41  85  0  0  3  18  0  0  0  91  3964  0  9338  4  0  84  173  0  0  102  0  0  0  0  167  0  0  9  0  1498  0  10  0  314  405  7  0  0  0  15  0  14  148  
0  101  0  0  0  1  1  0  6  14321  1  21  2  0  0  0  93424  54903  14  8  32320  72272  0  659  231  19  1  1  4  22  8  2990  34  234  136887  280  6162  2356  0  114  13208  0  352307  84468  67  0  205  75396  198  224913  22  1  0  0  0  633  943  307  556  3285  295893  0  2647  1  600  97  46  106  2  587  11  6597  88409  82  0  30  0  0  0  2  0  0  0  395  0  0  0  0  0  0  17  311  1  0  491  1950  695  1  14  2  0  0  0  0  49  134  524  1  1  22  8  0  0  0  387  0  0  429  2  0  122  1024  4  0  0  1  0  0  1  13  5  4  55  2  288  0  4  0  0  74  0  0  0  0  0  0  72  970  
133159  1  0  0  58  8077  7  0  2  21  0  56  264994  2338  54701  553  1584  52601  0  0  37  11  263  0  0  4  0  0  4  2  273279  45283  3  146  155  12  1  5  2962  1130  71  0  129  24  6  0  393007  13670  3627  1  0  4899  551  3  0  3  1  2  2  4  28  95026  511626  883179  16  90  1  188  1  88963  2  3  585  1  2  1  0  0  0  9  0  0  0  7  0  0  0  0  0  0  0  17  0  0  4  2  98  1  0  1  0  0  0  0  8  43  12  1  0  2  0  0  0  0  12  0  0  2  2  0  15  25  2  0  0  0  0  1  0  5  0  0  31  0  7  0  1  0  0  36  0  0  0  3  0  1  29  24  
0  3039  0  1  0  1  2  0  33  0  2  5  0  0  0  0  5  96  197316  7334  0  899  721  0  0  220607  85145  1  11  43  0  13  530  45010  0  64789  2  480  0  55  13036  0  42  357  103  0  0  2995  520  0  4  7  1  0  273670  494121  26809  126010  9747  16  6164  0  2  0  9221  1  548  1221  14  4  14  185  1086748  898  0  0  0  0  0  0  0  0  0  1  0  0  0  0  0  0  0  0  0  0  1  0  2  0  0  0  0  0  0  0  0  0  0  0  0  0  0  0  0  0  0  0  0  0  0  0  0  0  0  0  0  0  0  0  0  0  0  0  0  0  0  0  0  0  0  0  0  0  0  0  0  0  0  0  
0  13  2  189511  0  5  1  0  78  10  3  187  0  0  0  2  183  1368  0  74  0  1  12  2  154144  0  65882  120928  125  134  1  22  5376  28123  1  299152  0  0  0  510  370146  0  35  1558  181183  11  3  1204  6254  0  0  5  1  9  136380  132289  105  1362  2  0  1  0  1  0  29136  38  344826  795  106  5  63  0  31579  4070  0  0  0  0  0  0  0  0  0  1  0  0  0  0  0  0  0  3  0  0  0  0  2  0  0  0  0  0  0  0  0  0  0  0  0  0  0  0  0  0  0  0  0  0  0  0  0  0  0  0  0  0  0  0  0  0  0  0  0  0  0  0  0  0  0  11  0  0  0  0  0  0  1  2  
2  1  48505  2  0  384  23120  3195  24556  42  39  2  0  0  0  127  332  4946  2  113322  1  3  15  10  66678  23567  0  392  359  740185  0  86  0  8  0  1648  0  0  0  3  2884  0  4  24  3052  4696  19  181  624  0  0  433  29  366  3055  701033  1  1627  0  2  10  0  1  1  310246  16235  483051  827  683  14  56853  0  1423  0  0  0  2  0  0  1  0  0  2  1  1  0  0  0  0  0  0  4  0  0  1  0  4  0  0  0  2  0  0  1178  1  4  0  0  0  0  0  0  0  0  1  0  0  0  0  0  4  1  0  0  0  0  0  0  0  1  0  0  0  0  0  0  0  0  41  24  0  0  0  0  1  0  0  2  
0  0  172966  131836  0  0  0  0  5  1  0  9  0  0  0  0  2  25  0  1  0  0  0  0  0  94850  442  0  4070  8  0  0  0  0  0  1  0  0  0  49  2834  0  0  0  854793  41135  0  0  220  0  0  1  0  0  0  183  0  65  0  0  0  0  0  0  596  16  640216  58  8  0  10  0  0  0  0  0  0  0  0  0  0  0  0  0  0  0  0  0  0  0  0  0  0  0  0  0  0  0  0  0  0  0  0  0  0  0  0  0  0  0  0  0  0  0  0  0  0  0  0  0  0  0  0  0  0  0  0  0  0  0  0  0  0  0  0  0  0  0  0  0  0  0  0  0  0  0  0  0  
0  1  206015  104386  0  25  123  109077  1221  3  0  66374  0  1  12154  24492  88  1786  0  1  0  0  0  1  0  68  81  8261  0  47  0  10  13  116  9  2  0  0  0  31  202  0  0  2  894656  102009  4  27  3642  0  0  2098  18  2723  0  83  0  1  0  0  0  0  3  0  340  796  1472  246425  667057  2  366  0  2  1  0  0  0  0  0  0  0  0  0  0  0  0  0  0  0  0  0  0  0  0  0  0  4  0  0  0  0  0  0  0  0  0  0  0  0  0  0  0  0  0  0  0  0  0  0  0  0  0  0  0  0  0  0  0  0  0  0  0  0  0  0  0  0  0  0  5  0  0  0  0  0  0  0  0  
1  3  156963  0  0  46  3451  130  76248  68536  4386  0  0  0  0  14  170  3047  0  29  0  1064  14  7  3  186  719168  12  73  0  0  57  0  1  3  240  0  0  0  1  1186  0  21  39216  2122  226824  7  417  211  1  6  59  20  54  13  1761  1  8  0  0  27  0  8  1  416166  33093  90552  197  194  10  355226  0  249  0  0  0  127  0  0  1  0  1  694  190  5150  0  0  0  0  0  0  8  0  391  1  250  13  0  0  0  50  0  0  47243  2  3  0  0  0  0  0  0  0  0  4  7  0  33  1  99  7  0  0  0  0  1  0  0  0  9  0  0  0  0  1  0  0  0  23861  281  1  0  0  0  6312  0  1  1  
40245  0  0  0  25406  2352  0  0  0  7  0  0  0  4  0  3346  222  7628  0  0  4  3  11  206244  0  0  0  0  0  0  0  70871  0  1  3  0  0  0  3  12  3  0  10  3  1  0  5525  2615  31  0  0  42  39  0  0  0  1  0  0  2  1  0  340845  1886  1  32  0  1  0  350913  0  0  22  0  653  0  0  0  1  18  0  0  0  0  0  0  0  0  0  663  0  3  0  0  9  2  39  226  0  1  0  0  0  0  10358  686  4  0  0  2  0  0  0  0  6  0  0  0  0  0  2  16  3  0  0  0  0  1  0  0  0  0  7  0  5  0  137  0  0  6  0  0  0  1066  0  0  4  16  
379  1  0  0  4  20773  37  0  1  51  0  0  1  21  2  124  3021  63706  0  0  234  13  1017  21983  2  3  2  0  3  5  58403  0  1  53  337  24  3  5  10  58  149  0  160  49  5  0  23692  4177  1115  2  0  2591  424  11  0  9  5  5  5  31  150  2  118856  833  27  61588  2  34  7  60792  2  8  927  6  8  4  0  0  0  239  0  0  1  13  0  1  0  1  0  67  0  256  0  0  54  15  1364  21  5  2  1  2  0  1  238  2473  71  3  0  17  3  0  0  0  113  0  4  1  92  0  221  171  281  0  0  26  0  11  1  16  3  1  73  0  28  0  18  9  6  3744  10  5  8  155  2  0  68  232  
0  0  0  9558  0  0  0  0  0  0  0  90  0  0  0  0  9566  661  0  0  0  0  5  0  8  13333  0  0  15  0  0  0  0  192920  47403  3350  0  0  0  0  88644  0  10  0  0  0  0  425766  32  0  0  0  0  0  0  0  9  8  0  0  0  0  0  0  0  0  0  0  0  0  0  0  28262  294075  0  0  0  0  0  0  0  0  0  0  0  0  0  0  0  0  0  0  0  0  0  0  0  0  0  0  0  0  0  0  0  0  0  0  0  0  0  0  0  0  1  0  0  0  0  0  0  0  0  0  0  0  0  0  0  0  0  0  0  0  0  0  0  0  0  0  0  0  0  0  0  0  0  1  
0  1  0  15614  0  0  0  0  2  1  0  548  233  1  0  0  377  1501  1  0  1  6  51  284  29375  26575  0  0  156  2  0  61  239520  0  188573  376724  72  176731  0  0  285  0  177166  250  4  0  163  67452  18  15  0  0  0  0  4  4  10  8  27  14  54  0  14  4  82  1  0  0  0  8  1  7996  533368  118206  0  0  0  0  0  0  0  0  0  1  0  0  0  0  0  0  0  0  0  0  1  1  4  0  0  0  0  0  0  0  1  0  4  0  0  0  0  0  0  0  1  0  0  1  0  0  0  8  0  0  0  0  0  0  0  0  0  0  0  0  1  0  0  0  0  2  0  0  0  0  0  0  0  6  
0  1  0  33  0  1  0  0  0  132  0  7  92  0  1  0  93036  31407  0  0  10  17  121949  388  3  0  0  0  4  0  1  702  49351  207044  0  2  707  12129  0  0  205  0  182927  187  0  0  191  464390  9  165  0  3  0  0  0  3  2  3  11  150  149  0  353  1  16  5  0  0  0  129  0  18116  86995  11  1  0  0  0  0  2  0  0  0  17  0  0  0  0  0  0  1  18  0  0  1  0  42  1  0  0  0  0  0  0  5  15  7  0  0  3  0  0  0  0  8  0  0  0  5  0  11  11  0  0  0  0  0  0  0  10  0  0  0  0  1  0  0  0  0  81  2  0  0  0  0  0  4  10  
0  6  1  2390  0  0  7  0  519  1  1  1  0  0  0  0  82  561  0  109  4  8  60  7  16721  368401  52  0  0  826  0  109  3075  378742  2  0  0  46  0  0  208636  0  217  189  24  0  7  5631  15  0  0  1  0  0  21891  44082  11  836  1  0  6  0  7  0  14426  13  353  121  7  15  356  0  30573  118261  0  0  0  0  0  0  0  0  0  1  0  0  0  0  0  0  0  1  0  0  2  0  9  0  0  0  0  0  0  0  2  2  3  0  0  0  0  0  0  0  3  0  0  0  0  0  0  9  0  0  0  0  0  0  0  0  0  2  4  0  2  0  0  0  0  1  0  0  0  0  0  0  3  9  
0  99880  0  0  0  0  0  0  0  2  0  0  0  0  0  0  3  30  6361  0  100104  44  1339  3  10  0  0  0  0  0  0  28  0  45  383  0  0  219869  0  0  14  0  153361  2  0  0  0  2684  0  666620  7  0  0  0  0  0  0  0  99366  496264  2962  0  4  0  1  0  0  0  0  14  0  791976  47027  2  0  6  0  0  0  0  0  0  0  5  0  0  0  0  0  0  2  8  0  0  46  32  14  0  0  1  0  0  0  0  1  40  11  0  0  0  0  0  0  0  10  1  0  1  0  0  2  21  0  0  0  0  0  0  0  0  0  0  11  0  27  0  1  0  0  2  0  0  0  0  0  0  10  11  
0  25  0  0  0  0  0  0  0  0  0  0  1  0  0  0  2  2  218  0  48  947  2453  0  447  0  0  0  0  0  0  3  1  129147  4767  70  355393  0  0  0  4  0  175983  26  0  0  0  65620  0  56594  0  0  0  0  0  0  2  0  3090  11283  10133  0  0  0  0  0  0  0  0  1  0  809886  994104  0  0  0  0  0  0  0  0  0  0  0  0  0  0  0  0  0  0  0  0  0  1  0  1  0  0  0  0  0  0  0  0  0  0  0  0  0  0  0  0  0  0  0  0  0  0  0  0  1  0  0  0  0  0  0  0  0  0  0  0  0  0  0  0  0  0  0  0  0  0  0  0  0  1  1  
3207  0  0  1  7  3380  7  0  0  0  0  254  105847  305235  9  306  7  2093  0  0  0  0  0  8477  0  0  0  0  0  0  9  84  0  1  1  0  0  0  0  29293  0  0  0  1  80  1  339493  0  69787  0  0  6512  2809  9  0  0  1  0  0  0  0  438  9492  66059  3  30  0  4568  3  419  0  0  0  0  0  0  0  0  0  7  0  0  0  0  0  0  0  0  0  0  0  0  0  0  0  0  1  1  0  0  0  0  0  0  0  1  0  0  0  0  0  0  0  0  0  0  0  0  0  0  0  0  0  0  0  0  0  1  0  0  0  0  0  0  0  0  0  0  0  5  0  0  0  0  0  0  0  0  
1888  0  0  0  13  1740  39  0  3  0  0  235679  1  249517  8  696  1  809  0  0  0  0  1  1219  0  22  0  0  19  1  7  103  0  0  0  0  0  0  17651  0  449  0  0  3  214  0  2705  0  257050  0  0  134873  642  49  0  0  2  3  0  0  0  2  73  446  22  119  6  64981  8  423  4  0  0  0  1  0  0  0  0  27  0  0  0  0  0  0  0  0  0  0  0  0  0  0  0  0  2  0  0  0  0  0  0  0  0  1  0  0  0  0  0  0  0  0  0  0  0  0  0  0  0  0  0  0  0  1  0  1  0  0  0  0  0  0  0  0  1  0  0  25  0  0  0  0  0  0  0  0  
11  3243  13  20490  1  33  116  34  2659  7690  8  11668  0  0  14  29  33616  72416  63  246  36  2013  8492  197  1452  393745  93  313  1069  3312  10  1621  78081  199  53  286470  3  15  3  49355  0  0  5274  23738  41505  145  323  233573  119719  3  39  622  26  506  1844  79317  5602  4295  353  55  1714  0  176  6  45014  5166  51868  26445  1262  215  894  6  30747  102952  0  1  0  0  0  8  0  0  4  1271  0  0  0  0  0  0  24  504  0  0  24  42  646  5  7  2  0  0  0  0  145  71  300  0  0  11  0  0  0  0  341  0  1  92  15  0  243  801  6  0  0  0  0  0  2  131  0  1  57  1  23  0  11  0  0  1281  4  0  0  0  2  1  93  642  
0  204416  0  0  0  0  0  0  0  0  51627  0  0  0  0  0  0  0  23230  125139  0  203608  0  0  0  0  0  0  0  0  0  0  0  0  0  0  0  0  0  1  7  0  0  275691  0  0  0  0  1  0  2893  0  0  0  0  2  199191  1898  3  0  298  0  0  0  0  0  0  12  0  0  0  0  2  0  0  0  0  0  0  0  0  0  0  0  35  0  0  0  0  0  0  0  0  0  0  206  0  0  0  0  0  0  0  0  0  0  0  0  0  0  0  0  0  0  0  3799  0  21  0  0  0  0  0  0  1  0  0  0  0  0  0  0  0  0  0  0  0  0  0  0  0  0  0  0  0  0  0  0  
0  0  0  0  0  0  0  0  1  238  0  0  201  0  0  0  2167  828  0  0  336  117  311017  209  13  5  0  0  0  7  2  148  4  196718  149924  14  171226  184924  0  0  630  0  0  295  5  0  103  82577  2  96917  1  0  0  0  0  5  9  13  101  1271  3209  0  42  4  83  8  0  1  0  43  0  115403  202128  45  0  1  0  0  0  0  0  0  0  26  0  0  0  0  0  0  0  64  0  0  3  1  64  1  1  1  0  0  0  0  23  6  4  0  0  0  0  0  0  0  27  0  0  1  1  0  31  27  0  0  0  0  0  0  1  17  0  0  3  0  2  0  2  0  0  152  1  0  0  0  0  0  6  16  
5  60598  2  118  0  17  14  1  4602  123770  701698  265  0  0  0  18  330  45942  703  90324  48  811359  97028  171  118  890  53  134  161  62247  6  805  25  76  30  2242  1  16  1  2707  32684  251279  514  0  4780  5  246  17127  6845  2  45926  58  14  15  47  1647  156483  124803  9001  39  59928  0  192  1  487137  6868  1670  54936  379  146  293  16  11099  30  0  1  0  0  0  4  0  0  2  397  891  0  0  0  0  0  6  131  0  8  15  3726  194  1  1  2  0  0  0  172  48  23  94  0  1  5  0  0  0  0  72  1914  0  770  3  0  70  173  0  0  0  1  0  0  3  73  0  1  9  0  11  0  5  0  375  492  4  0  0  2  1  0  14  138  
21  33  215724  252901  0  298  398  13801  3250  96  2  40960  0  0  78  202  1172  21964  0  73  0  5  6  23  6  216371  658  920866  848943  1556  0  181  1  1  1  106  0  0  0  18619  27830  0  1  135  0  367959  73  683  151349  0  1  839  199  2205  8  2507  72  828  0  1  5  0  20  7  27418  7432  412757  117266  229848  26  1418  0  51  3  0  0  0  0  0  4  0  0  2  2  0  0  0  0  0  0  0  14  0  0  2  0  25  1  0  1  0  0  0  0  5  11  0  0  0  0  0  0  0  1  4  0  0  0  0  0  11  1  1  0  0  0  0  0  0  6  0  0  1  0  2  0  0  0  0  107  2  0  0  0  0  0  4  0  
10  0  252704  0  0  143  268  129672  87391  1  0  0  0  0  0  465  59  787  0  0  0  0  0  0  0  9  6187  28434  81984  219604  0  3  0  0  0  0  0  0  0  0  65  0  0  0  416539  0  0  23  886  0  0  313  123  1391  0  198  0  1  0  0  0  0  0  4  1368  3366  174691  121  1753  1  201143  0  1  0  0  0  259  0  0  0  1  38  2583  0  0  0  0  0  0  24  0  1  0  0  0  0  1  1  0  0  0  0  0  1190  0  0  0  0  0  0  0  0  0  0  0  0  0  0  0  1867  0  0  0  0  0  0  0  0  0  0  0  0  0  0  0  0  0  0  0  39  0  0  0  0  4545  0  0  0  
15016  0  1  0  29  7346  54  2  1  65  0  2529  65739  21761  43  676  5251  233232  0  1  16  19  168  357055  2  2  1  0  23  5  1921  25611  0  286  68  8  0  5  144598  8713  75  0  283  42  85  1  0  15446  86265  4  0  22463  4494  44  0  4  1  5  3  2  48  426  123424  159082  35  521  7  635  15  2996  0  4  593  1  0  0  0  1  0  25  0  0  2  6  0  0  0  0  0  2  0  43  0  0  3  5  208  3  0  0  0  0  0  0  13  68  4  0  0  2  0  0  0  0  12  0  0  2  8  0  30  11  13  0  0  5  0  1  0  5  0  1  9  0  4  0  5  1  0  119  3  1  0  1  0  0  9  21  
0  57  4  474  0  9  4  6  27  3715  0  281  0  0  0  2  331545  151215  72  7  66  827  44285  16166  86  1969  1  13  129  101  662  5964  246990  46050  409356  837  825  75872  1  619  168439  0  194979  11641  1037  51  12920  0  2160  406  3  4  0  7  0  223  900  266  1443  1020  3056  0  3405  15  1877  324  172  1027  88  435  10  39678  469419  80058  0  4  0  0  0  6  0  0  0  862  0  0  0  0  0  0  25  762  0  0  38  36  832  4  10  10  0  0  0  1  300  87  224  4  1  20  1  0  0  0  407  0  4  47  19  0  421  689  6  0  0  0  0  0  1  290  1  1  123  1  29  0  21  1  5  1645  21  0  0  0  0  5  128  620  
25240  18  9  117145  175  15835  1292  145  294  339  0  270684  10  63040  197  10055  126916  335828  1  27  6  5  23  8541  0  9020  376  338  12124  178  56  2364  25  5  5  8  0  1  53772  194768  141366  0  31  104  248712  328  62803  1459  0  0  0  72381  5834  10889  0  1316  8  270  2  1  14  5  481  3784  13949  3210  3145  252342  21061  1343  259  2  222  14  6  0  0  0  5  128  1  0  5  15  0  5  0  0  0  0  0  104  0  0  2  2  237  9  0  0  1  0  0  0  44  101  2  0  0  2  0  0  0  1  12  0  0  0  9  0  76  15  17  0  0  15  0  4  0  14  0  0  9  0  3  1  2  2  0  426  4  0  0  1  2  0  12  11  
0  4  0  0  0  0  0  0  0  0  0  0  0  0  0  0  0  5  0  0  197429  3  144734  0  0  0  0  0  0  0  0  1  0  15  362  0  619378  53887  0  0  1  0  173101  0  0  0  0  1250  0  0  0  0  0  0  0  0  0  0  659  55688  139506  0  0  0  1  0  0  0  0  1  0  132062  65020  0  0  0  0  0  0  0  0  0  0  0  0  0  0  0  0  0  0  2  0  0  5  1  0  0  0  0  0  0  0  0  0  1  0  0  0  0  0  0  0  0  0  0  0  0  0  0  0  0  0  0  0  0  0  0  0  0  0  0  0  0  1  0  0  0  0  0  0  0  0  0  0  0  0  0  
0  348762  0  0  0  0  0  0  0  4  7  0  0  0  0  0  0  18  10825  269  68878  247235  49  1  0  0  0  0  0  0  0  19  0  0  0  0  2  0  0  0  40  4613  0  85272  0  0  1  58  0  0  0  1  0  0  0  6  57802  640  25  99  207617  0  0  0  0  0  0  43  0  1  0  0  59  0  0  57  0  0  0  0  0  0  0  16  0  0  0  0  0  0  1  6  0  0  997  1220  42  0  0  0  0  0  0  0  2  1  5  0  0  0  1  0  0  0  6  10  0  13  0  0  3  12  0  0  0  0  0  0  0  0  0  0  2  1  279  0  0  0  0  0  0  0  0  0  0  0  2  9  
106917  0  1  0  213  27855  19338  375  210  0  0  242414  1  236077  638336  30402  31  4379  0  0  0  0  0  35622  0  21  197  1  5985  127  56  762  0  0  0  1  0  0  4633  303357  53  0  0  0  1980  72  56354  10  121847  0  0  0  250229  39669  0  378  0  1  0  0  0  35441  403  6979  221  11955  807  382390  4004  3957  177  0  3  0  32  0  0  0  13  288  0  0  3  0  0  4  0  0  0  1  0  4  0  0  0  0  10  13  0  0  0  0  0  0  3  23  0  0  0  1  0  0  1  6  1  0  0  0  0  0  1  1  3  0  0  38  6  18  0  1  0  0  0  0  0  0  0  3  1  313  1  0  0  3  1  0  1  0  
129209  0  0  0  20700  76928  4089  15  27  0  0  0  1  67  500277  98747  8  229  0  0  0  0  0  1901  0  0  11  0  60  37  0  114  0  0  0  1  0  0  6  153  2  0  0  1  77  6  214  0  1730  0  0  342024  0  125610  0  27  0  0  0  0  0  79  19  888  69  1941  49  1890  242  611  24  0  0  0  6  0  0  0  0  32  0  0  2  0  0  0  0  0  0  1  0  1  0  0  0  0  2  1  0  0  0  0  0  0  0  0  0  0  0  0  0  0  1  1  0  0  0  0  0  0  0  0  4  0  0  3  3  2  0  0  0  0  0  0  0  0  2  0  0  40  0  0  0  0  2  0  0  0  
188  0  34  0  1  16826  41869  81447  810  4  0  16  0  7  284499  616300  70  1323  0  0  0  0  0  40  0  163  1497  0  7226  454  0  42  0  0  0  3  0  0  0  59  474  0  1  1  7531  1308  54  28  6340  0  0  105600  122189  0  1  1967  0  6  0  0  0  0  2  103  909  44239  3518  208262  260527  128  944  0  1  0  5  0  0  0  0  52  2  1  5  0  0  1  0  0  0  0  0  0  0  0  0  0  6  3  0  0  0  0  0  1  2  5  0  0  0  0  0  0  0  0  1  0  0  0  9  0  1  0  1  0  0  2  0  3  0  15  0  0  0  0  0  0  1  0  0  290  4  0  1  0  4  0  1  0  
0  6  0  0  0  0  2  0  141  1  1  0  0  0  0  0  1  29  0  32  0  1  0  0  243963  164433  2306  0  0  282  0  1  0  33  0  40202  0  0  0  2  4493  0  0  2  10  0  1  6  11  0  0  0  0  0  0  40897  1  479  0  0  4  0  0  0  4640  5  99  235  0  0  146  0  50933  0  0  0  0  0  0  0  0  0  0  0  0  0  0  0  0  0  0  0  0  0  0  0  1  0  0  0  0  0  0  0  0  0  0  0  0  0  0  0  0  0  0  0  0  0  0  0  0  0  0  0  0  0  0  0  0  0  0  0  0  0  0  0  0  0  0  0  0  0  0  0  0  0  0  0  
3  11136  9  51  0  58  2537  749  39769  32  63  24  0  0  2  32  229  4016  35  44761  3  2295  2054  12  511237  172665  883586  203  357  22631  0  65  982  7  0  50861  2  1  0  124  68008  0  9  1683  8112  33  15  5900  2919  1  26  137  40  470  63310  0  913  258171  333  39  6641  0  10  0  332305  7689  283303  23960  2373  7  38283  2  198088  1304  0  0  0  0  0  0  0  0  0  0  0  0  0  0  0  0  0  2  0  0  0  1  11  0  0  0  0  0  0  0  3  4  0  0  0  0  0  0  0  0  0  0  0  0  1  0  1  0  0  0  0  0  0  0  0  0  0  0  1  0  0  0  0  0  0  22  1  0  0  0  1  0  1  0  
5  156850  0  65  0  15  4  0  1  7  548  97  0  0  0  11  0  202  690394  54974  4654  2600  237  5  36620  301  0  100  8  2  0  2  40  31  1  1  0  2  0  892  3461  227773  13  101683  2315  0  19  2161  4747  1  86063  64  11  12  0  867  0  196084  9907  2516  11234  0  0  0  858  6  42  149540  4  1  0  93  152561  228  0  0  0  0  0  0  0  0  0  4  0  0  0  0  0  0  0  1  0  0  0  0  2  1  0  0  0  0  0  0  0  0  0  0  0  0  0  0  0  0  1  0  0  0  0  0  0  2  0  0  0  0  0  0  0  0  0  0  0  0  0  0  0  0  0  0  0  0  0  0  0  0  0  2  
2  19816  0  66  0  10  2  0  15  0  4319  44  0  0  0  7  1  246  547714  605704  4  3137  648  0  137532  627  6104  51  26  15  0  4  253  49  1  740  0  0  0  289  13944  218  13  68948  1643  1  4  2426  2552  0  4056  38  10  3  218  264734  265235  0  174  18  7036  0  0  0  153747  3  672  108119  28  2  6  0  15903  635  0  0  0  0  0  1  0  0  0  0  0  0  0  0  0  0  0  0  0  0  0  0  0  0  0  0  0  0  0  0  0  0  0  0  0  0  0  0  0  0  0  0  0  0  0  0  0  0  0  0  0  0  0  0  0  0  0  0  0  0  0  0  0  0  0  1  0  0  0  0  0  0  0  0  
0  213096  0  0  0  0  1  0  0  0  0  0  0  0  0  0  1  4  193665  6  12969  8146  2228  0  16615  0  0  0  0  1  0  10  2  32  0  3  90420  6967  0  2  1637  0  15  2506  1  0  0  1331  14  136  863  1  0  0  0  1093  34735  286  0  92132  99492  0  1  0  231  1  16  36  0  2  1  162792  143330  52  0  0  0  0  0  0  0  0  0  0  0  0  0  0  0  0  0  0  0  0  0  0  0  0  0  0  0  0  0  0  0  1  1  0  0  0  0  0  0  0  0  0  0  0  0  0  0  0  0  0  0  0  0  0  0  0  0  0  3  0  0  0  0  0  0  0  0  0  0  0  0  0  3  0  
0  305206  0  0  0  1  0  0  0  3  0  0  0  0  0  0  3  137  29  0  431437  139  465  2  32  0  0  0  0  1  0  63  0  1  15  0  414198  8891  0  3  188  0  2118  25  3  0  4  270  37  127890  358  0  0  0  0  50  1105  21  105763  0  290513  0  3  0  45  0  1  83  0  12  0  69712  29906  1  0  19  0  0  0  1  0  0  0  19  0  0  0  0  0  0  2  25  0  0  129  65  72  0  0  0  0  0  0  0  7  137  39  0  0  4  3  0  0  0  23  0  0  4  0  0  13  54  1  0  0  0  0  0  0  1  0  1  29  1  82  0  1  0  0  1  0  0  0  1  0  0  28  64  
0  192267  0  0  0  1  1  0  10  51  58  18  0  0  0  0  9  461  1229  5126  680371  669757  232201  14  3010  3  4  0  2  32  0  325  2  38  29  12  3908  13264  0  130  7563  196  24029  42392  20  0  23  2334  236  165338  236954  0  0  1  0  2678  37039  10797  65323  265542  0  0  14  0  1002  13  40  758  0  107  12  18852  187928  17  0  162  0  0  0  1  0  0  0  178  0  0  0  0  0  0  4  43  0  0  3177  4830  263  0  3  0  0  0  0  0  8  194  77  2  0  3  18  0  0  0  64  22  0  769  0  0  30  157  0  0  5  0  0  0  1  7  0  0  44  0  1201  0  2  0  0  26  0  0  0  0  0  0  41  140  
119752  0  0  0  0  9  0  0  0  0  0  0  90291  107424  44153  2  0  0  0  0  0  0  0  56747  0  0  0  0  0  0  0  1  0  0  0  0  0  0  316  71  0  0  0  0  0  0  1614  0  25  0  0  48958  5  0  0  1  0  0  0  0  0  0  70  24609  0  1  0  28  0  0  0  0  0  0  0  0  0  0  0  0  0  0  0  0  0  0  0  0  0  0  0  0  0  0  0  0  0  0  0  0  0  0  0  0  0  0  0  0  0  0  0  0  0  0  0  0  0  0  0  0  0  0  0  0  0  0  0  0  0  0  0  0  0  0  0  0  0  0  0  0  0  0  0  0  0  0  0  0  
219  1  0  0  0  13460  49  0  1  23  0  0  39  251  5  46  13142  46239  0  0  123  20  2739  578905  0  2  0  0  0  1  306858  172864  0  203  1069  10  1  4  1554  121  72  0  108  38  2  0  92824  3934  450  2  0  2059  332  7  0  3  1  3  2  12  102  76  0  34226  15  61  0  43  2  230004  0  3  649  2  1  2  0  0  0  5  0  0  1  4  0  0  0  0  0  0  0  38  0  0  20  8  120  2  0  0  0  0  0  0  8  128  17  0  1  2  0  0  0  0  25  0  1  3  7  0  40  44  7  0  0  1  0  0  0  1  1  0  31  0  12  0  1  0  0  21  0  0  0  0  0  0  24  41  
23395  0  0  0  194  9328  28  0  2  0  0  2  177563  27017  155  1972  6  709  0  0  1  0  0  808375  0  0  0  0  4  3  6119  1038  0  1  0  0  0  0  19067  749  0  0  0  0  6  0  186712  11  4051  0  0  20905  6864  9  0  1  0  0  0  0  0  18293  81414  0  4  188  0  829  0  6214  3  0  2  0  0  0  0  0  0  15  0  0  0  0  0  0  0  0  0  0  0  8  0  0  0  0  48  2  0  0  0  0  0  0  5  23  0  0  0  0  0  0  0  0  1  0  0  0  2  0  6  2  3  0  0  1  1  0  0  1  0  0  1  0  0  0  0  1  0  27  0  0  0  0  0  0  1  0  
6  10273  55  334  0  392  28989  337  9445  966  430067  427  0  2  2  116  522  11908  82  253853  21  2268  676  16  206  5955  340986  318  1758  463791  0  140  1162  2  1  5100  0  5  1  4955  25653  2  25  478339  33649  121  64  7922  18959  1  96  463  50  228  1150  194295  5204  113463  397  156  2060  0  11  2  0  32432  76071  163680  2474  10  39426  4  18991  1087  0  0  0  0  0  1  0  0  1  24  6228  0  0  0  0  0  0  11  0  66  4  131  20  0  0  0  0  0  0  994  6  8  2  0  0  0  0  0  0  0  2  7  0  30  1  0  5  2  0  0  0  0  0  0  0  8  0  0  2  0  0  0  0  0  3406  100  0  0  0  0  1  0  1  2  
3067  2  82  1  112  271551  312172  173001  341717  275359  5  11  0  19  93  17799  1041  22954  1  6  2  109  164  573  6  437  1668  5  1567  42770  31  25745  2  5  140  420  0  6  4  111  19969  0  969  3147  5112  531  505  6192  8912  1  0  85066  6120  13126  29  4227  16  42  3  0  51  0  125  1266  18309  0  10112  11552  4780  3655  49109  5  645  4  5165  0  0  15  2847  118503  184  50  8759  7438  7  550  1  13  19  481  3  810  0  0  2  7  842  2577  7  14  91  2  3  796  527  2235  2  0  0  14  0  0  205  1145  91  0  0  6  706  10  507  43  1290  0  0  3427  414  2543  2  773  0  0  9  0  3  0  289  465  142  361376  260  137  37  421  5847  0  72  10  
1  6  79416  14  0  59  3284  1162  57182  213  3  12  0  0  1  36  1492  21346  0  86  0  7  25  35  35  449866  462442  647662  1250  53845  7  405  1  2  0  1666  0  0  0  66  65320  0  8  77  375330  163065  83  914  1846  0  0  114  29  297  44  206078  12  659  2  0  4  0  34  2  16422  46166  0  1651  1302  43  17325  0  449  3  0  0  0  0  0  1  0  0  1  3  0  0  0  0  0  1  0  16  0  0  4  0  50  0  0  0  0  0  0  0  4  26  2  0  0  0  0  0  0  0  4  0  0  0  2  0  3  2  2  0  0  0  0  0  0  3  0  0  1  0  2  0  0  0  0  125  0  0  0  0  0  0  2  3  
326  3  6  31422  1  1491  1021  90  109  3  0  206158  0  150  79318  1176  25  6103  0  30  0  0  1  115  1  124  147  0  230569  64  0  55  0  0  0  0  0  0  76  48687  585  0  0  0  158790  137  627  7  280216  0  0  344925  966  103408  0  448  22  293  0  0  0  1  9  76  2442  1993  887  0  14855  110  121  0  0  0  6  0  0  0  2  33  1  0  0  0  0  3  0  0  0  0  0  2  0  0  0  0  1  1  0  0  0  0  0  0  0  3  0  0  0  0  0  0  0  1  0  0  0  0  0  0  1  0  0  0  0  5  0  8  0  0  0  0  0  0  0  0  0  0  2  46  0  1  0  0  0  0  1  0  
50  3  21829  5  1  1037  3855  183536  1399  8  1  0  0  1  111048  238136  237  4483  0  3  0  1  0  8  0  428  3449  1  676953  327  0  37  0  0  0  8  0  0  0  3  1135  0  0  10  306895  2167  22  99  3135  0  0  2207  826  238570  0  2238  0  39  0  0  1  0  2  19  2976  19094  6170  39505  0  24  1182  0  15  1  0  0  1  0  0  6  0  0  10  0  0  1  0  0  0  1  0  3  0  0  0  0  6  0  0  0  0  0  0  2  2  2  1  0  0  0  0  0  0  0  2  0  0  0  2  0  3  0  0  0  0  0  0  0  0  6  0  0  0  0  0  0  0  0  0  103  2  0  0  0  2  0  1  0  
82415  0  0  0  16888  237150  73  1  2  8  0  0  1  16  5  75443  37  762  0  0  57  3  88  187330  1  2  1  0  4  2  352656  61241  0  2  8  10  1  0  6  73  30  0  21  10  11  0  429  178  1691  1  0  5049  918  36  0  3  1  0  3  4  36  0  117147  1377  14  3272  10  65  14  0  1  0  241  2  1729  2  0  0  2  213  0  0  0  4  0  0  0  0  0  912  0  15  0  0  10  4  48  822  0  0  0  0  0  0  8315  997  6  0  0  1  0  0  0  0  14  0  0  1  1  0  16  26  3  0  0  2  0  0  0  0  0  0  13  0  3  0  151  0  0  226  2  1  0  2116  0  0  13  28  
0  1  4643  0  0  344  24421  3890  179642  16  0  0  0  0  0  137  121  1764  0  0  0  1  5  2  2  84  142504  3  308  302179  0  28  0  2  0  91  0  0  0  2  379  0  1  9  2857  165439  7  74  362  0  0  322  60  488  5  2208  0  4  0  0  1  0  1  3  24766  31634  15869  210  1217  5  0  0  172  0  0  0  108  0  0  2  0  0  481  1  1  0  0  0  0  0  0  0  0  0  0  0  4  0  0  0  0  0  0  6551  1  1  0  0  0  0  0  0  0  0  0  0  0  0  0  577  0  0  0  0  0  0  0  0  0  1  0  0  1  0  0  0  0  0  102  44  0  0  0  0  11778  0  0  0  
0  174  0  0  0  0  0  0  0  0  0  0  0  0  0  0  10  3  43668  0  103  659  1103  0  36  0  0  0  0  0  0  1  0  4063  11643  0  820233  811041  0  0  3  0  124294  44  0  0  0  39045  0  126411  0  0  0  0  0  0  36  0  201797  50026  15262  0  0  0  0  0  0  0  0  0  0  0  205871  7  0  0  0  0  0  0  0  0  0  0  0  0  0  0  0  0  0  0  0  0  0  0  0  0  0  0  0  0  0  0  0  0  0  0  0  0  0  0  0  0  0  0  0  0  0  0  0  0  0  0  0  0  0  0  0  0  0  0  0  0  0  0  0  0  0  1  0  0  0  0  0  0  0  0  
3  23735  0  1  0  13  31  0  583  83  15  54  0  0  0  7  105  4660  267391  463  7924  25954  60437  130  808360  71305  109  3  14  2205  3  1991  39335  458853  67185  46783  38935  1292828  0  324  63746  0  179581  23235  200  1  185  635191  2859  18254  105  23  8  5  51996  188649  262336  27140  140132  61874  187570  0  92  1  35187  78  1943  6344  27  369  1402  295028  0  51212  0  3  0  0  0  0  0  0  0  24  0  0  0  0  0  0  4  51  0  0  29  18  117  0  3  1  0  0  0  0  20  17  73  2  0  10  0  0  0  0  81  0  1  0  0  0  35  203  0  0  0  0  0  0  0  8  1  0  91  0  36  0  3  0  1  19  1  0  0  0  0  2  79  223  
0  0  0  987  0  1  0  0  0  10  0  0  0  0  0  0  179  212  6  0  6  8  122  3  175  3993  0  0  0  0  0  50  267396  141422  58  108261  0  3  0  0  62524  0  1333  424  2  0  3  159494  3  0  0  0  0  0  0  38  106  190  8  1  12  0  2  0  33  3  1  2  0  7  0  1  59218  0  0  0  0  0  0  0  0  0  0  2  0  0  0  0  0  0  0  4  0  0  0  1  15  0  0  0  0  0  0  0  0  2  7  0  0  0  0  0  0  0  10  0  0  0  0  0  1  22  0  0  0  0  0  0  0  1  0  0  7  0  1  0  0  0  0  2  0  0  0  0  0  0  7  14  
0  0  0  0  0  1314  4  0  0  0  0  0  0  0  0  2  0  1  0  0  0  0  0  0  0  0  0  0  0  0  1846  6  0  0  0  0  0  0  0  0  0  0  0  0  0  0  0  0  0  0  0  3  0  1  0  0  0  0  0  0  0  0  1  0  0  32  0  1  0  3258  0  0  0  0  0  0  0  24  122469  90057  28  0  7  1  0  1246  2  47  228023  20446  1  357  0  0  0  0  22  268739  0  8  12  0  5  0  54206  770  0  0  0  5  0  0  2724  3776  17  0  0  1  98  1  73  0  7188  0  0  267493  86598  2897  0  19  0  0  0  0  2  4  43  74  45  637  14  289  108  113552  2  0  20  0  
0  350  0  0  0  0  0  0  0  1  0  0  0  0  0  0  0  61  0  0  656  93  16  1  0  0  0  0  0  0  0  29  0  0  0  2  3  0  0  0  10  0  4  6  0  0  2  69  0  1  72  0  0  0  0  0  0  0  0  4  99  0  2  0  0  0  0  0  0  5  0  0  14  2  0  0  0  0  0  0  0  0  0  10  0  0  0  0  0  0  1  37  207474  1  303478  2234  134  0  34  12  0  0  0  0  12  81  16  0  0  9  187867  2  0  0  380  245686  0  3702  1  0  29  48  4  3  8165  0  0  0  1  1  7292  13  171726  143788  56788  0  0  0  0  2  0  0  0  0  0  444  247  48  
0  0  4027  0  0  0  5  47  183  0  0  0  0  0  0  2460  0  0  0  0  0  0  0  0  0  0  0  0  0  57  0  0  0  0  0  0  0  0  0  0  0  0  0  0  0  198  0  0  0  0  0  0  0  1  0  0  0  0  0  0  0  0  0  0  0  26  0  0  2  0  115  0  0  0  6  0  0  1  4  211  2083  100825  4443  1  0  1  0  0  0  450956  0  8  0  0  0  0  5  1  6  8  61796  147720  116592  57564  3  14  0  0  0  4  0  0  0  3  18  0  0  2  366033  370921  5  0  16  0  0  3  1  67  2  3382  0  0  0  0  0  0  0  0  152  6266  55659  6  3150  0  1766  0  7  0  
0  0  0  0  0  0  0  0  0  1  0  0  0  0  0  0  0  6  0  0  0  0  0  0  0  0  0  0  0  0  0  2  0  0  0  0  0  0  0  0  0  0  0  0  0  0  0  0  0  0  0  0  0  0  0  0  0  0  0  0  0  0  0  0  0  6  0  0  0  1  0  0  0  0  23  0  2  0  9  281  44  5  16  3  0  218158  23  10  178  39  9037  7678  6  1  0  6  518  8  136  459802  64  127136  143381  1  131  42  45569  15372  1590  1271  0  0  7  37  158062  0  1  140  164390  2  284  9518  354962  0  0  894  13  731  320  497  22  21  0  0  3  0  2  7  859  330  19799  175357  1249  1  27  0  606  2390  
3  0  0  0  0  848  5  0  0  0  0  0  0  0  0  33  0  4  0  0  0  0  0  0  0  0  0  0  0  0  40  7  0  0  0  0  0  0  0  0  0  0  0  0  0  0  0  0  22  0  0  107  1  0  0  0  0  0  0  0  0  0  0  1  0  429  0  1  0  33  0  0  0  0  150501  0  0  18  0  29592  10  1  3  0  0  922  0  11  17942  137475  0  39  0  0  0  0  10  55  0  3  3  1  2  1  45  685  0  0  0  1  0  0  15  1193  2  0  0  0  30  0  12  1  932  0  0  33321  332507  747  1  3  0  0  0  0  0  0  4  4  18  1356  6  493  11  19330  2  0  3  1  
82  0  0  0  1  30914  1792  13  16  6  0  0  0  0  0  3615  0  140  0  0  1  0  3  7  0  0  0  0  1  1  31  343  0  0  0  0  0  0  0  0  1  0  1  1  0  0  8  3  321  0  0  1482  24  13  0  1  0  0  0  1  0  0  6  13  1  30082  1  25  5  290  2  0  3  0  131113  0  60  611  64792  0  243790  2850  889  2  0  11301  46  309  147  815130  17  8662  0  0  3  0  2193  54731  12  87  2056  20  37  27  127536  291462  1  0  0  55  0  0  2286  9248  267  0  0  8  2275  651  3297  6  39507  0  0  19693  18653  24988  6  1346  0  1  7  0  11  74  13113  6135  638  380336  534  7515  491  468724  495  0  219  4  
0  0  0  0  0  2258  20208  416  14  1  0  0  0  0  0  13042  0  8  0  0  0  0  0  0  0  0  0  0  2  0  0  5  0  0  0  0  0  0  0  0  0  0  0  0  0  1  0  0  1  0  0  7  0  7  0  1  0  0  0  0  0  0  0  0  0  1002  0  1  0  1  0  0  0  0  93  0  8224  194  19  257041  0  215446  1650  0  0  149  0  3  14  607109  9  143  0  0  0  0  100  31  17  81  3425  765  38  42  22  584  0  0  0  45  0  0  2  49  191  0  0  6  2148  23588  114  0  840  0  0  1308  145  82982  11  1455  0  0  0  0  0  0  6  14  655  263883  847  811  2510  44  2190  0  154  0  
0  0  147  0  0  86  12946  7996  896  0  0  0  0  0  0  6857  0  3  0  0  0  0  0  0  0  0  0  0  0  1  0  15  0  0  0  0  0  0  0  0  0  0  0  0  0  36  0  0  0  0  0  4  1  0  0  0  0  0  0  0  0  0  0  0  0  178  0  0  0  1  13  0  0  0  110  0  95509  14  14  24725  230399  0  66248  0  0  46  0  1  2  622314  1  43  0  0  0  0  23  29  9  19  25561  12  1628  70  33  1524  0  0  0  17  0  0  1  49  42  0  0  3  4783  254817  41  0  139  0  0  57  4  37145  2  577  0  0  0  0  3  0  0  2  213  190371  235  58  24440  67  2749  0  35  0  
0  0  6006  0  0  342  9302  12466  42652  3288  0  0  0  0  0  257  0  23  0  0  1  3  0  0  0  0  0  0  0  3456  0  1  0  0  0  0  0  0  0  0  14  0  3  4  0  1200  0  14  0  0  1  2  0  1  0  0  0  0  0  0  0  0  0  0  3  6546  0  0  0  0  701  1  0  0  12  0  1029  5  4  2085  3825  64286  0  93939  0  9  0  0  0  357  10  530  0  1  1  1  3398  10  195  293  1283  13  4  17688  238  46  0  0  0  462  0  0  0  5  1150  0  0  2473  2748  176859  317  0  62  0  0  25  3  111  131  11891  0  1  1  0  1  0  11  2  2273  391935  4147  27  46  1  301089  0  314  0  
0  10  0  0  0  0  2  0  7622  6630  33  2  0  0  0  0  52  5110  0  1  208  20034  1052  29  3  90  2  0  11  2294  1  115  0  3  57  91  1  1  0  19  4396  0  418  1803  184  1  29  11093  168  1  28  0  0  0  5  151  99  13  3  1  91  0  24  0  457  2058  298  77  50  21  52  1  325  10  0  1  0  6  1  18  1  1  77451  0  298  0  0  0  1  0  273  22946  1  0  49  41282  54325  134  433  853  0  1  3  85891  11844  1045  337  7  2  695  1  0  1  0  21560  1  2  179866  669  0  12950  1267  327  0  0  12  0  11  177  15596  5  6  66  0  238  1  576  16  14696  142654  2059  15  8  3  14406  0  3200  185  
0  0  0  0  0  0  0  0  18  32  41920  0  0  0  0  0  0  0  0  518  0  3553  0  0  0  0  0  0  0  15833  0  0  0  0  0  0  0  0  0  0  0  130  0  819  0  0  0  1  0  0  0  0  0  0  0  0  0  0  0  0  0  0  0  0  4299  1  0  0  0  0  2  0  0  0  0  0  0  0  0  0  0  0  3  1797  0  0  0  0  0  0  0  0  974  334297  0  136068  0  0  15  0  1952  0  0  57049  0  0  0  0  0  0  0  0  0  0  5  195502  0  494014  0  0  0  0  2  0  8  0  0  0  1  182  162  117671  0  0  77  0  0  0  436922  0  0  0  0  0  2  0  2  0  
0  0  0  0  0  15  10  0  0  0  0  0  0  0  0  0  0  16  0  0  1  0  0  0  0  0  0  0  0  0  0  8  0  0  0  0  0  0  0  0  0  0  0  0  0  0  0  0  0  0  0  2  0  0  0  0  0  0  0  0  0  0  0  0  0  20  0  0  0  0  0  0  1  0  338  0  0  204399  577  14417  96  7  11  0  0  0  338  184690  20931  94  948  10128  0  0  0  0  45  188  0  130  51  23  25390  1  13  513  237  171  932  8  0  1  8084  277435  227  0  1  1  2150  3  3091  634  424093  0  0  121772  281  1035  0  30  0  0  0  0  0  0  2  6  75  907  10  376479  286  20  15  0  31  0  
0  0  0  0  0  0  0  0  0  0  0  0  0  0  0  0  0  0  0  0  0  0  0  0  0  0  0  0  0  0  0  0  0  0  0  0  0  0  0  0  0  0  0  0  0  0  0  0  0  0  0  0  0  0  0  0  0  0  0  0  0  0  0  0  0  0  0  0  0  0  0  0  0  0  9  0  0  14  0  135  0  0  0  1  0  572  0  148596  5463  0  94  53  0  0  0  0  427  94592  0  1  0  0  0  0  0  21  0  5266  6489  0  0  17  112851  24  8  0  92  0  0  0  67622  2336  169  0  0  47696  0  0  0  0  0  0  1  0  0  195045  7  29279  0  0  0  0  0  4  0  0  28  1  
0  0  0  0  0  3  1  0  0  0  0  0  0  0  0  0  0  1  0  0  0  0  0  0  0  0  0  0  0  0  0  2  0  0  0  0  0  0  0  0  0  0  0  0  0  0  0  0  0  0  0  0  0  0  0  0  0  0  0  0  0  0  0  0  0  3  0  0  0  0  0  0  0  0  65  0  0  36  103  2739  29  0  1  0  0  260095  113183  0  157880  22  0  15  0  0  0  0  2  2361  0  3  5  0  591  1  5  97  0  37  47  3  0  0  67969  60152  7  0  0  1  24  3  813  1  1243  0  0  486976  91  193  0  8  0  0  0  0  0  94847  22  47969  25  192  2  1279  3  8  0  0  6  0  
0  0  0  0  0  1  1  0  0  0  0  0  0  0  0  0  0  2  0  0  0  0  0  0  0  0  0  0  0  0  0  1  0  0  0  0  0  0  0  0  0  0  0  0  0  0  0  0  0  0  0  0  0  0  0  0  0  0  0  0  0  0  0  0  0  2  0  0  0  0  0  0  0  0  172458  0  0  1196  12974  947  25  1  6  1  0  25280  1197  181744  0  3669  273  94  0  0  0  0  186  257305  1  41  20  260  41202  0  2  16  0  0  0  3  0  0  0  11  268  0  0  2  1524  2  40  14  3264  0  0  905115  1251756  713605  1  15  0  0  0  0  1  91326  0  33  56  170  1491  609202  169440  2  11  0  7  0  
1  0  1506  0  10  490  86  384  83  1  0  0  0  0  0  15570  0  3  0  0  0  0  0  0  0  0  0  0  0  0  674  17  0  0  0  0  0  0  0  0  0  0  0  0  0  74  0  1  4  0  0  2  0  0  0  0  0  0  0  0  0  0  0  0  0  143  0  0  0  2803  6  0  0  0  48021  0  412577  55  168464  901138  629224  511237  2610  0  0  172  0  4  23002  0  2  83  0  0  0  0  53  235  1  27  697  13  42884  17  951  764  0  0  0  27  0  0  44  223  76  0  0  6  2754  57743  49  0  460  0  0  1831  102010  926298  3  179  0  1  0  0  0  0  1  11  311  5837  121  187  162377  121475  310  0  81  0  
0  0  0  0  0  0  2  0  0  37  0  0  0  0  0  0  1  65  0  0  0  0  4  0  0  0  0  0  0  0  0  11  0  0  0  0  0  0  0  0  15  0  2  1  1  0  0  56  0  0  0  0  0  0  0  0  0  0  0  0  0  0  2  0  0  9  0  0  0  1  0  0  2  1  31  0  0  9980  1  169  16  6  18  292  0  1388  128  9  212  11  0  268889  3  0  11  42  158141  1461  94  2306  26  270  327  5  1625  519  21113  164  73489  598  0  9  1  2  88323  0  9964  65  60257  6  16413  327322  87205  1  0  2197  1  666  42  864  12  14  1136  26  172  6  181  81  374  388  553  2120  1591  11  35  79  1752  487  
0  0  0  0  0  1  2  0  1  186  0  0  0  0  0  0  6  200  0  0  4  1  11  2  0  0  0  0  0  0  0  42  0  0  0  0  1  0  0  0  21  0  8  5  0  0  4  135  6  0  0  1  0  0  0  0  2  0  0  0  0  0  0  0  0  38  1  0  0  3  0  0  5  0  1121  2  0  16206  22  14425  18  3  15  1056  0  30678  195  265  20  8  214175  0  0  0  30  50  136425  61402  59  424  20  7  12  1  1579  10269  1050  33  17625  88  1  0  735  331  7044  0  8309  113  5031  3  279227  7144  364731  1  0  2965  8  167  22  187  5  5  1766  20  254  202  3885  13974  122  740  136  177  220  275  9  52  1818  84  
0  0  0  0  0  0  0  0  0  0  0  0  0  0  0  0  0  0  0  0  0  0  0  0  0  0  0  0  0  0  0  0  0  0  0  0  0  0  0  0  0  0  0  0  0  0  0  0  0  0  0  0  0  0  0  0  0  0  0  0  0  0  0  0  0  0  0  0  0  0  0  0  0  0  0  285092  0  0  0  0  0  0  0  0  117  0  0  0  0  0  0  3  0  137422  352  37697  11  0  108435  136  0  0  0  0  1  0  1  0  0  12  11632  322  0  0  7284  206637  0  61804  1  0  1  9  20  0  29485  0  0  0  52  141  614388  323248  375022  2413  42524  0  0  0  142  0  2  0  0  0  0  4246  241860  6  
0  0  0  0  0  0  0  0  0  0  150  0  0  0  0  0  0  0  0  0  0  0  0  0  0  0  0  0  0  568  0  0  0  0  0  0  0  0  0  0  0  0  0  4  0  0  0  0  0  0  0  0  0  0  0  0  0  0  0  0  0  0  0  0  65  0  0  0  0  0  0  0  0  0  1  5  0  3  0  27  2  1  0  7  341201  0  0  0  5  2  28  64  150839  0  0  16592  59  1  25580  284  110511  5  1  2069  26  4  0  0  0  22  0  0  0  0  664  258368  0  103533  1159  0  39  1  1622  0  516  3  0  11  1772  202538  9653  505838  5  0  17412  0  1  0  375429  33  1805  16  20  0  74  0  700  0  
0  1603  0  0  0  2  0  0  0  71  0  0  0  0  0  0  14  1150  1  0  16507  2953  373  16  0  6  0  0  0  0  6  611  0  7  2  22  31  0  0  2  289  0  80  119  1  0  45  1470  8  3  1051  0  0  0  0  3  14  1  0  105  1717  0  18  0  11  6  0  0  0  78  0  0  328  10  0  359832  0  0  0  11  0  0  0  128  0  0  1  0  0  1  15  624  1953  0  0  68201  123471  46  2090  20  0  0  0  0  191  1625  367  4  74  97  129381  10855  0  0  720  116939  1901  968  2  0  647  996  20  196249  173056  1  0  0  4  32  15  9  17976  468999  594208  0  14  9  1  70  0  0  0  1  0  119445  28752  1041  
0  1212  0  0  0  0  0  0  2  92  3733  0  0  0  0  0  3  182  0  2  26701  91123  2762  4  0  0  0  1  0  96  0  109  0  1  0  4  35  2  0  0  277  121  26  1765  2  0  7  941  1  2  2341  0  0  0  0  0  18  0  1  126  4295  0  6  0  35  6  1  2  1  13  0  0  130  4  0  1452  0  2  0  1  0  0  7  49932  90472  0  0  0  0  0  50  1223  12290  1533  105131  0  78666  3  1714  229  0  0  0  2043  132  244  114  2  1  91  32  0  0  0  32706  184168  3  706197  22  0  413  496  139  0  141723  1  0  0  516  152  7305  18353  24609  25  663805  0  8  0  14430  22  25  0  0  0  5  3  9839  135  
0  2  0  0  0  12  3  0  96  636  0  2  0  0  0  0  20  1940  1  0  226  46  283  11  2  5  1  0  1  37  2  600  1  1  6  13  4  2  0  3  416  0  76  145  14  0  37  1466  29  0  3  0  0  0  0  7  13  2  1  29  51  0  25  1  34  152  13  3  2  98  0  5  212  8  5  233  0  3  0  900  1  0  142  41362  0  1  293  44  0  7  73436  198009  85  0  305563  90572  0  86497  1900  1131  2  0  0  28  48147  20216  949  1146  152811  4739  9282  656  49  0  38652  2  372463  5151  510  0  85022  50952  1171  227807  9  522  0  4  258  2902  308  1204  35005  985  435828  60  37097  6818  42  8173  344  1  8  335  16  21566  50642  3775  
1  0  0  0  0  1563  4  0  1  119  0  0  0  0  0  3  1  53  0  0  1  0  5  0  0  0  0  0  0  2  283  13  0  0  0  0  0  0  0  0  22  0  6  2  0  0  1  63  11  0  0  19  2  0  0  0  0  0  0  1  1  0  0  0  1  75  0  0  0  2426  0  0  2  0  272528  0  0  13  56  45287  5  0  5  625  0  1360  94225  3691  253148  16  265  87021  0  0  84  42  96462  0  22  9  1  0  1  1  84630  23209  17  437  60539  11  0  2  12031  3790  962  0  4178  54  95  0  263192  3716  23245  4  0  265799  25  189  20  28  2  3  995  8  110  450112  407312  844421  8  1263  5  387  22  63769  3  20  925  10  
0  0  0  0  0  0  0  0  0  1  0  0  0  0  0  0  0  5  0  0  0  0  1  0  0  0  0  0  0  0  0  1  0  0  0  0  0  0  0  0  1  0  0  0  0  0  0  5  0  0  0  0  0  0  0  0  0  0  0  0  0  0  0  0  0  1  0  0  0  0  0  0  0  0  0  3  0  22  0  11  2  0  1950  230  45  2  0  0  0  1  108  3611  109042  39828  639  335  5871  12  0  346287  82931  5  1  12  1712  138  50  7090  37  188422  67  17831  0  1  41091  14  587  2695  3253  4  1983  1770  822  161  41  5  0  3  299765  434873  7008  72891  26969  45  12753  0  83  0  5999  358  3060  4  8  0  187  3737  1111375  1084  
0  0  0  0  0  0  1  0  0  2  0  0  0  0  0  0  1  15  0  0  0  0  1  0  0  0  0  0  0  0  0  2  0  0  0  0  1  0  0  0  2  0  0  0  0  0  0  7  0  0  0  0  0  0  0  0  0  0  0  1  0  0  0  0  0  6  0  0  0  0  0  0  1  0  5  2  0  360509  3  119  8  2  45  315  0  476  1  0  73  4  3022  3745  132  2  2  298  5191  24  263418  0  27  103579  20  4  1378  153  56444  84231  57  523381  1  0  0  2  418329  2  537  2263  54308  9  1791  976  22405  1  1  188  1  172  267852  11327  586  436  298  3  2513  1  37  8  4589  264  348352  203  113  2  31  16  87136  41010  
0  0  2  0  0  1  4  0  1  1  14  0  0  0  0  0  0  0  0  0  0  0  0  0  0  0  0  0  0  151  0  2  0  0  0  0  0  0  0  0  0  0  0  0  0  0  0  0  0  0  0  0  0  0  0  0  0  0  0  0  0  0  0  0  4  36  0  0  0  0  0  0  0  0  7  0  52661  6  0  1226  222  62  22585  1  1688  0  0  0  0  63  0  79  0  81286  0  0  80  1  139351  62  0  141  7  964932  24  52  0  1  0  72  0  0  0  3  399  0  0  3  9176  45836  60  0  27  0  0  16  0  51  462  1070179  0  202  0  0  1  0  1  1  310075  8259  306817  21  193  1  77345  0  83  0  
0  0  0  0  0  1  0  0  1  0  0  0  0  0  0  0  0  0  0  0  0  0  0  0  0  0  0  0  0  0  0  1  0  0  0  0  0  0  0  0  0  0  0  0  0  0  0  0  0  0  0  0  0  0  0  0  0  0  0  0  0  0  0  0  0  5  0  0  0  0  0  0  0  0  2  0  134477  100884  1  41  825  0  15  0  0  54  0  0  4  9  9  0  0  0  0  0  8  1  1  104328  56  0  24896  4  1  0  0  3  0  4  0  0  0  2  16  0  0  0  820952  36511  2  1  85  0  0  16  0  22  1176  1042  0  0  0  0  0  0  0  0  10  486  604704  12  5  0  54  0  2  0  
0  0  0  0  0  1  0  0  0  0  0  0  0  0  0  0  0  0  0  0  0  0  0  0  0  0  0  0  0  0  0  0  0  0  0  0  0  0  0  0  0  0  0  0  0  0  0  0  0  0  0  0  0  0  0  0  0  0  0  0  0  0  0  0  0  0  0  0  0  0  0  0  0  0  3  0  121094  172763  1  46  6  1141  1  0  0  21328  0  113  27637  41410  8  25  0  0  0  0  41  2  1  26  5  98052  0  0  9  3  0  0  1  1  0  0  0  0  48  0  0  0  907443  7945  30  0  278  0  0  44831  116  158  0  4  0  0  0  0  0  0  0  0  33  50  247  480136  451451  0  4  0  7  0  
0  0  2164  0  0  1  25  116  13870  1365  611  0  0  0  0  0  0  3  0  0  0  2136  0  0  0  0  349  0  0  47820  0  1  0  0  0  0  0  0  0  0  0  1  0  75  0  619  0  5  0  0  0  0  0  0  0  0  0  0  0  0  1  0  0  0  1768  398  0  0  0  0  3779  0  0  0  0  0  53260  7  0  25  7  7  29449  88778  14900  0  0  0  0  2  3  142  0  237  0  6192  187  0  51  167  823636  19  2  0  72  9  0  0  0  339  0  0  0  0  552  1  0  31105  2101  372156  82  1  23  0  0  1  0  10  100  39868  0  0  1  0  0  0  2  0  387705  405  7318  5  14  0  545447  0  124  0  
0  0  0  0  0  3848  1  0  1  66  0  0  0  0  0  6  3  82  0  0  2  0  5  2  0  0  0  0  0  0  21654  421  0  0  0  0  0  0  0  0  12  0  1  3  2  0  1  32  1  0  0  1  0  0  0  0  2  0  0  1  0  0  2  1  1  40  1  0  1  11373  0  0  3  0  60490  1  0  1  7  63951  1  0  1  368  0  1  0  1  0  848  6  3005  0  0  19  9  37886  55467  14  17  0  0  0  2  0  198409  14  0  0  11  0  0  3  0  1000  0  2  33  89  0  18926  78  132  0  0  27  0  14  1  169  1  0  89  1  36  0  325796  73  11  1083  91  8  3  249155  4  3  182  16  
0  1  0  0  0  118  7  0  0  51  0  0  0  0  0  1  2  765  0  0  85  6  51  4  0  0  0  0  0  0  1243  1067  0  1  0  5  0  2  0  0  25  0  13  5  1  0  46  133  5  1  0  3  0  0  0  0  1  0  0  31  33  0  11  0  1  89  0  1  0  410  0  0  116  1  326  29  0  34  69  138385  16  2  21  88  0  70  3  23  3  309  11  5990  0  0  237  60  14372  2278  9  25  15  1  9  0  119074  0  68  4  23  65  4  0  54  75  445  0  5  16  527  3  36291  229  4718  0  0  1152  28  486  3  66  2  5  290  2  329  7  101553  5622  120  28220  51  330  55  96792  11  3  336  249  
0  1  0  0  0  0  0  0  0  2  0  0  0  0  0  0  0  44  0  0  12  3  15  2  0  0  0  0  0  0  0  21  0  0  0  0  0  0  0  1  36  0  6  8  0  0  4  208  0  0  1  0  0  0  0  0  3  0  0  0  1  0  1  0  1  3  0  0  0  5  0  0  21  1  0  2  0  53202  0  0  0  0  0  352  0  422  4  0  0  0  12920  1206  6  0  15  254  2661  5  67  93302  0  1  0  0  27  79  0  54331  37468  347  2  0  1  0  151009  0  91  140  9  0  262  291497  349  2  0  1  0  0  8  6  15  16  245  2  98  0  0  0  1  8  3  0  0  0  0  9  748  141484  
0  0  0  0  0  0  0  0  0  0  0  0  0  0  0  0  0  9  0  0  1  0  1  1  0  0  0  0  0  0  0  2  0  0  0  0  0  0  0  0  1  0  0  1  0  0  0  6  0  0  0  0  0  0  0  0  0  0  0  0  0  0  0  0  0  0  0  0  0  0  0  0  4  0  0  0  0  49770  0  0  0  0  0  10  0  374  15919  215  0  0  566  103  4  0  7  15  3371  5617  3944  46372  0  9  1  0  2  76  49528  0  550718  317931  10  80252  85  2  28235  0  102289  20  0  0  2262  155417  5  51  0  1  0  0  2  2  14  57  787  9  175  17  0  1  1  0  1  0  0  0  0  344  773403  57435  
0  0  0  0  0  0  0  0  0  0  0  0  0  0  0  0  0  1  0  0  0  0  0  0  0  0  0  0  0  0  0  1  0  0  0  0  0  0  0  0  0  0  0  0  0  0  0  0  0  0  0  0  0  0  0  0  0  0  0  0  0  0  0  0  0  0  0  0  0  0  0  0  0  0  0  0  0  2901  0  0  0  0  0  6  0  440  18142  93  0  0  72099  24767  0  0  140  21  168491  95828  51  264  0  0  0  0  1  4  31820  467781  0  146  1467  61607  106  0  226  0  227724  19  0  0  5573  321812  8  185999  0  1  0  0  1  0  1  3  415  121  323  14  252  15  0  1  0  0  0  0  0  55525  116041  153  
0  0  0  0  0  0  0  0  0  1  0  0  0  0  0  0  1  27  0  0  1  1  2  0  0  0  0  0  0  0  0  14  0  0  0  0  0  0  0  0  8  0  0  2  0  0  1  16  0  0  0  0  0  0  0  0  0  0  0  0  0  0  0  0  0  0  0  0  0  1  0  0  9  0  1  3  0  130  1  10  2  3  52  281  0  0  0  0  0  2  646  2501  28  0  8  308  5836  27  63236  590440  0  1  0  0  669  233  431  310628  174  0  1  0  0  0  348232  3  2160  742  3917  1  1080  13146  68  1  1  3  0  7  55306  8869  88  292  2158  26  2796  0  31  3  790  37  12737  4  21  0  11  92  182807  235867  
0  12  0  0  0  0  0  0  0  0  0  0  0  0  0  0  0  31  0  0  24  1  4  0  0  0  0  0  0  0  0  22  0  1  0  1  0  0  0  0  5  0  1  0  0  0  1  16  0  0  4  0  0  0  0  0  2  0  0  0  3  0  0  0  0  0  0  0  0  4  0  0  8  1  0  256967  0  0  0  0  0  0  0  4  0  0  0  0  0  0  0  35  2580  0  190522  20  22553  0  36  0  0  0  0  0  7  81  9  0  8234  2  0  580119  0  0  24  754  138184  6  0  0  36  32  3  346654  27  0  0  1  0  0  22  1  115534  609188  3205  0  1  0  0  4  0  0  0  0  0  781319  616  60  
0  0  0  0  0  0  0  0  0  0  0  0  0  0  0  0  0  0  0  0  0  0  0  0  0  0  0  0  0  0  0  0  0  0  0  0  0  0  0  0  0  0  0  0  0  0  0  0  0  0  0  0  0  0  0  0  0  0  0  0  0  0  0  0  0  0  0  0  0  0  0  0  0  0  0  1  0  0  0  0  0  0  0  0  0  4  420  56  0  0  3  1  15  0  26929  4  11449  7  24540  1  0  0  0  0  0  0  0  99202  46361  22  448306  0  12  0  15  0  205385  4  0  0  22  46594  0  217555  0  0  0  0  0  0  0  0  18771  88009  30710  2  0  0  0  0  0  0  0  0  0  930599  810257  14  
0  0  0  0  0  3  0  0  0  0  0  0  0  0  0  0  0  1  0  0  0  0  0  0  0  0  0  0  0  0  0  1  0  0  0  0  0  0  0  0  0  0  0  0  0  0  0  0  1  0  0  1  0  0  0  0  0  0  0  0  0  0  0  0  0  2  0  0  0  0  0  0  0  0  5359  0  0  14  81  13903  0  0  0  0  0  17828  87901  87161  3  30  2  407  0  0  0  0  5  15658  0  5  0  0  0  0  1  641  2  12  43  0  0  0  0  51070  16  0  0  0  6  0  65620  16  129914  0  0  130455  10  31  0  0  0  0  1  0  0  13652  197  12747  1  31  2  92  1  138  0  0  5  0  
0  0  0  0  0  8  0  0  0  0  0  0  0  0  0  0  0  3  0  0  0  0  0  0  0  0  0  0  0  0  0  3  0  0  0  0  0  0  0  0  0  0  0  0  1  0  0  0  0  0  0  1  0  0  0  0  0  0  0  0  0  0  0  0  0  12  0  0  0  0  0  0  0  0  1675  0  0  154  792  17234  31  3  0  0  0  247810  4  67240  9  102  2  103  0  0  0  0  8  1512  1  6  4  0  5  1  5  249  0  3  5  3  0  1  45706  0  34  0  0  0  44  1  1091  1  100242  0  0  30638  345  459  2  7  0  0  0  0  0  0  0  12  27  375  6  25989  12  20  3  0  5  0  
0  1  0  0  0  6  4  0  0  96  0  0  0  0  0  0  2  221  0  0  27  1  42  2  0  0  0  0  0  0  1  85  0  0  0  2  0  1  0  0  159  0  26  27  0  0  5  570  3  0  0  1  0  0  0  2  5  0  0  5  6  0  4  0  5  42  0  3  0  4  0  0  54  2  124  30  2  123047  28  1009  84  37  251  15352  0  185  8  9  130  38  70416  91351  5145  5  60  22611  128827  471  25735  486698  161  194  120  23  10450  1626  118012  31359  399  459752  3  0  19  74  0  50  2787  51229  138351  41  43413  184533  382615  3  60  1688  23  768  21631  14044  11282  2749  14774  66  32573  1  501  127  9963  2079  41337  1224  1058  12  140  216  115639  147254  
0  8  0  0  0  0  0  0  0  0  5207  0  0  0  0  0  0  0  0  235  21  2577  0  0  0  0  0  0  0  1  0  0  0  0  0  0  0  0  0  0  0  1065  0  1148  0  0  0  0  0  0  4  0  0  0  0  0  0  0  0  0  4  0  0  0  4  0  0  0  0  0  0  0  0  0  0  241469  0  0  0  0  0  0  0  0  179430  0  0  0  0  0  0  1  166911  212046  77823  191406  3  0  28  9  0  0  0  0  0  0  0  0  0  6  85  0  0  0  475  0  0  167458  0  0  1  1  2  0  216664  0  0  0  0  0  231441  3890  24683  131  45194  0  0  0  3  0  0  0  0  0  0  13  198  0  
0  0  0  0  0  0  0  0  0  1  0  0  0  0  0  0  0  7  0  0  2  0  0  0  0  0  0  0  0  0  0  6  0  0  0  0  0  0  0  0  0  0  0  0  0  0  1  8  0  0  0  0  0  0  0  0  0  0  0  1  0  0  0  0  0  0  0  0  0  0  0  0  2  0  0  0  0  0  0  0  0  0  0  17  0  0  2  0  0  0  1784  1074  4  0  3304  85  276869  9153  95  113  0  0  0  0  1  15  50  111919  283151  1505  146479  210531  0  0  1619  0  0  113  0  0  20  15473  3  398457  0  0  0  0  2  0  8  23  5155  328  1508  0  1  8  1  2  0  0  0  0  0  133333  42975  569  
0  1  0  0  0  0  0  0  7  88  10329  0  0  0  0  0  3  134  0  26  1524  10443  1784  1  0  0  0  0  0  58  0  13  0  0  1  2  1  0  0  3  539  65  27  1170  3  0  0  1547  2  0  26  0  0  0  0  0  20  1  0  12  394  0  1  0  37  4  0  2  0  1  0  0  19  3  0  4662  0  7  0  13  0  0  3838  225009  394725  3  1  1  1  1  71  1432  97508  57725  185  937889  10448  4  4634  5809  1  7  1  43566  309  25  68  3  1  159  6  0  0  2  106828  153498  4  0  557  0  560  285  4220  0  18878  4  1  4  3308  11798  150913  166128  57698  48  46420  0  30  0  402844  207  831  11  10  1  4057  0  17979  32  
0  0  0  0  0  13  38  1  3  76  0  0  0  0  0  1  0  123  0  0  0  0  1  0  0  0  2  0  1  1  0  93  0  0  1  0  0  0  0  0  1  0  0  0  0  0  6  24  1  0  0  0  2  7  0  1  0  0  0  0  0  0  0  0  0  336  1  0  9  3  0  0  1  0  201  0  447189  186277  50  2831  2103  905  1149  107  0  331  4  6  712  2423  24541  8805  0  6  0  7  13603  154  643  57152  925  1011605  772051  55  584  658  5  4  0  2368  0  0  15  288  16315  0  0  773  0  372583  4365  948  100097  0  0  1991  58  3693  480  5640  5  11  26  0  14  5  76  145  26860  29584  504267  64863  110517  57  894  0  10506  6  
0  0  4135  0  0  1  9  64  1294  0  0  0  0  0  0  276  0  2  0  0  0  0  0  0  0  0  0  0  0  45  0  1  0  0  0  0  0  0  0  0  0  0  0  0  0  1319  0  0  0  0  0  1  0  0  0  0  0  0  0  0  0  0  0  1  0  37  0  0  0  0  998  0  0  0  35  0  488696  14  7  2889  37087  271964  179572  1  0  11  0  0  3  51526  0  27  0  0  0  0  20  9  16  20  67757  27667  5229  391895  11  117  0  0  0  21  0  0  1  9  52  0  0  2  418071  0  18  0  52  0  0  42  0  644  5  3244  0  0  0  0  0  0  0  1  986  35984  40566  31  4963  6  141876  0  31  0  
0  0  0  0  0  1  0  0  0  34  0  0  0  0  0  0  2  171  0  0  12  1  11  1  0  0  0  0  0  0  1  47  0  0  0  0  0  0  0  0  5  0  4  1  0  0  4  24  1  0  0  0  0  0  0  0  0  0  0  2  4  0  4  0  0  13  1  0  0  9  0  0  5  1  1612  8  0  14  0  16990  1  0  3  124  0  1030  64949  3705  0  1  260  255387  0  0  55  35  14649  250906  19  13  1  0  3  0  8519  60200  31  293  1688  35  3  0  51075  333  729  0  82  17  195  0  0  926  43993  0  0  13408  0  9  4  59  1  4  343  6  154  42317  39483  161829  2  118  22  13  8  1691  1  1  328  123  
0  0  0  0  0  0  0  0  0  25  0  0  0  0  0  0  5  154  0  0  30  7  50  1  0  1  0  0  0  0  2  80  0  1  0  1  3  0  0  0  113  0  23  24  0  0  7  546  2  1  0  0  0  0  0  0  8  0  0  5  5  0  2  0  2  3  0  0  0  9  0  0  55  2  3  7  0  1823  0  5  0  0  1  2479  0  161  21819  59  4  0  311466  32047  38  0  72  874  146352  25805  874  1702  2  1  1  0  168  526  208993  105300  297512  33191  5  34541  202  0  141870  2  48899  722  6278  0  12449  0  160  12729  3  21  0  14  50  47  133  386  22675  1037  3307  4  34  7  17  92  24  23  21  2  1  23553  440376  155123  
0  0  0  0  0  35  33  0  1  37  0  0  0  0  0  0  3  353  0  0  2  0  0  0  0  0  0  0  0  0  0  313  0  0  0  0  0  0  0  0  2  0  3  2  0  0  17  23  2  0  0  5  0  1  0  0  0  0  0  0  0  0  0  0  0  100  0  0  0  5  0  0  3  0  8446  0  2  280399  2035  104861  592  46  180  35  0  437781  96  2435  2039  444  70405  373618  5  0  8  8  9369  14991  168  6225  622  191  2313  13  931  13643  631  7  17  225  2  0  90128  85707  216375  0  0  296  83256  36  48693  334  0  0  0  40119  303  10339  122  968  64  25  48  1  41  128  1430  12523  2593  6046  4243  170695  2480  449  256  1  869  15  
0  0  0  0  0  0  0  0  0  0  0  0  0  0  0  0  0  0  0  0  0  0  0  0  0  0  0  0  0  0  0  0  0  0  0  0  0  0  0  0  0  0  0  0  0  0  0  0  0  0  0  0  0  0  0  0  0  0  0  0  0  0  0  0  0  0  0  0  0  0  0  0  0  0  0  0  0  0  0  0  0  0  0  8  0  0  0  0  0  0  11  30  0  0  261056  35  246843  4  1542  18  0  0  0  0  1  3  1  13  92803  85  341786  174758  0  0  259  0  259445  62  1  0  8  7041  0  0  0  0  0  0  0  0  4  7  449  155891  63966  0  0  0  1  0  0  0  0  0  0  191239  141236  122  
0  5  0  0  0  0  0  0  0  0  0  0  0  0  0  0  0  0  0  0  14  264  1  0  0  0  0  0  0  0  0  0  0  0  0  0  0  0  0  0  0  1  0  0  0  0  0  0  0  0  2  0  0  0  0  0  0  0  0  0  2  0  0  0  0  0  0  0  0  0  0  0  0  0  0  9798  0  0  0  0  0  0  0  0  0  0  0  0  0  0  0  0  33759  1677  240820  195453  0  0  19  0  0  0  0  0  0  0  0  0  0  0  51  0  0  0  131  228987  0  22116  0  0  0  1  0  0  0  0  0  0  1  0  19202  690  8113  99  113282  0  0  0  1  0  0  0  0  0  0  21  61  0  
1  0  0  0  0  205  105  0  3  1  0  0  0  0  0  5  0  48  0  0  0  0  1  0  0  0  0  0  0  0  0  67  0  0  0  0  0  0  0  0  0  0  0  0  0  0  6  1  4  0  0  33  1  6  0  0  0  0  0  0  0  0  0  0  0  603  1  2  4  1  0  0  0  0  159386  0  1  6142  40846  88335  3306  19  247  1  0  113322  48607  700406  771692  4551  30  1332  0  0  0  0  194  123608  6  108  177  287  116585  12  71  4195  0  0  0  59  1  0  120026  37422  315  0  0  11  1850  24  7430  4  16781  0  0  0  318235  372384  10  585  0  0  0  0  0  41239  566  111472  676  8942  532  621936  574  970  205  0  228  1  
1  0  0  0  0  406  2  0  0  0  0  0  0  0  0  6  0  0  0  0  0  0  0  0  0  0  0  0  0  1  0  3  0  0  0  0  0  0  0  0  0  0  0  0  0  0  0  0  6  0  0  21  0  0  0  0  0  0  0  0  0  0  0  1  1  210  0  2  0  0  0  0  0  0  92469  0  0  17  346946  18923  45  1  7  0  0  1372  0  281  1329569  96834  1  20  0  0  0  0  6  169  0  0  3  1  512  0  4  151  0  0  0  1  0  0  0  1250  8  0  0  0  38  0  13  0  342  0  0  422873  0  345251  0  9  0  0  1  0  0  0  1  3  28  556  12  340  18  6  5  0  10  0  
0  0  0  0  0  84  166  1  5  3  0  0  0  0  0  4  0  12  0  0  0  0  0  0  0  0  0  0  0  0  0  29  0  0  0  0  0  0  0  0  0  0  0  0  0  0  0  2  2  0  0  9  2  5  0  0  0  0  0  0  0  0  0  0  1  762  1  1  0  0  0  0  1  0  3686  0  141  2814  1176  60682  72211  35390  1164  6  0  2105  0  95  865453  952353  164  712  0  1  1  1  608  461  37  360  1345  468  3329  37  125  2049  0  0  0  178  0  0  18  532  1016  0  0  31  8382  434  510  9  7396  0  0  379979  488011  0  31  1488  0  2  2  0  4  1  20  36  2280  40348  3684  211159  355351  109  1861  0  585  2  
0  0  0  0  0  0  0  0  0  1  0  0  0  0  0  0  0  1  0  0  0  0  0  0  0  0  0  0  0  0  0  0  0  0  0  0  0  0  0  0  0  0  0  0  0  0  0  1  0  0  0  0  0  0  0  0  0  0  0  0  0  0  0  0  0  1  0  0  0  0  0  0  0  0  2  0  0  100  1  11  1  0  148  41  0  1  0  1  1  1  42  1143  299  135  0  187  1465  7  274699  274657  130  1335  0  4  415  57  3  2  1  196228  0  0  1  2  84481  3  1  8806  3925  1  640  168  894  0  0  2  0  1  0  240448  1318  1509  3  0  84  1  12  3  10496  31  127286  4  21  0  32  0  8451  25  
0  0  0  0  0  3  95  0  2  35  1  0  0  0  0  1  0  65  0  0  0  0  0  1  0  0  0  0  0  1  0  12  0  0  0  0  0  0  0  0  4  0  3  1  0  0  1  16  0  0  0  4  0  6  0  0  0  0  0  0  0  0  1  0  0  390  0  0  3  0  0  0  1  0  18  0  2365  205  6  1270  145  36  73334  328  104  13  0  0  13  55  201  16503  1398  295027  2  68  19009  85  484690  15532  1048652  1758  19  73620  9621  870  2  12  0  22208  0  0  1  9  21467  5  2  13588  37555  633  10612  129  7645  1  3  94  14  444  277093  0  12294  241430  879  0  70  0  367  16  395019  74410  480583  123  311  6  110946  1  43315  45  
0  0  0  0  0  0  0  0  0  0  0  0  0  0  0  0  0  0  0  0  0  0  0  0  0  0  0  0  0  0  0  0  0  0  0  0  0  0  0  0  0  0  0  0  0  0  0  0  0  0  0  0  0  0  0  0  0  0  0  0  0  0  0  0  0  0  0  0  0  0  0  0  1  0  0  8078  0  2  0  3  0  0  0  3  5  0  0  0  1  0  10  45  878700  10084  25  35495  152  0  3677  1854  0  0  0  0  1  1  3  4  1  24  20  2  0  0  34673  304906  2  154497  8  0  7  209  194  0  23948  0  0  2  871  756  0  45615  117040  0  42235  0  0  0  572  0  19  1  0  0  0  23  35883  97  
0  0  0  0  0  0  0  0  0  3  0  0  0  0  0  0  0  3  0  0  0  0  0  0  0  0  0  0  0  0  0  0  0  0  0  0  0  0  0  0  0  0  0  0  0  0  0  0  0  0  0  0  0  0  0  0  0  0  0  0  0  0  0  0  0  2  0  0  0  0  0  0  0  0  3  28  0  49  0  52  6  3  5  27  51901  11  0  0  9  4  78  516  377531  663946  7  28141  792  2  68687  5756  71  44  3  0  165  23  13  3  2  286  0  0  0  5  55743  395  9  207890  4126  1  241  643  12154  0  124  15  2  33  7958  295568  133667  0  76446  2  16823  0  9  2  125027  83  6735  41  71  1  4  0  113994  348  
0  0  0  0  0  0  0  0  0  0  0  0  0  0  0  0  0  5  0  0  4  0  0  0  0  0  0  0  0  0  0  6  0  0  0  0  0  0  0  0  0  0  1  0  0  0  0  6  0  0  0  0  0  0  0  0  0  0  0  2  1  0  0  0  0  0  0  0  0  1  0  0  8  0  0  151818  0  0  0  0  0  0  0  23  0  0  0  0  0  0  437  210  314537  3  8425  7833  5692  16  20495  383  0  0  0  0  3  36  48  731  1206  9474  151086  15383  0  0  55922  19371  2845  18910  5  0  27  5901  25  86  20267  0  0  1  0  78  79719  57860  0  47543  148050  0  1  0  9  3  55  0  0  0  0  99627  297674  1761  
0  0  0  0  0  0  0  0  0  1  0  0  0  0  0  0  0  10  0  0  0  0  0  0  0  0  0  0  0  0  1  5  0  0  0  0  0  0  0  0  0  0  0  0  0  0  0  11  0  0  0  0  0  0  0  0  1  0  0  0  0  0  0  0  0  0  0  0  0  1  0  0  3  0  0  175602  0  0  0  1  0  0  0  2  0  0  0  0  0  0  2  14  1188  0  611538  29  1180  0  80  0  0  0  0  0  2  22  6  0  1  1  607042  50795  0  0  25  866  47  19  0  0  13  19  0  206185  52  0  0  0  0  2  0  0  93116  0  142512  0  0  0  0  1  0  0  0  0  0  244826  9086  15  
0  17  0  0  0  0  0  0  0  19  0  0  0  0  0  0  3  224  0  0  6057  565  134  8  1  2  0  0  0  1  3  132  0  1  1  3  15  0  0  0  70  0  24  29  2  0  12  329  2  1  224  0  0  0  0  0  3  0  0  40  486  0  3  0  3  2  0  1  0  16  0  0  88  2  0  117626  0  0  0  0  0  0  0  490  3  0  0  0  0  0  549  2547  67315  2633  593862  655605  374918  13  13217  3166  0  0  0  0  126  484  120  203  603  1993  3756  20678  0  0  64654  32354  4573  33921  13  0  619  3447  50  47619  101496  0  0  0  371  125  8841  7687  280350  44184  0  0  18  5  101  30  8  0  0  0  0  184957  162221  736  
0  0  0  0  0  0  0  0  0  0  0  0  0  0  0  0  0  0  0  0  0  0  0  0  0  0  0  0  0  0  0  0  0  0  0  0  0  0  0  0  0  0  0  0  0  0  0  0  0  0  0  0  0  0  0  0  0  0  0  0  0  0  0  0  0  0  0  0  0  0  0  0  0  0  10  0  0  0  0  84  0  0  0  0  0  0  233051  69321  46461  0  0  9  0  0  0  0  0  326539  0  0  0  0  0  0  0  16  0  11  11  0  0  1  12829  0  0  0  0  0  0  0  5221  1  6  0  0  36112  0  0  0  0  0  0  0  0  0  0  5  183167  0  0  0  0  0  0  0  0  0  0  
3  0  0  0  0  31  11  0  0  26  0  0  0  0  0  5  2  37  0  0  3  0  1  0  0  0  0  0  0  0  47  14  0  0  0  0  0  0  0  0  0  0  1  0  0  0  1  16  5  0  0  16  3  0  0  0  0  0  0  3  1  0  0  0  0  19  0  0  0  22  0  0  2  0  15  2  0  0  6  14352  0  1  2  121  0  2  32  28  0  1  71  3263  0  0  14  3  52494  456140  2  3  0  0  0  1  257810  132219  3  0  414  5  2  0  41  1  203  0  0  14  22  0  44874  85  581  0  0  2532  1  14  1  11  0  1  80  1  23  39  0  80824  3  403  4  9  1  193177  0  2  104  11  
0  0  0  0  0  99  2  0  0  1  0  0  0  0  0  1  0  11  0  0  0  0  1  0  0  0  0  0  0  0  0  6  0  0  0  0  0  0  0  0  0  0  0  0  0  0  1  0  7  0  0  21  0  0  0  0  0  0  0  0  0  0  1  0  0  36  0  0  0  0  0  0  0  0  2384  0  0  5  8  28210  2  0  1  6  0  255  40682  31131  4  4  1  10337  0  0  0  2  7484  816691  0  0  2  0  0  0  274  25008  1  0  0  0  0  0  17811  308  21  0  0  0  18  0  173037  3  21727  0  0  175497  0  25  0  3  0  0  8  1  3  137256  47517  0  9  607  2  144  0  1518  0  0  9  1  
0  0  1  0  0  0  1  0  24  12  1637  0  0  0  0  0  0  1  0  0  0  1121  0  0  0  0  5  0  0  12462  0  2  0  0  0  0  0  0  0  0  0  0  0  66  0  0  1  0  0  0  0  0  0  0  0  0  0  0  0  0  0  0  0  0  1362  8  0  0  0  0  48  0  0  0  11  0  6  61  2  229  19  7  588  12173  415062  14  0  0  14  19  117  778  228  381442  0  13991  739  5  2194  2266  142745  38  6  452984  308  51  1  2  0  688  0  0  0  11  7794  1  1  348782  28601  38  467  10  17248  0  0  58  3  106  6403  453557  579  60809  17  0  97  0  11  5  0  910  10903  52  170  0  17931  0  5393  2  
220  2  32  2  2  132133  77485  5634  13587  38977  7  7  0  4  0  892  489  16379  0  0  8  224  309  108  2  181  27  2  62  2331  12  1825  0  12  296  130  0  7  0  47  5504  0  3482  2215  780  21  86  25804  996  1  3  3860  304  224  6  285  34  9  4  1  37  0  78  21  914  175988  1469  252  150  512  131  2  690  8  2098  1  403  157  1017  437992  224209  141471  377672  167497  17  539  5  42  12  6851  277  25535  0  14  8  23  49449  3065  370  789  42013  49  57  2530  25067  30083  20  6  6  868  0  1  102  488  5672  0  1  232  35344  29544  16828  1775  5150  0  0  2241  189  10215  143  48178  2  0  133  0  46  9  4222  1354  6849  0  5697  585  894  26116  142070  3  2637  32  
0  0  0  0  0  1  7  0  0  8  0  0  0  0  0  0  0  26  0  0  0  0  0  0  0  0  1  0  0  0  0  9  0  0  0  0  0  0  0  0  2  0  0  0  0  0  2  8  0  0  0  0  0  2  0  0  0  0  0  0  0  0  0  0  0  65  0  0  1  0  0  0  0  0  22  1  52192  11792  3  623  301  23  18042  69  0  10  2  2  159  43  281  3943  6  5  0  7  7108  25  1225  514021  299630  668756  64  3866  2401  266  0  18  0  59354  0  0  1  11  30596  0  2  719  394212  26307  3181  14  7608  0  0  144  4  543  129609  419226  20  21  7  0  18  0  46  15  16266  23256  0  404  378  3  15125  0  12783  2  
0  0  0  0  0  31  33  0  0  3  0  0  0  0  0  3  0  49  0  0  0  0  0  0  0  0  0  0  0  0  0  53  0  0  0  0  0  0  0  0  0  0  0  0  0  0  3  0  0  0  0  6  0  1  0  0  0  0  0  0  0  0  0  0  0  98  0  0  0  0  0  0  1  0  515  0  1  266184  921  29137  698  29  101  4  0  360294  1  1616  373951  595  189  683  0  0  1  0  383  244  9  217  278  861  731677  1  68  1401  1  0  0  50  0  0  70  30323  563  0  0  7  109974  28  321  5  48243  0  0  516429  548  82959  8  221  0  0  2  0  1  1  19  60  674  4788  1516  0  161616  104  171  0  174  1  
0  0  0  0  0  14  6  0  0  1  0  0  0  0  0  0  0  12  0  0  0  0  0  0  0  0  0  0  0  1  0  12  0  0  0  0  0  0  0  0  1  0  3  0  0  0  0  1  0  0  0  0  0  1  0  0  0  0  0  0  0  0  0  0  0  28  0  0  0  0  0  0  0  0  375  1  8205  4691  17  8118  1551  7194  161  3  0  521  0  2  214321  211701  63  541  0  0  0  0  599  95  28  362  401  89  436062  6  81  476  0  0  0  191  0  0  1  25  692  0  0  38  122272  9978  478  3  5361  0  0  2755  24  221235  22  549  0  0  1  0  0  1  4  15  2563  6177  1153  200365  0  30  271  0  731  0  
0  0  0  0  0  700  4  0  0  17  0  0  0  0  0  486  0  11  0  0  0  0  0  0  0  0  0  0  0  0  927  87  0  0  0  0  0  0  0  0  0  0  0  0  0  0  2  5  1  0  0  1  0  1  0  0  0  0  0  0  0  0  0  0  0  25  0  0  0  1683  0  0  0  0  167704  0  0  14  25804  410384  4  0  5  1  0  97  17  19  0  115083  3  1165  0  0  1  0  4814  113067  0  4  6  1  5  3  229879  159234  0  0  0  2  0  0  252  174  68  0  0  1  333  0  2769  0  2365  0  0  2647  6  189  0  51  0  0  1  0  1  27  273317  3013  38  37566  41  110  32  0  9  0  17  1  
0  0  3217  0  0  10  342  2058  39797  1067  2  0  0  0  0  270  0  2  0  0  0  0  0  0  0  0  0  0  0  7007  0  4  0  0  0  0  0  0  0  0  0  0  0  0  0  1386  0  2  1  0  0  0  0  0  0  0  0  0  0  0  0  0  0  0  2  2231  0  0  0  0  6382  0  0  0  16  0  1143  41  3  3599  1951  363  307533  8653  6  9  0  2  2  82  11  226  0  13  0  1  282  3  468  621  187138  77  6  553128  65  164  0  1  0  887  0  0  0  6  2024  0  0  324  9399  124454  186  2  99  0  0  44  7  147  290  78672  2  0  2  0  1  0  3  6  28122  110333  11332  34  153  6  0  0  521  0  
0  0  0  0  0  0  0  0  0  0  0  0  0  0  0  0  0  1  0  0  0  0  0  0  0  0  0  0  0  0  0  1  0  0  0  0  0  0  0  0  0  0  0  0  0  0  0  0  0  0  0  0  0  0  0  0  0  0  0  0  0  0  0  0  0  0  0  0  0  0  0  0  1  0  0  1641  0  0  0  0  0  0  0  0  0  0  0  0  0  0  80  23  908  0  61547  9  25649  2  1591  12  0  0  0  0  0  0  3  172  58255  87  813992  874529  0  0  113  89  54399  11  1  0  6  26365  0  135177  16  0  0  0  2  0  6  3  91256  206568  117578  0  0  0  0  0  0  0  0  0  0  0  69313  29  
0  0  0  0  0  0  0  0  0  56  0  0  0  0  0  0  4  92  0  0  21  1  10  0  0  0  0  0  0  0  0  47  0  1  1  0  1  0  0  1  16  0  8  7  0  0  1  97  4  1  0  0  0  0  0  0  0  0  0  7  6  0  2  0  0  10  0  0  0  1  0  0  29  0  0  129  1  217  0  30  3  1  83  3565  0  12  171  28  1  4  2855  43685  182542  9  35945  3300  99814  308  1102411  161745  3  10  0  3  7274  887  187  611565  96464  298461  1543  872774  14  0  138028  103  48620  11692  8005  12  15858  676549  2048  150231  449  9  0  18  1210  11263  41833  125326  495707  18776  271108  0  509  8  7581  371  5481  13  41  3  27  78217  0  12812  
0  0  0  0  0  0  0  0  0  3  0  0  0  0  0  0  3  95  0  0  20  1  16  2  0  0  0  0  0  0  0  52  0  1  0  1  0  0  0  0  37  0  9  5  0  0  3  212  2  0  1  0  0  0  0  0  1  0  0  5  6  0  3  0  4  3  0  1  0  5  0  0  41  1  0  1  0  3069  0  2  0  0  0  233  0  2  0  0  0  0  658  343  53  0  39  443  6464  5  908  21511  0  2  0  0  20  364  108514  55329  533  237161  1  2  0  0  82071  3  829  154  0  0  97  233462  10  33  0  1  0  0  55  16  151  292  1437  21  400  0  0  0  2  10  0  0  0  1  0  130  22983  0  
