0  0  27  0  172787  251  5  8  1  34  1  1  0  14  111334  1523  40  194  3  58  70  1  153  319711  0  0  29  2  11  45  70331  1735  0  34  92  0  2  5  2  4  2  10  85  8  84  36  31  39  10  0  174  22598  86336  391  0  63  16  16  0  66  454  7089  135  16151  115  362  35  3  15  342  3  5  18  3  2584  0  3  0  8643  1438  2  1  0  1  0  1  0  0  19  153  2  3  0  0  0  3  15  2130  0  0  0  0  2  0  286  297  0  0  11  0  0  0  0  0  0  1  3  3  68  4  0  2  0  0  13  0  12  1  0  9  3  4  1  0  7  6  5  238  5  2179  1  3  0  4576  1  0  1  0  
5  0  0  0  0  0  0  0  0  51  0  0  0  0  0  0  0  0  118952  219  244521  31363  28  2  0  0  0  0  0  2  0  0  0  30  7  0  131210  29  0  0  0  322193  4  254  2  0  0  25  0  25  271719  0  0  0  0  0  61364  30  272018  168757  409  0  0  2  33  34  0  0  0  0  0  57684  384  0  0  0  0  0  0  0  0  0  0  0  0  0  1  0  0  0  0  0  0  2  1  0  0  0  0  0  1  0  0  1  0  0  0  0  0  0  1  0  0  0  0  5  0  2  0  0  0  0  0  1  9  0  0  0  0  0  0  1  0  0  0  0  0  0  0  23  0  0  0  0  0  0  0  0  
68  0  0  0  6  0  22  27833  254  0  1  1  0  2  0  258282  19  16  3  3  0  0  0  26  0  0  56925  135354  83340  89442  11  4  0  1  0  0  4  5  0  8  7  0  1  0  138125  533727  0  12  3  0  3  10  6  1  0  6743  0  0  0  4  1  32  0  3  31  2  155441  2  238  0  1579  19  119  0  0  0  7057  0  0  1  5  54  0  0  4  1  0  0  0  646  0  1  0  0  0  0  0  1  0  0  44  0  285  3260  1  2  0  0  0  0  0  0  0  0  0  0  0  1  2587  2138  0  0  1  0  0  0  1  0  0  16  0  0  0  0  0  0  1  0  0  343  0  0  0  0  205  0  0  0  
2  0  2  0  0  0  1  25  0  0  0  160796  0  53  35  203  1244  125  393  1  0  0  0  1  2557  326071  14  152157  137500  3  0  0  13492  3016  4  2603  134  2  1  602  24696  0  0  0  168234  1  0  2455  168900  1  0  2195  0  45  5144  3199  1  3  11  712  0  0  0  0  4  0  24234  74083  1261  0  0  256  26592  59  0  0  0  0  0  0  0  0  0  0  0  0  0  0  0  2  0  0  0  0  0  0  0  0  0  0  0  0  0  0  0  0  0  0  0  0  0  0  0  0  0  0  0  0  0  0  0  0  0  0  0  0  0  0  0  0  0  0  0  0  0  0  0  0  0  0  0  0  0  0  0  0  0  0  
151469  0  1  1  0  9224  57  11  0  2  0  1  0  9  69587  135752  2  6  0  2  0  0  1  211  0  0  0  0  5  0  77747  68  0  1  15  0  0  0  0  3  0  0  15  0  11  8  1  1  9  0  2  287  145624  79  0  1  1  0  0  0  18  207  29  3  2  167  0  9  17  6209  0  0  1  0  1105  0  18  0  13341  2974  8  1  0  0  0  1  1  0  65  759  6  8  0  0  0  0  6  283  0  0  2  0  8  3  18  82  0  1  11  0  0  1  0  0  0  1  5  3  257  17  0  1  1  0  5  0  17  0  0  14  0  3  0  0  2  6  0  12  5  648  3  1  1  2591  3  0  0  0  
1102  0  2  0  32685  0  240062  983  69  9  0  1  0  1  69  713406  78  1180  0  0  6  0  196  1376  0  0  0  0  0  9  25700  96952  0  23  273  0  0  0  0  5  0  0  0  7  0  0  325  68  1  0  1  153  179  32  0  0  1  0  0  3  8  48  19522  128  7  285658  0  0  0  230589  106  0  0  0  749  0  27  0  10903  58876  8537  343  58  1  0  3  1  8  49  5494  11  5  0  0  0  1  18  151  0  0  0  0  0  1  1551  1887  0  1  5  0  0  1  0  23  0  2  5  7  22  1  0  4  1  0  4  12  99  16  0  9  1  1  1  0  7  9  91  3  3  26497  2  0  0  3162  2  0  1  0  
9  0  32  0  276  271389  0  180908  2064  22  0  52  0  6  15  320413  2  4  0  0  0  0  1  0  0  0  0  0  4  342  20  206  0  0  0  0  2  0  0  95  1  0  0  81  8  146  0  1  39  0  0  149  31  92  0  0  0  0  0  0  0  2  25  0  293  205505  1  10  7  11  2091  1  3  0  2  1  651  0  8  278  16081  10486  185  7  0  233  0  27  24  4401  254  194  1  0  0  1  3  4  0  0  1  0  5  21  0  16  0  0  3  0  0  2  0  44  2  2  1  13  69  99  1  72  57  0  9  66  0  165  1  9  4  0  0  0  1  2  0  4  9  1731  3  132  8  5  39  1  0  0  
9  0  32626  5  26  1246  183253  0  151160  3  0  42  0  17  3  452503  6  14  0  0  0  1  0  2  0  0  1  0  12308  827  2  6  0  0  0  0  0  0  0  108  3  0  0  17  86  165242  0  0  260  0  0  30  15  145  0  0  0  0  0  2  0  6  2  0  190  142663  0  125  966  1  14935  2  17  0  0  0  3859  2  3  15  1352  17715  1801  42  0  95  0  4  1  8201  89  250  0  0  0  0  1  2  0  0  4  0  418  740  2  15  0  0  3  0  0  1  0  3  1  1  0  71  3101  2312  0  9  68  0  2  5  1  22  0  33  0  2  0  0  0  6  2  0  25  776  6  67  68  0  502  1  0  0  
0  0  1103  0  0  103  1754  128136  0  58787  4  0  0  0  0  1547  0  0  0  0  0  2  0  0  0  0  2  0  0  8746  0  0  0  0  0  0  0  0  0  0  0  0  0  1847  0  115894  0  0  0  0  0  0  0  2  0  0  0  0  0  0  2  0  0  0  36692  215530  0  0  0  0  260082  0  0  0  0  0  12  0  0  0  19  31  2886  291  20  1  0  0  0  42  0  0  0  0  0  28  0  0  0  0  0  0  0  688  0  0  0  0  0  0  0  0  0  0  0  0  0  28  0  203  0  0  0  0  0  0  0  0  0  4  0  0  0  0  0  0  0  0  37  1359  0  0  0  0  890  0  0  0  
193  2  1  0  11  6  19  7  36353  0  3748  0  0  0  0  8  1  27  12  6031  141  1401  19185  267  0  0  0  0  0  107025  65  1049  0  36  508  0  3  0  0  0  0  1688  481  252442  0  4  11  10  0  1  12354  1  1  0  0  0  130  366  0  78  45615  1  1  56  43157  276727  0  0  0  0  14930  10  15  0  3  2  0  0  2  1  0  1  190  71948  125  0  0  0  2  1  1  2  26  67  23  452  16065  10  0  0  5  0  0  559  3  37  1  90  2  0  72  26  0  0  0  842  10  10743  0  120  0  63  0  0  7604  2  1  0  0  85  463  365  96  95  5543  7  0  2  2303  134393  0  0  0  0  43  43  98  2  
3  1  7  0  0  0  0  0  2  641  0  0  0  0  0  0  0  1  0  520723  1  131395  2166  5  0  0  0  0  0  5125  22  84  0  13  378  0  0  1  0  1  0  99954  90  652925  0  0  0  0  0  0  6266  0  0  0  0  0  25  810  0  1  924  0  2  2  536548  133  0  0  0  0  73  2  0  0  0  0  0  0  0  0  0  0  0  199  10256  0  0  0  0  0  0  0  0  0  1  4548  141  0  0  0  0  0  0  237  0  0  0  1  0  0  0  0  0  0  0  3  0  67  0  0  0  0  0  0  33  0  0  0  0  0  3  0  1  0  4  0  0  0  12  107  0  0  0  0  0  0  1  0  
0  0  0  157319  1  2  172  71  1  0  0  0  74  156821  1534  4699  4779  14292  2  0  0  0  0  0  3  200  1  0  375  3  0  0  11667  7040  151  26  4  1  983  176851  1069  0  0  0  1151  8  0  745  522892  0  0  229670  0  4807  4  12  0  0  2  10  0  9  0  0  2  0  3  333799  703  0  7  31  475  3  0  0  0  0  0  0  35  18  0  0  0  4  0  1  1  4  2  2  0  0  0  0  0  0  0  0  0  0  0  0  0  0  0  0  0  0  0  0  0  0  0  0  0  0  1  0  0  0  0  0  0  1  0  0  0  0  0  0  0  0  0  0  0  0  0  1  0  6  0  0  0  0  0  0  
0  0  1  0  0  0  0  0  0  0  0  46  0  38056  0  0  288  72216  0  0  0  0  0  208747  0  0  0  0  0  0  0  0  0  37  20  0  0  0  71229  26  0  0  1  0  0  0  60043  14  5473  0  5  0  0  0  0  0  0  1  0  0  3  29362  0  5  1  0  0  0  0  0  0  1  0  0  0  0  0  0  0  0  0  0  0  0  0  0  0  0  0  0  0  0  0  0  0  0  0  0  0  0  0  0  0  0  0  0  0  0  0  0  0  0  0  0  0  0  0  0  0  0  0  0  0  0  0  0  0  0  0  0  0  0  0  0  0  0  0  0  0  0  0  0  0  0  0  0  0  0  
27  0  6  3  14  5  8  5  0  3  0  142163  56579  0  41  225  240  9073  3  27  3  0  0  762  0  0  6  3  7  8  3  5  0  30  6  0  1  2  122739  387024  21  4  3  2  70  23  6  19  148960  0  42  144090  29  101  0  24  9  4  0  8  26  120271  0  2  32  0  14  216  14  0  0  16  35  1  1  0  1  0  2  3  3  2  0  0  0  0  0  0  0  2  1  0  0  0  0  1  1  0  0  0  0  0  0  0  0  0  0  0  1  0  0  0  0  0  0  0  0  0  7  0  0  0  2  0  0  0  0  1  0  3  0  0  0  0  1  0  0  0  2  9  0  0  0  0  0  0  0  0  
128812  0  1  0  84649  136  38  30  0  1  0  3087  0  88  0  272365  21  35  0  0  1  0  0  68834  0  0  1  0  59249  2  4  2  0  0  3  0  0  1  0  4420  6  0  0  0  104  13  0  1  1448  0  3  1186670  746853  743112  0  6  2  1  0  3  1  101815  0  0  5  0  4  144770  83753  0  1  6  11  0  18  0  1  0  96  13  40  4  0  0  0  0  0  1  2  11  8  1  0  0  0  0  2  0  0  0  0  0  0  0  0  4  0  0  0  0  0  0  0  1  0  0  0  0  30  3  0  1  1  0  0  3  7  3  0  3  0  1  0  0  0  0  1  0  0  10  1  8  0  2  0  0  0  0  
999  0  307721  30  193367  724778  360076  525963  437  3  0  1558  0  360  260939  0  100  117  0  5  2  0  0  23  0  1  4  0  91803  227  19205  129  0  1  0  0  3  0  2  3877  15  2  1  6  499  27461  0  19  4662  0  4  10648  8594  956666  3  14  1  0  1  9  4  832  924  0  28  1142  9  3062  215706  50089  388  16  133  0  443  1  2373  1  6165  6941  11378  5985  0  1  1  730  0  26  93  4785  757  615  1  1  0  2  16  84  0  0  6  0  198  51  17  83  0  0  20  0  1  2  0  53  5  15  10  21  1477  246  1  155  223  0  36  83  156  188  0  82  9  8  3  0  13  20  4  14  26  1306  11  1040  76  1600  56  2  0  0  
43  0  22  3698  0  31  2  5  0  2  0  5021  91  168  2  51  0  220773  8  60  93  2  23578  1820  7  1583  55  3  8  33  133  2304  7273  5393  83967  44  77  57  95  261  64058  35  423  2  132  7  890  320261  145447  0  361  17  4  20  19  357  55  14  4  146  132  626  6472  637  159  74  100  21  26  3  0  620  1186  33  1  0  0  0  0  21  1  1  0  0  0  0  0  0  0  0  0  0  0  0  0  0  0  10  0  0  0  0  0  0  0  20  0  0  0  0  0  1  0  0  0  0  0  0  0  0  0  0  0  0  0  0  0  0  0  0  0  0  0  0  0  0  0  2  0  81  0  1  0  1  0  0  0  0  
623  0  10  176  5  267  5  18  0  4  0  14574  66778  10294  14  273  249816  0  6  22  378  2  76995  37372  2  117  10  4  7  7  653  7972  432  8024  23551  5  85  23  69446  2335  6558  8  330  0  250  18  182577  20188  412641  1  309  97  9  83  6  335  28  3  6  482  411  5564  42677  13392  35  845  136  35  82  24  1  542  484  5  53  0  0  0  2  215  1  1  0  0  0  0  0  0  0  1  0  1  0  0  0  1  1  168  0  0  0  0  0  0  42  225  0  0  0  0  0  0  0  0  0  0  1  1  0  0  0  0  1  0  2  0  0  0  0  0  1  0  0  0  2  0  2  30  1  919  0  1  0  37  0  0  0  0  
22  155685  7  13  1  0  0  2  0  80  2  1  0  6  1  2  9  9  0  91088  53207  0  1  16  130307  2  2730  4  3  101  2  11  1  360  47  0  15737  825  0  4  5  254360  97  282  329  1  2  228  16  365  12606  5  2  0  4  24073  1167023  359795  218551  39781  145  5  0  6  30838  75  589  106  6  0  7  4342  569077  26  0  0  0  0  0  0  0  0  0  0  0  0  0  0  0  0  0  0  0  0  0  0  0  1  0  0  2  0  0  3  0  1  0  1  0  0  0  0  0  0  0  0  0  2  0  1  0  0  0  0  23  0  0  0  0  10  2  4  1  1  0  0  0  0  11  26  0  0  0  0  0  3  2  0  
92  12  35  0  3  0  0  0  0  10406  511061  0  0  7  0  2  13  16  87307  0  2233  490  10  53  8234  0  43094  0  0  1636  10  97  0  214  4  0  162  82  4  14  0  91234  11  308314  4  3  6  82  13  34  11704  3  2  0  0  39162  12290  344449  0  929  350  37  1  23  260050  8194  0  1  2  0  8  617  2137  1  0  0  0  0  0  0  0  0  0  7  2  0  0  0  0  1  0  0  2  12  11  0  0  2  0  0  0  0  0  0  1  0  0  0  0  0  4  0  0  0  0  70  2  48  0  0  0  3  0  0  579  0  0  0  0  0  88  69  15  15  14  0  0  0  38  1330  0  0  0  0  0  2  2  0  
94  131760  0  0  1  0  0  0  0  17  0  0  0  2  0  0  22  165  3659  1205  0  79951  88122  302  0  0  1  0  0  0  51  44  0  4683  3054  0  10672  66  0  3  0  572  6886  53  0  0  31  2596  2  264126  191492  2  1  0  0  2  19813  532  5958  426313  524136  5  2  620  194  27  0  0  0  0  0  351  790  0  0  0  0  0  0  0  0  0  0  0  0  0  0  0  0  0  0  0  0  0  87  11  2  0  0  0  0  0  0  2  1  4  0  0  0  0  15  0  0  0  0  20  0  1  0  0  0  1  0  25  5  0  0  0  0  0  1  0  0  1  0  0  0  0  0  12  0  0  0  0  0  0  1  0  
49  25725  0  0  0  0  0  0  6  1465  120660  0  0  0  0  0  0  4  1  903  60136  0  71229  52  0  0  0  0  0  88  345  801  0  200  3780  0  0  0  0  0  0  260066  1112  877791  0  0  0  3  0  8  326598  4  0  0  0  1  5  12  0  5  688107  3  4  53  20401  26  0  0  0  0  10  2  0  0  0  0  0  0  0  1  0  0  4  374  605  0  0  0  0  0  0  0  0  1  26  9283  160  0  0  0  0  0  0  23  4  3  0  0  0  0  2  0  0  0  0  47  0  276  0  0  0  0  0  7  40  0  0  0  0  1  0  0  0  0  64  0  1  0  16  166  0  0  0  0  0  0  0  0  
331  12  1  0  2  172  2  0  0  16603  4082  0  0  0  0  0  30063  64283  2  37  47490  201857  0  3531  0  0  1  0  0  4  1350  7420  0  5211  197377  0  7925  1  0  0  0  15  468228  30484  0  2  405  2337  0  7576  129  1  2  0  0  3  12  3  0  868  404769  3  5256  3276  6812  494  0  0  0  11  0  5  0  0  25  0  0  0  0  117  0  0  0  15  0  0  0  0  0  2  0  0  0  0  21  4  26  78  0  0  0  0  0  0  20  215  0  0  0  0  0  0  0  0  0  2  0  10  1  0  0  1  0  11  4  0  0  0  0  0  0  0  0  0  31  0  3  11  0  656  0  0  0  19  0  0  0  0  
342182  0  15  1  197  576  4  4  0  30  0  1  177881  522  51378  36  4715  54627  5  84  336  4  1562  0  1  0  22  0  1  35  174888  6538  0  226  1546  0  6  8  20590  6  9  11  516  6  70  40  281194  8831  538  1  698  410  190  1  0  96  40  19  0  275  1065  315236  316591  861223  103  2126  42  2  4  42  1  15  43  1  930  0  0  0  223  756  1  0  0  0  0  1  0  0  1  8  0  1  0  0  0  0  6  1609  0  0  0  0  0  1  1366  743  0  1  6  0  1  0  0  0  0  0  0  2  5  1  1  2  0  0  12  0  0  0  0  3  0  2  0  2  0  0  86  257  3  2869  0  1  0  870  0  0  0  0  
3  0  9  4272  0  0  0  0  0  0  0  23  0  3  0  5  10  7  147380  17671  0  0  0  3  0  185379  4432  119  90  61  0  1  0  54347  0  316  67  155  2  35  15574  0  0  0  5425  0  0  25  6562  0  1  258  0  1  474569  725474  19  19951  4  273  1  2  0  1  16899  0  27408  1942  83  0  1  326  1383753  12  0  0  0  0  0  0  0  0  0  0  0  0  0  0  0  0  0  0  0  0  0  0  0  0  0  0  0  0  0  2  0  0  0  0  0  0  0  0  0  0  0  0  0  0  0  0  0  0  0  0  1  0  0  0  0  1  0  0  0  0  0  0  0  0  1  2  0  0  0  0  0  0  1  0  
0  0  0  418549  0  0  0  0  0  0  0  771  0  2  1  2  1744  132  322  1  0  0  0  1  218712  0  212  50839  10  16  0  0  14639  92260  13  350284  28  2  0  20  578732  0  0  0  832  0  0  1840  71762  0  1  21  0  0  332316  135695  1  3  1  89  0  0  0  0  4  0  675615  221  22  0  0  104  53777  4213  0  0  0  0  0  0  0  0  0  0  0  0  0  0  0  0  0  0  0  0  0  0  0  0  0  0  0  0  0  0  0  0  0  0  0  0  0  0  0  0  0  0  0  0  0  0  0  0  0  0  0  0  0  0  0  0  0  0  0  0  0  0  0  0  0  0  0  0  0  0  0  0  0  0  
62  0  97967  2  2  0  0  1  0  1  0  0  0  10  1  7  61  27  4513  51983  2  0  0  23  2173  121  0  12418  9  611592  23  28  1  366  0  1  189  607  1  9  68  0  0  1  2028  22370  1  389  15  0  1  5  1  2  41  1008698  30  3093  3  462  1  21  0  7  141355  2  404572  3  15  0  13  1641  4335  120  1  0  1  0  0  0  0  0  0  0  0  0  0  0  0  3  0  0  0  0  0  0  2  1  0  0  2  0  0  46  5  1  0  2  0  0  0  1  0  0  0  0  0  3  1  79  0  1  1  0  1  0  0  0  0  153  0  0  2  0  0  0  0  0  30  258  0  0  0  0  4  0  1  0  
4  0  98203  155100  0  0  0  0  0  0  0  3  0  2  1  1  1  2  108  0  0  0  0  3  233  40071  2092  0  11061  10  0  0  0  0  0  4  11  0  0  8  6  0  0  0  974645  7349  0  1  24  0  0  10  0  0  71  516  2  2  0  30  0  3  0  0  1  0  912659  136  9  0  0  5  2194  0  0  0  0  0  0  0  0  0  0  0  0  0  0  0  0  0  0  0  0  0  0  0  0  0  0  0  0  0  0  0  0  0  0  0  0  0  0  0  0  0  0  0  0  0  0  0  0  0  0  1  0  0  0  0  0  0  0  0  0  0  0  0  0  0  0  0  0  0  0  0  0  0  0  0  
25  0  113771  118440  7  0  7  7014  0  0  0  1068  0  73  83853  66976  37  47  9  1  0  0  0  6  8  3  5  6794  0  18  1  2  0  0  2  0  6  0  1  700  9  1  0  1  986847  2582  0  4  10333  0  3  10501  10  2007  22  45  0  0  0  35  1  10  0  0  8  1  36  565518  609438  0  3  14  1884  0  0  0  1426  2  4  1  7  25  0  0  0  9  0  0  0  832  10  15  0  0  0  0  0  2  0  0  0  0  586  3  4  7  0  0  0  0  0  0  0  2  0  1  0  0  5729  175  0  0  1  0  1  2  0  1  0  9  1  0  0  0  0  3  0  0  0  85  1  4  32  0  3  0  1  0  
66  0  124810  1  1  36  400  920  6849  186490  4114  1  0  7  0  202  41  19  60  1577  3  534  7  36  35  4  578126  94  7  0  23  25  0  44  4  0  90  292  0  5  48  1  3  54696  737  389639  0  187  8  0  6  14  4  5  35  27644  8  26  0  179  127  28  0  4  632602  12427  679  2  15  0  794526  812  3310  26  4  0  244  0  1  3  16  10  577  934  2266  0  0  2  1  33  1  0  2  3  0  186  65  13  1  0  302  1  0  11917  8  12  0  40  1  0  23  5  0  0  0  4  5  559  30  2795  0  22  0  0  33  0  0  0  0  3313  11  1  21  8  0  1  1  1  1603  2229  0  0  0  1  1037  32  37  2  
80322  0  1  0  80904  31144  4  1  0  5  0  0  0  1  0  19364  34  541  2  7  28  76  617  133261  0  0  18  0  1  23  0  69937  0  13  211  0  0  0  0  0  0  0  40  5  4  6  171  46  0  1  9  3  7  1  0  18  1  1  0  10  188  3  250365  312  49  4903  2  0  2  374170  1  1  3  0  3530  1  0  0  6900  11394  1  0  0  0  0  0  0  0  5  153  0  1  0  2  1  0  20  3385  0  0  0  0  0  2  36444  5816  0  0  4  0  0  0  0  0  0  0  1  10  12  0  3  3  0  1  10  0  0  0  0  6  2  4  2  0  11  0  373  301  2  2865  0  0  0  12674  0  0  0  0  
2240  0  2  0  106  94084  77  8  0  446  0  0  0  6  0  90  523  6209  0  51  150  89  6031  10328  0  0  13  0  0  10  74117  0  0  227  5501  0  0  1  0  0  0  24  134  24  2  8  1098  415  0  0  102  8  4  0  0  3  24  7  0  78  847  3  77153  2003  63  24774  0  0  1  39763  1  3  1  0  23  5  0  0  14  461  1  0  0  0  0  0  0  0  0  1  1  0  4  3  0  0  17  98  0  0  0  0  0  1  1215  5474  0  0  5  0  0  1  0  0  0  4  1  8  2  0  0  1  0  0  93  0  0  0  0  5  18  6  1  2  18  0  82  5  6  8676  0  1  0  14  1  2  0  0  
1  0  2  25150  0  0  0  0  0  0  0  21685  0  3  0  1  13377  908  10  1  1  0  0  2  5  33684  141  0  0  40  0  0  0  143227  29586  3085  0  7  0  13  95363  0  0  0  1  0  0  277944  12451  0  1  0  0  1  4  74  3  2  0  8  0  8  0  0  134  0  2  0  0  0  2  11  620  152477  0  0  0  0  0  0  0  0  0  1  0  0  0  0  0  0  0  0  0  0  0  0  0  0  0  0  0  0  0  0  1  0  0  0  0  0  0  0  0  0  0  0  0  1  0  0  0  0  0  0  0  0  0  0  0  0  0  0  0  0  0  0  0  0  0  2  0  0  0  0  0  0  0  0  
49  22  0  13504  1  0  1  0  0  2  0  13888  111  101  0  2  9486  10759  254  659  3842  3  350  192  58403  104087  1210  0  0  158  4  17  95548  0  174497  221200  1761  57916  6  70  19504  391  88520  69  1  0  57  137337  1239  9054  11714  5  0  0  5826  468  1045  232  9  5451  4554  69  31  129  3197  9  0  1  0  0  5  5619  975950  84127  0  0  0  0  0  0  1  0  0  0  0  0  0  0  0  0  0  0  0  0  0  0  0  0  0  0  0  0  0  5  0  0  0  0  0  0  2  0  0  0  0  0  0  1  0  0  0  0  0  0  9  0  0  0  0  13  0  0  0  0  0  0  0  0  8  147  0  0  0  0  0  0  0  0  
143  5  0  1  6  45  0  0  0  13  7  406  26  13  0  0  76154  17999  9  78  4033  250  172372  1625  1  0  9  0  0  2  148  4556  32794  248578  0  0  92  46  1  5  2  47  142776  25  1  0  469  265621  602  2708  664  3  8  0  0  4  92  17  3  2408  5526  7  901  2308  76  150  0  0  0  1  0  170  980  1  11  0  0  0  1  39  0  0  0  0  0  0  0  0  0  0  0  0  0  0  0  0  1  23  0  0  0  0  1  0  7  46  0  0  1  0  0  0  0  0  0  0  1  0  0  0  0  1  0  0  13  0  0  0  0  2  1  0  0  0  2  0  1  4  4  757  0  0  0  5  0  1  1  0  
0  0  0  9389  0  0  0  0  0  0  0  92  0  2  0  0  36  10  3  0  0  0  0  0  694  417868  17  0  0  21  0  0  757  297862  0  0  0  5  0  2  368700  0  0  0  5  0  0  38  344  0  0  2  0  0  83554  113  1  1  1  2  1  2  0  2  17  0  84  49  0  0  0  8  27112  115985  0  0  0  0  0  0  0  0  0  0  0  0  0  0  0  0  0  0  0  0  0  0  0  0  0  0  0  0  0  0  0  0  0  0  0  0  0  0  0  0  0  0  0  0  0  0  0  0  0  0  0  0  0  0  0  0  0  0  0  0  0  0  0  0  1  0  0  0  0  0  0  0  0  0  
7  141313  24  52  0  0  0  4  0  0  0  26  0  14  1  18  19  20  3998  872  9393  0  8020  2  18  14  568  3  22  225  1  4  0  3455  89  0  0  192032  1  88  54  654  130945  67  390  5  0  177  152  284580  1912  88  0  4  36  1724  2312  567  226106  750915  22142  1  0  2  1871  5  327  436  65  0  2  1033850  68529  3  1  0  0  0  0  0  0  0  0  0  0  0  0  0  0  1  0  0  0  0  0  0  0  1  0  0  0  0  0  4  0  0  0  1  0  0  0  0  0  0  0  0  0  0  0  0  0  2  0  0  2  0  0  0  0  6  0  0  0  0  0  0  0  0  12  7  0  0  0  0  0  1  1  0  
11  9  58  48  1  0  2  1  0  3  0  40  0  11  2  11  46  44  410  520  864  0  0  11  25  9  844  1  6  656  0  4  0  73538  19  1  178418  0  1  88  428  259  87782  17  45  2  2  150  766  1973  2640  16  0  2  30  1331  1354  411  84778  3407  479  2  0  4  1444  6  56  362  23  0  6  917490  945397  7  0  0  0  0  0  0  0  0  0  0  0  0  0  0  0  0  0  0  0  0  0  0  0  1  0  0  0  0  0  0  0  0  0  0  0  0  0  0  0  0  0  0  0  0  0  0  0  0  0  0  2  0  0  0  0  2  0  0  0  0  0  0  0  0  7  1  0  0  0  0  0  0  0  0  
8  0  0  0  1  0  1  0  0  0  0  124  134738  128405  1  1  2521  57639  3  17  8  0  0  72472  0  0  2  2  1  3  0  1  0  33  4  0  2  1  0  37539  10  8  0  3  44  6  121799  67  170429  0  109  334  2  0  0  26  12  2  0  6  52  19008  0  313  25  0  6  0  3  0  0  5  18  0  0  0  0  0  0  0  0  0  0  0  0  0  0  0  0  0  0  0  0  0  0  0  0  0  0  0  0  0  0  0  0  0  0  0  0  0  0  0  0  0  0  0  0  0  0  0  0  0  0  0  0  0  0  0  0  1  0  0  0  0  0  0  0  0  0  0  0  0  0  0  0  0  0  0  
11  0  8  74  8  3  83  19  0  1  0  135602  4  378849  581  2840  292  716  6  42  22  0  1  13  1  1  13  3  46  14  1  4  1  20  4  0  31  8  34683  0  134  15  0  1  501  22  2  77  144458  1  209  14567  8  1309  6  108  36  11  2  49  95  1307  0  4  102  0  42  5523  156  0  1  147  433  1  0  0  0  0  0  2  21  5  0  0  0  3  0  1  0  9  4  0  0  0  0  0  1  1  0  0  0  0  0  1  1  0  0  0  1  0  0  0  0  2  0  0  0  0  5  1  0  0  0  0  2  0  0  2  0  2  0  0  1  0  0  0  0  0  0  3  0  1  0  0  0  1  0  0  
21  0  16  29653  1  0  4  1  0  0  0  530  0  208  47  70  38546  5307  48  7  3  0  0  36  4944  410451  31  0  14  72  0  0  68827  33954  6  221360  82  143  17  592  0  1  0  1  172  3  7  112388  264856  0  25  142  3  105  86877  1686  1  3  13  21  14  108  0  5  17  0  1917  8371  60  0  0  1523  97440  70242  0  0  0  0  0  1  0  0  0  0  0  0  0  0  0  0  0  0  0  0  0  0  0  0  0  0  0  0  0  0  0  0  0  0  0  0  0  0  0  0  0  0  0  0  0  0  0  0  0  0  0  1  0  0  0  0  0  0  0  0  0  0  0  0  1  2  0  0  0  0  0  0  0  0  
127  352851  0  0  1  0  0  0  0  527  80349  0  0  10  0  3  15  13  212875  99673  2533  284155  37  69  0  0  0  0  0  2  2  95  0  219  41  0  334  76  3  8  0  0  8  199679  1  2  5  105  5  78  109631  7  2  1  0  2  281328  213  2  1450  87  35  5  39  858  628  0  0  0  0  0  907  1292  0  0  0  0  0  0  0  0  0  0  2  0  0  0  0  0  0  0  0  1  4  3  0  0  1  0  0  0  0  0  1  0  0  0  5  1  0  0  0  0  0  0  29  2  38  1  0  0  6  0  0  396  0  0  0  0  0  34  27  7  16  9  1  0  0  41  410  0  0  0  0  0  1  5  0  
44  1  0  0  2  0  0  0  0  38  1  0  0  0  0  1  25  31  6  27  11651  252  219134  460  0  0  1  0  0  0  20  76  0  92632  133820  0  146008  74769  0  0  0  23  0  23  1  0  3  43  0  56992  51  4  1  0  0  1  61  9  1  7786  33927  3  62  15  6  0  0  0  0  0  0  131524  86  0  1  0  0  0  0  0  0  0  0  0  0  0  0  0  0  0  0  0  0  0  0  0  0  1  0  0  0  0  0  0  1  5  0  0  0  0  1  0  0  0  0  1  0  0  0  0  0  1  0  0  2  0  0  0  0  0  0  0  0  0  1  0  0  0  0  444  0  0  0  0  0  0  0  0  
17  9  0  0  0  12  29  10  516  296886  444424  0  0  0  0  14  3  2  64  182055  293  608623  26989  10  0  0  0  0  0  36931  114  284  0  60  1343  0  16  4  0  1  0  126332  459  0  0  8  1  14  2  9  95076  2  1  0  0  0  1532  9985  0  128  68763  8  2  10  471479  68842  1  0  0  1  101  34  35  0  1  0  1  0  3  1  3  1  2  16390  348  0  0  0  0  2  0  0  8  31  13  603  12195  3  0  0  10  0  0  209  2  6  0  2  1  0  0  0  0  0  0  544  0  4658  0  148  0  14  0  0  3723  0  0  0  0  83  166  144  29  20  4165  0  0  1  229  15246  0  0  0  0  35  0  5  0  
60  0  141984  155211  11  0  10  156  1  0  0  1333  0  191  689  1012  99  121  1250  7  7  0  4  23  1618  155  94  1010690  927158  148  9  7  0  1  1  0  469  7  2  1393  189  1  0  0  0  17928  0  7  6390  0  3  10770  18  187  493  25330  9  22  20  2459  1  56  0  1  37  0  339415  118298  28484  0  1  608  46975  1  0  0  266  0  1  1  7  6  0  1  0  0  0  0  1  37  2  0  0  0  0  0  0  0  1  0  1  0  33  7  7  3  0  0  0  0  0  0  0  0  0  1  0  1  486  956  0  2  0  0  2  0  0  2  0  13  0  0  0  0  0  0  1  0  1  394  1  0  1  0  2  1  0  0  
81  0  452348  0  6  2  257  135739  96328  10  1  2  0  11  1  18633  13  10  4  0  1  0  0  40  0  0  17387  59092  240  266047  16  24  0  1  0  0  2  8  2  6  6  0  1  15  37390  0  0  9  10  0  0  17  2  15  2  1529  0  1  0  4  0  46  0  3  84  1038  7231  8  130  0  157698  10  89  0  2  0  2459  0  4  0  28  57  7  103  4  0  0  0  0  272  2  4  0  0  0  0  2  0  0  0  22  0  41  681  6  8  0  0  0  0  0  0  0  0  1  1  0  264  1142  10756  0  0  0  0  0  0  0  0  0  104  0  0  1  0  0  0  0  0  110  3311  2  1  2  0  881  1  1  0  
514  1  2  0  2  165  0  0  0  0  0  0  61614  116  0  1  13292  284186  2  32  314  0  129  440931  0  0  0  0  0  2  245  338  0  327  602  0  2  2  91231  17  3  16  56  4  2  1  0  12434  38087  1  861  3  1  0  0  4  34  3  0  442  627  1824  2173  71308  13  606  1  0  0  11  0  19  37  0  39  0  0  0  3  186  0  0  0  0  0  0  0  0  0  0  0  0  0  0  0  0  0  138  0  0  1  0  0  1  33  77  0  0  1  0  0  0  0  0  0  0  0  0  0  0  1  0  0  0  0  0  0  0  0  0  0  0  0  0  0  0  3  19  0  543  0  0  0  46  0  0  0  0  
377  27  54  845  2  36  8  0  0  3  1  433  26  431  1  55  308721  58494  223  1362  3281  0  1950  15764  34  3054  1138  0  0  457  149  656  215920  343749  255308  6  238  304  104  793  126162  618  514  74  21  8  19568  0  5639  1175  6406  74  7  9  22  700  1492  272  9  6212  2455  856  5179  7429  3033  148  46  3  2  4  8  897  9527  4732  19  0  0  0  0  59  0  0  0  0  0  0  0  0  0  1  0  0  0  0  0  0  0  75  0  0  1  0  0  9  18  33  0  1  0  0  1  0  1  1  0  0  0  2  0  0  0  2  0  0  2  0  0  0  0  12  0  0  0  0  0  0  1  16  4  217  0  0  0  9  1  2  1  0  
7  1  43  129103  5  6  278  194  0  1  1  498871  13215  102726  710  5588  121904  385479  83  149  60  1  0  1992  512  44365  49  23  10481  36  2  3  4388  1169  875  97  452  220  143964  211339  242485  60  0  13  7213  48  46953  5907  0  0  725  2157  10  3710  2071  1448  104  34  46  421  282  20176  0  61  204  2  506  69884  1887  0  2  4291  32479  27  1  0  0  0  0  2  49  19  0  0  0  11  0  0  1  20  5  2  0  0  0  0  1  0  0  0  0  1  0  0  0  1  0  0  0  0  0  1  0  3  0  2  0  1  4  0  0  1  1  0  1  3  0  0  0  1  0  0  0  0  0  0  0  0  0  8  1  10  0  0  0  0  0  0  
2  29  0  0  0  0  0  0  0  1  0  0  0  0  0  0  1  8  131  723  240761  7  6105  3  0  0  3  0  0  0  0  1  0  12941  2249  0  280149  849  0  0  0  441  74828  73  0  0  2  1657  0  0  1394  0  0  0  0  5  1169  97  23  146822  59308  0  0  5  50  2  0  1  0  0  0  88386  846  0  0  0  0  0  0  0  0  0  0  0  0  0  0  0  0  0  0  0  0  0  10  0  1  0  0  0  0  0  0  0  0  0  0  0  0  0  2  0  0  0  0  1  0  0  0  0  0  0  0  5  0  0  0  0  0  0  0  0  0  0  0  0  0  0  1  2  0  0  0  0  0  0  0  0  
135  225824  0  0  0  0  0  0  0  941  1176  0  0  7  0  0  38  50  965  6327  162883  191375  36  96  0  0  0  0  0  1  1  60  0  1058  51  0  688  111  3  13  0  63800  11  69681  0  0  13  239  5  81  0  4  2  0  0  0  86011  566  13  3590  212902  33  1  102  747  663  0  0  0  0  0  1241  1091  0  0  0  0  0  1  0  0  0  0  8  0  0  0  0  0  0  1  1  0  7  2  2  2  1  0  0  0  0  0  1  0  1  0  1  1  0  2  1  0  0  0  65  1  48  0  0  0  5  0  0  735  0  0  0  0  0  37  28  2  18  111  1  0  0  24  1805  0  0  0  0  0  1  1  0  
18568  0  5  512  810  139  178  12  0  6  2  267032  0  150552  994167  8903  15  19  3  12  2  0  1  5597  2  1  8  1  3500  12  2  8  0  1  13  0  4  0  309  25647  8  0  10  5  7875  48  0  4  1475  0  27  0  51638  23910  9  12  5  1  0  12  23  193383  0  1  24  2  12  242413  142  0  2  7  1715  0  2  0  2  0  21  25  39  4  0  0  0  4  0  6  3  26  11  4  0  1  0  0  3  0  0  0  0  0  0  3  1  0  0  0  2  0  0  1  0  9  0  1  3  3  20  5  0  2  0  0  0  4  6  5  0  4  0  2  0  0  0  1  0  0  1  27  2  3  1  0  1  0  0  0  
68077  0  5  0  138387  97  20  14  0  1  0  3  0  27  735823  10086  4  1  1  5  1  0  0  152  0  0  2  0  11  3  14  6  0  0  4  0  0  0  0  10  0  0  7  0  17  19  0  0  12  0  3  55326  0  214485  0  9  3  0  0  0  3  1670  0  2  3  1  0  10  18  2  0  1  0  0  149  0  7  1  688  65  0  2  0  0  0  2  0  0  21  33  1  1  0  1  0  0  3  10  0  0  0  0  4  4  0  12  0  0  3  0  0  1  0  1  0  3  2  2  181  7  0  0  3  0  2  0  34  0  0  9  0  0  0  0  1  2  0  0  2  24  0  3  1  4  2  0  0  0  
97  0  1  12  194  68  74  124  1  0  0  4886  0  365  593017  1237752  60  84  1  2  1  0  1  3  0  0  3  0  546  1  1  2  0  0  3  0  1  0  0  6055  18  0  0  0  379  19  0  12  3277  0  1  85195  217295  0  1  11  0  0  1  8  1  111  0  0  6  1  10  17064  166415  0  3  12  85  0  0  1  1  0  5  16  273  21  0  0  0  44  0  3  6  77  71  16  0  2  0  0  6  2  0  0  0  0  4  2  2  3  0  0  4  0  0  0  0  10  0  8  3  5  23  6  0  14  12  0  8  6  0  11  0  12  1  2  1  0  2  0  1  1  6  5  3  127  2  0  1  0  0  0  
0  0  1  3438  0  0  0  0  0  0  0  8  0  1  0  2  1  1  58  0  0  0  0  0  395652  230258  7  4  54  14  0  0  0  1063  0  20714  4  2  0  19  98350  0  0  0  1023  0  0  6  2580  0  0  106  0  5  0  3200  0  2  1  6  0  0  0  0  0  0  1420  686  25  0  0  41  177760  0  0  0  0  0  0  0  0  0  0  0  0  0  0  0  0  0  0  0  0  0  0  0  0  0  0  0  0  0  0  0  0  0  0  0  0  0  0  0  0  0  0  0  0  0  0  0  0  0  0  0  0  0  0  0  0  0  0  0  0  0  0  0  0  0  0  0  0  0  0  0  0  0  0  0  
134  0  10665  3038  8  0  1  2  0  0  0  1  0  29  1  14  131  91  48578  66892  9  0  0  74  680455  135748  948264  543  35  29381  11  19  6  281  1  22  438  935  0  55  1378  1  0  0  29521  1039  0  304  401  0  8  38  10  4  14643  0  78  246840  6  1297  0  94  0  7  30502  0  482004  509  63  0  5  2304  40476  124  1  0  0  0  0  0  0  1  0  0  0  0  0  0  0  0  0  0  0  0  0  0  1  0  0  0  2  0  0  12  1  1  0  0  0  0  0  0  0  0  0  0  0  1  0  0  0  1  0  0  1  0  0  0  0  26  0  0  0  0  0  0  0  0  3  25  0  0  0  0  0  0  2  0  
79  10366  0  0  1  0  0  0  0  162  1  0  0  11  0  0  15  16  902552  22043  39817  0  12  40  3  0  123  0  0  32  3  49  0  321  49  0  2497  534  0  7  0  163610  48  8584  10  0  3  158  10  251  77920  1  2  0  0  99  0  14675  33741  24510  124  20  2  21  2930  200  9  5  2  0  1  2683  80206  1  0  0  0  0  0  0  0  0  0  0  0  0  0  0  0  0  0  0  0  2  2  0  0  0  0  0  0  0  0  1  0  1  0  3  0  0  0  0  0  0  0  14  0  7  0  0  0  2  0  0  149  0  0  0  0  0  10  11  4  4  1  0  0  0  16  112  0  0  0  0  0  0  0  0  
41  35  1  1  0  0  0  1  0  2832  4016  0  0  9  1  1  9  5  435992  361847  989  12  3  18  51170  0  6368  0  0  59  5  40  0  121  8  0  785  355  1  9  1  220  9  47206  14  1  1  72  5  51  1565  5  1  0  0  203050  35502  0  81  4415  138  16  2  6  61432  2131  67  8  0  0  1  996  3267  7  0  0  0  0  0  0  0  0  0  1  0  0  0  0  0  1  0  0  0  1  0  0  1  0  0  0  1  0  0  1  0  1  0  1  0  0  2  0  0  0  0  15  0  8  0  0  0  1  0  0  120  0  0  0  0  6  16  5  1  2  1  0  0  0  12  265  0  0  0  0  0  0  2  0  
2  174083  0  6  0  0  0  0  0  0  0  6  0  1  0  0  5  4  245273  17  16205  0  1  0  1  4  15  0  0  7  0  0  0  57  17  0  190477  85855  0  3  55  20  33  2  8  0  0  31  52  120  300  6  0  0  5  28  44411  182  0  62667  0  0  0  1  65  0  10  48  1  0  1  204514  328732  0  0  0  0  0  0  0  0  0  0  0  0  0  0  0  0  0  0  0  0  0  0  0  0  0  0  0  0  0  0  0  0  0  0  0  0  0  0  0  0  0  0  0  0  0  0  0  0  0  0  0  0  0  0  0  0  0  0  0  0  0  0  0  0  0  0  0  0  0  0  0  0  0  0  0  
54  105142  11  56  0  0  0  7  0  21  4  22  0  17  0  10  31  120  2913  3839  372166  0  81  144  19  5  432  1  19  144  4  7  1  6224  1581  0  529050  1547  0  85  35  2472  5212  270  379  0  23  3929  122  105813  16054  103  1  4  26  1144  21983  1718  50917  0  3517  19  0  251  2616  31  268  584  82  0  3  122959  66766  2  0  0  0  0  0  0  0  0  0  1  0  0  0  0  0  0  0  0  0  1  0  0  0  0  0  0  0  0  0  1  0  0  0  2  0  0  2  2  0  0  0  1  1  2  0  0  0  0  0  0  10  0  0  0  0  6  0  0  0  1  0  0  0  1  13  10  0  0  0  0  0  1  1  0  
977  95  0  0  7  2  0  0  0  9784  409  0  0  16  0  1  81  333  4  1300  616532  650813  465225  1248  0  1  2  1  0  46  275  871  0  9604  21711  0  23851  59  1  12  1  65  109177  74409  3  0  67  2059  13  87582  384578  6  6  0  0  5  45  95  0  3582  0  48  7  1584  932  4339  1  0  0  0  0  240  707  0  3  3  0  0  2  2  0  0  0  142  6  0  1  0  1  2  2  3  4  11  17  404  726  23  0  0  7  0  0  19  5  24  0  21  8  0  35  3  0  0  0  198  7  603  0  0  0  72  0  6  7212  0  0  0  0  8  75  46  15  35  7698  4  2  2  174  15520  0  0  0  0  0  14  26  1  
10789  0  35  0  204  5  0  4  0  3  0  16  46432  114828  72602  200  1088  1842  7  64  24  2  4  462899  1  0  27  6  9  26  3  1  0  22  7  0  6  3  24504  763  24  15  3  5  175  50  67  96  5796  0  286  122752  416  14  0  184  33  16  1  23  192  0  0  1584  85  1  71  1  20  0  0  37  49  1  1  0  0  0  7  1  0  0  0  0  0  0  0  0  1  4  0  0  0  0  0  0  1  1  0  0  0  0  0  0  2  3  0  0  1  0  1  0  0  0  0  0  0  0  6  0  0  0  0  0  1  0  2  0  0  1  0  0  0  0  2  0  0  0  0  10  1  1  0  0  0  0  0  0  
258  0  0  0  46  6375  8  0  0  1  0  0  0  0  0  127  9442  52808  0  5  22  11  12619  410617  0  0  1  0  0  0  271873  110110  0  77  5091  0  0  0  0  0  0  4  134  0  0  1  3806  3833  0  0  15  1  0  0  0  0  4  2  0  12  51  0  0  1065  2  5125  0  0  0  5598  1  0  0  0  708  0  0  0  15  1154  1  0  0  0  0  0  0  0  0  6  0  0  0  0  0  0  1  458  0  0  0  0  0  0  670  247  0  0  2  0  0  0  0  0  0  0  0  0  0  0  2  1  0  0  0  0  0  0  0  1  0  0  0  0  0  0  31  67  0  2467  0  0  0  1561  0  0  0  0  
35460  2  13  0  9  21  0  0  0  7  0  0  48  11  0  3  1150  19855  6  115  1699  4  1222  912013  0  0  22  4  0  25  479  1831  0  613  1620  0  5  6  2240  6  3  49  26  8  17  13  48146  4464  173  6  2135  0  6  0  0  56  106  13  1  1802  3347  866  339  0  107  148  7  0  1  3  0  21  84  0  181  0  0  0  20  125  0  0  0  0  0  0  0  0  0  2  0  0  0  0  0  0  1  377  0  0  0  0  0  0  65  239  0  0  0  0  0  0  0  0  0  0  0  1  0  0  1  2  0  0  3  0  0  0  0  0  0  0  0  0  0  0  4  56  1  489  0  0  0  127  0  0  0  0  
107  4  221  0  1  12  152  190  12616  30493  367464  0  0  18  0  51  57  40  32870  291865  988  11374  6425  74  3196  1  125575  0  1  500761  32  184  0  444  328  0  274  443  2  13  4  746  79  360030  11  24  3  283  19  13  2730  16  7  2  2  33194  3323  21015  11  1846  919  35  4  38  0  49423  24  0  4  0  12270  1123  3683  65  5  0  10  0  4  1  5  3  10  1330  802  0  0  1  1  9  1  0  11  20  11  36  1121  12  1  0  54  0  0  742  0  4  0  60  4  0  40  14  0  0  0  140  6  398  3  119  0  60  0  0  852  0  0  0  0  624  169  117  45  69  16  4  0  0  1034  1090  0  0  0  2  56  25  53  1  
2861  2  11  0  1228  356238  212341  135116  314474  310388  21  0  0  1  1  3696  176  2984  12  5672  191  10  416  3497  0  0  2  0  4  10880  12188  38880  0  73  620  0  6  3  0  0  0  1381  3  63351  3  195  855  223  0  3  8884  5  3  3  0  0  138  370  0  125  32312  2  5419  582  65522  0  0  0  0  1584  59059  15  27  0  1805  3  39  0  2738  36269  781  7207  5358  25250  2  1  0  1  5  5092  5  3  40  44  35  24  133  177  1  0  83  0  0  3372  480  2048  1  172  7  0  125  79  0  0  0  374  26  2082  2  797  0  79  0  0  2205  1  5  5  0  353  427  254  99  126  1991  11  42  16  6246  233689  0  1  0  9956  487  107  186  4  
149  0  156922  32406  4  0  4  9  0  0  0  30  0  62  2  50  129  99  2125  2  2  0  1  105  11289  455457  317703  1198189  51  948  9  6  0  1  1  80  252  43  1  140  6004  0  0  0  446647  10150  1  64  397  0  1  203  11  7  3701  443359  5  40  8  741  5  131  1  6  49  0  0  3788  230  0  0  754  10839  0  0  0  0  0  0  1  1  2  0  0  0  0  0  0  0  0  0  0  0  0  0  0  0  0  0  0  0  0  0  0  2  0  0  0  0  0  0  0  0  0  0  0  0  0  3  0  0  0  0  0  0  0  0  0  0  1  0  0  0  0  0  0  0  0  0  0  0  0  0  0  0  0  0  0  
3  0  10  121222  2  0  48  136  0  0  0  351008  0  73  186823  6611  7  9  71  0  0  0  0  1  58  23  3  9  558214  4  0  0  0  0  0  0  13  3  0  8902  126  0  0  0  100650  20  0  1  22422  1  0  268817  5  22302  112  370  1  4  1  52  0  2  0  0  4  2  477  0  121721  0  3  91  10219  0  0  0  0  0  0  0  19  22  0  0  0  2  0  0  0  11  3  2  0  0  0  0  1  0  0  0  0  0  1  0  0  0  0  0  0  0  0  0  0  0  0  0  0  0  1  0  0  0  0  0  0  0  0  0  0  1  0  0  0  0  0  0  0  0  0  1  0  9  0  0  0  0  0  0  
9  0  391  294  13  0  8  2098  0  0  0  854  0  187  124796  174651  95  107  21  0  1  0  0  1  16  2  3  3  597056  1  2  4  0  0  0  0  3  0  1  1458  18  0  0  0  41776  123  0  3  3664  0  2  5900  11  177786  11  147  0  1  4  5  1  5  0  0  1  0  129  113525  0  0  0  22  892  1  0  0  71  0  0  0  8  36  0  0  0  19  0  0  0  840  17  44  0  0  0  0  0  3  0  0  0  0  105  1  0  5  0  0  0  0  0  0  0  2  0  0  0  1  663  3  0  2  11  0  3  1  1  0  0  9  0  1  0  0  0  1  1  0  1  1  2  20  38  0  1  0  1  0  
1163  0  0  0  1828  246994  2  1  0  1  0  0  0  0  0  48242  4  55  0  0  3  0  12  152  0  0  0  0  0  0  396889  44051  0  3  13  0  0  0  0  0  0  0  0  0  0  0  16  1  0  0  1  1  0  0  0  0  0  0  0  0  0  0  20364  30  0  2817  0  0  0  0  0  0  0  0  416  0  0  0  1741  10197  5  0  0  0  0  0  0  0  1  77  0  0  0  0  0  0  8  295  0  0  0  0  0  0  6054  2819  0  0  1  0  0  0  0  0  0  0  0  0  1  1  0  1  0  0  1  0  0  0  0  0  0  0  0  0  7  1  58  14  0  1677  0  0  0  4254  0  0  0  0  
5  0  253  0  4  251  4172  11651  280813  18358  36  4  0  0  0  2605  1  1  9  0  0  3  0  1  1  0  35  0  20  679800  0  5  0  3  2  0  3  2  0  0  0  0  1  353  5  123953  0  6  2  0  0  1  1  11  0  10  1  2  0  6  4  1  0  0  30152  49226  0  1  5  0  0  13  59  1  0  0  409  0  3  2  85  42  855  418  140  1  0  0  1  97  0  2  0  0  0  29  1  2  0  0  170  0  1  4493  0  3  0  8  0  0  4  2  0  1  0  1  1  437  63  3639  0  5  0  0  0  1  0  0  0  2022  1  2  13  0  0  1  0  0  977  728  0  2  0  0  998  8  11  1  
9  62243  42  83  1  0  0  2  0  1  0  78  0  48  3  29  69  90  958  901  2974  0  2  11  31  13  788  2  24  541  0  4  0  10311  184  1  849202  901833  0  228  486  518  155496  52  240  6  2  244  1078  67996  2687  93  0  7  48  2761  2216  502  213560  146545  480  16  0  6  1983  4  368  582  90  0  1  0  102610  3  0  0  0  0  0  0  1  0  0  0  0  0  0  0  0  1  0  0  0  0  0  0  1  0  0  0  2  1  0  3  0  0  0  1  1  0  0  0  0  0  0  1  0  0  0  0  0  0  0  0  3  0  0  0  0  2  0  0  0  0  0  0  0  0  11  5  0  0  0  0  0  4  0  0  
105  262  186  5842  2  0  1  11  0  9  2  314  1  95  19  174  788  520  464853  3244  3669  0  4  74  1078530  25004  4709  93  355  2648  4  19  199  1076041  1282  37304  35700  944403  7  630  140264  1677  616  204  14139  9  9  5459  13098  3476  29048  3112  5  61  198176  19376  24167  6526  277116  63933  4263  64  1  53  11606  32  4677  21952  924  0  37  114120  0  5384  0  0  0  0  0  0  0  0  0  2  0  0  0  0  0  2  0  0  1  0  0  0  0  4  0  0  4  0  0  11  1  0  0  0  1  0  3  1  0  0  0  0  0  3  1  3  0  8  0  0  13  1  0  0  0  42  4  0  1  0  0  0  0  0  28  105  0  0  0  0  1  3  2  0  
10  0  3  734  1  0  0  0  0  0  0  67  0  19  0  3  298  205  73  3  3  0  0  6  12  22935  924  0  0  341  1  2  148688  134701  2  142214  14  65  0  20  76512  0  0  0  3  0  0  5213  419  0  2  1  0  0  5  379  7  24  0  85  1  7  0  1  921  0  2  0  1  0  6  98  7509  0  0  0  0  0  0  0  0  0  0  0  0  0  0  0  0  0  0  0  0  0  0  0  0  0  0  0  0  0  0  2  0  0  0  0  0  0  0  0  0  0  0  0  0  0  0  0  0  0  0  0  0  0  0  0  0  7  0  0  0  0  0  0  0  0  0  9  0  0  0  0  0  0  0  0  
2351  0  1  0  1132  45  0  0  0  1  0  0  0  1  8  88  0  7  0  0  0  0  2  425  0  0  0  0  0  1  222  6  0  0  3  0  0  0  0  0  0  0  0  0  0  0  7  2  0  0  0  19  132  0  0  0  0  0  0  0  3  10  11  79  1  1  0  0  0  10  0  0  1  0  0  4  2  0  317390  1737  35  0  0  2  0  0  18  123  51308  5201  50  56  4  5  1  20  158  501347  0  0  1  0  1  1  30392  326  0  2  124  0  0  3  5  7  2  16  59  46  103  11  2  108  5  0  107  409  144522  127  0  46  42  14  10  4  110  1790  23  10740  44  274  71  0  1  51209  0  6  1  0  
0  0  0  0  0  0  0  0  0  0  0  0  0  0  0  0  0  0  0  0  0  0  0  0  0  0  0  0  0  0  0  0  0  0  0  0  0  0  0  0  0  0  0  1  0  0  0  0  0  0  0  0  0  0  0  0  0  0  0  0  3  0  0  0  1  0  0  0  0  0  0  0  0  0  3  0  0  0  4  2  0  0  0  2  0  0  0  3  1  0  0  5  235455  44  112873  2  27  15  0  0  0  0  0  0  1  2  0  144  137  0  184386  1954  0  0  0  270275  265  15  0  0  0  454  0  9  281626  4  3  0  0  0  58984  10  215297  209006  399  27  1  1  5  12  0  0  0  1  0  165  288  1  
87  0  13765  0  76  3  24  708  50  0  1  0  0  2  1  359  4  6  0  0  0  0  0  0  0  0  1  1  6596  101  3  5  0  0  0  0  0  0  0  1  0  0  1  0  3235  918  0  0  0  0  0  11  35  2  0  1  0  0  0  0  0  4  0  0  2  0  0  1  494  0  85  0  0  0  18  0  0  0  21  1  103  12120  6  0  2  2  0  1  2  272839  22  6  0  0  0  0  1  17  0  0  74094  169608  121950  43783  8  35  0  0  0  0  0  5  0  0  11  0  0  1  85409  576176  0  18  2  0  0  2  1  0  0  6249  0  1  2  0  0  6  1  1  39  16  131010  2  19  3  711  2  3  0  
0  0  0  0  0  0  0  0  0  0  0  0  0  0  0  0  0  0  0  0  0  0  0  0  0  0  0  0  0  0  0  0  0  0  0  0  0  0  0  0  0  0  0  0  0  0  0  0  0  0  0  0  0  0  0  0  0  0  0  0  0  0  0  0  0  0  0  0  0  0  0  0  0  0  1  0  0  0  0  4  3  6  0  0  0  178166  0  14  7  511  6788  8763  2  0  0  0  0  3  956  262816  7  110174  124885  0  0  0  6586  7971  358  769  10  2920  0  39  219483  0  20  0  83337  0  0  5324  178500  0  1  279  2  9  23722  239  1  0  9  0  0  4  0  0  3  0  68321  2677  136  0  0  862  4040  2  
10052  0  0  0  6568  226  0  0  0  0  0  0  0  4  22  441  0  0  0  0  0  0  1  305  0  0  0  0  2  0  467  6  0  0  3  0  0  0  0  0  0  0  0  0  3  3  0  0  0  0  0  45  464  9  0  0  0  0  0  0  1  18  2  23  3  18  0  0  1  24  1  0  0  0  300886  6  9  0  0  105672  275  1  0  1  0  2  35  72  104284  340784  77  112  17  7  3  22  102  34141  0  0  2  2  5  8  15  39  0  2  153  0  2  7  0  10  8  23  97  49  312  28  6  310  5  0  192  162  150231  251  1  84  103  21  14  7  150  2225  2  135  54  110  189  4  4  97155  4  5  2  0  
28519  0  2  0  25295  28661  105  5  0  1  0  0  0  17  73  7187  65  2870  0  1  19  0  161  12616  0  0  0  0  1  3  17090  626  0  32  262  0  1  0  0  3  0  1  2  0  3  3  1517  177  2  0  0  202  1254  65  0  0  0  0  0  9  18  74  2056  5460  2  25873  0  0  0  5971  4  1  0  0  8469  0  4  0  81681  0  250669  953  74  70  0  8  0  104  342  575094  225  160  4  1  0  2  272  12878  0  0  3  0  2  372  148856  76492  0  0  147  0  0  1  1  145  4  1  14  246  80  125  35  110  18  0  30  93  390  395  0  16  7  5  3  1  27  38  5962  1910  544  300092  9  0  8  348309  3953  0  0  0  
7  0  16  1  24  7066  4163  522  2  0  0  39  0  15  52  8430  2  3  0  0  0  0  0  3  0  0  0  0  13  2  11  13  0  0  3  0  0  0  0  57  1  0  0  0  8  44  1  0  61  0  0  166  15  722  0  1  0  0  0  1  0  2  0  3  2  364  0  67  56  1  8  1  1  0  28  2  777  0  391  326209  0  217322  69  6  0  1629  1  223  144  376602  696  457  4  1  0  3  12  15  0  0  7  0  20  1255  22  75  0  0  13  0  1  3  1  416  5  12  8  36  517  5262  0  213  321  0  22  416  51  567  1  37  15  2  3  1  12  9  6  7  579  197973  23  397  19  5  9197  3  1  0  
11  0  1507  0  12  403  7181  35610  99  2  0  8  0  2  7  4554  7  6  0  0  0  0  0  0  0  0  2  0  5783  9  5  4  0  0  0  0  0  0  0  16  1  0  0  1  979  383  0  0  56  0  0  7  4  83  0  0  0  0  0  0  0  2  0  0  3  3564  0  32  1283  0  18  0  2  0  1  0  27746  2  14  4227  267599  0  53292  6  0  1715  0  38  127  685720  201  1258  1  0  0  0  0  2  0  0  12  0  108  2326  8  24  0  0  1  0  0  5  0  83  3  0  0  35  1278  240686  0  35  1148  0  2  33  1  973  3  39  2  0  3  0  1  11  2  0  1636  130663  11  1050  45  1  64646  3  1  0  
0  0  1  0  0  60  431  2913  3112  1431  2  0  0  0  0  3  0  0  0  0  0  24  0  0  0  0  0  0  0  156  2  2  0  0  0  0  1  0  0  0  0  0  0  17  0  13  0  1  0  0  0  0  0  0  0  0  0  0  0  0  1  0  0  0  54  4119  0  0  0  0  606  1  0  0  0  0  6  0  1  339  98  73247  0  63697  17  0  0  0  0  20  0  0  0  0  0  57  0  0  0  0  18  0  0  24390  1  3  0  1  0  0  0  0  0  0  0  0  0  14401  0  47663  0  1  0  0  0  0  0  0  0  38  0  0  0  0  0  0  0  0  54784  181991  0  0  0  1  225499  0  1  0  
2  0  18  0  1  1  6  87  458  97746  811  0  0  0  0  17  0  0  2  29  1  137  84  0  0  0  7  0  6  492  2  1  0  0  4  0  1  0  0  0  0  21  4  12103  4  603  0  0  0  0  289  0  0  0  0  0  2  1  0  7  4008  0  1  0  1879  45516  0  0  1  0  1052  1  3  0  4  3  9  0  9  95  45  31  84170  0  1550  0  0  0  0  12  1  1  49  1184  27  1402  36108  12  0  0  8  0  0  81184  2  5  0  90  8  0  32  42  0  0  0  2733  14  197718  0  167  0  59  0  0  3928  0  0  0  0  14  1185  9591  184  59  200  0  1  1  50777  220194  0  1  0  4  62  34  129  2  
0  0  6  0  0  0  0  0  12  226  11023  0  0  0  0  0  0  0  0  2  0  855  2  0  0  0  0  0  0  2428  0  0  0  0  1  0  0  0  0  0  0  2  0  719  0  1  0  0  0  0  12  0  0  0  0  0  0  0  0  0  462  0  0  0  6055  9  0  0  0  0  188  0  1  0  0  0  1  0  1  0  0  0  7  7480  0  0  0  0  0  0  0  0  2  375790  0  276974  346  1  0  0  55  0  0  85426  0  1  0  2  0  0  2  1  0  0  0  227096  3  618380  0  3  0  2  0  0  17906  0  0  0  0  1  25  3160  2  0  3930  0  0  0  553664  771  0  0  0  0  30  1  3  0  
0  0  1  0  0  0  4  35  0  0  0  1  0  4  1  194  0  0  0  0  0  0  0  0  0  0  0  0  0  0  0  0  0  0  1  0  0  0  0  10  0  0  1  0  0  0  0  0  5  0  0  18  0  7  0  0  0  0  0  0  0  0  0  0  1  0  0  0  7  0  0  0  0  0  4  0  6  200401  6  96  5276  1988  0  0  0  0  38513  118737  1481  28525  5910  49258  1  0  0  0  1  111  19  24  4  25  31293  0  0  1  560  3432  1766  25  7  1322  8562  127246  5042  1  14  1  13352  2  33  2414  442595  0  4  65992  16  9066  114  74  1  0  7  1  2  480  0  2  2  1  553  180247  451  0  0  639  467  0  
0  0  0  0  0  1  1  0  0  0  0  0  0  0  0  0  0  0  0  0  0  0  0  0  0  0  0  0  0  0  0  0  0  0  0  0  0  0  0  0  0  0  0  0  0  0  0  0  0  0  0  0  0  0  0  0  0  0  0  0  0  0  0  0  0  0  0  0  0  0  0  0  0  0  3  25  0  4  26  13  14  3  0  0  0  74266  0  85106  40  68  2907  43889  35  10  3  0  2  152633  2  0  3  1  2  0  0  1  0  11854  4335  0  4  3  119570  12  17  20  6  10  114  0  46866  3718  24271  0  466  65  10  20  0  21  159  15  79  7  40  80550  0  324  6  7  36  1281  1  0  0  7  3  0  
1  0  0  0  1  1  0  1  0  1  0  0  0  2  0  31  0  0  0  1  0  0  0  0  0  0  0  0  0  0  0  0  0  0  0  0  0  0  0  1  0  0  0  0  1  0  0  0  1  0  0  14  0  0  0  0  0  0  0  0  1  1  0  0  0  0  0  0  0  0  0  0  0  0  86  4  1  11  67  544  979  40  0  0  0  110241  86486  0  4630  6101  660  3748  21  7  3  0  0  29  0  0  0  0  85  1  0  0  0  3  3  0  1  34  129549  210926  37  12  2  6  622  0  11  386  142186  0  207  339330  301  5457  3  20  95  9  33  5  8  144568  0  3  4  3  55  3574  18  1  0  13  7  0  
22  0  0  0  113  9  8  29  0  0  0  1  0  1  8  389  0  0  0  0  0  0  0  0  0  0  1  0  2  0  3  0  0  0  0  0  0  0  0  1  0  0  0  0  1  0  0  0  2  0  0  36  38  91  0  1  0  0  0  0  0  17  0  0  0  2  1  4  6  0  0  0  0  0  65555  5  4  2  95168  1173  1477  5058  0  2  0  4446  57  2631  0  268105  606  640  10  6  2  10  31  50151  1  0  1  1  28073  4  1  7  0  0  37  0  1  5  27  354  4  2  9  26  4153  10  0  346  190  0  146  961190  952213  460218  0  41  48  12  33  6  36  111061  0  5  23  24  81  221756  86744  9  0  3  1  0  
2273  0  573  0  3206  1629  1745  6148  57  0  0  16  0  6  10  2746  2  4  0  0  0  0  0  30  0  0  0  0  3535  11  384  2  0  0  0  0  0  0  0  23  0  0  0  0  848  211  0  0  15  0  0  58  95  85  0  0  0  0  0  0  0  11  2  1  4  55  0  9  2106  64  13  0  3  0  1297  6  277066  77  305933  622809  582753  492678  2  0  0  25010  9  1361  181728  0  2983  4857  8  4  0  1  12  53  0  0  3  9  60919  1176  9  65  0  0  21  1  1  71  20  2334  32  13  5  11  7972  73416  5  697  4091  0  75  3780  10241  688399  4  94  31  3  19  0  10  116  3  10  20  186  91  19977  137566  3169  235  23  8  0  
1  0  0  0  2  1  3  7  0  0  0  0  0  0  0  16  0  0  0  0  0  0  0  0  0  0  1  0  0  0  1  0  0  0  0  0  0  0  0  1  0  0  0  0  1  0  0  0  0  0  0  4  2  5  0  0  0  0  0  0  0  0  0  0  2  0  0  0  8  0  2  1  0  0  58  37  17  76479  129  298  225  41  0  4  0  12737  504  875  455  1526  0  280166  92  45  4  1  29706  17454  12  37  52  16  101  17  45  26  1054  310  59862  5  15  485  40  25  77256  97  29  38  2896  23  766  370701  78435  0  784  1183  549  354  12  862  367  102  276  11  46  3012  169  1028  292  48  1182  78  104  18  4  319  86  4  
2  0  0  0  1  1  3  14  0  0  0  0  0  0  1  39  1  0  0  0  0  0  0  1  0  0  0  0  6  0  0  0  0  0  0  0  0  0  0  1  0  0  0  0  0  1  0  0  1  0  0  6  0  5  0  0  0  0  0  0  0  1  0  0  0  0  0  1  18  0  0  0  0  0  65  10  17  11745  178  408  720  451  0  0  0  47106  57268  3974  409  4896  224799  0  7  2  3  1  48832  102182  14  6  17  31  145  1  276  212  3  1688  58162  5  4  609  7337  566  3174  8  13  2  7470  5  162995  30228  331214  0  105  2905  390  1775  33  97  38  1  18  21  118  12338  3771  3986  5  12  605  134  245  44  0  308  38  0  
0  0  0  0  0  0  0  0  0  9  0  0  0  0  0  0  0  0  1  1  0  0  0  0  0  0  0  0  0  3  1  3  0  0  0  0  1  2  0  0  0  2  0  22  0  0  0  0  0  0  4  0  0  0  0  0  0  0  0  3  7  1  0  0  23  5  0  0  0  0  0  0  1  0  29  270287  0  0  14  2  0  1  0  255  7  1  2  17  14  10  51  9  0  88028  26689  0  13  86  116385  1  70  0  2  165  6  8  8  2752  220  0  666  12787  1  0  2  229138  559  322  3  3  1  2077  0  0  32473  15  6  2  17  3818  982077  400837  420584  16979  82  83  2  9  44485  471  52  1  1  13  8  8463  353426  36  
0  0  0  0  0  0  0  0  0  246  4  0  0  0  0  1  0  0  0  8  0  0  0  0  0  0  0  0  0  3  3  8  0  0  0  0  0  0  0  0  0  3  0  129  0  0  0  0  0  0  31  0  0  0  0  0  0  1  0  1  594  0  0  0  22  26  0  0  0  0  1  0  1  0  28  22  1  1  21  3  1  0  0  7999  425372  0  2  18  9  5  2  2  107272  0  134  993  300  89  2241  0  50931  0  0  1450  6  36  0  1136  77  0  35  85  1  0  0  104413  125  135890  3  1  0  1401  0  0  4196  10  7  1  0  146826  55304  444353  372  337  4598  70  2  9  343187  2871  0  1  0  12  0  131  1131  6  
0  1  0  0  0  0  0  0  0  0  0  0  0  0  0  0  0  0  0  0  54  27  3  0  0  0  0  0  0  0  0  1  0  0  0  0  0  0  0  0  0  0  0  0  0  0  0  0  0  4  0  0  0  0  0  0  0  0  0  0  3  0  0  0  0  1  0  0  0  0  0  0  0  0  2  89099  0  0  2  1  0  0  0  5  1  0  0  3  0  0  1  1  1941  60  0  13862  98629  20  0  0  0  0  0  0  2  0  0  39  6851  0  25041  13  0  0  0  39572  31707  77  0  0  1  905  0  171122  104872  1  0  0  0  0  8626  15  3111  256086  526140  8  2  3  8  35  0  0  0  0  0  23  31  0  
25  1  0  0  1  0  0  0  25  1029  2344  0  0  0  0  0  0  0  1  4  6  4497  5  0  0  0  1  0  0  51  5  12  0  0  3  0  0  0  0  0  0  0  0  764  0  0  0  1  0  0  37  0  0  1  0  1  1  0  0  0  2692  0  0  0  162  16  0  0  0  0  97  0  0  0  26  3  0  0  72  1  1  0  36  662  186206  0  0  0  1  1  0  0  0  897  9183  0  110332  101  0  0  1  0  0  563  394  131  0  1  221  0  16  0  0  0  0  529843  54  676646  0  3  0  3  0  106  553472  0  0  0  0  3  7  637  1  1  374917  0  179  0  17105  546  0  0  0  19  5  0  1  0  
48  0  0  0  2  9  0  1  0  12088  226  1  0  1  0  0  0  4  0  5  4  21  42  18  0  0  0  0  0  29  25  49  0  0  6  0  0  1  0  0  0  2  4  2539  0  11  1  1  0  2  23  1  0  1  0  0  1  1  0  1  7911  1  0  5  435  33  0  0  1  3  5  0  3  0  377  92  0  0  163  241  4  1  0  41501  241  0  0  1  3  6  24298  47271  24  86  62032  127568  0  87773  0  0  2  0  0  38  4821  18855  0  2  267535  0  8410  3  0  0  0  910  293996  132647  10  2  775  426  0  48733  6983  0  6  0  0  7  169  196  141  4749  287656  2  44248  1610  1231  4557  2  0  0  154  1  57  6  0  
1321  0  0  0  388  136  0  0  0  3  0  0  0  4  0  36  0  30  0  0  1  0  2  413  0  0  2  0  0  0  758  37  0  1  3  0  0  1  0  0  0  0  0  1  1  1  10  0  0  0  0  3  17  2  0  1  0  0  0  0  1  2  54  79  7  10  0  1  2  281  0  0  1  0  548738  54  5  0  44006  1705  19  6  0  8  1  171  153631  698  54679  118  20002  158834  85  47  17  35  110636  0  0  0  6  3  5  13  120138  15782  0  16692  45954  1  11  27  135  1  18  71  92  77  793  15  264836  19402  110  0  2055  46  80  17  0  202  480  101  134  101  1057  184282  348810  950606  156  1206  589  5  13  5231  2  29  17  0  
0  0  0  0  0  0  0  0  0  0  0  0  0  0  0  0  0  0  0  0  0  0  0  0  0  0  0  0  0  0  0  0  0  0  0  0  0  0  0  0  0  0  0  0  0  0  0  0  0  0  0  0  0  0  0  0  0  0  0  0  0  0  0  0  0  0  0  0  0  0  0  0  0  0  12  0  6  742  2  0  0  0  0  0  0  91  0  0  9  10  38  5  127868  23  0  0  0  19  0  250029  15690  240  296  200  1  0  4  91395  0  17114  28  6423  0  1  851  0  2  0  3638  13  0  85  3  0  0  230  0  0  639873  1386162  3  20765  593  0  0  0  0  2  1552  5  18097  1011  215  5  4  1041  1350080  4  
0  0  0  0  0  0  0  1  0  0  0  0  0  0  0  1  0  0  0  0  0  0  0  0  0  0  0  0  0  0  0  0  0  0  0  0  0  0  0  0  0  0  0  0  0  0  0  0  0  0  0  0  0  0  0  0  0  0  0  0  0  0  0  0  0  0  0  0  0  0  0  0  0  0  0  0  1  334720  1  2  1  2  0  0  0  616  0  6  0  43  52  22  0  0  0  0  0  3  241299  0  3559  35709  515  0  0  0  5438  50783  3  362975  4  1691  0  22  373751  0  1  0  1757  0  0  392  86  0  0  634  0  8  470351  168228  2  1  8  0  0  1  0  0  0  0  694302  2075  52  1  0  170  13828  635  
3  0  1094  0  0  0  1  6  0  2  1  0  0  0  0  3  1  1  0  1  0  0  0  0  0  0  25  0  2  525  2  1  0  0  0  0  2  0  0  0  0  1  0  3  8  131  0  3  0  0  1  1  0  0  0  7  3  0  0  2  0  0  0  0  133  6  0  0  3  0  115  4  23  0  14  0  155955  0  4  3  19  10  2  7  10  0  0  0  0  22  48  7  133  53640  0  0  0  20  14665  1839  0  190  1  652563  3  5  6  87  0  0  7  260  0  0  39  0  1  56  239  7490  0  113  0  0  2  0  1  1  34  1099409  13  1221  131  3  0  3  1  4  47526  317  237443  2  5  9  33098  218  1670  8  
0  0  73  0  0  0  0  0  1  0  0  0  0  0  0  0  0  0  0  0  0  0  0  0  0  0  0  0  0  6  0  0  0  0  0  0  0  0  0  0  0  0  0  0  0  6  0  0  0  0  0  0  0  0  0  0  0  0  0  0  0  0  0  0  1  0  0  0  0  0  1  0  0  0  1  1  170996  114361  2  5  0  2  0  0  0  239  0  1  9  27  30  11  0  0  0  0  0  6  317  44559  37  0  8488  39  0  0  0  0  0  44  0  189  0  8  37  0  3  0  1110392  546  0  7  11  0  1  207  0  4  945  12479  0  0  2  0  0  9  0  0  0  0  955768  966  103  3  1  69  84  0  
27  0  61  0  48  0  4  71  0  0  0  3  0  2  6  411  0  2  0  0  0  0  0  0  0  0  0  0  1410  0  3  0  0  0  0  0  0  0  0  3  0  0  0  0  478  11  0  0  10  0  0  11  36  139  0  0  0  0  0  0  0  7  0  0  1  0  0  9  316  0  0  1  1  0  2  0  130696  113439  16  3  621  2129  0  0  0  48604  0  54  27463  69218  102  255  0  0  0  0  0  5  220  170  2  3842  0  2  4  9  0  98  0  65  6  2281  0  107  4062  0  22  0  1066101  50  0  18  1886  0  1  23522  2  1372  260  50  1  2  6  0  0  6  1  0  4  1  1700  556303  420330  3  1  699  1854  0  
13  0  15931  0  5  0  52  1428  547  393  86  1  0  1  1  87  6  3  18  2  1  38  0  6  1  0  238  1  17  10486  4  11  0  21  2  0  3  10  0  3  1  0  1  197  61  2585  0  28  4  0  1  6  1  4  0  39  5  12  0  40  6  1  0  2  3191  373  0  1  6  0  15175  29  89  7  36  0  67853  0  17  1309  1843  912  92477  65940  61981  1  0  2  2  1352  43  4  72  126  0  1375  23  59  254  0  776107  11  2  0  8  20  4  227  1  0  37  49  0  0  5  5  16  6292  81  354204  0  180  2  0  13  1  2  1  1  206005  31  30  97  12  1  12  4  7  581122  8230  272  3  2  21  945301  138  257  11  
1223  0  0  0  17  2313  0  0  0  0  0  0  0  1  0  2  3  166  0  3  6  1  22  1132  0  0  2  0  0  6  29180  840  0  3  29  0  0  0  0  1  0  0  1  0  0  0  65  12  0  0  0  1  0  0  0  4  0  0  0  6  4  2  267  287  8  347  1  0  0  6066  0  0  0  0  34982  2  1  0  28  53810  7  0  0  0  0  0  0  0  0  4  33  109  7  3  0  82  7304  170660  0  0  0  0  0  0  0  150160  0  0  141  0  0  0  0  0  0  8  9  37  60  6  71  8  0  0  104  0  0  0  0  23  24  15  4  0  2366  1  402432  199  15  1443  8  0  0  323117  1  0  0  0  
2565  0  1  0  168  856  0  1  0  65  0  0  0  0  0  4  16  884  0  1  24  0  134  3649  0  0  2  0  0  6  5493  7057  0  22  135  0  0  0  0  0  0  0  16  1  1  2  354  63  0  0  2  1  16  0  0  0  2  0  0  13  88  1  35  1209  3  734  0  0  0  795  0  0  0  0  2404  7  5  0  294  69835  7  0  0  5  0  3  0  0  1  31  19  55  8  14  2  23  14048  17030  0  0  0  0  1  8  150845  0  0  5  577  0  1  0  0  0  0  37  127  112  103  16  52  36  0  0  435  1  1  1  0  27  41  20  6  5  1038  1  110779  1879  42  65934  2  1  0  1135  1  0  4  0  
0  0  0  0  0  0  0  0  0  0  0  0  0  0  0  0  0  0  0  0  0  0  0  0  0  0  0  0  0  3  0  0  0  0  0  0  0  0  0  0  0  0  0  0  0  0  0  0  0  0  0  0  0  0  0  0  0  0  0  0  0  0  0  0  1  0  0  0  0  0  1  0  0  0  0  0  1  20909  0  0  0  0  0  6  0  2122  0  0  1  0  957  30  34  4  0  0  0  7  12  14878  24  0  1  26  0  0  0  144320  22787  9731  95  59  0  0  138321  2  1  3  0  0  0  144126  125  0  0  0  0  0  5  1167  74  39  435  1  0  3  0  0  501  33  36  0  0  0  1  199  327  146642  
0  0  0  0  0  0  0  0  0  4  0  0  0  1  0  0  0  0  1  1  0  0  1  0  0  0  2  0  0  7  0  2  0  1  0  0  0  0  0  0  0  0  0  2  0  0  0  1  0  0  0  0  0  0  0  0  0  1  0  0  2  1  0  0  48  5  0  0  0  0  2  0  1  0  8  249  1  24545  3  2  0  0  0  64  0  5701  5764  12  4  14  499  1518  1412  828  105  0  7  11211  73045  68744  99  1  484  185  1  6  91138  0  236944  165957  739  14047  0  11  35739  1452  170396  780  259  1  12  84130  34  0  3232  30  0  2  82881  2572  9557  1549  7288  2022  707  44  0  16  6884  448  16  947  1  2  1  2341  927915  109330  
6  0  0  0  0  0  0  0  0  1  0  0  0  0  0  0  0  0  0  0  0  0  0  1  0  0  0  0  0  1  0  7  0  0  0  0  0  0  0  0  0  0  0  0  0  0  0  0  0  0  0  0  0  0  0  0  0  0  0  1  1  0  0  1  4  1  0  0  0  0  0  0  0  0  39  203  1  416  38  23  3  1  0  7  0  4010  6149  5  4  5  50758  37617  471  242  1511  27  169409  18476  0  0  0  0  0  4  72  574  26189  462414  0  0  294  407  1  0  45  359  169443  199  1  0  1569  429134  35  185  3053  1  1  3  0  43  2801  278  1572  8118  28089  93  172  2223  384  1737  1  1  0  28  0  315  5202  10  
0  0  0  0  0  0  0  0  0  0  0  0  0  0  0  0  0  0  0  0  0  0  0  0  0  0  0  0  0  0  0  0  0  0  0  0  0  0  0  0  0  0  0  0  0  0  0  0  0  0  0  0  0  0  0  0  0  0  0  0  0  0  0  0  0  0  0  0  0  0  0  0  0  0  1  0  0  5552  0  0  0  1  0  0  0  77  0  1  0  4  14  1  5  0  0  0  0  2  1082  404507  4  29  164  1  1  0  6995  256386  0  0  16  1217  0  4  259255  0  1  0  403  1  0  19  1  0  0  26  0  0  21259  242  9  2  63  0  0  1  0  0  32  1  881  136  4  1  0  119  10843  96768  
0  1  0  0  0  0  0  0  0  1  0  0  0  0  0  0  0  0  1  0  47  25  6  0  0  0  0  0  0  0  0  0  0  0  0  0  0  0  0  0  0  0  0  0  0  0  0  0  0  3  0  0  0  0  0  0  0  0  0  0  10  0  0  0  27  3  0  0  0  0  0  2  0  0  1  265988  0  4  2  0  1  0  0  42  0  4  0  0  1  1  41  6  591  55  25436  32  6225  8  22  0  34  1  5  30  0  1  22  370  294  10  0  179520  0  0  29  291  225027  65  10  4  0  235  0  383649  2592  1  0  0  104  458  2072  379  146567  492146  149  6  0  4  1994  143  306  4  1  1  1  734119  1263  23  
0  0  0  0  0  0  0  0  0  0  0  0  0  0  0  3  0  0  2  0  0  0  0  0  0  0  0  0  0  2  0  0  0  0  0  0  0  0  0  0  0  0  0  1  0  0  0  0  0  0  1  0  0  0  0  0  0  2  0  2  0  0  0  0  9  2  0  0  0  0  0  0  0  0  3  470  5  409  5  3  2  5  0  15  0  1120  1  12  17  73  99  35  6235  57  45  1  2  15  3772  304  399  45  466  22  0  0  6  17277  65  727  170953  0  0  33  267  59  155905  57  3775  15  0  366  20  1  1493  1150  2  12  1126  2788  3614  558  159485  518  137  9  0  2  1628  64  7819  4202  305  4  3  1157615  1156660  5  
0  0  0  0  0  0  0  0  0  0  0  0  0  0  0  2  0  0  0  0  0  0  0  0  0  0  0  0  0  0  0  0  0  0  0  0  0  0  0  0  0  0  0  0  0  0  0  0  0  0  0  2  0  0  0  0  0  0  0  0  0  1  0  0  0  0  0  0  0  0  0  0  0  0  6  7  0  3  14  69  47  5  0  0  0  27123  184897  163893  72  289  1934  19949  19  12  2  0  0  308  0  0  2  1  0  0  0  0  0  0  1  0  2  3  0  2580  12  14  2  9  199  0  40968  797  158640  0  220  1092  170  199  0  10  75  4  28  6  8  3820  0  5  6  3  22  669  6  0  0  7  2  0  
0  0  0  0  1  1  4  5  0  0  0  1  0  0  1  62  0  0  0  0  0  0  0  0  0  0  0  0  0  0  0  0  0  0  0  0  0  0  0  6  0  0  0  0  1  0  0  1  1  0  1  21  0  1  0  0  0  0  0  0  0  1  0  0  0  0  0  1  2  0  0  0  0  0  9  0  3  26  30  384  2433  303  0  0  0  160744  159  161067  593  11210  150  1338  0  0  0  0  0  1  4  1  1  7  49  0  0  0  0  2  0  2  0  105  4083  0  153  0  0  0  3009  1  3  37  32577  0  2  4474  40  5567  4  8  0  0  3  0  1  204  0  0  0  0  110  2814  95  0  0  46  8  0  
0  0  0  0  0  0  1  0  0  0  0  0  0  0  0  2  0  0  0  0  0  0  0  0  0  0  0  0  0  0  0  0  0  0  0  0  0  0  0  0  0  0  0  0  0  1  0  0  0  0  0  0  0  1  0  0  0  0  0  0  0  0  0  0  0  0  0  0  0  0  0  0  0  0  12  0  7  217319  21  12  23  11  0  0  0  15435  9  56  15  140  58472  4279  5  0  0  0  0  33  267  328665  112  29  9874  3  0  0  124229  72155  23  216895  29  3374  3  234  0  1  12  0  2990  16  1  118142  219333  0  4  118  16  54  43192  808  9  0  64  0  0  74  0  3  26  1  2951  9577  10  12  3  967  29936  92620  
11  0  0  0  1  0  0  3  0  171  3  1  0  0  1  22  0  1  0  27  24  640  3  3  0  0  2  0  0  6  8  24  0  5  1  0  0  0  0  1  0  26  0  295  0  1  0  0  0  2  253  4  0  6  0  1  4  2  0  13  524  0  0  4  302  112  0  0  2  0  0  4  6  0  117  185473  1  0  71  13  26  2  0  2356  208516  2  8  37  18  67  10  10  240927  99551  29347  572680  263  271  0  0  3  0  0  6  29  199  1  1181  71  0  153  28  0  1  0  0  95  484614  6  7  1  2280  0  57  619158  26  22  4  0  18  49434  218  17  231  31012  147  25  24  260  7124  0  2  0  72  2  72  1281  4  
0  0  0  0  0  0  0  0  0  1  0  0  0  0  0  1  0  0  0  0  0  0  0  1  0  0  0  0  0  1  0  1  0  0  0  0  1  0  0  0  0  0  0  0  0  0  0  0  0  0  0  0  0  0  0  0  0  0  0  0  3  0  0  0  24  2  0  0  0  0  0  1  1  0  4  170  0  2  6  0  0  0  0  16  0  9  0  0  0  2  11  6  521  122  16061  1  294318  33  1  0  4  1  4  11  1  34  0  115962  181758  1  228321  126739  0  0  4  106  0  52  0  1  1  1808  0  115956  4711  1  0  0  8  25  2821  207  3307  33250  32212  3  3  6  750  333  11  4  0  6  0  81397  22723  0  
18  0  29  0  1  0  10  128  10  11027  364  0  0  0  0  25  0  0  1  16  3  53  41  2  0  0  6  0  3  265  5  9  0  1  3  0  0  0  0  0  0  12  1  5225  2  617  0  0  0  0  235  1  0  0  0  0  2  4  0  5  6492  0  0  2  803  267  0  0  0  0  173  1  4  0  57  0  12  0  83  269  108  57  9170  241873  593724  0  1  11  8  34  1  1  22  45191  16  649039  106426  127  0  0  14  0  0  3423  26  108  0  394  126  0  58  40  0  0  0  271286  59  0  4  157  1  688  0  0  111174  5  12  1  0  36  282  70300  70  55  47158  47  31  11  396812  35068  0  1  0  39  83  61  342  1  
199  0  206  0  179  2  0  161  0  0  0  1  0  6  6  73  5  11  0  0  0  0  0  8  0  0  1  0  2640  0  71  8  0  0  0  0  0  0  0  5  0  0  0  0  826  80  0  0  0  0  1  23  115  2  0  0  0  0  0  0  0  12  0  0  0  1  1  1  795  0  0  0  2  0  62  1  91946  98724  233  65  195  215  0  1  0  14503  10  251  9689  8324  1013  1637  3  0  0  1  5  303  2329  1109  363  1086934  1114187  12  75  97  0  65  1  397  13  5603  7  624  2212  4  16  5  0  3462  0  184  1855  0  12  10488  43  363  4187  8196  5  5  29  0  2  348  6  3  14  22  476012  186644  62777  40  2  1574  6760  0  
17  0  4720  0  4  5  1104  9023  533  5  0  1  0  2  0  188  0  0  0  0  0  0  0  3  0  0  63  3  3485  1215  22  5  0  0  2  0  0  0  0  1  0  0  0  15  1803  8922  0  0  1  0  0  4  7  10  0  1  0  0  0  0  0  2  0  1  57  165  0  0  97  0  514  0  1  0  27  0  365458  0  14  218  9854  174766  57002  55  5  2  1  1  2  45388  39  5  2  1  0  0  3  36  4  0  10577  447  38  389946  38  33  0  0  1  0  0  8  0  1  16  0  0  77  6635  0  0  23  5  0  1  1  1  2  1  30080  1  1  5  0  0  2  2  1  1269  1252  26739  10  50  19  163575  6  13  0  
3  0  0  0  0  0  0  0  0  0  0  0  0  0  0  3  0  0  0  0  0  0  0  9  0  0  0  0  0  1  1  1  0  0  0  0  0  0  0  0  0  0  0  0  0  0  1  0  0  0  0  0  0  0  0  0  0  0  0  0  0  0  0  1  0  0  0  0  0  0  0  0  0  0  57  2  0  1  100  26  12  3  0  0  0  104  113455  238  44  52  3781  386308  10  0  1  0  1251  443594  1  0  0  0  2  0  62  45  0  38  8212  0  0  2  44040  4  7  3  11  3  22  0  0  10783  47838  0  111  116  6  19  0  1  37  1  15  23  164  3456  2948  20288  1  44  2  0  0  23  0  2  6  0  
5  0  0  0  3  1  1  4  0  7  0  0  0  0  0  10  0  0  0  2  0  0  0  1  0  0  0  0  0  7  0  0  0  0  1  0  1  0  0  0  0  0  0  1  0  0  0  0  1  0  0  2  2  0  0  2  0  0  0  3  6  0  0  0  45  3  0  0  0  0  1  0  4  0  211  1734  15  17534  570  222  108  22  0  53  0  1103  822  1547  808  548  307210  20501  3779  1501  671  2  631  10218  22  73  108  1  10  81  15  23  138483  210062  434259  7  483  563  36  9  145988  2716  2122  1147  218  25  1379  0  1726  0  29314  1241  647  157  14  2474  18576  1429  9221  6993  9405  7885  7  2390  2253  546  1431  27  20  113  8  847  11738  117  
0  0  1  0  1  4  2  40  0  0  0  1  0  1  1  145  0  0  0  0  0  0  0  0  0  0  0  0  2  0  1  0  0  0  0  0  0  1  0  1  0  0  0  0  0  0  0  0  0  0  0  23  0  12  0  0  0  0  0  0  0  1  0  0  0  0  0  5  11  0  0  0  0  0  55  0  9  189712  83  582  1533  2368  0  0  0  541242  31679  148178  539  11066  87596  507292  4  1  0  0  0  388  16  34  27  28  1510  1  0  0  16  173  44  22  13  1894  158613  44322  192985  2  11  1  11067  11  43882  2497  0  0  53  4006  387  4186  76  206  17  1  16  0  6  14754  0  4  4  2  1284  14515  317  0  2  988  454  0  
0  0  0  0  0  0  0  0  0  0  0  0  0  0  0  0  0  0  0  0  76  28  6  0  0  0  0  0  0  0  2  0  0  0  0  0  0  0  0  0  0  0  1  0  0  0  0  0  0  13  0  0  0  0  0  0  0  0  0  0  9  0  0  0  0  1  0  0  0  0  0  0  0  0  0  5  0  0  0  0  0  0  0  0  0  0  0  0  0  0  0  0  4  1  142785  111  85014  0  0  0  0  0  0  0  0  0  0  0  456  0  376978  0  0  0  0  96  163129  0  0  0  0  0  0  0  45  0  0  0  0  0  27  2  23  37702  82001  0  0  0  8  0  0  0  0  0  0  70  1  0  
7  0  0  0  1  0  0  0  0  350  0  1  0  0  0  3  0  1  0  81  15  3  0  0  0  0  1  0  0  3  1  8  0  3  0  0  2  0  0  1  0  62  0  491  0  0  0  0  0  0  380  1  0  1  0  0  4  5  0  20  1155  0  1  0  337  153  0  0  1  0  0  6  3  0  76  242446  0  0  85  10  7  1  0  2943  10064  0  13  73  37  25  31  48  8174  2877  82062  322079  2646  634  0  0  2  0  0  2  44  108  0  623  1296  0  214  66  1  0  0  421734  1869  60313  0  1  8  4602  1  7  0  54  18  1  0  3  80882  249  98  5936  320435  364  32  119  181  12911  1  0  0  37  1  94  1054  0  
0  0  0  0  7  9  9  0  0  0  0  1  0  2  4  120  0  0  0  0  0  0  0  0  0  0  0  0  1  0  0  0  0  0  0  0  0  0  0  10  0  0  0  0  0  0  0  0  1  0  0  30  4  36  0  0  0  0  0  0  0  6  0  0  0  0  0  1  3  0  0  0  1  0  5118  9  0  190  252  601  1888  86  0  0  0  89089  28  372796  966304  10997  1024  1345  12  9  1  2  5  13  27  28  1  39  13243  2  2  3  0  1  8  54  2  1081  218  5394  64  15  7  11  3026  2  1  593  243  0  246  0  20669  12837  95  39  100  16  39  5  14  78938  1  0  16  11  247  288546  145  2  0  160  239  0  
9  0  0  0  62  7  2  1  0  0  0  0  0  1  5  64  1  1  0  0  0  0  0  2  0  0  0  0  0  0  0  0  0  0  0  0  0  0  0  0  0  0  0  0  2  0  0  0  0  0  0  67  48  6  0  0  0  0  0  0  0  36  0  0  0  0  0  0  1  0  0  0  0  0  175360  5  0  1  116607  883  87  5  0  1  0  39  18  664  1021692  26450  1138  1254  10  6  3  2  24  394  0  2  1  0  3  1  1  5  0  2  27  0  2  5  70  145  12  10  10  12  115  2  0  630  103  0  168  30335  0  547024  2  23  60  7  30  7  24  1113  2  0  16  4  42  791  2  1  1  4  3  0  
0  0  0  0  7  1  10  11  0  0  0  0  0  1  0  139  0  0  0  0  0  0  0  0  0  0  0  0  0  0  1  0  0  0  0  0  0  0  0  2  0  0  0  0  0  0  0  0  1  0  0  10  2  19  0  0  0  0  0  0  0  2  0  0  0  0  0  0  3  0  1  0  0  0  392  0  11  4  482  99  1178  2144  0  0  0  14213  2  2882  464725  591143  701  984  1  1  0  0  1  5  0  0  0  0  881  1  0  7  0  0  3  0  0  12  29  2368  13  4  1  0  847  10  0  237  1233  0  30  11484  387142  0  0  8  13  0  3  1  0  84  1  1  3  1  23  21068  207818  0  1  9  2  0  
0  0  0  0  0  0  0  0  0  0  0  0  0  0  0  1  0  0  0  0  0  0  0  0  0  0  0  0  0  0  0  0  0  0  0  0  0  0  0  0  0  0  0  0  0  0  0  0  0  0  0  0  0  0  0  0  0  0  0  0  0  0  0  0  0  0  0  0  0  0  0  0  0  0  0  0  0  7365  1  0  0  0  0  1  0  380  0  2  6  11  24  4  14  0  0  0  0  1  448608  321427  466  253  727  1  1  0  2  89793  0  44033  44  2636  0  8  81313  0  4  0  3173  1  0  37  10  0  0  171  0  1  0  50107  6  3  145  0  0  0  0  0  47  1  13117  955  85  0  0  235  92917  4  
4  0  332  0  0  0  0  4  0  1  0  0  0  0  0  7  1  1  1  2  0  0  0  0  0  0  22  0  1  273  8  4  0  5  0  0  0  3  0  1  0  1  0  0  4  24  0  6  0  0  1  2  0  2  0  8  1  2  0  5  1  3  0  1  142  2  0  0  4  0  57  2  19  1  124  0  1085  335  44  12  15  2  0  3  0  86  6  4  11  68  623  46  12119  123908  0  0  1  215  1009267  153077  885877  5189  44  131159  10  12  34  528  1  338  129  4408  0  3  396  4  15  39  7223  3355  0  1046  9  0  14  14  9  6  69064  0  1406  206927  1090  1  1  47  1  22  74269  680  476219  62  177  71  11723  2574  85759  25  
0  0  0  0  0  0  0  0  0  62  0  0  0  0  0  1  0  0  1  8  1  0  0  0  0  0  0  0  0  3  3  7  0  0  0  0  0  0  0  0  0  11  0  71  0  2  0  0  0  0  69  1  0  0  0  0  2  0  0  3  59  0  0  0  73  21  0  0  0  0  1  0  0  0  52  58596  0  0  31  6  2  0  0  1319  28  1  6  58  25  11  3  11  761270  70250  8160  0  31  225  1  0  3  0  0  13  11  43  4  4473  287  0  439  2178  0  2  1  94442  702  684  2  0  0  3667  0  3  83805  22  18  3  0  82  0  73454  37208  6325  251  163  7  23  16593  2379  0  0  0  27  0  5750  37135  42  
2  0  0  0  0  0  0  0  0  375  1  0  0  0  0  1  0  0  0  26  2  0  0  0  0  0  0  0  0  2  4  2  0  1  1  0  0  0  0  0  0  19  0  233  0  0  0  1  0  0  107  1  1  0  0  0  3  1  0  2  832  0  0  1  53  50  0  0  0  0  0  1  0  1  39  10  0  0  10  3  0  0  0  25192  2437  0  2  7  4  12  13  1  460113  517862  105  670  374  96  35019  0  284  0  0  274  17  37  9  761  22  0  165  760  0  0  3  1255  46  57782  2  1  0  625  0  0  527  3  5  0  9  253641  105443  0  1100  268  4111  25  4  14  143969  13910  6  2  0  20  2  674  16803  22  
1  0  0  0  0  0  0  0  0  6  0  0  0  0  0  0  0  0  1  2  0  0  0  0  0  0  0  0  0  1  0  0  0  1  0  0  1  1  0  0  0  3  0  6  0  0  0  0  0  0  4  0  0  0  0  0  0  1  0  2  5  0  0  0  25  1  0  0  0  0  0  2  2  0  17  199216  2  1  10  3  0  0  0  90  0  1  1  17  14  2  36  7  349251  63  17568  0  52  65  20  2  58  0  0  44  2  6  8  4712  294  4  94129  91406  1  0  9  79  1439  167  12  8  1  2527  0  4  160  11  12  0  34  589  60512  305  0  170119  23  85  0  12  2214  131  426  1  4  6  3  141966  110777  40  
0  0  0  0  0  0  0  0  0  6  0  0  0  0  0  0  0  0  0  0  14  7  0  0  0  0  0  0  0  1  0  0  0  0  0  0  0  0  0  0  0  0  0  4  0  0  0  0  0  0  0  0  0  0  0  0  0  0  0  2  6  0  0  0  61  13  0  0  0  0  0  1  0  0  8  139369  0  0  18  1  0  0  0  78  0  0  2  8  4  1  8  29  7959  545  252595  3  27280  149  1  0  1  0  0  3  0  0  1  1077  11625  0  439125  568  0  0  0  460  50616  73  0  0  3  9087  0  58805  13425  7  4  0  2  35  33282  1012  151668  0  6390  51  1  39  1073  371  0  1  0  8  0  639  1169  1  
36  0  0  0  1  0  0  0  0  1277  4  0  0  1  0  1  0  0  0  2  4  19  7  7  0  0  1  0  0  3  14  71  0  0  7  0  0  0  0  0  0  1  1  329  0  0  1  2  0  3  99  1  0  1  0  1  2  1  0  0  13218  0  0  3  46  99  0  0  0  0  1  0  5  0  85  161  2  0  124  12  1  0  0  82  2278  0  2  17  17  2  37  186  26  1257  653020  343894  374210  1542  0  0  1  0  1  6  798  766  0  299  116382  0  201  97  0  0  0  13264  52037  39702  1  0  108  12732  0  108587  421613  3  3  0  0  0  278  2057  70  5662  0  142  1267  376  74  37637  0  0  0  34  0  35  216  0  
15  0  0  0  13  2  0  1  0  0  0  0  0  0  0  2  0  0  0  0  0  0  0  2  0  0  0  0  2  1  2  2  0  0  0  0  0  0  0  0  0  0  0  0  0  1  0  0  0  0  0  0  1  0  0  0  0  0  0  1  0  0  0  0  0  0  0  0  3  0  0  0  0  0  209  59  8  1  1629  131  14  2  0  5  0  409  104066  158654  120334  163  1891  2644  131  49  14  0  14  162314  1  1  8  2  12  8  1  7  0  57  80  0  10  29  1170  63  35  100  15  60  1415  10  65  2719  248  0  1375  105513  408  40  1  200  598  81  207  25  156  0  1  207  107  44  590  12  17  37  1  45  27  0  
51  0  0  0  1  363  0  0  0  0  1  0  0  0  0  1  1  78  0  1  2  0  11  280  0  0  1  0  0  5  798  145  0  5  26  0  0  1  0  0  0  1  0  0  1  1  48  11  0  0  0  0  1  0  0  0  0  2  0  2  2  0  26  70  11  203  0  0  0  188  1  0  1  0  180  11  0  0  14  4353  1  0  0  2  0  0  0  0  0  2  517  6375  13  16  1  57  69757  441807  0  0  0  0  0  1  432148  129727  0  1  1709  0  4  0  0  0  0  40  166  89  2  2  777  20  0  0  831  1  2  0  0  7  79  16  8  3  3154  1  0  29064  8  819  0  0  0  21761  0  2  4  0  
102  0  0  0  3  0  0  0  0  0  0  0  0  0  0  2  0  1  0  0  1  0  0  20  0  0  0  0  0  0  8  4  0  0  0  0  0  0  0  0  0  0  0  0  0  0  0  0  0  0  0  0  0  0  0  0  0  0  0  2  1  0  0  7  1  0  0  0  1  1  0  0  0  0  21867  33  0  0  542  107  11  6  0  2  0  1  11505  15  16  19  2494  4956  53  10  14  0  1091  1023334  2  0  4  0  0  2  370  265  1  22  10239  0  2  5  9  0  3  17  38  9  37  2  4552  10820  3  0  913  4  2  6  0  36  232  23  38  164  887  1289  3513  0  39  194  55  3  2  351  0  7  8  0  
15  0  13  0  3  3  12  35  7  302  12  0  0  0  0  33  1  0  15  38  4  9  0  7  0  0  48  0  2  1049  3  8  0  16  2  0  9  6  0  0  0  26  1  331  2  273  0  2  0  0  150  0  0  1  0  5  8  10  0  65  181  2  0  4  3629  458  0  0  3  0  486  27  71  1  63  8  50  0  28  847  612  463  34311  69225  530094  0  1  4  6  51  43  2  26215  315085  55  16611  652  106  641  0  50156  0  0  520233  7  24  8  1794  19  0  787  931  0  0  3  548  117  392149  9  1506  0  608  2  0  300  2  3  2  9  94466  12735  75224  2231  311  152  19  5  16  0  48869  4  0  2  26  11342  1256  4387  45  
10973  2  104  0  1565  13878  2689  913  930  83849  11  3  0  10  3  1449  63  4011  17  676  126  12  280  10519  0  0  42  0  12  2531  7369  3747  0  194  1089  0  10  7  0  9  0  475  202  11454  62  3052  2133  299  4  1  4451  57  70  17  0  4  45  76  0  163  18129  34  1590  4925  19294  189956  1  1  19  951  1289  32  153  3  2386  13  66  0  913  332176  176217  162074  193205  253984  291  7  1  14  12  4703  19  44  186  1248  90  55  3026  8921  3  0  121  0  4  7888  3336  66442  9  964  5570  0  288  264  1  0  0  6318  755  95898  73  1436  24  1305  3  1  38907  8  14  7  0  907  2958  8469  567  248  19258  55  716  1339  67939  0  4  2  4  7268  31453  328  820  34  
1  0  0  0  0  0  0  0  0  0  0  0  0  0  0  3  0  0  0  0  0  0  0  0  0  0  0  0  0  0  7  0  0  0  0  0  0  0  0  0  0  0  0  0  0  1  0  0  1  0  0  0  0  0  0  0  0  0  0  0  0  0  0  0  0  0  0  0  2  0  0  0  0  0  101  0  172739  37806  88  21  19  11  0  0  0  1785  1  33  90  236  945  155  8  0  0  0  1  320  11061  551664  211460  862049  1403  964  24  4  0  4  1  656  50  5189  2  56  763  0  2  0  512504  39851  0  610  88  0  2  1987  7  25  9705  393910  2  0  358  0  0  115  0  9  22  3  0  7573  1780  51  1536  2369  7509  0  
1  0  0  0  0  0  9  68  0  0  0  4  0  0  23  839  0  1  0  0  0  0  0  0  0  0  0  0  4  0  0  0  0  0  0  0  0  0  0  4  0  0  0  0  2  2  0  0  32  0  1  18  1  314  0  0  0  0  0  0  0  1  0  0  0  0  0  13  19  0  1  1  0  0  2  0  6  3525  1  4  1640  4392  0  0  0  228794  135  867  125674  20414  82  59  1  1  1  0  0  2  263  242  3  145  470479  1  0  6  0  142  0  187  12  4623  44  1101  6095  1  41  1  109598  4  0  48  26061  0  2  281976  129  10721  567  74  1  0  26  0  1  4  0  0  11  2  1551  0  76206  1  2  1400  2044  0  
2  0  2  0  10  1  5  62  0  0  0  2  0  1  1  192  0  1  0  0  0  0  0  2  0  0  0  0  88  0  1  0  0  0  0  0  0  0  0  3  0  0  0  0  10  0  0  0  7  0  0  7  5  58  0  0  0  0  0  0  0  1  0  0  0  0  0  7  121  0  0  1  0  0  3  0  16  201  12  18  380  1230  0  0  0  4144  1  71  96283  137492  504  1368  0  0  0  0  0  9  210  107  6  47  473233  6  1  11  0  0  1  8  2  565  1  180  9  1  0  0  59066  14  0  66  1033  0  1  502  9  208574  148  69  2  1  6  0  0  20  0  0  4  2  1824  52812  0  1  4  222  402  0  
12555  0  0  0  640  2039  0  0  0  1  0  0  0  0  0  17  0  64  0  1  0  0  3  3594  0  0  0  0  0  0  10096  28  0  3  0  0  0  0  0  0  0  0  1  0  0  0  28  2  0  0  0  0  14  0  0  0  0  0  0  0  2  0  368  817  0  106  0  0  0  5625  0  0  0  0  85801  4  2  0  84947  336879  3  1  0  0  0  0  2  0  9  270  13  13  6  1  0  3  113  16000  0  0  2  0  0  1  393974  1425  0  0  30  0  2  2  0  0  2  6  5  15  43  9  5  30  0  0  40  0  2  1  0  47  21  8  4  0  31  34  19196  214  34  1226  53  1  1  0  1  3  4  0  
0  0  738  0  0  5  119  1874  1236  49  5  2  0  0  0  160  0  0  1  0  0  1  0  1  0  0  71  0  23  2643  2  0  0  1  0  0  0  1  0  2  0  0  0  85  26  3195  0  4  0  0  0  3  3  6  0  10  0  0  0  1  2  0  0  0  785  489  0  0  2  0  1763  1  7  1  9  0  1144  0  15  4603  8607  38800  262939  172  60  1  0  2  0  166  14  2  2  0  0  24  0  5  0  0  80975  0  2  816302  4  5  1  6  0  0  0  2  0  1  3  0  0  607  42  203505  0  19  0  0  0  0  1  3  0  20815  0  2  11  0  1  0  1  0  16607  20960  2180  2  0  3  0  10  24  0  
0  0  0  0  0  0  0  0  0  3  0  0  0  0  0  0  0  0  0  0  0  0  0  0  0  0  0  0  0  1  1  1  0  0  0  0  0  0  0  0  0  0  0  1  0  0  0  0  0  0  0  0  0  0  0  0  0  0  0  2  1  0  0  0  22  6  0  0  1  0  0  0  4  0  7  115  9  72  2  0  1  0  0  15  1  314  0  3  7  18  79  16  2878  35  20  1  42  10  146  23  218  14  89  54  0  0  23  3276  51  37  712012  1038256  0  7  96  46  99325  36  324  15  0  195  7  27  680  74  0  0  171  1623  3953  278  227362  988  16  7  0  2  2568  82  3771  389  90  5  2  0  69322  16  
0  0  0  0  0  0  0  0  0  9  0  0  0  0  0  1  0  0  0  0  0  0  0  0  0  0  1  0  0  22  2  1  0  0  0  0  0  0  0  0  0  0  0  3  0  0  0  0  0  0  1  0  0  0  0  2  1  1  0  7  1  0  0  0  77  12  0  0  2  0  3  1  8  0  24  352  21  3701  10  1  2  1  0  113  1  2155  1  20  15  98  151  21  377588  911  98  0  12  45  1239268  3696  1341  78  4028  556  2  5  68  965636  5840  16279  3131  1115094  1  47  18852  1501  43469  688  9983  30  0  10608  21  0  4469  1765  5  8  87498  143534  58187  4903  165949  1169  370  20  1  11  18494  581  14804  7156  346  18  10  122427  0  5947  
0  0  0  0  0  0  0  0  0  0  0  0  0  0  0  0  0  0  1  0  0  0  0  0  0  0  0  0  0  8  0  0  0  0  0  0  0  0  0  0  0  0  0  0  0  0  0  0  0  0  0  0  0  0  0  0  0  1  0  0  0  0  0  0  6  3  0  0  1  0  1  0  0  0  0  0  0  5  2  0  0  0  0  27  0  3  0  0  1  0  48  7  169  30  0  0  0  9  31  1620  44  0  0  113  0  1  163206  166099  8  120700  270  105  0  0  89674  31  10  19  0  1  0  293  0  0  7  0  0  1  9  1951  779  184  1283  19  0  0  0  0  2179  140  13  0  0  0  2  435  5362  0  
