0  0  1  0  131051  120381  200  16  0  2  0  4  7  2499  239482  39425  1  3  0  0  1  1  4  151299  0  0  0  0  0  0  16055  3705  0  0  3  0  2  0  1180  4  0  0  0  1  0  0  18770  28  22  29  0  2128  182935  4047  0  0  0  0  0  1  5  39237  54620  64781  0  1497  0  0  0  113240  0  0  0  0  0  0  0  0  0  116  5  2  2  1  0  0  0  0  0  1  0  0  0  0  0  0  0  0  0  0  0  0  1  0  0  3  0  0  0  0  0  0  0  0  12  0  0  0  2  2  1  11  0  0  0  0  1  0  0  0  0  0  0  0  1  1  0  0  0  27  1  0  2  0  0  0  1  0  
0  0  1  0  0  0  1  0  0  11  496  0  0  0  0  1  6  2  584685  10526  212042  28228  7  0  2  4  0  0  0  0  0  0  1  36  2  1  73433  5099  0  0  2  240730  0  14734  5  0  0  226  10  425  278794  0  0  0  0  10  235900  6  212518  105147  5188  0  0  0  10  12  13  0  1  0  0  20180  81616  0  0  0  1  0  0  0  3  4  0  0  1  0  0  0  0  1  0  0  0  0  3764  5913  86  0  0  0  0  0  0  0  1  0  0  0  0  0  72  0  0  0  1  0  0  0  3  0  0  0  0  59  0  0  1  0  0  0  0  0  0  9  902  0  0  0  0  0  0  0  0  0  0  0  0  0  
2  14  0  2491  0  27  921  42896  156  44  4  1871  3  43  3459  417386  9614  29919  0  22  13  85  212  16  286  85814  103890  171356  285425  174373  16  1  18  47  21  32  98  428  36  2  75347  0  0  224  551278  474785  21  1223  27757  2880  0  19777  274  6352  123  203  2  0  0  100  592  3  11  0  200  8342  172064  18190  130701  0  908  242  3005  62  0  0  3084  0  0  1  44  289  118  0  0  0  0  0  0  1253  1  2  1  11  1  0  4  13  0  0  659  0  5  8027  14  2  0  0  4  0  0  0  0  0  70  0  0  1  11  26503  2  3  1  0  1  0  1  1  0  8  0  0  0  0  1  0  50  0  0  35  12  0  17  0  13265  1  1  0  
0  3  2100  0  0  22  162  1828  268  15  0  139831  1  30  1721  7433  46098  28678  0  0  3  5  72  0  1  272042  0  181096  85621  102  0  2  4754  7200  8  61950  6  28  43  0  79432  0  1  50  565441  10272  17  2112  252256  181  1  17852  42  1082  0  1  0  0  0  10  68  1  1  1  212  3100  46  142907  578  0  2634  9  11225  1996  0  0  0  2  0  4  26  16  1  0  0  0  0  0  0  7  1  1  0  0  0  4  0  5  0  0  0  0  2  0  2  2  0  0  1  0  0  0  0  0  10  0  0  0  14  5  1  4  1  0  0  0  0  0  0  0  0  0  0  0  0  0  13  0  0  9  6  2  12  0  0  0  0  0  
158380  0  0  0  0  39232  5  2  0  0  0  1  0  6  129349  316511  0  0  0  0  0  0  0  340  0  0  0  0  0  0  29905  395  0  0  0  0  0  0  1  0  0  0  0  0  0  0  209  3  2  1  0  1  117633  0  0  0  0  0  0  0  1  46  5374  553  0  47  0  0  0  198579  0  0  0  0  0  0  0  0  12  464  2  3  0  0  0  0  0  0  0  233  0  0  0  0  0  0  0  0  0  0  0  0  0  0  8  0  0  0  0  0  0  0  0  0  0  0  0  0  0  1  0  0  0  0  0  0  0  0  0  0  0  0  0  0  0  0  0  0  0  2  0  0  0  38  0  0  0  0  
73905  10  67  13  42726  0  190967  2002  0  61  0  944  253  12640  11305  851141  60  142  0  1  14  55  169  12903  0  8  0  0  9  1  117169  36497  6  11  246  0  165  6  2353  162  18  0  0  198  56  25  11649  1414  1183  1903  3  32045  96229  6428  0  0  0  0  0  2  486  31874  23419  32598  1  221491  1  45  41  422700  2  6  74  10  360  0  5  4  217  576835  33231  16717  12  11  1  2  0  13  196  50658  12  153  1  0  3  22  79  786  0  0  9  0  6  0  2657  805  0  0  64  0  2  3  14  8  463  1  0  14  51  27  298  321  151  1  5  33  2280  35  0  13  0  0  9  4  20  848  2456  334  0  63427  49  8  53  4858  2  5  31  0  
156  16  939  89  13  174621  0  264668  28  116  0  11035  189  2739  1617  376324  1558  5001  0  0  41  252  345  76  0  431  0  0  170  11  251  155  10  41  80  3  235  5  897  296  132  1  3  565  1605  558  698  1907  16308  4121  5  52158  18582  116261  0  1  2  0  0  19  1114  3168  778  122  16  172502  3  6840  5146  4  140  69  349  18  6  1  11  2  4  145288  425731  12860  180  8  0  0  0  0  9  1488  16  76  6  0  5  38  91  120  0  2  7  0  9  0  248  127  0  1  61  0  4  0  0  0  175  1  4  19  113  42  29  92  20  2  26  1  60  4  0  11  0  3  27  5  64  29  411  6  0  35907  103  40  91  17  1  4  44  0  
2  18  56628  4289  1  416  355361  0  183907  613  0  1201  21  194  904  337615  19164  11821  0  2  78  108  414  60  0  3523  0  17  3904  759  95  24  8  95  135  13  103  21  203  14  2888  3  2  6080  7401  269723  105  4174  19168  2506  10  4584  336  81516  0  1  0  0  0  58  647  13  138  0  5070  312053  702  5282  52252  0  7994  99  552  23  0  1  24  1  0  60  35476  114922  30264  4  0  0  0  0  3  842  5  31  0  0  6  12  39  70  0  30  6  0  3  33  63  30  0  0  18  0  1  2  0  0  448  0  0  5  58  15234  25  29  13  2  8  0  12  8  0  19  0  0  5  1  14  0  243  0  0  218793  43  10  96  1  787  3  11  0  
0  0  87  637  0  3  20  136208  0  56865  0  28  2  10  7  498  475  270  0  0  1  40  24  0  10  7662  0  2  827  147513  0  0  5  50  0  23  3  26  6  0  8762  0  0  16880  16803  165678  2  150  563  22  0  91  5  24  1  1  0  0  0  0  11  0  1  0  11784  129216  656  55  265  0  183200  18  498  26  0  0  0  0  0  2  1  87  57361  112  2  0  0  0  0  4  0  1  0  0  0  21  5  1  0  57  3  0  0  2  0  0  0  2  0  0  1  1  0  0  1116  0  0  0  1  1317  0  25  1  1  0  0  0  0  0  16  0  0  0  1  7  0  1  0  3  14778  24  1  0  0  18941  0  6  0  
2  104  63  1  0  39  1003  440  46774  0  425  20  22  38  10  552  640  527  1  2382  93  1883  549  1  21  177  61  0  3  56520  2  0  4  86  364  4  105  18  115  0  41  1  4  359753  362  136  251  7296  1127  1223  55  56  56  107  14  534  14  182  0  184  80556  4  27  4  80307  321432  2409  23  46  0  317  196  4616  5  2  13  5  30  10  2431  411  353  613  942  207  0  1  0  17  108  132  109  36  19  25  286  5502  1281  25  27  61  0  10  31  58  46  0  218  554  0  77  1233  0  0  27591  42  58  687  74  108  74  21337  876  209  1592  1  70  9  28  1706  2  111  522  822  6117  17  1649  11  61  109447  24  210  66  173  149  1979  6953  0  
0  493  0  0  0  0  0  0  0  183  0  0  0  0  0  0  2  0  15700  593541  17  42576  0  0  23  109  1199  1  0  1377  0  0  0  1  0  0  0  9  0  0  5  157240  0  615646  58  3  0  4  1  0  655  1  0  0  34  1454  76448  36938  4  6  13  0  0  0  583811  16  508  0  0  0  0  16  3798  1  0  0  0  0  0  0  0  0  0  15  83733  0  0  0  0  0  0  0  0  8466  0  46313  7  0  0  0  1  0  0  18528  0  0  0  0  0  0  0  0  0  0  6  5610  0  7306  0  0  0  0  0  0  0  0  0  0  0  0  0  0  0  0  48  0  0  0  3934  0  0  0  0  0  0  0  0  0  
5  7  3507  132928  1  1828  26675  4123  36  67  0  0  11  172824  423  82038  9162  16208  0  1  15  363  452  21  0  961  0  2  512  12  27  12  946  3243  4239  69  252  15  5007  61462  1104  0  0  714  6206  1063  90  11286  476803  5528  2  311030  4909  10007  0  2  0  0  0  10  1130  125  52  4  58  513  2  178027  3400  0  275  53  707  81  0  0  8  0  0  3  59  78  3  0  0  0  0  0  0  31  2  2  0  0  1  1  3  10  0  0  9  0  3  0  13  4  0  0  3  0  0  0  0  0  11  0  0  1  24  40  2  4  0  0  0  0  1  3  0  10  0  0  0  0  3  0  43  0  0  30  27  0  23  0  0  1  3  0  
66  1  6  1  12  4668  1839  161  1  31  0  21  0  25826  137  1141  5  4119  0  0  2  50  81  207890  0  4  0  0  0  0  332  332  1  4  31  0  103  3  155926  59  3  0  0  149  9  2  308694  987  18034  1086  1  100  629  95  0  0  0  0  0  1  300  31208  1125  178  0  113  0  15  11  8  0  6  18  2  0  0  5  0  0  23  77  36  1  0  0  0  0  0  1  10  1  10  0  0  0  4  4  16  0  1  1  0  0  0  17  39  0  0  13  0  1  0  0  0  78  0  0  3  7  8  1  50  3  2  1  0  1  1  0  1  0  0  1  0  2  1  15  0  0  19  13  1  14  2  0  1  6  0  
537  0  98  6  10  58597  11193  382  1  15  0  165716  28549  0  1155  24756  15  1609  0  0  4  53  66  1344  0  11  0  0  4  1  430  635  1  3  12  0  52  0  289341  173545  2  0  0  127  144  13  395  363  120594  808  2  207476  13263  1721  0  0  0  0  0  0  219  239995  1134  592  1  185  0  61  54  19  4  4  20  1  0  0  1  0  1  20  61  21  0  1  0  0  0  0  1  13  4  7  1  0  0  1  6  6  0  0  0  0  1  0  22  27  0  0  9  0  0  2  0  0  60  0  0  3  6  7  3  42  2  0  2  0  3  0  0  0  0  1  1  0  7  2  27  0  0  11  15  2  7  1  1  3  9  0  
303700  1  2179  112  167250  5976  3047  857  3  7  0  608  23  450  0  425110  209  459  0  0  5  16  30  61389  1  894  0  3  3867  3  653  780  1  549  9  77  24  1  134  30  4028  0  0  35  3137  68  1235  186  1585  346  1  1532139  1669106  957278  0  0  0  0  0  1  105  182228  865  36901  0  146  1  346931  165410  135  20  7  862  63  0  0  2  0  0  40  43  26  0  1  1  0  0  0  0  6  1  6  1  0  0  1  7  19  0  0  1  0  0  0  23  9  0  0  7  0  0  0  0  0  33  0  1  1  8  5  3  17  0  0  4  0  5  0  0  2  0  0  3  1  4  0  69  0  0  35  11  1  13  1  1  0  5  0  
35461  40  338562  1411  381397  1048172  376288  329877  165  179  2  23085  93  6909  428775  0  38160  65964  0  1  83  409  1080  4013  0  3033  0  3  33149  76  5288  3302  38  183  163  40  299  52  1301  720  1107  0  2  809  93625  12689  3572  6000  66320  11305  15  114778  409222  1865676  0  3  2  0  0  184  2421  67917  5575  3678  158  3000  14  109339  340575  142982  855  364  1931  101  0  0  3536  1  45  11408  32184  28067  1143  1  0  0  0  0  3  149987  12  29  5  0  5  6  58  150  2  0  16  0  15  195  115  41  0  0  47  0  1  2  0  0  138  0  0  9  62  14893  15  70  14  0  10  0  7  41  0  33  1  0  15  2  30  2  516  3  0  2516  66  12  89  35  124  3  20  0  
3  231  6725  14676  0  30  1156  2696  152  415  7  2611  5  53  689  17346  0  182364  1  4  184  482  27631  3224  1  80360  0  24  154  44  1005  50  6465  5662  71896  917  1163  88  30  6  195120  3  27  1290  19640  4181  109  300405  165475  13246  51  5838  68  695  1  7  42  0  2  519  5147  4  63912  2  227  6398  82  2990  2447  4  1052  811  17618  1091  0  0  28  0  0  13  145  381  35  0  0  0  0  0  0  77  2  6  0  0  0  2  2  3  0  2  16  0  15  0  70  18  0  0  1  0  0  0  0  0  103  1  0  0  48  148  5  8  3  0  0  0  0  2  0  30  0  1  1  2  1  0  13  0  0  193  53  1  78  7  11  1  4  0  
5  34  11641  1733  1  790  3889  2200  124  682  0  3966  2978  2384  191  43777  163412  0  0  1  62  2412  21345  52300  0  5605  0  16  552  30  416  75  29  2647  15167  237  9340  109  6742  1597  3801  1  41  6759  26969  3000  338533  171415  272035  68424  11  2803  1439  1779  0  3  4  0  0  272  14286  43  141270  4  147  2365  32  3051  4105  3  735  1396  7098  283  0  0  15  0  0  18  102  185  14  1  0  0  0  0  0  50  1  2  0  0  1  1  1  4  0  2  6  0  7  0  38  24  0  0  2  0  1  0  0  0  26  0  0  1  40  78  2  3  2  0  1  0  0  0  0  22  0  1  1  1  3  0  15  0  0  79  27  0  81  2  2  1  3  0  
0  804339  0  0  0  0  0  0  0  20  5686  0  0  0  0  0  0  0  0  91004  181  2017  0  0  145437  0  182  0  0  1  0  0  0  2  0  0  72020  13339  0  0  0  218198  0  9808  0  0  0  5  0  8  17365  0  0  0  0  9347  1300348  541709  250113  8382  356  0  0  0  352  15  43  0  0  0  0  2129  530299  0  0  0  0  0  0  0  0  0  0  0  0  0  0  0  0  0  0  0  0  0  2  5  0  0  0  0  0  0  0  0  0  0  0  0  0  0  0  0  0  0  0  0  0  0  0  0  0  0  0  0  0  0  0  0  0  0  0  0  0  0  0  0  0  0  0  0  0  0  0  0  0  0  0  0  
0  8252  0  2  0  0  5  1  0  1865  538832  0  0  0  0  2  10  2  112755  0  6  964  0  0  250  996  108973  9  0  855  0  0  7  2  0  2  6  50  0  0  31  173050  0  73480  1026  19  0  9  4  0  1923  1  0  1  227  167334  346277  343280  81  54  39  0  0  0  244255  76  7187  0  0  0  8  137  51488  7  0  0  0  0  0  1  0  0  0  0  20414  0  0  0  0  0  0  0  0  4  0  79  0  0  0  0  0  0  0  2  0  0  0  0  0  0  0  0  0  0  43  546  0  4  0  0  0  11  1  0  0  0  0  0  0  0  0  0  0  0  1  0  2  0  8  2  0  0  0  0  0  0  1  0  
0  319015  10  4  0  66  177  105  0  16  10  9  7  22  0  124  54  42  296  1  0  91436  320301  1  11  6  0  0  0  17  5  4  7  5764  1588  0  18951  1129  29  0  2  87  647  115  16  10  64  1983  155  329740  153304  23  32  26  0  19  6323  0  119301  556432  1008953  4  34  0  10  51  30  6  3  0  1  4529  67584  0  1  1  110  173  0  26  781  710  417  21  1  1  0  5  5  564  4  37  0  1  93792  20391  1925  2  0  61  305  0  102  2  1  6  0  1  2  0  1056  3  0  0  2905  8  9  4  2357  517  33  260  129  698  1  36  19  94  0  780  0  0  1  245  10899  6  5  0  0  91  1836  80  824  1  132  3  15  0  
2  45565  73  5  0  80  324  74  55  40464  49398  127  95  253  23  597  991  1497  1371  286  112361  0  106672  3  1  19  70  0  2  75068  1  10  2  81  2925  1  257  32  602  6  3  285729  8  962658  67  16  1094  17462  4888  3467  309928  223  185  68  0  28  76047  2554  23  404  871376  31  123  1  100117  17556  16  35  107  0  4  426  7333  0  0  0  6  6  0  123  74  133  75  816  4933  0  0  1  2  35  3  4  2  0  3443  65084  961  69  1  5  12  0  11  46  4  5  0  7  9  1  21  18  0  0  788  1271  7  1229  87  56  2  1000  49  24  5  1  5  4  3  35  0  2  34  22  1084  1  64  0  20  694  68  9  41  13  14  30  201  0  
12  388  317  10  4  378  728  313  4  467  0  367  281  861  58  2375  24523  30385  2  0  238449  69790  0  754  0  80  0  0  14  1  543  241  2  11408  377078  2  28656  115  2109  10  18  1  440283  17882  199  91  7468  106020  18957  313695  49  751  765  237  0  2  44  0  0  1945  251529  103  32217  5  2  223  5  119  460  3  23  832  1878  3  0  1  21  8  1  55  252  229  28  2  0  0  0  0  3  124  2  47  0  0  515  51  27  9  0  1  16  0  23  0  28  40  0  1  2  0  9  1  0  0  129  0  2  2  137  65  22  42  20  10  0  1  19  16  0  32  0  0  5  5  39  4  19  1  0  64  82  48  168  3  10  0  8  0  
137433  0  52  0  708  17780  101  28  0  2  0  2  184837  1185  65045  6005  2547  29863  0  0  1  8  3236  0  0  0  0  0  2  0  72051  3952  0  0  5710  0  5  0  1030  0  0  0  1211  9  16  2  313995  12855  29  23  0  942  11204  523  0  0  0  0  0  1  23  163449  629457  1045893  0  91  0  6  56  6037  0  0  1  0  0  0  0  0  0  48  4  4  0  0  0  0  0  0  0  2  10  12  0  0  0  0  8  515  0  0  0  0  0  0  461  85  0  0  62  0  0  0  0  0  3  0  1  0  0  0  0  2  0  0  1  0  0  0  0  0  0  0  0  0  2  0  1408  0  0  1  1  0  0  11  0  0  1  0  
0  58  5  0  0  0  1  0  0  50  97  0  0  0  0  0  0  0  214029  277  108  29  0  0  0  417058  141587  44  0  99  0  0  2  10  0  210  10  613  0  0  57  2  0  635  20505  48  0  5  1  3  9  0  0  0  329042  1210345  113  51539  80  1036  45  0  0  0  4918  20  101792  0  0  0  58  151  984382  3  0  0  0  0  0  2  0  0  0  0  0  0  0  0  0  0  0  0  0  0  0  0  2  0  0  0  0  0  0  0  1  0  0  0  0  0  0  0  0  0  59  0  0  1  0  0  0  14  0  0  1  0  0  0  0  0  0  0  0  1  0  0  2  0  0  0  0  0  0  0  0  0  4  0  
0  7  2272  197770  0  4  63  517  347  583  153  83  2  23  2146  4251  18419  3438  3  551  16  20  107  0  439735  0  2767  154697  2856  3579  0  0  418  60016  10  448029  5  11425  12  1  474642  2  0  2820  369949  71852  5  1221  3034  134  3  9143  12  452  236214  143063  3  32  0  111  92  1  0  1  15252  8939  1028348  14700  376  0  10457  2306  275588  2917  0  0  0  0  0  8  2  12  0  0  0  0  0  0  0  1  1  0  0  0  0  0  2  0  0  1  1  0  0  0  0  0  0  0  0  0  0  1  0  0  1568  0  1  1  1  4  0  56  2  0  4  0  0  0  0  0  0  0  0  0  1  0  5  0  0  105  2  0  1  0  2  0  5  0  
0  0  146162  0  0  0  0  3  0  20  194  0  0  0  0  0  0  0  2  104218  2  4  0  0  116817  20588  0  2306  0  447066  0  0  0  0  0  0  0  15  0  0  12173  0  0  528  28906  42683  0  2  0  0  1  0  0  0  0  1745170  1  131  0  14  9  0  0  0  119717  9  790372  0  0  0  3015  50  10623  0  0  0  0  0  0  1  0  0  0  0  0  0  0  0  0  0  0  0  0  38  0  0  1  0  0  0  57  0  0  416  0  0  0  0  0  0  0  0  0  0  115  0  0  0  0  0  0  6  0  0  0  0  0  0  0  0  0  0  0  0  0  0  0  0  0  0  0  0  0  0  20  0  1  0  
0  0  265193  252577  0  0  3  81  4  0  0  12  0  0  17  44  597  852  0  2  0  0  0  0  1  316959  1154  0  61774  1265  0  0  0  106  0  13  0  5  0  0  963  0  0  45  1932964  819  0  31  98  7  0  139  1  14  1  53  0  1  0  1  4  0  0  0  218  18  946764  112  971  0  65  13  351  12  0  0  16  0  0  0  0  0  0  0  0  0  0  0  0  0  0  0  0  0  0  0  0  0  0  0  38  0  0  173  0  0  0  0  0  0  0  0  0  0  28  0  0  0  0  42  0  0  0  0  0  0  0  0  0  0  0  0  0  0  0  0  0  0  0  0  0  0  0  0  85  0  0  0  
0  4  335329  91125  0  22  463  9943  60  13  0  245  1  12  22038  123231  1360  4579  0  0  3  26  47  13  1  1915  0  109869  0  36  18  1  16  638  10  121  13  8  8  0  1649  0  0  49  1335837  6523  5  202  3992  573  3  2300  31  95564  0  1  0  0  0  12  127  0  5  0  45  835  5  517847  1203797  0  1393  15  2557  123  0  0  63  0  0  1  15  11  2  0  0  0  0  0  0  28  0  1  0  0  0  0  4  16  0  0  0  0  0  2  3  1  0  0  2  0  0  0  0  0  2  0  0  0  4  60  1  1  0  0  0  0  0  0  0  4  0  0  1  0  1  0  35  0  0  7  2  2  4  0  2  0  1  0  
0  1  196361  19  0  1  61  1612  92414  35715  1392  0  0  0  0  115  21  14  0  3491  41  59275  6  0  410  24586  532905  1157  10  0  0  0  2  11  0  6  4  198  3  0  6461  0  1  59327  25427  662563  0  40  30  7  2  5  0  1  13  43543  2  6  0  34  120  0  1  0  944226  7499  306828  5  5  0  649737  585  3844  10  0  1  9  3  2  270  29  281  3064  3175  297  0  0  0  4  25  9  7  3  381  7  1724  1094  171  1  0  1144  0  1  62069  9  2  0  12  30  0  3  52  0  0  1472  0  2  529  10  4075  8  1887  79  1  23  0  7  0  7  28  0  8  50  63  2714  3  202  5  2543  7584  2  15  2  20  111056  89  479  0  
25194  0  66  0  40818  133590  370  51  0  3  0  4  13  200  339  5796  341  166  0  0  5  2  1356  89767  0  0  0  0  5  0  0  70946  0  1  4258  0  15  0  170  0  0  0  2  9  14  7  1841  778  85  533  0  177  2536  53  0  0  0  0  0  0  43  282  382084  9124  1  1424  0  16  66  461942  0  0  6  0  1  0  0  0  0  76212  23  2  1  0  0  0  0  0  0  5  14  34  0  0  0  0  91  2088  0  0  0  0  0  0  32232  5711  0  0  95  0  0  0  0  0  6  0  0  0  3  2  38  3  0  0  0  0  1  0  0  0  0  0  0  0  0  0  8206  0  0  6  1  0  0  30509  0  1  1  0  
12061  3  23  4  3067  59145  980  249  0  17  0  4  85  731  1245  7578  49  39  0  0  11  18  404  12131  0  2  0  0  1  1  77505  0  1  5  1608  1  156  2  598  3  5  0  3  50  17  3  5962  2117  339  3320  1  364  13293  127  0  0  0  0  0  1  209  1143  125598  46781  0  15080  0  7  11  29475  2  0  30  1  0  0  7  0  0  14160  133  78  2  1  0  0  0  0  0  24  6  21  0  0  0  1  30  140  0  0  3  0  3  0  1069  4940  0  1  27  0  0  3  0  0  183  0  0  1  8  7  15  160  3  1  3  0  9  3  0  3  0  0  3  2  7  1  187  1  0  83  8  2  13  4297  2  3  12  0  
0  11  26  1554  0  22  93  40  21  498  1  1432  7  48  6  166  17021  314  0  15  19  48  31  0  1  379  0  0  6  4  0  0  0  152766  25607  17868  2  48  66  1  150534  3  0  176  222  364  22  510425  920  22  6  66  22  21  3  14  12  0  0  9  312  3  1  0  255  2288  150  364  13  0  123  38  17888  203674  0  0  1  0  0  0  10  7  0  0  0  0  0  0  0  1  0  1  0  0  0  0  0  1  0  0  0  0  0  0  1  0  0  0  0  0  0  0  0  0  22  0  0  0  1  0  1  2  0  0  1  0  0  0  0  1  0  0  0  0  0  0  1  0  0  69  0  0  3  0  0  0  0  0  
1  347  9  17569  0  10  26  8  0  90  3  1114  7  35  10  87  877  331  1  3  1430  101  3577  0  1  72248  0  0  8  3  3  3  148680  0  152489  548639  664  17790  39  1  17682  0  11096  267  2433  49  58  379641  1125  46438  94  57  21  12  43  5  28  0  1  117  23558  0  7  0  53  417  48  162  7  0  31  1243  654112  216052  0  0  1  0  0  0  4  11  2  0  0  0  0  0  0  4  0  0  0  0  0  0  0  0  0  0  0  0  1  0  0  1  0  0  0  0  0  0  0  0  16  0  0  0  2  4  0  2  0  0  0  0  1  0  0  0  0  0  0  0  0  0  0  0  0  5  2  0  4  0  0  0  1  0  
11  4  18  0  2  137  64  31  1  75  0  1657  60  93  7  206  72759  14743  0  0  1061  373  240449  1057  0  7  0  0  2  0  1031  310  20658  154649  0  0  146  200  675  1  2  0  181054  759  11  12  4930  404654  4939  21197  2  36  130  15  0  0  1  0  0  10  14003  49  26220  3  1  46  0  30  25  3  3  78  585  0  0  0  6  0  0  36  40  70  4  0  0  0  0  0  0  16  0  1  0  0  4  2  3  5  0  1  1  0  5  0  41  55  0  0  3  0  0  0  0  0  9  0  0  0  15  26  3  7  0  0  0  0  1  4  0  5  0  0  0  0  1  0  5  0  0  16  7  0  29  9  2  0  1  0  
0  4  8  59328  0  3  14  17  5  192  5  22  0  9  5  53  594  102  1  8  7  29  11  0  15  769682  2  2  9  227  0  0  13664  612637  1  0  1  1337  17  0  476840  0  0  93  8521  1104  3  7016  195  5  8  26  9  9  6  32  4  1  0  9  291  0  1  0  1383  793  492  45  4  0  548  146  86561  322175  0  0  1  0  0  0  10  4  1  0  0  0  0  0  0  3  0  0  0  0  0  0  0  0  0  0  0  0  0  0  0  0  0  0  0  0  0  0  0  0  36  0  0  0  0  2  0  6  0  0  0  0  0  0  0  2  0  0  0  0  0  0  0  0  0  29  0  0  1  0  1  0  0  0  
0  73832  37  0  0  10  32  6  0  16  4  46  9  7  4  183  300  873  54263  4  7146  146  19596  0  32  17  0  0  1  0  1  2  3  400  14  1  0  239929  36  1  4  301  179647  133  124  12  74  1914  1328  315555  1109  25  15  10  0  127  2509  0  236661  741562  1422  1  4  0  78  13  289  5  62  0  5  917443  71445  3  0  0  1  3  0  3  38  48  8  0  0  0  0  0  0  16  0  1  0  0  1725  444  100  0  0  1  6  0  3  0  0  0  0  0  0  0  64  0  0  0  40  2  0  0  56  15  0  6  2  38  0  1  0  1  0  13  0  0  0  9  163  0  0  0  0  9  25  4  33  0  2  0  0  0  
0  10012  1  6  0  29  18  3  2  49  12  2  1  2  0  22  74  84  20151  7  356  59  10  0  96  299  1  3  0  7  0  0  266  20689  65  34  254603  0  4  0  178  1  117119  147  1337  129  11  1855  90  100713  197  6  0  6  4  97  407  1  286512  15515  2606  0  0  0  785  276  606  2  5  0  42  1039888  1162723  35  0  0  0  0  0  0  0  1  0  0  0  0  0  0  0  0  0  0  0  0  0  0  0  0  0  0  0  0  0  0  0  0  0  0  0  0  0  0  0  0  12  0  0  0  0  0  0  1  0  0  0  0  0  0  0  1  0  0  0  0  0  0  0  0  0  48  0  0  0  0  0  0  0  0  
455  3  72  5  29  53811  9881  538  0  49  0  3419  133653  227830  815  13810  32  6790  0  0  4  107  183  277  0  5  0  0  5  4  998  1064  3  9  113  1  216  2  0  57845  6  0  2  296  68  12  55153  2375  102575  2375  2  11268  8698  980  0  0  1  0  0  3  698  1487  6184  356  0  438  0  85  61  25  3  4  51  2  0  0  4  2  0  66  161  84  2  6  0  0  0  0  4  23  5  17  0  0  0  7  25  27  0  0  5  0  3  0  56  81  0  1  23  0  0  3  0  0  202  0  0  5  37  20  4  118  3  0  4  0  12  4  0  5  0  1  5  2  17  1  71  1  0  26  37  6  26  4  1  2  17  0  
2  0  64  2  0  1888  627  90  0  9  0  92004  30  227035  40  1742  3  1041  0  0  1  30  27  2  0  6  0  0  1  0  15  11  0  5  3  1  22  0  64948  0  1  0  0  46  99  14  49  162  90182  361  1  1135  1247  134  0  0  0  0  0  0  103  42  88  6  0  18  0  19  10  0  7  0  12  1  0  0  1  0  0  2  7  3  2  1  0  0  0  0  0  2  0  1  0  0  0  1  0  0  0  0  2  0  0  1  3  2  0  0  0  0  0  0  0  0  4  0  0  0  2  3  0  2  0  0  0  1  0  0  0  0  0  0  0  0  0  0  3  0  0  1  2  0  1  0  1  0  0  0  
1  10  1568  35582  0  11  83  289  212  1719  23  370  1  26  6072  4237  146296  6632  0  75  18  18  243  0  278  448739  221  51  10454  1058  0  0  132454  105660  21  271881  8  586  21  0  0  0  0  545  117340  25032  4  111473  85550  243  5  23718  59  1674  215  310  3  5  0  36  185  1  3  0  5696  8815  21475  34449  374  0  6508  877  128140  177116  0  0  0  0  0  1  5  17  2  1  0  0  0  0  0  1  0  1  0  0  0  1  1  1  0  0  0  0  0  0  0  1  0  0  0  0  0  2  0  0  597  0  0  0  2  2  0  35  0  0  0  0  0  0  0  0  0  0  1  0  0  0  3  0  0  294  3  0  0  0  3  1  1  0  
0  243727  0  0  0  0  0  0  0  0  83562  0  0  0  0  0  0  0  169886  123222  47  293344  0  0  0  0  0  0  0  0  0  0  0  0  0  0  6  0  0  0  0  0  0  268969  0  0  0  0  0  0  91856  0  0  0  0  0  302843  226  0  1  1  0  0  0  1  0  0  0  0  0  0  0  15  0  0  0  0  0  0  0  0  0  0  0  1139  0  0  0  0  0  0  0  0  0  0  4318  0  0  0  0  0  0  0  0  0  0  0  0  0  0  0  0  0  0  0  1069  0  75  0  0  0  0  0  0  0  0  0  0  0  0  0  0  0  0  3  0  0  0  0  0  0  0  0  0  0  0  0  0  
0  0  2  1  0  1  4  6  0  0  0  0  0  0  0  4  31  30  0  0  789  8  332584  3141  0  0  0  0  0  0  3  0  0  27157  176416  0  189419  134880  0  0  0  0  0  7  0  1  1235  122  4  263975  0  1  0  1  0  0  0  0  0  185  3056  0  39  2  0  5  0  0  2  0  0  2318  3149  0  0  0  0  1  0  1  2  1  0  0  0  0  0  0  0  0  0  1  0  0  65  0  0  0  0  0  0  0  0  0  0  0  0  0  0  0  0  0  0  0  1  0  0  0  3  1  3  0  0  1  0  0  0  1  0  1  0  0  0  0  5  0  0  0  0  0  1  1  0  0  0  0  0  0  
3  4874  102  4  0  90  644  3396  7910  454564  590587  82  96  189  16  693  865  1525  10299  48450  85  842019  15980  3  85  1485  2772  18  9  61931  9  20  19  189  4116  8  584  78  620  4  148  208533  6  0  3956  4323  1427  24501  3774  5177  23975  140  190  84  100  5917  204898  50788  6  295  174925  26  214  4  631866  55678  14161  31  97  1  390  732  17177  25  1  0  9  4  12  1133  139  243  38  554  11169  0  0  0  15  69  53  33  26  0  6  5099  2877  752  13  5  7  0  2  5  23  23  0  76  178  1  23  457  0  0  4443  3617  12  687  38  61  32  8247  348  19  31  1  30  7  17  136  0  16  248  333  3767  19  687  8  17  14928  11  60  24  95  15  677  2930  0  
0  22  528311  454192  0  21  333  4760  474  335  57  1384  2  26  9062  184007  38384  51194  0  207  31  47  151  4  806  381530  2829  1424045  1256294  3664  6  4  342  9429  16  1982  23  4392  32  1  52081  1  0  1906  0  33255  11  4111  34466  1141  9  31092  191  3383  369  1510  5  9  0  139  483  2  7  0  12058  4767  346324  219696  114022  1  8128  6907  80217  2288  0  0  30  0  0  4  24  24  1  1  0  0  0  0  0  11  0  3  1  0  0  2  2  5  0  1  0  0  0  53  6  4  0  0  0  0  0  0  0  0  402  0  0  0  9  89  3  8  0  0  1  0  0  1  0  2  0  0  2  0  2  1  25  0  0  32  8  0  17  0  4  0  4  0  
1  4  365898  5938  0  8  174  228808  209295  69  18  221  6  67  214  12947  3926  2061  0  43  10  10  107  0  194  146687  70789  204  31969  572574  0  3  17  115  10  45  15  544  86  0  83788  0  0  3570  97236  0  17  837  3951  193  0  1251  41  2545  90  32925  1  4  0  16  59  0  14  0  14406  43179  46314  1762  75357  0  193750  535  5457  68  0  0  8  0  0  3  19  780  9953  0  0  0  0  0  0  125  0  4  1  0  1  0  0  2  0  0  1  0  0  547  1  2  0  1  1  0  0  0  0  0  680  0  0  0  1  10016  2  14  0  0  1  0  2  1  0  0  0  0  0  0  0  0  2  0  0  79  2  1  3  0  26525  0  0  0  
6153  5  14  5  552  13278  2276  218  0  399  0  20  172618  730  1601  5097  484  255746  0  0  7  1254  6895  398638  0  3  0  0  3  0  1331  3004  0  80  9368  1  3714  63  43229  10  2  0  559  3671  10  8  0  175778  68557  35999  4  460  11762  284  0  0  1  0  0  1  9874  7078  122956  67252  1  183  0  15  14  3525  2  63  374  0  0  0  6  0  0  48  115  92  9  2  0  0  0  0  0  28  1  13  1  0  1  3  16  18  0  1  1  0  4  0  23  57  0  0  10  0  0  0  0  0  110  0  0  2  33  21  3  69  2  1  4  0  8  2  0  9  0  0  4  2  3  0  37  1  0  35  19  0  28  2  3  1  8  0  
16  4643  1335  377  2  392  4194  1664  25  2653  25  3500  432  730  220  6021  302214  61316  9  16  6238  4074  53232  15405  9  8424  3  2  78  16  320  259  377352  164302  318645  2009  1657  1988  2115  19  100841  8  338  10650  2358  1131  32521  0  34350  92362  1193  1688  737  501  6  20  389  2  25  3648  185551  103  5432  4  358  6422  164  572  1188  4  254  3596  245599  5448  1  0  143  4  0  60  882  2035  216  6  0  0  0  1  1  463  2  25  1  0  1  5  7  9  1  8  111  0  68  3  15  64  0  0  1  0  0  1  0  0  349  0  0  4  320  886  22  93  12  0  1  0  18  14  0  207  0  0  3  2  5  1  13  0  1  810  317  11  450  9  47  6  14  0  
44  58  17403  288167  5  11848  24290  11144  516  908  2  519477  18746  142478  1640  93345  235641  343208  0  5  122  3431  4765  103  0  21853  0  50  1054  219  149  123  1056  5348  3774  918  4381  148  165335  77074  161882  1  2  8393  57226  13204  79969  53066  0  58916  17  34220  12724  6036  1  5  6  0  0  199  14993  621  943  46  719  6731  60  165975  5519  0  3828  788  13500  859  0  1  37  1  0  31  348  446  29  5  0  0  0  0  0  139  4  30  2  0  5  18  45  34  0  1  31  0  24  0  152  40  0  1  22  0  0  0  0  0  76  0  2  12  130  154  19  25  7  0  13  0  8  9  0  58  0  1  17  0  29  1  159  1  0  173  112  18  146  6  14  3  21  0  
29  1709  308  6  9  742  772  175  4  381  1  401  496  1302  109  2530  1563  6803  2  0  317419  1061  340860  35  0  53  0  0  14  1  907  1095  1  48104  9242  1  308683  103285  2530  10  7  2  133499  3215  166  67  5400  62890  15047  0  237  963  1515  218  0  2  214  0  13  507294  239098  128  2047  11  3  148  4  93  435  7  27  143754  259305  3  1  0  14  6  0  126  140  235  35  1  0  0  0  1  0  94  1  3  0  0  6075  186  176  2  0  2  22  0  15  0  13  145  0  0  0  0  111  1  0  0  162  3  0  0  182  84  7  24  15  74  1  3  2  4  0  49  0  0  0  21  438  0  9  0  0  48  120  11  96  17  13  1  1  0  
0  156672  0  0  0  0  0  0  0  793  126  0  0  0  0  0  4  0  4623  275  89237  269429  0  0  0  2  7  0  0  0  0  0  17  128  0  19  187  111  2  0  2  37383  0  23146  1  0  0  377  2  10  0  0  1  2  0  0  61414  153  6187  1084  170914  0  0  0  9  584  5  0  0  0  0  1471  95883  8  0  0  0  0  0  0  0  0  0  0  0  0  0  0  0  1  0  0  0  0  0  25  0  0  0  0  0  0  0  0  0  0  0  0  0  0  0  0  0  0  0  0  0  0  0  0  0  0  0  0  0  0  0  0  0  0  0  0  0  0  0  0  0  0  0  0  0  0  0  0  0  0  0  0  
1177  1  2488  1974  23  45456  27879  1346  8  32  0  228923  30  227011  1164110  132739  1073  2327  0  0  8  127  158  120  0  3483  0  5  1243  1  274  140  4  320  29  47  115  5  6881  2212  5679  0  1  279  4164  269  561  1048  13701  1959  4  0  380541  423883  0  0  1  0  0  2  496  124483  1403  3509  16  218  2  490128  4051  3  67  19  734  41  0  0  1  3  0  11  66  31  3  1  0  0  0  0  1  12  0  7  1  0  1  6  10  19  0  0  1  0  2  0  22  20  0  1  11  0  1  0  0  0  31  0  2  3  22  7  2  17  4  0  4  0  0  2  0  4  0  0  1  0  8  0  35  1  0  10  33  2  16  2  0  1  8  0  
234684  1  58  3  112478  66580  10282  171  0  25  0  1513  58  4459  1367131  293812  13  164  0  0  7  56  68  10300  0  2  0  0  1  1  1605  1413  0  6  36  1  69  3  1147  501  3  0  1  133  60  10  6632  827  1409  1073  0  329864  0  678049  0  1  0  0  0  1  278  143760  14246  17070  0  136  0  126  34  6453  2  2  18  0  0  1  1  0  0  122  58  26  2  2  0  0  0  0  0  15  0  3  0  0  1  5  4  6  0  1  3  0  1  0  13  15  0  0  4  0  0  0  0  0  42  0  0  2  12  9  1  30  1  1  1  0  3  2  0  5  0  0  6  1  6  1  21  0  1  114  18  3  13  2  0  1  1  0  
305  1  1771  78  0  4988  33700  4529  4  11  0  7804  14  1555  694192  1633903  203  728  0  0  4  32  60  81  0  146  0  2  53380  1  31  6  1  43  7  6  44  0  420  384  356  0  0  97  1107  524  123  341  1928  675  2  406846  950276  0  0  0  0  0  0  4  157  3031  71  139  4  83  0  134825  517913  1  15  5  91  8  0  0  10  0  0  1  18  17  0  0  0  0  0  0  0  96  0  3  0  0  1  5  4  10  0  0  1  0  0  0  21  8  0  0  4  0  1  0  0  0  10  0  0  0  10  5  0  3  0  0  1  0  0  0  0  0  0  0  4  1  5  0  43  0  0  2  8  1  3  1  0  0  4  0  
0  9  3  2  0  0  1  0  0  112  505  0  0  0  0  0  10  1  0  1220  14  132  1  0  478887  318816  27  21  0  7  0  0  117  351  0  289  3  393  0  0  211  3  0  2681  16959  105  0  18  2  0  19  0  0  1  0  95358  19  95  0  151  3  0  0  0  3246  28  31039  0  0  0  32  82  233394  378  0  0  0  0  0  0  0  0  0  0  0  0  0  0  0  0  0  0  0  0  0  0  0  0  0  0  0  0  0  0  0  0  0  0  0  0  0  0  0  0  8  0  0  0  0  0  0  0  0  0  0  0  0  0  0  0  0  0  0  0  0  0  0  0  0  2  0  0  0  0  0  1  0  0  
0  113  40  2  0  1  2  2  1  252  717  0  1  0  0  2  3  3  11879  202670  208  102  0  0  765811  151979  1405836  68  0  5738  0  0  5  3  0  33  20  440  0  0  1684  5  0  4481  10213  6105  0  12  5  15  44  1  0  0  20678  0  76  129592  2  1672  116  0  0  0  99263  92  922265  2  0  0  4464  636  277768  6  0  0  0  0  0  6  2  0  0  0  0  0  0  0  0  0  0  0  0  0  0  0  1  5  0  0  0  0  0  0  0  0  0  0  0  0  0  0  0  0  339  1  0  1  0  0  0  38  2  0  3  0  0  0  0  0  0  0  0  1  3  1  3  0  0  1  0  0  0  1  0  1  8  0  
0  97181  0  0  0  0  0  0  0  99  18105  1  0  0  0  1  3  0  815665  35880  2411  37841  0  0  83  3  62  0  0  0  0  0  0  4  0  1  297  285  0  0  0  187869  0  87005  0  0  0  44  0  44  108050  0  0  0  1  42  0  114886  78853  1946  3522  0  0  0  651  73  10  0  0  0  0  1825  226913  0  0  0  0  0  0  0  0  0  0  0  0  0  0  0  0  0  0  0  0  0  0  0  0  0  0  0  0  0  0  0  0  0  0  0  0  0  0  0  0  0  0  0  0  0  0  0  0  0  0  0  0  0  0  0  0  0  0  0  0  0  0  0  0  0  0  0  0  0  0  0  0  0  0  0  
0  23  0  0  0  0  0  0  0  7  10523  0  0  0  0  0  0  0  525864  289618  1  771  0  0  42167  27  2299  0  0  11  0  0  0  0  0  0  0  0  0  0  0  227  0  9624  11  1  0  0  0  0  336  0  0  0  4  116100  232892  0  57  2  4  0  0  0  17285  1  263  0  0  0  1  4  190034  0  0  0  0  0  0  0  0  0  0  0  0  0  0  0  0  0  0  0  0  0  0  0  0  0  0  0  0  0  0  0  0  0  0  0  0  0  0  0  0  0  4  0  0  0  0  0  0  0  0  0  0  0  0  0  0  0  0  0  0  0  0  0  0  0  0  0  0  0  0  0  0  0  0  0  
0  223247  0  0  0  1  4  1  0  0  5  0  0  0  0  1  4  0  237870  14  115000  63  16  0  11  0  1  0  0  0  0  0  0  7  0  0  304139  191692  0  0  1  108  2  16  4  0  1  36  0  283  12991  0  0  2  0  2  103040  2  0  238086  1728  0  1  0  9  2  10  0  0  0  0  8639  240731  3  0  0  0  0  0  0  9  4  0  0  1  0  0  0  0  3  0  0  0  0  7202  6541  141  0  0  0  1  0  1  0  0  1  0  0  0  0  94  0  0  0  2  0  0  0  4  0  1  1  0  77  1  0  0  0  0  2  0  0  0  17  1543  0  0  0  0  0  3  0  6  0  0  0  0  0  
0  108959  2  0  0  5  15  8  0  16  4  0  0  0  1  16  47  25  100  8  407366  264  597  0  154  51  0  0  0  4  0  0  6  98  1  0  390201  9550  0  0  3  33  112  48  329  1  5  914  21  265942  5200  1  1  0  4  458  3724  1  137511  0  88448  1  0  0  218  5  1076  0  1  0  1  128750  145927  0  0  0  3  5  0  1  45  28  13  1  0  0  0  0  1  16  0  5  0  0  18930  1474  753  0  0  0  11  0  1  0  0  0  0  0  0  0  497  0  0  0  118  6  1  0  83  11  1  10  3  327  1  0  0  2  0  39  0  0  0  103  1512  0  1  0  0  7  68  10  49  1  5  0  1  0  
18  18836  182  3  7  208  767  149  1  89977  13  140  139  363  31  1006  3223  2227  754  8  897675  885047  354695  11  0  104  0  0  5  29  477  485  229  30182  21035  308  1016  1900  766  1  87  2  835  226902  259  40  1516  142562  4891  219900  184710  276  359  104  0  15  5905  1  5904  62065  0  42  938  2  72  27998  61  33  146  3  13  5766  230431  115  0  0  20  5  0  93  136  294  29  24  0  0  0  0  0  68  0  7  0  0  1109  643  45  7  0  3  17  0  22  0  14  97  0  0  1  0  1  4  0  0  614  0  0  9  99  117  5  372  9  7  1  1  3  6  0  48  0  0  3  1  407  0  12  0  0  103  80  3  85  19  9  5  35  0  
28325  0  2  0  175  46593  4389  61  0  8  0  42  18524  170418  156734  78186  1  1  0  0  2  2  3  151235  0  0  0  0  0  0  363  650  1  0  3  0  4  0  829  8  1  0  0  9  1  1  3836  55  70  48  0  98800  167071  14909  0  0  0  0  0  0  21  0  1402  77319  0  146  0  4  1  31  1  0  1  0  0  0  0  0  0  14  35  23  3  0  0  0  0  0  3  3  1  8  0  0  0  2  3  8  0  0  0  0  1  0  2  18  0  0  4  0  0  1  0  0  58  0  0  1  5  3  0  38  0  1  1  0  2  0  0  1  0  0  0  0  1  1  7  0  0  8  2  1  2  1  0  0  5  0  
24529  10  28  4  3318  25336  2475  139  0  52  1  27  797  6674  3123  12608  42526  145996  0  1  67  285  76475  629485  0  3  0  0  4  1  433405  129029  0  18  109442  0  385  16  23487  15  1  0  103  498  12  12  80101  51312  6498  9531  3  2030  44255  529  0  0  4  0  1  8  1630  6883  0  146260  0  335  0  11  18  81019  3  5  93  1  1  0  17  1  0  959  103  153  10  0  0  0  0  0  0  26  4  6  0  0  2  2  34  422  0  0  4  0  10  0  5863  2096  0  0  10  0  0  0  0  0  27  0  1  1  18  34  12  15  2  0  2  0  2  1  0  8  0  0  4  0  2  0  1124  0  0  63  24  1  33  452  1  2  2  0  
83922  0  1  0  2264  77174  143  24  0  2  0  4  176  3007  26990  17164  1  0  0  0  0  1  0  1104629  0  1  0  0  0  0  2756  18421  0  0  6  0  1  0  688  2  0  0  0  1  0  0  63153  56  21  28  0  6073  49319  1096  0  0  0  0  0  0  13  57704  291103  0  0  1589  0  1  1  3699  0  0  4  0  0  0  1  0  0  104  8  5  1  0  0  0  0  0  0  3  0  0  0  0  0  1  0  1  0  0  0  0  1  0  1  7  0  0  0  0  0  0  0  0  16  0  0  0  1  0  2  18  0  0  0  0  0  0  0  0  0  0  0  0  1  1  5  0  0  16  0  0  1  0  0  0  1  0  
0  379  8  28  0  5  23  1641  1674  69212  479160  4  0  2  1  19  115  44  63  245157  1469  39187  3  0  2407  37701  121382  203  2  814038  0  0  291  147  0  125  35  846  4  0  9251  12  0  528806  38015  8592  1  227  97  14  287  5  2  3  871  125245  302  3537  2  1305  1631  1  1  0  0  24182  272812  11  3  0  22652  1764  207113  366  0  0  0  2  2  88  32  2  109  110  316  0  0  0  2  2  5  3  0  186  1  1940  59  35  0  11  128  0  2  13090  2  1  0  3  5  0  3  11  0  0  8233  2  1  104  7  4  3  692  54  8  77  0  3  2  0  14  0  1  9  7  86  2  97  0  476  96  5  12  4  7  93  24  115  0  
14613  83  2427  5407  1273  366591  175228  295620  178161  398083  56  594  106  293  320  5329  9633  4769  2  375  77  581  664  586  15  32014  21  22  1020  30708  1609  26671  56  309  248  141  83  57  318  7  19410  0  1  123068  5850  83537  2063  6521  13404  1029  56  1738  5282  490  1  339  16  27  0  90  18818  416  7388  5422  82510  0  1793  1432  997  225  24152  119  4237  232  2782  2  19  61  1391  162004  10039  401  1101  42  57  15  1  109  1574  12399  34  533  6  4  5  59  288  3194  2  1611  250  0  9  7  433  578  0  24  116  7  13  75  82  139  72068  7  7  72  124  103  1468  3002  809  32  317  196  14652  376  2  1776  0  23  39  70  392  7105  5008  1790  19  246127  399  98  84  506  716  118  497  0  
0  65  214280  242  0  0  0  88  45  368  735  3  0  0  2  7  29  9  0  2564  89  19  1  0  53076  1364910  366453  837104  1  15709  0  1  15  90  0  283  25  1469  1  0  26057  2  0  4489  591541  45173  0  32  23  15  19  3  0  1  15140  688495  11  145  1  988  123  0  0  0  22214  612  0  6  0  0  5443  3997  51048  38  0  0  0  1  0  6  1  0  0  1  0  0  0  0  0  1  1  0  0  0  0  1  2  0  0  0  10  0  0  45  1  1  0  0  0  0  1  2  0  0  1362  0  1  1  0  0  1  53  3  1  2  0  0  0  0  0  0  1  1  0  0  0  5  0  0  10  0  1  0  1  104  1  9  0  
4  4  26303  53494  1  52  4603  7252  23  21  0  130828  2  42  433573  189095  8006  15304  0  0  13  49  136  25  1  4632  0  444  536326  17  26  3  25  1394  30  245  24  11  31  0  8231  0  1  103  111811  912  18  896  52681  1205  2  479423  185  30685  1  1  0  0  0  21  228  1  10  2  42  507  11  0  169367  0  178  46  3976  211  0  0  1  0  0  3  35  32  2  1  0  0  0  0  0  13  2  4  0  0  0  1  5  24  0  0  2  0  2  0  13  5  0  0  8  0  0  0  0  0  8  0  0  1  8  13  0  0  0  0  1  0  1  2  0  2  0  0  3  0  4  0  84  0  0  10  11  1  19  0  0  0  2  0  
1  7  88441  274  0  84  8474  18745  57  23  0  1257  5  25  144527  385121  4066  10367  0  0  10  59  114  75  0  967  0  208  927255  30  78  4  9  28  17  7  74  15  22  0  277  1  0  109  92846  3980  16  546  14154  2019  1  20993  236  380008  0  0  0  0  0  35  337  1  13  1  63  2029  4  148771  0  0  612  125  441  33  0  0  29  0  0  10  92  41  3  0  0  0  0  0  0  63  4  8  0  0  1  3  14  64  0  0  3  0  3  0  38  6  0  0  15  0  0  0  0  0  9  0  0  1  16  32  5  5  3  0  1  0  3  1  0  5  0  0  4  1  6  0  257  0  0  10  13  2  11  0  1  0  8  0  
134923  1  1  1  133231  504305  84  17  0  1  0  1  8  11  64  126400  3  1  0  0  0  2  6  25106  0  0  0  0  0  0  463535  40974  0  0  25  0  2  0  11  0  1  0  0  2  1  1  1909  23  3  28  0  6  5623  7  0  0  0  0  0  0  13  99  71290  11897  0  135  1  0  1  0  0  0  1  0  1  0  0  0  33  72466  48  12  0  0  0  0  0  0  0  161  3  5  0  0  0  0  33  116  0  0  0  0  0  0  4361  154  0  0  4  0  0  0  0  0  67  0  0  0  0  0  12  69  3  0  1  0  0  1  0  2  0  0  2  0  2  0  194  0  0  10  0  0  3  8034  0  0  6  0  
0  4  366  982  0  3  44  2137  130353  167  57  41  1  14  10  211  726  378  0  203  5  2  32  0  76  53899  12343  35  1006  612239  0  0  19  46  6  32  6  496  14  0  13746  0  0  846  25974  211885  7  194  982  41  1  163  11  61  10  36805  1  12  0  34  36  0  1  0  73080  4459  126490  133  452  0  0  1019  7909  33  0  0  3  0  0  0  10  74  587  1  1  0  0  0  0  3  0  0  0  35  0  0  0  2  0  0  88  0  0  10297  0  0  0  0  1  0  0  0  0  0  410  0  0  1  1  1587  0  8  0  0  0  0  1  0  0  0  0  0  0  0  0  0  0  0  27  49  0  0  0  0  39969  0  1  0  
0  56368  99  3  0  14  28  24  1  47  8  61  3  4  5  340  536  911  466  16  2826  109  77  0  66  162  0  2  4  1  0  0  46  4480  68  13  710120  925714  9  0  61  0  654  287  630  51  16  6954  1585  133509  1791  27  7  15  2  304  3046  0  2218  162958  4128  0  2  0  608  139  1409  17  79  0  7  0  341782  14  0  0  2  0  0  0  1  9  1  0  0  0  0  0  0  5  0  1  0  0  0  0  0  0  0  0  0  0  0  0  0  0  0  0  0  0  0  0  0  0  8  0  0  0  1  7  0  1  0  0  0  0  0  0  0  0  0  0  0  1  0  0  0  0  0  28  2  0  1  0  0  0  1  0  
0  112066  90  426  1  58  146  81  32  2451  1428  69  21  76  40  400  3464  1563  436048  8368  33736  13225  275  0  1068497  332222  21275  338  70  810  6  6  36377  686793  300  80959  24695  954474  166  1  72526  298  1259  12422  179637  3865  197  256886  1543  104066  82721  267  68  53  185263  329805  131441  125052  230401  84478  239832  3  31  0  52915  2479  61220  525  53  0  1552  216684  0  95664  0  0  7  0  0  6  37  93  3  0  0  0  0  0  0  17  0  2  0  0  1  2  2  1  0  0  2  0  4  0  1  0  0  1  0  0  0  0  0  0  287  0  0  0  14  25  1  28  6  0  0  0  2  0  0  6  0  0  0  0  3  0  6  0  0  184  5  0  19  0  3  0  4  0  
1  1  30  3360  0  31  89  47  8  1453  13  95  5  43  4  117  1622  264  0  19  11  107  21  0  1  453  0  0  12  7  0  0  275059  138920  3  343350  3  47  41  0  231390  4  0  353  812  268  24  15262  518  24  11  52  25  18  3  35  17  5  0  8  151  1  2  0  680  3278  383  36  17  0  127  33  79694  0  0  0  2  0  0  2  22  18  3  1  0  0  0  0  0  5  0  3  0  0  0  1  2  1  0  0  2  0  0  0  3  2  0  0  0  0  0  0  0  0  30  0  0  0  2  2  0  2  1  0  1  0  1  1  0  1  0  0  0  0  0  1  2  0  0  148  2  0  2  0  0  0  0  0  
2  0  0  1  0  380  21  2  0  2  0  0  3  2  4  49  0  0  0  0  0  0  0  2  0  0  0  0  0  0  6  55  0  0  0  0  0  0  1  0  0  0  0  0  0  0  9  0  0  0  0  0  18  0  0  0  0  0  0  0  0  10  7  1  0  1811  0  1  0  7  0  0  0  0  0  0  0  16  293058  28791  991  2  0  0  0  9  129  29  76085  72039  7  914  0  0  0  0  11  486425  0  1  0  0  0  0  79568  109  0  0  4  0  0  4  7  29  5  0  0  0  0  0  5579  16  879  0  1  246  548251  6118  0  0  0  0  2  0  0  6520  525  187005  0  861  1  21  0  11278  0  3  2  0  
0  0  0  0  0  0  0  0  0  9  0  0  0  0  0  0  0  0  0  0  1  2  0  0  0  0  0  0  0  1  0  0  0  0  0  0  0  0  0  0  0  0  0  7  0  0  0  0  0  0  0  1  0  1  0  0  0  0  0  0  2  0  0  0  0  2  0  0  0  0  0  0  0  0  0  0  0  16  0  24  8  1  2  24  1  0  0  0  1  4  3  1  178360  0  264820  206  20  7  1  3  3  0  0  0  1  0  0  2  17  0  329736  8182  0  0  178  72442  6  19  16  3  0  194  11  6  70232  2  0  0  0  7  324  87795  198906  79900  919  0  27  0  5  405  12  5  6  3  0  37186  2204  0  
0  3  1475  10  0  13  3842  4763  6  9  0  11  2  2  48  7184  63  29  0  0  216  6  186  0  0  11  0  2  53  1  0  1  0  0  17  0  16  0  19  0  5  0  20  6  177  232  8  212  73  51  1  71  21  200  0  1  1  0  0  25  108  0  6  0  3  1509  3  102  73  0  18  2  33  1  1  1  0  47  0  104  3018  13650  22  3  0  22  0  8  15  350438  1  20  0  0  3  41  23  6  0  426  150918  151804  173949  92423  5  3  0  0  3  0  5  0  0  15  207  1  1  1  300118  391602  16  113  113  2  1  29  58  3507  3  1670  0  0  1  3  1  4  8  1  0  4474  230774  146  47240  2  469  2  7  0  
0  0  18  0  1  3  170  145  0  12  0  0  0  1  0  122  0  1  0  0  12  0  11  0  0  0  0  0  1  3  0  0  0  0  1  0  2  0  0  0  0  0  0  4  1  5  0  2  7  3  0  3  1  5  0  0  1  0  0  1  5  0  3  0  0  67  0  4  2  0  0  0  1  0  9  0  1  0  16  1847  1833  37  3033  16  0  187446  1  815  1471  296  24470  28803  2  1  1  9  58  270  5  218069  2087  149732  177779  0  26  23  16046  3616  722  23  8  26  13  255  151600  0  1  25  371032  1585  145  17346  245966  3  1  10788  2473  392  12  5044  0  3  76  37  16  172  291  8  0  1235  117308  136664  6224  69  1424  55  322  393  
2  0  0  0  18  332  15  1  0  0  0  0  1  1  3  131  0  0  0  0  0  0  0  3  0  0  0  0  0  0  6  37  0  0  0  0  0  0  0  0  0  0  0  0  0  0  11  0  1  0  0  1  12  0  0  0  0  0  0  0  0  10  5  2  0  705  0  0  0  123  0  0  0  0  422997  0  0  33  0  15427  1341  3  0  0  0  14  43  30  272333  558442  2  325  0  0  0  0  20  23272  0  0  0  0  0  0  10052  60  0  1  0  0  0  0  3  31  4  0  0  2  2  0  2532  10  819  1  0  668  595545  32443  0  0  0  0  0  0  0  2692  1475  25017  0  321  1  102  4  4443  0  0  1  0  
1530  0  14  2  558  442274  99921  1119  0  9  0  0  30  20  39  17041  14  14  0  0  6  2  80  123  0  2  0  0  0  0  34161  10686  1  1  222  1  3  0  16  0  3  0  1  10  7  7  709  68  9  58  1  23  1067  33  0  0  0  0  0  1  27  179  3050  108  0  105596  0  3  5  37272  0  0  5  1  7570  0  3  968  12593  0  457477  19647  0  5  0  950  47  11530  10338  865507  97  14330  4  0  0  2  1854  49069  0  23  5  0  19  0  93845  107993  0  46  312  0  27  57  863  4354  185  0  17  18  145  10  44960  375  95610  8  4  42290  87382  34853  2  18  0  1  67  47  19  46000  355063  45113  1  488046  60  2708  238  329668  2  135  170  0  
2  34  797  52  0  29544  358868  40090  6  58  0  40  15  22  115  14504  181  120  0  0  183  21  229  0  0  19  0  0  50  18  3  1  6  3  38  2  28  1  57  5  17  1  17  67  329  361  36  937  226  138  5  300  222  862  0  1  3  0  0  36  526  3  18  1  6  20536  7  184  167  8  38  5  171  8  295  0  502  2000  1005  426605  0  298959  69  46  0  9934  0  5284  2429  715051  393  1114  5  0  18  65  177  943  12  161  143  0  283  0  101  104  0  36  93  0  48  122  107  12087  1561  1  10  81  3535  432  1035  3316  154830  13  12  37051  7238  52971  17  405  0  3  351  201  87  1415  378  492  5  171415  905  20343  13857  149  42  212  1158  0  
4  94  814  47  1  19473  34685  153112  468  311  1  28  7  22  72  30811  430  106  0  0  726  80  560  1  0  240  0  2  44  41  3  5  4  7  91  7  36  3  52  1  23  0  16  153  845  1040  69  3130  272  215  23  158  79  413  0  5  14  0  0  116  1507  4  35  4  16  13804  488  172  118  2  371  24  421  7  31  0  4906  390  16  10642  362954  0  86177  67  15  704  0  346  762  477666  89  190  2  3  11  126  78  155  14  427  7931  1  463  138  6  25  0  4  29  0  16  32  12  581  15593  3  5  33  14616  250324  167  1597  7138  13  24  1282  2072  7078  10  10661  0  7  87  115  20  276  95  15  8  259744  2437  5425  40022  9  1828  71  505  0  
0  1  75  0  0  5  82  22365  55468  6344  0  0  0  0  0  2438  4  0  0  0  28  174  1  0  0  11  0  0  1  4327  0  0  0  0  0  0  0  0  1  0  2  0  0  563  57  12293  0  41  1  5  1  0  0  0  0  0  0  0  0  0  15  0  0  0  424  9972  77  0  1  0  3174  0  3  0  1  1  6  1304  2  93  77  116733  0  83858  630  5  0  0  5  69  5  7  11  152  7  450  52  30  53  10225  599  0  5  27594  0  0  0  15  42  20  4  25  0  1  25177  1  4  2631  1315  235819  5  887  63  11  49  3  10  2  25  6215  1  229  49  47  147  0  65  1  17306  277649  4663  53  120  9  449018  21  802  0  
0  1  14  1  0  2  110  66  79  1456  3  0  0  1  0  63  0  1  0  0  33  749  1  0  0  0  0  0  1  8154  1  0  1  2  1  0  0  0  1  0  0  0  0  5119  3  3  0  13  2  2  0  2  2  7  0  0  0  0  1  2  15  1  0  0  370  531  2  0  1  0  1  0  5  0  5  0  0  101  20  1439  157  21  85844  0  2831  0  1  1  15  73  45  38  57  195  13  4003  21463  711  133  5410  154  0  4  72685  28  25  0  37  197  11  14  251  0  0  32733  41  15  158040  577  671  45  5135  431  16  850  4  43  7  35  7010  6  1026  484  323  6432  20  1028  11  8222  128678  750  69  57  99  45994  271  4291  0  
0  1  2  0  0  0  19  17  1  231  173509  0  0  0  0  14  1  0  0  8000  7  4830  0  0  0  0  0  0  0  174  0  0  0  0  0  0  0  0  1  0  0  413  0  18675  1  0  0  1  0  1  0  1  1  2  0  0  0  0  0  0  5  0  0  0  1735  32  0  0  0  0  0  0  0  0  0  5  0  11  3  236  55  3  331  10009  0  0  0  0  1  9  7  9  106  381836  19  175497  1104  133  116  93  105  0  0  45460  10  7  0  8  68  0  3  47  0  0  8562  164478  9  437601  24  21  9  1243  86  5  1721  0  13  4  2  14166  535  63474  177  34  10368  1  223  4  531996  36216  16  18  5  10  453  53  2221  0  
0  0  0  0  0  0  0  1  0  1  0  0  0  0  0  0  0  0  0  0  0  0  1  0  0  0  0  0  0  1  0  0  0  0  0  0  0  0  0  0  0  0  0  2  0  0  0  0  0  0  0  0  0  0  0  0  0  0  0  0  0  0  0  0  0  5  0  0  0  0  0  0  0  0  5  1  0  261746  7  729  5756  24  1  1  0  0  1242  95934  185  5929  2368  70507  0  0  0  1  7  85  0  137  7  0  3361  0  3  1  2236  5020  886  0  0  9  298  99423  1075  0  0  2  666  5  391  5214  325566  1  1  98903  569  752  3  24  0  1  17  8  5  182  32  1  0  18  207  449758  1053  10  1  7  100  0  
0  0  0  0  0  22  0  0  0  0  0  0  1  0  1  7  0  0  0  0  0  0  0  0  0  0  0  0  0  0  0  2  0  0  0  0  0  0  0  0  0  0  0  0  0  0  2  0  0  0  0  0  1  0  0  0  0  0  0  0  0  2  0  0  0  21  0  0  0  0  0  0  0  0  55  0  0  9  33  1860  19  0  0  0  0  2877  0  77505  35  135  2  14657  0  0  0  0  12  90976  0  0  0  0  0  0  20  16  0  83  109  0  0  0  281145  1063  1  0  1  0  3  0  135667  10  98382  0  0  19  52  9  0  0  0  0  0  0  0  74406  46  5675  0  24  0  20  4  213  0  1  5  0  
0  0  1  0  0  14  5  3  0  0  0  0  0  0  0  10  0  0  0  0  0  0  0  0  0  0  0  0  0  0  1  3  0  0  0  0  0  0  1  0  0  0  0  0  0  1  0  0  0  1  0  0  0  0  0  0  0  0  0  0  0  1  0  0  0  55  0  0  0  0  0  0  0  0  122  0  0  2551  28  22071  26756  8  1  0  0  151905  77045  0  40372  2322  7  46259  0  0  0  1  4  689  0  87  2  0  18  0  2  36  0  4  37  0  1  1  302356  358656  262  0  0  0  466  0  7312  136  66652  0  0  427250  13416  29709  0  4  0  0  0  4  1  146977  7  10  0  137  31  17350  99  1  0  2  7  0  
7  0  0  0  4  748  49  19  0  2  0  0  2  2  11  96  1  0  0  0  0  0  0  4  0  0  0  0  0  1  14  160  0  0  0  0  0  0  2  0  0  0  0  3  0  0  30  2  1  0  0  1  47  1  0  0  0  0  0  0  0  26  26  3  0  3237  0  0  0  6  0  0  0  0  43410  0  0  10105  206992  87357  8400  14  0  3  0  1812  18  54709  0  226025  187  4376  0  0  0  2  35  114007  1  348  9  2298  49622  0  101  931  0  2  25  0  5  11  3044  8923  3080  0  3  7  11472  5  18817  2560  61679  2  0  1193206  1974023  1033851  5  38  0  1  35  21  8  208283  199  921  1  3577  293  733548  154572  117  3  17  134  0  
71  15  1214  41  189  58814  8878  8852  10  40  0  25  13  21  85  125646  146  63  0  1  312  20  308  5  0  19  0  1  41  22  35  193  3  5  36  3  34  2  40  1  11  0  21  37  296  720  52  670  177  113  2  148  176  1572  0  1  1  0  0  27  323  21  114  7  10  5517  6  166  135  722  58  3  76  6  36327  2  309287  2924  509502  867919  659252  516141  133  25  1  9411  45  3831  411633  0  348  3398  1  0  20  63  199  28071  6  1210  2589  1  151229  467  24493  669  0  13  70  0  18  65  172  8791  1226  1  4  46  9780  87035  11183  2653  27660  6  4  151220  370704  2430920  20  3293  0  3  170  106  39  41010  14988  41477  5  9522  1123  146160  244528  82642  1320  122  742  0  
2  0  5  0  0  11  31  23  0  103  0  0  0  0  1  20  1  0  0  0  1  8  1  3  0  1  0  0  1  36  5  3  0  0  1  0  0  0  0  0  0  0  0  70  1  0  1  1  1  3  0  1  0  2  0  0  0  0  0  0  9  0  0  0  2  87  0  0  5  0  0  0  0  0  18  0  0  15173  50  5658  938  58  1  69  2  2103  5  1  38  351  0  424619  26  1  9  15  40084  8894  21  140  0  0  27  1  223  40  299  747  159784  2  77  311  0  1  52885  0  297  157  140  1  1625  406247  156418  18  29  8  210  49  14  201  0  16  586  634  171  75  1171  41  9  333  4  370  169  135  11  674  3240  1  
9  0  2  0  1  45  48  40  0  90  0  1  0  1  2  34  2  2  0  0  1  5  1  2  0  0  0  0  0  25  14  12  0  0  0  0  0  0  0  0  0  0  0  50  1  1  2  6  0  1  0  1  10  3  0  0  0  0  0  0  8  2  7  1  2  320  0  2  2  3  0  0  0  0  76  3  0  18079  282  34097  1114  140  4  52  0  59082  4406  21538  233  1288  372716  0  45  0  6  18  88991  106214  5  4  0  0  3  0  857  143  57  976  186305  0  278  548  769  7744  3612  0  567  116  45  0  187561  49304  625533  47  65  25  979  96  8  68  0  21  450  557  210  464  9579  219  10  1191  4  50  36  6208  2  1496  1619  0  
1  0  0  0  0  0  18  9  0  114  0  0  0  0  0  7  0  0  0  0  0  18  0  0  0  0  0  0  0  43  0  0  0  0  0  0  0  0  0  0  0  0  0  86  1  0  0  1  1  0  0  0  1  1  0  0  0  0  0  0  5  0  0  0  7  97  6  0  0  0  0  0  0  0  0  182069  0  2  0  283  63  1  13  271  124  0  0  0  2  10  90  131  0  72809  3261  235  1246  160  94621  74  179  0  1  3  9  6  0  72  2522  0  203  1641  0  0  535  18599  502  713  5  42  7  1503  92  76  3606  0  3  2  1  97117  719066  728840  262464  78  11667  2  251  2  529  2595  11  33  12  14  1378  343  523017  0  
0  0  3  0  0  0  2  3  1  332  3768  0  0  0  0  1  0  0  0  6  0  20  0  0  0  0  0  0  0  57  0  0  0  0  0  0  0  0  0  0  0  0  0  34  0  0  0  0  0  0  0  0  0  0  0  0  0  0  0  0  1  0  0  0  37  362  1  0  0  0  1  0  0  0  0  5  0  1  1  55  14  2  87  1749  409117  0  0  0  0  2  1  5  85530  0  9  1503  190  25  645  59  100284  0  0  36656  1  2  0  3  20  0  0  6  0  0  8168  46385  7  7439  4  19  2  253  17  1  728  0  2  0  3  173735  9532  398413  448  5  2152  1  43  0  334072  8474  11  7  2  3  10791  9  4939  0  
0  8279  1  0  0  1  26  15  0  13  2  0  0  0  0  7  0  0  0  0  23906  2292  91  0  0  0  0  0  0  5  0  0  0  0  1  0  999  0  0  0  0  8  5  13  1  0  0  0  1  2555  6  1  0  1  0  0  0  0  377  3056  311  0  0  0  2  4  0  0  0  0  0  0  0  0  0  267248  1  12  1  184  21  5  6  27  8  0  0  0  4  4  22  19  2707  0  0  291226  198254  103  26  6  3  0  4  1  3  0  0  31  447  1  67892  45  0  0  221  84945  79  71  61  6  4  520  49  262294  107693  0  6  1  9  361  7  15105  111962  469231  734363  2  81  0  6  54  22  6  18  13  2  184  5351  0  
0  15661  5  0  0  12  135  63  6  187  15905  0  0  0  5  58  2  1  0  8  13754  38533  71  0  0  1  0  0  0  216  0  0  0  0  0  0  1328  0  1  0  0  729  6  4540  8  2  1  13  8  897  25  8  4  13  0  0  0  0  988  3209  237  0  2  0  3915  30  0  2  3  0  0  0  2  0  3  244  4  50  11  1174  173  48  164  5062  156826  1  0  1  8  54  46  28  936  953  203227  0  112895  574  8  28  20  0  7  7006  39  42  0  42  555  1  2905  202  0  0  1358  251516  139  1036860  86  37  29  5350  401  1889  199441  4  29  7  15  218  79  2322  1710  2744  871973  10  1023  10  5750  3978  83  91  50  76  55  269  2360  0  
8  33  70  4  0  101  1398  903  0  2638  1  3  3  4  5  787  12  14  0  0  521  408  28  10  0  2  0  0  6  1110  32  27  0  0  10  0  30  0  8  1  1  0  1  2891  40  33  12  20  17  63  0  48  36  111  0  0  0  0  2  79  55  1  22  1  38  446  0  14  22  6  3  0  7  1  46  38  3  157  591  44926  1587  67  44  16376  135  1  5  5  345  1709  46148  83351  1239  22  133869  96154  0  173546  94  58  17  0  35  32  2083  322  0  3950  272049  1  31604  6011  0  4  2353  30  214023  55878  442  24  12677  10797  2469  521536  1219  39  672  137  44  1164  1  425  9222  4538  405994  510  51003  781  415  3766  127  489  252  7248  130  13020  14186  0  
42  2  46  0  10  695  197  133  0  96  0  2  7  5  18  345  14  6  0  0  3  12  5  1900  0  3  0  0  2  62  6009  190  1  0  13  0  2  0  7  0  1  0  0  104  18  5  36  27  15  9  0  13  70  22  0  0  0  0  0  0  33  27  2941  8  0  2252  0  16  46  23  1  0  4  0  507168  3  1  605  7572  106709  2331  62  0  165  1  317  90926  2306  175155  16699  9599  131549  69  0  38  27  124998  0  41  30  4  0  37  0  110197  2695  0  521  90214  0  756  823  1887  1620  270  0  2774  328  185  4  349153  2994  23174  217  67  2600  33628  896  38  507  0  19  2707  1164  337  428821  800532  1214151  16  3604  48  1706  216  55805  9  2049  4157  0  
0  0  2  1  0  0  5  20  26  589  0  0  0  0  1  3  1  0  0  0  2  3  0  0  0  0  1  0  0  8  0  0  0  0  0  0  0  0  0  0  0  0  0  46  10  0  0  3  0  1  0  0  0  0  0  4  0  0  0  0  1  0  0  0  440  5662  75  0  0  0  0  0  1  0  0  22  3  21  2  86  37  37  95  95  39  0  0  0  2  28  15  13  85447  123  17  2  67  31  0  327277  5783  1  0  70  3  0  0  31480  151  111260  26  969  0  0  39983  0  34  44  870  1513  2  694  53  76  26  0  5  9  226673  1598549  4  13260  13932  293  55  1  50  1  238  2189  27637  10  46  6  38511  51  1323753  0  
1  0  42  2  1  1  394  442  4  49  0  0  0  0  8  348  6  3  0  0  19  1  18  0  0  0  0  0  3  5  0  0  2  2  1  0  2  0  1  0  0  0  1  8  16  9  0  4  1  4  0  6  0  18  0  0  0  0  0  1  3  0  0  0  5  230  1  11  4  0  0  0  2  0  0  0  94  327747  3  325  252  23  3712  1906  2  517  0  164  615  438  132  37  2  104  8  5  18  47  313233  0  13822  57323  428  100  1  4  24596  4418  56  386347  9  2283  11  92  487364  0  7  24  116037  2406  18  4777  308  44  1  3104  486  389  282754  154589  0  39  41  244  28  65  28  0  134  7612  1037562  21200  5031  4  19092  23  86403  15379  
0  2  545  5  0  4  706  699  38  610  1  2  1  2  12  537  14  9  0  1  53  2  27  0  0  8  15  5  2  376  0  0  0  0  3  0  2  0  1  0  0  0  1  69  44  34  0  41  19  7  0  11  12  39  0  7  0  0  0  9  23  0  1  0  501  3786  175  10  7  0  41  1  9  0  2  0  108087  4649  1  155  3581  14847  101  7  12  59  0  18  66  13959  1  13  0  132318  1  10  18  21  187  17318  0  141  61  1037937  3  2  0  0  14  4  1  6  0  31  5175  1  3  10  8092  204333  9  167  336  1  2  93  224  2426  122  1312479  0  154  10  4  5  17  29  1  43132  11820  891817  228  7011  4  452837  4  609  0  
0  0  2  0  0  0  12  13  0  0  0  0  0  0  1  11  0  1  0  0  0  0  1  0  0  0  0  0  0  0  0  0  0  0  0  0  0  0  0  0  0  0  0  0  1  0  0  0  0  0  0  0  0  1  0  0  0  0  0  0  0  0  0  0  0  9  0  1  1  0  0  0  0  0  0  0  159744  109118  0  2  10  21  0  0  0  3  0  0  40  50  0  0  0  0  0  0  0  0  69  80599  187  0  79721  209  0  0  1  1  1  2  0  0  0  1  355  0  1  0  1522313  410  0  17  3  1  0  3  3  93  77  4093  0  0  5  24  0  0  0  0  0  12  862714  5  57  0  0  0  46  0  
0  3  1059  36  0  32  10770  11463  3  35  0  23  5  16  100  9376  72  69  0  0  117  7  351  2  0  17  0  0  72  2  0  2  1  7  37  2  31  1  17  1  13  0  22  12  370  406  10  147  139  86  0  163  62  445  0  1  1  0  0  17  79  1  11  0  4  3370  9  212  172  0  65  0  43  3  1  0  222409  198433  0  316  1301  72  326  3  0  1478  0  161  42399  116435  3  20  0  0  10  33  53  26  0  34992  83  100415  0  4  4  2  0  0  1  0  1  4  4  65  11883  0  0  3  1519364  335  24  465  411  0  1  4238  281  33336  0  299  0  0  8  8  13  60  22  2  0  140  4188  684037  1410227  2  75  3  27  0  
0  0  5201  0  0  1  43  107  63  2557  3221  0  0  0  0  323  0  0  0  10  4  131  2  0  0  0  123  40  0  36918  0  0  0  0  0  0  0  0  0  0  0  0  0  5  6  2809  0  8  1  0  0  1  0  3  0  1  0  0  0  0  5  0  0  0  8710  4106  60  0  0  0  13822  0  5  0  0  0  55162  5  0  44  384  3913  28208  65009  36430  2  0  4  11  2830  0  0  1  45816  3  22692  139  8  1  35  968610  57  4  0  1  1  0  2  1  0  0  4  0  7  521  1  0  74421  587  548999  2  101  38  0  4  13  23  611  0  24961  0  59  12  3  51  1  17  0  434606  2642  1916  52  323  3  1240796  6  108  0  
52  1  214  12  14  2702  2523  2274  2  23  0  4  8  10  33  1922  87  52  0  1  26  11  222  1291  0  9  0  0  21  9  72364  1489  4  0  645  1  8  0  15  0  9  0  0  32  107  101  32  134  35  37  2  38  72  136  0  0  0  0  0  8  103  4  6811  11  3  862  2  43  36  6110  5  1  20  2  90091  0  5  9  17870  95221  412  70  5  33  0  0  14  3  609  26607  359  1675  5  1  5  23  3523  97610  1  2  6  0  5  1  0  124272  0  15  2957  0  9  25  0  1  91  0  9  95  51  9  1930  268  323  3  12  24  906  162  0  24  0  3  98  23  77  784  708509  119294  6  148  15  14  83  362817  2  39  158  0  
362  12  54  12  48  1619  901  688  0  44  0  4  21  11  14  858  64  25  0  2  21  5  78  30  0  8  0  0  5  3  6531  6270  3  3  247  1  7  0  22  0  9  0  1  32  64  34  96  292  34  71  2  24  364  72  0  0  0  0  0  4  168  28  1369  84  2  687  1  27  14  153  10  2  47  2  72  0  24  12  130  142763  442  254  7  15  0  1  4  6  439  1031  166  642  6  0  4  18  681  6416  1  2  7  0  12  0  135593  0  0  3  736  0  7  14  0  4  576  1  5  34  114  47  2110  483  159  4  14  14  470  70  0  20  0  2  44  16  47  1092  141606  116  0  41539  60  20  142  40012  9  33  98  0  
0  0  0  0  0  0  0  0  0  0  0  0  0  0  0  0  0  0  0  0  0  0  0  0  0  0  0  0  0  0  0  0  0  0  0  0  0  0  0  0  0  0  0  0  0  0  0  0  0  0  0  0  0  0  0  0  0  0  0  0  0  0  0  0  0  0  0  0  0  0  0  0  0  0  0  0  0  21594  0  0  0  0  0  0  0  11373  0  0  0  0  314  290  0  0  0  0  0  0  0  18182  0  0  0  0  0  0  0  157955  38727  17767  0  0  0  0  305537  0  0  0  50  0  0  357191  122  0  0  0  0  0  0  0  0  0  0  0  0  0  0  0  0  0  89  0  0  0  0  0  152  188053  
0  0  0  0  0  2  10  4  0  228  0  0  0  0  0  3  1  0  0  0  0  4  0  0  0  0  0  0  0  26  0  0  0  0  0  0  0  0  0  0  0  0  0  77  0  1  0  0  0  0  0  0  0  0  0  0  0  0  0  0  1  0  0  0  1  3  0  0  0  0  0  0  0  0  2  2  0  20850  1  216  24  0  3  33  0  7227  368  6  2  4  23  72  222  0  43  28  213  167  26283  8874  0  0  1  1  5  6  100607  0  294608  250331  6633  13992  0  0  16681  0  147292  97  36  0  522  339560  58  160  81  0  9  1  16  196  1  70  1195  604  638  6  89  2  9  190  108  18  9  19  4  34663  1304565  159932  
1  0  5  0  0  10  77  50  0  543  0  0  0  0  2  52  1  1  0  0  2  19  1  6  0  0  0  0  1  121  15  1  0  0  0  0  0  0  0  0  0  0  0  299  4  0  2  1  1  1  0  2  1  3  0  0  0  0  0  0  10  1  3  0  2  42  0  2  4  1  0  0  0  0  5  35  0  1482  37  3444  316  13  2  152  2  5959  357  1  32  118  132333  89569  1546  4  266  242  139429  44914  60  19  2  0  0  3  466  42  36873  401467  0  2582  19233  4643  3  0  4018  3  184382  503  128  1  4973  384143  2052  1666  971  4  75  11  55  941  1  399  7774  1651  2570  19  2001  1020  42  377  7  84  76  204  18  24340  98480  192  
0  0  0  0  0  0  4  2  0  4  0  0  0  0  0  3  0  0  0  0  0  1  0  0  0  0  0  0  0  2  0  0  0  0  0  0  0  0  0  0  0  0  0  0  0  0  0  0  0  0  0  0  0  0  0  0  0  0  0  0  0  0  0  0  0  2  0  0  0  0  0  0  0  0  0  0  0  187  0  9  2  0  33  46  0  21  0  0  0  2  2  2  1  2  1  0  6  8  116572  499508  87  0  0  6  0  0  5386  314537  236  0  2  980  0  0  426886  0  2  1  700  18  0  17803  4  7  0  0  3  1  8768  4966  0  2  13  52  2  1  4  0  4  130  988  1  25  0  341  6  241067  196899  
0  10  0  0  0  3  27  14  0  86  0  0  0  0  0  6  0  0  0  0  97  10  2  0  0  0  0  0  0  28  0  0  0  0  1  0  6  0  0  0  0  0  1  69  0  0  0  0  0  5  0  1  0  0  0  0  0  0  0  13  2  0  0  0  3  7  0  1  0  0  0  0  1  0  0  291135  2  69  1  120  29  4  20  60  1  0  0  1  2  8  34  27  889  1  36169  2156  6551  58  18  12  25  0  2  0  5  1  0  1500  17498  0  0  311386  0  0  505  42539  205194  152  80  6  9  1904  76  660154  639  5  2  2  10  281  1  299  37493  457175  973  1  56  1  14  75  124  6  28  6  13  1055899  14634  0  
0  0  0  0  0  0  6  5  0  212  0  0  0  0  0  4  0  0  0  0  0  10  1  0  0  0  0  0  0  76  0  0  0  0  0  0  0  0  0  0  0  0  0  149  1  1  0  1  0  0  0  0  0  0  0  0  0  0  0  0  5  0  0  0  2  6  0  0  0  0  0  0  0  0  2  18603  0  9  4  611  82  3  7  91  1  1  0  0  8  20  99  59  38090  5  43  24  511  235  101  96  3  0  0  2  14  9  0  10709  9250  429  252738  0  0  0  4398  0  82515  129  163  7  19  10894  283  5368  68  0  18  3  83  535  18  47  115626  10821  375  5  246  2  25  146  11  31  8  53  8  1297471  1374874  60  
0  0  0  0  0  37  1  1  0  0  0  0  0  0  1  4  0  0  0  0  0  0  0  0  0  0  0  0  0  0  3  5  0  0  0  0  0  0  0  0  0  0  0  0  0  0  3  0  0  0  0  0  1  0  0  0  0  0  0  0  0  1  4  0  0  69  0  0  0  0  0  0  0  0  62  0  0  260  19  14480  7263  0  0  0  0  2353  264069  291401  609  339  1  2504  0  0  0  0  0  993  0  6  0  0  7  0  1  50  0  0  1  0  0  0  0  37877  18  0  0  0  16  0  10027  30  210329  0  0  14458  2052  821  0  0  0  0  0  1  0  101551  0  100  0  147  7  681  21  0  0  0  4  0  
0  0  0  0  1  11  1  0  0  0  0  0  0  0  0  4  0  0  0  0  1  0  0  0  0  0  0  0  0  0  0  1  0  0  0  0  0  0  0  0  0  0  0  0  0  0  0  1  0  0  0  0  0  0  0  0  0  0  0  0  0  0  0  0  0  88  0  1  0  0  0  0  0  0  42  0  0  3444  22  8136  27015  28  0  0  0  159382  290  274226  2017  11385  30  11807  0  0  0  1  5  1085  0  115  13  0  111  0  1  2  0  1  10  0  0  1  11025  0  570  0  0  1  377  2  540  406  55645  0  0  49493  2635  3339  1  12  0  0  3  1  1  2938  14  3  0  114  186  64608  931  2  2  2  22  0  
22  3  70  2  6  96  559  840  469  25068  14  2  3  2  12  524  25  7  0  33  450  415  39  3  76  1932  80  12  4  494  3  35  0  2  3  0  2  10  4  0  116  0  2  2218  4675  693  10  131  10  33  0  12  20  37  0  2123  0  4  0  39  1171  4  7  27  9379  51075  21065  13  8  3  2653  33  659  1  22  13  26  236527  43  7008  4631  823  16445  16181  2074  1010  0  1205  2721  685  45961  8751  55  1183  100  631  1341  1151  23884  335067  3299  9  1245  221  150  159  168452  4407  2078  299133  70  8977  31  349  0  24  66  2555  129142  7390  403  452642  156575  99  1100  9107  2461  475  46258  89301  21  13588  1077  549  1497  410  2539  33  6591  117816  26912  30025  2646  375  26835  887  285971  150477  
0  8  0  0  1  1  16  10  0  6  15488  0  0  0  0  9  0  1  0  505  97  834  3  0  0  0  0  0  0  1  0  0  0  0  0  0  5  0  1  0  0  178  0  6779  0  1  0  1  0  7  0  2  2  4  0  0  0  0  1  13  2  0  0  0  0  4  0  0  3  0  0  0  1  0  0  83446  8  46  0  5  22  7  18  194  193329  0  0  0  0  13  0  2  16358  34115  82585  303618  170  2  1  14  26  0  4  1  0  0  0  0  1  0  28350  0  0  0  495  0  0  108992  123  10  1  101  24  367  187004  10  3  1  0  41  41781  10466  11  26298  277  1  9  0  4  839  181  5  31  0  15  1  48  0  
0  0  0  0  0  0  11  6  0  25  0  0  1  0  0  3  0  0  0  0  15  8  0  0  0  0  0  0  0  10  0  0  0  0  1  0  1  0  0  0  0  0  0  16  0  0  0  0  0  0  0  1  0  1  0  0  0  0  0  1  0  0  0  0  0  0  0  0  0  0  0  0  0  0  0  7  0  1  0  38  2  0  0  10  0  2  0  0  0  1  22  30  358  0  77  41  178080  6076  9  2  2  0  0  0  0  0  0  129522  218669  0  278293  74634  0  0  21  0  0  33  17  0  18  404  7  129716  123  0  2  0  2  149  0  97  2145  670  376  0  11  378  5  23  8  2  7  2  1  81493  42007  0  
0  1  30  1  0  11  503  328  0  1911  9051  1  1  0  6  293  3  5  0  0  9  1387  5  0  0  1  0  0  2  1337  0  2  0  0  2  1  2  0  4  0  1  45  0  2968  11  15  1  8  10  2  0  13  14  45  0  0  1  0  0  1  28  0  0  0  146  411  0  9  10  0  1  0  2  0  9  18  0  57  44  4611  554  23  3509  182384  615762  0  0  1  52  166  127  116  808  7378  133  821292  55580  2828  143  731  140  0  5  63336  156  150  0  94  836  1  57  544  0  1  17895  120407  136  0  211  153  120  11424  1260  87  18216  4  153  23  31  12304  431  74228  2468  599  213043  29  5611  31  588076  72678  179  215  83  347  7647  663  8168  0  
1  8  2760  76  0  114  28746  30099  17  76  0  63  5  31  363  24936  215  164  0  1  575  25  881  1  0  54  0  0  207  6  2  4  5  9  91  5  81  2  58  0  30  0  83  51  1008  1092  24  382  357  236  1  484  195  1383  0  1  0  1  1  58  221  2  23  0  30  8858  20  587  474  0  133  2  109  15  11  1  236511  366296  10  2639  6524  6853  2038  44  0  437  0  2072  24359  26813  20  99  0  0  44  131  382  175  147  116594  6474  1187029  939045  98  33  33  29  19  27  18  12  31  51  472  162000  7  1  46  0  38949  194  6748  8603  13  3  42110  3013  3491  241  17309  0  3  49  106  36  469  206  7  4  5418  655802  167734  487976  26  2504  27  546  0  
2  18  1686  10  1  11  921  17223  338  523  0  0  3  2  8  9975  78  20  0  0  445  24  91  1  0  48  0  5  8  1027  1  1  1  5  15  1  7  0  8  0  6  0  4  49  150  8852  13  607  47  58  2  7  15  59  0  1  0  0  0  38  298  0  5  1  117  4981  76  26  17  0  1038  3  63  1  3  0  359835  4639  1  323  12321  232952  189272  466  11  65  0  15  75  85824  7  72  0  64  7  46  20  23  22  1371  205475  8  151  427531  3  2  0  4  11  0  4  21  1  46  19152  2  0  19  31109  0  42  616  507  10  22  90  267  2324  4  85309  0  24  15  75  6  19  37  2  82  58272  8056  315  3964  1  279090  19  340  0  
59  0  1  0  14  697  44  22  0  4  0  0  5  1  2  130  0  1  0  0  0  0  1  10  0  0  0  0  0  2  32  250  0  1  1  0  0  0  1  0  0  0  0  4  0  1  45  2  3  3  0  3  80  2  0  0  0  0  0  1  5  28  121  15  0  2606  0  0  1  11  0  0  2  0  443  1  0  178  1145  154533  1741  195  3  6  0  643  104132  7277  2965  14255  2252  394454  8  1  3  4  9316  359269  0  28  0  0  4  0  1784  4141  0  45  19300  0  24  34  12325  1551  88  0  33  11  31  2  0  159  127375  7  6  320  5724  825  1  4  0  1  51  44  20  10762  7518  21228  0  10777  16  398  85  35984  1  65  110  0  
18  0  32  4  3  72  356  290  3  5658  0  0  2  1  5  284  11  6  0  0  90  600  27  1  0  0  0  0  1  2190  1  24  0  0  1  0  2  0  2  0  0  0  3  4142  14  15  2  36  5  15  0  14  24  24  0  1  0  0  0  7  882  2  5  9  99  353  0  11  5  4  2  2  10  0  41  10  10  10839  161  19450  9127  305  89  3137  33  12580  333  64  275  1651  333817  39546  159  33  173  521  2189  3853  2200  2514  25  2  687  29  426  348  251462  263556  369257  30004  694  10755  3  14  367725  8  1751  5486  6149  92  1459  0  136703  256  363  308  1000  421  2806  20568  1  258  9048  10825  3300  218  7620  139  357  2150  729  6568  2992  1352  195  32065  275344  29100  
2  1  31  1  0  136  588  418  1  493  0  2  0  4  9  383  4  10  0  0  2  55  5  0  0  2  0  0  2  218  0  11  0  1  1  0  3  0  4  0  1  0  1  355  19  22  4  22  5  8  0  18  10  44  0  0  0  0  0  1  24  1  7  2  6  1202  0  9  8  0  2  0  1  0  497  1  2  308943  278  123842  161913  881  13  442  6  319119  25084  142888  4879  14923  100014  732674  87  6  62  102  1195  4347  163  3233  82  0  2053  5  217  299  28  556  1922  1  695  1849  142213  67229  122285  0  119  1043  41846  51  113287  108382  0  190  79  13072  30314  5432  204  1973  0  63  3925  3039  999  67508  3430  131  76  6031  5438  46952  13856  399  46  3797  14271  0  
1  0  0  0  0  0  15  11  0  370  0  0  0  0  0  18  0  0  0  0  15  13  0  0  0  0  0  0  0  55  0  0  0  0  0  0  2  0  0  0  0  0  0  154  0  0  0  1  0  5  0  0  1  2  0  0  0  0  0  2  5  0  0  0  3  10  0  0  1  0  0  0  1  0  1  53  0  4  8  726  57  0  3  72  8  0  0  1  6  29  320  200  2529  1  181339  585  415827  496  156  14  0  0  1  2  29  10  0  1580  33555  0  588481  5132  0  0  192  56  144312  297  172  0  105  3941  287  0  1063  2  24  2  45  1716  2  882  42079  249017  254259  4  393  9  25  401  7  26  46  77  7  37558  35171  0  
0  0  4  0  0  0  39  23  0  217  0  0  0  0  1  24  0  0  0  0  11  60  1  0  0  0  0  0  0  120  0  0  0  0  0  1  0  0  0  0  0  0  1  163  1  0  0  3  0  1  1  3  1  4  0  0  0  0  0  2  22  0  0  0  2  18  0  0  0  0  0  0  0  0  1  83343  0  9  1  470  112  9  192  3599  1624  0  0  0  3  19  32  35  9847  182  126702  247805  810  187  5  64  4  0  2  71  15  16  0  40  597  0  803  81  0  0  2254  188787  128  15750  24  8  13  3207  214  57  0  2  19  2  1  248  18332  58016  5312  2006  114224  6  426  4  144  17030  20  60  23  31  131  151  7303  0  
1  0  1  0  0  30  17  15  0  2  0  0  0  1  0  17  0  0  0  0  1  0  0  1  0  0  0  0  0  0  0  9  0  0  0  0  0  0  0  0  0  0  0  0  0  0  1  0  0  0  0  0  4  3  0  0  0  0  0  0  0  1  3  0  0  241  0  0  1  0  0  0  0  0  181  0  0  14396  235  79444  36318  50  80  0  0  62836  14  407467  1016773  66819  22  133  0  0  0  0  4  14260  1  3074  30  0  75  0  2  40  0  1  3  0  0  0  27490  33697  1228  0  0  3  13440  52  1174  572  39242  1  0  0  435697  99242  1  81  0  0  7  2  1  149394  30  34  1  285  183  444314  844  11  15  7  32  0  
13  0  1  0  2  521  29  16  0  1  0  0  5  2  16  67  0  0  0  0  0  0  1  3  0  0  0  0  0  0  11  96  0  0  0  0  0  0  4  0  1  0  0  2  1  0  19  2  1  2  1  1  32  2  0  0  0  0  0  0  0  12  27  3  0  2208  0  0  1  6  0  0  0  0  251158  0  0  4589  399952  86587  31763  12  0  0  0  1371  4  12012  1544395  173965  59  2219  0  0  1  1  6  8485  0  158  2  1  67  0  219  521  0  2  9  0  3  4  1025  2839  686  0  0  3  399  0  7211  793  30599  2  0  328251  0  311522  1  13  0  0  11  5  3  10890  128  4844  0  1878  118  12110  517  131  0  20  61  0  
1  2  47  4  0  29  651  599  1  2  0  3  1  2  6  501  14  7  0  0  16  2  19  0  0  5  0  0  7  4  1  7  0  1  3  0  1  0  3  0  0  0  1  3  25  20  5  73  10  9  0  14  10  43  0  0  0  0  0  3  32  0  1  0  1  292  2  7  8  0  1  2  11  1  1102  0  276  1345  9784  42654  56806  1732  6  6  0  2393  0  35137  1056248  1936297  40  379  1  0  0  4  21  1103  0  210  116  454  16184  1  72  71  0  7  9  0  2  6  44  4690  277  0  0  12  1894  914  671  417  10546  2  0  185585  463580  0  5  547  0  2  17  22  2  1909  119  476  1  284  166  264915  296441  133  24  20  111  0  
0  0  5  0  0  0  56  70  0  47  0  0  0  0  1  72  2  2  0  0  3  5  1  0  0  0  0  0  1  22  0  0  0  0  0  0  0  0  1  0  0  0  0  27  1  2  0  0  1  0  0  2  0  1  0  0  0  0  0  1  5  0  0  0  1  32  1  1  1  0  0  0  0  0  0  1  5  18  1  184  36  3  46  139  1  0  0  0  4  17  34  13  4  10  27  2  68  62  295811  270612  2366  152  1  4  3  4  0  39  138  3664  66  147  0  1  61653  1  18  30  6057  63  8  3343  117  278  8  2  11  8  0  267930  0  7  117  1281  44  2  86  1  18  139  49927  22  636  13  604  71  36033  0  
0  6  131  7  0  14  1525  1576  193  18134  0  0  0  3  17  1265  23  9  0  3  134  109  66  0  2  16  1  0  9  232  0  1  2  2  3  0  6  0  7  0  2  1  1  479  91  71  2  106  23  15  0  32  13  82  0  33  1  0  0  9  114  2  3  0  3706  54707  244  28  23  0  9  0  72  0  5  43  811  4656  22  2348  3003  10992  1849  5652  679  32  0  9  35  4083  297  344  39013  151868  253  348  2709  979  997581  133894  1233759  1010  90  50008  67  59  0  301  5111  543  698  544  0  21  123955  10  834  8149  43239  100469  103  17672  1305  1023  1138  61  193  3377  177199  0  7  179698  10405  2922  3789  37  1666  18  92063  32719  416613  424  30247  148  371349  984  149381  0  
0  0  0  0  0  0  2  1  0  17  0  0  0  0  0  3  0  1  0  0  0  21  0  0  0  0  0  0  0  17  0  0  0  0  0  0  0  0  0  0  0  0  0  10  0  0  0  0  1  0  0  0  1  0  0  0  0  0  0  0  0  0  0  0  0  2  0  0  0  0  0  0  0  0  0  353  0  2  2  64  18  0  59  893  275  0  0  0  0  3  3  0  693804  2822  29  258  112  28  2  17  1  0  0  14  0  2  0  3  15  0  1  3  0  0  742  34138  2  588  0  3  5  536  36  2  9193  0  1  2  0  104  0  220300  14112  11  957  0  58  1  26  2638  2  9  1  7  35  21  108070  0  
0  0  3  0  0  1  37  17  1  350  0  0  0  0  0  15  1  2  0  0  4  87  2  0  0  0  0  0  0  133  0  0  0  0  0  0  1  0  0  0  0  0  0  163  1  1  1  1  0  3  0  2  0  3  0  0  0  0  0  0  9  0  0  0  21  373  6  0  0  0  1  0  0  0  0  7875  0  11  5  460  102  12  199  5070  52151  0  0  0  8  29  23  29  558833  370731  6388  1262  1004  194  27029  182  754  0  0  118  10  9  0  41  689  1  80  70  0  0  21279  9016  179  25752  23  59  12  3362  210  70  10821  1  26  3  4  248052  116670  0  8750  123  23017  4  425  5  159455  25706  34  59  22  28  2935  157  119950  0  
0  0  3  0  0  1  44  21  0  283  0  0  0  0  1  28  1  0  0  0  2  27  1  0  0  0  0  0  0  97  0  0  0  0  0  0  1  0  0  0  0  0  0  257  1  0  1  3  1  1  0  3  1  4  0  0  0  0  0  1  21  0  0  0  3  18  0  0  2  0  0  0  1  0  4  172527  0  26  11  1888  239  9  8  202  31  0  0  0  21  70  362  463  239770  180  65726  483  3951  1002  142  14  5  0  7  3  46  24  0  278  8271  0  38180  45939  0  0  513  8  1639  1146  52  3  60  4905  669  6831  2633  2  73  14  39  1605  15089  27127  0  71827  49790  18  1090  14  928  453  10  155  50  124  40  91819  228245  0  
1  12  3  0  0  1  17  14  0  416  0  0  0  0  0  12  0  1  0  0  69  26  1  0  0  0  0  0  0  117  0  0  0  0  0  0  5  0  0  0  0  1  1  272  1  0  0  1  0  6  0  0  3  1  0  0  0  0  0  15  4  0  0  0  5  12  0  1  0  0  0  0  0  0  0  62346  0  14  11  1367  130  12  11  149  6  0  0  1  12  51  454  263  498  3  365720  3301  2180  442  347  21  1  1  3  3  20  12  0  925  3603  2  379933  3713  0  0  178  27091  1162  263  125  7  54  13280  823  239170  1065  1  35  14  143  1721  0  157  89865  0  45687  10  448  9  27  397  8  83  37  124  20  87562  52786  0  
1  2456  22  2  0  10  438  257  0  4368  4  0  0  0  2  225  3  2  0  0  3848  1566  17  0  0  0  0  0  0  2580  1  1  0  0  1  0  156  0  3  0  1  1  0  7075  5  11  1  7  6  136  0  10  8  37  0  0  0  0  118  456  222  0  1  0  119  177  0  0  5  0  3  0  3  1  2  2900  1  30  21  2717  522  14  156  5863  20647  0  0  1  30  124  260  369  29287  385  728081  828831  405563  1520  26  29  9  0  6  184  73  67  0  363  6924  0  2143  1212  0  0  2634  522  2003  214149  57  8  93  12805  902  265491  134531  2  81  21  16  1372  29  23841  178413  14072  0  31  2480  19  2761  34098  25  243  80  193  817  2471  37404  0  
9  0  1  0  2  341  22  0  0  0  0  0  0  4  7  65  0  0  0  0  0  0  0  6  0  0  0  0  0  1  9  76  0  0  0  0  0  0  0  0  0  0  0  0  0  0  16  2  0  1  0  1  16  1  0  0  0  0  0  0  0  21  23  2  0  1020  0  0  0  4  0  0  0  0  176  0  0  1239  393  41807  3619  6  0  0  0  1375  59194  172551  171432  12357  25  723  0  0  0  0  58  259997  0  133  0  0  20  0  55  685  0  3  10  0  0  1  113128  17291  241  0  0  3  123  1  24083  254  65882  1  0  144109  8080  1979  1  8  0  0  4  4  1  0  178  4274  0  1550  60  8840  277  526  0  6  11  0  
69  2  317  20  9  432  3705  3508  2  206  0  12  15  14  37  3115  96  38  0  0  36  42  65  1539  0  16  0  0  33  244  9448  190  4  4  109  2  9  0  44  0  9  0  1  309  133  138  47  154  59  49  2  72  116  219  0  1  0  0  0  7  143  7  3319  13  14  1470  4  94  87  67  14  0  34  3  281  0  7  86  3413  261594  1061  115  9  763  7  2  5  7  348  8279  1689  18154  36  3  19  161  42774  696334  20  20  0  0  20  13  628773  103164  0  96  10980  0  76  111  3  18  314  3  92  1845  167  9  10431  3579  3048  31  87  69  1515  210  19  269  0  35  1381  266  615  2495  0  146698  63  544  45  316  203  126283  34  258  1711  0  
5  0  0  0  1  174  12  2  0  0  0  0  0  0  5  36  0  0  0  0  0  0  0  2  0  0  0  0  0  0  8  61  0  0  0  0  1  0  1  0  0  0  0  0  0  0  6  0  0  0  0  0  22  2  0  0  0  0  0  0  1  6  22  4  0  308  0  0  0  2  0  0  0  0  131212  0  0  2  24980  39915  960  1  0  0  0  1  3007  33  16204  31412  3  757  0  0  0  0  4120  1119738  0  0  0  0  0  0  65628  207  0  2  3509  0  1  2  102  14  2  0  120  0  2  0  100820  15  451  0  0  61  28684  662  0  2  0  0  4  1  1  15424  105001  0  0  403  0  2  0  203517  0  6  8  0  
0  0  4  0  0  0  42  22  9  3419  151  0  0  0  0  24  3  1  0  0  0  122  1  0  1  0  0  0  0  295  1  1  0  0  0  0  0  0  0  0  0  0  0  169  1  0  0  4  0  0  0  2  2  1  0  0  0  0  0  0  9  0  0  0  576  2230  3  0  0  0  2  1  0  0  3  11  0  11  5  469  62  3  11921  31585  370016  0  0  0  5  15  16  15  182  419255  46  4250  1912  232  494  248  30104  0  0  380959  12  12  0  24  119  0  8  46  0  0  12676  32  24  458913  37  47  13  1552  135  9  1239  2  14  2  3  93035  107  92259  519  67  17036  2  427  4  0  52216  45  32  16  31  29721  64  5468  0  
1130  85  148  152  123  159887  35518  127252  15635  331234  0  15  42  31  81  2056  1102  411  0  2  309  884  168  246  0  12393  0  14  27  14200  512  2234  32  65  36  32  18  35  45  0  2577  0  1  32365  6236  23012  1549  2945  632  224  14  79  1131  65  1  25  5  0  1  55  1557  253  4131  98  1526  417353  4170  52  31  72  27818  49  1752  72  1026  227  947  2398  1076  438787  140708  136632  336275  200195  10612  115  1  100  1816  12820  74  3884  155  2248  35  4792  2834  2856  52  11560  673  0  106  577  315  69505  0  86  283  11  43  333  47  246  199411  945  39  16868  5465  38869  17065  10666  15130  114  44002  1143  11822  578  12  13735  185  9294  452  301  21048  18031  4251  1245  8539  0  15361  647  435  763  26244  522  7939  0  
0  1  272  11  0  20  3026  2891  4  13  0  5  2  6  31  2368  45  19  0  0  257  11  95  0  0  6  0  0  27  2  0  2  0  1  12  1  8  0  10  0  7  0  3  12  119  122  5  129  55  39  0  55  25  174  0  0  0  0  0  30  72  1  2  0  3  927  1  60  54  0  18  0  15  0  8  1  157789  114172  3  605  3331  10747  663  128  0  242  0  155  1601  11966  10  44  0  2  10  42  71  89  3808  1123266  532754  620465  1602  1777  3  8  315  30  31  1302  10  29  7  182  74566  1  2  13  884643  21887  54  1035  1388  13  1  809  1048  2701  29899  449249  0  2  26  54  10  78  74  2  3  8942  0  3073  21148  10  7621  21  433  1569  
0  0  46  2  0  10  518  427  0  11  0  1  0  1  8  380  3  1  0  0  12  0  12  0  0  2  0  0  3  9  0  1  0  0  0  0  2  0  1  0  2  0  0  15  19  15  2  11  7  3  0  12  6  37  0  0  0  0  0  0  10  0  0  0  0  126  0  15  7  0  0  0  5  1  40  0  6  209906  15  5404  3934  151  300  22  0  418156  0  20931  454264  40839  219  95  4  0  3  5  57  1045  7  33669  107  1  456298  1  14  16  0  33  36  0  8  60  67  9797  22618  0  3  49  231259  165  206  4967  65297  7  2  467345  18668  180908  20  379  0  3  141  93  31  1333  207  7  2  191  1794  0  199922  28  100  95  631  0  
1  16  1263  54  0  85  12073  13245  8  55  0  29  5  21  135  10841  181  111  0  0  306  29  503  1  0  24  0  2  72  8  2  1  9  10  52  2  52  1  34  0  22  0  42  44  488  488  28  734  217  141  2  210  81  642  0  1  1  0  0  44  388  1  16  1  7  4064  5  286  226  0  65  9  100  8  24  0  1173  1446  3  1881  6205  9768  25  28  0  776  0  609  134313  227693  49  121  1  1  10  82  156  267  25  403  235  487  860354  1  13  19  0  15  49  0  5  47  26  660  4700  2  2  51  322051  638  155  2022  7170  42  2  3101  3073  261113  34  6259  0  0  190  296  44  390  234  2  6  240  2286  174275  0  10  71  71  714  0  
2  0  1  0  13  9419  14  3  0  0  0  0  0  0  0  14  6  7  0  0  0  0  22  8  0  0  0  0  0  0  21591  5075  0  0  50  0  0  0  0  0  0  0  0  0  1  0  3  14  0  15  0  0  6  1  0  0  0  0  0  0  0  2  277  1  0  349  0  0  0  8151  0  0  0  0  17078  0  0  2  14094  374379  262  1  0  1  0  0  15  3  367  99756  6  1995  0  0  0  1  545  29437  0  1  0  0  0  0  457203  11828  0  7  83  0  2  7  4  1  2  0  3  2  2  0  18806  23  83  1  0  15  553  117  0  3  0  0  8  5  1  637  140270  95138  1  110  0  1  1  0  0  28  26  0  
0  2  3529  0  0  1  49  458  33001  7310  0  0  0  0  1  114  5  1  0  0  26  21  6  0  1  67  6  9  1  32381  0  0  0  1  0  0  0  0  0  0  4  0  0  183  254  10140  0  39  4  5  0  1  1  3  0  23  0  0  0  5  43  0  0  0  1486  19039  1450  2  1  0  33642  0  19  0  0  0  43  591  0  89  200  1804  351391  30334  194  3  0  2  4  324  11  7  12  3579  4  85  82  28  1561  20985  190363  0  2  702093  2  3  0  8  49  42  6  18  0  2  36421  1  8  1091  1489  411990  9  1046  65  7  79  6  9  47  77  148952  2  409  53  38  493  2  57  2  31395  66085  3792  104  588  11  0  26  2643  0  
0  0  0  0  0  0  14  3  0  278  0  0  0  0  0  5  0  0  0  0  0  11  0  0  0  0  0  0  0  70  0  0  0  0  0  0  0  0  0  0  0  0  0  152  1  0  0  0  0  2  0  0  0  0  0  0  0  0  0  0  3  0  0  0  2  9  0  0  0  0  0  0  0  0  1  31384  0  4  5  497  59  1  12  94  4  0  1  0  7  23  151  82  379  3  80  30  756  189  84  6  1  0  0  0  12  8  0  4914  12233  2  881177  1052238  0  0  310  0  49557  179  68  14  23  11275  294  41938  107  0  23  2  50  402  1  75  135199  54667  566  5  189  4  23  186  6  36  17  46  13  0  251726  0  
0  0  10  2  0  8  209  136  20  2842  0  0  2  1  0  130  2  1  0  0  20  176  2  0  0  4  0  0  0  775  0  3  0  0  1  0  1  0  0  0  1  1  0  1822  9  3  3  6  4  7  0  7  9  15  0  4  0  0  0  1  116  1  1  1  270  2987  51  0  1  0  3  0  3  0  9  362  2  128  83  7593  1462  72  143  1468  281  19  0  2  61  356  1357  866  433479  352  2074  1456  5185  2676  1159514  34612  5170  1  22  76  160  129  166  1094950  93919  170979  21716  1228775  0  2  403335  245  28859  2834  8658  913  258  364634  4375  13310  15786  15  287  73  31469  468863  115538  69338  319597  55859  26607  69  4202  52  924  7644  429  801  356  510  31504  347405  0  11036  
0  0  0  0  0  0  0  0  0  0  0  0  0  0  0  0  0  0  0  0  0  0  0  0  0  0  0  0  0  0  0  0  0  0  0  0  0  0  0  0  0  0  0  0  0  0  0  0  0  0  0  0  0  0  0  0  0  0  0  0  0  0  0  0  0  0  0  0  0  0  0  0  0  0  0  0  0  5943  0  0  0  0  0  0  0  17  0  0  0  0  2  0  0  0  0  0  0  0  0  4985  0  0  0  0  0  0  226899  192054  184  198609  0  103  0  0  152022  0  0  0  1  0  0  120198  1  0  0  0  0  0  0  0  0  0  0  0  0  0  0  0  0  0  49  0  0  0  0  0  9819  0  
