0  0  0  1  412281  38918  119  0  0  2  0  370  152  10377  144703  6509  4  1935  0  0  3  0  23  312371  0  12  0  0  14  0  128034  8635  0  5  4  4  0  1  8731  2  663  0  3  1  54  0  23658  25  61724  0  0  194937  150486  163  0  2  0  1  8  0  8  206954  1630  60016  1  3607  7  796  3  135799  0  0  38  0  27  0  0  0  0  4  0  0  0  0  0  0  0  0  0  13  1  44  0  0  0  1  49  2  0  0  0  0  0  0  10  39  0  0  0  0  0  0  0  0  1  0  0  0  1  0  32  1  0  0  0  0  0  0  0  1  0  0  0  0  0  0  0  0  0  254  0  0  0  1  0  0  0  0  
1  0  0  0  0  2  0  0  0  21  43  0  0  0  0  0  2  67  555078  100  269414  161665  43  0  0  146  1  0  0  1  0  34  1  310  1  52  89739  96  0  0  184  388936  0  38488  9  0  6  29  41  42  215281  0  0  0  0  2  70766  1102  88150  238938  30271  0  3  0  39  1  6  0  0  0  0  33838  374  0  0  33  0  0  0  0  0  0  1  0  13  0  0  0  0  0  0  8  1  0  23  135  42  0  0  0  0  0  0  0  0  1  3  0  1  0  0  0  0  0  4  107  9  0  0  0  0  6  0  0  2  0  0  0  0  0  0  0  0  0  4  0  0  0  0  5  0  0  0  0  0  0  1  7  
0  0  0  0  0  0  0  23665  386  0  0  0  0  0  0  301905  0  0  0  0  0  0  0  0  0  0  105592  87880  241616  50794  0  0  0  0  0  0  0  0  0  0  0  0  0  0  387212  282182  0  0  0  0  0  0  0  3  0  1  0  0  0  0  0  0  0  0  0  0  52175  0  35353  0  179  0  0  0  0  0  10331  0  0  0  1  58  123  0  0  0  0  0  0  69  0  0  0  0  0  0  0  0  0  0  11  0  0  565  0  0  0  0  0  0  0  0  0  0  0  0  0  0  0  5993  0  0  0  0  0  0  0  0  0  0  0  0  0  0  0  0  0  0  0  0  0  0  0  0  756  0  0  0  
66  4  0  0  0  1  10  21  10  0  0  313971  19  471  0  1  3403  7144  14  0  0  0  1  3  29  285663  1  132558  177302  5  0  7  1863  1479  2099  77  0  0  25  17  38352  1  1  2  318579  1  6  134  330167  0  2  163  0  2  0  82  2  11  0  0  1  1  1  0  57  19  525  137280  0  0  16  0  115  150  0  0  0  0  0  0  0  0  0  0  0  0  0  0  0  0  0  0  0  0  0  0  0  0  0  0  0  0  0  0  0  0  0  0  0  0  0  0  0  0  0  0  0  0  0  0  0  0  0  0  0  0  0  0  0  0  0  0  0  0  0  0  0  0  0  0  0  0  0  0  0  0  0  0  
314927  0  0  0  0  82151  376  1  0  0  0  60  0  779  153502  240154  1  473  0  0  0  0  0  72  0  0  0  0  4  1  141555  409  0  0  0  0  0  0  27  1  42  0  0  0  7  0  560  2  8822  0  0  2599  218481  388  0  1  0  0  0  0  0  320  20  488  0  1910  2  92  1  152936  0  0  0  0  21  0  0  0  0  293  0  0  0  0  0  0  0  0  0  237  0  0  0  0  0  0  1  2  0  0  0  0  0  0  15  47  0  0  0  0  0  0  0  0  0  0  0  0  0  0  0  0  0  0  0  0  0  0  0  0  0  0  0  0  0  0  0  0  0  62  0  0  0  34  0  0  0  0  
106021  0  0  0  113018  0  543569  2388  214  24  0  155  0  1214  63902  796272  29  10029  0  0  19  0  211  10858  0  23  13  0  186  1045  8577  109762  1  50  185  39  1  19  104  0  103  0  153  114  208  0  11359  195  19118  0  0  80264  53178  141813  0  63  0  5  56  0  79  61  24539  20455  801  521293  137  763  35  459817  35  0  358  0  72  0  0  0  8  74119  1290  104  55  8  0  0  0  0  10  10145  1  177  0  0  3  3  434  165  0  0  0  3  20  0  3019  21122  0  0  0  0  0  0  0  0  2  0  2  0  25  1  105  1  4  0  0  2  10  26  0  6  0  0  0  0  3  3  127  14  0  216728  4  10  6  5360  3  0  0  2  
807  0  0  0  1368  725031  0  348564  19978  43  0  1  0  57  12079  595922  7  4142  1  0  0  0  3  2  2  333  1011  2  746  25886  0  183  0  3  15  590  0  1  5  0  170  0  8  3492  1194  76  218  100  7831  0  0  13390  8374  298062  0  6335  0  1  0  0  0  1  4  4  15257  398513  1356  4704  223  0  2989  0  58  0  1  0  1  0  0  1539  6614  2178  193  36  0  0  0  1  62  128  0  2  0  0  0  0  3  0  0  0  0  12  74  0  0  2  0  0  0  0  0  0  0  0  0  0  0  1  159  10  2  1  1  0  0  4  2  135  0  5  0  0  0  0  1  0  0  0  0  89862  20  100  54  1  2  0  0  0  
1  0  32906  1  3  17976  366669  0  200237  121  0  0  0  3  59  302342  3  722  0  0  0  0  1  0  0  394  340  186  8558  36963  0  52  1  2  11  277  0  0  0  0  124  0  4  5412  113201  208141  35  22  355  0  0  656  23  73816  0  758  0  0  0  0  0  0  1  1  18156  154917  1536  819  257791  0  16172  0  8  0  0  0  98  0  0  815  6315  10383  2093  131  0  0  0  0  0  729  0  1  0  0  0  0  1  0  0  0  1  2  0  9  0  2  0  0  1  0  0  0  0  0  1  0  1  0  0  871  0  2  0  0  0  0  0  0  0  4  0  0  0  0  0  0  0  0  0  28347  2  0  0  1  430  0  0  0  
0  0  158  0  2  436  51021  131680  0  27726  0  0  0  1  12  379  1  1091  0  0  0  36  8  0  0  91  291  5  6  116882  0  79  0  1  26  111  0  0  0  0  36  0  16  26029  1488  139790  23  50  54  0  0  66  6  994  0  588  0  1  0  0  0  0  0  1  3293  178034  2938  106  35  0  207953  0  5  0  0  0  2  0  0  51  4216  12715  17909  2686  12  0  0  0  0  1  4  9  0  0  0  2  28  0  1  0  2  3  0  1170  0  2  0  0  2  0  0  0  0  0  33  0  5  3  0  110  2  4  2  0  0  0  0  0  0  8  0  0  0  0  1  0  0  0  1  11075  1  0  0  0  3516  0  1  1  
12  2  0  0  0  211  6  22  33499  0  0  0  0  2  4  0  12  31384  2  0  25  11724  23673  5  0  40  18  1  3  39871  0  3331  24  119  1867  517  2  5  0  0  761  0  1443  177115  482  1  120  876  267  0  1  14  1  33  0  39  2  17  39  0  168  0  7  5  3273  99989  1876  26  1  2  12  0  372  0  2  0  0  0  0  69  704  7405  7554  10213  0  0  0  0  0  0  51  461  0  0  12  205  1899  4  0  1  4  1  1  127  15  104  140  12  14  29  0  0  0  0  280  0  695  71  3  0  51  170  21  0  4  0  0  0  0  162  0  0  0  1  49  0  15  0  2  36195  9  0  0  0  121  0  66  626  
0  0  0  0  0  0  0  0  0  17  0  0  0  0  0  0  0  1  48  544837  0  113545  5  0  0  0  1910  0  0  25633  0  0  0  0  0  0  0  0  0  0  2  489117  0  698293  0  0  0  0  0  0  7  0  0  0  0  591  4  385  0  0  6  0  0  0  495434  0  1  0  0  0  0  0  0  0  0  0  0  0  0  0  0  0  0  2  299957  0  0  0  0  0  0  0  0  19987  0  19  2  0  0  0  249  0  0  5402  0  0  0  0  0  0  0  0  0  0  0  530  0  100  0  0  0  0  0  0  0  0  0  0  0  0  0  1  0  0  0  0  0  0  51  0  0  0  0  0  2  0  0  0  
1291  0  0  406725  13  57  5  0  0  1  0  0  4776  166511  39087  0  200  43832  0  0  0  0  1  675  1  496  0  4  19358  0  0  98  1078  2461  6582  29  0  0  6606  99650  325  0  0  0  74161  0  4970  1679  378403  0  0  197908  61  88  0  1  0  0  0  0  0  221  13  6  0  109  42  333145  0  5  2  0  4  1  0  0  0  0  0  1  0  0  0  0  0  0  0  0  0  0  0  0  0  0  0  0  1  0  0  0  0  0  0  0  0  0  0  0  0  0  0  0  0  0  0  0  0  0  0  0  0  0  0  0  0  0  0  0  0  0  0  0  0  0  0  0  0  0  0  22  0  0  0  0  0  0  0  0  
5394  0  0  2  0  1  0  0  0  0  0  3809  0  43725  0  0  5  1208  0  0  1  0  0  233507  0  0  0  0  0  0  0  9  0  173  204  0  0  0  127538  12  0  0  1  0  0  0  38570  62  106  0  0  14  0  0  0  0  0  0  0  0  0  48148  13  38908  0  1  0  0  0  0  0  0  0  0  0  0  0  0  0  0  0  0  0  0  0  0  0  0  0  0  0  0  0  0  0  0  1  0  0  0  0  0  0  0  0  0  0  0  0  0  0  0  0  0  0  0  0  0  0  0  0  0  0  0  0  0  0  0  0  0  0  0  0  0  0  0  0  0  0  0  0  0  0  0  0  0  0  0  
19124  0  0  13  290  474  3  0  0  0  0  200834  48519  0  20075  5  0  4707  0  0  1  0  4  2011  1  132  0  1  5  0  1  875  0  4  5  0  0  0  183718  203367  1279  0  0  0  331  0  8520  5  122655  0  0  372190  187  23  0  0  0  0  2  0  1  92406  256  2309  0  308  8  2116  0  86  0  0  1  0  0  0  0  0  0  1  0  0  0  0  0  0  0  0  0  0  0  3  0  0  0  0  9  1  0  0  0  0  0  0  0  1  0  0  0  0  0  0  0  0  0  0  0  0  0  0  0  0  0  0  0  0  0  0  0  0  0  0  0  0  0  0  0  1  0  30  0  0  0  0  0  0  0  0  
167632  0  0  0  127640  39397  3362  165  60  1  0  42893  0  22253  0  248394  3  1852  0  0  0  0  1  63658  0  6  6  0  214477  490  1  288  0  0  0  12  0  0  51  0  20  0  0  55  93  40  837  12  3777  0  0  1657548  926595  701365  0  19  0  0  0  0  0  105024  22  35  325  6037  34  302912  176319  50  43  0  3  0  0  0  0  0  0  17  1  0  1  3  0  0  0  0  0  0  0  0  0  0  0  0  2  0  0  0  0  0  0  0  0  1  0  0  0  0  0  0  0  0  0  0  0  0  0  0  0  0  0  0  0  0  0  0  0  0  0  0  0  0  0  0  0  0  0  137  0  0  0  1  0  0  0  0  
26261  0  354791  0  334693  828474  675281  207922  314  4  0  1  0  80  257629  0  2  1934  0  0  0  0  1  11  0  16  170  6  88886  776  9788  142  0  1  0  25  0  0  1  0  18  0  0  73  6763  7274  631  13  3786  0  0  3534  9920  965207  0  806  0  0  1  0  0  1  4  76  681  3783  145  6865  539120  139242  272  0  3  0  0  0  9214  0  15  7755  4628  16429  1308  4  0  0  0  0  0  44861  0  0  0  0  0  0  0  0  0  0  0  0  0  5  0  127  0  0  0  0  0  0  0  0  0  0  0  0  0  2439  0  0  0  0  0  0  0  0  0  0  0  0  0  0  0  0  0  0  0  393  0  0  0  93  146  0  0  0  
2  4  0  346  0  74  12  22  8  57  0  221  74  3  1  1  0  590992  2  0  5  0  89438  4656  14  179  1  0  6  13  0  10995  9620  2243  134140  127  8  456  1  0  23994  0  8944  57  463  0  2499  359879  159621  8  0  3  0  1  0  24  1  42  1235  4  530  0  118  4  56  210  808  73  0  33  10  1  7042  12  1  0  0  0  0  0  0  0  0  0  0  0  0  0  0  0  1  8  0  0  4  3  107  0  0  0  0  0  0  0  0  1  2  0  0  0  0  0  0  0  5  0  5  0  0  0  1  4  0  0  0  0  0  0  0  3  0  0  0  0  0  0  1  0  0  14  0  0  0  0  1  0  0  7  
348  9  0  5000  9  6691  14  6  5  806  0  25693  1300  5980  24  0  297133  0  39  0  65  5  132482  28765  3  81  5  0  6  21  3  229459  2026  2488  46524  516  11  239  9338  1450  1986  2  5422  140  1807  2  215311  124669  308646  0  4  253  25  90  0  29  11  198  1309  2  390  1  1736  120  813  16742  2591  85  1  997  5  0  8324  1  11  0  0  0  0  22  0  4  4  11  0  0  0  0  0  0  10  118  0  0  9  9  1185  1  4  0  0  0  0  0  2  57  18  3  2  2  0  0  0  0  43  0  100  5  0  0  30  42  10  0  0  0  0  0  0  31  0  0  0  0  10  0  2  0  0  1223  0  0  0  0  8  0  19  86  
0  595554  0  12  0  0  2  0  0  1  211  0  0  0  0  0  9  508  0  110532  8545  6317  2  0  125628  2275  188  0  0  2  0  23  7  110  2  172  518  328  0  0  7136  323609  3  25577  127  0  11  109  542  10  52856  1  0  0  0  63  1157036  937204  313879  14069  6655  0  0  0  1606  3  86  2  0  0  0  232  304914  0  0  0  0  0  0  0  0  0  0  0  0  0  0  0  0  0  0  0  0  0  0  0  1  0  0  0  0  0  0  0  0  0  0  0  0  0  0  0  0  0  0  0  0  0  0  0  0  0  0  0  0  0  0  0  0  0  0  0  0  0  0  0  0  0  0  1  0  0  0  0  0  0  0  1  
0  716  0  1  0  0  0  0  0  0  644582  0  0  0  0  0  0  21  86352  0  0  5457  0  0  17  18  153814  0  0  147  0  5  0  41  0  23  0  1  0  0  104  107122  0  274577  2  3  0  5  5  0  4916  0  0  0  0  34953  1747  556299  2  0  1957  0  0  0  177188  0  3  0  0  0  2  0  13  0  0  0  0  0  0  0  0  0  0  0  58260  0  0  0  0  0  0  0  0  402  0  0  0  0  0  0  0  0  0  9  0  0  0  0  0  0  0  0  0  0  0  12  0  0  0  0  0  0  0  0  0  0  0  0  0  0  0  0  0  0  0  0  0  0  0  0  0  0  0  0  0  0  0  1  
27  249879  0  0  0  30  0  0  0  101  0  0  0  0  0  0  6  389  8662  0  0  5538  34668  17  0  18  0  0  0  0  0  583  3  309  45  17  46747  711  0  0  30  31  432  63  0  0  111  452  22  195939  96537  0  0  0  0  2  169  16  15418  601542  677911  1  19  23  5  12  1  0  0  11  0  1282  1381  0  1  17  0  0  0  9  1  2  3  11  0  0  0  0  0  0  15  146  0  0  89  189  1380  4  0  0  1  0  0  0  10  58  38  5  5  10  0  0  0  0  80  2  219  7  0  0  28  82  4  0  8  0  1  0  0  55  1  0  0  0  47  0  12  0  0  50  2  0  1  0  4  0  17  144  
12  184045  0  0  0  7  0  0  95  15218  35093  0  0  0  0  0  1  364  2388  1648  6108  0  57073  5  0  39  8  0  0  46259  0  336  13  1871  19  469  2  7  0  0  799  224062  20  909875  58  0  33  213  36  0  438530  1  0  0  0  16  19944  12144  812  11  682748  0  9  8  14692  16  30  0  0  1  0  0  1354  0  2  15  0  0  0  153  1  16  251  2670  53128  0  0  0  0  0  161  1551  1  1052  26  25933  3739  7  17  2  2  2  2  522  26  208  325  42  42  85  0  0  0  0  709  4600  2270  691  7  0  72  602  81  0  24  0  1  1  0  594  0  1  0  0  183  0  19  0  26  446  10  0  0  0  93  0  246  1858  
60  88  0  0  0  227  0  0  0  27005  1  0  1  0  0  0  52176  223143  22  0  38771  29631  0  596  6  22  6  0  0  9  1  94754  74  3541  166373  343  219  12704  0  0  726  2  304761  19715  36  1  339  58480  172  7847  91  2  0  0  0  26  4  328  38772  7388  481006  1  528  56  423  680  104  0  0  28  0  102  98962  1  3  3  0  0  0  167  0  8  54  115  0  0  0  0  0  0  157  1636  2  0  205  149  20384  15  27  4  2  2  1  0  42  303  341  44  49  93  0  0  0  0  792  0  2517  62  1  0  132  758  94  0  21  0  1  0  0  635  0  0  1  1  177  0  60  0  1  621  8  0  0  0  97  0  285  1984  
409730  1  0  0  159  11051  0  0  0  3  0  1093  284966  3655  51954  12  1251  45173  1  0  14  0  272  0  0  1  0  0  0  0  192970  40664  7  136  1917  2  0  6  5368  0  8  0  48  1  10  0  309421  3629  204  0  2  1673  4  1  0  0  0  2  15  0  34  293489  507125  1006505  10  1685  12  3  0  41694  0  0  145  0  24  0  0  0  2  17  0  0  0  0  0  0  0  0  0  5  3  138  0  0  0  0  146  20  0  0  0  0  0  0  41  121  0  0  0  1  0  0  0  0  1  0  1  0  0  0  129  0  1  0  0  0  3  0  0  0  0  0  0  0  0  0  6  3  0  55  0  0  0  2  0  0  0  1  
6  5  0  7  0  5  10  27  27  1  0  0  0  77  0  1  2  2548  202812  73  0  0  5  0  0  188051  217325  0  0  36  0  176  0  44  30  31771  0  1434  1  0  771  0  19  21  84  37  79  143  501  0  0  1  0  14  153508  464569  25  118608  14  1  212  0  3  0  5574  49  19607  5  0  1  43  0  1125739  0  0  0  0  0  0  0  0  0  0  0  0  0  0  0  0  0  0  0  0  0  0  0  0  0  0  0  0  0  0  0  0  0  0  0  0  0  0  0  0  0  0  0  0  0  0  0  0  0  0  0  0  0  0  0  0  0  0  0  0  0  0  0  0  0  0  4  0  0  0  0  0  0  0  0  
1171  425  0  279274  19  191  1517  659  1411  13  0  2857  0  9577  25  25  144  11094  273  0  8  5  20  3  159498  0  51713  197928  650  325  0  450  8  32651  99  436223  0  3  123  57  432276  14  72  571  93900  7  181  740  143751  0  17  185  23  106  96588  22886  52  541  201  9  1533  32  12  5  2134  2323  592863  4141  3  2  200  0  147532  9  0  0  0  0  0  1  4  2  0  0  0  0  0  0  0  0  0  1  0  0  0  0  6  0  0  0  0  0  0  0  0  0  0  0  0  0  0  0  0  0  0  0  2  0  0  0  0  0  0  0  0  0  0  0  0  0  0  0  0  0  0  0  0  0  0  13  0  0  0  0  0  0  0  0  
2  2  85204  0  0  391  5174  328  952  14  13114  0  0  5  1  2281  8  2834  96  176295  0  207  11  0  227515  51697  0  300  22  1535932  0  235  0  3  39  164  0  5  2  0  384  0  29  272  2638  83292  78  98  203  0  1  46  1  9779  14  1155908  4  30447  2  0  17  0  3  0  176319  442  483614  423  998  0  98315  0  3835  0  0  0  4  0  0  0  0  1  0  2  587  0  0  0  0  0  0  0  0  25  0  0  0  0  0  0  20  0  0  5640  0  0  0  0  0  0  0  0  0  0  0  0  1  2  0  1  0  0  0  0  0  0  0  0  0  0  0  0  0  0  0  0  0  0  3  11  0  0  0  0  171  0  0  0  
36  0  125003  134995  0  19  15  31  8  2  0  79  0  176  0  47  4  1855  0  0  0  0  2  1  1  210952  389  0  66120  22  0  119  1  0  8  9  0  0  5  2  143  0  4  8  1163037  67556  77  64  12562  0  0  5  1  325  0  1272  0  1  0  0  0  1  5  0  51  37  747250  36  188  2  19  0  3  0  0  0  0  0  0  0  0  0  0  2  0  0  0  0  0  0  0  0  0  0  0  0  0  0  0  0  0  0  0  0  0  0  0  0  0  0  0  0  0  0  0  0  1  0  0  0  0  0  0  0  0  0  0  0  0  0  0  0  0  0  0  0  0  0  0  8  0  0  0  0  0  0  0  0  
90  0  183679  193577  3  117  1219  45445  65  1  0  8282  1  772  152703  43118  12  1091  0  0  0  0  0  1  7  2418  10  81856  0  825  0  51  0  4  0  37  0  0  15  0  203  0  0  121  1284989  7172  143  33  3480  0  0  20035  5  3481  0  29  0  1  0  0  0  3  2  1  328  1629  6972  597881  1026823  0  43  0  30  0  0  0  1  0  0  3  0  0  0  0  0  0  0  0  0  0  0  0  0  0  0  0  0  0  0  0  0  0  0  0  0  1  0  0  0  0  0  0  0  0  0  0  0  0  0  0  0  0  0  0  0  0  0  0  0  0  0  0  0  0  0  0  0  0  0  47  0  0  0  0  0  0  0  0  
10  0  55590  0  0  185  2912  6812  113220  45454  32097  1  0  65  3  490  7  5244  1  480  2  39176  839  0  33  1698  1583718  6  5  0  0  376  0  22  89  6649  0  1  0  0  214  0  61  127739  932  225754  116  163  361  0  0  30  0  1091  0  187024  0  1  0  0  7  1  6  0  309983  4390  5790  54  111  3  484008  0  335  0  0  0  64  0  0  1  1  30  1686  5099  34596  0  0  0  0  0  0  9  0  26  0  90  59  0  0  0  77  0  0  83155  0  1  2  0  0  1  0  0  0  0  3  0  10  207  0  498  1  1  0  0  0  0  0  0  0  4  0  0  0  0  3  0  0  0  376  76  0  0  0  0  12331  0  0  11  
167097  0  0  0  118216  8039  0  0  0  0  0  0  0  1  1  5947  0  59  0  0  0  0  2  190804  0  0  0  0  0  0  0  58834  0  0  1  0  0  0  0  0  0  0  0  0  0  0  133  1  7  0  0  1  1  0  0  0  0  0  0  0  0  0  281585  1068  0  60  0  0  0  351517  0  0  4  0  1728  0  0  0  3  1255  0  0  0  0  0  0  0  0  0  28124  0  2  0  0  0  0  0  2651  0  0  0  0  0  0  22412  5298  0  0  0  0  0  0  0  0  0  0  0  0  0  0  3  0  0  0  0  0  0  0  0  0  0  0  0  0  0  0  694  0  0  5  0  0  0  27314  0  0  0  0  
11358  30  0  0  40  93935  0  1  1  1296  0  1  0  22  9  8  5261  467929  42  0  373  9  99157  46381  6  19  0  0  2  7  42503  0  179  847  14975  217  28  631  117  0  380  0  10874  128  308  0  72610  18778  854  7  23  156  32  3  0  20  9  141  1504  16  1471  52  238165  9937  418  102898  502  8  0  145210  3  1  7971  1  582  0  0  0  43  19910  0  5  10  10  0  0  0  0  2  12228  485  19948  0  0  33  120  4688  277  3  14  0  4  10  0  5160  83012  13  14  3  7  0  0  2  0  349  0  84  6  38  0  6509  275  809  0  6  19  75  11  0  142  0  0  0  0  124  13  677  113  0  29923  24  2  6  1312  14  0  90  51  
0  26  0  1364  0  10  0  0  0  66  0  1759  2  0  0  0  10450  22302  283  0  1  12  203  12  0  42  0  0  0  0  0  3230  0  184583  44562  10751  0  37  0  0  74908  3  198  149  56  0  60  251026  955  0  6  0  0  0  0  2  51  740  4  1  23  0  5  0  322  13  94  0  0  0  0  0  539  252305  0  0  0  0  0  3  0  0  0  1  0  0  0  0  0  0  1  11  0  0  0  0  78  0  0  0  0  0  0  0  0  2  2  0  1  0  0  0  0  0  2  0  13  0  0  0  0  2  1  0  0  0  0  0  0  2  0  0  0  0  2  0  0  0  0  17  0  0  0  0  0  0  1  8  
25  2333  0  1147  1  34  1  4  13  284  0  4615  477  21  0  0  285  22135  1220  14  195  234  4075  1038  12  40585  227  1  8  74  1  1773  184235  0  564427  380616  2163  145129  260  0  12395  59  210957  9742  338  21  121  370498  662  708  65  0  0  5  0  651  451  7490  6275  136  8883  5  4  30  8737  35  244  0  0  13  14  873  901351  312698  0  0  0  0  0  16  0  5  4  7  0  0  0  0  0  0  16  189  0  0  39  28  4586  0  3  0  1  0  0  0  5  43  39  3  2  12  0  0  0  0  93  0  322  9  1  0  19  99  12  0  1  0  0  0  0  65  0  0  0  0  32  0  3  0  0  86  3  0  0  0  7  0  31  194  
0  5  0  653  0  8  0  0  0  23  0  4268  361  28  0  0  111803  31486  4  0  6  0  94383  4402  0  0  0  0  2  1  0  1802  36757  602455  0  18  1013  1881  167  0  21  1  153894  58  6  0  44  514203  98  290  0  0  0  0  0  0  0  24  7337  32  2047  5  55  2  13  34  8  1  0  1  0  18  101642  5908  0  0  0  0  0  0  0  1  0  1  0  0  0  0  0  0  0  1  0  0  1  0  41  0  0  0  0  0  0  0  0  1  1  0  0  0  0  0  0  0  4  0  2  0  0  0  0  0  0  0  0  0  0  0  0  2  0  0  0  0  0  0  0  0  0  7  0  0  0  0  1  0  0  2  
433  482  0  43  5  152  1446  2226  2197  196  0  38  0  6300  12  37  154  61321  2060  19  44  183  1187  3  22032  414616  941  1  19  4261  0  6434  21910  377671  1503  0  6  20  97  1  282714  62  1099  1680  1360  95  213  20765  19944  0  54  282  17  115  2761  7385  643  2218  228  15  664  21  19  8  28358  2027  39397  1418  2  6  3994  0  42570  149530  1  0  0  0  0  27  1  1  5  17  0  0  0  0  0  0  27  267  0  0  3  9  934  4  11  0  1  1  0  1  4  26  59  1  10  23  0  0  0  0  119  0  387  11  2  0  9  132  18  0  1  0  0  1  1  100  0  1  0  0  28  0  4  1  1  114  5  0  0  0  10  0  43  276  
1  59519  0  0  0  3  0  0  0  3  0  0  0  0  0  0  7  30  785  0  25884  32  984  3  0  0  0  0  0  0  0  46  0  1196  509  0  0  399648  0  0  1  0  127613  23  0  0  10  559  0  360596  31  0  0  0  0  0  0  2  156801  508486  4908  0  2  3  2  1  0  0  0  0  0  1002799  14762  0  0  0  0  0  0  0  0  0  1  0  0  0  0  0  0  0  1  12  0  0  3  6  67  0  0  0  0  0  0  0  0  2  2  0  0  0  0  0  0  0  6  0  13  0  0  0  2  16  0  0  0  0  0  0  0  4  0  0  0  0  7  0  0  0  0  1  0  0  0  0  2  0  2  9  
0  4564  0  0  0  3  0  0  2  8  0  0  0  0  0  0  62  311  980  0  289  59  5903  3  2445  4  39  1  0  3  0  70  22  151755  1825  37  304918  0  0  0  110  6  88097  1828  5  17  16  2858  11  5865  2  1  0  0  1  594  28  457  186559  50201  67709  0  3  4  1902  5  43  1  1  1  1  910825  1379531  20  0  0  0  0  0  1  0  0  0  0  0  0  0  0  0  0  0  4  0  0  1  0  153  0  0  0  0  0  0  0  0  1  1  0  0  1  0  0  0  0  1  0  3  1  0  0  0  2  1  0  0  0  0  0  0  1  0  0  0  0  0  0  0  0  0  1  0  0  0  0  0  0  1  3  
76784  0  0  0  25  305  1  0  0  2  0  1806  118857  209121  232  1  0  11127  0  0  2  0  1  22302  0  1  0  0  9  0  0  1686  0  7  1  2  0  0  0  16739  122  0  0  0  12  0  66721  2  119264  0  0  7537  52  3  0  0  0  1  3  0  4  25690  988  73964  1  326  3  256  0  195  0  0  15  0  1  0  0  0  0  1  0  0  0  0  0  0  0  0  0  0  0  3  0  0  0  1  17  0  0  0  0  0  0  0  0  2  0  0  0  0  0  0  0  0  0  0  0  0  0  0  3  0  0  0  0  0  0  0  0  0  0  0  0  0  0  0  0  0  0  10  0  0  0  0  0  0  0  0  
49  0  0  1  0  0  0  0  0  0  0  128186  29  203915  2  0  0  3114  0  0  0  0  0  1  0  19  0  0  3  0  0  3  0  0  0  0  0  0  31784  0  21  0  0  0  25  0  4346  0  76935  0  0  13  0  0  0  0  0  0  0  0  0  1  1  0  0  0  1  4050  0  0  0  0  0  0  0  0  0  0  0  0  0  0  0  0  0  0  0  0  0  0  0  0  0  0  0  0  0  0  0  0  0  0  0  0  0  0  0  0  0  0  0  0  0  0  0  0  0  0  0  0  0  0  0  0  0  0  0  0  0  0  0  0  0  0  0  0  0  0  0  0  0  0  0  0  0  0  0  0  
3313  25  0  15265  16  187  303  271  134  558  0  1196  1  48480  29  15  18985  93194  207  0  1  18  559  27  173  365569  39  5  175  135  0  8443  87226  9027  417  359873  2  1  417  26  0  6  324  335  9562  6  2638  118330  169689  0  3  2049  27  186  0  306  45  1048  10  0  40  118  160  24  30689  626  37754  33094  5  41  33  0  2773  57367  0  0  0  0  0  6  1  4  0  11  0  0  0  0  0  0  2  66  0  0  0  0  206  0  2  0  0  0  0  0  0  8  11  0  2  2  0  0  0  0  21  0  79  5  0  0  4  29  4  0  0  0  0  0  0  31  1  0  0  0  6  0  0  0  0  57  0  0  0  0  9  0  8  69  
0  381584  0  1  0  0  0  0  0  0  313481  0  0  0  0  0  1  21  346963  100701  9  294344  0  0  0  30  0  0  0  0  0  2  0  54  0  36  0  0  0  0  58  0  0  499358  3  0  0  9  6  0  26668  0  0  0  0  1  277169  2415  20  1  2075  0  0  0  14  0  1  0  0  0  0  0  17  0  0  0  0  0  0  0  0  0  0  0  3218  0  0  0  0  0  0  0  0  861  0  92  0  0  0  0  0  0  0  0  0  0  0  0  0  0  0  0  0  0  0  1002  1  0  0  0  0  0  0  0  0  0  0  0  0  0  0  0  0  0  0  0  0  0  0  0  0  0  0  0  0  0  0  0  
1  18  0  0  0  5  0  0  0  2  0  0  2  0  0  0  1725  295  4  0  767  1  244366  143  1  2  1  0  0  0  0  642  1  153265  185958  5  135487  117494  0  0  6  0  0  63  2  0  11  14284  1  61683  0  0  0  0  0  2  1  16  25956  1749  45247  0  89  0  10  12  9  0  0  0  0  723  47361  0  0  0  0  0  0  0  0  0  0  1  0  0  0  0  0  0  0  0  0  0  1  0  32  0  0  0  0  1  0  0  0  1  0  0  0  0  0  0  0  0  1  0  0  0  0  0  1  0  0  0  0  0  0  0  0  1  0  0  0  0  0  0  0  0  0  1  0  0  0  0  0  0  0  2  
2  23677  0  4  0  78  1055  2462  30543  202316  616925  0  0  5  3  101  15  13290  4050  147629  37  1044121  22828  2  2  320  66  2  1  122486  0  1752  127  6063  525  2791  0  22  0  0  8534  467584  404  0  736  2  124  1398  485  0  84862  9  0  144  0  262  36275  108314  1064  12  150614  0  10  1  370653  44190  1442  18  5  4  318  0  6291  0  0  0  0  0  0  9  9  84  194  632  25868  0  0  0  0  0  5  72  0  263  4  919  230  0  0  0  0  0  0  94  4  20  15  3  1  1  0  0  0  0  37  80  82  22  1  0  10  28  4  0  0  0  0  0  0  27  0  0  0  0  21  0  3  0  5  232  1  0  0  0  8  0  13  102  
3890  4  406633  277109  34  716  8332  137724  720  56  0  16900  1  47793  71  2216  299  27687  14  0  0  0  42  24  361  139914  3391  1228667  1222928  3455  0  1275  3  4  108  2048  0  0  716  25  11958  0  70  544  0  405310  1036  2300  217840  0  0  2809  45  5237  0  8850  2  28  2  0  3  109  49  24  1951  16289  409847  184883  258415  18  621  0  2250  0  0  0  0  0  0  5  10  5  16  27  0  0  0  0  0  0  0  0  0  0  0  0  3  0  0  0  0  0  0  0  0  1  0  0  0  0  0  0  0  0  0  0  1  0  0  0  0  0  0  0  0  0  0  0  0  0  0  0  0  0  0  0  0  0  0  556  0  0  0  0  0  0  0  1  
2  0  242634  0  2  191  2087  177803  150475  0  0  0  0  1  28  8777  0  585  0  0  0  0  0  0  1  39  212555  26208  23159  245665  0  35  0  2  7  63  0  0  0  0  17  0  3  32  284131  0  23  20  165  0  0  195  10  13885  0  17450  0  0  0  0  0  0  1  0  354  538  160421  346  42368  0  184298  0  4  0  0  0  57  0  0  0  2  15  127  0  0  0  0  0  0  0  0  0  0  0  0  0  0  0  0  0  0  0  0  1069  0  0  0  0  0  0  0  0  0  0  0  0  0  0  0  810  0  0  0  0  0  0  0  0  0  0  0  0  0  0  0  0  0  0  0  3  0  0  0  0  2624  0  0  0  
90861  13  0  0  210  7257  32  2  1  60  0  1967  41396  2217  393  8  2472  218086  6  0  112  4  2065  297972  0  12  1  0  6  3  12  63031  31  87  625  71  4  46  41450  292  235  1  139  11  376  0  0  33885  57653  1  7  5262  396  435  0  6  1  15  201  5  369  2296  14056  77843  148  10656  530  256  4  1654  0  0  754  0  8  0  0  0  1  7  0  0  1  0  0  0  0  0  0  0  2  80  0  0  9  27  1696  0  0  0  0  0  0  0  4  74  2  0  1  1  0  0  0  0  3  0  18  1  0  0  37  8  4  0  0  0  0  0  0  3  0  0  0  0  7  0  3  0  0  663  1  0  0  0  3  0  4  18  
39  74  0  47  0  300  7  7  8  1168  0  604  108  21  4  1  313404  442138  395  2  132  64  41281  5862  21  318  13  0  8  29  0  41879  228968  413921  494009  3376  702  9035  39  0  171350  6  29081  1538  1508  1  55462  0  18722  207  8  8  2  24  0  78  87  1775  15223  31  12100  2  715  69  5865  634  3121  125  1  119  4  20  872785  56267  1  0  0  0  1  28  1  14  10  36  0  0  0  0  0  0  24  268  0  0  27  35  4014  0  8  0  1  1  0  0  7  47  68  5  10  15  0  0  0  0  186  0  398  25  2  0  18  132  22  0  3  0  0  1  0  113  0  0  0  1  48  0  5  1  0  232  2  0  0  0  12  0  48  290  
130043  3  11  165281  3324  7125  641  855  321  197  0  350571  68  233802  1213  55  140294  514224  13  0  11  1  1097  357  456  79593  64  142  2272  404  1  16356  2786  130  246  5256  1  7  121248  65755  231265  0  102  77  281019  18  83316  33519  0  0  0  91507  2336  2581  0  907  4  37  14  0  49  1016  612  309  1103  15598  29826  192998  45  219  335  0  2416  56  1  0  0  0  0  22  0  3  4  4  0  0  0  0  0  0  6  45  0  0  2  3  390  1  1  0  0  0  0  0  0  44  7  0  0  2  0  0  0  0  26  0  57  4  0  0  9  17  1  0  0  0  0  0  0  20  0  0  0  0  3  0  0  0  0  2501  0  0  0  0  2  0  4  45  
0  111  0  0  0  0  0  0  0  1  0  0  0  0  0  0  13  1  16  0  177139  0  26371  0  0  0  0  0  0  0  0  19  0  119  741  0  387371  12052  0  0  0  0  60182  9  0  0  2  222  0  0  1  0  0  0  0  0  0  3  8071  196018  119479  0  5  0  0  2  0  0  0  0  0  13802  26310  0  0  0  0  0  0  0  0  0  0  0  0  0  0  0  0  0  0  1  0  0  0  0  1  0  0  0  0  0  0  0  0  0  0  0  0  0  0  0  0  0  0  0  0  0  0  0  0  0  0  0  0  0  0  0  0  0  0  0  0  0  0  0  0  0  0  0  0  0  0  0  0  0  0  0  
0  412582  0  1  0  1  0  0  0  13  46  0  0  0  0  0  0  151  25860  12800  65304  301463  25  1  1  180  0  0  0  1  0  36  1  957  2  66  1  2  0  0  199  51418  1  95485  8  0  2  19  62  0  0  0  0  0  0  17  22638  3124  14637  603  272029  0  0  1  94  0  12  1  0  0  0  1  642  0  0  6  0  0  0  0  0  0  0  0  0  0  0  0  0  0  2  14  1  0  4  19  46  0  0  0  0  0  0  0  0  1  3  0  0  1  0  0  0  0  6  2  15  0  0  0  3  2  0  0  1  0  0  0  0  2  0  0  0  0  3  0  0  0  0  1  0  0  0  0  1  0  2  7  
274924  0  0  275  1321  12146  4006  152  99  22  0  202031  28  337721  1458056  891  32  19844  1  0  0  0  2  741  6  78  3  0  29244  137  3  6535  0  3  4  54  0  1  11941  3  1190  0  1  27  1634  1  21527  110  103279  0  0  0  341183  384641  0  12  0  0  2  0  0  146996  720  457  86  12684  378  628096  143  215  20  0  38  0  1  0  0  0  1  35  3  2  5  10  0  0  0  0  1  0  0  17  0  0  0  1  11  0  0  0  0  0  0  0  1  28  0  0  0  0  0  0  0  0  0  0  0  0  0  0  8  0  0  0  0  0  0  0  0  0  0  0  0  0  0  0  0  0  0  1958  0  0  0  0  0  0  0  0  
182934  0  0  0  176952  35386  1432  4  2  1  0  204  0  1068  995571  7014  3  925  0  0  0  0  1  37  0  3  0  0  9  6  1  634  0  0  1  1  0  0  85  0  83  0  1  0  14  0  977  4  16032  0  0  491928  0  186742  0  0  0  0  0  0  0  23  38  64  3  2816  2  245  2  66  0  0  0  0  0  0  0  0  0  6  0  0  0  0  0  0  0  0  0  0  0  0  0  0  0  0  1  0  0  0  0  0  0  0  0  2  0  0  0  0  0  0  0  0  0  0  0  0  0  0  0  0  0  0  0  0  0  0  0  0  0  0  0  0  0  0  0  0  0  164  0  0  0  0  0  0  0  0  
344  1  2  0  483  75153  279901  49780  4763  39  0  4  0  448  580828  1078546  10  11172  1  0  0  0  2  3  4  169  1107  33  16152  9345  0  389  0  14  12  291  0  0  9  1  176  0  12  1123  1617  2340  2360  120  24299  0  0  329590  177343  0  0  6238  1  1  0  0  1  2  5  0  5728  61209  976  106090  272966  1  1675  0  44  0  0  0  0  0  0  7  2  4  8  10  0  0  0  0  0  0  0  2  0  0  0  0  0  0  0  0  0  0  1  0  0  2  0  0  0  0  0  0  0  0  0  0  0  0  0  0  0  0  0  0  0  0  0  1  0  0  0  0  0  0  0  0  0  0  0  598  1  0  0  0  0  0  0  0  
0  0  0  0  0  0  0  0  0  0  0  0  0  0  0  0  0  1  0  0  0  0  0  0  140951  102776  69  0  0  0  0  0  0  0  0  3009  0  0  0  0  0  0  0  0  0  0  0  0  0  0  0  0  0  0  0  8521  0  0  0  0  0  0  0  0  0  0  140  0  0  0  0  0  7832  0  0  0  0  0  0  0  0  0  0  0  0  0  0  0  0  0  0  0  0  0  0  0  0  0  0  0  0  0  0  0  0  0  0  0  0  0  0  0  0  0  0  0  0  0  0  0  0  0  0  0  0  0  0  0  0  0  0  0  0  0  0  0  0  0  0  0  0  0  0  0  0  0  0  0  
32  191  7  10  7  1866  30893  26869  14557  90  341  3  0  295  66  4521  57  81796  422  16989  13  53  311  6  526053  47648  1359005  225  81  161884  0  6016  4  509  1665  27461  3  548  4  0  15087  1  1310  4469  30466  23048  1217  2500  3214  0  4  383  22  18280  8858  0  44  215834  285  16  2018  2  71  5  478910  40099  278073  674  2045  17  57607  0  185729  0  0  0  0  0  0  1  4  6  1  3  2  0  0  0  0  0  0  2  0  0  0  0  11  0  0  0  1  1  0  13  0  0  0  0  0  0  0  0  0  0  1  0  2  0  0  0  0  2  0  0  0  0  0  0  0  1  0  0  0  0  0  0  0  0  0  77  0  0  0  0  0  0  0  1  
0  51363  0  2  0  0  0  0  1  1  48  0  0  0  0  0  5  250  900732  1748  60  11254  1  0  3  391  1  0  0  1  0  31  5  723  3  352  0  8  0  0  1138  267796  4  65898  37  0  1  60  136  0  3725  0  0  0  0  11  0  79216  547  29  7735  0  1  0  418  0  35  0  0  0  0  2  13125  0  0  0  0  0  0  0  0  0  0  0  0  0  0  0  0  0  1  0  0  0  0  0  1  0  0  0  0  0  0  0  0  0  0  0  0  0  0  0  0  0  0  0  0  0  0  0  0  0  0  0  0  0  0  0  0  0  0  0  0  0  0  0  0  0  0  0  0  0  0  0  0  0  0  1  
0  77394  0  19  0  5  0  3  1  12  781  1  0  4  1  1  18  4422  855890  454481  105  38210  148  0  91809  4912  40463  0  1  9  0  261  232  7707  264  695  1  231  0  0  90322  26773  152  196799  591  27  82  5287  897  0  6185  2  1  6  0  233674  106836  0  1176  158  20178  0  5  1  125931  8  489  4  0  2  5  0  147429  27  0  0  0  0  0  3  0  0  1  1  0  0  0  0  0  0  2  20  0  0  1  1  108  0  0  0  0  0  0  0  1  2  6  0  0  0  0  0  0  0  5  0  17  0  0  0  0  7  2  0  0  0  0  0  0  3  0  0  0  0  5  0  1  0  0  13  1  0  0  0  1  0  0  21  
2  194446  0  1  0  0  1  0  0  16  0  0  0  0  0  0  16  359  331460  0  11767  434  3698  1  7  470  7  0  0  5  0  52  2  1491  717  76  119120  124515  0  0  392  1788  1357  5627  11  2  4  1687  71  346  31147  0  0  0  0  120  4422  15640  0  85690  201064  0  1  0  1065  1  15  0  0  0  1  305758  452308  0  0  0  0  0  0  0  0  0  0  0  0  0  0  0  0  0  0  1  0  0  3  0  126  0  0  0  0  0  0  0  0  0  0  0  0  0  0  0  0  0  0  0  4  0  0  0  0  0  0  0  0  0  0  0  0  1  0  0  0  0  0  0  0  0  0  2  0  0  0  0  0  0  1  1  
2  144409  0  0  0  2  0  0  0  1  0  0  0  0  0  0  25  28  15529  0  581765  9  9166  3  0  12  0  0  0  0  0  85  0  88  524  4  364552  66110  0  0  3  16  834  36  0  0  8  62  2  149530  522  0  0  0  0  3  240  4  70929  0  188364  0  6  0  3  7  0  0  0  1  0  157688  14129  0  0  0  0  0  0  1  0  0  0  0  0  0  0  0  0  0  0  3  0  0  2  2  38  0  1  0  0  0  0  0  0  0  1  1  0  0  0  0  0  0  0  0  8  0  0  0  0  4  0  0  0  0  0  0  0  3  0  0  0  0  5  0  0  0  0  5  0  0  0  0  0  0  0  7  
15  244662  0  0  0  20  0  0  0  774  17  0  0  0  0  0  96  1179  24247  1986  700379  713493  499791  20  13  537  12  0  0  5  0  694  22  8774  2349  1001  2280  10224  0  0  2253  2236  35393  117612  123  2  74  1013  63  112544  234628  0  0  1  0  54  42506  5056  378477  160644  0  0  28  16  817  29  107  0  0  3  2  1057  107646  0  0  3  0  0  0  128  0  8  36  80  1  0  0  0  0  0  136  1311  0  0  44  130  7000  15  15  4  4  1  3  0  28  207  277  45  41  93  0  0  0  0  657  18  2062  39  6  0  71  611  56  0  19  1  0  0  0  544  0  2  0  1  112  0  35  0  1  328  8  0  2  0  62  0  209  1634  
289905  0  0  0  54  146  0  0  0  0  0  61  50162  134975  85492  0  0  70  0  0  2  0  1  204479  0  0  0  0  3  0  0  376  0  1  0  0  0  0  57713  0  43  0  0  0  4  0  20964  0  761  0  0  159027  16  5  0  0  0  0  0  0  0  0  305  111361  0  103  1  95  0  46  0  0  4  0  0  0  0  0  0  0  0  0  0  0  0  0  0  0  0  0  0  1  0  0  0  0  4  0  0  0  0  0  0  0  0  2  0  0  0  0  0  0  0  0  0  0  0  0  0  0  3  0  0  0  0  0  0  0  0  0  0  0  0  0  0  0  0  0  0  3  0  0  0  0  0  0  0  0  
31955  3  0  0  58  10038  0  0  0  21  0  2  3  61  7  3  243  15637  4  0  64  0  219  547356  0  1  0  0  0  0  311516  309349  8  25  310  7  1  29  521  0  36  0  63  4  18  0  64230  2618  186  1  4  152  8  3  0  1  2  4  71  1  177  259  0  102294  20  194  37  9  0  221514  0  0  364  0  0  0  0  0  0  1  0  0  0  0  0  0  0  0  0  2  2  16  0  0  3  10  478  6  0  0  0  0  0  0  14  10  0  0  0  0  0  0  0  0  0  0  5  0  0  0  10  3  0  0  0  0  0  0  0  2  0  0  0  0  1  0  0  0  0  9  0  0  0  0  0  0  0  4  
184509  0  0  0  506  32918  0  0  0  14  0  1  22290  18423  24  79  12  3933  0  0  15  0  143  1121130  1  2  0  0  0  0  412  40136  1  66  55  0  0  16  49973  1  5  0  43  4  8  0  88183  158  648  0  0  139  11  2  0  1  0  3  48  2  71  191793  137856  0  3  2666  16  6  0  29949  0  0  345  0  40  0  0  0  3  24  0  0  0  0  0  0  0  0  0  0  4  161  0  0  3  12  410  3  0  0  0  0  0  0  3  141  0  1  0  0  0  0  0  0  2  0  0  0  0  0  161  3  4  0  0  0  3  0  0  0  0  0  0  0  2  1  3  6  0  84  0  0  0  0  0  0  0  1  
10  209  1  9  1  156  1663  1819  5317  981  541178  3  0  156  9  268  51  70043  1000  212127  20  8505  399  9  481  7758  213061  11  5  365527  0  5058  50  743  634  17499  0  172  3  0  191345  6  491  381120  2101  1052  1853  3791  2858  0  67  26  3  616  0  486329  400  123321  203  33  1652  3  120  7  0  2715  10784  100  33  21  2285  0  10448  0  0  0  0  0  0  1  1  2  0  8  11850  0  0  0  0  0  0  5  0  1  0  18  27  0  0  0  16  0  0  4023  0  2  2  0  0  0  0  0  0  0  3  0  13  30  1  0  1  5  0  0  0  0  0  0  0  0  0  0  0  0  0  0  0  0  24  35  0  0  0  0  2  0  0  9  
1734  0  0  0  3882  473358  506022  185415  201563  112023  0  15  0  103  21114  1426  27  21994  3  0  0  16  597  122  1  320  18  2  1588  56721  8  57509  4  51  1132  674  0  25  6  0  475  0  873  45414  14619  27  1695  679  4414  0  0  38366  10915  68780  0  196  0  12  27  1  25  2  31  172  12627  0  4575  8468  334  229  1122  0  383  0  158  0  0  0  11  76449  3938  6146  4054  5639  0  0  0  1  141  39  11  71  0  0  0  6  44  16  1  3  2  34  120  0  7  2046  1  1  0  0  0  0  0  0  33  0  3  2  334  6  32  4  12  0  1  13  10  286  0  29  0  0  0  0  4  9  4  17  0  505771  72  197  110  18  27  0  3  2  
144  1  42963  18  13  2119  19759  13804  18442  261  0  14  0  1279  81  2191  229  105457  3  0  1  0  293  12  19766  836169  447033  700072  696  10554  1  9079  10  27  1417  94455  1  15  13  0  7553  0  1060  4603  450486  257798  2029  2768  10068  0  0  368  34  10696  55  328296  1  38  6  0  26  2  114  9  14705  41528  0  1743  2077  33  16203  0  3046  0  0  0  0  0  0  2  26  25  6  16  0  0  0  0  0  0  0  3  0  0  0  0  14  0  0  0  0  0  0  0  0  1  0  0  0  0  0  0  0  0  2  0  4  0  0  0  0  1  0  0  0  0  0  0  0  1  0  0  0  0  0  0  0  0  0  194  0  0  0  0  0  0  0  2  
11878  2  0  155127  156  1124  4464  330  206  37  0  332469  1  38285  273407  535  23  14465  13  0  1  0  5  68  148  5907  12  5  899823  392  1  759  0  0  14  654  0  0  560  4350  32461  1  13  76  225562  7  3464  237  213584  0  2  672225  475  141137  0  275  3  20  0  0  1  173  106  31  305  8406  2611  0  9742  24  55  0  570  0  0  0  0  0  0  17  5  2  14  15  0  0  0  0  0  0  0  0  0  0  0  0  5  0  0  0  0  1  0  0  0  3  0  0  0  0  0  0  0  0  0  0  0  0  0  0  0  0  0  0  0  0  0  0  0  0  0  0  0  0  0  0  0  0  0  897  0  0  0  0  1  0  0  0  
102  0  84127  2  21  853  6623  180380  1198  3  0  4  0  528  230534  294174  6  4066  0  0  1  0  0  0  3  3731  751  701  890171  8891  0  160  0  1  0  154  0  0  13  0  538  0  1  1047  300041  31410  1345  47  8786  0  0  2065  89  241754  0  1726  0  0  0  0  0  8  2  1  4442  8879  13873  52049  0  1  1053  0  18  0  0  0  0  0  0  3  0  0  1  1  0  0  0  0  0  0  0  0  0  0  0  0  0  0  0  0  0  0  0  0  0  0  0  0  0  0  0  0  0  0  0  0  0  0  0  0  0  0  0  0  0  0  0  0  0  1  0  0  0  0  0  0  0  0  0  68  0  0  0  0  0  0  0  0  
173520  0  0  0  90319  476623  10  0  0  15  0  4  0  77  259  126433  12  3191  0  0  24  2  248  100150  1  0  0  0  0  0  341192  229028  0  73  58  2  1  19  52  0  5  0  43  4  4  0  6017  90  321  0  1  130  57  5  0  1  0  4  62  1  123  22  219435  27094  6  539  10  6  0  0  0  0  412  0  67  0  0  0  1  12479  0  1  0  0  0  0  0  0  0  36681  1  79  0  0  6  10  770  1189  1  0  0  0  0  0  13957  18638  1  0  0  0  0  0  0  0  4  0  1  0  0  0  52  2  2  0  0  0  2  0  0  1  0  0  0  0  3  0  838  1  0  329  0  0  0  25197  0  0  1  1  
10  0  22  0  1  337  9486  11713  279579  14  0  0  0  125  7  1656  6  12444  0  0  0  2  62  1  45  1327  209064  68  15  582857  0  1031  0  3  262  10963  0  2  2  0  268  0  218  1847  963  181176  185  239  582  0  0  49  6  4523  0  73896  0  0  1  0  0  0  9  0  29685  2260  31723  139  215  2  0  0  406  0  0  0  0  0  0  0  0  1  37  1  14  0  0  0  0  0  0  0  0  0  0  0  0  0  0  0  0  0  0  1414  0  0  0  0  0  0  0  0  0  0  0  0  0  0  0  55  0  0  0  0  0  0  0  0  0  0  0  0  0  0  0  0  0  0  0  12  0  0  0  0  2202  0  0  0  
0  39181  0  0  0  0  0  0  0  1  0  0  0  0  0  0  9  2  575  0  2903  1  636  0  0  0  0  0  0  0  0  4  0  414  237  0  1151191  908681  0  0  2  1  1179  5  0  0  1  45  0  104473  1  0  0  0  0  0  0  0  411282  282376  12080  0  0  0  0  0  0  0  0  0  0  0  113397  0  0  0  0  0  0  0  0  0  0  0  0  0  0  0  0  0  0  0  0  0  0  0  10  0  0  0  0  0  0  0  0  0  2  0  0  0  0  0  0  0  1  0  1  0  0  0  0  1  0  0  0  0  0  0  0  0  0  0  0  0  1  0  0  0  0  1  0  0  0  0  0  0  0  1  
85  14483  0  37  5  109  59  70  128  636  0  3  0  227  19  9  1282  34274  281788  11  999  483  49585  55  1071513  211005  4421  1  4  588  1  3912  2212  1032915  150837  39280  6018  1667070  2  0  5140  1234  130802  29805  573  370  516  1035985  7636  7657  3770  26  16  133  14495  122090  73431  270098  516492  12832  199363  3  58  50  69868  207  3247  132  8  30  291  116694  0  2047  2  0  0  0  0  9  0  4  9  9  0  0  0  0  0  0  14  129  0  0  85  59  6635  2  3  1  0  0  0  0  7  45  21  5  6  8  1  0  0  0  69  0  177  6  0  0  27  47  2  0  0  0  0  0  1  46  0  0  0  1  32  0  7  0  0  120  2  0  0  0  7  0  14  98  
0  2  0  179  0  0  0  0  0  2  0  2  0  0  0  0  172  343  8  0  0  1  16  0  0  32  0  0  0  0  0  18  362225  443141  614  96478  0  8  0  0  48132  0  7  12  13  0  2  70638  21  0  0  0  0  0  0  0  0  111  0  0  2  0  0  0  30  0  17  0  0  0  0  0  916  0  0  0  0  0  0  0  0  0  0  0  0  0  0  0  0  0  0  1  0  0  0  0  7  0  0  0  0  0  0  0  0  0  1  0  0  0  0  0  0  0  0  0  4  0  0  0  0  1  0  0  0  0  0  0  0  1  0  0  0  0  0  0  0  0  0  0  0  0  0  0  0  0  1  1  
50  0  0  0  3  77  0  0  0  0  0  0  0  0  0  0  1  44  0  0  0  0  0  52  0  0  0  0  0  0  3194  418  0  0  2  0  0  0  0  0  0  0  1  0  0  0  26  1  1  0  0  0  0  0  0  0  0  0  0  0  0  0  3  71  0  16  0  0  0  89  0  0  1  0  0  0  0  0  286119  147714  89  35  26  1  0  0  731  266  82068  123909  45  910  0  0  0  0  55  697539  1  9  0  4  30  0  66728  10136  0  0  0  2  0  0  2421  0  37  0  2  0  38  3  6596  8  2189  0  0  2352  152470  928  1  15  0  0  0  0  2  127460  1778  5080  0  1617  18  71  9  64141  0  0  6  1  
0  11  0  0  0  0  0  0  0  1  0  0  0  0  0  0  0  0  0  0  4  7  0  0  0  0  0  0  0  0  0  2  0  0  0  0  0  0  0  0  0  0  0  0  0  0  0  0  0  0  0  0  0  0  0  0  0  0  0  0  2  0  0  0  0  0  0  0  0  0  0  0  1  0  0  0  0  0  0  4  0  0  73  5  0  0  0  4  0  0  62  216  506121  159  347935  10211  312  2  901  4  2  1  1  0  1  11  0  0  8  6  9835  69  0  0  6465  174653  437  9566  0  0  7  82  42  0  123985  6  1  2  421  1578  170293  39316  277107  263272  60021  1  0  0  807  30  3  2  1  0  4  323  62935  3  
0  0  12398  0  0  0  0  316  19  0  0  0  0  0  0  17461  0  0  0  0  0  0  0  0  0  0  36  0  0  153  0  0  0  0  0  0  0  0  0  0  0  0  0  0  0  95  0  0  0  0  0  0  0  0  0  0  0  0  0  0  0  0  0  0  0  0  0  0  0  0  0  0  0  0  0  0  0  0  0  0  0  5055  315  0  0  0  0  0  0  472307  0  0  0  0  0  0  0  0  0  0  129005  124731  70562  50184  0  0  0  0  0  0  0  0  0  0  0  0  0  0  336836  262940  0  0  0  0  0  0  0  0  0  1  0  0  0  0  0  0  0  0  0  0  34754  0  102063  0  937  0  0  0  
0  0  0  0  0  0  0  0  0  0  0  0  0  0  0  0  0  2  0  0  0  0  0  0  0  0  0  0  0  0  0  3  0  0  0  0  0  0  0  0  0  0  0  0  0  0  0  0  0  0  0  0  0  0  0  0  0  0  0  0  0  0  0  0  0  0  0  0  0  0  0  0  0  0  6  0  0  0  2  48  6  167  237  4  0  286987  0  40  14  6  8154  10611  0  0  0  0  25  4  219  275032  29  292133  146622  3  2  15  10248  15192  2293  6202  0  0  28  1  142477  0  7  7  256862  4  67  2523  154355  0  0  57  19  119  82  724  0  0  0  0  0  3  1  1  4  312  23504  48227  45  0  786  0  95  17592  
5  0  0  0  5  14  0  0  0  0  0  0  0  0  0  119  0  5  0  0  0  0  0  12  0  0  0  0  0  0  89  77  0  0  1  0  0  0  0  0  0  0  1  0  0  0  4  0  0  0  0  0  0  0  0  0  0  0  0  0  0  0  1  9  0  2  1  0  0  2  0  0  0  0  273291  0  0  0  0  322119  431  122  42  1  0  0  31  177  229103  763601  11  411  0  0  0  0  16  389  1  18  1  9  62  0  11  861  0  0  0  1  0  0  155  0  27  0  0  0  140  3  399  6  437  0  0  23899  899049  3434  1  23  0  0  0  0  1  904  11  314  0  733  30  357  36  38946  10  0  0  0  
324  0  0  0  304  75617  457  293  16  0  0  0  0  0  22  9552  2  263  0  0  0  0  1  390  0  0  0  0  0  0  4613  33137  0  3  4  0  0  1  0  0  0  0  4  0  0  0  212  2  16  0  0  167  13  35  0  0  0  0  1  0  0  1  27  489  0  51505  0  1  0  10464  0  0  8  0  313082  0  0  0  692141  0  246961  2426  650  29  0  0  91  2040  182146  872744  272  9879  0  0  1  4  491  192756  37  269  9  110  580  2  15051  260121  5  4  3  14  0  0  1541  0  590  0  13  4  1388  21  14768  160  3132  0  0  20110  106504  223306  14  289  0  1  0  1  33  5525  68667  38967  2  503834  363  2599  356  156338  90  0  64  4  
7  0  0  0  1  4988  5067  3794  2849  289  0  0  0  0  1  4871  0  22  0  0  2  0  0  4  0  0  0  0  0  7  0  66  0  0  0  0  0  0  0  0  0  0  0  16  83  0  5  0  0  0  0  1  1  4  0  0  0  0  0  0  0  0  0  2  0  2229  13  11  0  4  0  0  1  0  1567  0  0  1  3893  309247  0  423508  22469  532  0  0  2  2121  12157  784584  35  1632  0  0  1  3  56  243  35  232  64  831  1376  16  10  687  0  0  0  15  0  0  272  0  402  0  4  69  6178  112  1285  26  3197  0  0  40382  26552  235395  25  408  0  0  0  0  1  703  16  121  55  468530  1111  10199  1801  5  622  0  17  0  
0  0  74  0  1  82  1734  9341  25881  3296  0  0  0  0  1  8562  0  24  0  0  2  30  4  0  0  1  0  0  0  361  0  10  0  1  2  0  0  0  0  0  0  0  2  311  6  9  0  3  2  0  0  1  1  8  0  0  0  0  0  0  2  0  0  0  0  2484  4  0  0  0  1  0  2  0  61  0  875  0  43  15455  384934  0  171741  5168  0  0  0  11  874  824833  30  163  0  0  1  5  977  8  90  76  482  948  2795  59  1  24  1  0  2  4  0  0  3  0  264  0  10  200  15306  258902  56  11  133  0  0  180  274  90598  64  764  0  1  0  0  4  11  1  7  143  239830  1038  3763  263968  1  4005  0  30  0  
0  0  1422  0  0  3  2  1831  46512  10310  0  0  0  0  0  1377  0  3  0  0  0  255  2  0  0  0  0  0  0  5512  0  10  0  0  0  0  0  0  0  0  1  0  0  1546  2  324  1  1  0  0  0  0  0  0  0  0  0  0  0  0  1  0  0  0  0  952  1  0  0  0  37  0  1  0  0  0  739  0  2  77  14964  139523  0  83215  15  0  0  0  13  65  55  106  0  0  0  15  2103  0  3327  335  5448  511  118  19558  2  14  9  1  11  9  0  0  0  0  1738  0  75  3445  1433  102374  7  42  102  0  0  15  21  159  5894  11607  1  0  0  0  6  0  1  1  13735  273758  4019  25  2284  0  353859  0  1122  1  
0  1  0  0  0  2  1  0  1079  6137  0  0  0  0  0  0  0  2389  2  0  0  1972  458  0  1  0  1  0  0  3441  0  226  5  14  125  16  1  0  0  0  32  0  107  693  20  0  5  102  21  0  0  0  0  1  0  5  0  1  0  0  9  0  1  1  95  902  221  1  0  0  0  0  25  0  0  0  0  1  0  73  229  8630  115941  0  97  0  0  0  7  7  85  146  0  0  17  6818  176674  0  77  83  956  214  59  34775  6  42  44  5  6  2  0  0  0  0  1464  0  69  155404  237  19  20  75  44  0  0  7  6  47  58  1214  0  2  0  0  698  0  4  0  6509  326344  1764  17  461  0  5857  0  54  18  
0  0  0  0  0  0  0  0  3  2  145600  0  0  0  0  0  0  0  0  8311  1  56474  1  0  0  0  82  0  0  11015  0  0  0  0  0  0  0  0  0  0  0  2183  0  26057  0  0  0  0  0  0  0  0  0  0  0  2  0  0  0  0  0  0  0  0  2500  0  0  0  0  0  0  0  0  0  0  0  0  0  0  0  0  0  0  119  0  0  0  0  0  0  0  0  1  394115  0  54940  16  0  0  0  63481  0  0  107725  0  0  0  0  0  0  0  0  0  0  0  326882  0  667043  0  0  0  0  0  0  14  0  0  0  0  8  2  107312  0  0  160  0  0  0  371470  0  0  0  0  0  83  0  0  0  
0  0  0  0  0  0  0  0  0  0  0  0  0  0  0  0  0  2  0  0  0  0  0  0  0  0  0  0  0  0  0  0  0  0  0  0  0  0  0  0  0  0  0  0  0  0  1  0  0  0  0  0  0  0  0  0  0  0  0  0  0  0  0  0  0  0  0  0  0  0  0  0  0  0  1  0  0  241611  1  5  3  1  7  0  0  0  1653  208150  596  0  3883  22762  0  0  1  0  233  3537  4  350  0  85  107720  0  0  0  8836  11085  26017  64  0  78  2504  162222  55  0  22  0  47742  0  2176  2328  284750  0  0  104137  5  24  4  26  0  0  0  0  0  1  0  0  0  9  2180  431042  4  0  7  0  3  3  
1  0  0  0  0  0  0  0  0  0  0  0  0  0  0  0  0  0  0  0  0  0  0  0  0  0  0  0  0  0  0  1  0  0  0  0  0  0  0  0  0  0  0  0  0  0  0  0  0  0  0  0  0  0  0  0  0  0  0  0  0  0  0  1  0  0  0  0  0  0  0  0  0  0  877  0  0  0  39  277  8  9  1  0  0  534  0  195433  12  1  1  64  0  0  0  0  0  93755  0  2  0  1  4  0  4  111  0  21  12  0  0  0  186606  59666  2  0  0  0  5  0  243282  0  43276  0  0  6579  235  40  0  3  0  0  0  0  0  137083  10  615  0  22  4  9  0  1  0  0  1  0  
2  0  0  0  0  1  0  0  0  0  0  0  0  0  0  0  0  4  0  0  0  0  0  1  0  0  0  0  0  0  0  30  0  0  0  0  0  0  0  0  0  0  0  0  0  0  3  0  0  0  0  0  0  0  0  0  0  0  0  0  0  0  0  1  0  1  0  0  0  0  0  0  0  0  1314  1  0  1  452  668  584  340  45  2  0  143144  165314  0  18872  1002  24  6246  1  0  0  0  7  1233  65  117  1  9  870  0  4  203  0  322  13  16  0  29  244106  149313  153  0  3  2  240  7  3220  5  69452  0  1  602117  4084  2543  16  140  0  6  0  0  1  96966  10  160  2  243  245  2420  21  2  19  0  41  1  
0  0  0  0  0  2  1  0  1  0  0  0  0  0  0  0  0  4  0  0  0  0  0  1  0  0  0  0  1  0  0  36  0  0  0  0  0  0  0  0  0  0  0  0  0  0  1  1  0  0  0  0  0  0  0  0  0  0  0  0  0  0  0  0  0  5  0  0  0  0  0  0  1  0  76080  0  0  0  133347  146434  14051  1316  345  11  0  193  14  12933  0  181892  30  1023  0  0  0  0  11  270511  16  97  4  77  169131  0  7  121  0  0  1  5  0  0  85  0  128  0  0  1  17282  11  741  5  4041  0  0  1370363  1770597  1268798  5  75  0  0  0  0  0  258951  4  56  1  4422  336  291957  166784  2  31  0  3  0  
2  0  533  0  594  6962  239  963  3  0  0  0  0  0  0  77278  0  0  0  0  0  0  0  0  0  0  0  0  0  0  34745  19128  0  0  0  0  0  0  0  0  0  0  0  0  0  11  0  0  0  0  0  0  0  1  0  0  0  0  0  0  0  0  0  0  0  9  0  0  0  33623  0  0  0  0  240366  0  404484  0  1050311  1114620  731648  740631  101  3  0  0  15  362  186032  0  1  188  0  0  0  0  30  25134  4  13  3  66  19980  1  236112  88267  0  0  0  0  0  0  92  0  24  0  0  0  2423  36378  2083  4  530  0  0  6212  23488  1041760  3  22  0  0  0  0  1  559  18969  1583  0  1992  49  768  417097  381636  23  0  1  0  
1  0  0  0  0  1  1  0  1  15  0  0  0  0  0  0  0  22  0  0  0  1  15  0  0  0  0  0  0  0  0  161  0  0  3  0  0  0  0  0  0  0  1  0  0  0  3  5  1  0  0  0  0  0  0  0  0  0  0  0  0  0  0  1  0  9  0  0  0  1  0  0  5  0  8  58  0  7204  0  1271  7  564  654  26  0  7331  0  7  12  8  0  462027  1  0  9  7  72180  18202  2092  3528  107  160  605  0  48  522  20719  1390  133027  1357  49  0  0  0  83084  0  55960  16  1956  35  2622  266324  73116  67  18  6  6  149  345  6270  7  0  11  83  281  1  62  15  5  1588  5411  42  731  0  1045  41  10131  5095  
14  0  0  0  0  48  0  0  0  5  0  0  0  0  0  0  2  646  0  0  18  1  16  6  0  1  0  0  0  0  0  2697  0  7  14  1  0  3  0  0  1  0  10  0  1  0  116  9  4  0  0  0  0  1  0  0  0  0  2  0  3  0  7  20  2  22  2  0  0  11  0  0  31  0  2679  23  0  20096  1096  13482  105  776  670  19  0  57883  1091  7190  2289  32  352662  0  1  0  17  26  158195  146646  1962  5842  93  268  907  0  4697  16809  3359  3225  30310  811  11  79  255  30754  15533  0  29814  22  7272  34  288035  20323  387081  19  24  13389  7899  1119  512  7009  3  3  6  25  261  2062  5701  861  3  5022  18699  514  1172  8  655  12  7207  709  
0  0  0  0  0  0  0  0  0  0  0  0  0  0  0  0  0  0  0  0  0  0  0  0  0  0  0  0  0  0  0  0  0  0  0  0  0  0  0  0  0  0  0  0  0  0  0  0  0  0  0  0  0  0  0  0  0  0  0  0  0  0  0  0  0  0  0  0  0  0  0  0  0  0  0  465858  0  0  1  0  0  0  1  0  1  0  0  5  0  0  1  1  0  2642  9161  1599  2  0  162962  1  3  0  0  0  0  0  0  0  0  0  3  612  1  0  289  175550  2  24359  0  0  3  0  30  0  25264  8  0  0  13  22888  749709  468632  233897  319  6511  0  0  0  6998  1  0  2  0  0  2  0  342952  0  
0  0  0  0  0  0  0  0  0  0  15794  0  0  0  0  0  0  0  0  434  0  543  0  0  0  0  31  0  0  50  0  0  0  0  0  0  0  0  0  0  0  356  0  55  0  0  0  0  0  0  0  0  0  0  0  0  0  0  0  0  0  0  0  0  3  0  0  0  0  0  0  0  0  0  2  3  0  0  0  0  0  0  0  0  622591  0  0  2  0  0  0  0  1226  0  0  5976  1  1  434  0  94107  0  0  56374  0  1  0  0  0  0  0  0  1  0  11  167960  0  36587  1  0  2  0  48  0  1268  25  1  2  0  139088  913  454965  0  0  3472  0  0  0  292535  0  1  0  0  0  11583  0  2  0  
2  6  0  0  0  2  0  0  1  31  0  0  0  0  0  0  1  36  1  0  109  32  89  1  0  0  0  0  0  0  0  79  1  46  6  1  1  0  0  0  4  0  4  1  0  0  5  18  2  0  2  0  0  0  0  0  0  3  5  0  92  0  2  0  3  3  1  0  0  0  0  0  187  0  14  424470  0  0  1  25  0  4  9  10  0  0  0  1  0  0  21  183  2777  2  0  36990  200928  7  1280  59  4  1  0  0  132  619  12  2090  21  2363  37300  1  0  0  1258  118085  710  228  1  0  450  81  40  202166  199343  3  0  0  110  3136  2416  588  13549  672322  576777  0  144  0  8  144  0  0  0  0  25  2  20507  92  
1  36  0  0  0  7  0  0  0  130  6  0  0  0  0  0  0  38  0  0  120  14158  89  2  0  0  0  0  0  34  0  124  0  17  6  1  2  1  0  0  0  54  3  416  0  0  9  39  0  0  9  0  0  0  0  0  0  0  7  2  166  0  2  2  6  4  0  0  0  3  0  0  81  0  15  3422  0  0  0  37  13  98  276  25886  22028  0  0  0  0  0  14  179  2847  1420  38977  0  122095  7  527  39  71  16  4  4816  161  867  22  1  9  13  0  0  0  0  6303  307578  149  1042048  8  0  725  47  20  0  315155  0  5  2  122  780  41240  45123  77  770  909191  0  147  1  35103  2213  148  0  12  0  6102  0  17629  54  
19  3  0  0  0  41  0  0  2  2172  0  0  0  0  0  0  8  1156  4  0  2455  357  3169  23  10  25  0  0  0  46  0  1929  18  1434  96  75  2  32  0  0  151  0  82  112  8  1  106  792  27  0  4  0  0  0  0  18  1  97  104  7  417  0  30  17  113  65  9  0  0  19  1  0  4414  0  253  193  0  0  6  1285  61  675  6091  143550  18  1795  0  5  4  10  90174  260986  33  6  110183  110406  0  222326  2986  443  275  103  30  1173  14129  65932  2973  857  73091  1603  2911  6  8  1  70624  2  516584  63674  89  1  40183  19188  722  92456  499  6  10  16  33  12724  35  55  52  14327  801976  13  70028  449  207  27010  948  7  83  13  10502  294  72197  6944  
4  1  0  0  0  26  0  0  0  2  0  0  0  0  0  0  0  30  0  0  10  0  4  19  0  0  0  0  0  0  3064  819  0  0  0  0  0  0  0  0  0  0  0  0  0  0  6  1  0  0  0  0  0  0  0  0  0  0  0  0  0  0  1  7  0  0  0  0  0  835  0  0  2  0  557734  0  0  1  807  158310  7  2  2  0  0  2585  97556  831  129112  6984  2928  164987  0  0  6  7  153730  0  1  0  0  1  5  0  185094  39841  4  722  4387  0  1  25  824  124  37  0  301  0  1  0  460307  401  835  0  0  789  23418  20  0  25  0  0  0  0  35  262675  484418  1165721  0  110  1  8  1  15687  0  0  23  3  
0  0  0  0  0  0  0  0  0  0  0  0  0  0  0  0  0  0  0  0  0  0  0  0  0  0  0  0  0  0  0  2  0  0  0  0  0  0  0  0  0  0  0  0  0  0  0  0  0  0  0  0  0  0  0  0  0  0  0  0  0  0  0  0  0  0  0  0  0  0  0  0  0  0  3  232  0  0  0  18  3  16  617  23  0  1  0  22  2  2  715  888  150881  530  211  125  5276  19  0  205391  20598  43  3  0  0  3  6  29816  36  53596  3  24957  7  0  14525  11  3042  761  5  1  18  1101  392  2  3954  49  5  22  188731  545345  875  18369  43  11057  33633  3  0  1  25  179  151  9  9  0  220  3  1085934  142  
1  0  0  0  0  1  0  0  0  1  0  0  0  0  0  0  1  21  0  0  1  0  1  0  0  0  0  0  0  0  0  110  0  0  1  0  0  0  0  0  0  0  0  0  0  0  8  0  0  0  0  0  0  0  0  0  0  0  0  0  0  0  0  0  0  0  0  0  0  1  0  0  6  0  70  4  0  287275  47  773  82  1574  5167  140  0  441  0  153  145  88  2952  14641  0  0  1  3  655  36  209345  0  2714  143532  807  17  13  187  5766  1767  18  454425  0  0  85  2  490222  0  242  48  48088  27  964  2777  78854  0  13  959  226  1684  245111  23126  7  44  0  11  6344  47  8  8  32  9010  438604  2038  512  0  7741  0  9727  29370  
0  0  0  0  0  0  0  0  0  0  28  0  0  0  0  0  0  1  0  0  0  0  0  0  0  0  14  0  0  181  0  3  0  0  0  0  0  0  0  0  0  0  0  0  0  0  0  0  0  0  0  0  0  0  0  0  0  0  0  0  0  0  0  1  5  2  0  0  0  0  0  0  0  0  12  3  110308  0  5  34  27  221  32174  381  12424  0  0  59  14  21  27  182  3  97911  6  0  89  3  19202  3554  0  40864  158  920594  1  17  6  0  4  23  0  0  7  0  583  0  42  171  11526  227319  51  34  2278  0  59  281  24  88  838  872001  14  12  0  1  2  2  0  0  116659  42876  473641  49  704  0  300991  0  295  0  
0  0  0  0  0  0  0  0  0  0  0  0  0  0  0  0  0  0  0  0  0  0  0  0  0  0  0  0  0  0  0  12  0  0  0  0  0  0  0  0  0  0  0  0  0  0  0  0  0  0  0  0  0  0  0  0  0  0  0  0  0  0  0  0  0  1  0  0  0  0  0  0  0  0  12  0  131995  212128  2  66  18  106  862  48  0  67  0  47  19  16  434  1765  1  0  0  0  479  3  77  94222  33672  0  126416  11  2  14  6  53  30  38  0  0  12  0  3214  0  156  11  1149585  10776  51  177  29660  0  1  98  17  142  41  3014  0  0  0  0  4  6  1  2  8  1686  881141  101  60  0  2035  0  70  1  
1  0  0  0  0  2  1  0  0  2  0  0  0  0  0  0  0  9  0  0  0  0  1  1  0  0  0  0  0  0  0  47  0  0  0  0  0  0  0  0  0  0  0  0  0  0  2  0  1  0  0  0  0  0  0  0  0  0  0  0  0  0  0  2  0  2  0  0  0  0  0  0  0  0  67  0  89657  149952  99  357  218  1776  215  10  0  69835  0  647  217078  23101  83  1434  0  0  0  0  52  24  27  431  34  124238  0  0  8  88  0  5  25  47  0  0  3  3  1240  0  9  3  1054163  24029  431  158  11468  0  0  31813  562  6294  8  445  0  0  0  0  3  68  3  10  2  931  1259  697074  533316  1  210  0  18  0  
0  0  374  0  0  0  0  3  1073  138  1342  0  0  0  0  8  0  0  0  7  0  817  0  0  0  0  1630  0  0  51836  0  0  0  0  0  0  0  0  0  0  0  0  0  57  0  221  0  0  0  0  0  0  0  0  0  11  0  0  0  0  0  0  0  0  802  0  0  0  0  0  258  0  0  0  1  0  58472  1  0  6  32  403  22046  37594  77519  0  0  0  1  0  8  10  0  37604  2  2976  436  0  9  10  999065  50  11  0  0  1  1  0  1  0  0  0  0  0  88  0  5  17886  102  391570  3  5  11  0  0  1  2  5  9  110168  0  1  0  0  5  0  0  0  434507  6344  6408  3  87  0  653244  0  1  0  
1  0  0  0  2  1289  0  0  0  3  0  0  0  0  0  0  0  29  0  0  8  1  14  18  0  0  0  0  0  0  25469  9355  0  3  2  0  0  0  0  0  0  0  3  1  1  0  4  6  0  0  0  0  0  0  0  0  0  0  0  0  7  0  0  1  0  6  0  0  0  19604  0  0  18  0  114821  0  0  0  14  65138  0  1  5  18  0  1  2  0  0  288550  22  14214  0  0  19  71  25823  227077  5  0  0  0  0  0  0  203757  15  1  7  1  0  0  12  0  98  0  47  22  1  0  41100  35  16  0  2  0  1  0  0  37  0  0  0  0  104  63  376066  7242  0  379  0  0  0  243568  9  0  21  32  
290  3  0  0  3  9444  2  0  0  39  0  0  0  1  1  1  2  888  0  0  77  9  60  386  0  0  0  0  0  0  1086  75884  0  18  44  1  0  4  0  0  2  0  26  1  1  0  230  25  145  0  1  17  0  4  0  0  0  2  6  1  27  1  21  445  2  5973  1  7  0  5057  0  0  74  0  16117  2  0  0  312  126227  19  7  66  106  0  0  9  16  8  47727  530  41561  0  0  84  446  92741  19675  35  17  2  2  19  0  183669  0  113  34  55  11  0  0  172  0  1065  0  272  174  55  4  101199  628  1119  0  10  160  338  28  4  453  0  1  0  6  910  572  182079  14041  2  100321  24  8  7  43596  77  0  313  230  
0  0  0  0  0  0  0  0  0  66  0  0  0  0  0  0  1  44  0  0  0  2  45  0  0  0  0  0  0  0  0  116  0  5  1  0  0  0  0  0  0  0  0  0  0  0  4  27  0  0  0  0  0  0  0  0  0  1  0  0  0  0  2  0  0  3  0  0  0  0  0  0  13  0  9  2  0  11315  0  479  0  21  98  257  0  5605  0  0  0  0  11998  1857  4  0  7  4  1185  11  13  2708  9  2  5  0  33  301  0  75674  46150  6647  0  0  1  0  76696  0  366  24  11  0  104  243772  1052  1  28  1  0  1  2  2221  4  15  0  21  173  0  31  1  7  3131  15  0  2  1  575  0  99166  387529  
0  0  0  0  0  1  0  0  0  5  0  0  0  0  0  0  0  18  0  0  1  0  6  0  0  0  0  0  0  0  0  51  0  2  1  0  0  0  0  0  0  0  1  0  0  0  0  1  0  0  0  0  0  0  0  0  0  0  0  0  0  0  0  1  0  1  0  0  0  2  0  0  5  0  1  1  0  26544  0  131  0  1  4  1  0  6845  20  141  0  0  1358  3778  3  0  318  2  7033  1713  36214  1851  1  6  33  2  13  114  73382  0  525886  333704  5  88549  59  38  4107  0  111157  12  15  0  214  62787  232  7  35  1  0  2  2  1520  1  7  2  894  30094  0  12  2  5  168  8  17  2  0  79  8  830958  120544  
0  1  0  0  0  0  0  0  0  0  0  0  0  0  0  0  0  0  0  0  0  0  0  0  0  0  0  0  0  0  0  8  0  0  0  0  0  0  0  0  0  0  0  0  0  0  0  0  0  0  0  0  0  0  0  0  0  0  0  0  0  0  0  0  0  0  0  0  0  0  0  0  1  0  0  0  0  800  0  3  0  0  3  1  0  18267  8  98  0  0  152169  26602  0  0  0  1  81600  4034  12  2  0  0  124  0  1  9  28356  606937  0  3  463  273  23  2  174  0  247161  1  1  0  323  395755  88  307  2  0  0  0  0  35  0  0  0  35  119  0  7  12  0  8  1  128  0  0  0  852  226125  99  
0  0  0  0  0  0  0  0  0  1  0  0  0  0  0  0  0  10  0  0  2  0  2  0  0  0  0  0  0  0  0  28  0  0  2  0  0  0  0  0  1  0  0  0  0  0  1  0  0  0  0  0  0  0  0  0  0  0  0  0  0  0  0  0  1  1  0  0  0  0  0  0  1  0  4  2  0  14751  2  58  1  32  170  8  0  73  0  8  2  7  1471  3409  1  0  214  3  7172  76  73011  468617  8  58  24  0  7  53  5170  346347  154  0  1  13  4  0  378023  0  7101  8  57  0  48  4934  2859  3  21  69  7  41  58099  5019  1  2  1  420  55228  1  6  0  2  361  33600  107  16  0  56  3  34894  205404  
0  0  0  0  0  0  0  0  0  0  0  0  0  0  0  0  0  0  0  0  0  0  2  0  0  0  0  0  0  0  0  0  0  0  0  0  0  0  0  0  0  0  0  0  0  0  0  0  0  0  0  0  0  0  0  0  0  0  0  0  0  0  0  0  0  0  0  0  0  0  0  0  0  0  0  8880  0  0  0  0  0  0  0  1  0  0  0  0  0  0  13  11  2  0  71302  0  3380  0  2  0  0  0  0  0  0  3  1  2  747  4  0  435940  0  0  13  0  200754  0  0  0  2  25  0  391597  0  0  0  0  0  2  0  0  39727  358699  3977  0  0  0  0  0  0  0  0  0  0  959686  143645  6  
0  0  0  0  0  0  0  0  0  0  0  0  0  0  0  0  0  0  0  0  0  0  0  0  0  0  0  0  0  0  0  0  0  0  0  0  0  0  0  0  0  0  0  0  0  0  0  0  0  0  0  0  0  0  0  0  0  0  0  0  0  0  0  0  0  0  0  0  0  0  0  0  0  0  0  22  0  0  0  0  0  0  0  0  0  23  2  12  0  0  1  30  486  0  4  0  39  99  40875  1  0  0  1  0  0  0  0  69463  904  60  314653  0  4  14  2  0  148109  0  0  0  23  5  4  30348  0  0  0  0  0  0  6  0  149606  68928  183  0  0  0  0  0  0  0  0  0  0  891602  1189408  0  
4  0  0  0  0  5  0  0  0  0  0  0  0  0  0  0  0  5  0  0  0  0  0  2  0  0  0  0  0  0  0  33  0  0  0  0  0  0  0  0  0  0  0  0  0  0  3  0  0  0  0  0  0  0  0  0  0  0  0  0  0  0  0  7  0  0  0  0  0  0  0  0  2  0  7467  0  0  0  1226  3086  387  130  71  4  0  3590  134027  287796  263  37  10  1162  0  0  0  0  17  2662  154  106  1  7  48  0  51  1084  0  12  6  63  0  0  0  72345  936  0  2  2  663  2  68418  8  186737  0  6  147014  6513  1172  62  239  2  29  0  0  3  118440  206  4038  8  500  429  1922  23  29  19  0  184  0  
0  0  0  0  0  0  0  0  0  0  0  0  0  0  0  0  0  0  0  0  0  0  0  0  0  0  0  0  0  0  0  0  0  0  0  0  0  0  0  0  0  0  0  0  0  0  0  0  0  0  0  0  0  0  0  0  0  0  0  0  0  0  0  0  0  0  0  0  0  0  0  0  0  0  2  0  0  0  3  1  0  0  1  0  0  219994  21470  271415  1  1  0  11668  0  0  0  0  0  571  1  13  0  1  4  0  0  0  0  157  1  11  0  9  82919  0  6  0  0  0  683  0  7382  0  68880  0  0  489  10  3  0  1  0  0  0  0  0  1  0  0  0  1  245  4786  0  0  1  0  2  0  
3  1  0  0  0  14  0  0  0  104  0  0  0  0  0  0  0  167  0  0  4  4  80  3  0  0  0  0  0  0  0  795  0  19  14  4  1  1  0  0  0  0  11  2  0  0  16  86  9  0  0  0  0  0  0  1  0  4  0  1  5  0  0  1  3  28  1  0  0  2  0  0  62  0  379  1290  0  115587  103  4769  89  3523  14732  2474  0  97  5  2161  196  61  79311  39801  286  0  602  792  44938  447  58096  439813  527  9763  3187  87  146  1651  76388  12892  697  329466  3  0  357  0  0  4  29032  8843  25435  311  2619  130091  305026  29  2504  3821  633  2288  63793  45887  1540  4511  185  494  210716  164  136  33  1228  30940  9865  1464  1152  1  9338  8  68016  162910  
0  2  0  0  0  0  0  0  0  0  230  0  0  0  0  0  0  0  0  5  1  2605  0  0  0  0  0  0  0  0  0  0  0  0  0  0  0  0  0  0  0  271  0  1  0  0  0  0  0  0  0  0  0  0  0  0  0  0  0  0  0  0  0  0  0  0  0  0  0  0  0  0  0  0  0  148682  0  0  0  0  0  0  0  0  281280  0  0  0  0  0  0  0  167353  144422  106381  291956  0  0  0  0  0  0  0  0  0  0  0  0  0  0  0  0  0  0  6  0  0  337149  0  0  0  0  0  0  94970  0  0  0  0  3  321732  66076  0  1  3956  0  0  0  5715  0  0  0  0  0  0  0  31  0  
0  0  0  0  0  2  0  0  1  50  0  0  0  0  0  0  0  43  0  0  1  3  40  0  0  0  0  0  0  0  0  32  0  6  1  0  0  0  0  0  1  0  0  4  1  0  0  16  1  0  0  0  0  0  0  0  0  0  0  0  1  0  0  0  1  4  0  0  0  0  0  0  16  0  1  33  0  0  0  46  1  53  239  184  0  2  0  0  1  0  11591  19883  5  0  1692  5  497894  1138  579  53  7  47  7  2  8  59  317  88924  208988  233  282644  148272  0  0  6530  2  0  30  28  2  73  17338  525  159950  64  2  0  2  10  3797  6  9  8  11212  23289  1  8  15  9  924  303  3  2  0  113  63983  166184  592  
0  0  0  0  0  0  0  0  1  9  157  0  0  0  0  0  0  9  0  0  2  1628  3  0  0  0  0  0  0  103  0  7  0  0  1  0  0  0  0  0  0  0  0  50  0  0  0  7  0  0  0  0  0  0  0  0  0  0  0  0  2  0  0  0  47  0  0  0  0  0  0  0  3  0  4  2575  0  1  1  29  149  1277  7377  153946  523473  0  0  26  6  6  81  266  12592  8299  291  893749  72649  3  942  101  1087  129  50  22813  8  43  52  0  7  13  0  0  2  0  29722  323350  163  0  129  9  40  109  819  0  51203  79  10  26  492  14047  161624  143531  124  815  140459  1  8  0  475995  30835  1577  12  216  0  58500  0  26556  25  
3  0  0  0  0  23  9  0  0  1  0  0  0  0  3  0  0  53  0  0  2  0  1  0  0  0  0  0  0  0  0  248  0  0  1  0  0  0  0  0  0  0  1  0  0  0  7  0  3  0  0  0  2  5  0  0  0  0  1  0  0  0  0  1  0  61  0  0  0  2  0  0  5  0  421  2  367687  255462  300  1813  2300  53175  6873  155  0  69364  1  2144  13769  1565  1660  11507  0  0  0  2  1109  157  2432  83334  2103  1389848  992548  19  38  458  13  13  84  2790  0  0  1570  126  36726  0  317  53  0  459849  1878  983  276403  0  6  9000  1656  55131  828  20467  5  9  0  1  27  258  34  55  32  15692  599454  74297  271541  1  8227  0  1195  14  
0  0  8174  0  0  4  7  1435  405  1  0  0  0  0  1  4070  0  0  0  0  0  0  0  0  0  0  28  0  0  1870  0  2  0  0  0  0  0  0  0  0  0  0  0  0  0  718  0  0  0  0  0  1  0  6  0  0  0  0  0  0  0  0  0  0  0  12  0  0  0  0  117  0  0  0  8  5  179750  0  4  64  621  448316  158576  62  0  0  0  3  23  42276  21  197  0  0  0  2  33  1  101  57  219423  8963  30732  349293  1  12  2  1  4  1  0  0  2  0  241  0  20  14  542143  0  45  30  411  0  18  23  16  357  101  29668  5  6  0  0  1  5  0  0  9  6165  98206  38  101691  0  361837  0  111  0  
68  0  0  0  4  147  0  0  0  4  0  0  0  0  0  0  3  775  0  0  12  0  9  65  0  0  0  0  0  0  0  4039  0  2  20  0  0  0  0  0  1  0  10  0  2  0  192  15  9  0  0  0  0  0  0  0  0  0  0  0  3  0  9  95  1  27  2  0  0  55  0  0  28  0  57505  0  0  0  2412  50716  404  186  71  22  0  2513  166808  3157  506  89  1130  199797  0  0  9  29  21077  377534  29  106  2  12  104  0  29278  138711  33  94  198  16  0  6  79074  10771  574  0  64  23  319  4  0  158  79077  0  3  5284  8775  1620  7  152  0  1  0  0  127  166397  142552  269360  0  5318  154  389  55  127  36  0  75  32  
1  0  0  0  0  5  0  0  0  111  0  0  0  0  0  0  1  89  0  0  5  0  57  2  0  0  0  0  0  0  1  346  0  23  7  0  0  0  0  0  2  0  6  3  0  0  6  66  3  0  0  0  0  0  0  0  0  6  0  0  5  0  0  0  0  10  0  0  0  1  0  0  51  0  8  43  0  1305  1  1791  1  194  438  323  0  1679  1  3  3  3  366742  63731  13  0  29  11  51333  3109  2083  842  50  49  256  8  104  941  214045  123686  469811  2257  50  15  2  0  102897  0  159887  58  760  24  537  0  3875  248  77  14  3  65  45  14948  12  25  21  960  1006  1  102  2  37  2668  684  30  126  1  3596  75  815119  28976  
5  0  0  0  1  17  0  0  0  4  0  0  0  0  0  0  0  194  0  0  1  0  5  4  0  0  0  0  0  0  0  913  0  2  6  0  0  0  0  0  0  0  4  1  0  0  27  8  0  0  0  0  0  0  0  0  0  0  0  0  1  0  0  5  1  8  0  0  0  5  0  0  9  0  4339  2  0  113531  6211  9570  4798  4556  2705  69  0  312555  22785  148790  18705  982  64309  384838  3  0  4  3  2110  1803  5297  33078  411  4402  17898  13  96  1949  829  495  484  5649  1  16  174050  61907  203171  0  1268  48  261758  209  71426  5292  0  1  44  191740  46610  28744  2249  15633  11  183  0  3  28  15669  122  2468  79  7429  77179  232341  5869  26  2782  1  4316  594  
0  0  0  0  0  0  0  0  0  0  0  0  0  0  0  0  0  0  0  0  0  0  0  0  0  0  0  0  0  0  0  1  0  0  0  0  0  0  0  0  0  0  0  0  0  0  0  0  0  0  0  0  0  0  0  0  0  0  0  0  0  0  0  0  0  0  0  0  0  0  0  0  0  0  0  11  0  0  0  0  0  0  0  0  0  0  0  0  0  0  52  50  0  0  184125  0  83478  2  4  0  0  0  0  0  0  0  9  9  406  20  391176  5120  0  0  42  0  326854  0  0  0  0  55  1  0  0  0  0  0  0  3  0  0  22  311671  262626  0  0  0  0  0  0  0  0  0  0  157983  121213  77  
0  0  0  0  0  0  0  0  0  0  0  0  0  0  0  0  0  3  0  0  3  7  0  0  0  0  0  0  0  0  0  4  0  0  0  0  0  0  0  0  0  0  0  0  0  0  0  0  0  0  0  0  0  0  0  0  0  0  0  0  2  0  0  0  0  0  0  0  0  0  0  0  0  0  0  199417  0  0  0  7  0  0  4  1  19  0  0  0  0  0  1  24  36546  415  170742  266768  41  0  210  0  10  0  0  0  2  6  2  1  0  0  1  0  1  0  705  117280  23  100193  0  0  1  8  65  0  0  10  2  0  39  3189  210902  51584  936  2016  382067  0  0  0  902  3  0  0  0  0  32  0  15374  0  
1  0  0  0  0  10  0  0  0  0  0  0  0  0  0  0  0  37  0  0  3  0  2  6  0  0  0  0  0  0  1  232  0  0  1  0  0  0  0  0  0  0  1  0  0  0  12  1  0  0  0  0  0  0  0  0  0  0  1  0  0  0  0  5  0  6  0  0  0  3  0  0  2  0  13971  0  0  0  51255  8300  17252  4226  712  24  0  76566  20567  719362  1284908  29748  264  9938  3  0  0  1  89  3275  457  1274  28  128  41684  1  84  1737  2  9  6  247  0  1  264128  213  1261  0  2  5  4377  38  10080  74  213376  0  7  0  545495  109023  154  1142  0  28  0  0  3  307595  87  1155  20  5475  2614  576915  431  35  184  0  323  1  
2  0  0  0  0  2  0  0  0  0  0  0  0  0  0  0  0  9  0  0  0  0  1  4  0  0  0  0  0  0  0  43  0  0  0  0  0  0  0  0  0  0  0  0  0  0  1  0  0  0  0  0  0  1  0  0  0  0  0  0  0  0  0  3  0  1  0  0  0  2  0  0  0  0  128809  0  0  0  1027722  65682  8537  1415  565  19  0  0  93  2935  2019876  22309  26  1358  0  0  0  0  22  20879  32  171  10  63  323  1  12  347  1  1  0  8  0  0  638  0  222  0  0  4  788  19  1876  16  7430  0  0  917093  0  421159  14  149  0  0  0  0  0  157298  26  458  2  5273  253  5726  200  24  59  0  7  1  
2  0  0  0  0  20  15  0  0  0  0  0  0  0  5  0  0  8  0  0  0  0  0  0  0  0  0  0  0  0  0  42  0  0  0  0  0  0  0  0  0  0  0  0  0  0  0  0  2  0  0  2  2  9  0  0  0  0  0  0  0  0  0  0  0  65  0  0  0  0  0  0  0  0  1760  0  0  0  4965  174293  257343  141558  1871  40  0  1  4  2286  1262641  1108658  54  1612  0  0  0  0  22  142  20  245  29  2116  3678  5  9  155  0  0  1  18  0  0  61  0  402  0  6  15  33645  70  908  21  2819  0  0  56145  366973  0  13  260  0  0  0  0  0  374  6  66  9  26538  1795  270417  125872  2  133  0  13  0  
0  0  0  0  0  0  0  0  0  0  0  0  0  0  0  0  0  0  0  0  0  0  0  0  0  0  0  0  0  0  0  3  0  0  0  0  0  0  0  0  0  0  0  0  0  0  0  0  0  0  0  0  0  0  0  0  0  0  0  0  0  0  0  0  0  2  0  0  0  0  0  0  0  0  5  13  0  2  3  13  6  24  19240  183  0  4  0  15  5  4  18  114  6  0  8  56  72  5  212992  273119  518  225  9  5  0  7  0  0  2  86564  0  0  6  0  115743  0  64  166  85  3  28  26  1142  0  41  76  19  41  0  118346  68  9  3  2  456  3  0  0  7  24431  27681  40  25  0  113  1  27189  1  
2  0  0  0  0  6  3  1  0  3  0  0  0  0  0  1  0  31  0  0  0  0  1  0  0  0  0  0  0  0  0  172  0  1  1  0  0  0  0  0  0  0  0  0  0  0  9  1  0  0  0  0  0  2  0  0  0  0  0  0  0  0  1  0  0  13  0  0  0  2  0  0  3  0  337  601  2  6  107  1192  407  1909  118163  1065  5  1  2  1682  360  466  1054  5414  25172  133915  159  245  3618  115  515086  34144  1146510  6997  1929  198556  37  353  178  19  216  9441  0  0  255  1  40166  57  2161  4229  16524  2597  1376  1539  58745  0  9040  8683  852  2309  202411  0  2717  233074  55  139  1395  188  31  33  97778  180683  319894  1379  1410  2  476645  0  184965  47  
0  0  0  0  0  0  0  0  0  0  0  0  0  0  0  0  0  0  0  0  0  0  0  0  0  0  0  0  0  0  0  0  0  0  0  0  0  0  0  0  0  0  0  0  0  0  0  0  0  0  0  0  0  0  0  0  0  0  0  0  0  0  0  0  0  0  0  0  0  0  0  0  0  0  0  36090  0  0  0  0  0  0  6  0  3  0  0  0  0  0  1  5  719048  1564  4411  22076  1  0  324  13  1  0  0  0  0  0  0  0  0  7  0  8  0  0  2856  365686  7  201198  1  0  0  0  56  0  118908  6  1  0  104  417  0  120514  10468  759  80997  0  0  0  15904  9  0  1  0  0  3  0  75123  0  
0  0  0  0  0  0  0  0  0  0  0  0  0  0  0  0  0  0  0  0  0  0  0  0  0  0  0  0  0  0  0  3  0  0  0  0  0  0  0  0  0  0  0  0  0  0  0  0  0  0  0  0  0  0  0  0  0  0  0  0  0  0  0  0  0  0  0  0  0  0  0  0  0  0  20  1357  0  0  9  11  5  3  12  2  190840  0  0  139  6  1  1  35  637214  415785  72  25959  5  13  52054  6  188  1  5  12  0  5  0  0  0  0  0  0  19  0  5467  95635  7  272768  7  0  49  4  1907  0  26786  497  41  20  55  198743  50681  0  10  55  38712  10  0  4  187097  17  8  59  2  0  379  0  88014  0  
0  0  0  0  0  0  0  0  0  0  0  0  0  0  0  0  0  0  0  0  0  0  0  0  0  0  0  0  0  0  0  0  0  0  0  0  0  0  0  0  0  0  0  0  0  0  0  0  0  0  0  0  0  0  0  0  0  0  0  0  0  0  0  0  0  0  0  0  0  0  0  0  0  0  0  344433  0  0  0  0  0  0  47  1  0  0  0  2  0  0  103  426  158622  0  29653  229  496  9  304  2  0  2  0  0  0  0  0  0  20  1  58944  123771  0  0  7831  0  858  376  0  0  1  144  19  0  6350  1  0  1  79  347  4979  97  0  49034  7352  0  0  0  0  25  0  1  0  0  0  25935  193028  4  
0  0  0  0  0  0  0  0  0  0  0  0  0  0  0  0  0  0  0  0  0  0  0  0  0  0  0  0  0  0  0  1  0  0  0  0  0  0  0  0  0  0  0  0  0  0  0  0  0  0  0  0  0  0  0  0  0  0  0  0  0  0  0  0  0  0  0  0  0  0  0  0  0  0  0  266794  0  0  0  1  0  0  8  1  0  0  0  0  0  0  85  99  2464  0  461787  260  10559  1  1833  98  0  0  0  0  0  0  260  1175  43  1469  354571  7236  0  0  2328  3  18936  551  0  0  0  1439  13  375646  2717  0  0  1  119  687  1664  1182  43319  0  319216  0  0  0  1  5  2  1  0  0  5  37023  326531  360  
0  3  0  0  0  2  0  0  1  42  0  0  0  0  0  0  0  26  0  0  97  66  59  0  0  0  0  0  0  0  0  91  0  51  4  1  0  1  0  0  3  0  4  4  0  0  5  33  1  0  0  0  0  0  0  0  0  4  4  1  57  0  0  0  9  4  0  0  0  1  0  0  173  0  4  48582  0  0  1  58  4  30  123  5227  35  2  0  4  1  0  1071  3690  31145  720  560305  870381  849824  87  18226  2690  24  4  2  14  53  300  1936  6706  2315  16805  2229  62  2  0  265348  977  45739  209683  6  0  217  3463  197  268183  273671  6  1  3  280  8984  88228  58255  5177  238578  0  1  51  2  14739  868  55  2  2  0  878  153  293799  32822  
5  0  0  0  0  6  0  0  0  0  0  0  0  0  0  0  0  2  0  0  0  0  0  4  0  0  0  0  0  0  0  35  0  0  1  0  0  0  0  0  0  0  1  0  0  0  0  0  0  0  0  0  0  0  0  0  0  0  0  0  0  0  0  10  0  0  0  0  0  1  0  0  0  0  112583  0  0  0  2344  14255  89  29  17  0  0  0  167811  108848  238509  64  1  241  0  0  0  0  52  228901  1  6  0  1  16  0  597  6466  0  0  0  1  0  0  29872  0  8  0  0  0  22  1  91041  1  5879  0  0  314346  183785  236  1  9  0  0  0  0  1  0  4619  42807  0  179  9  47  5  458  2  0  0  0  
3  0  0  0  0  21  0  0  0  5  0  0  0  0  0  0  0  43  0  0  14  0  8  6  0  0  0  0  0  0  103  3398  0  1  5  0  0  0  0  0  0  0  2  1  0  0  4  4  0  0  0  0  0  0  0  1  0  0  2  0  2  0  0  10  0  4  1  0  0  808  0  0  15  0  10520  0  0  0  92  171491  1  0  0  17  0  11  3  0  0  12313  51  15298  0  0  25  78  109280  596545  6  0  0  1  2  0  497525  243886  16  1  150  2  0  0  53  0  128  0  45  25  0  0  104968  61  58  0  0  4  8  2  0  37  0  1  0  0  141  438  0  83399  0  347  3  0  0  25358  9  0  36  32  
8  0  0  0  1  11  0  0  0  0  0  0  0  0  0  0  0  8  0  0  0  0  0  3  0  0  0  0  0  0  0  54  0  0  0  0  0  0  0  0  0  0  0  0  0  0  7  0  1  0  0  0  0  0  0  0  0  0  0  0  0  0  1  15  0  1  0  0  0  6  0  0  1  0  57781  0  0  0  2293  250989  10  7  3  0  0  1  430  106  18  148  4  331  0  0  0  0  338  1164224  0  1  0  0  2  0  7591  33646  0  0  3  1  0  0  36143  0  5  0  1  0  7  0  151024  1  13154  0  0  236  282  63  0  4  0  0  0  0  2  150589  125599  0  0  75  2  18  0  4722  1  0  1  0  
0  0  0  0  0  0  0  0  0  0  6  0  0  0  0  0  0  1  0  0  0  38  0  0  0  0  0  0  0  93  0  5  0  0  0  0  0  0  0  0  0  0  0  1  0  0  0  0  0  0  0  0  0  0  0  0  0  0  0  0  0  0  0  0  9  0  0  0  0  0  0  0  0  0  67  16  0  0  22  49  90  545  4965  7949  405986  0  0  524  13  9  24  109  2371  447155  0  19614  97  30  217  46  145653  62  26  481520  1  17  4  0  0  0  0  0  64  0  4435  358  32  660393  72  0  184  21  5878  0  116  2130  185  105  23  119642  5154  198015  1  4  20490  42  0  8  0  7315  673  122  100  0  108700  0  849  3  
103  1  0  0  105  192153  13778  7262  7499  31029  0  0  0  5  606  97  6  13579  1  0  1  100  511  79  1  33  4  0  79  1106  13  36796  1  72  956  28  0  9  0  0  46  0  723  934  2075  4  142  388  412  0  0  528  292  1711  0  10  0  8  10  1  10  0  10  91  395  249137  1834  553  10  151  11  0  334  0  3826  3  0  3  1807  471535  474264  289570  341772  283690  0  1  7  704  2917  3240  684  8088  0  3  4  137  19599  717  1196  2141  1311  2645  2432  3030  89  81854  188  56  437  120  2  0  437  0  6094  1  5218  13916  9074  294  2092  788  973  0  13  1964  4125  8819  876  9893  4  7  0  3  290  763  121  873  4263  0  19847  4807  6031  10624  13953  1  814  44  
1  0  0  0  0  6  4  0  0  2  0  0  0  0  0  0  0  52  0  0  1  0  1  0  0  0  0  0  0  0  0  253  0  1  4  0  0  0  0  0  0  0  3  0  0  0  5  2  1  0  0  0  1  1  0  0  0  0  0  0  0  0  0  0  1  8  2  0  0  0  0  0  5  0  197  2  21208  455  102  1632  517  8276  45169  1552  0  2742  0  745  605  693  2846  9430  2  0  1  2  9161  67  2091  610256  400261  876426  4729  734  42  548  94  44  675  36530  0  0  526  8  44240  0  3144  285  349313  173921  965  1471  67733  0  9  2557  560  9029  25230  329461  3  7  0  2  52  98  39  24  179  98857  0  11779  4765  1  10132  0  1037  36  
2  0  0  0  0  8  5  0  0  1  0  0  0  0  0  0  0  45  0  0  0  1  0  2  0  0  0  0  0  0  0  245  0  0  0  0  0  0  0  0  0  0  0  1  0  0  8  0  0  0  0  0  0  3  0  0  0  0  0  0  0  0  0  0  0  27  0  0  0  0  0  0  3  0  904  0  1  92781  2220  2646  9812  51156  597  20  0  337363  2  10566  259558  19394  430  7195  0  0  0  0  72  261  205  1614  40  428  1099589  2  22  504  1  1  20  503  0  0  3465  2400  1703  0  4  4  137572  63  2750  141  234797  0  0  596068  12427  355096  108  956  0  1  0  0  7  649  23  100  2  7679  6845  0  94599  3  280  0  81  0  
0  0  0  0  0  12  11  0  0  0  0  0  0  0  2  1  0  1  0  0  0  0  0  0  0  0  0  0  0  0  0  14  0  0  0  0  0  0  0  0  0  0  0  0  0  0  0  0  0  0  0  0  2  11  0  0  0  0  0  0  0  0  0  0  0  50  0  0  0  0  0  0  1  0  20  0  80603  0  6  137  1317  249118  1927  39  0  0  0  2  249093  341679  48  521  0  0  0  0  15  3  16  681  60  2948  551393  6  0  24  2  2  0  62  0  0  3  0  656  0  5  24  341320  56066  131  70  600  0  0  27  33  147355  16  171  0  0  0  0  0  5  1  0  22  8463  3144  124446  0  0  270  0  11  1  
0  0  0  0  20  2153  0  0  0  0  0  0  0  0  0  38  0  5  0  0  0  0  0  2  0  0  0  0  0  0  3987  2175  0  0  0  0  0  0  0  0  0  0  0  0  0  0  2  0  4  0  0  1  0  0  0  0  0  0  1  0  0  0  0  0  0  251  0  0  0  5734  0  0  0  0  64784  0  0  0  107922  186533  0  1  2  0  0  0  12  3  1  360289  2  275  0  0  0  0  92  15602  0  1  0  0  2  0  238627  66395  1  1  0  0  0  0  70  0  17  0  5  0  1  0  726  14  151  0  0  23  9  0  0  9  0  0  0  0  11  378  48922  1668  0  19505  0  1  0  0  1  0  5  1  
0  0  1082  0  0  3  1  236  6859  125  3  0  0  0  0  430  0  5  0  0  0  52  0  0  0  0  619  0  0  11787  0  14  0  0  1  0  0  0  0  0  0  0  0  6  0  738  1  0  0  0  0  0  0  0  0  0  0  0  0  0  0  0  0  0  13  13  0  0  0  0  314  0  0  0  4  18  763  1  4  102  411  4740  490302  2561  312  0  0  33  22  40  102  373  8  644  3  119  636  0  1726  788  472605  1278  531  687857  5  39  33  2  11  35  0  0  5  0  3391  0  117  9373  2300  333569  54  115  1716  0  120  172  25  130  3220  313486  26  227  5  2  19  4  3  0  77984  25183  23886  52  7520  0  0  0  829  7  
0  0  0  0  0  0  0  0  0  0  0  0  0  0  0  0  0  0  0  0  0  0  0  0  0  0  0  0  0  0  0  0  0  0  0  0  0  0  0  0  0  0  0  0  0  0  0  0  0  0  0  0  0  0  0  0  0  0  0  0  0  0  0  0  0  0  0  0  0  0  0  0  0  0  0  32  0  0  0  0  0  0  0  0  0  0  0  0  0  0  40  18  0  0  45  0  171  0  2  0  0  0  0  0  0  0  2  4  864  0  887767  851938  0  0  14  0  69020  0  0  0  0  30  0  171536  0  0  0  0  0  1  0  0  11720  97687  785  0  0  0  0  0  0  0  0  0  0  0  327716  2  
0  0  0  0  0  3  1  0  0  15  0  0  0  0  0  0  0  48  0  0  5  0  21  0  0  0  0  0  0  0  0  197  0  4  6  0  0  0  0  0  0  0  4  0  0  0  2  11  0  0  0  0  0  1  0  0  0  0  0  0  2  0  0  1  0  8  0  0  0  1  0  0  10  0  55  50614  0  1  13  476  6  18  486  29  0  37  1  296  5  1  18338  48717  311598  1  20108  3953  147730  1217  1004623  9178  78  13  16  2  74  585  60941  806099  250177  80591  48797  1062189  38  0  56298  289  549226  12419  77  1  409  597739  3829  156078  62557  622  82  22  23561  224817  50329  67972  131375  595569  405248  11  67  9  95  1320  122  105  15  0  491  252721  0  135080  
1  1  0  0  0  4  0  0  0  108  0  0  0  0  0  0  1  73  0  0  2  4  88  1  0  1  0  0  0  0  0  240  0  8  9  1  0  0  0  0  2  0  7  5  1  0  5  34  1  0  0  0  0  0  0  0  0  1  0  0  4  0  0  1  1  11  0  0  0  2  0  0  21  0  6  6  0  15559  0  648  0  14  33  24  0  6  0  1  1  0  1738  5729  12  0  53  10  6827  48  149  9274  10  2  5  2  71  591  379370  133331  325  250359  2  0  0  0  147029  2  6243  36  30  0  246  70047  758  5  90  1  1  3  1  3828  8  16  0  51  3427  1  70  2  12  1228  25  0  7  0  623  3  168042  0  
