0  0  0  64  515265  106524  23  0  1  4  0  1988  0  9486  135598  5732  34  4713  1  0  0  0  3  357483  0  24  0  0  10  0  203317  5357  0  0  1  0  0  0  2316  1637  95  0  0  8  51  0  1226  83  26378  1  1  174582  152325  376  13  4  16  7  0  0  1  142710  288  76671  4  2258  163  262  61  145254  0  0  15  0  0  0  0  0  0  9  1  0  0  0  0  0  0  0  0  22  0  0  0  0  1  2  1  8  0  0  0  0  0  0  34  8  0  0  0  0  0  0  0  0  1  0  0  0  0  0  0  6  0  0  1  0  1  0  0  0  0  0  0  0  0  0  0  0  0  247  0  0  0  3  0  0  1  0  
0  0  0  617  1  1  1  0  0  4  0  0  0  0  0  3  0  22  335837  2  332807  110869  14  0  75  1  0  1  1  0  0  9  0  0  1  0  84032  9398  0  0  94  284787  13  586  862  0  1  15  48  151  317786  1  0  42  73  122  76171  2226  207647  250318  18647  0  0  0  36  9  1  225  1  2  0  17150  168  0  0  1  0  0  0  0  0  0  0  1  0  0  0  0  0  0  0  0  0  0  4  534  0  0  0  0  0  0  0  0  0  1  0  0  0  0  0  0  0  0  1  43  0  24  0  0  0  3  0  0  0  0  0  0  0  0  0  0  0  0  0  0  0  0  0  0  0  0  0  0  0  0  0  0  
0  0  0  0  0  1  0  80234  16  0  0  0  0  0  0  330238  1  5  0  0  0  0  0  0  0  1  99473  150727  224801  69559  0  0  0  0  0  0  0  0  0  0  0  0  0  7  324204  399970  0  3  1  0  0  0  0  8  0  2  4  4  0  0  0  0  0  0  2  40  47830  0  15  0  9  0  0  0  0  0  12319  0  0  0  0  15  43  0  0  0  0  0  0  1316  0  0  0  0  0  0  0  0  0  0  1  0  88  761  0  0  0  0  0  0  0  0  0  0  0  0  0  0  2  4692  0  0  0  0  0  0  0  0  0  0  0  0  0  0  0  0  0  0  0  0  0  0  0  0  6  0  0  0  
131  20  0  0  1054  2044  186  415  40  6  0  270322  2  86  268  515  872  7466  275  2  7  5  132  10  250  599835  14  233541  109616  27  7  1118  32204  1491  116  3253  1  3  9  6924  184308  10  5  347  324120  5  202  753  543126  46  155  10651  362  749  3871  420  3113  246  88  10  601  3  45  64  256  2578  49223  116555  3582  406  83  3  2101  3624  0  0  0  0  0  2  0  0  1  0  0  0  0  0  0  0  0  0  0  0  0  0  0  0  0  1  0  0  0  0  1  6  0  0  0  0  0  0  0  0  3  0  0  0  2  0  0  4  1  0  0  0  1  0  0  0  0  0  0  0  0  0  1  0  0  58  1  0  1  0  0  0  0  0  
405989  0  0  59  0  101657  92  4  0  0  0  1739  0  485  115611  197350  8  1114  0  0  0  0  1  5829  1  44  0  0  8  0  71418  755  0  0  0  0  0  0  551  203  88  0  0  4  25  0  158  18  4500  1  0  10932  165436  2991  14  4  16  15  0  0  5  145  41  3637  7  381  653  362  55  44394  3  0  10  0  0  0  0  0  0  118  0  0  0  0  0  0  0  0  0  45  0  0  0  0  0  0  0  0  0  0  0  0  0  0  32  0  0  0  0  0  0  0  0  0  1  0  0  0  1  0  0  1  0  0  0  0  0  0  0  0  0  0  0  0  0  0  0  0  0  58  0  0  0  8  0  0  0  0  
100854  1  0  249  145394  0  301737  5095  2636  34  0  5825  0  3816  27970  728783  105  27587  6  0  11  1  40  73086  7  153  1  246  71  51  4084  168861  0  0  3  0  2  3  769  956  642  0  5  316  2228  240  7603  979  33489  18  4  35242  11076  76770  129  23  167  53  2  6  11  403  17540  88423  329  319959  2183  695  1775  409264  83  2  343  0  50  0  0  0  101  38894  1168  27  28  0  0  0  0  4  0  11032  0  8  0  0  8  9  3  30  0  5  0  1  0  0  6594  1220  0  0  0  0  0  0  5  0  29  3  0  2  14  1  0  58  8  0  3  6  37  9  0  7  0  0  0  1  6  2  42  12  2  70154  11  0  1  1635  0  0  2  0  
38  1  0  3566  250  517246  0  319532  38245  2  0  85  0  4  715  880126  39  2535  27  18  0  1  8  4  28  1282  45  39  145  292  1  369  0  0  5  1  0  0  1  40  1448  1  0  610  4541  29  36  196  15741  1  12  5587  588  51786  2364  765  694  231  9  0  52  0  14  45  1784  427239  8491  4543  7861  132  524  0  127  0  13  0  0  0  15  1156  6647  7498  243  0  0  2  0  1  0  380  0  5  0  0  0  0  1  33  0  3  1  0  0  0  4  372  0  0  0  0  0  0  7  0  7  0  0  0  1  0  5  3  6  0  0  6  65  3  0  7  0  0  0  1  2  0  50  15  2  7732  5  0  0  0  0  0  2  0  
43  4  29060  4753  344  6594  260118  0  250076  7  0  156  0  9  136  606543  9  712  89  15  1  1  3  1  20  322  49  445  34296  166  1  144  1  0  5  2  0  0  4  121  1117  2  0  141  68852  197233  25  52  6949  4  39  4198  169  71485  1470  890  1301  338  27  1  160  0  7  22  893  224399  737  1168  77283  35  964  0  61  0  0  0  360  0  0  51  166  24298  9650  1  0  0  0  0  0  9647  0  0  0  0  0  0  0  0  0  0  0  0  7  14  0  2  0  0  0  0  0  0  0  0  0  0  0  0  3  11540  0  0  0  0  0  0  2  1  0  1  0  0  0  0  0  0  0  0  0  12045  2  0  3  0  55  0  0  0  
0  0  0  39  4  433  32921  155165  0  26034  0  4  0  0  2  459  21  1307  38  243  0  13  15  0  5  3691  131  5893  286  108871  0  423  0  0  8  12  0  0  0  3  2487  0  1  989  16750  176512  0  137  1069  1  6  51  3  2570  3287  7219  863  644  6  0  23  0  2  0  25148  218025  3487  84  847  53  246798  1  30  0  0  0  11  0  0  5  4  669  31229  78  4  0  0  0  0  693  1  0  0  0  0  3  0  0  0  0  0  0  0  10289  0  2  0  0  0  0  0  0  0  0  0  0  0  0  9  5656  0  1  0  0  0  0  0  0  0  0  0  0  0  0  0  0  0  0  2  11589  0  0  1  0  19372  0  0  0  
0  42  0  50  3  375  26  2  29744  0  2  0  0  0  3  5  110  69813  74  11  32  4680  35103  11  15  1948  10  10  386  109558  38  8548  21  1  2832  4  14  33  0  1  59528  16  530  248109  1149  1  47  52019  9628  110  150  20  1  10  13009  108  619  337  48  101  108  2  13  17  1990  442458  2426  57  234  413  28  33  4744  16  237  0  0  116  362  255  93  8  1532  355  0  15  2  102  14  158  394  5263  211  0  26  41  1276  982  6  2505  30  2  54  127  277  1009  0  0  65  80  0  0  137  0  15658  35  39  51  971  47  793  5876  4420  5  15  321  192  413  33  4811  166  13  4  18  136  27  2004  44  139  51570  1355  513  164  0  115  0  1504  0  
0  5  0  0  0  0  0  0  0  5  0  0  0  0  0  0  0  0  5  901209  0  70451  3  0  0  0  21  0  0  143873  0  0  0  0  0  0  0  0  0  0  0  110762  0  1039169  0  0  0  0  1  0  2  0  0  0  0  40  710  169942  0  0  10  0  0  0  413880  1  0  0  0  0  0  0  0  0  0  0  0  0  0  0  0  0  1  0  135356  0  0  0  0  0  0  0  0  23451  0  15289  0  0  0  0  0  0  0  1232  0  0  0  0  0  0  0  0  0  0  0  87  0  1073  0  0  0  0  0  0  0  0  0  0  0  0  0  0  0  0  0  0  0  0  1306  0  0  0  0  0  0  0  0  0  
1403  0  0  433390  18136  4291  7  0  1  0  0  0  145  130043  10571  107  313  4927  0  0  0  0  1  63  0  6  0  0  9862  0  0  81  646  377  347  1  0  0  137  333539  127  0  0  0  878  0  1257  126  278026  0  0  309831  5935  129  2  0  3  1  0  0  1  45  9  842  0  75  46  236828  29  22  0  0  1  2  0  0  0  0  0  0  0  0  0  0  0  0  0  0  0  0  0  1  0  0  0  0  0  0  0  0  0  0  0  0  0  1  0  0  0  0  0  0  0  0  0  0  0  0  0  0  0  1  1  0  0  0  0  0  0  0  0  0  0  0  0  0  0  0  0  7  0  0  0  0  0  0  0  0  
5  0  0  2  1  39  0  0  0  0  0  86  0  22915  0  0  0  43  0  0  0  0  0  191867  0  0  0  0  0  0  1  19  2  76  154  0  0  0  118857  35  0  0  0  0  0  0  102445  90  604  0  0  4  0  0  0  0  0  0  0  0  0  17943  0  17786  0  0  0  0  0  4  0  0  0  0  0  0  0  0  0  0  0  0  0  0  0  0  0  0  0  0  0  0  0  0  0  0  0  0  0  0  0  0  0  0  0  0  0  0  0  0  0  0  0  0  0  0  0  0  0  0  0  0  0  0  0  0  0  0  0  0  0  0  0  0  0  0  0  0  0  0  0  0  0  0  0  0  0  0  
6479  0  0  41  4633  9026  1  0  0  1  0  133318  20939  0  13095  21  3  323  0  0  0  0  0  63098  0  2  0  0  18  0  7  504  0  1  1  0  0  0  183632  286053  16  0  0  0  2  0  1537  6  120685  0  0  372920  1655  23  0  0  0  1  0  0  0  233016  26  25934  1  142  3  137  0  128  0  0  2  0  0  0  0  0  0  0  0  0  0  0  0  0  0  0  0  0  0  0  0  0  0  0  0  0  0  0  0  0  0  0  0  1  0  0  0  0  0  0  0  0  1  0  0  0  0  0  0  0  0  0  0  0  0  0  0  0  0  0  0  0  0  0  0  0  0  19  0  0  0  0  0  0  0  0  
158694  0  0  26  104496  23614  72  0  3  0  0  17752  0  15858  0  337867  2  421  0  0  0  0  0  81713  2  36  0  1  39795  6  3  124  0  0  0  0  0  0  16  67  59  0  0  7  225  0  14  63  1603  0  1  1481987  854908  887431  9  6  40  11  0  1  1  215670  4  913  17  759  603  224811  73115  233  0  0  4  0  0  0  0  0  0  4  0  0  0  0  0  0  0  0  0  0  0  0  0  0  0  0  0  0  0  0  0  0  0  0  0  2  0  0  0  0  0  0  0  0  0  0  0  0  0  0  0  0  0  0  0  0  0  1  0  0  0  0  0  0  0  0  0  0  0  79  0  0  0  0  0  0  0  0  
13399  2  309868  917  291368  715954  619448  643851  774  1  0  299  0  133  309614  0  26  1855  20  3  0  0  5  258  17  382  9  40  110340  22  16884  334  0  0  2  0  0  0  33  71  398  0  0  74  24999  23821  30  190  7638  0  7  6071  92388  909462  124  120  420  194  3  1  31  2  7  1254  141  7098  4231  2753  153732  77980  111  0  59  0  2  0  1689  0  5  6124  6265  20048  269  0  0  0  0  0  0  27081  0  1  0  0  0  0  0  0  0  1  0  0  231  18  6  16  0  0  0  0  0  0  0  0  1  0  0  0  3  1663  1  1  1  0  0  1  23  1  0  1  0  0  0  0  0  1  0  0  0  899  0  0  1  49  11  0  0  0  
2  0  0  1879  5  468  26  10  73  141  0  138  9  1  12  43  0  359778  34  0  2  1  44348  312  60  3320  10  4  1393  43  17  103287  6929  239  162959  295  31  132  1  0  66827  0  3812  229  10088  1  5870  387514  263072  104  6  23  25  91  426  299  2448  3487  172  97  26  0  121  8  319  3259  15518  151  817  1638  6  90  3022  178  0  0  0  0  1  0  1  0  8  2  0  0  0  0  0  0  1  4  0  0  1  1  4  3  0  4  0  0  0  0  1  49  0  0  0  0  0  0  0  0  41  0  0  0  9  0  1  37  12  0  0  0  1  0  0  11  0  0  0  0  3  0  1  0  0  224  14  1  0  0  0  0  2  0  
256  3  0  1887  46  1978  23  3  69  2374  0  3621  117  97  15  31  216441  0  62  2  36  5  21127  61654  8  1007  1  1  258  277  514  337830  1609  77  19523  18  55  165  21  39  10274  1  2051  2049  453  1  380052  151041  266666  857  17  668  41  22  2498  52  328  177  200  398  117  17  24866  567  381  5401  1275  39  720  15195  9  197  24327  11  2  0  0  3  0  5  0  0  61  12  0  0  0  0  0  3  5  39  0  0  4  19  39  14  0  68  1  1  1  2  9  145  0  0  1  1  0  0  1  0  273  6  0  7  69  2  6  315  62  0  5  1  1  5  1  127  0  0  1  2  26  0  5  2  5  428  73  2  9  0  0  0  17  0  
1  368754  0  503  8  23  17  1  0  10  18  1  0  0  4  6  0  113  0  86397  2017  3010  7  0  293231  0  1  0  0  0  1  30  0  0  1  0  206  544  0  1  251  285496  3  660  2339  0  1  82  339  35  20623  13  1  378  162  19208  1899225  614251  309258  478  9868  0  1  1  7540  13  17  5512  1  4  0  205  416991  0  0  0  0  0  0  0  0  0  0  0  0  0  0  0  0  0  0  0  0  0  0  0  0  0  0  0  0  0  0  0  0  0  0  0  0  0  0  0  0  0  2  0  0  0  0  0  0  1  0  0  0  0  0  0  0  0  0  0  0  0  1  0  1  0  0  0  0  0  0  0  0  0  0  0  
0  26  0  56  1  6  7  0  585  2  857916  0  0  0  0  2  9  360  67366  0  3  2221  5  0  12309  307  99681  1  10  5776  0  128  0  0  5  3  0  0  0  1  518  108037  0  207297  252  0  0  32  263  2  14  10  0  12  708  200634  9056  790882  31  0  42  0  0  0  158686  184  442  381  28  16  505  0  270  0  0  0  0  0  0  0  0  0  0  0  26140  0  0  0  0  0  0  0  0  311  0  3  0  0  0  1  1  0  0  18  0  0  0  0  0  0  0  0  0  0  0  5  0  9  0  0  0  2  0  0  0  0  0  0  0  0  0  0  0  0  0  0  0  0  4  1  0  0  0  0  0  0  0  0  
1  296968  0  158  0  69  1  2  0  27  0  2  0  0  0  6  0  61  13823  9  0  27759  131909  3  511  5  0  0  1  0  39  1257  1  7  454  0  100016  980  0  3  182  378  1016  257  160  0  40  212  57  321080  106015  5  1  8  603  1075  1630  44  15033  496379  708553  0  4  12  47  32  1  180  0  388  0  2557  2173  0  0  0  0  0  0  3  0  0  2  0  0  0  0  0  0  0  0  2  0  0  31  151  5  2  0  1  0  0  0  0  1  131  0  0  0  0  0  0  0  0  16  93  0  0  0  0  0  63  2  0  100  0  0  0  0  0  0  0  0  1  42  0  1  1  0  14  0  0  0  0  0  0  2  0  
0  118068  0  104  2  21  2  3  51  30038  50573  1  0  0  0  1  0  80  542  1285  17386  0  164732  4  14  19  0  0  1  33787  14  351  0  0  7  0  15  45  0  1  1302  366172  5  1027997  91  0  12  98  41  35  184084  5  1  8  773  15  113479  21248  242  36  1014008  0  1  9  27959  10307  0  33  0  91  0  37  223  0  0  4  0  0  0  3  0  0  51  142  46014  0  0  0  0  0  0  4  0  0  62  28736  20  2  0  4  0  0  0  10812  1  80  0  0  0  0  0  0  0  0  37  244  1  6717  1  0  3  71  4  0  42  0  0  0  0  5  0  0  0  0  54  0  1  2  43  785  3  0  1  0  86  0  5  0  
5  53  0  31  3  85  4  1  14  49268  5  1  0  2  0  0  44480  47270  563  7  128865  134533  0  448  100  216  0  0  0  22  102  53590  21  4  181337  1  2531  5500  1  1  28940  8  409727  162848  86  0  148  66285  159  223053  77  9  0  11  33723  85  1519  559  5206  52740  290746  0  15  37  683  7375  26  153  2  1513  2  5138  37513  1  2  0  0  0  0  4  0  0  18  3  0  0  0  0  0  0  0  6  0  0  49  311  26  49  0  8  0  0  0  0  10  327  0  0  0  0  0  0  0  0  52  131  1  5  2  0  0  121  3  0  165  0  0  0  1  5  0  0  0  2  115  0  5  2  1  42  4  0  1  0  0  0  6  0  
336425  0  0  19  2608  45046  0  2  2  11  0  1230  192414  79712  62160  48  239  60887  0  0  2  0  1709  0  0  7  0  0  6  1  293821  34928  311  66  1394  0  2  1  14739  894  128  0  673  18  15  0  247782  883  10002  13  0  20082  402  20  18  0  8  2  6  17  5  379935  551956  849470  1  1369  12  86  13  164725  0  2  149  0  4  0  0  0  1  10  1  0  0  0  0  0  0  0  0  1  1  0  0  0  1  4  5  370  0  0  0  0  0  0  1073  22  0  0  0  0  0  0  0  0  4  1  0  1  0  0  0  23  0  0  1  0  0  0  0  0  0  0  0  1  0  0  342  0  0  147  0  0  0  4  0  0  1  0  
2  444  0  480  11  52  43  3  59  6  0  4  0  0  7  12  22  935  262455  9424  2941  58  180  0  0  166914  15045  0  3  26  1  266  0  8  10  2  8  197  0  6  974  68  4  541  7956  0  8  183  3221  60  685  48  7  1147  304115  688912  80030  34028  835  67  2704  0  5  1  2270  157  505  19631  29  52  5  88  1334065  0  0  0  0  0  0  0  0  0  0  0  0  0  0  0  0  0  0  0  0  0  0  0  0  0  0  0  0  0  0  0  0  0  0  0  0  0  0  0  0  0  1  0  0  0  0  0  0  2  0  0  0  0  0  0  0  0  0  0  0  0  0  0  0  1  0  5  1  0  0  0  0  0  0  0  
4  9  0  421813  29  257  63  47  239  513  0  27  0  1  24  111  304  6058  44  18  2  0  140  2  181654  0  2621  46812  775  63  5  1105  1425  81680  161  335031  4  1229  0  22  471783  2  68  642  74470  7  20  6431  20275  36  23  387  54  1636  410179  119033  599  528  21  14  97  0  20  9  432  3635  633962  20404  5722  353  114  9  130488  3223  0  0  0  0  0  0  0  0  2  0  0  0  0  0  0  0  0  1  0  0  0  0  0  2  0  1  0  0  0  0  0  10  0  0  0  0  0  0  0  0  14  0  0  0  0  0  0  15  2  0  0  0  0  0  0  5  0  0  0  0  3  0  0  0  0  53  2  0  0  0  0  0  0  0  
0  1  83407  16  0  9  30  10  2312  1  37  1  0  0  0  21  2  193  14  164106  1  1  5  0  24331  12139  0  1049  1514  1123927  0  62  0  0  1  0  0  0  0  1  634  1  1  257  1642  6874  0  31  143  0  16  11  1  7  647  1400956  366  199  1  0  29  0  0  0  300924  700  484410  45  2232  6  37699  0  31  0  0  0  3  0  0  0  0  0  0  0  15  0  0  0  0  0  0  0  0  18  0  0  0  0  0  0  244  0  0  2400  0  0  0  0  0  0  0  0  0  0  0  0  0  1  0  2  0  0  0  0  0  0  0  0  0  8  0  0  0  0  0  0  0  0  0  1  0  0  0  0  0  0  0  0  
0  0  116367  235371  0  2  5  4  130  0  0  1  0  0  0  0  0  9  0  0  0  0  1  0  0  93158  155  0  23786  2  0  3  0  0  0  0  0  0  0  0  5  0  0  11  844599  76263  0  5  89  0  0  6  0  1  11  6  8  3  0  0  1  0  0  0  7  72  612958  26  15  1  55  0  1  0  0  0  0  0  0  0  0  0  0  0  0  0  0  0  0  0  0  0  0  0  0  0  0  0  0  0  0  0  0  0  0  0  0  0  0  0  0  0  0  0  0  0  0  0  0  0  0  0  0  0  0  0  0  0  0  0  0  0  0  0  0  0  0  0  0  0  0  0  0  0  0  0  0  0  
6  6  230287  118269  40  851  120  122497  3327  181  0  9011  0  71  19234  108461  4605  17002  102  3  0  4  35  0  12  5375  99  35159  0  420  17  4457  1  0  11  0  0  2  0  137  1741  5  2  3960  899881  7648  40  7313  11885  7  6  19648  103  3326  407  342  3253  2878  1  0  16  0  128  21  2620  34478  22218  500748  573912  1822  842  2  125  0  0  0  0  0  0  3  0  0  12  2  0  0  0  0  0  6  1  17  0  0  1  2  2  1  0  13  0  0  0  0  0  84  0  0  0  0  0  0  0  0  43  0  0  0  8  0  1  30  16  0  0  0  0  1  0  19  0  0  0  0  0  0  3  0  1  270  21  0  2  0  0  0  5  0  
1  3  57459  295  7  719  43  24  106699  81503  71554  2  0  0  1  45  9  797  42  2248  0  27531  8  0  2  413  767687  182  133  0  0  145  1  0  17  6  0  0  0  2  2050  0  0  86324  507  302655  2  250  556  1  16  75  12  12  1814  61205  514  162  13  0  55  0  0  4  633539  60810  56507  43  184  21  462121  0  28  0  0  0  43  0  0  2  0  0  2771  189  25665  1  0  0  0  20  0  1  0  11959  0  824  0  0  0  0  448  0  0  134535  0  2  0  0  0  0  0  0  0  0  2  0  0  5  0  272  0  2  0  0  0  1  0  1  0  1  0  0  0  0  0  0  0  1  6377  1454  0  1  0  0  18517  0  0  0  
196873  1  0  0  86949  2705  0  0  0  5  0  0  0  0  0  16603  0  775  0  0  15  1  5  294271  0  2  0  0  0  0  0  74241  0  0  0  0  0  0  1  0  35  0  0  6  0  0  658  4  29  0  0  13  1  0  9  0  0  0  0  1  5  6  381778  2219  0  7  1  0  0  345757  0  0  12  0  799  0  0  0  0  3060  0  0  3  0  0  0  0  0  0  7514  0  0  0  0  4  7  6  9617  0  1  0  0  0  0  78071  367  0  0  0  0  0  0  0  0  7  3  0  1  0  0  0  28  0  0  1  0  0  0  0  0  0  0  0  0  1  0  1750  0  0  50  0  0  0  10062  0  0  3  0  
668  6  0  57  239  153833  4  1  23  331  0  49  0  355  39  46  56203  528935  35  1  136  15  47331  19073  2  88  1  0  305  29  72627  0  3  0  89206  0  14  72  545  33  3405  2  1025  533  272  0  48554  41836  17045  316  11  1020  48  5  1021  25  318  82  82  98  70  741  227339  18112  126  85103  342  9  284  139812  0  74  5939  1  5  0  0  12  7  2999  13  1  851  38  0  0  0  2  0  334  14  148  10  0  50  88  164  126  3  717  24  1  5  0  572  39152  0  0  5  1  0  0  3  0  1419  14  26  21  60  22  19  1180  176  0  19  6  10  13  1  263  8  0  3  17  273  0  86  3  35  6480  162  14  17  153  17  0  374  0  
0  0  0  33908  1  0  0  0  0  49  0  206  0  0  0  0  1673  3410  0  0  0  0  12  30  1  2728  0  0  0  0  0  277  0  175504  29610  22416  0  4  0  0  74090  0  5  56  1  0  214  282155  1088  1  0  0  0  0  51  1  14  13  0  1  0  0  0  0  20  40  8  1  0  3  1  1  23628  279883  0  0  0  0  0  0  0  0  0  0  0  0  0  0  0  0  0  1  0  0  0  0  0  0  0  0  0  0  0  0  0  1  0  0  0  0  0  0  0  0  1  0  0  1  0  0  0  1  0  0  0  0  0  0  0  0  0  0  0  0  0  0  0  0  0  1  0  0  0  0  0  0  0  0  
0  0  0  983  0  0  0  0  0  0  0  1259  51  3  0  0  47  133  0  0  0  0  40  51  47  99064  0  0  0  0  0  1  151905  0  531605  349444  64  275642  1  0  14041  0  135738  17  0  0  46  223449  79  44  0  0  0  0  475  0  0  0  694  23  69  0  0  1  0  0  0  0  0  0  0  2148  645743  70995  0  0  0  0  0  0  0  0  0  0  0  0  0  0  0  0  0  0  0  0  0  0  0  0  0  0  0  0  0  0  0  0  0  0  0  0  0  0  0  0  0  0  0  0  0  0  0  0  0  0  0  0  0  0  0  0  0  0  0  0  0  0  0  0  0  0  0  0  0  0  0  0  0  0  
0  3  0  89  0  13  0  0  8  362  0  422  47  5  0  0  64123  37959  16  0  8  2  153118  380  5  51  1  0  0  56  3  44017  30620  374948  0  0  4632  62360  2  0  772  0  404195  792  7  0  111  602085  52  3354  6  0  0  0  519  2  21  4  16313  3512  2192  0  6  3  22  488  20  5  1  20  0  23374  444446  1  0  0  0  0  0  1  0  0  5  1  0  0  0  0  0  0  0  4  0  0  2  2  4  0  0  6  0  0  0  0  0  10  0  0  0  0  0  0  0  0  27  1  0  1  4  0  1  39  7  1  0  0  0  0  0  9  0  0  0  0  3  0  2  0  1  25  5  0  0  0  0  0  2  0  
0  0  0  524  0  0  0  0  1  1  0  2  0  0  0  0  48  7  0  0  0  0  0  0  0  267927  0  0  0  0  0  0  24206  375410  0  0  0  171  0  0  144082  0  0  0  0  0  0  23706  224  0  0  0  0  0  6854  0  0  0  0  0  0  0  0  0  0  1  39  0  0  0  0  0  14357  188289  0  0  0  0  0  0  0  0  0  0  0  0  0  0  0  0  0  0  0  0  0  0  0  0  0  0  0  0  0  0  0  0  0  0  0  0  0  0  0  0  0  0  0  0  0  0  0  0  0  0  0  0  0  0  0  0  0  0  0  0  0  0  0  0  0  0  0  0  0  0  0  0  0  0  
0  62033  0  0  0  0  0  0  0  0  0  0  0  0  0  0  0  0  227  0  60449  10  1181  0  2  0  0  0  0  0  0  1  0  10  1885  0  0  726718  0  0  16  0  168517  649  4  0  0  2382  0  580156  3  0  0  0  83  2  6  3  152043  540450  3427  0  0  0  0  0  1  4  0  0  0  1212587  65521  0  0  0  0  0  0  0  0  0  0  0  0  0  0  0  0  0  0  0  0  0  0  0  0  0  0  0  0  0  0  0  0  0  0  0  0  0  0  0  0  0  0  0  0  0  0  0  0  0  0  0  0  0  0  0  0  0  0  0  0  0  0  0  0  0  0  0  0  0  0  0  0  0  0  0  
0  12551  0  39  0  1  0  5  0  3  1  0  0  0  0  3  3  28  211  0  75  19  2838  1  526  241  0  0  0  0  0  19  2  193793  35108  16  657521  0  0  0  106  2  186300  2097  20  0  0  47421  7  69057  22  0  0  3  913  5  42  9  96893  46431  13714  0  0  0  5  5  0  12  0  4  0  1116593  1542310  0  0  0  0  0  0  0  0  0  0  0  0  0  0  0  0  0  0  0  0  0  0  0  0  0  0  0  0  0  0  0  0  0  0  0  0  0  0  0  0  0  0  0  0  0  0  0  0  0  0  0  0  0  0  0  0  0  0  0  0  0  0  0  0  0  0  0  0  0  0  0  0  0  0  0  
6119  0  0  7  690  20950  0  0  0  3  0  1690  100569  245240  143  6  2  1751  0  0  1  1  2  33183  0  3  0  0  4  0  47  4527  0  0  0  0  0  0  0  2520  50  0  0  6  12  0  115233  13  109475  3  0  28767  168  15  11  0  1  0  0  0  0  25612  582  132833  0  629  8  78  6  1443  0  0  21  0  0  0  0  0  0  1  0  0  0  0  0  0  0  0  0  0  0  0  0  0  0  1  0  2  0  0  0  0  0  0  0  7  0  0  0  0  0  0  0  0  3  1  0  0  0  0  0  3  0  0  1  0  0  0  0  0  0  0  0  0  0  0  0  0  0  59  0  0  0  0  0  0  0  0  
818  0  0  461  2027  1545  2  0  0  0  0  353570  101  319514  251  53  2  185  0  0  0  0  0  88  0  11  0  1  8  0  1  50  0  1  0  0  0  0  367  0  14  0  0  0  19  0  300  2  146568  0  0  27744  246  56  0  0  2  1  0  0  0  24  8  471  0  42  10  40396  7  15  0  0  2  0  0  0  0  0  0  0  0  0  0  0  0  0  0  0  0  0  0  0  0  0  0  0  0  0  0  0  0  0  0  0  0  0  0  0  0  0  0  0  0  0  0  0  0  0  0  0  0  0  0  0  0  0  0  0  0  0  0  0  0  0  0  0  0  0  0  7  0  0  0  0  0  0  0  0  
224  106  0  151244  1923  2958  713  335  2853  15675  0  1370  0  80  505  625  29471  111379  469  35  44  60  2508  23  329  378642  73  10  901  1948  46  28769  63981  14750  3431  167483  14  46  8  1967  0  57  480  32773  9408  5  254  296972  250594  274  619  8312  724  866  122181  1298  9914  9486  304  220  11625  4  154  125  18817  21404  50794  4879  1251  1746  201  94  64881  59759  0  0  0  2  1  14  0  1  53  7  0  0  0  0  0  4  4  54  3  0  16  60  64  10  0  64  1  0  2  0  3  162  0  0  1  0  0  0  0  0  330  3  4  9  15  1  9  491  49  0  4  0  2  1  0  85  3  0  0  5  72  0  5  0  7  292  44  2  5  0  0  0  16  0  
0  329533  0  359  0  1  0  1  0  5  93772  1  0  0  0  0  0  10  283978  106315  13  463177  0  0  2  0  0  1  0  0  0  7  0  0  0  0  0  0  0  1  68  0  1  273202  311  0  0  14  23  0  4930  4  0  1  5  1  831375  14011  1361  1  165  0  0  0  50  4  0  26  0  0  0  0  2  0  0  0  0  0  0  0  0  0  0  0  1456  0  0  0  0  0  0  0  0  0  0  1889  0  0  0  0  0  0  0  0  0  0  0  0  0  0  0  0  0  0  0  25  0  209  0  0  0  2  0  0  0  0  0  0  0  0  0  0  0  0  0  0  0  0  0  0  0  0  0  0  0  0  0  0  
0  22  0  2  0  2  0  0  4  151  0  0  0  0  0  0  100  8821  10  0  487  5  378340  98  6  12  0  0  0  12  3  548  1  143853  383808  0  168905  231548  0  0  430  0  0  822  7  0  21  67330  24  98373  7  0  0  0  749  4  8  7  19078  44282  18468  0  7  1  12  200  13  4  0  18  0  34836  81603  0  0  0  0  0  0  0  0  0  3  0  0  0  0  0  0  0  1  1  0  0  0  1  1  0  0  2  0  0  0  0  1  6  0  0  0  0  0  0  0  0  13  0  0  0  1  1  1  17  0  0  0  0  0  1  0  7  0  0  0  1  2  0  0  0  0  10  0  0  0  0  0  0  1  0  
8  3250  0  3091  35  1702  1108  76  911  169684  913498  36  0  1  19  77  21  5556  5226  137448  468  863730  144943  4  401  530  7  4  469  79527  18  1150  8  0  320  0  197  765  0  48  117526  288986  187  0  2745  0  36  3379  1806  2217  16940  252  33  151  84632  1058  127898  303378  3359  301  169638  0  7  14  577233  20496  3438  2769  1450  195  10  565  5159  2  0  0  0  0  0  5  0  0  27  8  8406  0  0  0  0  0  0  2  0  0  8  1467  13  0  1  8  1  0  0  2337  0  45  0  0  0  0  0  0  0  0  24  52  0  238  2  0  0  69  1  0  2  0  0  1  0  4  0  0  0  1  13  0  0  0  38  174  2  2  0  0  6  0  3  0  
119  68  221180  459992  627  4274  1806  82174  47448  263  0  404  0  16  341  39820  5345  26210  979  20  10  15  54  4  98  78345  1141  842248  766564  1011  21  6105  4  0  39  3  0  1  1  819  9995  26  8  10454  0  280529  237  8023  63312  15  354  3560  431  8332  2721  2908  15161  5866  290  5  1026  1  198  64  5796  73872  601372  210030  201145  2632  4114  2  587  0  0  0  3  2  0  2  0  0  7  0  0  0  0  0  0  1  0  13  0  0  0  1  2  5  0  10  2  0  0  0  0  88  0  0  0  0  0  0  0  0  45  0  1  0  18  0  3  36  22  0  0  0  1  1  0  22  1  0  0  0  2  0  0  0  0  354  30  0  1  0  0  0  5  0  
0  0  286061  57  3  16  34  169068  180987  0  0  7  0  0  2  27459  0  22  2  0  0  0  1  0  0  79  7711  115323  5572  284660  0  5  0  0  1  0  0  0  0  3  37  0  0  23  250230  0  1  0  80  0  0  62  3  1099  29  1736  39  22  0  0  0  0  0  1  25  1597  120980  17  3047  1  106812  0  1  0  0  0  939  0  0  0  0  23  1772  0  0  0  0  0  0  6764  0  0  0  0  0  0  0  0  0  0  0  0  0  2377  0  0  0  0  0  0  0  0  0  0  0  0  0  0  0  8889  0  0  0  0  0  0  0  0  0  0  0  0  0  0  0  0  0  0  0  2  0  0  0  0  2596  0  0  0  
1864  0  0  62  830  21640  32  0  2  49  0  1970  107897  3555  176  132  144  224787  4  0  40  4  490  187050  0  47  0  0  11  0  937  76042  222  13  24  0  4  10  102053  454  1205  0  28  197  29  0  0  420  51417  57  5  11013  206  61  354  3  28  9  4  9  16  4981  34987  233275  9  680  136  84  78  22827  0  7  490  1  0  0  0  1  0  1  0  0  4  0  0  0  0  0  0  0  0  0  0  0  8  19  15  19  0  4  0  0  1  0  4  86  0  0  0  0  0  0  0  0  32  6  0  2  1  0  0  47  0  0  4  0  0  0  0  2  0  0  0  1  11  0  2  0  0  78  1  0  0  0  0  0  2  0  
17  21  0  802  22  1621  106  5  103  11760  1  84  4  2  28  87  353107  312143  122  4  16  15  32007  273  30  7122  4  3  992  129  271  79924  245108  171910  645074  4338  3767  54876  5  3  279978  3  87632  5824  5842  3  13337  0  52780  6726  80  74  42  129  14917  238  807  649  9299  1024  1244  4  175  203  595  10468  12464  147  854  3406  20  12015  951408  42621  5  0  0  12  8  23  3  2  180  57  0  1  0  3  2  9  20  164  9  0  34  148  253  25  3  199  5  2  2  3  23  672  0  0  4  6  0  0  2  0  1307  7  13  67  109  6  28  2568  165  0  7  10  4  11  0  239  4  0  1  11  214  0  40  7  19  1196  122  22  7  0  2  0  101  0  
26716  178  0  462210  66521  38379  2219  516  602  396  0  270092  73  170134  14163  7053  186997  417078  2902  21  38  47  468  5858  1853  15245  37  63  1375  267  280  31326  326  32  139  65  2  7  109737  193391  284295  79  25  1114  16591  6  65512  42863  0  30  1078  177151  15291  10479  6030  2848  64747  21565  696  54  3084  2175  1571  18403  3317  16395  38355  205798  6109  8488  53  7  3801  198  0  0  0  0  7  67  1  0  16  3  0  0  0  0  0  2  0  10  0  0  5  6  7  1  0  16  1  0  1  0  2  100  0  0  0  0  0  0  0  0  53  1  0  1  20  0  1  48  19  0  3  1  8  1  0  33  0  0  0  0  4  0  4  1  1  1724  24  1  5  0  0  0  1  0  
0  65  0  3  0  0  0  0  0  1  0  0  0  0  0  0  6  13  2  1  338643  2  206468  0  6  0  0  0  0  1  1  14  0  157  32425  0  491305  48741  0  0  41  0  148178  368  4  0  0  18311  1  0  10  0  0  0  346  3  13  1  28207  452942  37877  0  0  0  1  1  1  7  0  5  0  142630  121074  0  0  0  0  0  0  0  0  0  0  0  0  0  0  0  0  0  0  0  0  0  0  0  0  0  0  0  0  0  0  0  0  0  0  0  0  0  0  0  0  0  0  0  0  0  0  0  0  0  0  0  1  0  0  0  0  0  0  0  0  0  0  0  0  0  0  0  0  0  0  0  0  0  0  0  
0  262588  0  1158  5  12  6  7  0  18  0  3  0  1  1  13  0  47  36862  5  69416  191220  17  0  54  5  0  0  0  1  0  15  0  0  1  0  1  27  0  6  789  6158  1  5046  1268  0  3  44  115  37  0  13  0  46  414  91  41843  436  38483  798  245982  0  0  0  85  18  5  187  5  3  0  51  203  0  0  0  0  0  0  0  0  0  0  0  0  0  0  0  0  0  0  0  0  0  0  26  0  0  0  0  0  0  0  0  0  1  0  0  0  0  0  0  0  0  0  11  0  1  0  0  0  2  1  0  0  0  0  0  0  0  0  0  0  0  1  0  0  0  0  1  0  0  0  0  0  0  1  0  
108542  7  0  2013  96455  121605  750  235  6  0  0  385841  12  490177  1033710  8325  51  10637  87  0  5  0  10  9695  130  550  1  2  42235  15  50  3250  0  0  1  0  0  0  20832  52310  704  2  0  42  2665  2  4355  332  94187  2  47  0  388922  187067  537  165  927  252  23  4  181  165415  273  46467  133  4853  3332  325142  1728  1153  9  1  331  0  0  0  0  0  0  27  0  0  2  0  0  0  0  0  0  2  0  2  0  0  0  1  1  1  0  1  0  0  0  0  0  12  0  0  0  0  0  0  1  0  5  0  0  0  4  0  1  4  0  0  0  0  9  0  0  0  0  0  0  0  0  0  1  0  0  401  1  0  0  0  0  0  0  0  
117900  0  0  114  159159  37935  264  2  1  1  0  5564  0  2086  817179  100463  22  2588  4  0  1  0  4  856  7  160  1  2  26  20  6  838  0  0  1  0  0  0  538  509  316  0  0  31  104  2  250  261  13512  0  1  502417  0  73750  57  8  66  31  0  0  2  280  44  8447  69  3208  2673  3095  221  277  3  1  37  0  0  0  0  0  2  18  0  0  0  0  0  0  0  0  0  1  0  1  0  0  0  0  0  0  0  1  0  0  1  0  1  4  0  0  0  0  0  0  1  0  0  0  0  0  3  0  0  2  0  0  0  0  1  0  0  0  0  0  0  0  0  0  1  0  0  322  0  0  0  0  0  0  1  0  
915  11  1  4801  6887  206463  78358  55501  2867  4  0  439  0  86  790197  1003224  75  6196  84  3  4  2  13  20  94  6536  15  46  4542  50  3  846  0  0  2  0  0  1  18  133  1532  3  0  125  19087  40  154  449  42862  2  61  327625  85622  0  1146  535  1188  382  28  1  137  25  32  2447  439  24860  19249  237645  258576  302  253  2  447  0  4  0  0  0  13  239  2  1  2  0  0  2  0  1  0  1  0  1  0  0  0  0  0  2  0  1  0  0  0  0  1  35  0  0  0  0  0  0  4  0  2  0  0  0  6  0  1  2  1  0  0  5  75  1  0  6  0  0  0  0  0  0  3  1  0  2490  1  0  0  0  0  0  0  0  
0  229  0  1485  9  312  409  22  2314  2743  1  9  0  0  5  26  60  13895  1279  376  76  132  8755  6  192275  390424  190  4  84  522  11  4949  4  146  553  28612  44  116  1  6  161937  82  300  49954  2435  0  15  11088  5878  1728  1002  91  6  273  0  48024  10454  7530  568  93  10054  0  8  9  11208  10728  25039  6615  176  678  319  127  336419  6  0  0  0  0  0  1  0  0  4  0  0  0  0  0  0  0  0  3  0  0  3  3  13  1  0  1  0  0  0  0  0  18  0  0  0  0  0  0  0  0  18  0  0  3  1  0  0  39  7  0  0  0  0  0  0  6  0  0  1  1  7  0  0  0  0  17  2  0  0  0  0  0  1  0  
14  570  0  1913  73  508  590  102  27484  156  193  40  0  3  15  167  398  15524  8650  287984  1965  79  275  4  709427  135365  1319734  79  9862  93382  11  4590  1  0  141  33  5  27  0  49  28680  260  27  9966  24059  1122  43  4910  14536  55  1291  346  29  2479  142547  0  40481  189106  797  77  5047  0  65  9  309726  15944  467242  51878  18205  865  166360  79  120632  0  0  0  0  0  0  0  0  0  3  0  0  0  0  0  0  0  0  2  0  0  0  3  4  0  0  4  0  0  0  0  1  30  0  0  0  0  0  0  0  0  21  0  0  1  6  0  0  35  2  0  0  0  0  0  0  2  1  0  0  0  1  0  0  0  0  95  6  0  0  0  0  0  1  0  
3  238411  0  2016  20  97  46  13  12  89  483  13  0  1  4  35  10  1388  1633981  2398  1363  100614  88  1  64714  82  3  0  4  5  3  315  1  0  68  0  0  7  0  15  1406  781388  25  46626  7658  0  8  2333  4114  21  62449  116  8  1266  1197  24406  0  228035  170814  152  21953  0  2  0  16866  124  179  30688  24  35  1  23  39138  3  0  0  0  0  0  0  0  0  1  0  0  0  0  0  0  0  0  2  0  0  0  1  1  0  0  2  0  0  0  0  0  2  0  0  0  0  0  0  0  0  8  0  0  0  0  0  0  9  2  0  0  0  0  0  0  1  0  0  0  1  1  0  1  0  0  7  0  0  0  0  0  0  1  0  
1  30322  0  3192  12  28  16  5  3  97  155251  4  0  1  0  22  2  380  595806  757797  54  15878  30  0  33293  16  6  1  4  5  2  126  0  0  17  0  0  3  0  14  1231  82875  6  222756  3634  0  8  590  809  3  13698  49  4  276  540  149339  258379  0  17314  4  642  1  1  3  147669  54  52  6061  8  12  3  0  1698  0  0  0  0  0  0  0  0  0  1  0  0  0  0  0  0  0  0  1  0  0  0  1  0  0  0  1  0  0  0  0  0  3  0  0  0  0  0  0  0  0  7  0  0  0  1  0  0  14  1  0  0  0  0  0  0  0  0  0  0  1  1  0  0  0  0  3  0  0  0  0  0  0  0  0  
3  253173  0  3431  9  33  16  27  3  25  1  8  0  0  3  40  0  136  253764  35  24292  5299  3622  0  5300  9  0  0  1  0  1  39  0  5  162  0  116371  124909  0  15  1398  14229  366  10990  5281  0  1  166  472  2004  36045  39  3  251  1938  3845  145753  9965  0  191074  84615  0  2  3  1585  58  16  2795  20  2  0  213125  357607  0  0  0  0  1  0  0  0  0  0  0  0  0  0  0  0  0  0  0  0  0  0  1  0  0  0  0  0  0  0  0  0  0  0  0  0  0  0  0  0  0  4  0  0  0  0  0  0  2  0  0  0  0  0  0  0  1  0  0  0  0  1  0  0  0  0  1  0  0  0  0  0  0  0  0  
0  216500  0  461  0  2  3  9  0  1  0  0  0  0  0  14  0  47  243  1  678732  60  7019  0  34  1  0  0  0  1  0  15  0  22  4022  0  481437  111952  0  0  62  56  10706  1566  906  0  0  1509  56  454534  13580  2  0  58  1274  75  213  24  148967  0  231630  0  0  0  19  13  4  211  0  2  0  306771  49194  0  0  0  0  0  0  0  0  0  0  0  0  0  0  0  0  0  0  0  0  0  0  0  0  0  0  0  0  0  0  0  0  0  0  0  0  0  0  0  0  0  0  0  0  0  0  0  0  0  0  0  0  0  0  0  0  0  0  0  0  0  0  0  0  0  0  0  0  0  0  0  0  0  0  0  
3  51853  0  4303  16  101  41  150  11  48  39  14  0  1  4  184  2  585  18929  25  669610  819963  279846  9  1045  42  2  1  6  5  18  585  1  2  1104  0  9694  39670  0  29  9165  1640  19005  153945  4914  0  23  941  1064  33480  342210  71  9  310  44406  1087  39068  1911  37680  226348  0  0  4  10  979  227  42  3534  32  203  1  42003  46768  0  0  0  0  0  0  0  0  0  1  15  1  0  0  0  0  0  1  1  0  0  11  134  2  8  0  0  0  0  0  0  0  80  0  0  0  0  0  0  0  0  8  62  0  1  1  0  0  26  0  0  60  0  0  0  0  0  0  0  0  0  26  0  0  0  0  8  0  0  0  0  0  0  1  0  
159992  0  0  4  343  3607  0  0  0  1  0  598  14656  202658  172072  6  1  469  0  0  0  0  0  355972  0  2  0  0  0  0  10  812  0  0  0  0  0  0  22983  272  10  0  0  1  3  0  598  4  4091  0  0  213297  383  5  1  0  1  0  0  0  0  0  42  85648  0  258  3  26  1  224  0  0  0  0  0  0  0  0  0  1  0  0  1  0  0  0  0  0  0  0  0  1  0  0  1  1  1  0  0  0  0  0  0  0  0  0  0  0  0  0  0  0  0  0  2  0  0  0  0  0  0  2  0  0  0  0  0  0  0  0  0  0  0  0  0  0  0  0  0  34  0  0  0  0  0  0  0  0  
10  1  0  0  3  69920  1  0  1  17  0  4  1  8  0  0  2  46709  1  0  16  1  209  493004  0  3  0  0  0  0  443011  256803  0  0  5  0  0  1  75  0  343  0  6  82  2  0  74489  56  89  16  1  20  2  0  133  0  2  0  1  2  4  21  0  86037  3  26  0  0  2  181727  0  1  138  0  1  0  0  0  0  2  0  0  0  0  0  0  0  0  0  0  0  0  0  0  5  8  4  27  0  0  0  0  0  0  31  40  0  0  0  0  0  0  0  0  7  2  0  0  0  0  0  11  0  0  3  0  0  0  0  0  0  0  0  0  4  0  19  0  0  2  0  0  0  2  0  0  0  0  
37518  2  0  12  2559  85493  4  0  0  44  0  546  33783  32919  228  277  19  17488  4  0  18  2  49  798018  0  26  0  0  8  0  2051  61661  0  0  11  0  0  2  155572  582  538  0  7  90  24  0  206091  124  9523  28  5  10849  338  21  124  3  13  2  3  1  8  109465  88052  0  5  3607  31  44  23  54701  1  2  263  0  0  0  0  0  1  19  1  0  7  2  0  0  0  0  0  0  0  3  0  0  9  15  13  2  0  2  0  0  0  0  13  42  0  0  0  0  0  0  2  0  24  7  0  3  0  1  0  76  3  0  2  0  0  0  0  4  0  0  0  0  5  0  2  1  0  362  3  0  0  0  0  0  2  0  
16  2650  0  2984  133  2771  1075  55  38443  573  436672  120  0  1  29  73  134  15801  16268  383015  516  10693  173  6  2031  17039  360626  113  708  1067998  8  4573  3  0  144  162  2  14  1  156  52930  6038  21  547145  6590  1  36  1621  10035  39  6838  590  54  572  36050  273761  121681  364692  3545  91  16660  0  36  13  0  31658  28333  14918  1432  465  109960  24  5409  0  0  0  0  0  0  2  0  0  1  0  10210  0  0  0  0  0  0  3  0  7040  0  8  3  1  0  3  1  0  0  245  0  11  0  0  0  0  0  0  0  0  8  0  0  0  2  0  0  20  0  0  0  0  0  0  0  4  0  0  0  0  2  0  0  0  127  51  2  0  0  0  0  0  2  0  
579  8  0  1475  316  707175  465677  242323  312826  373645  0  40  0  33  678  1761  164  74451  62  19  5  1195  5889  638  24  2417  133  76  2896  60517  61  130340  14  0  2216  12  5  16  40  27  34488  3  389  42211  8960  118  802  36934  23377  88  20  2477  741  4427  8579  930  1280  693  41  61  83  27  163  7929  34381  0  9595  1049  2908  1386  466  26  1416  7  291  0  0  12  579  27114  284  1019  16673  101  0  11  0  31  4  252  35  446  38  0  5  6  124  232  0  441  10  2  42  45  110  2890  0  0  10  7  0  0  96  0  2901  4  5  10  924  43  121  604  625  0  2  92  342  113  9  869  24  1  2  3  28  19  460  71  42  263700  564  56  77  11  760  0  289  0  
21  21  63312  87892  148  2133  4599  198  7921  46  1  12  0  3  282  2184  618  19207  299  444  6  6  155  2  336  859039  381984  540440  29032  78863  15  5376  0  0  99  435  1  2  0  17  22987  10  16  7625  469372  196645  17  3117  15484  18  92  493  390  2899  48399  489751  6990  5560  63  12  360  0  72  37  30718  66832  0  17016  34189  1069  75372  6  1054  0  0  0  0  0  0  2  0  0  6  0  0  0  0  0  0  0  2  3  0  0  0  0  4  3  0  4  0  0  0  0  0  38  0  0  0  0  0  0  0  0  16  0  0  0  10  0  0  10  5  0  0  1  0  0  0  5  0  0  0  0  1  0  0  0  0  170  8  1  2  0  0  0  1  0  
766  42  0  227157  3803  10048  469  224  10  4  2  195457  0  104  150588  3004  26  7412  384  11  22  8  16  30  730  3678  5  10  481620  6  37  2374  0  0  1  3  0  0  16  13794  1832  18  1  62  331516  0  2088  102  187663  6  230  383530  11909  245758  2629  1027  4772  982  121  7  671  10  293  618  428  1863  12346  0  118612  1010  15  1  877  0  0  0  0  0  1  8  0  0  0  0  0  0  0  0  0  1  0  0  0  0  0  0  0  0  0  0  0  0  0  0  0  7  0  0  0  0  0  0  1  0  1  0  0  0  1  0  0  3  0  0  0  0  1  0  0  1  0  0  0  0  1  1  1  1  0  162  0  0  1  0  0  0  0  0  
23  68  136  3690  158  2982  11503  64232  2593  12  0  31  0  4  73453  220003  1191  6036  1195  9  8  16  9  0  101  9309  107  579  547194  111  8  1460  0  0  2  2  0  0  1  15  532  30  0  646  174585  3820  27  2490  8671  1  451  1852  198  280426  494  1744  20947  3013  318  7  949  0  48  33  980  27551  15236  114322  0  671  2516  5  149  0  0  0  0  1  0  2  0  0  3  0  0  0  0  0  0  0  0  3  0  0  0  0  0  0  0  4  0  0  1  0  0  30  0  0  0  0  0  0  0  0  14  0  0  0  2  0  2  4  3  0  0  0  0  0  0  5  0  0  0  0  0  0  0  0  0  154  10  2  0  0  0  0  0  0  
114151  1  0  1  68911  434984  0  0  0  59  0  4  0  23  39  71715  4  4552  7  0  41  3  64  211904  1  11  0  0  2  1  319162  125992  0  0  5  0  2  2  39  1  565  0  10  117  3  0  4914  122  330  49  2  82  4  0  128  1  7  5  3  1  19  56  160590  40415  4  90  4  3  3  0  1  8  531  0  135  0  0  0  0  22409  0  0  2  1  0  0  0  0  0  17252  0  6  0  0  7  22  12  28  0  7  1  0  0  0  31286  2264  0  0  0  0  0  0  0  0  44  4  0  1  1  0  0  74  2  0  6  0  0  0  0  3  0  0  0  0  13  0  54  0  1  842  6  2  0  14826  0  0  0  0  
0  4  4  63  3  20  74  74  360970  14  0  1  0  0  3  43  44  1365  71  1588  0  4  15  0  15  5643  12291  7311  910  455556  2  397  0  0  11  13  0  0  0  2  2234  3  1  747  5719  95823  3  167  901  1  10  18  5  58  1267  272663  2010  1830  4  0  23  0  4  2  109478  2342  61058  132  1441  55  0  0  34  0  0  0  0  0  0  0  0  2  1780  2  20  0  0  0  0  7  0  0  0  85  0  0  0  0  0  1  0  0  0  14830  0  0  0  0  0  0  0  0  0  0  1  0  0  0  0  121  0  2  0  0  0  0  0  0  0  0  0  0  0  0  0  0  0  0  5  41  0  0  0  0  9917  0  0  0  
0  15412  0  101  0  6  2  4  0  0  0  0  0  0  0  7  0  21  295  2  454  48  2139  0  13  1  0  0  0  0  0  5  0  156  7877  0  1198818  1169953  0  2  148  1  37166  4964  53  0  1  6626  34  113021  27  6  0  3  1000  10  102  16  243709  289434  35758  0  1  0  15  13  3  29  0  2  0  0  111945  0  0  0  0  0  0  0  0  0  0  0  0  0  0  0  0  0  0  0  0  0  0  0  0  0  0  0  0  0  0  0  0  0  0  0  0  0  0  0  0  0  0  0  0  0  0  0  0  0  0  0  0  0  0  0  0  0  0  0  0  0  0  0  0  0  0  0  0  0  0  0  0  0  0  0  
22  298  0  7332  38  861  112  71  20  1379  9  28  0  4  8  186  174  18713  347390  1652  1714  235  48525  55  1619312  142344  23  5  19  11  191  11383  22020  483919  499263  10040  33532  1833273  3  37  51677  72  64581  51304  24426  0  405  780690  3065  80380  1845  146  10  2826  499211  112639  81530  8171  289078  23751  92656  3  44  173  8530  2053  226  34008  59  1973  4  206744  0  18112  0  0  0  2  0  1  0  1  44  7  0  1  0  0  0  1  0  31  1  0  15  42  48  9  1  29  2  0  0  0  3  207  0  0  0  0  0  0  1  0  230  4  1  7  10  1  0  359  30  0  10  0  0  1  0  54  1  0  1  5  46  0  7  1  2  148  39  4  2  0  1  0  13  0  
0  0  0  390  0  0  0  0  0  12  0  0  0  0  0  0  50  31  0  0  0  0  2  0  0  4076  0  0  0  0  0  8  310285  68212  8  185766  0  0  0  0  52433  0  4  3  0  0  1  74874  361  0  0  0  0  0  21  0  1  0  0  0  0  0  1  0  0  4  0  0  0  1  0  1  22894  0  0  0  0  0  0  0  0  0  0  0  0  0  0  0  0  0  0  0  0  0  0  0  2  0  0  1  0  0  0  0  0  0  0  0  0  0  0  0  0  0  2  0  0  0  0  0  0  3  0  0  0  0  0  0  0  0  0  0  0  0  1  0  0  0  0  0  0  0  0  0  0  0  1  0  
0  0  0  0  0  3  1  0  0  4  0  0  0  0  0  0  0  8  0  0  2  1  1  3  0  0  0  0  0  0  9453  12  0  0  0  0  0  0  0  0  13  0  1  2  0  0  0  7  7  0  0  2  0  0  3  0  0  0  0  0  0  0  0  0  0  12  0  0  0  718  0  0  7  0  0  0  0  4  185680  24775  30  2  664  30  0  69  707  10019  77926  102362  1  84  12  0  8  7  39  585939  0  136  5  0  4  1  95094  22347  0  0  0  0  0  0  208916  0  221  1  2  3  87  4  9058  143  4023  0  5  41826  130935  605  17  2775  8  0  0  5  64  158410  2573  17250  201  647  938  77  88  58217  16  0  28  0  
0  0  0  0  0  0  0  0  0  0  0  0  0  0  0  0  0  0  0  0  0  0  0  0  0  0  0  0  0  0  0  1  0  0  0  0  0  0  0  0  0  0  0  0  0  0  0  0  0  0  0  0  0  0  0  0  0  0  0  0  0  0  0  0  0  0  0  0  0  0  0  0  0  0  0  0  0  1  0  0  0  0  0  0  0  0  0  0  0  0  0  0  592205  3  284296  3  0  0  0  1  0  0  0  0  0  2  0  0  0  0  2163  486  0  0  0  389609  0  1  0  0  0  0  0  5  297020  0  0  0  0  1  48199  0  221625  146111  3348  0  0  0  0  0  1  0  0  0  0  139  30  0  
0  0  8111  0  0  0  0  141  4  0  0  0  0  0  0  1066  0  0  0  0  0  0  0  0  0  0  1  0  0  29  0  0  0  0  0  0  0  0  0  0  0  0  0  0  2  1159  0  0  0  0  0  0  0  0  0  0  0  0  0  0  0  0  0  0  0  0  0  0  0  0  0  0  0  0  0  0  0  0  0  2  6  1794  46  0  0  0  0  0  0  410311  0  0  0  0  0  0  0  0  0  119  80532  144597  178762  74157  0  0  0  0  0  0  0  0  0  0  63  0  0  1  365387  331162  0  1  2  0  0  0  0  0  0  14  0  0  0  1  4  0  0  0  0  200  107495  1  52  0  3  0  1  0  
0  0  0  0  1  0  1  0  0  1  0  0  0  0  1  0  0  1  0  0  0  0  0  0  0  0  0  0  1  1  0  0  0  0  0  0  0  0  0  0  1  0  0  0  0  0  0  0  2  0  0  0  0  0  0  0  0  0  0  0  0  0  0  0  0  4  1  0  0  0  0  0  0  0  33  0  0  0  101  284  634  69  7160  148  0  524080  13  147  2  112  1232  10302  178  0  0  0  7  45  2  510045  79  40477  153545  1  34  64  22884  675  874  558  0  0  106  226  111419  13  0  15  97931  104  213  266  480723  0  0  275  101  1003  340  15839  107  2  2  1  12  1  179  29  1387  2837  1609  124955  421  0  324  0  438  0  
1  0  0  0  0  33  8  0  0  1  0  0  0  0  0  10  0  13  0  0  0  0  0  0  0  1  0  0  1  0  0  6  0  0  1  0  0  0  0  0  2  0  0  1  0  0  2  4  8  0  0  8  1  3  3  0  0  0  0  0  0  0  0  1  0  149  5  1  2  1  0  0  0  0  145909  0  0  7  0  239706  168  6  838  36  0  508  5  11030  403  344291  2  32  19  0  4  0  16  601  0  306  6  0  10  0  35  8910  0  0  0  0  0  0  10175  0  266  3  2  3  80  12  4960  50  7088  0  0  42444  526049  2896  22  6587  11  2  1  1  17  13086  214  2662  313  5007  2726  51  71  38957  37  0  13  0  
3  0  0  3  4  54637  1003  83  12  19  0  2  0  0  10  3503  0  109  0  0  0  2  3  2  0  6  0  0  0  0  2630  3034  0  0  0  0  0  1  0  2  43  0  0  10  7  0  1  35  77  1  0  108  60  35  19  1  2  0  0  0  2  0  1  17  3  20520  70  12  20  21268  0  0  13  0  26589  0  2  19  451082  0  214251  787  2277  95  0  3063  71  5421  29  802424  10  361  33  0  35  43  175  82305  4  624  15  2  30  31  6159  211974  0  0  1  0  0  0  4756  0  1035  7  9  12  347  4636  3669  463  10483  0  8  9768  257290  300507  19  7626  17  1  3  17  169  306  100638  48358  567  530941  2350  153  8192  203916  450  0  166  0  
0  0  0  0  0  365  4656  2511  87  1  0  0  0  0  0  7861  0  20  0  0  0  0  0  0  0  0  0  0  0  0  0  12  0  0  0  0  0  0  0  0  1  0  0  0  1  0  0  1  10  0  0  1  1  2  0  0  0  0  0  0  0  0  0  0  0  1051  4  0  2  0  0  0  0  0  53  0  40  49  122  281320  0  226311  22690  100  0  300  0  38  15  609934  2  112  48  1  1  0  15  136  1  1488  287  5  521  78  71  231  0  0  0  0  0  0  19  0  627  6  0  4  795  35611  466  45  608  0  0  1561  4474  546240  6  7946  36  0  2  5  32  2  405  62  986  287017  1951  340  9644  0  2751  0  84  0  
0  0  1  3  0  178  5726  37121  2464  1  0  0  0  0  0  9372  0  100  1  0  0  0  0  0  0  0  0  0  1  1  0  17  0  0  0  0  0  0  0  0  1  0  0  0  0  162  0  6  53  0  0  1  2  0  2  0  2  0  0  0  0  0  0  1  0  1928  16  0  6  0  7  0  1  0  10  0  1003  34  5  4070  266355  0  142755  24  0  2  0  4  0  439506  5  116  12  0  1  0  17  68  0  415  114  3  143352  1762  83  46  0  0  0  0  0  0  4  0  2027  2  0  2  49819  255717  93  33  512  0  1  18  23  29309  0  1783  18  1  0  6  59  1  502  11  159  235196  1041  41  323855  0  718  0  56  0  
0  0  3  0  0  14  109  19555  48037  559  0  0  0  0  0  103  0  107  0  0  0  16  2  0  0  1  0  0  0  7752  0  11  0  0  4  0  0  0  0  0  32  0  2  111  0  8836  0  145  20  0  0  1  0  0  11  0  2  0  0  0  0  0  0  0  10  14986  2  0  0  1  2073  0  7  0  114  1  15  410  125  348  51314  85807  0  136569  0  58  0  74  7  862  4  105  673  1  7  18  148  49  18  12608  167  15  963  52084  25  57  0  0  1  13  0  0  114  0  10213  36  4  14648  1779  99481  107  131  5865  0  17  234  278  530  35  9459  312  20  31  87  945  16  152  10  57835  302554  6452  897  2548  0  231234  0  293  0  
0  0  0  0  0  3  0  0  1313  279  0  0  0  0  0  0  1  163  0  0  0  93  4  0  0  5  0  0  0  1343  0  43  0  0  8  0  0  0  0  0  87  0  2  108  0  0  3  282  13  1  1  0  0  0  53  0  0  0  0  0  5  0  0  1  5  362  2  0  0  7  4  0  70  0  29  3  1  375  24  34  872  30  192024  0  2  11  0  24  3  71  15  67  326  0  25  16707  27507  16  36  9830  72  5  88  32404  20  35  0  0  5  8  0  1  34  0  12563  20  23  161936  702  155  59  678  3623  0  22  57  50  74  8  2059  91  8  88  386  5454  3  145  6  14304  199538  1310  417  94  0  1434  0  586  0  
0  1  0  0  0  0  0  0  0  0  67489  0  0  0  0  0  0  0  0  29150  0  31065  0  0  0  0  4  0  0  26883  0  0  0  0  0  0  0  0  0  0  0  2134  0  4999  0  0  0  0  0  0  0  0  0  0  0  0  0  2  0  0  0  0  0  0  10343  0  0  0  0  0  9  0  0  0  0  0  0  0  0  0  0  0  0  41  0  0  0  0  0  0  0  0  907  434164  0  191894  0  0  0  0  21  0  0  63486  0  0  0  0  0  0  0  0  0  0  0  185074  0  778936  0  0  0  0  0  0  7  0  0  0  0  0  820  140689  0  0  17  0  0  0  328111  0  0  0  0  0  2  0  0  0  
0  0  0  0  0  0  1  0  0  0  0  0  0  0  0  1  0  0  0  0  0  0  0  0  0  0  0  0  0  0  0  1  0  0  0  0  0  0  0  0  0  0  0  0  0  0  0  0  0  0  0  0  0  0  0  0  0  0  0  0  0  0  0  0  0  1  0  0  0  0  0  0  0  0  22  0  0  633467  510  2244  100  0  206  3  0  0  759  158179  233  222  2842  61738  1  0  0  0  3  610  0  20920  0  0  1959  1  9  233  1289  1705  3758  4  0  0  6057  165649  25  0  0  0  1579  2  6686  169  384682  0  0  76831  1708  506  0  707  5  1  0  1  0  7  44  15  52  3349  173  306919  10  0  3  0  6  0  
0  0  0  0  0  0  0  0  0  0  0  0  0  0  0  0  0  1  0  0  0  0  0  0  0  0  0  0  0  0  0  0  0  0  0  0  0  0  0  0  0  0  0  1  0  0  0  0  0  0  0  0  0  0  1  0  0  0  0  0  0  0  0  0  0  2  0  0  0  0  0  0  0  0  7852  0  0  8  199  1064  2  0  38  1  0  783  0  78636  248  7  0  61  0  0  1  0  4  183576  0  10  0  0  2  0  246  1587  0  12  14  0  0  0  190730  210  107  0  0  0  22  1  96215  11  1230  0  0  599  47  14  1  148  1  0  0  0  5  120134  6834  75215  14  79  53  2  5  33  1  0  0  0  
0  0  0  0  0  3  0  0  0  0  0  0  0  0  0  0  0  0  0  0  0  0  0  0  0  0  0  0  0  0  0  1  0  0  0  0  0  0  0  0  0  0  0  0  0  0  0  1  0  0  0  0  0  0  0  0  0  0  0  0  0  0  0  0  0  1  0  0  0  0  0  0  0  0  4224  0  0  1249  13147  5315  65  0  178  2  0  249283  90335  0  6485  505  0  457  3  0  0  0  2  3015  0  51  2  0  2  0  5  288  0  0  1  1  0  0  338537  137998  21  0  0  0  41  1  17464  4  114653  0  0  393129  8239  786  3  649  3  0  0  0  2  174428  15  179  39  3073  257  35266  19  0  4  0  8  0  
0  0  0  0  0  1  0  0  0  1  0  0  0  0  0  0  0  0  0  0  0  0  0  0  0  0  0  0  0  0  0  0  0  0  0  0  0  0  0  0  0  0  0  0  0  0  0  0  0  0  0  0  0  0  0  0  0  0  0  0  0  0  0  0  0  3  1  0  0  0  0  0  0  0  80905  0  0  2  1040  437  102  28  313  11  0  153  1128  25318  0  8235  1  4  6  0  0  0  0  186766  0  81  3  0  120873  0  2  58  0  0  0  3  0  0  1288  0  47  0  0  2  1376  62  77  0  75  0  0  1234814  1691280  452907  40  1670  4  0  0  0  1  188063  25  41  117  390  1020  195235  239031  0  14  0  7  0  
0  0  520  0  2  9731  1413  9196  210  0  0  0  0  0  0  27370  0  7  0  0  0  0  0  0  0  0  0  0  7  20  3993  881  0  0  0  0  0  0  0  0  0  0  0  0  2  2611  0  0  4  0  0  0  0  0  0  0  0  0  0  0  0  0  0  0  0  55  1  0  0  13747  6  0  0  0  118072  0  287019  3  557224  876314  962798  473036  534  7  0  107  1  51  36907  0  0  32  13  0  0  0  8  22299  0  167  123  47  321283  1694  69811  405  0  0  0  0  0  0  20  0  464  1  2  0  145345  83348  63  16  156  0  0  944  276544  964197  0  1857  7  0  1  3  18  3  1442  3981  101  1202  8592  11  318831  329002  241  0  25  0  
0  0  0  0  0  0  0  0  0  10  0  0  0  0  0  0  0  11  0  0  0  0  1  0  0  0  0  0  0  0  0  12  0  0  0  0  0  0  0  0  6  0  0  3  0  0  0  8  8  0  0  0  0  0  1  0  0  0  0  0  1  0  0  0  0  32  0  0  0  0  0  0  3  0  14  0  0  788  3  26  21  11  1587  76  0  2579  3  1  0  22  0  407152  11  0  89  1  218954  20564  3  928  26  0  6  0  458  510  4301  28  180380  17  0  18  3  0  70357  1  54652  5  373  30  7446  251536  85335  122  3  17  6  74  1  1489  9  0  5  34  148  0  428  91  144  1581  362  29  56  0  36  13  814  1  
0  0  0  0  0  0  0  0  0  31  0  0  0  0  0  0  0  23  0  0  1  0  1  0  0  0  0  0  0  1  0  27  0  0  0  0  0  0  0  0  12  0  0  4  0  0  0  24  10  0  0  0  0  0  4  0  1  0  0  0  0  0  0  0  0  56  0  0  0  1  0  0  6  0  174  1  0  11693  127  459  92  11  2598  115  0  65478  17  330  0  276  300594  0  31  0  77  9  204532  139077  2  1020  41  0  27  2  3867  2729  1635  79  51547  31  0  2  59  222  11048  5  10524  10  1189  35  199492  15735  269165  99  2  229  473  452  1  5411  28  0  2  13  168  3  6885  468  667  3768  1139  51  127  1  90  2  376  0  
0  0  0  0  0  0  0  0  0  1  0  0  0  0  0  0  0  1  0  0  0  0  0  0  0  0  0  0  0  0  0  3  0  0  0  0  0  0  0  0  0  0  0  0  0  0  0  1  0  0  0  0  0  0  0  0  1  0  0  0  0  0  0  0  0  3  0  0  0  0  0  0  0  0  1091  602865  0  1659  992  273  151  7  886  22  13162  42  12  314  80  70  3  124  0  100956  10819  46006  9  51  141399  1986  159  0  321  4  51  83  0  0  0  262  82  4318  729  0  3994  585831  0  161530  695  55  276  31  1882  0  39263  1566  909  1190  139  191081  1262269  739189  341045  1435  33623  116  345  77  13991  614  384  6545  175  0  354  6199  271550  0  
0  0  0  0  0  0  0  0  0  0  4175  0  0  0  0  0  0  0  0  143  0  0  0  0  0  0  3  0  0  5575  0  0  0  0  0  0  0  0  0  0  0  0  0  1  0  0  0  0  0  0  0  0  0  0  0  0  0  0  0  0  0  0  0  0  1977  0  0  0  0  0  43  0  0  0  3  2  0  2  2  2  0  0  26  1  601250  0  0  0  0  1  0  1  92549  0  0  3925  3  0  23  33  146525  0  1  10322  0  1  0  0  0  0  0  0  0  0  31  299725  0  258668  3  0  1  0  29  0  2106  2  0  0  0  68399  29940  466820  0  0  3422  0  2  0  192818  8  4  6  0  0  10  0  4  0  
0  2  0  0  0  14  0  0  0  59  0  0  0  0  0  0  1  25  0  0  31  40  241  0  0  4  0  0  0  0  27  468  0  0  1  0  0  0  0  0  93  0  1  48  0  0  3  39  9  0  0  0  0  0  55  0  1  0  0  0  8  0  1  2  0  9  1  1  0  37  0  0  31  0  54  242426  0  53  30  421  5  0  381  20  0  1  5  2  0  2  36  80  5136  0  0  2593  125766  295  995  326  6  0  3  0  12  12103  0  0  110  62  30057  151  17  0  658  85699  1370  21  17  8  123  719  100  339129  192868  12  5  0  0  326  3441  10  182891  606845  853010  2  169  96  19  783  34  65  2  3  8  713  44374  3  
0  72  0  0  0  2  0  1  23  103  3577  0  0  0  0  0  0  20  0  8  24  20190  184  1  0  6  0  0  0  701  11  155  0  0  2  0  0  0  0  0  160  1384  2  1318  1  0  1  140  7  1  3  0  0  0  70  0  2  0  2  0  13  0  0  1  16  26  0  1  0  16  0  0  62  0  11  56  0  7  5  80  5  0  379  22786  59536  0  1  3  0  2  2  15  38087  2344  1387  0  97904  71  3  284  8  0  2  44242  2  1693  0  0  0  1  0  0  2  0  285  670993  7  950015  4  2  18  95  25  2  108793  7  2  2  0  131  26798  89  4  35  631274  0  34  12  5992  207  20  17  2  0  31  0  53  0  
0  1  0  0  0  3  0  0  1  199  0  0  0  0  0  0  1  76  0  0  5  9  12  0  0  11  0  0  0  1  6  295  0  0  6  0  1  0  0  0  241  0  1  108  0  0  0  400  8  0  2  0  0  0  113  0  1  0  1  0  3  0  0  3  2  138  1  0  0  10  0  0  137  1  46  2  1  143  29  167  206  7  19890  36215  0  35  0  12  0  16  142734  224128  151  4  134861  70020  0  89143  156  9776  234  0  24  37  1467  7461  2  8  308572  79  2535  150  30  0  18578  34  459447  139650  285  261  5117  43663  1245  265546  29  28  21  107  7  1391  216  1  151  16323  566042  3  552  193  10245  5718  912  180  59  0  726  94  35374  106  
1  1  0  0  0  3  1  0  0  19  0  0  0  0  0  0  0  14  0  0  6  1  8  628  0  1  0  0  0  0  21134  71  0  0  0  0  0  0  0  0  20  0  0  7  0  0  0  20  3  0  0  0  0  0  7  0  0  0  0  0  2  0  13  0  0  14  1  0  1  446  0  0  5  0  519906  0  0  18  893  67182  18  2  809  31  0  723  351405  14730  141150  13863  2263  172998  17  0  86  73  117066  0  0  323  14  0  16  1  208325  37988  0  580  5804  1  0  1  86561  10  11675  4  3217  19  1006  19  531502  3102  4520  0  8  157  112  137  0  1527  6  0  2  14  162  239341  649049  1196318  149  1029  491  45  99  39143  44  0  149  0  
0  0  0  0  0  0  0  0  0  0  0  0  0  0  0  0  0  2  0  0  0  0  0  0  0  0  0  0  0  1  0  0  0  0  0  0  0  0  0  0  0  0  0  0  0  0  0  0  0  0  0  0  0  0  0  0  0  0  0  0  0  0  0  0  0  0  0  0  0  0  0  0  0  0  62  3  0  148  89  44  10  4  161  13  1  2  0  19  2  25  0  7  173505  62  2392  0  410  3  0  508523  33650  0  35  34  3  14  3  46161  2  112074  2  1486  22  0  25262  120  15  603  106  5  17  23  208  2  210  73  56  75  217990  683406  3799  1092  443  600  1589  7  44  4  130  231  66  155  21  0  63  0  986369  0  
0  0  0  0  0  2  1  0  0  2  0  0  0  0  0  0  0  19  0  0  0  0  0  0  0  0  0  0  0  0  0  18  0  0  1  0  0  0  0  0  4  0  2  2  0  0  0  8  12  0  0  0  0  0  0  0  0  0  0  0  1  0  0  0  0  27  2  0  1  0  0  0  5  0  630  1  4  304674  495  336  2585  226  22454  831  0  7716  4  164  55  201  202  1580  1099  0  192  5  301  386  354360  0  2840  195178  468  15  307  442  65479  38038  4  583660  1  850  382  0  440689  56  3  103  148122  627  3153  472  60816  0  14  820  465  2142  357748  59705  598  13  69  257  735  60  1546  163  2319  19276  525198  2631  1998  1  999  0  49702  503  
0  0  1  0  0  0  0  0  0  0  2  0  0  0  0  0  0  2  0  0  0  0  0  0  0  0  131  0  0  199  0  0  0  0  0  0  0  0  0  0  6  0  0  0  0  0  0  1  1  0  0  0  0  0  0  0  0  0  0  0  0  0  0  0  0  0  1  0  0  0  0  0  0  0  11  0  70771  61  14  20  18  74  342  9  758  4  0  6  3  306  1  15  557  187497  6  0  2  8  14024  5088  0  7832  176  740678  6  5  0  0  0  3  0  0  10  0  3071  27  0  103  183  96861  31  17  328  0  3  23  18  39  333  942497  142  5397  8  5  25  1  40  3  118433  3379  332615  126  742  0  111301  0  64  0  
0  0  0  0  0  0  0  0  0  1  0  0  0  0  0  0  0  0  0  0  0  0  0  0  0  0  0  0  0  0  0  2  0  0  0  0  0  0  0  0  0  0  0  0  0  0  0  0  0  0  0  0  0  0  0  0  0  0  0  0  0  0  0  0  0  2  0  0  0  0  0  0  0  0  10  0  160670  43736  6  6  22  54  159  3  0  1  0  2  2  575  0  18  2  0  0  0  0  5  0  225189  5532  0  58995  1  2  4  1  0  0  0  0  0  6  0  48  0  0  1  1128213  4278  31  3  134  0  0  14  12  39  1  893  1  0  0  0  5  2  14  1  9  439  586541  57  67  0  3  0  1  0  
0  0  10  0  0  1  0  0  0  0  0  0  0  0  0  8  0  0  0  0  1  0  0  0  0  0  0  0  0  0  0  1  0  0  0  0  0  0  0  0  0  0  0  0  0  1  0  1  0  0  0  1  1  0  0  0  0  0  0  0  0  0  0  0  0  1  1  0  0  0  0  0  0  0  17  0  156977  163701  18  38  160  55906  841  12  0  7177  0  8  124768  249838  0  35  12  0  2  0  4  28  0  317  37  51699  0  154  9  25  4  0  0  0  0  0  12  0  247  1  0  2  1181228  1478  166  13  2054  0  0  5618  15  5037  3  2351  3  1  0  1  8  0  94  8  275  573  1367  393430  704546  0  180  0  24  0  
0  0  340  0  0  1  0  35  8451  255  399  0  0  0  0  25  0  12  0  0  0  2905  0  0  0  1  3364  0  0  201776  0  4  0  0  0  0  0  0  0  0  6  0  0  705  0  1218  0  17  0  0  0  0  0  0  3  0  0  0  0  0  1  0  0  0  101  111  0  0  0  0  11344  0  0  0  17  0  70185  1  21  17  6  652  59167  34816  42317  0  0  10  1  997  0  2  11  45783  0  30208  0  0  116  257  786382  1  178  0  0  1  0  0  0  0  0  0  15  0  157  1  0  24534  152  416732  7  0  19  0  0  16  12  28  0  149684  9  19  0  0  3  2  5  0  610501  408  7644  13  56  0  423891  0  3  0  
1  1  0  1  0  1448  0  0  0  35  0  0  0  0  0  1  0  16  0  0  10  2  7  1176  0  2  0  0  0  0  99184  1330  0  0  2  0  1  1  0  0  36  0  0  15  0  0  0  22  6  0  0  0  0  0  10  0  1  0  1  0  3  0  27  0  0  28  1  0  0  71647  0  1  15  0  58684  0  0  17  27  28448  40  6  1566  58  0  8  37  17  0  54397  38  11450  23  0  143  72  12450  241702  2  599  28  0  30  1  0  171125  0  0  6  3  0  0  193  0  13149  14  5  48  1506  24  26227  1737  1529  2  9  32  14  71  0  2470  24  1  2  14  266  17  573641  3348  267  1680  669  45  178  228174  73  0  380  0  
0  0  0  1  2  1212  31  0  0  88  0  0  0  0  0  1  0  471  2  0  69  2  19  2  0  6  0  0  10  2  1160  47762  0  0  1  0  1  1  0  0  125  0  0  63  7  0  9  134  177  5  1  2  3  1  60  1  16  4  3  1  25  0  7  6  2  472  3  1  8  3012  0  1  119  0  2389  0  0  33  881  112064  43  2  1958  85  0  28  131  153  0  247  37  4603  23  0  311  313  1233  26441  4  1248  22  0  14  1  139315  0  0  0  8  0  0  0  930  0  4199  50  38  60  456  44  15986  1905  555  2  67  288  330  93  1  1384  18  0  7  55  683  69  198910  12609  132  87718  376  32  76  11624  42  0  732  0  
0  0  0  0  0  0  0  0  0  0  0  0  0  0  0  0  0  0  0  0  0  0  0  0  0  0  0  0  0  0  0  0  0  0  0  0  0  0  0  0  0  0  0  0  0  0  0  0  0  0  0  0  0  0  0  0  0  0  0  0  0  0  0  0  0  0  0  0  0  0  0  0  0  0  0  0  0  20727  0  0  0  0  0  0  0  890  0  0  0  0  8010  2451  0  0  0  0  0  1  3  25404  0  0  2  0  0  0  0  120607  149298  233848  0  0  0  0  201986  0  0  0  0  0  0  224175  1020  0  0  0  0  0  0  0  0  0  0  0  0  0  0  0  0  0  0  0  0  0  0  0  18  243627  
0  0  0  0  0  0  0  0  0  0  0  0  0  0  0  0  0  0  0  0  0  0  0  0  0  0  0  0  0  0  0  0  0  0  0  0  0  0  0  0  0  0  0  0  0  0  0  0  0  0  0  0  0  0  0  0  0  0  0  0  0  0  0  0  0  0  0  0  0  0  0  0  0  0  0  0  0  1425  0  0  0  0  0  0  0  2188  40  0  0  0  23  201  0  0  2  0  152  771  50717  40042  0  0  0  0  0  0  114319  0  841547  481912  41  130592  0  0  47122  0  122635  0  0  0  45  21236  193  20  0  0  0  0  0  0  0  0  0  8  5  0  1  1  0  0  0  0  0  0  0  214  853347  167557  
0  0  0  0  0  1  0  0  0  17  0  0  0  0  0  0  0  10  0  0  0  0  1  0  0  0  0  0  1  0  0  16  0  0  0  0  0  0  0  0  5  0  0  3  1  0  0  8  6  0  0  0  0  0  3  0  0  0  0  0  0  0  0  0  0  34  0  0  0  0  0  0  4  0  1  1  1  1010  2  14  7  0  591  39  0  3600  38  1  0  2  127162  36331  4  0  980  1  277840  4149  4  450  12  0  4  1  6  345  186347  608666  0  1  17  155796  0  0  1672  0  382677  6  23  12  2168  464425  147  25718  6  4  3  2  0  85  5  0  147  1811  518  0  29  23  14  916  48  8  1  0  8  21117  191369  117421  
0  0  0  0  0  0  0  0  0  0  0  0  0  0  0  0  0  0  0  0  0  0  0  0  0  0  0  0  0  0  0  2  0  0  0  0  0  0  0  0  0  0  0  0  0  0  0  0  0  0  0  0  0  0  0  0  0  0  0  0  0  0  0  0  0  0  0  0  0  0  0  0  0  0  74  4  0  592  41  23  16  2  326  12  0  7  0  18  7  7  13  62  1120  3  1082  5  1494  14  99963  509381  3  0  53  0  4  10  219344  476092  14  0  2  8  51  0  391057  97  445  138  159  14  22  1296  523  69  143  124  76  96  55998  9832  571  4  510  2557  4654  7  55  3  65  153  1095  757  16  0  31  0  164408  189170  
0  0  0  0  0  0  0  0  0  0  0  0  0  0  0  0  0  0  0  0  0  0  0  0  0  0  0  0  0  0  0  0  0  0  0  0  0  0  0  0  0  0  0  0  0  0  0  0  0  0  0  0  0  0  0  0  0  0  0  0  0  0  0  0  0  0  0  0  0  0  0  0  0  0  0  1985  0  0  0  0  0  0  1  1  0  0  0  0  0  0  0  0  16  0  11729  0  3853  0  0  0  0  0  0  0  0  5  0  37  93  0  0  294119  0  0  3  0  259846  0  0  0  0  12  0  400613  0  0  0  0  0  1  0  0  133966  568447  353  0  0  0  0  1  0  0  0  0  0  937411  3391  0  
0  0  0  0  0  0  0  0  0  0  0  0  0  0  0  0  0  0  0  0  0  0  0  0  0  0  0  0  0  0  0  0  0  0  0  0  0  0  0  0  0  0  0  0  0  0  0  0  0  0  0  0  0  0  0  0  0  0  0  0  0  0  0  0  0  0  0  0  0  0  0  0  0  0  0  1787  0  0  0  0  1  0  3  0  0  0  0  0  0  0  3  0  2415  0  687  0  1439  0  1067  471  0  0  0  0  0  0  0  97151  80799  1  306369  0  0  0  5  3  228601  4  0  0  0  45304  0  99436  4  0  0  0  0  2  48  0  269456  23779  364  0  0  0  1  2  0  0  0  0  0  897641  1367122  183  
0  0  0  0  0  8  1  0  0  2  0  0  0  0  0  0  0  1  0  0  0  0  0  0  0  0  0  0  0  0  0  2  0  0  0  0  0  0  0  0  2  0  0  0  0  0  0  4  1  0  0  0  0  0  2  0  0  0  0  0  0  0  0  0  0  14  1  0  0  0  0  0  0  0  78895  0  0  1440  12650  27754  18  3  610  16  0  4639  173153  327429  28  63  1  110  7  0  3  5  8  7400  0  85  10  0  13  0  349  6145  0  0  0  3  0  0  0  5690  182  0  0  0  149  6  55408  43  214597  0  1  5674  5001  193  7  1034  5  2  0  1  15  70109  4660  78161  80  1171  325  3331  33  30  10  0  24  0  
0  0  0  0  0  0  0  0  0  0  0  0  0  0  0  0  0  0  0  0  0  0  0  0  0  0  0  0  0  0  0  0  0  0  0  0  0  0  0  0  0  0  0  0  0  0  0  0  0  0  0  0  0  0  0  0  0  0  0  0  0  0  0  0  0  0  0  0  0  0  0  0  0  0  0  0  0  2077  0  1  0  0  0  0  0  188187  538  143280  0  0  0  162  0  0  0  0  0  84  0  0  0  0  0  0  0  0  0  0  0  0  0  0  1593  0  0  0  0  0  0  0  5905  0  68561  0  0  19  1  0  0  0  0  0  0  0  0  0  0  0  0  0  0  19150  0  0  0  0  0  0  
1  0  0  1  0  8  0  0  0  435  0  0  0  0  0  0  1  377  1  0  5  0  6  0  0  8  0  0  1  5  8  385  2  0  16  0  0  0  0  0  230  0  9  83  2  0  1  530  86  0  4  0  1  0  128  0  4  0  0  2  9  0  0  2  1  543  8  0  2  18  0  0  240  2  905  3  22  137346  834  751  1156  446  73776  7185  0  182  8  330  73  551  57307  24895  5896  7  947  42  40416  22351  8793  513272  4508  2  904  63  3654  4196  207814  42589  915  311736  2  11  626  0  0  258  8781  632  17901  2976  5456  330191  177055  952  173  1202  587  1815  25859  116464  3113  66  525  2346  8202  87  30692  280  7355  115714  33162  7101  3197  2  2688  3  134780  63256  
0  16  0  0  0  1  0  0  0  9  43  0  0  0  0  0  0  1  1  0  8  196  3  0  0  0  0  0  0  0  1  64  0  0  0  0  0  0  0  0  13  47  0  11  0  0  1  8  0  0  5  0  0  0  3  0  0  0  0  0  3  0  1  1  0  1  0  0  0  3  0  0  4  0  1  317326  0  33  5  5  1  1  30  6  174556  2  0  5  0  0  0  4  602865  270875  105610  700203  13  4  10  107  0  0  4  0  1  223  0  0  0  3  3  0  4  0  59  0  0  562123  10  3  2  17  125  6  274900  5  2  7  0  169  254487  493  1602  35  60788  0  12  2  20  23  16  19  4  0  4  1  938  0  
0  0  0  0  0  1  0  0  0  30  0  0  0  0  0  0  0  4  0  0  0  0  0  0  0  0  0  0  0  0  0  13  0  0  0  0  0  0  0  0  2  0  0  0  0  0  0  8  0  0  1  0  0  0  1  0  0  0  0  0  0  0  0  1  0  30  0  0  0  0  0  0  3  0  3  0  0  5  4  11  5  1  527  37  0  0  0  0  0  1  10895  834  4  0  4079  0  435342  2070  1  277  17  0  0  1  2  175  0  131175  387263  2  254506  428321  0  0  1419  1  0  1  17  6  6  85772  74  213793  2  0  3  0  1  56  1  0  481  6739  662  1  7  5  13  729  36  6  3  0  3  127883  51845  69  
0  2  0  0  0  0  0  0  0  64  3414  0  0  0  0  0  0  26  0  27  0  6350  3  0  0  7  0  0  0  9  0  27  0  0  3  0  0  0  0  0  75  128  2  1174  1  0  1  98  1  0  1  0  0  0  38  0  0  0  0  0  0  0  0  1  1  22  0  1  0  3  0  0  39  3  277  34  2  1406  284  110  121  6  78357  164089  662905  44  1  100  7  34  1  138  65655  106763  65  870710  141980  94  362  8444  50  1  179  38055  49  171  0  0  1  41  1  0  223  0  2952  410984  0  0  545  143  122  113  5270  1  658  369  215  314  16  14961  199910  310809  337  95  98612  27  428  24  433931  1282  958  2139  122  0  2164  0  1856  0  
0  0  0  7  0  13  3  0  0  45  0  0  0  0  0  0  0  238  1  0  0  0  2  0  0  0  0  0  2  2  1  77  0  0  1  0  0  0  0  0  7  0  2  1  6  0  0  34  118  0  0  2  1  1  4  0  3  2  0  0  0  0  0  0  2  159  22  2  4  2  0  0  20  0  2423  0  227570  102293  1281  2678  6540  19882  18455  579  0  292  6  415  2005  160263  39  2956  251  0  16  1  241  1343  7  292827  471  1051341  1031447  1103  1106  1200  0  0  5  20  0  0  1395  0  13391  19  18  35  0  137296  6463  548  51376  0  7  3683  3126  20032  468  43004  194  12  12  46  433  220  7561  359  3423  34847  634720  87571  356573  1  878  0  805  0  
0  0  1042  1  0  7  1  13955  6069  10  0  0  0  0  0  893  0  114  0  0  0  0  0  0  0  0  1  0  1  203  0  27  0  0  0  0  0  1  0  0  5  0  0  0  0  15510  1  19  54  0  0  2  0  0  1  0  3  0  0  0  0  0  1  1  0  114  8  0  3  3  156  0  3  0  162  0  238877  161  161  9516  103203  199979  122537  322  0  18  1  70  10  79344  4  179  315  0  1  2  31  93  2  9660  137795  2786  10687  451441  90  81  0  0  0  11  0  0  101  0  9628  30  5  44  152946  0  192  111  2612  0  3  279  126  5734  49  140767  374  8  2  7  111  18  590  22  8135  54714  132699  654  33130  0  146868  0  179  0  
0  0  0  0  0  2  0  0  0  8  0  0  0  0  0  0  0  9  0  0  0  0  0  0  0  0  0  0  0  0  0  20  0  0  0  0  0  0  0  0  18  0  0  5  0  0  0  14  5  0  0  1  0  0  6  0  0  0  0  0  0  0  0  0  0  12  1  0  0  1  0  0  6  0  24983  0  0  45  13178  7310  263  11  5083  145  0  15870  71736  8896  17  729  362  165554  76  0  20  15  432  438182  2  836  48  2  42  5  12561  19231  1  6  130  1  0  0  59801  2566  3785  6  2  17  2275  35  0  447  71919  0  5  4523  2981  1835  4  14204  35  1  3  6  85  494  63844  211959  1755  2894  3600  117  214  26  174  0  72  0  
0  0  0  1  0  12  0  0  0  754  0  0  0  0  0  0  2  266  0  0  2  2  6  0  0  27  0  0  2  12  4  368  1  0  14  0  0  1  0  0  305  0  7  114  1  0  3  579  56  2  3  0  0  0  188  1  3  1  0  2  3  0  0  1  3  839  3  0  1  14  0  0  290  4  34  0  0  1067  40  214  89  3  8207  1022  0  408  0  6  0  31  259557  37245  77  0  1240  13  98498  7053  44  4929  127  1  85  1  496  4934  201767  31759  423635  415  29  126094  19  0  270733  15  148524  80  393  140  1916  0  9055  23372  31  56  22  104  5  1689  50  2  266  8269  2147  1  2309  53  295  17905  720  487  54  2  93  13482  385709  265030  
0  0  0  0  0  7  1  0  0  18  0  0  0  0  0  0  0  31  0  0  2  0  0  0  0  0  0  0  0  0  0  24  0  0  0  0  0  0  0  0  9  0  0  0  1  0  0  11  14  0  0  1  0  1  2  0  0  0  0  0  0  0  0  0  1  71  4  0  2  1  0  1  5  0  9676  0  3  438822  43635  49191  3894  297  59986  2549  0  451549  113  187566  49  7093  53814  282687  631  3  13  4  3191  12873  11  64458  472  12  5244  22  504  4426  745  64  52  34  0  0  113077  44806  111292  36  6  82  79163  606  82665  6259  0  0  7  24714  17785  16970  54  133641  397  29  15  25  224  454  3071  1849  12543  46017  21646  77494  1355  3  1485  0  385  0  
0  0  0  0  0  0  0  0  0  0  0  0  0  0  0  0  0  0  0  0  0  0  0  0  0  0  0  0  0  0  0  2  0  0  0  0  0  0  0  0  1  0  0  0  0  0  0  0  0  0  0  0  0  0  0  0  0  0  0  0  0  0  0  0  0  0  0  0  0  0  0  0  0  0  0  1  0  0  0  1  1  0  106  5  0  0  0  0  0  0  41  3  3  0  339714  2  219735  0  0  10  0  0  0  0  0  12  0  10  13313  1  353805  77771  0  0  432  2  505078  0  0  0  0  10950  4  0  2  0  0  0  0  8  6  0  1904  348309  99941  0  1  0  0  29  1  1  2  0  0  164465  98997  188  
0  0  0  0  0  0  0  0  0  2  0  0  0  0  0  0  0  0  0  0  0  4  0  0  0  0  0  0  0  0  1  11  0  0  0  0  0  0  0  0  2  0  0  1  0  0  0  0  0  0  0  0  0  0  1  0  0  0  0  0  1  0  0  0  0  1  0  0  0  1  0  0  2  0  1  186957  0  18  0  5  1  0  50  1  6  0  0  1  0  2  0  5  71075  326  152785  71378  7  3  6  63  0  0  0  0  1  126  0  0  0  0  0  0  3  0  37  318210  0  96  3  1  1  7  64  0  0  3  0  0  0  58  18165  3  72815  2898  404143  0  6  2  6  20  7  9  2  0  1  0  849  0  
0  0  0  0  1  14  3  0  0  0  0  0  0  0  0  0  0  7  0  0  2  0  1  0  0  1  0  0  0  0  0  26  0  0  0  0  0  0  0  0  3  0  0  2  0  0  0  0  1  0  0  3  2  3  0  0  0  0  0  0  0  0  0  1  0  65  3  0  0  2  0  0  0  0  36543  0  0  1321  70765  54322  1066  6  1890  56  0  193511  65  641618  963458  20447  2  231  31  0  3  4  40  1147  1  510  16  0  11936  0  58  2885  0  0  0  1  0  0  12540  4  475  2  1  5  860  44  2958  59  14100  0  0  0  605113  224967  129  10966  21  1  2  3  20  138108  637  1619  629  27858  6432  543572  724  1  65  0  55  0  
0  0  0  2  0  56  20  4  0  1  0  0  0  0  1  2  0  40  0  0  0  0  0  1  0  1  0  0  0  0  0  20  0  0  0  0  0  0  0  0  1  0  0  0  1  0  0  3  13  0  0  10  9  5  1  0  3  1  0  0  0  0  0  1  0  451  9  2  2  1  0  0  2  0  130333  0  0  33  437444  279610  2188  23  1474  58  0  6758  9  23606  1793225  171055  2  206  45  0  4  2  54  564  1  955  24  2  41  4  155  2117  0  0  0  0  0  0  47511  0  992  4  1  8  546  44  2897  77  3466  0  0  928798  0  339968  25  15054  23  5  1  5  35  319699  722  504  542  19358  8755  1628  221  1  73  0  119  0  
0  0  0  1  0  16  4  1  1  2  0  0  0  0  0  1  0  95  0  0  0  0  1  0  0  1  0  0  1  0  0  36  0  0  0  0  0  0  0  0  3  0  0  0  2  0  0  4  39  0  0  1  0  0  1  0  2  0  0  0  0  0  0  0  0  84  7  0  0  1  0  0  0  0  2357  1  1  143  3665  216719  400156  21886  27860  910  0  1102  7  760  503147  1206932  4  479  458  0  9  3  65  457  3  9964  186  17  12427  22  386  1055  0  0  0  4  0  0  1567  1  3989  29  1  46  9846  9093  2029  172  3540  0  6  214103  384878  0  208  101040  296  23  3  16  168  277  2404  184  10146  40377  24341  46716  293732  0  935  0  318  0  
0  0  0  0  0  0  0  0  0  0  0  0  0  0  0  0  0  1  0  0  0  0  0  0  0  0  0  0  0  0  0  1  0  0  0  0  0  0  0  0  0  0  0  0  0  0  0  1  0  0  0  0  0  0  0  0  0  0  0  0  0  0  0  0  0  2  0  0  0  0  0  0  0  0  916  0  0  253  577  324  94  3  156  5  0  9  2  198  64  44  0  43  227  0  0  0  4  21  228353  371587  400  0  40  1  16  43  0  0  1  136400  0  0  514  0  65534  5  0  10  797  12  109  7  472  0  0  1123  677  982  0  206837  94  1  0  0  6  76  98  44  53  325  139370  797  194  0  9  0  39083  0  
0  0  0  4  0  4  1  0  0  9  0  0  0  0  0  2  0  45  0  0  0  0  0  0  0  0  2  0  0  7  0  26  0  0  1  0  0  0  0  0  8  0  0  1  0  0  0  11  27  0  0  1  0  0  3  0  0  0  0  0  0  0  0  0  0  36  2  0  0  1  0  0  4  0  6498  25  319  5153  10709  10493  3817  461  46533  438  3  284  26  2555  524  3656  28  1418  229761  81052  1682  59  326  727  624426  90427  923538  2072  1880  85007  508  906  0  0  4  4207  3  0  4439  0  95894  2851  16  35356  11528  58829  2864  500  18452  0  1247  9560  5923  16507  218493  0  37827  239813  779  467  3936  827  3940  437  144339  39655  316971  16367  20323  0  233720  0  123226  0  
0  0  0  0  0  0  1  0  0  0  0  0  0  0  0  0  0  2  0  0  0  0  0  0  0  0  0  0  0  0  0  1  0  0  0  0  0  0  0  0  1  0  0  1  0  0  0  3  0  0  0  0  0  0  0  0  0  0  0  0  0  0  0  0  0  2  0  0  0  0  0  0  0  0  878  33165  0  1368  845  210  120  6  943  28  1254  49  3  285  58  67  3  136  1182433  31915  12308  30668  26  81  902  3371  10  2  200  0  41  55  0  0  0  175  8  16  573  0  3429  323414  0  221123  532  89  182  36  3877  0  32248  1207  689  850  58  18762  0  83651  24136  1720  113090  94  398  59  1760  697  436  4118  147  0  462  6  84953  0  
0  0  0  0  0  0  0  0  0  1  0  0  0  0  0  0  0  0  0  0  0  0  0  0  0  0  0  0  0  0  0  3  0  0  0  0  0  0  0  0  1  0  0  0  0  0  0  1  0  0  0  0  0  0  1  0  0  0  0  0  0  0  0  0  0  3  0  0  0  0  0  0  0  0  814  2  0  344  1056  434  101  11  575  16  223207  19  2  315  43  91  4  108  880275  498826  20  1360  9  73  2020  3004  1578  0  52  9  66  57  0  0  0  154  0  0  539  0  2825  20703  0  530333  391  63  147  25  1297  0  73  1079  503  846  99  238833  79128  0  23  13  664  116  502  45  163758  474  416  1099  203  0  374  0  1331  0  
0  0  0  0  0  0  0  0  0  1  0  0  0  0  0  0  0  2  0  0  0  0  0  0  0  0  0  0  0  0  0  0  0  0  0  0  0  0  0  0  0  0  0  0  0  0  0  3  0  0  0  0  0  0  1  0  0  0  0  0  0  0  0  0  0  2  0  0  0  0  0  0  0  0  12  123456  1  532  18  17  28  1  1285  32  0  31  0  18  1  8  4  41  287521  10  78243  101  123  23  784  1814  17  0  71  1  11  24  0  0  12  85  115428  301136  31  0  991  88460  474  1038  140  22  20  87  1765  421  126724  43  17  35  0  2119  125137  9  0  205936  94512  3  84  1  165  425  216  444  22  0  39  277949  276268  5  
0  0  0  0  0  0  0  0  0  1  0  0  0  0  0  0  0  0  0  0  0  0  0  0  0  0  0  0  0  0  0  4  0  0  0  0  0  0  0  0  0  0  0  0  0  0  0  1  0  0  0  0  0  0  0  0  0  0  0  0  0  0  0  0  0  0  0  0  0  0  0  0  0  0  3  161928  1  39  0  4  19  1  1284  36  0  0  0  3  0  0  67  12  94  1  621294  13  28374  24  39  710  13  0  5  1  8  35  0  3  302  85  519733  16998  2  0  664  2335  6298  56  25  11  7  656  142  452621  40611  4  0  4  1  598  83  0  206557  0  56516  0  18  0  52  213  99  46  11  0  16  398480  144572  23  
0  1  0  0  0  0  1  0  0  24  0  0  0  0  0  0  0  9  0  0  14  18  54  0  0  0  0  0  1  1  4  154  0  0  0  0  0  0  0  0  32  0  0  14  0  0  1  25  0  1  1  0  0  0  24  0  0  0  0  0  2  0  0  0  0  6  0  0  1  13  0  0  19  0  43  7134  3  548  47  125  408  14  32864  1223  11  18  0  25  0  20  142  233  57167  1323  804041  548198  739736  299  865  14065  248  1  93  5  26  2989  0  0  506  799  490  200  43  0  18265  59782  854  127385  271  354  75  3947  1428  87608  400899  74  38  83  13  4769  132634  65  137736  67584  0  6  275  18  845  5741  1440  584  86  0  272  1  25179  2  
0  0  0  0  0  0  0  0  0  0  0  0  0  0  0  0  0  0  0  0  0  0  0  0  0  0  0  0  0  0  0  0  0  0  0  0  0  0  0  0  0  0  0  0  0  0  0  0  0  0  0  0  0  0  0  0  0  0  0  0  0  0  0  0  0  0  0  0  0  0  0  0  0  0  169789  0  0  0  13258  82  2  0  21  0  0  10  163387  204037  127358  4  0  0  0  0  0  0  1  193773  0  4  0  0  0  0  0  24  0  0  0  0  0  0  151728  0  1  0  0  0  0  1  13  0  137  0  0  128587  208647  11  0  54  1  0  0  0  0  0  2  1905  7  7  16  0  1  0  0  0  0  0  
1  1  0  1  0  10  3  0  0  30  0  0  0  0  0  0  0  46  0  0  11  0  7  132  0  3  0  0  0  2  1846  215  0  0  0  0  0  0  0  0  68  0  0  26  0  0  1  46  13  1  1  2  0  1  25  0  1  0  1  0  7  0  12  1  0  48  0  0  0  126  0  0  26  0  6023  0  0  19  730  130217  71  10  2173  71  0  63  1562  228  3  462  55  26403  31  0  186  125  4949  649460  3  674  38  0  54  1  517578  299244  0  0  8  3  0  0  2558  0  22655  18  17  41  2287  39  73456  3292  9750  1  28  441  375  339  1  4205  32  0  3  20  402  133  0  146152  436  2595  1119  87  269  99799  128  0  365  0  
0  0  0  0  0  7  3  0  0  13  0  0  0  0  0  1  0  23  0  0  0  0  1  0  0  6  0  0  1  0  3  31  0  0  1  0  0  0  0  0  35  0  0  11  0  0  0  36  8  0  1  0  1  0  21  0  1  0  0  0  1  0  1  0  0  38  2  1  0  2  0  0  19  0  54018  0  0  5  7663  65667  17  0  424  20  0  26  160003  1046  10  4466  14  714  1  0  24  47  385  1277563  1  120  4  0  5  0  2647  44987  0  3  11  0  0  0  304018  0  998  4  15  11  232  6  198841  436  891  1  6  1148  227  115  2  880  6  0  0  2  144  3497  160293  0  93  1066  221  19  19  13560  18  0  57  0  
0  0  0  0  0  0  0  0  3  0  173  0  0  0  0  0  0  1  0  0  0  34  0  0  0  0  0  0  0  7113  0  1  0  0  0  0  0  0  0  0  0  0  0  29  0  0  0  1  0  0  0  0  0  0  0  0  0  0  0  0  0  0  0  0  23  2  0  0  0  0  45  0  0  0  156  6  0  345  229  203  386  20  34489  3032  384803  15  0  76  6  150  2  82  40206  213119  27  2916  146  41  346  6830  85276  1  100  697625  34  32  0  0  0  36  0  0  128  0  2532  1244  0  449114  462  738  111  43  2737  0  102  214  123  312  26  281769  13033  222134  88  9  417  21  222  14  0  1109  1992  339  449  0  128160  0  448  0  
29  0  0  58  73  79515  9023  22603  14807  19206  0  5  0  0  105  263  18  5134  1  0  6  81  26  6  0  28  0  1  18  6712  81  4108  0  0  88  0  1  1  1  0  313  0  16  923  51  4  143  2019  2504  6  0  650  344  190  93  4  29  9  2  5  6  1  14  112  106  215463  284  54  68  524  29  3  216  1  2634  1  17  1291  8137  567432  331105  195349  450383  296861  0  14607  10  2260  40  5254  184  3286  666  0  61  72  2022  4003  89  38829  579  158  1676  204  1232  76157  0  0  21  102  0  1  1050  0  143508  80  84  904  23687  5031  3189  7132  48739  1  78  10946  11985  12346  89  37675  486  21  202  911  10803  114  7066  898  3454  0  30518  3074  4213  34  2700  2  3183  0  
0  0  0  3  0  6  1  0  0  12  0  0  0  0  0  0  0  93  0  0  0  0  0  0  0  0  0  0  1  1  0  27  0  0  1  0  0  0  0  0  7  0  0  0  1  0  0  19  37  0  0  0  0  0  1  0  1  0  0  0  0  0  0  0  0  51  3  0  1  3  0  0  6  0  2354  0  92485  831  3076  8296  7407  925  14268  596  0  144  6  789  617  7949  12  989  218  0  9  0  125  457  15  636284  241113  514206  1002  23536  431  693  1  0  1  662  0  0  1438  0  24457  18  5  73  539349  101931  1967  275  10674  0  7  3907  3339  38671  108147  329884  184  13  16  67  543  271  2731  185  1161  51656  0  3893  59034  0  1088  0  600  0  
0  0  0  0  1  8  2  0  0  0  0  0  0  0  1  1  0  4  0  0  0  0  0  0  0  0  0  0  0  0  0  10  0  0  0  0  0  0  0  0  0  0  0  1  0  0  0  0  3  0  0  3  0  2  0  0  0  0  0  0  0  0  0  0  0  25  0  0  0  0  0  0  0  0  3285  0  0  288684  4730  6397  1590  76  14282  379  0  281791  5  6287  203282  1200  8  368  168  1  2  1  55  769  4  1510  124  0  574274  6  74  791  0  0  0  4  0  0  4495  6492  1209  11  0  26  181898  242  3575  97  69815  0  2  592906  19239  90708  315  32639  118  5  2  4  34  373  770  666  3424  8416  7404  0  14148  1  357  0  149  0  
0  0  0  5  1  11  1  0  1  4  0  0  0  0  1  1  0  147  0  0  0  0  0  0  0  0  0  0  2  0  0  49  0  0  0  0  0  0  0  0  5  0  0  0  3  0  0  6  73  0  0  1  2  0  0  0  6  2  0  0  0  0  0  0  0  91  18  0  5  3  0  0  4  0  580  0  14  118  548  10430  46530  238586  10722  271  0  28  5  160  179588  235003  12  668  353  1  8  2  66  329  7  9280  169  33  872019  45  484  440  0  0  0  8  0  0  396  0  5849  26  5  35  494335  3751  923  162  1747  0  3  685  401  293080  291  42686  258  9  7  20  178  73  3540  123  5171  14979  62048  10375  0  0  5040  0  338  0  
0  0  0  0  1  2452  0  0  0  0  0  0  0  0  0  18  0  1  0  0  0  0  0  5  0  0  0  0  0  0  23910  349  0  0  0  0  0  0  0  0  1  0  0  0  0  0  0  1  0  0  0  0  0  0  1  0  0  0  0  0  1  0  0  0  0  13  0  0  0  73899  0  0  1  0  42841  0  0  0  130826  246630  1  0  3  1  0  0  5  1  0  285012  0  2  0  0  0  2  2  74784  0  1  0  0  0  0  261167  18716  0  0  0  0  0  0  38  0  17  1  1  1  0  0  58  6  6  0  1  3  1  1  0  6  0  0  0  0  6  1  115118  15400  0  173  1  1  0  0  0  0  0  0  
0  0  1  1  0  2  0  191  25138  23  0  0  0  0  0  9  1  51  0  0  0  17  0  0  0  1  0  0  0  15052  0  13  0  0  0  0  0  0  0  0  1  0  0  4  2  10892  0  11  21  0  0  0  0  0  0  0  1  0  0  0  0  0  0  0  1  702  1  0  2  1  8166  0  3  0  517  3  135  472  489  394  31165  143  264290  175  2  41  1  148  19  2993  4  119  2668  32  4  2  18  72  11  12733  113979  17  1762  309872  57  57  0  0  2  9  0  0  346  0  9387  233  1  404  2531  185334  176  80  4337  0  14  738  398  2356  51  442659  4126  46  19  17  170  52  382  37  137614  30695  6070  3055  2914  0  0  0  219  0  
0  0  0  0  0  0  0  0  0  0  0  0  0  0  0  0  0  0  0  0  0  0  0  0  0  0  0  0  0  0  0  0  0  0  0  0  0  0  0  0  0  0  0  0  0  0  0  0  0  0  0  0  0  0  0  0  0  0  0  0  0  0  0  0  0  0  0  0  0  0  0  0  0  0  0  271  0  0  0  0  0  0  10  0  0  0  0  0  0  0  3  0  2166  0  459  0  615  0  0  6  0  0  0  0  0  0  0  189  18517  1  849740  1137514  0  0  3  4  119809  3  0  0  0  5673  0  185095  6  0  0  0  0  2  24  0  298341  276471  111  0  0  0  1  3  1  1  0  0  0  0  167832  59  
0  0  0  0  0  0  0  0  0  6  0  0  0  0  0  0  0  5  0  0  0  0  2  0  0  0  0  0  0  0  0  15  0  0  0  0  0  0  0  0  1  0  0  1  0  0  0  3  2  0  0  0  0  0  0  0  0  0  0  0  0  0  0  0  0  10  0  0  0  0  0  0  1  0  1630  253  2  15880  1295  407  355  16  5736  196  0  442  5  593  78  103  256  470  293145  30  159282  47  72028  237  1223821  94160  83  2  2183  3  99  305  93  793265  142812  241467  2419  1652654  1326  1  118029  8856  91392  6392  2335  174  586  344678  26086  134695  9501  2558  1416  1945  34572  292319  209813  297  191618  157412  101772  156  760  101  1273  2522  1647  16437  261  1  318  112362  0  93877  
0  0  0  0  0  0  0  0  0  0  0  0  0  0  0  0  0  0  0  0  0  0  0  0  0  0  0  0  0  0  0  0  0  0  0  0  0  0  0  0  0  0  0  0  0  0  0  0  0  0  0  0  0  0  0  0  0  0  0  0  0  0  0  0  0  0  0  0  0  0  0  0  0  0  0  0  0  1  0  0  1  0  4  0  0  0  0  0  0  0  0  2  0  0  19  0  219  0  1  309  0  0  0  0  0  0  191228  184899  92505  229521  0  155  0  0  61479  0  640  0  0  0  0  315972  2  29  0  0  0  0  0  2  1  0  0  18  7  0  0  0  0  0  0  0  0  0  0  38  135487  0  
