0  0  0  3  421446  31894  698  0  1  66  0  160  42  6642  132704  554  150  1550  0  0  0  2  959  233535  0  48  0  0  24  0  194286  1857  0  0  0  5  0  0  627  47  7961  0  54  3  344  0  21363  353  10857  0  0  152091  109995  1074  0  9  0  0  1  0  4  54716  37725  68758  8  983  20  1933  563  90626  2  0  138  2  1  0  0  0  0  6  0  0  0  3  0  0  0  0  0  0  0  10  0  0  0  1  15  1  0  0  0  0  0  0  18  10  1  0  0  0  0  0  1  0  4  0  8  0  4  0  14  10  0  0  0  1  0  2  3  0  0  0  0  0  0  0  1  3  0  40  2  0  0  2  0  0  0  0  
0  0  0  0  0  0  0  0  0  0  0  0  0  0  0  0  0  0  370539  0  481492  92780  3  0  13  0  0  0  0  0  1  2  0  0  0  0  3240  1264  0  0  0  246596  0  358  0  0  0  0  0  4  286179  0  0  0  0  0  44862  3243  165418  14941  47498  0  1  0  0  0  0  0  0  0  0  56687  397  0  0  0  0  0  0  0  0  0  0  6  0  0  0  0  0  0  0  0  0  0  0  17  3  0  0  0  0  0  0  0  2  0  0  0  0  0  0  0  1  0  0  8  0  3  0  0  0  0  0  0  8  0  0  0  0  0  0  0  0  0  5  0  1  0  0  0  0  0  0  0  0  0  0  0  
0  0  0  0  0  0  4  192  53  0  0  0  0  0  0  303221  0  0  0  0  0  0  0  0  0  0  103131  126239  291151  179264  0  0  0  0  0  0  0  0  0  0  0  0  0  0  199855  278245  0  0  0  0  0  0  0  0  0  28371  0  0  0  0  0  0  0  0  1  1  245  0  2  0  2499  0  0  0  0  0  6654  0  0  0  3  300  806  0  0  0  0  0  0  1411  0  0  0  0  0  0  0  0  0  0  0  0  0  1019  0  0  0  0  0  0  0  0  0  0  0  0  0  0  1  1140  0  0  0  0  0  0  0  0  0  0  0  0  0  0  0  0  0  0  0  0  0  0  0  0  292  0  0  0  
1805  0  0  0  30  13  0  0  0  0  0  253462  1  1110  8  0  2979  1608  0  0  0  0  8  35  2  278127  0  139359  190708  0  0  6  7882  8440  0  14913  0  0  45  1215  35748  0  3  0  148323  0  345  2042  258396  0  0  599  13  0  0  1  0  0  0  0  0  37  216  87  4  0  7  31018  12  0  0  0  0  3571  0  0  0  0  0  0  0  0  0  0  0  0  0  0  0  0  0  0  0  0  0  0  0  0  0  0  0  0  0  0  0  0  0  0  0  0  0  0  0  0  0  0  0  0  0  0  0  0  0  0  0  0  0  0  0  0  0  0  0  0  0  0  0  0  0  0  0  0  0  0  0  0  0  0  
244183  0  0  0  0  179352  327  0  0  17  0  15  0  94  156014  194882  83  477  0  0  0  0  257  961  0  7  0  1  12  0  60903  530  0  0  1  0  0  0  0  0  1943  0  16  1  132  0  117  123  4103  0  0  22485  239369  1384  0  2  0  0  0  0  0  212  7358  16761  0  423  15  729  225  45575  0  0  45  1  9  0  0  0  1  2  0  0  0  0  0  0  0  0  0  0  1  3  0  0  0  0  13  4  0  0  0  0  0  0  11  3  0  0  0  0  0  0  1  0  3  0  1  0  3  0  2  2  0  0  0  0  0  0  0  0  0  0  0  0  0  0  0  1  0  18  1  0  0  15  0  0  0  0  
41344  0  0  1  294254  0  209271  9  198  80  0  41  0  3  168751  657259  389  4062  1  0  19  13  1875  7120  1  43  8  0  71  15  5462  125576  3  0  1  2  0  0  5  0  4199  0  131  7  588  1  1023  1099  17209  0  0  83607  233237  166415  0  424  0  1  0  0  21  2  100221  28346  13  308362  113  2962  1351  238782  347  0  883  7  6  0  0  0  9  34315  311  2  5  10  0  0  0  8  2  274  1  66  0  0  1  3  100  26  1  2  0  0  0  0  632  366  1  0  0  0  0  0  47  0  429  0  20  2  44  0  144  58  8  0  0  8  15  42  5  1  0  0  0  0  4  0  13  56  0  110792  53  3  1  4709  1  0  4  0  
57  0  2  0  74  266235  0  277277  11797  10  0  0  0  0  5933  675823  79  676  0  0  0  0  274  1  0  142  3183  0  521  176  0  5  0  0  0  0  0  0  0  0  80  0  11  0  1558  27554  26  139  1044  0  0  9177  1100  127026  0  4879  0  0  0  0  0  0  38  0  259  344243  960  1977  10196  0  14412  0  11  0  44  0  20  12  259  954  5996  520  106  0  0  7  0  1  132  1265  0  113  0  0  0  0  15  19  2  2  0  0  22  0  1  4  0  0  0  0  0  0  15  1  325  0  5  0  261  18  102  52  62  0  0  382  442  3284  18  12  0  0  0  0  0  0  0  23  0  6172  111  243  60  0  25  0  1  0  
0  0  996  0  0  8  412770  0  190937  0  0  0  0  0  10  298884  0  8  0  0  0  0  1  0  0  0  289  1  176658  861  0  0  0  0  0  0  0  0  0  0  1  0  0  0  43997  257289  0  2  3  0  0  11  0  77963  0  271  0  0  0  0  0  0  0  0  15  154185  121  11  46914  0  13083  0  0  0  0  0  997  0  0  2  2571  4670  2310  0  0  0  0  0  0  419  0  0  0  0  0  0  0  0  0  0  0  0  0  0  0  0  0  0  0  0  0  0  0  0  0  0  0  0  0  1175  0  0  0  0  0  0  0  1  0  0  0  0  0  0  0  0  0  0  0  176  0  0  0  0  121  0  0  0  
1  0  24  0  0  5  5441  88053  0  26031  1  0  0  0  28  229  0  52  0  0  0  686  5  0  0  0  57  10  147  133721  0  0  0  0  0  0  0  0  0  0  9  0  0  275  3689  142219  1  10  12  0  0  4  0  468  0  147  0  0  0  0  0  0  3  0  16119  354166  894  1  1165  0  175198  0  1  0  0  0  356  0  0  0  6339  4582  47794  346  1  0  0  0  0  32  0  0  0  0  0  1  0  0  0  0  0  0  2  13  0  0  0  0  0  0  0  0  0  0  0  0  1  0  6  89  0  0  0  0  0  0  0  7  0  0  0  0  0  0  0  0  0  0  1  3600  5  0  1  0  9976  0  0  0  
40  2  0  0  38  381  20  2  39049  0  6  0  0  1  91  10  311  21369  7  0  255  35401  68051  17  3  658  0  9  1144  131419  108  725  10  0  9  28  0  0  0  0  3801  0  940  166224  2459  0  862  1719  3250  0  0  204  65  105  6  1630  0  11  3  0  121  0  1398  9  1104  409929  8494  196  479  28  12  0  1385  8  4  0  0  0  2  49  0  0  130  12510  10  0  0  1  0  2  20  743  0  0  10  25  705  47  34  110  0  0  1  6  37  173  15  0  2  52  0  0  18  0  245  1  870  417  78  0  270  415  53  0  1  4  1  10  1244  110  0  14  2  0  34  1  27  21  8  104250  482  5  2  0  72  1  14  12  
0  6  0  0  0  0  0  0  2  4  0  0  0  0  0  0  1  61  1816  910829  0  81142  16  0  4  1  48246  0  2  22422  0  0  0  0  0  0  0  0  0  0  10  111683  4  447251  18  0  4  7  12  0  3  0  0  1  1  315  39  3576  0  0  3  0  1  0  362038  0  6  1  0  0  0  0  96  0  0  0  0  0  0  0  0  0  25  6  10658  0  0  0  0  0  0  0  0  1267  0  19  0  0  0  0  63  0  0  41094  0  0  0  0  0  0  0  0  0  0  0  658  0  11  0  0  0  0  0  0  0  0  0  0  0  1  0  0  0  0  0  0  0  0  4160  1  0  0  0  0  1042  0  0  0  
16860  0  0  210411  3761  855  12  0  0  2  0  0  7  186684  465  5  619  4148  0  0  0  0  62  295  0  459  0  0  53041  0  5  84  2332  1913  20  534  0  9  541  168024  167  0  3  0  6731  0  4534  454  266891  0  0  231711  484  40  0  0  0  0  0  0  0  532  2453  702  0  16  2  302039  169  2  0  0  7  61  0  0  0  0  0  0  0  0  0  0  0  0  0  0  0  0  0  0  0  0  0  0  0  0  0  0  0  0  0  0  0  0  0  0  0  0  0  0  0  0  0  0  0  0  0  0  0  0  0  0  0  0  0  0  0  0  0  0  0  0  0  0  0  0  0  3  0  0  0  0  0  0  0  0  
112  0  0  0  0  1  0  0  0  0  0  3  0  71910  3  0  0  35  0  0  0  0  0  286534  0  0  0  0  0  0  0  1  0  335  17  0  0  88  126614  408  0  0  2  0  0  0  116324  0  13  0  0  6  0  0  0  0  0  0  0  0  0  7061  4  3168  0  0  0  0  0  0  0  0  16  0  0  0  0  0  0  0  0  0  0  0  0  0  0  0  0  0  0  0  0  0  0  0  0  0  0  0  0  0  0  0  0  0  0  0  0  0  0  0  0  0  0  0  0  0  0  0  0  0  0  0  0  0  0  0  0  0  0  0  0  0  0  0  0  0  0  0  0  0  0  0  0  0  0  0  
48126  0  0  66  76  14  2  0  0  0  0  166988  58138  0  20950  2  4  579  0  0  0  0  63  34397  0  38  0  0  7  0  3  147  0  598  20  0  0  66  206695  192514  4  0  1  0  76  0  12836  7  64016  0  0  266680  65  5  0  0  0  0  0  0  0  237416  3874  35968  1  2  2  771  67  0  0  0  19  0  0  0  0  0  0  0  0  0  0  0  0  0  0  0  0  0  0  0  0  0  0  0  0  0  0  0  0  0  0  0  0  0  0  0  0  0  0  0  0  0  0  0  0  0  0  0  0  0  0  0  0  0  0  0  0  0  0  0  0  0  0  0  0  0  0  1  0  0  0  0  0  0  0  0  
176992  0  0  0  146958  105889  5787  10  152  9  0  143  0  10114  0  408686  180  1706  0  0  0  0  781  92385  0  29  2  1  64390  6  1  51  0  0  0  0  0  0  20  0  273  0  33  2  4134  0  632  352  4708  0  0  1148033  918773  713101  0  51  0  0  0  0  0  137047  863  1015  10  12446  438  142720  171600  6  140  0  30  0  3  0  0  0  17  40  155  8  98  4  0  0  0  0  18  28  0  10  0  0  0  0  5  0  0  0  0  0  5  0  0  0  0  0  0  0  0  0  0  0  19  0  1  1  77  0  7  5  5  0  0  6  31  202  3  1  0  0  0  0  0  0  0  0  0  577  18  14  2  0  7  0  0  0  
1200  0  233048  0  306668  784114  738190  376435  400  1  0  1  0  0  404445  0  8  51  0  0  0  0  24  21  0  0  17  0  338546  14  17947  11  0  0  0  0  0  0  0  0  24  0  1  0  126  45013  3  10  258  0  0  762  40461  962375  0  2406  0  0  0  0  0  0  243  399  85  2923  1783  78  247614  117129  185  0  1  0  72  0  4394  0  46  4142  1699  4834  283  0  0  0  0  0  1  32577  0  1  0  0  0  0  0  3  0  0  0  0  1  2  18  0  0  0  0  0  0  0  0  0  1  0  0  0  13  1032  0  2  0  0  0  1  5  37  0  0  0  0  0  0  0  0  0  0  0  406  3  2  5  548  10  0  0  0  
40  1  0  1367  54  51  4  0  2  53  0  474  0  8  109  6  0  414384  5  0  11  17  91298  14502  0  10144  0  16  49  1  14  103  12201  176  88166  1718  1  30  0  19  72546  0  41623  11  421  0  4964  419451  250254  0  1  736  41  79  0  8  7  0  67  0  97  0  3526  70  6  64  1141  1300  953  0  1  21  10481  72  0  0  0  0  0  0  0  0  1  162  0  0  0  0  0  0  2  4  0  0  0  6  548  0  0  0  0  0  0  0  15  1  4  0  0  0  0  0  0  0  51  0  49  27  0  0  0  88  2  0  1  0  1  1  0  0  0  0  0  0  1  0  10  0  0  6  0  0  0  0  0  0  2  5  
900  4  0  946  1024  1260  55  0  2  333  0  3686  6  733  207  31  273901  0  3  0  12  34  96031  154930  1  223  1  4  35  7  281  5720  3348  316  7805  40  0  10  169  2896  3071  0  15132  28  405  0  255938  110637  288557  0  0  2269  225  229  0  27  11  4  51  0  133  1  147212  492  19  402  208  762  1054  33  1  4  16325  337  0  0  0  0  0  4  1  0  1  307  0  0  0  0  0  0  12  25  0  0  2  15  1094  0  0  0  0  0  0  0  26  19  16  0  0  0  0  0  1  0  112  0  85  57  5  0  14  238  9  0  0  0  2  2  4  0  0  0  0  0  3  0  20  5  0  80  4  0  0  1  0  0  2  3  
1  406803  0  0  0  1  1  0  7  13  33  0  0  0  2  0  21  569  0  74864  622  4422  138  2  216654  1216  0  0  20  6  0  5  0  54  0  1  0  2096  0  0  237  475117  50  42137  288  0  20  77  206  0  151669  6  0  2  80  35  883787  645781  263731  0  25598  0  40  0  3060  12  39  33  9  0  2  4305  411497  0  0  0  0  0  0  0  0  0  0  0  0  0  0  0  0  0  0  0  0  0  0  0  2  0  0  0  0  0  0  0  0  0  0  0  0  0  0  0  0  0  0  0  0  0  0  0  0  0  0  0  0  0  0  0  0  0  0  0  0  0  0  0  0  0  0  1  0  0  0  0  0  0  0  0  
0  0  0  0  0  0  0  1  0  0  773994  0  0  0  0  0  0  4  88577  0  0  4071  1  0  19408  0  128438  1  1  2540  0  0  0  0  0  0  0  0  0  0  0  189592  0  166707  30  2  0  0  1  0  0  0  0  0  1  44180  149  406299  0  0  16  0  0  0  225295  4  6  1  0  0  1  0  65  0  0  0  0  0  0  0  0  0  0  0  1803  0  0  0  0  0  0  0  0  257  0  1  0  0  0  0  354  0  0  655  0  0  0  0  0  0  0  0  0  0  0  120  0  3  0  0  0  0  0  0  0  0  0  0  0  0  0  0  0  0  0  0  0  0  87  0  0  0  0  0  0  0  0  0  
0  355142  0  0  0  0  0  0  0  81  0  0  0  0  0  0  3  46  69  0  0  29057  10390  11  0  1  0  0  0  0  13  17  0  167  0  1  139007  1495  0  0  77  9  9197  251  2  0  0  47  9  335548  73051  0  0  0  0  0  11  1  49559  644700  633245  0  45  1  0  6  1  0  0  2  0  45319  1028  1  0  0  0  0  0  2  0  0  0  76  0  0  0  0  0  0  4  1  0  0  59  213  344  5  0  0  0  0  0  0  245  90  4  0  0  0  3  0  3  0  17  60  22  40  0  0  3  49  3  0  146  0  0  0  0  0  0  0  0  0  65  0  186  4  0  4  1  0  0  0  0  0  0  2  
3  96308  0  0  1  1  0  0  132  37409  57578  0  0  0  0  0  29  482  2698  1495  43524  0  85365  2  338  81  5  0  0  6762  16  30  0  0  0  4  1  0  0  0  824  293212  58  725704  9  0  8  222  124  0  251976  10  1  2  0  137  3163  7490  494  2  674461  0  91  1  4369  6408  121  16  6  0  1  6  7409  1  0  0  0  0  0  5  0  0  603  676  1606  0  0  0  0  0  4  5  0  26  102  2753  819  14  0  0  0  0  0  272  436  147  13  0  1  0  0  0  6  0  60  580  46  301  0  0  17  85  4  0  57  0  0  0  0  0  0  0  0  0  37  0  357  13  148  167  0  0  0  0  261  0  4  8  
56  18  0  5  27  84  4  0  0  55122  0  12  0  2  68  4  98902  119762  11  0  15878  63144  0  4333  5  257  0  4  39  6  65  496  93  128  75952  29  593  3672  0  0  11419  0  192373  49939  222  0  206  38296  16147  283  3  241  34  67  2  191  20  2  4207  638  629200  0  29008  313  131  72  752  547  352  2  1  31825  95591  41  0  0  0  0  0  12  0  0  1  865  0  0  0  1  0  0  6  20  0  0  135  46  1484  24  0  0  0  0  0  0  310  145  19  0  0  0  0  0  15  0  127  0  105  394  1  0  46  193  16  0  0  2  0  0  1  0  0  0  0  1  15  0  235  19  0  29  1  0  0  2  0  0  3  12  
293283  0  0  1  1117  6226  20  0  0  18  0  72  262270  51572  92277  8  1279  98765  0  0  3  0  6137  0  0  1  0  0  3  1  239817  17132  7  985  590  1  0  111  144656  739  126  0  12023  1  42  0  371780  11819  4279  9  0  6465  395  42  0  0  0  0  0  0  409  278466  592666  1013428  0  78  20  88  116  22591  0  0  78  1  2  0  0  0  0  26  0  0  0  1  0  0  0  0  0  0  0  3  0  0  0  2  8  31  0  0  0  0  0  0  1267  8  0  0  0  0  0  0  0  0  0  0  2  0  3  0  0  2  1  0  0  0  0  0  0  0  0  0  0  0  1  0  12  0  0  7  0  0  0  375  0  0  0  1  
0  786  0  0  0  0  1  0  2  2  0  0  0  0  2  0  2  63  175249  24611  0  33  17  0  0  295971  152430  605  11  57  0  4  0  110  0  627  0  4  0  0  554  467  5  5665  336  6  3  6  20  0  1350  0  0  0  318552  502261  8082  238865  71  0  85  0  2  0  12569  32  909  20  3  0  41  0  1030887  0  0  0  0  0  0  0  0  0  0  0  0  0  0  0  0  0  0  0  0  0  0  0  0  0  0  0  0  0  0  0  0  0  0  0  0  0  0  0  0  0  0  0  0  0  0  0  0  0  0  0  0  0  0  0  0  0  0  0  0  0  0  0  0  0  0  0  0  0  0  0  0  0  0  0  
2240  0  0  274214  1726  471  26  4  13  262  1  435  0  353  295  2  2129  6796  109  0  1  10  3664  16  188841  0  835  59535  300  93  3  80  11259  70454  10  336730  0  1  9  194  480294  1  794  308  35251  5  235  7937  152894  0  0  32228  464  98  252089  209494  5  231  4  0  5  37  481  35  11067  80  437094  43218  467  4  44  0  146527  556  0  0  0  0  0  1  0  0  0  6  0  0  0  0  0  0  0  1  0  0  0  0  15  0  0  0  0  0  0  0  0  2  0  0  0  0  0  0  0  0  1  0  1  2  0  0  0  6  0  0  0  0  0  0  1  0  0  0  0  0  0  0  0  0  0  5  0  0  0  0  0  0  0  0  
0  0  140691  0  0  0  1253  27  3686  0  61433  0  0  0  25  15  1  10  0  95885  0  26  5  0  121915  8624  0  43154  1640  1156786  0  0  0  0  0  0  0  0  0  0  12  0  1  19  8191  110088  0  2  9  0  0  4  0  188  1  1550802  0  1497  0  0  0  0  1  0  225099  5288  380405  61  505  0  145423  0  268  0  0  0  26  0  0  0  0  0  2  0  9938  0  0  0  0  0  0  0  0  9071  0  35  0  0  0  0  710  0  0  12040  0  0  0  0  0  0  0  0  0  0  0  0  0  6  0  2  0  0  0  0  0  0  0  0  0  0  0  0  0  0  0  0  0  0  68  1  0  0  0  0  6  0  0  0  
255  0  147771  149504  205  77  3  0  131  1  0  4  0  0  18  0  48  364  2  0  0  0  245  1  4882  83385  36987  0  20085  63  0  5  0  0  0  44  0  0  0  0  1505  0  19  14  1284536  37589  8  120  4433  0  0  4776  53  9  4  775  0  9  0  0  0  3  22  3  911  1904  606584  745  40  0  176  0  85  0  0  0  0  0  0  0  0  0  0  0  0  0  0  0  0  0  0  0  0  0  0  0  0  0  0  0  0  0  0  0  0  0  0  0  0  0  0  0  0  0  0  0  0  0  0  0  0  0  0  0  0  0  0  0  0  0  0  0  0  0  0  0  0  0  0  0  0  0  0  0  0  0  0  0  
99  0  272748  121209  21  14  12424  138417  825  1  0  62294  0  63  6455  361402  26  302  0  0  0  0  139  0  5  445  63  18887  0  10  2  5  0  1  0  16  0  0  0  21  1298  0  17  0  1237603  91223  26  59  22672  0  0  7659  18  691  2  266  0  0  0  0  0  17  33  1  74  11652  1929  626552  874451  0  286  0  4  1  0  0  3  0  0  0  0  0  12  0  0  0  0  0  0  2  0  0  0  0  0  0  0  0  0  0  0  0  0  0  0  0  0  0  0  0  0  0  0  0  1  0  0  0  0  0  0  0  0  0  0  0  0  0  0  0  0  0  0  0  0  0  0  0  0  17  0  0  0  0  0  0  0  0  
2  0  287365  0  2  5  7  19  172580  70403  50797  0  0  0  6  9  13  1065  2  4934  1  33611  223  0  3  17  1074317  5  69  0  1  20  0  0  0  0  0  0  0  0  226  0  24  81181  923  402302  26  67  342  0  0  24  5  19  1  343649  0  6  0  0  1  0  59  0  369977  21782  3550  137  41  0  678828  0  54  0  0  0  589  0  0  1  14  13  6803  343  2390  0  0  0  0  2  0  4  0  1028  0  10  2  0  0  0  172  0  0  94337  0  1  0  0  0  0  0  0  0  0  3  1  0  6  2  453  2  2  0  0  0  0  0  0  0  1  0  0  0  0  0  0  0  0  107  320  2  0  0  0  9323  0  0  0  
239501  0  0  0  68596  5286  0  0  0  5  0  1  0  1  2  13163  2  86  0  0  8  10  82  233916  0  0  0  0  1  0  0  152596  0  0  0  0  0  0  13  0  118  0  8  1  0  0  2276  43  26  0  0  256  6  0  0  0  0  0  0  0  8  1  577124  2286  0  8  1  3  1  416879  0  0  76  1  151  0  0  0  1  403  0  0  0  7  0  0  0  0  0  2  0  2  0  0  2  19  103  743  0  0  0  0  0  0  18829  176  1  0  0  0  0  0  13  0  8  0  2  3  0  0  7  16  2  0  0  0  0  0  0  0  0  0  1  0  6  0  55  24  0  52  0  0  0  2730  0  0  2  2  
2458  0  0  0  563  180046  10  0  0  56  0  1  0  3  198  14  27  2622  1  0  18  21  687  13743  1  7  0  1  4  1  124272  0  4  0  0  3  0  0  29  0  819  0  72  8  9  0  6705  606  635  0  0  1583  350  6  0  5  0  0  4  0  20  5  261016  2077  9  61303  8  30  21  109692  0  0  930  6  14  0  0  0  2  4740  0  0  0  16  0  0  1  20  0  0  10  578  0  0  2  2  403  120  1  1  0  0  0  0  561  11142  10  0  0  0  0  0  294  0  70  0  39  2  3  0  2004  50  10  0  0  29  3  0  0  0  0  0  3  0  73  1  115  575  1  9261  2  1  2  2052  0  3  29  7  
2  0  0  5721  0  3  0  0  0  8  0  3334  0  0  4  0  7586  5096  0  0  0  8  749  37  0  7005  0  0  1  0  3  18  0  177600  12498  8584  0  1  0  1  58620  0  706  4  4  0  7  288747  281  0  0  10  2  1  0  1  1  0  9  0  5  0  76  4  3  5  9  2  3  0  0  1  78693  158832  0  0  0  0  0  0  0  0  0  28  0  0  0  0  0  0  1  1  0  0  1  1  112  0  0  0  0  0  0  0  6  2  4  0  0  0  0  0  0  0  14  0  13  4  0  0  0  30  0  0  0  0  0  0  0  0  0  0  0  0  1  0  4  0  0  2  0  0  0  0  0  0  0  0  
0  0  0  9983  0  0  0  0  0  0  0  2393  405  166  0  0  71  183  0  0  480  0  203  675  1  78401  0  0  0  0  0  0  147978  0  474712  360377  389  217237  0  21  142  0  116600  0  0  0  21  82702  4  145  0  0  0  0  690  0  0  0  2  124  687  0  0  26  0  0  0  0  0  0  0  5655  750496  68242  0  0  0  0  0  0  0  0  0  0  0  0  0  0  0  0  0  0  0  0  0  0  0  0  0  0  0  0  0  0  0  0  0  0  0  0  0  0  0  0  0  0  0  0  0  0  0  0  0  0  0  0  0  0  0  0  0  0  0  0  0  0  0  0  0  0  0  0  0  0  0  0  0  0  
1  1  0  11  0  1  0  0  0  0  0  18  0  0  0  0  209453  17933  0  0  235  3  82846  642  0  4  0  0  0  0  0  7  12665  395412  0  65  9  2437  0  1  73  0  402751  0  0  0  36  483139  334  5  0  2  0  0  0  0  0  1  15  23  741  0  26  22  0  1  0  0  1  0  0  5812  158260  32  0  0  0  0  0  0  0  0  0  14  0  0  0  0  0  0  1  2  0  0  0  0  60  0  0  0  0  0  0  0  2  0  1  0  0  0  0  0  0  0  4  0  3  3  0  0  0  8  0  0  0  0  0  0  0  0  0  0  0  0  0  0  0  0  0  1  0  0  0  0  0  0  0  1  
0  0  0  11923  0  1  0  0  0  11  0  564  0  0  0  0  9  73  0  0  0  2  49  0  18  305212  0  3  0  0  1  1  8422  391294  26  0  0  15  0  0  292390  0  13  9  1  0  1  369  150  0  0  0  0  1  634  62  0  1  0  0  3  0  4  0  73  2  91  25  0  0  0  0  51803  189653  0  0  0  0  0  0  0  0  0  1  0  0  0  0  0  0  0  0  0  0  0  0  1  0  0  0  0  0  0  0  0  0  0  0  0  0  0  0  0  0  0  0  0  0  0  0  0  0  0  0  0  0  0  0  0  0  0  0  0  0  0  0  0  0  0  0  0  0  0  0  0  0  0  0  
0  1752  0  0  0  0  0  0  0  0  0  0  0  0  0  0  0  0  0  0  102284  0  191  0  0  0  0  0  0  0  0  0  0  6917  10  0  0  185625  0  0  0  0  198182  0  0  0  0  74  0  272739  0  0  0  0  0  0  0  0  257  310067  1639  0  0  0  0  0  0  0  0  0  0  995888  3387  0  0  0  0  0  0  0  0  0  0  0  0  0  0  0  0  0  0  0  0  0  0  0  0  0  0  0  0  0  0  0  0  0  0  0  0  0  0  0  0  0  0  0  0  0  0  0  0  0  0  0  0  0  0  0  0  0  0  0  0  0  0  0  0  0  0  0  0  0  0  0  0  0  0  0  
0  5088  0  0  0  0  0  0  0  0  0  0  77  9  0  0  1  5  845  0  3889  4  770  69  16  113  0  0  0  0  0  0  0  168907  304  2  185428  0  0  0  0  0  106881  0  0  0  1  335  0  2669  0  0  0  0  8  0  3  0  43073  5136  22111  0  0  0  0  0  0  0  0  0  0  983255  971723  0  0  0  0  0  0  0  0  0  0  0  0  0  0  0  0  0  0  0  0  0  0  0  0  0  0  0  0  0  0  0  0  0  0  0  0  0  0  0  0  0  0  0  0  0  0  0  0  0  0  0  0  0  0  0  0  0  0  0  0  0  0  0  0  0  0  0  0  0  0  0  0  0  0  0  
7650  0  0  47  19  13  0  0  0  0  0  3002  101602  211608  38  0  2  224  0  0  0  0  70  80778  0  6  0  0  0  0  43  981  0  0  1  0  0  0  0  3120  1  0  0  0  4  0  123157  1  61295  0  0  1738  11  0  0  0  0  0  0  0  0  12178  6643  159817  0  1  1  107  6  1  0  0  0  0  0  0  0  0  0  0  0  0  0  0  0  0  0  0  0  0  0  0  0  0  0  0  0  0  0  0  0  0  0  0  0  0  0  0  0  0  0  0  0  0  0  0  0  0  0  0  0  0  0  0  0  0  0  0  0  0  0  0  0  0  0  0  0  0  0  0  0  0  0  0  0  0  0  0  
302  0  0  524  11  0  0  0  0  0  0  154100  99  164304  2  0  0  2135  0  0  0  0  1  338  0  59  0  0  16  0  0  0  0  36  1  0  0  3  1458  0  1  0  0  0  22  0  10208  0  88868  0  0  553  0  0  0  0  0  0  0  0  0  12  88  146  0  0  1  931  8  0  0  0  3  0  0  0  0  0  0  0  0  0  0  0  0  0  0  0  0  0  0  0  0  0  0  0  0  0  0  0  0  0  0  0  0  0  0  0  0  0  0  0  0  0  0  0  0  0  0  0  0  0  0  0  0  0  0  0  0  0  0  0  0  0  0  0  0  0  0  0  0  0  0  0  0  0  0  0  
1604  3  0  27322  1797  808  70  10  36  1673  0  4  0  6  806  28  48172  80661  79  5  39  963  35197  152  621  429901  9  218  759  246  46  962  39262  837  130  296404  0  1  1  0  0  0  13123  2196  6563  7  1045  103386  211776  0  1  24554  905  569  1095  3565  10  551  21  0  227  8  4443  57  26748  762  24900  58853  1038  11  148  7  107532  62509  1  0  0  0  0  5  0  0  1  330  0  0  0  0  1  0  7  33  0  0  0  26  1450  3  0  1  0  0  0  0  92  36  21  0  0  0  0  0  3  0  201  0  215  63  2  0  14  494  16  0  0  0  0  3  7  0  0  0  0  0  5  0  58  4  0  93  2  0  0  1  0  0  3  17  
0  261613  0  0  0  0  0  0  0  0  93592  0  0  0  0  0  0  0  469907  181866  3  508244  0  0  335  0  0  0  0  0  0  0  0  0  0  0  0  0  0  0  0  0  0  77391  0  0  0  0  0  0  21943  0  0  0  0  14  331124  85040  16  0  5257  0  0  0  3  0  0  0  0  0  0  0  91  0  0  0  0  0  0  0  0  0  0  0  270  0  0  0  0  0  0  0  0  2  0  5  0  0  0  0  0  0  0  0  0  0  0  0  0  0  0  0  0  0  0  32  0  1  0  0  0  0  0  0  0  0  0  0  0  0  0  0  0  0  0  0  0  0  0  0  0  0  0  0  0  0  0  0  
8  0  0  0  0  5  0  0  0  14  0  0  0  0  0  0  10020  7532  2  0  26487  2  157158  10720  0  9  0  0  0  2  2  32  55  118328  163475  2  82863  139636  0  0  289  0  0  12  1  0  15  78292  517  131048  0  6  0  0  0  6  4  0  92  13042  160063  0  85  335  4  5  13  8  9  0  0  123071  75931  11  0  0  0  0  0  0  0  0  0  22  0  0  0  0  0  0  1  3  0  0  0  2  79  2  0  0  0  0  0  0  3  3  1  0  0  0  0  0  0  0  6  0  12  1  0  0  1  17  0  0  0  0  0  0  0  0  0  0  0  0  1  0  3  1  0  0  0  0  0  0  0  0  0  1  
9  16689  0  0  23  30  17  26  110  119816  527449  0  0  0  39  3  1653  6510  78768  138675  820  657481  9223  2  34226  196  6  18  354  113162  0  75  0  0  3  8  1  0  0  1  3164  114336  290  0  5645  24  248  1745  2244  0  14194  131  24  33  27  16041  75501  416646  1423  0  47749  0  481  2  347107  2466  3872  152  171  2  67  0  241832  6  0  0  0  0  0  2  0  0  35  23  3787  0  0  0  0  0  0  2  0  174  13  63  36  1  0  0  2  0  0  113  15  11  1  0  0  0  0  0  3  0  7  19  4  14  0  0  2  8  0  0  0  0  0  1  0  0  0  0  0  0  0  0  24  3  36  25  0  0  0  0  96  0  0  0  
3154  0  169566  184994  2816  1007  3387  36867  14986  83  0  4118  0  372  1334  74  1611  10751  7  0  0  1  6652  27  37  75308  27888  1434943  1195799  390  3  73  3  0  9  407  0  0  1  10  36589  0  577  61  0  344436  418  2815  206373  0  0  44325  1357  902  18  4885  1  51  0  0  1  105  624  34  8771  136356  315521  188417  206830  3  5841  0  662  9  0  0  0  0  0  0  0  0  9  3  0  0  0  0  0  0  0  2  0  0  0  1  12  0  0  0  0  0  1  0  0  0  0  0  0  0  0  0  0  0  2  0  2  0  1  0  1  2  0  0  0  0  0  0  1  0  0  0  0  0  0  0  0  0  0  30  0  0  0  2  1  0  0  0  
0  0  283360  0  0  1  785  148519  135462  0  0  0  0  0  4  31823  2  46  0  0  0  0  11  0  0  3  110926  25678  88336  251513  0  0  0  0  0  0  0  0  0  0  7  0  2  0  227237  0  0  26  18  0  0  2  0  124  0  44322  0  0  0  0  0  0  1  0  5501  3440  55425  18  937  0  49362  0  2  0  0  0  654  0  0  0  111  221  2572  0  0  0  0  0  0  58  0  0  0  0  0  0  0  0  0  0  0  0  0  46  0  0  0  0  0  0  0  0  0  0  0  0  0  0  0  145  0  0  0  0  0  0  0  1  0  0  0  0  0  0  0  0  0  0  0  38  0  0  0  0  218  0  0  0  
128765  0  0  1  1386  3064  132  0  0  95  0  98  80997  3549  256  17  410  215565  0  0  2  0  2102  369967  0  5  0  1  9  1  643  13598  9  30  26  0  0  0  122321  2448  308  0  87  0  91  0  0  1280  43419  1  0  39178  521  103  0  3  0  0  0  0  5  387  111086  131750  1  379  42  187  220  49  0  0  95  0  0  0  0  0  0  4  0  0  0  0  0  0  0  0  0  0  0  6  0  0  0  0  12  0  1  0  0  0  0  0  5  10  1  0  0  0  0  0  3  0  6  0  8  0  2  0  13  7  1  0  0  0  0  0  3  0  0  0  0  0  1  0  0  3  0  44  4  0  0  3  0  0  2  0  
100  18  0  162  102  194  11  0  2  662  0  135  0  5  169  10  331837  268434  35  0  416  201  61498  14637  4  1385  0  13  105  6  47  775  284493  69523  399147  228  5  4810  0  19  117711  0  104491  362  279  0  3705  0  37622  8  10  952  109  116  0  33  33  3  2050  6  2689  1  9699  134  49  137  440  315  357  8  2  17220  751850  17320  0  0  0  0  0  2  0  0  0  438  0  0  0  0  0  0  11  24  0  0  2  30  1842  3  0  1  0  0  0  0  84  35  30  0  1  0  0  0  1  0  245  0  179  85  0  0  9  433  12  0  0  0  0  2  0  0  0  2  0  0  6  0  58  2  0  16  0  0  0  1  0  0  2  14  
34672  0  0  207191  29601  11357  567  0  19  377  0  278584  13  57655  4693  253  250406  304686  1  0  9  26  126815  13655  5  139140  1  505  36355  18  78  1646  412  17  551  3307  0  2  67129  80894  222955  0  16420  26  137846  0  94621  69289  0  0  0  215786  6905  1999  3  360  1  5  11  0  80  1835  18355  13212  121  1799  13784  211065  38051  20  10  4  9961  285  0  0  0  0  0  12  2  0  8  244  0  0  0  0  0  0  3  36  0  0  1  10  785  1  0  2  0  0  0  0  23  17  16  0  0  0  0  0  2  0  104  0  61  36  16  0  28  170  6  0  0  0  2  5  8  1  0  0  0  0  1  0  20  5  0  197  5  0  0  1  2  0  5  6  
0  5  0  0  0  0  0  0  0  0  0  0  0  0  0  0  0  0  0  0  344446  1  889  58  0  0  0  0  0  0  0  0  0  2237  15  0  292887  1669  0  0  0  0  355933  0  0  0  0  29  0  0  1  0  0  0  0  0  0  0  324  144896  193439  0  0  2  0  0  0  0  0  0  0  18486  1932  0  0  0  0  0  0  0  0  0  0  0  0  0  0  0  0  0  0  0  0  0  0  0  0  0  0  0  0  0  0  0  0  0  0  0  0  0  0  0  0  0  0  0  0  0  0  0  0  0  0  0  0  0  0  0  0  0  0  0  0  0  0  0  0  0  0  0  0  0  0  0  0  0  0  0  
0  255785  0  0  0  0  0  0  0  0  0  0  0  0  0  0  0  0  12289  0  66998  211003  1  0  789  0  0  0  0  0  0  0  0  0  0  0  0  0  0  0  1  19948  0  18217  1  0  0  1  0  0  0  0  0  0  0  27  17453  3170  1352  0  195175  0  0  0  0  0  0  0  0  0  0  10  6927  0  0  0  0  0  0  0  0  0  0  2  0  0  0  0  0  0  0  0  0  0  2  30  2  0  0  0  0  0  0  0  1  0  0  0  0  0  0  0  0  0  0  6  0  0  0  0  1  0  0  0  7  0  0  0  0  0  0  0  0  0  4  0  1  0  0  0  0  0  0  0  0  0  0  0  
293331  0  0  7  71985  78882  19012  3  62  93  0  233125  24  289633  1297242  11113  2946  12070  1  0  1  1  7410  1420  2  334  3  8  15236  13  75  1698  3  1  8  0  0  0  726  350  9723  0  346  8  2288  0  47539  6308  202123  0  0  0  291172  152980  0  333  0  0  0  0  10  74991  38995  4259  49  51998  2237  406263  12646  127  94  0  463  17  4  0  0  0  29  45  45  4  17  13  0  0  0  0  18  16  0  10  0  0  0  1  42  1  0  0  0  0  1  0  2  8  0  0  0  0  0  0  1  0  15  0  7  2  15  0  18  14  1  0  0  13  23  123  3  0  0  0  0  0  0  0  1  2  0  245  8  5  4  0  1  0  0  0  
131913  0  0  0  360468  151788  6120  0  3  15  0  19  0  8  1041612  27520  432  2557  0  0  0  1  1188  26  0  20  0  0  24  6  8  235  0  0  3  1  0  0  0  0  1981  0  66  1  364  0  111  585  17998  0  0  445993  0  246853  0  6  0  0  0  0  1  2  3146  1645  2  9368  63  2832  738  41  1  0  51  1  0  0  0  0  1  6  1  0  1  3  0  0  0  0  0  0  0  2  0  0  0  0  2  0  0  0  0  0  0  0  1  2  1  0  0  0  0  0  0  0  4  0  3  1  1  0  1  4  1  0  0  0  0  2  0  0  0  0  0  0  0  0  0  0  0  18  2  1  0  0  0  0  0  0  
403  0  0  0  2022  125759  176171  142324  4271  9  0  0  0  2  561069  872386  132  1591  0  0  0  0  675  4  0  80  1973  6  9433  67  0  13  0  0  2  0  0  0  0  0  162  0  53  2  5540  1710  62  228  4040  0  0  190782  179588  0  0  3748  0  0  0  0  0  0  205  16  337  159936  12921  8852  216624  0  7567  0  17  2  5  0  0  0  48  75  847  50  253  1  0  0  0  0  25  51  0  30  0  0  0  0  5  2  0  0  0  0  38  0  0  0  0  0  0  0  0  0  2  0  63  0  2  0  367  1  18  11  8  0  0  21  69  895  18  13  0  0  0  0  0  0  0  0  0  3811  43  35  17  0  26  0  0  0  
1  0  0  0  0  1  0  2  4  1  0  0  0  0  0  0  5  10  24  0  0  0  15  0  276730  374882  6  10  1  76  0  0  0  431  0  5907  0  0  0  0  23078  0  3  67  189  2  0  8  49  0  0  1  0  1  0  122836  2  81  0  0  0  0  0  0  9277  17  69  248  1  0  56  0  144354  0  0  0  0  0  0  0  0  0  0  0  0  0  0  0  0  0  0  0  0  0  0  0  0  0  0  0  0  0  0  0  0  0  0  0  0  0  0  0  0  0  0  0  0  0  0  0  0  0  0  0  0  0  0  0  0  0  0  0  0  0  0  0  0  0  0  0  0  0  0  0  0  0  0  0  
10  43  16891  0  3  22  10676  238  49202  73  357  1  0  0  144  891  108  1662  366  38341  0  4  679  6  451783  144706  1846692  322  2469  289353  2  23  0  0  2  108  0  0  0  0  3754  45  234  21904  19777  21856  7  240  2080  0  54  215  17  2125  71064  0  467  250887  1  0  8  0  105  2  803489  60889  417258  2548  2901  0  243384  0  21634  0  0  0  0  0  0  0  2  0  6  3  0  0  0  0  0  0  0  0  0  0  0  0  1  0  0  0  0  0  0  0  0  0  0  0  0  0  0  0  0  0  1  0  0  0  1  0  0  1  0  0  0  0  0  1  0  0  0  0  0  0  0  0  0  2  0  11  0  0  0  0  0  0  0  0  
0  107876  0  0  0  0  0  0  0  0  0  0  0  0  0  0  0  1  831951  259  22  5224  0  0  3398  108  0  0  0  0  0  0  0  7  0  0  0  46  0  0  0  332179  0  136272  0  0  0  1  0  0  153237  0  0  0  2  129  0  206194  629  0  3126  0  0  0  24  0  0  0  0  0  0  0  48212  0  0  0  0  0  0  0  0  0  0  0  0  0  0  0  0  0  0  0  0  0  0  0  0  0  0  0  0  0  0  0  0  0  0  0  0  0  0  0  0  0  0  0  0  0  0  0  0  0  0  0  0  0  0  0  0  0  0  0  0  0  0  0  0  0  0  0  0  0  0  0  0  0  0  0  
3  33124  0  0  2  1  14  32  50  36  3491  0  0  0  10  0  69  2071  615903  310285  2  11715  473  0  350732  130  2412  56  81  62  1  20  0  0  0  2  0  0  0  0  1039  127228  99  491027  3433  37  61  254  579  0  34686  29  5  9  54  208533  278290  0  41  0  1964  0  155  1  105387  311  589  138  23  1  128  0  38743  0  0  0  0  0  0  0  0  0  0  0  0  0  0  0  0  0  0  0  0  0  0  0  1  0  0  0  0  0  0  0  0  1  0  0  0  0  0  0  1  0  0  0  0  0  0  0  0  0  0  0  0  0  0  0  0  0  0  0  0  0  0  0  1  0  0  1  0  0  0  0  0  0  0  0  
0  236986  0  0  0  1  0  0  0  0  0  0  0  0  0  0  23  27  406377  0  198762  219  133  0  12  129  0  0  0  0  0  0  1  5  0  0  1103  34554  0  0  1  3  35  15692  0  0  0  1750  1  222  7268  0  0  0  8  0  71963  1785  0  48751  149509  0  4  0  0  0  0  0  0  0  0  257510  150646  0  0  0  0  0  0  0  0  0  0  0  0  0  0  0  0  0  0  0  0  0  0  0  0  0  0  0  0  0  0  0  0  0  0  0  0  0  0  0  0  0  0  0  0  0  0  0  0  0  0  0  0  0  0  0  0  0  0  0  0  0  0  0  0  0  0  0  0  0  0  0  0  0  0  0  
0  37875  0  0  0  0  0  0  0  0  0  0  0  0  0  0  0  1  2  0  729866  17  109  0  0  0  0  0  0  0  0  2  0  9344  23  0  390702  6664  0  0  3  0  70876  0  0  0  0  126  0  171620  18  0  0  0  0  0  0  0  44050  0  48280  0  2  0  0  0  0  0  0  0  0  198393  3889  0  0  0  0  0  0  0  0  0  0  4  0  0  0  0  0  0  0  0  0  0  0  3  6  0  0  0  0  0  0  0  4  3  0  0  0  0  0  0  0  0  0  1  0  1  0  0  0  3  0  0  2  0  0  0  0  0  0  0  0  0  0  0  1  0  0  0  0  0  0  0  0  0  0  0  
0  96473  0  0  0  3  0  0  0  161  0  0  0  0  0  0  33  151  7288  1  629014  684539  665594  182  139  7  0  0  0  1  8  20  1  247  38  3  2103  23230  0  0  461  125  129934  72073  2  0  1  2930  14  147813  172346  1  0  0  0  6  3252  470  110699  13089  0  0  73  11  0  5  2  0  1  0  0  202961  398412  0  0  0  0  0  0  4  0  0  0  74  0  0  0  1  0  0  2  5  0  0  53  53  362  8  0  1  0  0  0  0  270  81  7  0  0  0  0  0  3  0  41  9  26  60  0  0  10  41  2  0  27  2  0  0  0  0  0  0  0  1  26  0  199  9  0  3  0  0  0  0  0  0  1  2  
65757  0  0  2  75  3  0  0  0  0  0  83  7538  302834  131209  0  1  7  0  0  0  0  11  363243  0  1  0  0  3  0  3  35  0  0  0  0  0  0  36964  43  1  0  0  0  11  0  2438  0  225  0  0  87088  45  0  0  0  0  0  0  0  0  0  1102  64449  0  1  0  54  18  0  0  0  0  0  0  0  0  0  0  0  0  0  0  0  0  0  0  0  0  0  0  0  0  0  0  0  0  0  0  0  0  0  0  0  0  0  0  0  0  0  0  0  0  0  0  0  0  0  0  0  0  0  0  0  0  0  0  0  0  0  0  0  0  0  0  0  0  0  0  0  0  0  0  0  0  0  0  0  
65126  1  0  0  6146  77416  98  0  0  112  0  25  0  266  455  57  3244  192531  1  0  46  19  41305  653395  0  21  0  0  11  1  512860  420706  13  2  5  2  0  0  356  6  2401  0  328  13  91  0  78585  12909  3730  0  0  27199  1360  107  0  11  1  0  3  0  45  89  0  186989  23  209  41  256  211  141156  0  0  1736  14  0  0  0  0  0  25  0  0  0  19  0  0  0  0  0  1  2  6  0  0  4  8  150  50  0  0  0  0  0  0  352  62  5  0  0  0  0  0  3  0  27  0  30  5  0  0  8  68  4  0  0  0  0  0  0  0  0  1  0  0  1  0  19  3  0  44  0  0  0  49  0  0  0  7  
130115  0  0  7  5013  7628  33  0  0  13  0  611  9424  107792  334  74  149  1339  0  0  2  2  1585  842073  0  4  0  0  2  0  733  5910  0  66  70  0  0  6  174028  402  243  0  1393  1  26  0  97552  193  12927  0  0  7932  474  32  0  1  0  0  0  0  25  55039  357204  0  1  76  3  141  72  7437  0  0  91  0  0  0  0  0  0  2  0  0  0  0  0  0  0  0  0  0  0  1  0  0  0  0  6  0  0  0  0  0  0  0  0  1  0  0  0  0  0  0  0  0  0  0  3  1  0  0  4  1  0  0  0  0  0  1  0  0  0  0  0  0  0  0  1  0  0  10  0  0  0  0  0  0  0  0  
16  10  0  0  18  39  341  43  5169  982  490323  1  0  1  66  9  885  5879  11444  309103  0  10281  1977  6  2946  2775  217997  115  312  382084  5  63  0  0  2  68  0  0  0  0  16173  62  326  329646  8574  289  174  1002  4795  0  21  342  50  172  1043  556175  521  107040  0  0  8  0  365  2  0  3847  33943  2646  653  0  18826  0  51079  1  0  0  1  0  0  1  0  0  5  5  3  0  0  0  0  0  0  1  0  0  0  1  6  0  0  0  0  0  0  32318  0  0  0  0  0  0  0  0  0  0  2  0  0  1  0  0  0  1  0  0  0  0  0  0  0  0  0  0  0  0  0  0  0  0  15  12  0  0  0  0  857  0  0  0  
795  0  0  0  758  290846  316459  139267  757049  330327  1  0  0  1  17230  2303  270  16741  3  0  3  3807  2821  8  1  105  3524  34  3614  42844  83  71802  1  0  2  2  0  0  1  0  2104  0  355  626  20489  1996  901  1103  4574  0  0  47363  15086  45786  0  2572  1  2  0  0  8  1  1147  16  9638  0  3366  4577  12706  44  99807  0  887  6  434  0  0  27  1369  36740  14289  1358  22609  24450  10  21  0  16  599  822  14  552  0  0  0  5  276  212  15  28  0  0  99  8  44  1113  9  0  0  3  0  0  156  0  1864  0  170  9  1006  4  887  259  189  0  0  855  1540  7890  127  52  0  2  0  0  27  1  25  256  6  267148  515  492  140  21  515  0  14  7  
80  0  1223  29  66  142  1090  122  62011  1218  1  0  0  1  249  155  954  28701  235  1  5  4  7730  30  1455  615944  519634  610262  3038  5779  32  601  15  0  29  217  0  0  0  0  41188  1  6124  982  262340  75039  397  6488  29172  0  1  737  79  2964  30  444647  7  474  3  1  15  0  2360  20  54336  68003  0  7772  3384  2  106853  2  5958  7  0  0  0  0  0  1  2  0  0  59  0  0  0  0  0  1  0  3  0  0  0  0  82  2  0  0  0  0  0  0  0  4  1  0  0  0  0  0  1  0  13  0  9  12  0  0  1  14  1  0  0  0  1  1  0  0  0  0  0  0  0  0  1  1  0  41  0  0  1  1  0  0  1  0  
15207  0  0  24105  8257  2608  420  0  3  77  0  240031  1  5239  133148  870  1190  5844  0  0  0  1  4330  106  31  60544  0  15  796415  7  4  90  2  1  6  287  0  0  69  804  53688  0  231  10  326299  0  3270  1626  200415  0  0  547571  2551  3717  39  1675  0  10  0  0  0  1336  1955  266  557  1639  10122  0  239209  4  6  0  145  3  0  0  0  1  3  7  5  0  5  4  0  0  0  0  2  0  0  4  0  0  0  0  7  0  0  0  0  0  0  0  0  1  0  0  0  0  0  0  1  0  7  0  2  1  12  0  1  2  0  0  0  0  4  22  2  1  0  0  0  0  0  0  0  0  0  57  3  1  0  0  1  0  0  0  
38  0  0  0  45  594  5559  90196  1943  18  0  0  0  0  198984  310368  204  1837  0  0  0  0  845  1  0  1792  416  8  836112  33  1  11  0  0  0  17  0  0  0  0  590  0  70  1  205012  2068  57  392  7771  0  0  12255  656  251873  3  925  0  1  0  0  0  0  129  2  191  61198  25154  146131  0  0  2030  0  27  2  0  0  0  0  2  5  92  3  122  1  0  0  0  0  1  1  0  2  0  0  0  0  1  0  0  0  0  0  1  0  0  0  0  0  0  0  0  0  0  0  2  0  1  0  12  0  0  1  0  0  0  4  4  36  0  0  0  0  0  0  0  0  0  1  0  459  2  1  1  0  2  0  0  0  
145100  0  0  0  43571  295184  2  0  0  6  0  2  0  0  30  74928  2  148  0  0  0  0  63  24560  0  1  0  0  0  0  382856  149326  0  0  0  0  0  0  0  0  117  0  7  0  2  0  68  66  201  0  0  480  92  3  0  0  0  0  0  0  2  0  192779  32527  0  24  0  24  12  0  0  0  69  0  5  0  0  0  0  12256  0  0  0  0  0  0  0  0  0  11  0  2  0  0  0  1  7  22  0  0  0  0  0  0  28450  181  0  0  0  0  0  0  4  0  3  0  3  1  0  0  7  6  1  0  0  0  0  0  0  0  0  0  0  0  0  0  15  5  0  581  0  0  0  33716  0  0  1  1  
0  0  4823  0  0  8  10855  637  220518  1  4  0  0  0  54  9  21  181  8  0  0  72  82  0  2  24  153777  87  400  789688  0  0  0  0  0  1  0  0  0  0  139  0  14  31  11496  69631  3  97  303  0  0  32  4  665  12  214173  2  22  0  0  0  0  3  0  50766  29651  20555  391  1295  0  0  0  66  0  0  0  11  0  0  0  11  7  3346  11  1  0  0  0  0  0  0  0  0  0  0  0  0  0  0  0  0  0  0  828  0  0  0  0  0  0  0  0  0  0  0  0  0  0  0  36  0  0  0  0  0  0  0  0  0  0  0  0  0  0  0  0  0  0  0  9  0  0  0  0  2173  0  0  0  
0  82526  0  0  0  0  0  0  0  0  0  0  0  0  0  0  0  0  578  0  134290  0  3277  0  0  0  0  0  0  0  0  0  0  20808  72  0  928709  1042364  0  0  0  0  151945  1  0  0  0  1971  0  18405  115  0  0  0  0  0  2  0  299677  132780  120467  0  0  0  0  0  0  0  0  0  0  0  159350  0  0  0  0  0  0  0  0  0  0  0  0  0  0  0  0  0  0  0  0  0  0  0  0  0  0  0  0  0  0  0  0  0  0  0  0  0  0  0  0  0  0  0  0  0  0  0  0  0  0  0  0  0  0  0  0  0  0  0  0  0  0  0  0  0  0  0  0  0  0  0  0  0  0  0  
62  3394  0  0  75  152  30  77  129  192  7  0  10  2  88  6  4060  31568  524398  56  32802  2990  55969  103  974902  159015  766  182  139  663  54  606  76239  716455  246898  43858  10541  1035887  0  0  163394  144  117365  88864  7220  129  261  724478  22417  21943  4288  728  65  51  147833  23436  68787  36288  158597  6660  315633  1  2017  27  99438  1006  1993  1279  176  7  770  183417  0  10020  0  0  0  0  0  1  0  0  0  145  0  0  0  0  0  0  2  9  0  0  1  6  455  2  1  0  0  0  0  0  32  14  10  0  0  0  0  0  0  0  62  0  68  32  0  0  2  138  3  0  0  0  0  1  0  0  0  1  0  0  1  0  25  2  0  12  2  0  0  0  0  0  1  8  
5  0  0  4798  2  6  0  0  0  8  0  45  0  0  0  0  57  2128  0  0  3  1  404  6  0  821  0  0  0  0  1  11  152355  74412  23  184489  0  0  0  0  65418  0  236  3  1  0  2  11668  95  0  0  7  0  0  0  0  0  0  0  0  2  0  59  3  0  2  2  1  1  0  0  0  16457  0  0  0  0  0  0  0  0  0  0  7  0  0  0  0  0  0  2  1  0  0  0  2  57  1  0  0  0  0  0  0  9  1  1  0  1  0  0  0  0  0  12  0  8  1  0  0  0  27  1  0  0  0  0  0  0  0  0  0  0  0  0  0  8  0  0  1  0  0  0  0  0  0  1  0  
0  0  0  0  4  9  1  0  0  3  0  0  0  0  2  432  0  4  0  0  0  0  1  14  0  0  0  0  0  0  673  2  0  0  0  0  0  0  0  0  2  0  0  0  0  0  6  0  0  0  0  4  0  5  0  0  0  0  0  0  0  0  6  0  0  22  0  0  0  70  0  0  0  0  0  0  0  1  229332  98165  18  2  48  1  0  2  3  882  127544  41120  0  135  0  0  0  5  88  398424  5  13  0  0  15  1  33064  135  1  0  0  1  0  0  15611  2  1702  0  11  1  412  3  672  92  6963  0  0  6354  222683  3693  12  22  0  0  0  0  4  166075  29  6609  0  1324  462  113  103  185620  14  0  1  2  
0  0  0  0  0  0  0  0  0  0  0  0  0  0  0  0  0  0  0  0  0  0  0  0  0  0  0  0  0  0  0  0  0  0  0  0  0  0  0  0  0  0  0  0  0  0  0  0  0  0  0  0  0  0  0  0  0  0  0  0  0  0  0  0  0  0  0  0  0  0  0  0  0  0  0  0  0  0  0  0  0  0  0  0  0  0  0  0  0  0  0  0  171172  0  369539  464  0  0  0  0  0  0  0  0  0  0  0  0  0  0  28680  21397  0  0  0  119125  1  2  0  0  0  0  0  0  256673  0  0  0  0  0  5248  3  141381  142332  34172  0  1  0  0  0  0  0  0  0  0  24473  13  0  
0  0  7631  0  0  0  2  147  37  0  3  0  0  0  0  2231  0  0  0  0  0  0  0  0  0  0  22  0  0  1121  0  0  0  0  0  0  0  0  0  0  0  0  0  0  0  235  0  0  0  0  0  0  0  0  0  0  0  0  0  0  0  0  0  0  1  1  0  0  0  0  15  0  0  0  0  0  0  0  0  0  16  78893  3892  0  1  0  0  0  1  296179  0  1  0  1  0  0  0  0  0  0  238994  163325  351907  217239  0  0  0  0  0  0  0  0  0  0  1  0  0  0  451742  435767  0  0  0  0  0  0  0  47  0  346  0  0  0  0  0  0  0  0  0  12  34788  0  37  0  628  0  0  0  
0  0  0  0  0  0  7  0  1  0  0  0  0  0  1  0  0  0  0  0  0  0  0  0  0  0  0  0  0  0  0  1  0  0  0  0  0  0  0  0  0  0  0  0  0  0  0  0  0  0  0  1  0  19  0  0  0  0  0  0  0  0  0  0  0  12  0  1  1  0  0  0  0  0  20  0  0  0  27  73  158  157  65  0  0  211761  0  37  154  28  40323  9464  0  0  0  0  167  19  853  327809  0  110264  147891  0  1  5  25492  6521  26527  1076  0  0  270  7  131475  0  20  2  292018  2  5883  9533  469421  0  0  4720  264  483  126  83  0  17  0  0  2  0  3  19  10  1456  3890  199830  824  0  9  0  182  78  
0  0  0  0  0  2  3  0  0  1  0  0  0  0  1  122  0  0  0  0  0  0  0  0  0  0  0  0  0  0  1  1  0  0  0  0  0  0  0  0  0  0  0  0  0  0  1  0  0  0  0  1  0  4  0  0  0  0  0  0  0  0  0  0  0  32  0  0  0  1  0  0  0  0  205753  0  0  2  0  474295  2272  66  22  0  0  1  0  23  175484  587416  0  87  0  0  0  0  21  5142  2  19  1  0  25  0  1  14  0  0  0  0  0  0  201  1  816  0  2  0  297  112  103  30  396  0  0  177  173089  23369  33  14  0  1  0  0  0  13  3  201  0  542  437  36  32  53040  22  0  1  0  
42  0  0  0  21  43923  252  0  2  20  0  0  0  0  67  7036  4  957  0  0  9  8  81  13  0  0  0  0  1  0  210  2151  0  0  0  0  0  0  0  0  26  0  2  1  5  0  762  26  398  0  0  120  79  118  0  0  0  0  0  0  7  0  65  3  1  25046  3  10  19  14497  0  0  9  0  172023  0  1  43  480839  0  239212  1252  3683  17  0  23  19  467  35966  693334  72  3313  0  0  21  321  6032  253088  67  117  41  1  1144  1  43307  158822  82  0  2  7  0  0  3844  4  14326  0  902  30  3501  1400  19441  2623  1518  0  0  5498  116747  366627  265  526  0  9  9  0  424  33  268479  68565  1  556407  4210  825  550  519381  741  1  130  197  
1  0  0  0  1  559  7512  2042  1551  0  0  0  0  0  293  426  1  5  0  0  0  0  3  0  0  0  0  0  11  69  0  0  0  0  0  0  0  0  0  0  1  0  0  0  9  26  2  3  20  0  0  58  20  826  0  0  0  0  0  0  0  0  0  0  0  6370  6  27  33  0  8  0  0  0  43  0  18  52  6675  283298  0  330820  22696  99  0  23  0  10  1773  621190  2  391  0  0  0  0  34  33  15  36  130  6  1832  1  0  4  1  0  0  8  0  0  101  3  1024  0  10  1  1954  23696  349  101  535  0  0  6232  4485  262331  336  591  0  0  0  0  0  1  0  57  1  257804  1113  1441  329  0  2453  0  0  0  
0  0  162  0  0  5  648  5267  4787  0  0  0  0  0  64  3582  0  0  0  0  0  1  0  0  0  0  0  0  2  399  0  0  0  0  0  0  0  0  0  0  0  0  0  0  2  563  1  0  4  0  0  15  5  237  0  0  0  0  0  0  0  0  0  0  0  2487  0  7  13  0  52  0  0  0  20  0  10619  17  260  10425  313691  0  171716  10  0  2  0  0  1271  418730  520  730  0  0  0  0  116  10  5  16  1084  1  239048  115  0  3  1  0  0  5  0  0  8  0  622  0  28  0  36322  211229  248  491  1126  0  0  515  330  254818  220  693  0  1  0  0  0  0  0  5  0  204106  5262  2064  27721  0  3588  0  0  0  
0  0  806  0  0  3  25  344  27670  258  9  0  0  0  13  86  0  8  0  0  0  902  1  0  0  0  0  0  0  4273  0  1  0  0  0  0  0  0  0  0  4  0  1  46  0  549  0  2  0  0  0  7  1  35  0  0  0  0  0  0  2  0  0  0  4  8343  0  2  8  0  1280  0  3  0  8  0  1381  2  42  3235  45892  64032  0  137535  33  0  0  0  15  223  18  90  1  0  0  24  37  9  2048  36  449  0  109  30152  1  9  7  0  0  163  0  0  10  0  431  0  42  103  3005  99639  35  144  27  0  0  99  62  839  738  11921  0  167  0  0  1  0  3  20  418  383271  4674  238  123  0  276587  0  36  1  
1  1  0  0  1  6  0  0  923  10628  4  0  0  0  2  0  16  1447  0  0  94  1126  676  0  0  12  0  0  2  658  4  24  5  0  1  0  0  0  0  0  1126  0  123  112  3  0  6  660  176  0  0  15  0  0  0  10  0  0  1  0  56  0  58  2  6  33314  48  2  7  1  16  1  566  12  2  0  0  0  2  87  699  3  152538  0  8758  1  1  0  3  2  329  12313  0  0  17  1111  68242  424  932  1116  0  0  0  111976  190  103  219  0  5  1567  0  0  8  0  34926  1  7817  229932  124  3  373  2807  396  0  1  13  20  9  2143  1802  1  220  2  0  67  0  203  14  35006  209016  1038  10  4  0  33732  0  62  16  
0  0  0  0  0  0  0  0  3  2  8193  0  0  0  0  0  0  0  0  733  0  3317  0  0  0  0  4258  0  0  321  0  0  0  0  0  0  0  0  0  0  0  206  0  1347  0  0  0  0  0  0  0  0  0  0  0  0  0  0  0  0  0  0  0  0  7  6  0  0  0  0  0  0  0  0  3  0  0  0  1  1  0  0  49  5837  0  0  0  0  0  0  0  7  12  769738  0  83126  1  1  421  0  3773  0  0  6560  0  0  0  0  0  1  0  0  0  0  43  194179  1  298787  0  0  2  44  1  0  0  0  2  0  0  830  0  17641  0  0  0  0  0  1  328112  2  0  0  0  0  132  0  31  0  
0  0  0  0  0  0  0  0  0  0  0  0  0  0  0  0  0  0  0  0  0  0  0  0  0  0  0  0  0  0  0  0  0  0  0  0  0  0  0  0  0  0  0  0  0  0  0  0  0  0  0  0  0  0  0  0  0  0  0  0  0  0  0  0  0  0  0  0  0  0  0  0  0  0  0  0  0  337701  6  10  16  0  2  0  0  0  10  124167  25  1  16  15249  0  0  0  0  4  350  0  7  0  10  3058  0  0  0  23  34  277  0  0  0  1833  99817  46  0  3  0  96  0  4277  29  386624  0  0  201909  17  13  4  0  0  0  0  0  0  0  11  2  0  85  23  152912  22  0  0  0  0  0  
0  0  0  0  0  1  0  0  0  0  0  0  0  0  0  0  0  10  0  0  0  0  1  0  0  0  0  0  0  0  0  2  0  0  0  0  0  0  0  0  2  0  0  0  0  0  4  0  3  0  0  0  0  0  0  0  0  0  0  0  0  0  2  0  0  0  0  0  0  0  0  0  0  0  100  0  0  3  9  1183  0  0  0  0  0  125  0  46902  1  0  1  58  0  0  0  0  55  214812  0  0  0  0  0  0  82  146  0  2  4  0  0  0  138146  3  23  0  12  0  4  0  77216  12  870  0  0  100  8  0  0  0  0  0  0  0  3  135407  1385  61364  0  20  1  0  1  13  0  0  1  4  
0  0  0  0  0  1  0  0  0  1  0  0  0  0  0  0  0  4  0  0  0  1  1  0  0  0  0  0  0  0  0  1  0  0  0  0  0  0  0  0  0  0  0  0  0  0  1  0  2  0  0  0  0  0  0  0  0  0  0  0  0  0  0  0  0  3  0  0  0  0  0  0  0  0  374  0  0  550  80  182  4  1  1  1  0  100808  70389  0  2893  0  1  603  0  0  0  6  229  79433  3  1  0  0  1  0  35  202  1  3  0  0  0  0  205523  122724  468  0  18  1  56  0  840  59  194998  0  0  522624  407  13  4  3  0  1  0  0  15  203872  36  379  0  364  64  14  5  0  2  0  7  2  
0  0  0  0  0  0  2  0  0  1  0  0  0  0  2  0  0  1  0  0  0  0  0  0  0  0  0  0  0  0  0  0  0  0  0  0  0  0  0  0  1  0  0  0  0  0  1  0  0  0  0  2  0  7  0  0  0  0  0  0  0  0  0  0  0  23  0  0  0  0  0  0  0  0  99920  0  0  105  196949  14928  235  197  57  1  0  40  22  1544  0  74744  2  154  0  0  0  0  29  126951  3  14  0  2  152265  0  1  9  1  0  0  1  0  0  142  0  1190  0  11  0  11435  16  143  104  313  0  0  1311373  1383683  629303  95  30  0  1  0  0  0  119147  0  124  0  1200  800  467905  278790  1  38  0  0  0  
0  0  739  0  0  247  1760  2596  243  0  0  0  0  0  7  40648  0  1  0  0  0  0  1  0  0  0  0  0  5  4  3  0  0  0  0  0  0  0  0  0  0  0  0  0  0  227  0  0  1  0  0  2  1  39  0  0  0  0  0  0  0  0  0  0  0  275  0  0  3  4  1  0  0  0  41257  0  331936  5  599057  894598  630348  445274  305  3  0  1  0  0  112370  0  1  43  0  0  0  0  8  1015  0  3  20  0  197632  64  6  2  0  0  0  1  0  0  9  0  93  0  1  0  10614  44065  43  9  13  0  0  1116  4703  1052486  58  95  0  0  0  0  0  0  0  17  0  572  288  76  131139  119616  169  0  0  0  
0  0  0  0  0  0  1  0  0  12  0  0  0  0  1  0  0  19  0  0  0  0  0  0  0  0  0  0  0  0  0  3  0  0  0  0  0  0  0  0  12  0  2  0  0  0  0  4  1  0  0  0  0  2  0  0  0  0  0  0  0  0  2  0  0  3  0  0  0  0  0  0  7  0  2  0  0  24452  1  13  50  852  465  52  0  343  19  4  69  1  0  587276  0  0  0  0  72810  2314  119  10320  0  0  630  4  21  60  9701  17  89280  153  8  125  9  1  140179  0  46959  2  12092  20  1201  332624  86155  87  0  48  13  196  20  21  0  14  17  146  166  0  35  6  10  1686  1216  395  2982  0  52  430  2135  2329  
0  0  0  0  0  9  6  0  0  10  0  0  0  0  6  0  0  14  0  0  0  0  0  0  0  0  0  0  1  0  1  8  0  0  0  0  0  0  0  0  11  0  1  0  0  0  6  4  6  0  0  3  2  21  0  0  0  0  0  0  1  0  4  0  0  16  1  2  2  0  0  0  9  0  46  0  0  14991  31  86  56  216  75  83  0  32424  104  1251  107  5  390319  0  0  0  0  15  119281  114640  232  227  0  0  113  7  4112  817  1283  18  24583  73  3  198  801  833  44072  0  58795  6  2568  2  150966  38021  270327  77  0  332  264  261  188  78  1  24  15  157  314  3  15472  151  10  1716  3040  1255  1231  0  25  360  2714  701  
0  0  0  0  0  0  0  0  0  0  0  0  0  0  0  0  0  0  0  0  0  0  0  0  0  0  0  0  0  0  0  0  0  0  0  0  0  0  0  0  0  0  0  0  0  0  0  0  0  0  0  0  0  0  0  0  0  0  0  0  0  0  0  0  0  0  0  0  0  0  0  0  0  0  0  194634  0  0  0  0  0  0  3  13  7  0  0  0  0  0  2  17  0  153961  1040  3906  7  0  182099  5  5  0  0  18  0  0  1  0  0  7  11  123  0  0  87  428788  3  15613  0  0  0  94  8  0  152249  0  1  1  0  5687  826181  606753  262641  2  16136  0  0  0  258  3  6  1  0  0  40  17  222870  1  
0  0  0  0  0  0  0  0  0  0  2368  0  0  0  0  0  0  0  0  216  0  234  0  0  0  0  5876  0  0  142  0  0  0  0  0  0  0  0  0  0  0  41  0  278  0  0  0  0  0  0  0  0  0  0  0  1  0  0  0  0  0  0  0  0  12  0  0  0  0  0  0  0  0  0  0  0  1  0  0  0  0  0  0  0  647752  0  0  0  0  0  0  0  189595  0  0  57212  0  0  952  0  86823  0  0  153131  0  0  0  0  0  0  0  0  0  0  9  346558  0  152274  0  0  0  5  1  0  24  0  0  0  0  176536  55435  565665  16  0  179  0  0  0  325210  0  0  0  0  0  139  0  16  0  
0  0  0  0  0  0  0  0  0  2  0  0  0  0  0  0  0  12  0  0  73  88  14  0  0  0  0  0  0  0  0  1  1  0  0  0  0  0  0  0  19  0  1  0  0  0  0  11  3  0  0  0  0  0  0  1  0  0  0  0  38  0  1  0  0  1  1  0  0  0  0  0  15  0  0  311458  0  0  0  9  0  0  0  22  0  0  0  0  0  0  2  7  3757  0  0  4428  130094  19  0  0  0  0  0  0  119  128  1  0  1  0  38832  30804  11  0  10  17891  4131  32  0  0  27  10  1  112515  107098  1  0  0  0  0  4407  2  26696  735572  742345  0  144  19  0  19  0  0  0  0  0  84  22582  1  
3  8  0  0  0  1  0  0  0  123  8  0  0  0  2  0  8  387  0  0  173  2055  134  1  0  1  13  0  0  4  3  7  2  0  0  0  0  0  0  0  452  5  32  65  3  0  5  264  34  0  6  1  0  2  0  3  0  0  0  0  68  0  30  0  0  67  8  1  0  0  0  0  195  5  11  213  0  0  0  136  0  1  24  3398  56542  0  0  12  0  0  35  131  5185  36124  8816  0  87877  175  166  31  0  0  0  9  932  941  22  2  5  5  0  11  140  0  1005  443573  236  636458  1  0  576  188  38  0  271746  22  3  1  1  29  10532  33476  8535  0  650898  1  1035  263  17068  363  31  0  1  0  11  50  4563  10  
5  0  0  0  6  20  0  0  0  759  0  0  0  0  2  0  37  3097  0  0  204  238  940  11  0  17  0  0  4  1  15  86  7  0  3  2  0  0  0  0  3551  0  222  112  9  0  23  1780  365  0  0  19  4  3  0  16  0  1  1  0  112  0  198  4  13  242  84  7  11  5  0  0  1613  38  40  0  0  0  6  1036  1  1  25  69154  6  20  9  54  1  0  28387  340644  109  0  138058  77781  0  78605  24  72  0  0  1  59  26194  15203  336  211  18529  342  5076  654  795  0  36241  4  353643  58535  25  0  32953  8168  708  152905  5  105  19  7  24  13  133  193  1692  6166  701560  7  73289  1668  442  4849  97  12  24  4  9  518  42784  3159  
6  0  0  0  2  14  0  0  0  7  0  0  0  0  0  44  1  131  0  0  5  7  14  80  0  0  0  0  0  0  2014  27  0  0  0  0  0  0  0  0  12  0  0  1  1  0  114  7  57  0  0  9  3  0  0  0  0  0  0  0  1  0  48  0  0  12  2  1  1  141  0  0  5  0  343070  0  0  24  1634  234016  1  6  3  30  0  1083  265489  37248  146092  101  202  165953  0  0  3  77  79922  0  8  49  0  0  4  0  158288  14453  153  79  546  29  0  113  67187  4  1689  0  12856  5  162  3  515201  6196  5160  9  0  16995  1136  186  58  12  0  8  28  5  1729  361418  536333  932980  1  2702  241  64  82  363484  0  57  132  95  
0  0  0  0  0  1  0  0  0  4  0  0  0  0  0  0  0  2  0  0  0  0  0  0  0  0  0  0  0  0  0  1  0  0  0  0  0  0  0  0  0  0  0  0  0  0  0  1  0  0  0  12  5  1  0  0  0  0  0  0  0  0  0  0  0  21  0  0  2  1  0  0  0  0  36  0  0  19  58  109  10  13  3363  1815  310  9  0  4  38  5  6681  8708  172285  1304  0  362  3140  50  0  402856  2915  0  14  4116  5  28  90  80499  7  66605  0  2713  10  0  34802  81  1119  5716  315  0  844  28892  37869  0  1  152  369  140  76128  714987  86  195276  644  0  2424  0  7  11  10376  207  1575  244  122  0  41887  1  891609  43  
0  0  0  0  0  0  1  0  0  0  0  0  0  0  5  0  0  1  0  0  0  0  1  0  0  0  0  0  0  0  0  0  0  0  0  0  0  0  0  0  3  0  0  0  0  0  1  1  0  0  0  2  0  5  0  0  0  0  0  0  0  0  0  0  0  5  0  1  0  0  0  0  1  0  14  0  0  521325  5  35  20  32  258  238  3  49  0  2  1578  4  30476  4233  41  0  0  10  2016  125  357599  0  324  32162  1316  420  5  14  36653  16302  768  318348  0  9  5  0  773627  0  5117  351  47566  0  429  15391  20090  0  0  358  65  749  296203  64297  66  491  38  0  5382  0  7  4  456  295  794353  8929  8799  0  1180  7  32410  2466  
0  0  0  0  0  0  0  0  0  0  135  0  0  0  1  0  0  0  0  75  0  3  0  0  0  0  325  0  0  253  0  0  0  0  0  0  0  0  0  0  0  2  0  6  0  0  0  0  0  0  0  0  0  1  0  0  0  0  0  0  0  0  0  0  0  2  0  0  1  0  0  0  0  0  1  0  216509  0  2  164  434  2130  7074  46  1690  0  0  0  2  98  0  7  0  92871  0  0  0  1  2112  633  0  48349  1545  1019385  0  0  0  0  0  1  0  0  0  0  12  2  1  9  14439  96250  3  10  6  0  0  8  5  461  321  842970  0  83  0  0  0  0  0  2  14555  1090  408670  8  29  0  224520  0  133  0  
0  0  0  0  0  0  0  0  0  0  0  0  0  0  0  0  0  0  0  0  0  0  0  0  0  0  0  0  0  0  0  0  0  0  0  0  0  0  0  0  0  0  0  0  0  0  0  0  0  0  0  0  0  0  0  0  0  0  0  0  0  0  0  0  0  0  0  0  0  0  0  0  0  0  0  0  190428  133680  0  6  11  5  194  9  0  1  0  0  1  4  0  9  0  0  0  0  13  0  1  36654  39365  0  55994  102  0  0  0  0  1  1  0  0  0  0  25  0  2  0  1212516  4372  0  6  288  0  0  9  0  11  18  183  0  0  0  0  0  0  0  0  0  71  775399  8  137  0  133  0  2  0  
0  0  0  0  0  2  4  0  0  1  0  0  0  0  10  0  0  0  0  0  0  0  0  0  0  0  0  0  0  0  0  0  0  0  0  0  0  0  0  0  0  0  0  0  0  0  0  0  0  0  0  1  0  17  0  0  0  0  0  0  0  0  0  0  0  14  1  0  1  0  0  0  0  0  3  0  234712  155641  15  135  152  117858  721  6  0  1077  0  0  92014  152494  4  350  0  0  0  0  25  5  3  15  150  127473  0  1065  0  0  0  0  1  1  0  0  5  0  127  0  8  0  1540944  57527  237  55  105  0  0  34616  77  18181  138  200  0  0  0  0  1  0  0  4  0  1380  7523  397288  741556  0  775  0  0  0  
0  0  2016  0  0  0  0  0  145  6  23770  0  0  0  0  15  0  0  0  354  0  859  0  0  0  0  7062  0  0  75013  0  0  0  0  0  0  0  0  0  0  0  0  0  225  0  25  0  0  0  0  0  0  0  0  0  4  0  0  0  0  0  0  0  0  3419  22  0  0  0  0  2241  0  0  0  1  0  182280  0  0  12  2  626  69168  88564  8849  0  0  0  0  5  14  91  5  92070  0  14  9  1  5040  12  1143064  79  372  0  0  1  1  0  0  202  0  0  0  0  207  0  23  34602  3028  316516  19  164  24  0  0  0  5  26  66  147388  2  440  0  0  1  0  1  1  409642  15  2740  2  1  0  741410  0  54  0  
6  1  0  0  6  2208  0  0  0  37  0  0  0  0  0  49  5  226  0  0  27  33  54  891  0  0  0  0  0  0  13121  1616  0  0  0  0  0  0  0  0  170  0  19  4  0  0  41  82  40  0  0  4  1  0  0  0  0  0  0  0  14  0  514  0  1  48  5  1  0  36548  0  0  85  1  29031  0  0  1  3  58381  0  0  0  36  0  0  95  113  5  5  59  9001  0  0  9  134  22288  204223  4  4  0  0  0  0  0  180077  97  2  8  6  0  4  2250  0  1291  1  1335  11  16  0  25791  2976  192  0  1  212  17  2  11  3  1  7  45  0  774  21  573374  9637  3  1203  37  16  10  404938  0  4  194  246  
37  0  0  0  31  2583  0  0  0  42  0  0  0  0  1  0  5  1068  0  0  44  74  92  7  0  1  0  1  1  0  291  3497  0  0  0  1  0  0  0  0  126  0  8  5  5  0  790  59  405  0  0  33  3  1  0  0  0  0  0  0  33  0  219  2  0  278  4  7  9  232  0  0  77  0  186  0  0  1  22  164980  4  1  2  40  0  0  86  300  7  0  220  5241  1  0  34  423  12584  17264  15  28  0  0  2  2  181916  0  268  1  16  18  0  4  5459  0  2714  1  3606  29  34  0  19033  8095  422  1  0  598  59  8  19  6  0  11  80  1  1438  63  125209  33961  5  81344  56  26  57  42823  4  11  370  643  
0  0  0  0  0  1  0  0  0  11  0  0  0  0  0  0  1  56  0  0  3  1  5  0  0  1  0  0  0  0  0  1  0  0  0  0  0  0  0  0  48  0  1  0  0  0  0  18  5  0  0  1  0  0  0  1  0  0  0  0  1  0  3  0  0  3  1  0  0  0  0  0  20  0  2  0  0  58633  2  15  0  0  0  82  1  24  0  1  0  0  12608  1888  1  0  0  3  2171  56  28  48677  0  0  0  1  80  206  0  89243  49686  92700  0  6  12  0  80981  0  15556  11  8  0  92  213266  753  0  0  1  3  1  8  5  2  52  3  0  74  0  71  19  28  206  107  4  0  0  2  2  1048  173029  
0  0  0  0  0  0  0  0  0  0  0  0  0  0  0  0  0  0  0  0  0  0  0  0  0  0  0  0  0  0  0  0  0  0  0  0  0  0  0  0  0  0  0  0  0  0  0  0  0  0  0  0  0  0  0  0  0  0  0  0  0  0  0  0  0  0  0  0  0  0  0  0  0  0  1  0  0  2186  0  0  0  0  0  0  0  88  0  7  0  0  43  121  0  0  0  0  1487  304  71471  18444  0  1  0  0  5  23  81594  0  590126  344951  3  93415  6  0  13915  0  94889  0  1  0  76  10724  2  1  0  0  0  0  1  0  0  1  13  18  1745  0  5  3  0  19  2  0  0  0  0  8  708626  223538  
0  0  0  0  0  0  0  0  0  2  0  0  0  0  0  0  0  0  0  0  0  0  1  0  0  0  0  0  0  0  0  0  0  0  0  0  0  0  0  0  0  0  0  0  0  0  0  0  0  0  0  0  0  0  0  0  0  0  0  0  0  0  0  0  0  1  0  0  0  0  0  0  1  0  0  0  0  19443  0  0  0  0  0  16  0  360  9  7  0  0  99899  49459  0  0  0  0  27797  1468  6  628  0  0  1  0  2  4  50471  583750  0  222  13  6391  8  0  558  0  255256  0  6  0  652  253701  94  322  0  1  0  0  7  0  0  0  6  316  132  0  9  0  0  35  14  0  0  0  1  1293  177136  34434  
0  0  0  0  0  0  0  0  0  1  0  0  0  0  1  0  0  1  0  0  0  0  1  0  0  0  0  0  0  0  0  0  0  0  0  0  0  0  0  0  1  0  0  0  0  0  0  0  0  0  0  4  0  2  0  0  0  0  0  0  0  0  0  0  0  3  0  0  0  0  0  0  0  0  4  0  0  823  3  14  3  8  168  76  4  11  0  0  5  0  2559  4019  50  0  0  6  3411  79  106432  401242  1  0  8  152  7  52  58244  387155  74  0  0  37  5  0  590931  1  6675  466  67  0  302  10064  7213  2  0  73  56  30  63250  1661  43  1753  199  15  10428  0  8  8  448  110  21427  129  43  0  1749  40  56646  187326  
0  0  0  0  0  0  0  0  0  0  0  0  0  0  0  0  0  0  0  0  0  1  0  0  0  0  0  0  0  0  0  0  0  0  0  0  0  0  0  0  0  0  0  0  0  0  0  0  0  0  0  0  0  0  0  0  0  0  0  0  0  0  0  0  0  0  0  0  0  0  0  0  0  0  0  19918  0  0  0  0  0  0  0  0  0  0  0  0  0  0  6  12  0  0  35604  0  697  0  0  0  0  0  0  0  1  0  0  28  10  0  0  434466  0  0  6  0  494003  0  0  0  0  124  0  528263  0  0  0  0  0  0  0  0  30269  515823  702  0  1  0  0  0  0  0  0  0  0  659807  22494  6  
0  0  0  0  0  0  0  0  0  0  0  0  0  0  0  0  0  0  0  0  0  0  0  0  0  0  0  0  0  0  0  0  0  0  0  0  0  0  0  0  0  0  0  0  0  0  0  0  0  0  0  0  0  0  0  0  0  0  0  0  0  0  0  0  0  0  0  0  0  0  0  0  0  0  0  5273  0  1  0  0  0  0  0  0  0  2  2  0  0  0  138  448  533  0  4654  76  1346  77  771  14  0  0  0  0  1  3  3  116656  9998  30  355890  0  0  0  365  11  313990  469  0  0  26  1209  4  60561  7  0  0  0  1  0  298  1631  136795  60168  52162  0  1  0  15  3  2  0  0  0  0  610005  939974  85  
4  0  0  0  2  24  0  0  0  3  0  0  0  0  1  0  1  164  0  0  2  4  20  1  0  0  0  0  0  0  8  26  0  0  0  0  0  0  0  0  3  0  0  0  2  0  145  5  70  0  0  7  1  1  0  0  0  0  0  0  4  0  11  2  0  18  0  0  2  0  0  0  1  0  7623  0  0  313  1200  8636  8  3  4  1  0  2234  114218  253793  35  2  8  1180  0  0  4  79  2403  24807  3  3  0  0  5  0  604  2724  14  3  2  1  0  1  0  266  1043  0  242  10  162  1  39590  630  132722  0  0  68686  2739  81  12  4  0  1  6  0  202  51348  2143  228101  1  1793  198  43  48  126  2  0  34  63  
0  0  0  0  0  0  0  0  0  0  0  0  0  0  0  0  0  0  0  0  0  0  0  0  0  0  0  0  0  0  0  0  0  0  0  0  0  0  0  0  0  0  0  0  0  0  0  0  0  0  0  0  0  0  0  0  0  0  0  0  0  0  0  0  0  0  0  0  0  0  0  0  0  0  37  0  0  3  8  20  10  0  0  0  0  148475  0  135763  6  0  0  166  0  0  0  0  6  26  0  0  0  0  0  0  2  11  0  0  0  0  0  0  799  0  12  0  2  0  8  0  85  6  98388  0  0  21433  45  17  0  0  0  0  0  0  0  2  2  21  0  20  2  6  1  0  0  0  0  0  
1  0  0  0  0  16  7  0  1  54  0  0  0  0  14  0  2  141  0  0  0  2  24  0  0  1  0  0  0  0  2  7  0  0  0  0  0  0  0  0  167  0  7  2  2  0  6  72  19  0  0  69  7  52  0  2  0  0  0  0  1  0  17  0  1  163  2  2  3  1  0  0  62  1  169  1  0  119589  168  497  90  367  419  7229  26  185  4  119  466  22  79597  153881  100  0  2  141  70938  2138  45802  526565  1  84  641  468  402  1283  78824  18020  1237  468174  2  525  665  26  0  2  137344  1838  30470  4  30458  227774  241064  20  0  791  981  739  16832  2522  68  1518  5897  115  23838  2  486  219  1058  5298  121294  2781  7554  1  834  563  59805  85930  
0  3  0  0  0  0  0  0  0  1  414  0  0  0  0  0  0  0  0  27  22  377  0  0  0  0  0  0  0  0  0  0  0  0  0  0  0  0  0  0  0  27  0  30  0  0  0  1  0  0  1  1  0  0  0  0  0  0  0  0  8  0  0  0  0  1  0  0  0  0  0  0  0  0  0  129423  0  0  0  1  1  0  23  22  238170  0  0  0  0  0  6  24  433383  379641  18197  533751  18  0  1184  8  0  0  0  42  2  2  1  0  1  19  0  0  0  0  164  0  7  259224  3  0  1  97  5  0  292190  0  5  2  0  631  182704  67060  7612  0  40300  0  0  0  261  1  15  0  0  0  63  1  2238  0  
0  0  0  0  0  0  0  0  1  2  0  0  0  0  0  0  0  2  0  0  0  0  0  0  0  0  0  0  0  0  0  0  0  0  0  0  0  0  0  0  1  0  0  0  0  0  0  0  0  0  0  0  0  0  0  0  0  0  0  0  0  0  0  0  0  1  0  0  0  0  0  0  0  0  0  0  0  0  0  1  0  0  1  21  0  10  49  0  1  0  3197  18745  1  0  3320  0  150226  5650  12  28  0  0  0  1  9  23  127  98906  201448  570  219430  302972  3  0  7980  0  0  2  1  0  1845  35327  77  161954  0  0  0  1  15  2  0  5  355  9742  35284  0  15  3  3  46  24  0  1  0  1  88382  160943  4876  
1  0  0  0  0  4  1  0  1  221  5  0  0  0  3  0  10  414  0  0  100  390  373  1  0  5  0  0  0  1  6  9  2  0  2  2  0  0  0  0  513  2  50  24  4  0  1  282  59  0  0  8  0  2  0  5  0  0  0  0  79  0  34  0  2  43  26  1  3  0  0  0  229  7  10  10  0  0  6  51  4  1  101  166062  279481  3  0  6  6  2  261  761  29137  161754  41  847250  33307  43  11784  276  17  0  0  45509  301  229  51  2  2  204  0  21  26  0  5300  142400  386  0  40  0  130  2681  271  0  1006  14  88  32  22  6860  29823  335089  5226  0  37797  1  300  56  291070  89  347  10  8  0  2799  41  86323  8  
0  0  1  0  0  2  13  0  2  1  0  0  0  0  45  5  0  6  0  0  0  0  1  0  0  0  0  0  1  0  0  2  0  0  0  0  0  0  0  0  1  0  1  0  1  0  1  0  1  0  0  58  6  128  0  0  0  0  0  0  0  0  2  0  0  89  1  4  4  0  1  0  4  0  154  0  432592  265808  218  504  1111  12571  12532  247  0  177  0  13  6269  615  1154  17800  0  0  0  0  7832  178  658  57924  10760  1143711  1314482  2608  7  26  47  0  0  33  0  0  45  1  29007  0  987  4  0  398708  6390  8397  124666  0  0  2835  831  7014  3675  1329  0  15  1  0  24  3  16  56  10  25365  420374  129138  303930  0  3895  0  45  6  
0  0  683  0  0  1  25  880  274  0  1  0  0  0  35  343  0  0  0  0  0  1  0  0  0  0  0  0  1  278  0  0  0  0  0  0  0  0  0  0  0  0  0  1  0  142  0  0  1  0  0  5  0  131  0  0  0  0  0  0  0  0  0  0  1  64  0  2  3  0  123  0  0  0  10  0  266794  1  474  14490  21048  219611  165338  676  0  0  0  0  143  27869  164  210  0  0  0  0  31  20  308  35  127863  7235  59848  223277  0  1  0  0  0  22  0  0  2  0  261  0  35  23  525830  0  64  115  223  0  0  49  113  8948  356  19450  1  90  0  0  0  0  0  15  60  37622  47309  80  684  0  154654  0  25  0  
9  0  0  0  1  27  5  0  0  17  0  0  0  0  4  0  1  124  0  0  12  7  36  0  0  0  0  0  0  0  5  66  0  0  0  0  0  0  0  0  8  0  1  0  0  0  72  9  45  0  0  17  0  22  0  0  0  0  0  0  6  0  19  0  0  47  2  1  0  3  0  0  13  0  1956  0  0  92  505  8870  108  17  30  11  0  3470  53840  4383  349  5  109  126751  1  0  12  180  18170  528686  32  78  0  0  203  8  11604  7034  80  14  51  14  1  18  78362  131  10796  0  1305  9  2799  7  0  3329  97595  0  0  3441  1258  538  133  56  1  16  32  1  803  311  71433  90475  8  6332  2810  1760  3113  86  25  2  243  242  
0  0  0  0  1  4  2  0  0  80  0  0  0  0  0  0  0  223  0  0  8  7  58  1  0  4  0  0  0  0  2  21  0  0  0  0  0  0  0  0  235  0  14  12  1  0  8  120  31  0  0  2  0  1  0  1  0  0  0  0  3  0  13  0  0  32  6  0  1  0  0  0  118  2  10  0  0  9531  3  120  24  470  171  189  1  16  6  7  50  0  288890  259262  60  0  6  22  133189  3255  161  10834  0  0  60  6  693  2044  204142  17699  246370  8005  20  5246  75  0  286568  0  148554  73  2416  7  6281  0  8093  124  1  136  66  92  317  77  25  172  5653  299  2030  0  782  172  29  2300  6266  611  628  3  38  11272  295919  161275  
0  0  0  0  1  3  35  0  2  6  0  0  0  0  17  2  0  27  0  0  2  2  4  0  0  0  0  0  2  0  1  10  0  0  0  0  0  0  0  0  10  0  0  0  1  0  15  5  3  0  0  17  7  87  0  0  0  0  0  0  0  0  1  0  0  91  2  8  4  0  1  0  5  0  23838  0  0  477071  6391  3223  1038  1829  647  63  3  324862  110  104944  2811  43  80051  293535  2  0  0  16  3943  13800  11746  1225  0  92  2195  3  160  620  556  2  313  382  0  0  118508  64471  156700  0  9639  27  62465  29  155806  23248  0  0  0  42780  7225  2979  11704  491  3  101  5  0  129  97  225  15112  79  6042  27081  90397  21186  8  116  2  1493  168  
0  0  0  0  0  0  0  0  0  0  0  0  0  0  0  0  0  0  0  0  0  0  0  0  0  0  0  0  0  0  0  0  0  0  0  0  0  0  0  0  0  0  0  0  0  0  0  0  0  0  0  0  0  0  0  0  0  0  0  0  0  0  0  0  0  0  0  0  0  0  0  0  0  0  0  0  0  0  0  0  0  0  0  0  0  0  0  0  0  0  21  58  0  0  112923  0  112098  2  0  0  0  0  0  0  0  0  0  2  29  1  300094  48349  0  0  3  0  409521  0  0  0  0  95  1  0  0  0  0  0  0  0  0  0  84  252694  192091  0  0  0  0  0  0  0  0  0  0  77642  4104  2  
0  0  0  0  0  0  0  0  0  0  0  0  0  0  0  0  0  3  0  0  19  27  2  0  0  0  0  0  0  0  0  0  0  0  0  0  0  0  0  0  5  0  1  0  0  0  0  3  1  0  0  0  0  0  0  0  0  0  0  0  7  0  0  0  0  0  0  0  0  0  0  0  1  0  0  274704  0  0  0  0  0  0  0  6  2  0  0  0  0  0  0  2  143731  35  111203  211693  24  0  28  2  0  0  0  0  12  2  0  0  0  1  0  0  0  0  15  227330  3  295  0  0  0  5  0  0  0  0  0  0  1  18  59777  8812  39161  38  242517  0  15  1  4  1  1  0  0  0  0  0  134  0  
1  0  0  0  0  8  148  0  10  2  0  0  0  0  119  21  1  17  0  0  1  0  3  0  0  0  0  0  3  0  2  10  0  0  0  0  0  0  0  0  0  0  0  0  6  0  9  0  10  0  0  41  11  412  0  1  0  0  0  0  1  0  1  0  0  580  9  16  22  0  4  0  1  0  4030  0  0  7583  2822  13869  13416  547  2276  47  0  162250  17  419620  1109188  9327  5  3063  0  0  0  7  511  16614  51  100  22  1  16212  5  59  426  7  0  0  8  0  0  98376  9905  8805  0  78  0  4713  54  3708  1092  28967  0  0  0  469922  141466  475  334  0  4  0  0  28  273537  61  7594  0  73707  4321  459148  1006  2  1155  0  7  2  
0  0  0  0  0  2  18  0  2  0  0  0  0  0  6  3  0  5  0  0  0  0  0  0  0  0  0  0  0  0  0  2  0  0  0  0  0  0  0  0  1  0  0  0  0  0  3  0  1  0  0  17  8  43  0  0  0  0  0  0  0  0  2  0  0  114  0  0  1  0  1  0  0  0  222055  0  0  77  213311  86817  489  49  216  2  0  20  2  611  1467296  3249  1  979  0  0  0  1  125  2266  34  110  0  0  143  0  11  66  5  0  0  7  0  0  7736  3  8026  0  25  1  3465  43  1130  799  1623  0  0  617519  0  172400  165  111  0  3  0  0  7  85657  15  1507  1  5863  3516  1399  509  6  188  0  3  1  
2  0  0  0  2  15  1561  3  32  4  0  0  0  0  652  61  5  41  0  0  0  0  7  0  0  0  1  0  14  0  0  3  0  0  0  0  0  0  0  0  1  0  1  0  27  0  3  4  49  0  0  174  59  1735  0  0  0  0  0  0  0  0  1  0  0  5402  12  48  57  0  15  0  0  0  4106  0  90  441  57164  290702  220448  137656  12098  151  0  39  1  44  708481  923105  5  2720  0  0  2  3  205  1804  107  193  300  5  46042  24  6  41  4  0  0  52  0  0  298  7  5916  0  73  0  58723  8156  2663  775  1134  0  0  231005  141455  0  2839  3006  0  5  1  0  5  8  10  2535  8  47045  6687  70395  250962  0  7437  0  5  2  
0  0  0  0  0  4  3  1  0  9  0  0  0  0  11  0  0  4  0  0  0  0  0  0  0  0  0  0  0  0  0  2  0  0  0  0  0  0  0  0  2  0  0  0  0  0  1  1  2  0  0  13  2  18  0  0  0  0  0  0  0  0  0  0  0  36  0  0  1  0  0  0  0  0  32  0  0  18  56  226  897  109  5728  281  0  15  1  3  137  28  825  16329  0  0  0  0  3217  216  83576  353627  97  2  139  67  4  21  60  0  0  32973  0  0  12  0  13655  0  3641  4  1640  1  2268  13365  12536  0  0  222  237  398  0  184174  0  72  1  0  29  0  5  13  54  4681  106903  904  632  0  6772  0  18  2  
0  0  0  0  0  3  14  0  2  5  3  0  0  0  13  0  0  6  0  0  0  0  0  0  0  0  0  0  2  0  0  1  0  0  0  0  0  0  0  0  3  0  0  0  0  0  2  1  1  0  0  23  6  51  0  0  0  0  0  0  0  0  2  0  0  60  0  1  2  0  0  0  0  0  30  0  249  12  63  3872  19873  1920  76798  446  1425  11  0  4  122  1391  1432  8101  4595  199283  0  600  1611  64  517198  91591  854206  185  2515  121679  9  45  33  0  0  697  0  0  26  0  9569  145  537  6776  11211  10687  2321  12073  7010  0  1  240  301  5477  204966  0  142  244782  45  0  19  2  13  59  124560  40998  301757  750  509  0  372895  0  45414  3  
0  0  0  0  0  0  0  0  0  0  0  0  0  0  0  0  0  0  0  0  0  0  0  0  0  0  0  0  0  0  0  0  0  0  0  0  0  0  0  0  0  0  0  0  0  0  0  0  0  0  0  0  1  1  0  0  0  0  0  0  0  0  0  0  0  0  0  0  0  0  0  0  0  0  1  1058  0  0  0  5  0  0  6  7  10  0  0  0  0  0  2  28  840176  79699  817  19589  23  0  461  8  0  0  0  10  0  0  2  0  0  9  0  14  0  0  125  220602  8  5700  1  0  3  88  3  0  64666  0  0  2  0  210  0  112435  60153  0  33951  0  0  0  115  0  12  0  1  0  20  4  131624  0  
0  0  0  0  0  1  2  0  0  2  0  0  0  0  2  0  0  4  0  0  0  0  0  0  0  0  0  0  0  0  0  1  0  0  0  0  0  0  0  0  1  0  0  0  0  0  1  0  1  0  0  23  1  3  0  0  0  0  0  0  0  0  0  0  0  16  0  1  0  0  0  0  0  0  20  4  0  3  51  105  7  6  1287  1221  43490  2  0  6  36  3  58  2095  722821  641351  0  120415  528  17  250650  60  21  0  3  2081  4  15  50  0  1  1277  0  1  7  0  8901  71462  366  312082  112  1  269  8668  160  0  6041  89  301  152  88  330749  86252  0  3088  0  4874  0  5  6  146274  97  102  34  9  0  9384  1  144206  1  
0  0  0  0  0  0  0  0  0  0  0  0  0  0  0  0  0  0  0  0  0  0  0  0  0  0  0  0  0  0  0  0  0  0  0  0  0  0  0  0  0  0  0  0  0  0  0  0  0  0  0  0  0  0  0  0  0  0  0  0  0  0  0  0  0  0  0  0  0  0  0  0  0  0  0  109069  0  0  0  0  0  0  1  1  4  0  0  0  0  0  13  17  271985  4  76402  2904  1149  7  1217  18  0  0  0  1  1  6  1  1  3  18  26296  162634  0  0  1738  12541  572  6789  0  0  3  102  14  0  37135  0  0  0  0  3  84993  20311  0  83112  228859  0  1  0  133  6  13  0  0  0  3  150264  227366  5  
0  0  0  0  0  0  0  0  0  0  0  0  0  0  0  0  0  0  0  0  1  0  1  0  0  0  0  0  0  0  0  0  0  0  0  0  0  0  0  0  0  0  0  0  0  0  0  0  0  0  0  0  0  0  0  0  0  0  0  0  0  0  0  0  0  0  0  0  0  0  0  0  1  0  0  139298  0  0  0  0  0  0  0  0  0  0  0  0  0  0  5  16  13  0  657077  1  3131  1  0  0  0  0  0  0  1  0  0  3  0  10  482505  129477  0  0  20  0  18056  0  0  0  0  23  0  163384  216  0  0  0  0  0  27  0  102576  0  158553  0  0  0  0  0  0  0  0  0  0  11759  113924  39  
0  0  0  0  0  0  0  0  0  1  0  0  0  0  0  0  0  9  0  0  44  59  6  0  0  0  0  0  0  0  1  4  0  0  0  0  0  0  0  0  6  0  2  0  0  0  0  5  1  0  0  0  1  0  0  0  0  0  0  0  10  0  0  0  0  2  0  0  0  0  0  0  6  0  2  15621  0  1  0  21  0  0  1  56  3  0  0  3  2  0  275  449  92782  65  571564  561779  538814  331  74  556  1  0  0  14  121  342  81  45  84  452  2881  67368  17  0  13058  19680  89191  93576  10  0  180  885  219  120197  206253  2  1  1  4  10  212027  7256  191106  199389  0  0  172  40  144  281  299  2  4  0  12  1578  288889  131  
0  0  0  0  0  0  0  0  0  0  0  0  0  0  0  0  0  0  0  0  0  0  0  0  0  0  0  0  0  0  0  0  0  0  0  0  0  0  0  0  0  0  0  0  0  0  0  0  0  0  0  0  0  0  0  0  0  0  0  0  0  0  0  0  0  0  0  0  0  0  0  0  0  0  156988  0  0  0  14  45  0  0  0  0  0  0  130400  205222  111249  0  0  0  0  0  0  0  2  377807  0  0  0  0  0  0  2  5  0  0  0  0  0  0  147131  0  2  0  0  0  1  0  27  0  35  0  0  313725  122155  0  0  0  0  0  0  0  1  0  2  51740  0  2  1  3  0  1  0  0  0  0  
1  0  0  0  4  9  0  0  0  14  0  0  0  0  1  0  1  98  0  0  30  31  34  8  0  0  0  0  0  0  99  29  0  0  0  0  0  0  0  0  69  0  5  3  0  0  31  27  28  0  0  3  0  0  0  0  0  0  0  0  14  0  16  0  0  6  2  0  1  109  0  0  47  0  40  0  0  3  7  315549  0  0  0  14  0  93  1909  254  5  0  87  21904  0  0  13  217  78191  647978  7  16  0  0  2  1  622124  152456  86  2  21  6  0  2  4668  1  1562  0  1187  20  43  0  75105  2383  214  0  1  300  30  11  10  4  0  3  64  2  1117  98  0  107934  0  2290  92  40  66  244987  2  9  180  287  
18  0  0  0  11  38  1  0  0  5  0  0  0  0  1  0  4  375  0  0  1  3  22  2  0  0  0  0  0  0  7  57  0  0  0  0  0  0  0  0  5  0  0  0  0  0  376  5  164  0  0  24  7  6  0  0  0  0  0  0  2  0  19  2  0  30  0  0  4  0  0  0  0  0  6189  0  0  3  361  197622  22  4  5  0  0  2  85258  21188  63  6  19  633  0  0  4  69  1666  995027  6  13  0  0  20  0  881  18683  17  0  3  1  0  1  439175  15  1740  0  284  7  292  7  72250  721  10663  0  0  22052  2229  419  23  13  0  1  6  0  140  65027  71433  0  3  4250  300  90  145  5552  4  0  37  50  
0  0  0  0  0  1  0  0  2  1  2014  0  0  0  0  0  0  1  0  33  0  300  0  0  0  0  64  0  0  95  0  0  0  0  0  0  0  0  0  0  0  0  0  27  0  0  0  1  0  0  0  1  0  2  0  0  0  0  0  0  0  0  0  0  14  10  0  0  0  0  0  0  0  0  4  0  0  1  6  17  1  2  150  26246  358022  0  0  0  4  0  298  602  400  418299  0  36852  170  5  13557  20  22093  0  0  387576  0  4  9  0  0  34  0  0  0  0  1884  51  65  380586  17  17  65  1858  367  0  6  12  56  24  9  176697  245  115213  22  0  308  0  0  2  0  27  650  8  2  0  78216  2  42082  0  
16  0  0  0  14  135259  5514  56  7069  68076  2  0  0  0  1768  199  6  1393  1  0  9  1257  190  3  0  1  1  0  50  982  171  2934  0  0  0  0  0  0  0  0  117  0  37  120  106  5  351  64  319  0  0  413  125  5900  0  2  0  0  0  0  13  0  248  5  1  220879  86  281  289  518  82  0  73  1  2669  0  2  59  6944  562373  357077  237372  530041  223451  15  18  4  297  3375  612  480  19855  0  0  2  240  9865  3167  693  1806  0  0  231  63  1086  64202  436  0  14  2002  0  1  2382  5  24353  0  16559  74  2787  1265  26448  7372  1645  0  1  2631  13050  10734  8424  1207  0  258  14  1  479  12  917  3697  86  0  5519  1252  337  24753  4727  3  299  201  
1  0  0  0  0  6  7  0  0  14  0  0  0  0  38  0  0  11  0  0  0  0  6  0  0  0  0  0  1  0  0  2  0  0  0  0  0  0  0  0  4  0  0  0  0  0  1  3  3  0  0  45  5  57  0  0  0  0  0  0  0  0  3  0  0  55  0  2  3  0  0  0  3  0  74  0  32380  792  87  3481  20635  2836  151869  1571  4  88  0  4  3412  211  1368  39565  29  0  0  6  5765  313  4922  706295  478988  628997  9157  696  18  95  88  0  6  25236  0  0  50  0  129263  1  4705  155  490991  20706  10904  22358  30258  0  1  830  497  3583  105683  254836  35  187  5  1  176  1  23  90  720  54422  0  22460  29324  0  151515  1  813  18  
0  0  0  0  0  7  276  1  22  0  0  0  0  0  306  40  0  3  0  0  0  0  3  0  0  1  0  0  10  1  0  1  0  0  0  0  0  0  0  0  1  0  0  0  17  0  2  0  8  0  0  38  10  1086  0  0  0  0  0  0  1  0  1  0  0  603  13  45  41  0  26  0  0  0  43  0  0  216825  65  609  3917  490  1866  19  0  152547  0  10  531843  497  57  2916  0  0  0  0  1093  28  305  124  1  6  604894  4  3  7  3  0  0  46  0  0  37  0  1746  0  104  0  262405  20  1948  707  66318  0  0  392882  3720  51866  5764  620  0  10  0  0  1  1  5  33  4  44238  17856  0  80626  0  509  0  11  0  
0  0  0  0  0  0  8  0  0  0  0  0  0  0  24  1  0  0  0  0  0  0  0  0  0  0  0  0  0  0  0  0  0  0  0  0  0  0  0  0  0  0  0  0  0  0  0  0  0  0  0  2  1  71  0  0  0  0  0  0  0  0  0  0  0  45  1  0  1  0  0  0  0  0  17  0  114  144  48  1973  1789  14440  359  1  0  15  0  4  263932  131200  17  484  0  0  0  0  131  6  7  37  3  24  560343  0  0  0  0  0  0  1  0  0  10  0  737  0  16  0  367164  135  151  211  1047  0  0  331  176  283733  113  51  0  0  0  0  0  2  1  10  0  3028  4542  14993  0  0  138  0  0  0  
1  0  0  0  8  3380  0  0  0  1  0  0  0  0  0  562  0  23  0  0  1  0  0  71  0  0  0  0  0  0  1585  910  0  0  0  0  0  0  0  0  2  0  0  0  1  0  10  5  6  0  0  2  0  0  0  0  0  0  0  0  0  0  49  1  0  33  0  0  0  15837  0  0  4  0  113854  0  0  0  60268  406315  4  0  0  0  0  0  0  7  0  91709  1  29  0  0  1  0  34  285300  0  1  0  0  0  0  415853  62704  0  0  0  0  0  0  67  0  18  0  14  0  0  0  177  30  3  0  0  5  0  0  0  0  0  0  0  0  8  3  208419  2836  0  44478  0  0  0  0  0  0  2  2  
0  0  157  0  0  0  12  3  19064  28  255  0  0  0  7  6  0  2  0  0  0  1554  0  0  0  0  14  0  0  13489  0  0  0  0  0  0  0  0  0  0  0  0  0  219  0  50  2  0  0  0  0  6  1  39  0  0  0  0  0  0  0  0  0  0  172  317  0  0  1  0  3208  0  0  0  13  0  280  2  39  3463  14793  3221  331831  24728  76  1  0  1  96  306  151  672  219  17  0  62  153  13  24094  186  172607  14  6412  616904  3  22  2  0  0  449  0  0  16  0  1563  31  91  1947  33958  143803  167  1435  255  0  0  128  124  1297  1716  523543  23  11596  17  0  6  0  3  22  88063  24597  138226  454  1283  0  0  0  11052  1  
0  0  0  0  0  0  0  0  0  0  0  0  0  0  0  0  0  0  0  0  0  0  0  0  0  0  0  0  0  0  0  0  0  0  0  0  0  0  0  0  0  0  0  0  0  0  0  0  0  0  0  0  0  0  0  0  0  0  0  0  0  0  0  0  0  0  0  0  0  0  0  0  0  0  0  17743  0  0  0  1  0  0  0  0  1  0  0  0  0  0  766  1362  806  2  4930  98  1288  22  2  9  0  0  0  0  1  1  6  42  3040  29  651708  791679  0  0  731  13  262185  1283  0  0  6  2763  6  158080  16  0  0  0  0  2  600  1295  180503  27566  49644  0  1  0  52  1  1  0  0  0  0  0  38575  82  
0  0  0  0  0  4  1  0  0  3  0  0  0  0  2  0  0  9  0  0  0  0  1  0  0  0  0  0  0  0  3  4  0  0  0  0  0  0  0  0  1  0  0  0  0  0  2  0  3  0  0  12  0  5  0  0  0  0  0  0  0  0  1  0  0  9  0  0  0  0  0  0  0  0  34  389  0  7  43  159  6  11  294  568  123  11  0  3  20  8  4771  10895  253314  117  35642  7993  71810  323  925222  85183  21  0  2  933  189  827  1126  825278  311796  65820  41533  1145854  30  0  74217  2716  349761  76819  148  0  826  310544  7042  19031  590  95  291  123  150  10935  93046  176953  240635  108003  522768  0  292  63  14491  1229  545  65  50  0  2267  22182  0  140080  
0  0  0  0  0  1  0  0  0  5  0  0  0  0  0  0  0  10  0  0  0  0  1  0  0  0  0  0  0  0  3  6  0  0  0  0  0  0  0  0  3  0  0  0  0  0  4  4  3  0  0  1  0  0  0  0  0  0  0  0  0  0  1  0  0  2  0  0  0  0  0  0  7  0  0  0  0  10  0  55  0  0  1  8  0  0  0  0  2  0  540  3326  0  0  0  9  3840  175  75  527  0  0  0  2  264  966  156820  250881  21587  207555  0  21  20  0  92900  0  7808  8  3  0  384  156613  768  0  0  2  3  1  7  5  0  19  18  31  364  0  347  57  5  580  89  1  2  0  2  17  201885  0  
