0  0  0  0  570876  48155  50  5  1  27  0  439  2251  1202  186458  2271  22  9022  1  0  0  3  85  375902  1  2  0  0  11  0  212637  29289  1  2  29  7  0  2  5960  4  25  1  4  6  44  0  35576  83  27190  0  2  147663  128980  302  0  0  0  1  15  0  3  173656  2517  47432  3  1420  10  60  2  86766  1  1  91  0  0  0  0  0  0  4  0  0  0  7  0  0  0  0  0  0  1  4  0  0  3  14  56  0  0  0  0  0  0  0  0  7  0  0  0  0  0  0  0  0  2  0  0  3  0  0  7  0  0  0  0  0  0  0  0  0  0  0  0  0  8  0  4  0  0  28  0  0  0  0  2  0  0  0  
3  0  0  158  0  3  0  1  1  31  22  0  0  0  0  0  6  936  575973  1  261245  97952  289  0  0  1268  0  0  0  3  0  82  0  182  16  542  59566  176  0  0  328  444081  11  95267  122  1  6  44  544  481  194208  4  0  1  0  14  36196  152  68206  248810  60821  0  0  0  301  2  22  4  0  0  0  41434  2019  0  0  1298  0  0  0  1  0  0  0  4  11  0  0  0  0  0  1  2  3  1  284  755  45  0  0  0  0  0  0  1  0  5  0  0  0  0  2  0  0  0  6  182  0  4  0  0  3  0  0  0  61  0  0  0  0  1  0  0  3  3  14  0  0  0  0  1  0  0  0  0  1  0  1  0  
0  0  0  0  0  0  4  8387  1055  0  1  0  0  0  0  404272  0  0  0  0  0  0  0  0  0  0  89085  106547  287273  79563  0  0  0  0  0  0  0  0  0  0  0  0  0  0  360444  319498  0  0  0  0  0  0  0  113  0  2  0  0  0  0  0  0  0  0  0  0  63155  0  52088  0  150  0  0  0  0  0  49946  0  0  0  2  199  75  0  0  0  0  0  0  204  0  0  0  0  0  0  0  0  0  0  20  218  0  8246  0  0  0  0  0  0  0  0  0  0  0  0  0  0  473  25290  0  0  0  0  0  0  0  0  0  0  0  0  0  0  0  0  0  0  0  0  2  0  0  0  3075  0  0  0  
23  2  0  0  1  5  5  37  29  0  0  234678  26  107  3  0  6082  4522  3  0  0  0  1  26  49  292480  0  214859  161617  21  0  22  50920  8240  384  302  0  86  74  6  41527  0  0  6  278483  32  22  2577  391768  0  0  260  0  2  0  32  1  11  0  0  0  62  0  1  67  78  1804  113828  0  0  30  0  157  1429  0  0  0  0  0  0  0  0  0  0  0  0  0  0  0  0  0  0  0  0  0  0  0  0  0  0  0  0  0  0  0  0  0  0  0  0  0  0  0  0  0  0  0  0  0  0  0  0  0  0  0  0  0  0  0  0  0  0  0  0  0  0  0  0  0  0  0  0  0  0  0  0  0  0  
404950  0  0  0  0  160107  159  9  4  2  0  75  3  47  188062  220879  7  2320  0  0  0  0  2  132  0  0  0  0  29  0  124300  3710  0  0  4  1  0  0  145  1  5  0  0  0  17  0  1118  9  3169  0  0  4230  324305  993  0  4  0  0  0  0  0  672  161  694  0  3093  4  33  1  64499  2  0  3  0  2  0  0  0  3  4368  0  0  0  0  0  0  0  0  0  1608  0  0  0  0  0  0  0  0  0  0  0  0  0  0  0  0  0  0  0  0  0  0  0  0  0  0  0  0  0  0  0  0  0  0  0  0  0  0  0  0  0  0  0  0  0  0  0  0  0  20  0  0  0  304  1  0  0  0  
83271  1  0  0  198987  0  488506  1852  452  190  0  382  14  242  241862  718597  93  31064  2  0  2  2  341  13816  9  22  41  2  130  20  3699  124754  0  12  333  22  0  11  465  4  110  0  20  14  522  73  18642  204  30735  0  1  60469  89141  252113  0  640  0  5  68  1  28  454  55213  30232  754  427447  159  1351  91  327621  183  9  469  0  34  0  0  0  292  70564  6706  787  3  9  0  0  0  3  61  2834  11  1318  0  0  1  10  54  4  0  0  0  2  8  0  1240  4187  0  0  1  0  0  0  0  0  16  0  0  5  37  2  81  8  885  0  0  126  194  38  0  4  0  0  0  0  6  9  10  20  0  149268  16  25  6  1814  5  0  0  0  
551  2  1  1  162  582088  0  310658  6344  212  0  18  0  15  10282  631949  5  8255  0  0  0  1  12  6  4  40  1023  0  591  988  0  1236  0  4  16  100  0  1  6  0  457  0  0  756  1162  2260  1061  41  10223  0  1  29412  3791  397335  0  10725  0  1  4  0  3  32  7  19  47081  296327  1073  5847  3559  2  5041  0  62  0  3  0  135  0  10  6705  31399  23081  44  4  0  0  0  0  14  702  1  950  0  0  0  1  1  3  0  1  0  3  13  6  0  4023  0  0  0  0  0  0  0  0  21  0  0  0  66  97  9  7  580  0  0  42  105  25  0  5  0  0  0  0  0  3  0  2  1  57723  30  31  17  0  41  0  0  0  
29  1  7476  0  14  18728  433582  0  194378  1591  0  0  0  4  1995  538450  15  7971  0  0  0  1  9  1  13  130  945  5  7279  10983  0  350  0  6  28  265  0  1  3  0  847  0  3  8694  93927  333159  172  116  4948  0  1  2777  335  54663  0  6673  1  3  2  0  1  7  2  0  76765  243863  1436  7381  238701  0  94040  0  46  0  0  0  1640  0  0  1139  12114  35259  177  18  0  0  0  0  0  280  0  15  0  0  0  0  1  0  0  1  0  0  0  69  0  238  0  0  0  0  0  0  0  0  7  0  0  0  7  4428  0  1  2  0  0  0  0  0  0  1  0  0  0  0  0  0  0  0  0  66305  8  2  1  0  108  0  0  0  
0  0  382  0  0  297  15651  223650  0  98941  78  0  0  0  259  4382  6  2629  4  0  0  1005  17  0  7  58  6  87  34  104661  0  178  2  9  28  73  0  1  0  0  651  0  1  17854  6897  149698  12  283  224  0  2  77  5  1544  0  449  0  4  9  0  0  2  5  0  6905  202709  12895  440  16  0  215669  0  180  0  0  0  88  0  0  86  6217  18728  7224  1628  316  0  0  0  0  8  3  14  0  0  0  16  30  0  0  0  0  0  0  10150  0  4  14  0  0  0  0  0  0  0  70  0  1  5  4  1001  0  4  6  0  1  0  0  0  0  2  0  0  0  0  2  0  1  0  0  52826  1  0  0  0  8657  0  0  0  
6  28  0  0  0  86  525  12236  119692  0  94  0  0  0  21  2  105  41108  4  0  30  44839  70826  2  8  190  5  56  3  54919  0  4465  57  128  3752  438  1  14  0  0  4567  0  177  232221  4124  166  59  4178  51  3  18  10  7  149  0  140  0  48  93  1  128  0  31  1  12899  220289  6036  92  10  0  366  3  639  2  2  40  0  0  0  170  922  55  170  2640  12  2  0  0  1  0  17  104  0  0  354  1513  15897  4  1  0  0  3  0  117  4  283  33  0  5  0  10  0  1  0  452  5  16  226  9  4  92  94  64  11  2  5  0  1  0  135  1  1  0  1  283  1  51  1  8  19836  7  2  0  0  112  0  25  17  
0  4  0  0  0  0  0  0  48  3  0  0  0  0  0  0  0  0  4717  755779  1  170270  1  0  0  1  4859  0  0  104390  0  0  0  2  0  1  0  0  0  0  0  389452  0  625096  0  0  0  1  0  0  198  0  0  0  0  101  151  750  0  0  98  0  0  0  447492  0  0  0  0  0  0  0  1  0  0  0  0  0  0  0  0  11  61  26  255503  0  0  0  0  0  0  0  0  89914  0  355  3  0  0  0  262  0  0  5794  0  0  0  0  0  0  0  0  0  0  0  73  0  219  0  0  0  0  0  0  0  0  0  0  0  0  0  0  0  0  1  0  0  0  293  23  0  0  0  0  56  0  0  0  
1049  0  0  350466  21  254  7  16  5  0  0  0  8308  176801  38105  5  1220  41846  0  0  0  0  5  1219  3  6680  0  0  53935  1  0  601  41174  2078  4409  1  0  2  8135  110858  9937  0  0  0  35422  0  7579  6988  371003  0  0  216378  368  517  0  3  0  0  0  0  0  535  17  39  1  113  351  382920  0  1  2  0  11  0  0  0  0  0  0  0  0  0  0  0  0  0  0  0  0  0  0  0  0  0  0  0  0  0  0  0  0  0  0  0  0  0  0  0  0  0  0  0  0  0  0  0  0  0  0  0  0  0  0  0  0  0  0  0  0  0  0  0  0  0  1  0  0  0  0  7  0  0  0  0  0  0  0  0  
2876  0  0  5  5  54  0  0  0  1  0  5041  0  78514  53  0  8  2075  0  0  0  0  11  232652  0  0  0  0  18  0  0  407  0  1529  1126  0  0  1  206628  275  2  0  0  0  1  0  68380  377  1251  0  0  132  0  0  0  0  0  0  1  0  0  42599  1236  16902  0  4  0  9  0  2  0  0  37  0  0  0  0  0  0  0  0  0  0  0  0  0  0  0  0  0  0  0  0  0  0  1  3  0  0  0  0  0  0  0  0  0  0  0  0  0  0  0  0  0  0  0  0  0  0  0  0  0  0  0  0  0  0  0  0  0  0  0  0  0  1  0  0  0  0  0  0  0  0  0  0  0  0  0  
11479  0  0  6  210  1395  5  15  3  17  0  209440  79148  0  32743  11  14  4518  0  0  1  0  41  5250  1  19  0  0  114  1  0  6150  1  116  38  2  0  0  176017  168627  168  0  1  1  128  0  34687  50  130147  0  1  382201  1853  473  0  0  0  1  1  0  2  83348  334  5725  1  223  21  1630  2  28  0  0  25  0  0  0  0  0  0  1  0  0  0  2  0  0  0  0  0  0  0  1  0  0  2  6  28  0  0  0  0  0  0  0  0  6  0  0  0  0  0  0  0  0  2  0  0  0  0  0  2  0  0  0  0  0  0  0  0  0  0  0  0  0  2  0  0  0  0  4  0  0  0  0  2  0  0  0  
221498  0  0  0  182673  152318  5325  791  294  96  0  33503  123  24984  0  288476  3  3609  0  0  0  0  5  81241  1  3  0  0  152263  51  17  2041  0  0  1  2  0  0  306  0  23  0  0  107  164  1  1153  15  3994  0  0  1471590  1050824  706019  0  152  0  0  1  0  0  73447  36  233  156  12313  44  332100  154447  5  56  0  25  0  0  0  0  0  0  5  0  0  0  1  0  0  0  0  0  1  0  2  0  0  0  1  3  0  0  0  0  1  0  0  0  1  0  0  0  0  0  0  0  0  0  0  0  0  0  0  0  0  2  0  0  0  0  0  0  0  0  0  0  0  0  0  0  0  0  127  0  0  0  0  0  0  0  0  
7735  0  434548  0  330124  730361  641599  357637  7360  8  0  1  1  5  325375  0  0  682  0  0  0  0  0  42  1  3  99  0  120085  1494  59309  47  0  1  0  3  0  0  4  0  19  0  0  29  17326  57254  73  2  807  0  0  1290  16866  983749  0  1800  0  0  0  0  0  1  1  179  909  1274  89  1486  573425  114546  356  0  6  0  0  0  69430  0  8  78623  15197  18754  248  0  0  0  0  0  0  135227  0  0  0  0  0  0  2  0  0  0  0  10  0  1880  0  0  0  0  0  0  0  0  0  0  0  0  0  0  40  2825  0  0  0  0  0  0  0  0  0  0  0  0  0  0  0  0  0  0  0  526  0  0  0  4644  1028  0  0  0  
11  79  0  13855  0  357  32  92  65  44  0  3158  103  0  2  14  0  609208  78  0  26  4  80961  2715  7  1967  1  7  37  11  0  20946  96272  3901  171187  403  1  248  1  0  36337  1  2172  75  4736  18  277  388264  119683  17  7  25  3  37  0  48  0  23  1001  11  429  0  10734  6  209  289  1692  254  6  0  38  313  4983  111  0  1  0  0  0  7  1  0  1  1  0  0  0  0  0  0  0  3  0  0  1  3  44  0  0  0  0  0  0  0  0  10  0  0  0  0  0  0  0  0  9  0  0  2  0  0  2  3  1  0  0  0  0  0  0  4  0  0  0  0  3  0  0  0  0  24  0  0  0  0  1  0  1  0  
6754  26  0  17831  222  11663  45  117  131  330  0  31367  5751  8961  391  7  321574  0  21  0  22  19  125142  124836  44  350  2  3  209  43  0  280102  2435  2203  62506  2175  2  202  15374  1468  2551  0  188  228  3803  33  248307  99718  308858  1  40  2191  113  418  1  78  0  80  844  2  239  428  53149  787  322  2706  1614  489  6  111  84  59  7105  10  0  1  0  0  0  26  0  0  5  39  0  0  0  0  1  0  2  30  0  0  8  80  563  2  0  0  0  0  0  8  2  64  2  0  0  0  0  0  0  0  47  1  0  17  0  0  36  10  11  0  0  1  0  0  0  20  0  0  0  0  32  1  7  0  0  124  2  0  1  0  13  0  0  1  
1  559788  0  1226  0  7  0  7  6  2  16073  2  0  0  4  1  24  5591  0  145669  14376  810  15  0  125926  13131  104  1  1  19  0  214  12  57  13  693  392  745  0  0  4982  255148  1  13970  789  4  25  184  3523  39  81057  15  1  10  0  251  997944  673676  162139  20057  9620  0  4  0  684  10  94  28  0  0  10  175  172613  1  0  0  0  0  0  0  0  0  0  0  1  0  0  0  0  0  0  0  0  0  0  2  0  0  0  0  0  0  0  0  0  0  0  0  0  0  0  0  0  0  0  1  0  0  0  0  0  0  0  0  0  0  0  0  0  0  0  0  0  0  0  0  0  0  0  4  0  0  0  0  0  0  0  0  
0  20  0  0  0  0  0  0  0  0  745880  0  0  0  0  0  0  1  103841  0  0  10612  0  0  72  1  111888  0  0  602  0  0  0  14  0  16  0  0  0  0  12  82494  0  233928  0  1  0  1  0  0  1477  0  0  0  0  133068  446  488919  0  0  1327  0  0  0  245250  0  0  0  0  0  1  0  9  0  0  0  0  0  0  0  0  0  0  0  66730  0  0  0  0  0  0  0  0  40139  0  0  0  0  0  0  48  0  0  70  0  0  0  0  0  0  0  0  0  0  0  0  0  3  0  0  0  0  0  0  0  0  0  0  0  0  0  0  0  0  0  0  0  0  2  0  0  0  0  0  0  0  0  0  
5  345514  0  2  0  22  0  1  0  179  5  0  0  0  0  0  7  122  11271  0  0  25296  44545  3  1  23  0  0  0  0  0  905  2  31  703  23  48555  173  0  0  24  264  595  34  5  0  32  148  2  260987  89199  0  0  0  0  0  592  7  8760  471685  769170  0  25  2  20  14  4  0  0  0  0  1000  893  1  0  1205  0  0  0  13  0  0  2  13  1  0  0  0  0  0  4  7  0  1  1044  3083  1728  0  0  0  0  0  0  1  1  42  0  0  0  0  5  0  0  0  23  52  1  16  1  0  11  12  6  0  87  1  0  0  0  9  0  0  0  3  107  1  9  0  0  3  0  0  0  0  13  0  1  1  
3  188646  0  27  0  10  5  2  3557  34937  70084  0  0  0  0  0  6  1327  1568  19531  58158  0  38842  1  1  263  4  0  1  74469  0  723  3  2476  75  1856  11  45  0  0  345  275642  5  1009335  49  3  29  478  105  0  262969  1  0  3  0  42  11326  18577  135  90  976119  0  12  2  16178  72  34  3  0  1  625  0  1324  0  2  215  0  0  0  65  11  28  106  171  42543  0  0  0  0  0  4  74  0  6753  1051  20784  2042  1  0  1  0  0  0  268  1  140  6  0  1  0  0  0  0  0  116  10536  2  2335  0  1  46  22  17  0  15  1  0  0  0  31  0  0  0  0  500  2  23  1  16  213  1  0  1  0  80  0  6  2  
63  669  0  0  1  154  5  5  26  55890  0  16  6  0  0  0  161845  213850  729  0  28529  30639  0  243  28  57  1  0  0  27  0  84517  83  6825  496920  8476  4358  7676  0  0  7393  0  315272  46747  95  7  312  84635  219  39406  146  3  0  1  0  21  6  314  19884  2158  527584  0  1940  22  927  262  166  4  0  3  9  2322  125876  17  3  35  0  0  0  250  19  2  53  575  2  0  0  0  0  0  27  259  0  0  685  1235  21933  15  1  1  0  1  1  57  2  550  11  1  7  0  7  0  0  0  505  3  7  459  5  0  210  71  61  3  1  6  0  0  0  130  0  0  0  1  442  4  79  4  7  122  5  0  0  0  201  0  13  4  
367971  2  0  0  782  9007  3  3  4  136  0  1022  277231  5817  122969  0  8989  105837  5  0  12  1  2180  0  0  8  0  1  17  3  210264  97837  2  378  3885  17  1  51  10644  1  60  0  26  14  79  1  261113  10591  1618  0  5  16984  60  31  0  4  0  13  87  2  43  302379  597419  972261  9  179  45  22  0  22763  3  15  1076  0  20  0  0  0  1  47  1  0  1  24  0  1  0  0  0  1  0  2  0  0  7  79  358  3888  0  0  0  0  0  4  1095  130  1  0  0  0  1  0  0  0  19  0  0  11  0  0  6  4  2  0  0  0  0  0  0  3  0  0  0  0  29  0  8  0  0  5  0  0  0  5  6  0  0  0  
14  153  1  18  0  81  349  82  298  12  1  0  1  9  26  21  3  3590  141300  157  3  7  73  0  0  46131  256877  0  14  804  0  105  0  10  47  8634  0  1402  5  0  1700  2  6  33  671  53  4  42  934  0  100  160  3  1045  212745  711973  141  164042  17  1  649  7  1  0  10728  288  22928  153  38  0  448  0  970811  0  0  0  0  0  0  0  0  0  0  1  0  0  0  0  0  0  0  0  0  0  0  0  0  0  0  0  0  0  0  0  0  0  0  0  0  0  0  0  0  0  1  0  0  0  0  0  0  0  0  0  0  0  0  0  0  0  0  0  0  0  0  0  0  0  0  2  0  0  0  0  0  0  0  0  
237  55  1  271972  3  49  1803  6121  13832  431  0  2411  1  1226  92  26  577  33354  97  1  3  7  166  7  42828  0  109812  168827  811  4587  0  944  1167  37110  318  329874  0  65  1127  48  626485  5  34  3092  110844  167  57  1448  140461  1  23  408  5  529  314215  50336  30  928  15  0  64  59  9  8  4615  23760  780809  11878  313  0  7215  0  120008  15403  0  0  0  0  0  0  0  0  0  0  0  0  0  0  0  0  0  0  0  0  0  1  1  0  0  0  0  0  0  0  0  0  0  0  0  0  0  0  0  0  0  0  0  0  0  0  2  1  0  0  0  0  0  0  0  1  0  0  0  0  0  0  0  0  0  5  0  0  0  0  0  0  0  0  
0  2  106799  1  0  176  4251  193  491  81  11285  0  0  0  10  1197  5  1364  49  129381  0  234  5  0  225631  90637  0  58  37  1544172  0  49  0  6  13  165  0  0  0  0  238  0  1  134  2127  55057  12  21  137  0  0  9  2  654  1650  1134846  3  459  1  0  0  0  0  0  131962  339  493099  19  2011  0  75431  0  373  0  0  0  131  0  0  0  0  0  0  2  704  0  0  0  0  0  0  0  0  209  0  1  1  0  0  0  670  0  0  48908  0  0  0  0  0  0  0  0  0  0  0  0  0  1  0  100  0  0  0  0  0  0  0  0  0  0  0  0  0  0  0  0  0  0  174  0  0  0  0  0  651  0  0  0  
0  2  112560  219679  0  11  11  101  706  289  0  1  0  0  0  375  3  3457  1  0  0  0  6  0  1  259889  525  0  64569  8  0  206  0  9  11  13  0  0  0  0  147  0  0  59  1055953  49522  5  239  158  0  2  1  0  15  0  8  0  2  6  0  0  0  2  0  103  391  811582  12  147  0  8  0  88  0  0  0  0  0  0  1  0  0  0  1  0  0  0  0  0  0  0  0  0  0  0  0  1  0  0  0  0  0  0  0  0  0  0  0  0  0  0  0  0  0  0  0  0  1  0  0  0  0  1  0  0  0  0  0  0  0  0  0  0  0  1  0  0  0  0  6  0  0  0  0  0  0  0  0  
788  0  308651  160109  21  133  158  38443  158  8  0  45787  54  923  147907  143038  6  6908  0  0  0  0  3  35  50  740  13  44462  0  77  0  303  0  4  7  10  0  0  268  0  311  0  0  132  1365118  13670  490  39  11541  0  0  38912  33  2931  0  165  0  2  1  0  0  1202  7  42  152  1452  888  679656  737249  0  81  0  34  0  0  0  1  0  0  0  0  0  0  1  0  0  0  0  0  0  0  1  0  0  0  0  0  0  0  0  0  0  0  0  0  0  0  0  0  0  0  0  0  0  0  0  0  0  0  0  1  0  0  0  0  0  0  0  0  0  0  0  0  0  0  0  0  0  0  13  0  0  0  0  0  0  0  0  
0  5  73567  1  0  47  6018  11346  117368  45466  115435  0  0  0  89  4222  6  4457  1  276  1  53209  164  0  26  97  1345240  6  73  0  0  215  0  6  38  477  0  0  0  0  4880  1  3  37120  3024  307336  6  69  89  0  0  15  1  1016  2  229274  1  24  6  0  4  0  2  0  367214  12646  3460  207  1037  0  529910  0  558  0  0  3  1027  0  0  4  121  601  1187  546  3255  0  0  0  0  10  2  4  0  138  27  108  490  0  0  0  1226  0  0  284105  0  14  1  0  0  0  0  0  0  0  15  1  1  64  0  1569  3  5  3  0  0  1  0  0  0  11  0  0  0  0  9  0  1  0  216  1521  0  0  0  0  78834  0  1  0  
226055  0  0  0  162268  4024  0  0  0  0  0  3  0  1  3  50492  26  630  0  0  0  0  11  331911  0  1  0  0  0  0  0  248777  0  0  40  0  0  0  1  0  0  0  0  0  0  0  1258  6  83  0  0  17  1  3  0  0  0  0  1  0  0  6  351086  3096  0  21  1  0  0  312726  0  0  4  0  18732  0  0  0  48  21384  0  0  0  1  0  0  0  0  0  47192  0  0  0  0  0  0  3  54152  0  0  0  0  0  0  182226  609  0  0  0  0  0  0  0  0  0  0  0  0  0  0  0  0  0  0  0  0  0  0  0  0  0  0  0  0  0  0  105  0  0  0  0  0  0  32510  0  0  0  0  
8841  95  0  1  94  118506  34  44  100  2601  0  203  29  9  40  7  15804  413252  60  0  236  146  108208  51266  16  136  2  10  6  26  161221  0  75  1506  42836  1057  19  529  16  0  1595  1  695  384  1961  16  49415  18776  4603  2  224  241  42  53  0  52  3  302  2313  11  757  74  383437  7270  325  98853  1361  61  3  86366  51  150  16233  5  531  10  0  0  42  22951  16  12  26  517  3  29  1  3  3  24  857  19706  0  1  236  1597  9269  667  1  2  2  0  0  118  56169  141157  3  1  184  1  4  0  5  0  411  4  11  284  41  8  8206  372  581  0  0  169  25  8  0  96  0  1  0  2  463  376  10051  142  0  24529  11  6  7  512  116  0  22  6  
2  11  0  34740  0  7  0  0  4  36  0  40108  24  0  0  0  21564  10927  35  0  2  5  395  14  1  3111  0  0  0  1  0  335  0  311945  24365  9057  0  952  1  0  45893  1  19  170  9  0  11  322777  4954  1  12  0  0  0  0  0  17  277  15  0  48  0  7  0  198  4  19  1  0  0  0  0  14578  283424  0  0  0  0  0  16  0  0  0  17  0  0  0  0  0  0  0  9  0  0  0  1  66  0  0  0  0  0  0  1  0  7  1  0  0  0  0  0  0  0  25  0  0  2  0  0  4  6  5  0  0  0  0  0  0  7  0  0  0  0  1  0  0  0  0  4  0  0  0  0  1  0  0  0  
25  1169  0  11242  0  31  1  2  5  55  0  9703  8310  369  0  0  470  10113  127  4  13  1316  3227  465  11  51754  0  0  31  11  0  1789  252302  0  603867  462428  250  186255  354  0  26038  3  181858  4495  44  2  109  292181  502  1102  182  0  0  0  19  45  23  1255  766  65  7320  22  36  7  2172  38  27  13  2  1  4  646  1093345  233926  1  0  0  0  0  23  0  0  2  9  0  0  0  0  0  0  1  13  0  0  4  6  190  1  0  0  0  0  0  1  4  28  2  0  0  0  1  0  0  0  24  0  2  10  0  0  11  5  6  1  0  0  0  0  0  6  0  0  0  0  9  0  4  0  0  7  1  0  0  0  7  0  0  0  
1  527  0  198  0  24  0  0  3  23  0  9911  8069  64  0  0  126629  58119  518  0  177  0  273868  927  1  3  0  0  8  5  0  4169  25215  618400  0  80  201  2639  297  0  119  0  210000  16  8  0  56  520078  95  1308  22  0  0  0  0  2  7  6  11502  418  6124  9  1564  0  21  26  19  17  0  0  4  1673  115327  118  0  0  0  0  0  2  0  0  0  2  0  0  0  0  0  0  1  2  0  0  2  0  69  0  0  0  0  0  0  0  0  2  0  0  0  0  0  0  0  0  6  0  0  0  0  0  2  1  0  0  0  0  0  0  0  1  0  0  0  0  0  0  0  0  0  1  0  0  0  0  0  0  0  0  
12  4271  0  2364  0  80  996  3607  9453  1010  4  6  0  6  36  4  825  90576  1086  5  26  1512  6533  4  13518  362152  118  5  51  5445  0  2863  20649  522215  1498  0  0  583  3  0  495199  96  97  12353  1270  87  72  38991  4980  0  137  71  3  283  50964  29789  369  3374  320  13  10213  1  25  2  34678  15150  39207  169  23  0  4800  4  64336  201654  0  1  0  0  0  55  3  1  10  56  0  0  0  0  0  0  1  24  0  0  3  15  697  1  0  0  0  0  0  3  0  54  1  0  0  0  0  0  0  0  88  0  0  33  1  0  9  6  8  0  0  0  0  0  1  24  0  0  0  0  8  0  5  0  0  24  1  1  0  0  15  0  3  1  
2  40227  0  0  0  4  0  0  0  4  0  0  0  0  0  0  5  9  4736  0  31501  18  5056  1  0  0  0  0  0  0  0  156  0  179  2394  3  0  319155  0  0  2  0  123175  2  0  0  10  224  0  485407  5  0  0  0  0  0  4  0  134072  567135  3594  0  3  2  1  3  0  0  0  0  0  1154198  20830  0  0  24  0  0  0  2  0  0  1  1  0  0  0  0  0  0  0  1  0  0  40  63  94  0  0  0  0  0  0  1  0  2  0  0  0  0  0  0  0  0  1  0  0  1  0  0  0  0  0  0  0  0  0  0  0  1  0  0  0  0  14  0  0  0  0  0  0  0  0  0  2  0  0  0  
2  9276  0  9  0  3  3  1  5  14  0  3  1  0  0  0  43  451  7747  0  1439  15  2915  0  4161  803  3  0  0  15  0  102  74  100649  3786  327  283954  0  0  0  681  7  135788  171  9  3  5  3322  5  17681  100  1  1  12  4093  91  114  375  211257  66802  12302  0  3  0  1714  8  26  1  1  0  3  1068396  1835021  7  0  0  0  0  0  1  0  0  0  0  0  0  0  0  0  0  0  2  0  0  1  1  13  0  0  0  0  0  0  0  0  2  0  0  0  0  0  0  0  0  2  0  0  0  0  0  2  0  1  0  0  0  0  0  0  1  0  0  0  0  0  0  0  0  0  2  0  0  0  0  1  0  0  0  
24691  0  0  4  190  980  2  7  0  21  0  1344  217637  206793  1639  0  10  2106  0  0  2  0  62  47402  2  16  0  0  21  0  0  6552  1  26  21  4  0  1  0  13232  786  0  0  3  87  0  58376  57  111566  0  1  9532  104  23  0  3  0  0  4  0  5  14637  4110  33122  0  65  24  405  3  24  1  1  86  0  0  0  0  0  0  1  0  0  0  4  0  0  0  0  0  0  0  1  0  0  3  11  45  0  0  0  0  0  0  0  0  5  0  0  0  0  0  0  0  0  2  0  1  0  0  0  3  0  0  0  0  0  0  0  0  0  0  0  0  0  1  0  0  0  0  1  0  0  0  0  0  0  0  0  
44  0  0  0  1  10  2  0  0  0  0  165431  2102  162342  34  1  1  977  0  0  0  0  0  3  0  0  0  0  1  0  0  43  0  0  0  0  0  0  18501  0  5  0  0  0  4  0  10978  0  48810  0  0  639  65  10  0  0  0  0  0  0  0  9  0  0  0  3  1  8293  0  0  0  0  0  0  0  0  0  0  0  0  0  0  0  0  0  0  0  0  0  0  0  0  0  0  0  0  0  0  0  0  0  0  0  0  0  0  0  0  0  0  0  0  0  0  0  0  0  0  0  0  0  0  0  0  0  0  0  0  0  0  0  0  0  0  0  0  0  0  0  1  0  0  0  0  0  0  0  0  
2310  295  0  17443  49  676  724  3249  10915  791  0  1941  29  4565  354  22  23189  238267  529  1  16  104  2866  37  4666  448898  97  91  349  3494  0  8599  41214  25684  2706  536293  0  29  2709  39  0  37  181  3979  18916  300  776  117034  149702  3  140  23361  36  570  43  9634  241  3368  117  5  507  641  77  122  34127  18334  141510  53499  110  5  3079  5  20385  122267  0  0  0  0  0  21  1  1  5  43  0  0  0  0  0  0  1  15  0  0  1  6  201  2  0  0  0  0  0  0  0  27  2  0  0  0  0  0  0  0  62  0  1  16  0  0  9  9  5  0  0  1  0  0  0  12  0  0  0  0  3  0  1  0  0  110  1  0  1  0  7  0  2  2  
0  397326  0  12  0  0  0  0  0  0  307659  0  0  0  1  0  0  110  247780  73615  55  208870  0  0  0  125  0  0  0  0  0  4  0  14  1  77  0  0  0  0  32  0  0  503585  10  0  0  2  41  0  27712  1  1  0  0  8  379493  13640  4  0  1639  0  0  0  99  1  3  0  0  0  0  0  410  0  0  1  0  0  0  0  0  0  0  0  2795  0  0  0  0  0  0  0  0  997  0  1178  0  0  0  0  0  0  0  0  0  0  0  0  0  0  0  0  0  0  0  2056  0  2  0  0  0  0  0  0  0  0  0  0  0  0  0  0  0  0  6  0  0  0  0  0  0  0  0  0  0  0  0  0  
0  658  0  1  0  0  0  0  0  1  0  0  0  0  0  0  2041  39  575  0  658  2  275423  31  0  1  0  0  0  0  0  132  1  95503  188621  7  136252  171615  0  0  7  0  0  4  0  0  2  19623  0  72522  9  0  0  0  0  0  8  3  16411  2220  85315  0  46  0  6  2  1  0  0  0  0  2389  44437  0  0  1  0  0  0  0  0  0  0  1  0  0  0  0  0  0  0  0  0  0  6  7  109  0  0  0  0  0  0  0  0  0  0  0  0  0  0  0  0  0  0  0  0  0  0  0  0  0  0  0  0  0  0  0  0  0  0  0  0  0  2  0  0  0  0  0  0  0  0  0  0  0  0  0  
6  57572  0  484  0  29  6189  17092  24666  237733  640099  0  0  0  147  8  44  12979  5249  174673  37  1043219  36928  2  5  7433  0  2  3  58728  0  1178  22  23591  484  19415  1  104  0  0  12933  433060  39  0  674  28  37  921  2058  0  42842  40  2  746  0  133  31870  180568  306  6  215955  1  21  2  483269  74770  488  93  6  0  2092  0  2514  1  1  34  0  0  0  56  8  6  60  380  29931  0  0  0  1  0  4  40  1  831  373  2568  7287  3  1  0  0  0  0  68  0  147  8  1  2  2  1  0  0  0  190  253  7  777  2  0  45  83  27  5  1  6  0  0  0  87  0  1  0  1  210  0  18  2  0  90  3  0  0  0  46  0  15  9  
3867  24  462713  277949  78  1376  7509  170453  4664  1185  0  7169  66  3488  754  117098  303  89906  31  0  0  2  123  63  1635  149913  1424  1355695  1175499  1110  0  3514  3  87  195  543  0  14  1009  1  24703  0  8  1190  0  306742  1924  1799  251519  0  45  52176  204  6262  13  8770  9  397  151  0  9  5152  66  232  3472  24318  370622  137650  294426  9  1840  7  2491  0  0  0  37  0  0  1  27  11  0  4  0  0  0  0  0  0  0  3  0  0  0  0  5  0  0  1  0  0  0  22  0  1  0  0  0  0  0  0  0  0  7  0  0  0  2  0  0  0  3  0  0  0  0  1  0  2  0  0  0  0  0  0  0  0  0  749  0  0  3  0  0  0  0  0  
1  1  288396  0  3  948  21235  236429  196698  22  0  1  0  1  110  132260  12  3862  1  0  0  0  7  1  122  24  207639  40270  44400  378831  0  157  0  2  14  134  0  0  0  0  360  1  2  116  179633  0  32  96  1221  0  0  291  52  14963  2  72148  0  5  1  0  0  1  6  0  2295  1639  199780  721  8188  1  254054  0  234  0  0  0  335  0  0  0  2  437  160  0  0  0  0  0  0  6  0  0  0  0  0  0  0  0  0  0  1  0  0  10927  0  0  0  0  0  0  0  0  0  0  0  0  0  0  0  630  0  0  0  0  0  0  0  0  0  0  0  0  0  0  0  0  1  0  0  17  0  0  0  0  1423  0  0  0  
51922  6  0  1  867  15353  11  5  11  215  0  2993  45216  7168  1405  1  2372  188428  4  0  8  10  1189  378139  1  12  0  1  19  5  6  83151  3  55  785  46  3  50  35625  1420  85  0  17  30  234  2  0  7194  48007  0  7  4899  172  80  0  5  0  18  114  0  47  3092  34633  48832  34  759  98  69  1  398  6  6  1197  0  0  6  0  0  0  6  0  1  4  38  0  1  0  0  0  0  3  10  0  0  13  138  576  0  0  0  0  0  0  8  1  56  1  0  0  0  0  0  0  0  24  1  0  20  1  1  25  7  3  0  0  0  0  0  0  4  0  0  0  0  37  0  9  0  0  18  0  0  0  0  15  0  5  0  
93  776  0  2744  1  534  33  94  271  1814  0  4863  2858  17  32  7  362122  438025  966  0  184  121  79335  13073  14  4421  5  23  33  75  0  22985  239260  353140  641265  30107  27  5445  111  0  155321  15  14062  2489  3172  94  12888  0  8480  79  240  79  19  116  0  124  84  2561  16780  133  8453  1  2256  31  14075  763  3284  199  5  2  83  3892  1014438  59693  1  3  0  0  1  249  9  2  27  307  1  0  0  1  0  0  12  128  0  0  7  73  1227  2  0  0  0  2  0  4  1  199  23  0  3  0  0  0  4  0  635  0  7  100  14  1  59  135  74  1  1  11  0  1  0  184  0  1  0  1  99  1  9  0  1  339  5  2  1  0  65  0  18  4  
66886  16  0  259797  1529  11445  948  4532  2278  185  0  327037  5166  200647  12960  283  127060  487089  37  0  3  5  4354  1208  964  133647  13  211  5430  705  1  35740  4079  443  612  1313  0  17  152353  57093  198848  3  21  744  414663  561  62498  20124  0  0  10  182007  6476  6428  11  1285  15  276  47  1  32  8768  1555  2109  2711  7801  51302  288113  631  76  1116  1  2257  2186  1  0  0  0  0  11  1  0  1  12  0  0  0  0  0  0  1  12  0  0  3  24  110  0  0  0  0  0  0  0  0  23  0  0  0  0  0  0  0  0  13  0  0  14  1  1  24  2  2  0  0  0  0  0  0  5  0  0  0  0  10  0  4  0  1  305  2  0  0  0  5  0  0  0  
0  2242  0  0  0  0  0  0  1  0  0  0  0  0  0  0  137  6  1812  0  216178  0  24267  0  1  2  0  0  0  0  0  17  0  326  9813  2  381484  52548  0  0  4  0  98109  0  1  0  2  1219  0  0  22  0  0  1  0  0  19  11  23120  162693  156775  0  0  0  9  1  0  0  0  0  0  54715  49001  0  0  0  0  0  0  0  0  0  0  0  0  0  0  0  0  0  0  0  0  0  0  0  2  0  0  0  0  0  0  0  0  0  0  0  0  0  0  0  0  0  0  0  0  0  0  0  0  0  0  0  0  0  0  0  0  0  0  0  0  0  0  0  0  0  0  0  0  0  0  0  0  0  0  0  
0  343759  0  1  0  0  0  0  0  2  717  0  0  0  0  0  0  18  22204  2792  59736  193979  10  0  0  16  0  0  0  0  0  1  0  84  0  102  0  7  0  0  3  57052  0  232582  0  0  0  12  3  6  0  0  0  0  0  0  31951  1622  563  11  362488  0  0  0  25  0  0  0  0  0  0  0  2442  0  0  5  0  0  0  0  0  0  0  0  1  0  0  0  0  0  0  0  0  1  1  15  0  0  0  0  0  0  0  0  0  0  0  0  0  0  0  0  0  0  0  6  0  0  0  0  0  0  0  0  1  0  0  0  0  0  0  0  0  0  1  0  0  0  0  0  0  0  0  0  0  0  0  0  
182672  0  0  17  4397  28004  3274  1815  760  445  0  268708  817  404232  1412002  540  65  43555  1  0  4  1  112  6018  8  155  1  1  16600  26  3  37325  1  5  30  19  0  3  17742  73  5251  0  1  46  5851  14  29747  173  126438  0  2  0  345347  232685  0  385  0  0  11  0  5  122576  886  3286  69  14206  848  670296  158  162  49  1  145  0  0  1  0  0  0  6  2  0  0  5  0  0  0  0  0  0  0  4  0  0  8  24  83  0  0  0  0  0  0  2  1  15  0  0  0  0  0  0  0  0  7  0  0  5  2  0  7  4  0  0  0  0  1  0  0  0  0  0  0  0  6  0  1  0  0  669  0  0  0  0  6  0  0  0  
164783  0  0  0  251292  102098  684  37  21  13  0  103  2  46  1265991  13057  13  1752  0  0  0  0  7  277  0  0  0  0  119  1  0  2445  0  0  6  2  0  1  51  1  3  0  0  0  54  0  871  8  2566  0  0  404657  0  217996  0  15  0  0  1  0  0  113  81  698  0  9035  11  125  18  2  0  0  7  0  0  0  0  0  0  1  0  0  0  1  0  0  0  0  0  0  0  0  0  0  0  2  4  0  0  0  0  0  0  0  0  1  0  0  0  0  0  0  0  0  1  0  0  0  0  0  0  0  1  0  0  0  0  0  0  0  0  0  0  0  0  0  0  0  0  27  0  0  0  0  0  0  0  0  
260  4  0  1  165  155683  353599  57081  5959  289  0  16  0  26  692582  1012600  17  30379  0  0  0  0  9  4  87  58  200  2  15502  1274  0  947  0  1  7  56  0  0  7  0  293  0  1  957  2940  1515  1124  64  27163  0  0  135928  159542  0  0  9129  0  2  4  0  2  29  12  13  12049  62890  1290  91699  245803  1  2722  1  346  0  0  0  0  0  0  14  13  0  2  1  0  0  0  0  0  43  0  0  0  0  0  0  0  0  0  0  0  0  0  0  0  0  0  0  0  0  0  0  0  0  1  0  0  0  0  0  0  0  1  0  0  0  0  0  0  0  0  0  0  0  0  0  0  0  0  471  1  0  0  0  0  0  0  0  
0  0  0  0  0  0  6  15  41  2  0  0  0  0  0  0  1  128  0  0  0  0  0  0  106668  202285  222  0  0  23  0  2  0  45  2  25266  0  481  0  0  65  0  0  15  0  1  0  0  1  0  0  0  0  1  0  14395  0  0  0  0  0  0  0  0  25  53  1972  0  0  0  41  0  89364  0  0  0  0  0  0  0  0  0  0  0  0  0  0  0  0  0  0  0  0  0  0  0  0  0  0  0  0  0  0  0  0  0  0  0  0  0  0  0  0  0  0  0  0  0  0  0  0  0  0  0  0  0  0  0  0  0  0  0  0  0  0  0  0  0  0  0  0  0  0  0  0  0  0  0  
11  72  8  54  0  1378  18882  13595  67786  3876  375  1  0  5  378  7242  114  57263  859  146565  2  75  479  0  649198  77788  1354055  82  317  225019  0  2484  4  68  893  20539  0  12  2  0  19412  2  68  6098  34437  44897  56  996  1971  0  28  625  39  16967  15710  0  15  234248  49  0  131  5  7  2  433230  55566  292367  3507  3373  0  158952  2  213305  0  0  0  0  0  0  1  0  0  1  3  0  0  0  0  1  0  0  3  0  0  0  0  3  0  0  0  0  0  0  13  0  0  0  0  0  0  0  0  0  0  5  0  0  0  0  0  1  1  2  0  0  0  0  0  0  1  0  0  0  0  0  0  0  0  0  122  0  0  0  0  1  0  0  0  
2  48327  0  179  0  2  0  0  2  0  976  0  0  1  0  0  7  1149  868603  3962  384  10202  1  0  4  1881  1  0  0  3  0  22  3  41  5  430  0  33  0  0  643  197996  0  76578  171  2  2  39  638  0  34182  3  1  2  0  21  0  165797  167  10  6463  0  3  0  584  6  24  4  1  0  3  5  35141  0  0  0  0  0  0  0  0  0  0  0  1  0  0  0  0  0  0  0  0  1  0  0  0  0  0  0  0  0  0  0  0  0  0  0  0  0  0  0  0  0  0  0  0  0  0  0  0  0  0  0  0  0  0  0  0  0  0  0  0  0  0  0  0  0  0  1  0  0  0  0  0  0  0  0  
4  4564  0  391  0  44  50  90  244  104  7729  0  0  0  6  13  84  12205  566092  385577  98  69878  387  0  149413  16977  1619  5  8  157  0  563  1519  7610  80  2628  0  46  1  0  25117  9608  9  234180  692  33  17  13363  2165  0  128685  30  1  197  0  219292  177963  0  217  38  31085  0  1  0  137740  913  1519  95  89  0  96  1  206789  346  0  0  0  0  0  1  0  0  0  3  1  0  0  0  0  0  0  0  0  7  0  0  14  0  0  0  0  0  0  0  0  2  0  0  0  0  0  0  0  0  1  0  0  3  0  0  2  0  0  0  0  0  0  0  0  1  0  0  0  0  0  0  0  0  0  52  0  0  0  0  0  0  1  0  
3  140942  0  164  0  10  1  0  5  30  0  0  0  0  0  0  48  2252  282925  1  17848  287  5548  0  2  1374  2  1  0  4  0  389  55  1437  1359  665  111971  171683  2  0  1158  287  1419  701  189  0  18  13860  613  6283  66990  8  0  0  0  6  846  21950  0  81979  215806  0  8  0  374  11  33  6  0  0  1  356365  372656  19  0  1  0  0  0  2  0  0  0  0  0  0  0  0  0  0  0  3  0  0  0  1  36  0  0  0  0  0  0  0  0  3  0  0  0  0  0  0  0  0  5  0  1  0  0  0  0  1  0  0  0  0  0  0  0  2  0  0  0  0  2  0  0  0  0  1  0  0  0  0  0  0  0  1  
1  211165  0  0  1  4  0  1  0  3  0  0  0  0  0  0  51  13  34143  0  549362  14  5542  0  5  16  0  0  0  0  0  100  0  19  3518  3  455163  29470  0  0  12  5  3257  9  2  0  5  258  7  125772  307  0  0  0  0  0  440  8  87723  0  82318  0  2  0  7  3  0  0  0  0  0  174569  45973  0  0  64  0  0  0  0  0  0  0  0  0  0  0  0  0  0  1  0  0  0  32  93  38  0  0  0  0  0  0  0  0  1  0  0  0  0  1  0  0  0  0  2  0  0  0  0  1  1  0  0  7  0  0  0  0  1  0  0  0  0  6  0  1  0  0  0  0  0  0  0  0  0  0  0  
14  281140  0  35  0  31  5  2  6  372  407  0  0  0  0  0  812  1476  50830  4780  909876  839924  575955  9  75  308  4  0  0  20  0  1855  3  8137  62700  10110  4337  18882  0  0  3287  4903  107623  186358  78  4  59  4967  140  245104  270344  0  0  11  0  82  14320  17938  305408  150013  0  0  42  5  1765  31  87  7  0  1  3  9708  212377  1  1  103  0  0  0  71  2  0  6  64  8  0  0  0  0  0  5  77  0  3  585  1055  2306  6  0  0  0  1  0  9  2  166  4  0  2  0  3  0  0  0  108  21  5  107  2  0  53  22  22  0  11  1  0  0  0  43  0  0  0  0  229  1  13  0  3  16  1  0  1  0  69  0  4  2  
168149  0  0  4  276  904  1  88  6  30  0  208  63961  120053  74725  1  0  1239  0  0  2  1  83  296906  0  10  0  0  452  1  0  7307  1  41  19  5  0  1  29130  0  90  0  0  1  656  0  25112  44  3959  0  0  143089  35  42  0  1  0  1  11  0  2  0  644  139383  1  131  67  2325  8  23  1  0  64  0  0  0  0  0  1  0  0  0  0  6  0  0  0  0  0  0  0  1  0  0  3  13  55  0  0  0  0  0  0  2  0  6  0  0  0  0  0  0  0  0  5  0  0  3  0  0  1  0  0  0  0  0  0  0  0  0  0  0  0  0  6  0  1  0  0  13  0  0  0  0  2  0  0  0  
19310  3  0  1  88  25298  2  1  2  199  0  449  72  17  50  1  11200  31466  5  0  17  6  14292  584211  2  5  0  0  6  1  279265  431679  6  379  17953  33  2  63  115  0  79  0  24  36  77  0  34188  4683  647  0  7  296  17  8  0  1  1  11  144  2  78  111  0  187793  25  58  48  5  0  118857  2  13  1704  1  1  3  0  0  0  363  1  0  1  54  0  1  0  0  0  1  3  17  0  0  10  129  628  25  0  0  0  0  0  14  4858  1349  0  0  7  0  0  0  0  0  19  0  0  24  1  0  7  3  1  0  0  0  0  0  0  7  0  0  0  0  27  0  71  0  0  9  0  0  0  28  12  0  0  0  
153168  1  0  0  524  23522  5  6  3  179  0  27  8576  10009  183  2  49  12115  0  0  7  6  576  1013895  1  5  0  0  1  0  440  79608  5  35  104  26  0  19  49744  0  60  0  16  24  73  0  101107  298  2589  1  7  2059  60  25  1  2  1  12  47  0  37  165931  185291  0  9  293  30  39  0  8498  3  6  573  0  2  0  0  0  1  14  0  0  0  28  0  0  0  0  0  0  0  11  0  0  13  111  476  1  0  0  0  0  0  2  1  45  0  0  0  0  0  0  0  0  22  0  0  11  0  0  17  3  2  0  0  0  0  0  0  11  0  0  0  0  38  0  10  0  0  8  0  0  0  0  6  0  1  1  
7  1219  0  210  0  214  7408  16744  7176  2130  565999  2  0  1  90  179  78  74539  375  279767  35  19451  973  4  2924  13910  177124  79  25  431953  0  3363  51  241  1371  5115  0  21  2  0  137227  25  90  419827  2487  9310  38  1721  1370  0  296  152  9  1127  3  477938  435  221338  118  14  2517  1  18  2  0  5990  7455  185  153  0  16409  1  13882  5  0  1  0  0  0  9  2  1  12  31  690  0  0  0  0  0  0  5  0  4  54  128  339  0  0  0  1  1  0  314  0  17  1  0  0  0  0  0  0  0  16  0  0  12  1  0  5  4  2  0  0  0  0  0  0  6  0  0  0  0  28  0  5  0  8  97  0  0  0  0  7  0  0  1  
3109  4  0  0  1388  419536  318519  355701  160095  148879  0  217  1  71  29645  502  104  29366  4  0  1  81  976  49  11  248  4  123  2664  10585  0  118315  6  50  1649  204  0  15  47  2  3123  0  82  58087  17522  94  1307  702  6803  0  12  64415  29953  152175  0  641  1  15  91  0  36  35  45  124  46178  0  5784  29201  761  1  8375  6  649  0  232  0  0  0  1657  48424  12519  5515  165  2533  1  1  0  5  84  50  27  933  0  0  0  11  50  28  0  6  0  8  27  3  17  17390  13  0  0  0  0  0  2  0  94  0  1  1  72  9  154  26  392  0  0  258  315  96  0  17  0  0  0  0  5  30  17  18  1  499303  68  45  19  1  12  0  0  1  
29  2  39281  210  1  451  10303  21786  114697  9008  0  106  0  83  258  3099  408  109859  12  0  1  0  474  3  23193  949313  471661  637003  1329  28746  0  5666  6  157  1017  48837  0  16  61  0  38265  0  65  13661  366295  282410  127  2906  5344  1  25  410  37  6020  9969  350569  4  199  95  1  22  3  24  3  8234  120110  0  15582  1488  0  59696  2  30875  0  0  0  0  0  0  10  4  1  4  16  0  0  0  0  0  0  0  5  0  0  0  0  14  0  0  0  0  0  0  1  0  3  0  0  0  0  0  0  0  0  23  0  0  3  0  0  0  14  5  0  0  1  0  0  0  10  0  0  0  0  0  0  0  0  1  218  1  0  0  0  2  0  1  0  
2485  0  0  123324  93  2528  3898  9246  999  360  0  387722  83  8204  279990  296  16  29207  0  0  0  0  4  55  63  10425  8  6  1078084  129  0  3149  0  3  9  33  0  0  2607  9884  45729  0  0  129  109482  44  3385  63  283920  0  0  557754  2112  141810  1  1952  0  2  5  0  0  1402  51  147  421  15518  6901  0  14224  7  220  0  158  0  0  0  0  0  0  2  1  0  3  5  0  0  0  0  0  0  0  1  0  0  1  0  1  0  0  0  0  0  0  0  0  2  0  0  0  0  0  0  0  0  1  0  0  1  0  0  2  1  0  0  0  0  0  0  0  0  0  0  0  0  1  0  1  0  0  1270  0  0  0  0  0  0  0  0  
46  0  55816  5  2  657  4003  191470  1879  266  0  13  0  35  165216  439958  31  42715  0  0  1  0  4  3  36  653  4181  1  752664  2536  0  509  2  0  6  27  0  0  7  0  407  0  0  2096  369252  21528  350  111  21559  0  0  952  94  176575  0  3751  1  6  6  0  0  24  8  7  3418  11409  1484  110703  0  0  2593  1  78  0  0  0  0  0  0  0  8  3  0  0  0  0  0  0  0  0  0  0  0  0  0  1  1  0  0  0  0  0  0  0  0  0  0  0  0  0  0  0  0  0  0  0  0  0  0  0  1  0  0  0  0  0  0  0  0  0  0  0  0  0  0  0  0  0  0  250  0  0  0  0  0  0  0  0  
113039  0  0  0  149674  385855  1  0  0  8  0  3  2  12  25  112152  4  2579  0  0  1  1  24  41785  0  1  0  0  0  0  384068  111591  0  3  3  2  0  0  21  0  2  0  0  2  5  0  3407  24  612  0  1  132  11  6  0  0  0  0  4  0  1  33  127382  29066  0  72  2  6  0  0  0  0  21  0  288  0  0  0  18  32821  0  0  0  3  0  0  0  0  0  17808  0  0  0  0  0  4  14  103  0  0  0  0  0  0  20966  1353  0  0  0  0  0  0  0  0  1  0  0  0  0  0  2  0  1  0  0  0  0  0  0  0  0  0  0  0  1  0  2  0  0  18  0  0  0  20367  0  0  0  0  
0  3  112  2  0  1472  43452  38766  259967  1189  5  1  0  1  297  3675  40  21484  4  2  0  240  112  0  46  745  159520  17  42  688843  0  955  0  27  214  4405  0  0  0  0  15129  0  11  1522  1121  207693  34  341  784  0  6  118  32  4082  12  212777  0  21  7  0  4  1  5  1  110053  25385  43061  312  87  0  0  1  896  0  0  0  99  0  0  0  6  285  1266  6  24  0  0  0  0  2  0  1  0  0  0  1  2  0  0  0  0  0  0  52435  0  1  0  0  0  0  0  0  0  0  1  0  0  0  0  87  0  1  0  0  0  0  0  0  0  0  0  0  0  0  0  0  0  0  0  42  0  0  0  0  24222  0  0  0  
0  50326  0  0  0  4  1  0  0  4  0  0  0  0  0  0  20  103  7644  0  5055  11  814  0  2  6  0  0  0  0  0  78  0  454  1579  20  1185071  1180804  0  0  25  1  11364  15  0  0  2  1754  1  113779  95  0  0  0  0  0  47  4  523790  397509  7468  0  0  0  11  2  1  0  0  0  0  0  212901  0  0  10  0  0  0  0  0  0  0  0  0  0  0  0  0  0  0  0  0  0  9  24  23  0  0  0  0  0  0  0  0  1  0  0  0  0  0  0  0  0  0  0  0  0  0  0  0  0  0  0  0  0  0  0  0  0  0  0  0  0  2  0  0  0  0  1  0  0  0  0  0  0  0  0  
58  18752  0  303  1  433  1225  723  3630  329  3  3  11  3  92  69  3156  48473  199054  2  3151  756  39156  15  974685  173685  951  6  17  8669  0  6641  22486  1074325  188357  142744  4133  1884799  1  0  21832  359  187170  3042  866  494  218  1133855  1020  14540  94032  240  8  3597  82631  189651  93681  425719  398966  56617  153986  5  83  11  97081  2742  6286  496  191  0  3845  257449  0  5171  0  2  0  0  0  22  0  0  3  22  0  0  0  0  0  0  3  24  0  0  8  40  513  1  0  0  0  0  0  0  1  59  4  0  1  0  1  0  0  0  48  0  1  18  2  0  16  23  6  1  0  1  0  0  0  18  0  0  0  1  53  0  7  0  0  41  1  0  0  0  5  0  3  3  
1  9  0  3642  0  4  0  1  0  14  0  0  0  0  0  0  444  2993  15  0  1  5  290  0  0  22381  0  0  0  0  0  197  317153  425848  47  136188  0  378  0  0  98728  0  5  37  7  0  7  112550  331  0  19  0  0  0  0  1  3  218  22  0  23  0  8  0  128  2  13  0  0  0  0  0  2897  0  0  0  0  0  0  5  0  0  0  3  0  0  0  0  0  0  0  5  0  0  0  2  30  0  0  0  0  0  0  0  0  8  0  0  0  0  0  0  0  0  3  0  0  1  0  0  1  3  4  0  0  0  0  0  0  7  0  0  0  0  0  0  0  0  0  2  0  0  0  0  1  0  0  0  
0  0  0  0  0  4  0  0  0  0  0  0  0  0  0  0  0  10  0  0  0  0  1  14  0  0  0  0  0  0  29757  1240  0  1  0  0  0  1  0  0  0  0  0  0  0  0  1  0  0  0  0  0  0  0  0  0  0  0  0  0  0  0  0  0  0  15  1  0  0  384  0  0  0  0  0  0  0  0  247854  108277  1130  20  7  2  0  0  51  184  112807  123746  580  12681  0  0  3  0  278  731595  0  3  0  0  10  1  27635  9575  1  0  2  0  1  0  759  0  22  0  1  2  53  4  6144  104  2479  1  0  24225  120389  2130  0  5  0  0  0  0  2  63594  1497  13211  0  1415  9  63  7  57466  2  0  0  3  
0  1082  0  0  0  2  0  0  0  35  0  0  0  0  0  0  0  12  1  0  1119  81  45  0  0  0  0  0  0  0  0  88  1  3  3  2  1  0  0  0  4  1  0  4  1  0  4  13  0  0  12  0  0  0  0  0  0  1  0  12  26  0  0  0  1  2  1  1  0  0  0  0  10  0  0  0  0  0  0  10  1  0  0  2  3  1  0  0  0  0  20  15  419091  2456  219521  11260  192  1  76  13  2  1  1  1  0  24  0  36  1  49  19078  1518  0  0  482  261447  4  21766  2  0  8  80  11  23  226274  1  0  0  0  554  139541  35058  390044  298716  18751  0  5  0  1804  1  7  0  4  0  8  1755  27665  1  
0  0  113650  0  0  0  340  364  324  0  1  0  0  0  0  75778  0  0  0  0  0  0  0  0  0  0  845  0  2  3562  0  0  0  0  0  0  0  0  0  0  0  0  0  0  92  886  0  0  0  0  0  0  0  0  0  0  0  0  0  0  0  0  0  0  0  0  4  0  0  0  264  0  0  0  0  0  0  0  0  1  88  89396  1728  0  0  0  0  0  0  484888  0  4  0  0  0  0  0  0  0  2  56493  169258  176784  131004  0  0  0  0  0  1  0  0  0  0  3  0  0  0  561144  335687  0  2  0  0  0  0  0  0  0  90  0  0  0  0  0  0  0  0  0  24  90808  0  82259  0  12401  0  0  0  
0  0  0  0  0  0  0  0  0  0  0  0  0  0  0  0  0  3  0  0  0  0  0  0  0  0  0  0  0  0  0  23  0  0  0  0  0  0  0  0  0  0  0  0  0  0  0  5  0  0  0  0  0  0  0  0  0  0  0  0  0  0  0  0  1  0  0  0  0  0  1  0  1  0  0  0  0  0  0  44  17  4286  358  30  0  302360  0  30  19  14  8204  5294  0  2  0  0  67  5  1  309090  6  154776  163295  6  0  21  9518  8675  22  16728  0  0  2  30  116436  0  10  3  247892  233  30  817  198545  2  0  39  3  224  0  512  0  2  0  0  5  1  2  0  6  158  58314  61647  1850  0  5666  0  26  13867  
0  0  0  0  69  6  1  0  0  0  0  0  0  0  0  73  0  3  0  0  0  0  0  0  0  0  0  0  0  0  96  261  0  0  0  0  0  0  0  0  0  0  0  0  0  0  1  0  0  0  0  1  0  0  0  0  0  0  0  0  0  0  1  0  0  134  0  0  0  21  0  0  0  0  224736  0  0  0  0  434165  2861  39  11  2  0  0  0  31  163259  430605  247  5733  0  0  0  0  62  182  0  0  0  2  11  0  32  1047  1  0  0  0  0  0  5  0  10  0  2  0  36  1  953  76  1034  0  0  27386  715166  7660  0  6  0  0  0  0  1  1500  53  1426  0  3270  8  69  32  5784  4  0  1  3  
8  0  0  0  10583  82692  665  53  36  4  0  0  0  0  1  46590  1  180  0  0  1  1  4  45  0  0  0  0  1  0  21538  22690  0  0  2  0  0  0  0  0  1  0  0  0  0  0  13  4  19  0  0  16  2  1  0  0  0  0  0  0  0  0  286  6  0  64156  0  1  0  31777  0  0  7  0  107225  1  1  0  551922  0  317885  3820  188  26  0  1  7  208  5205  878105  2330  66508  0  0  7  9  1163  263962  1  7  1  13  71  3  91054  249597  8  2  4  1  1  0  101  0  289  0  6  7  377  31  19538  580  10947  4  0  15876  162953  178062  0  33  0  0  0  0  34  4766  44650  90186  1  435987  110  910  714  224102  32  0  13  5  
0  0  1  0  0  12189  32482  3660  4922  42  0  0  0  0  0  20048  0  33  0  0  0  2  20  0  0  0  0  0  0  16  0  83  0  0  4  0  0  0  0  0  2  0  0  4  7  16  0  20  0  0  0  1  2  0  0  1  0  0  1  0  0  0  1  0  0  2581  3  2  0  0  15  0  0  0  349  0  10  1  1566  271763  0  598605  44042  6953  0  0  1  939  31266  616932  80  22616  0  1  1  0  908  79  1  48  5  155  959  1217  41  722  1  0  0  0  0  0  4  0  465  0  0  116  2694  479  1106  75  19555  0  0  29187  28949  203689  1  185  0  1  0  0  0  609  26  244  108  453589  908  16126  6632  1  1623  0  4  1  
0  0  5  0  0  780  10594  12043  40345  21  24  0  0  0  0  11039  0  34  0  0  0  31  6  0  0  0  0  0  0  429  0  13  1  0  0  0  0  0  0  0  2  0  0  8  6  314  0  21  0  0  0  0  0  6  0  1  0  0  0  0  0  0  0  0  0  1630  0  1  1  0  490  0  4  0  1  0  38537  0  41  10811  580858  0  196511  1037  90  0  0  71  684  768619  44  4901  0  0  0  2  154  4  6  188  25  319  14473  1654  1  20  7  0  1  2  0  0  0  0  1649  0  6  17  47591  269330  46  664  5013  1  0  1218  784  62113  2  1315  1  1  0  0  4  6  1  3  31  224332  13963  39426  192559  0  8481  0  20  0  
2  0  84  0  0  9  58  887  19727  272  242  0  0  0  0  1117  2  823  0  0  0  317  163  0  0  1  1  0  0  6156  0  36  12  7  55  10  0  1  0  0  84  0  5  102  0  1021  1  357  1  0  0  0  0  0  0  0  0  0  0  0  0  0  0  0  12  31  2  0  0  0  1723  0  8  0  8  0  363  0  39  106  80524  147904  0  70148  1519  0  0  8  256  309  51  659  0  49  0  40  3770  3  34  3429  307  250  2954  39027  0  11  7  0  4  236  0  0  1  0  2835  0  3  656  6018  113125  26  258  399  0  0  386  451  233  211  18472  0  3  0  0  3  5  0  0  1342  318622  4819  296  374  0  282761  0  89  3  
4  2  0  0  0  37  25  13  1984  5341  59  0  1  0  1  0  83  21520  0  0  1  216  2125  1  1  22  2  0  0  3222  0  882  139  129  1425  248  0  4  0  0  2345  0  95  920  41  4  10  8591  3  2  2  2  0  4  0  6  0  28  24  1  13  0  11  2  394  5148  250  2  0  0  25  1  135  9  0  1  0  5  1  47  15256  2951  100487  0  1114  0  0  4  22  14  93  944  0  0  11  5025  155479  4  0  214  7  162  164  58879  1  39  250  1  9  35  0  0  4  0  7114  0  11  129480  617  182  43  437  481  1  0  57  33  31  24  403  0  1  0  0  349  0  10  0  257  243053  605  78  100  0  2179  0  14  4  
0  8  0  0  0  0  0  0  156  7  134480  0  0  0  0  0  0  20  1  8741  5  46128  0  0  0  0  1018  0  0  22438  0  1  1  0  0  0  0  0  0  0  1  136  0  5492  0  0  0  7  0  0  0  0  0  0  0  2  0  0  0  0  0  0  0  0  211  2  0  0  0  0  3  0  0  0  0  0  0  0  0  0  5  47  236  974  0  0  0  0  0  0  0  0  684  392330  0  32240  22  0  0  0  6401  0  0  80936  0  0  0  0  0  0  0  0  0  0  0  221685  0  694237  0  0  0  0  0  0  85  0  0  0  0  0  288  178934  0  0  906  0  0  0  434000  203  0  0  0  0  128  0  0  0  
0  0  0  0  0  0  0  0  0  1  0  0  0  0  0  0  0  0  0  0  0  0  0  0  0  0  0  0  0  0  0  0  0  0  0  0  0  0  0  0  0  0  0  1  0  0  0  0  0  0  0  0  0  0  0  0  0  0  0  0  0  0  0  0  0  0  0  0  0  0  0  0  0  0  0  0  0  334842  0  2  1  5  2  0  0  0  6582  196915  18  0  4741  32636  0  0  0  0  33  537  0  872  0  62  86908  0  1  2  52987  10040  6483  45  0  2  437  199838  26  0  0  0  17379  1  975  5689  393505  0  0  62838  3  2  0  9  0  0  0  0  0  122  7  0  1  0  4805  402237  1  0  79  0  14  244  
0  0  0  0  0  0  0  0  0  0  0  0  0  0  0  0  0  0  0  0  0  0  0  0  0  0  0  0  0  0  0  1  0  0  0  0  0  0  0  0  0  0  0  0  0  0  0  0  0  0  0  0  0  0  0  0  0  0  0  0  0  0  0  0  0  0  0  0  0  0  0  0  0  0  18  0  0  0  2  21  0  0  0  0  0  1641  0  56353  0  0  0  3333  0  0  0  0  16  143067  0  0  0  0  0  0  64  124  1  5  4  0  0  0  107042  53596  0  0  0  0  0  0  167009  0  38553  0  0  17  1  1  0  0  0  0  0  0  0  100795  95  15393  0  0  0  0  0  0  0  0  0  0  
0  0  0  0  0  0  0  0  0  0  0  0  0  0  0  0  0  1  0  0  0  0  0  0  0  0  0  0  0  0  0  250  0  0  0  0  0  0  0  0  0  0  0  0  0  0  1  0  0  0  0  0  0  0  0  0  0  0  0  0  0  0  0  0  0  2  0  0  0  0  0  0  0  0  2574  0  0  10  180  1151  560  171  29  4  0  84036  75602  0  6561  412  39  2046  0  0  1  0  20  565  1  120  2  1  104  1  30  602  1  2  1  0  0  0  241681  224641  11  0  0  1  477  3  28292  15  116461  0  0  554599  3076  404  0  22  1  0  0  0  0  94402  23  197  1  360  809  3210  70  0  3  0  27  0  
0  0  0  0  0  0  0  0  0  7  0  0  0  0  0  0  0  8  0  0  0  0  2  0  0  0  0  0  0  0  0  43  0  0  1  0  0  0  0  0  0  0  0  3  0  0  0  1  0  0  0  0  0  0  0  0  0  0  1  0  0  0  0  0  0  4  0  0  0  0  0  0  0  0  142664  0  0  0  34482  1775  24947  1450  3028  544  0  2  0  10872  0  22694  23  3779  0  0  0  0  108  323882  0  6  0  31  280975  104  1  82  0  1  0  0  0  0  4  0  158  0  0  9  853  25  660  48  12939  0  0  1420390  1235342  973056  0  51  0  0  0  0  1  61579  5  53  5  11976  375  205939  122586  0  71  0  5  0  
0  0  23  0  21503  2289  4417  1369  45  0  0  0  0  0  0  165945  0  3  0  0  0  0  0  1  0  0  0  0  0  1  129562  105  0  0  0  0  0  0  0  0  0  0  0  0  0  1  0  0  0  0  0  1  0  0  0  0  0  0  0  0  0  0  0  0  0  6  0  0  0  31523  1  0  1  0  239633  0  429960  0  529779  1109647  624666  834315  604  44  0  0  0  266  30442  0  11  4876  0  0  0  0  11  40628  0  4  0  44  24525  23  50287  444  1  0  0  0  0  0  3  0  74  0  0  3  499  18139  275  12  4758  0  0  5918  165023  962306  0  21  0  0  0  0  0  250  18148  52  1  5058  230  2155  233858  348526  50  0  0  0  
0  0  0  0  0  1  0  0  2  5  0  0  0  0  0  0  0  42  0  0  0  0  6  0  0  1  0  0  0  0  0  190  0  0  3  1  0  0  0  0  2  0  0  1  1  0  1  36  0  0  1  0  0  0  0  0  0  0  1  0  0  0  0  0  0  2  1  0  0  0  0  0  4  0  5  3  1  9599  0  1636  9  1140  120  54  0  11480  7  9  2  3  0  524252  0  1  10  2  98421  1099  403  903  1  1060  1330  9  10  297  42084  1442  218068  7471  1933  216  0  0  124609  0  24069  16  20801  520  992  336896  143132  7273  6  9  2  68  0  316  2  2  0  116  662  2  122  7  9  410  3833  401  667  0  245  714  7617  4659  
1  0  0  0  0  10  0  0  1  12  0  0  0  0  0  0  0  53  0  0  1  0  34  0  0  0  0  0  0  0  0  1864  0  1  5  3  0  0  0  0  1  0  1  2  0  0  6  24  1  0  0  0  0  1  0  0  0  0  1  0  1  0  2  0  1  9  0  0  0  0  0  0  2  0  2687  0  1  7614  227  12797  306  683  52  16  0  107248  10348  417  540  175  321189  0  1  0  106  10  224675  118638  82  85  5  13  430  3  164  4636  1668  136  66674  28  1047  127  178  835  3066  0  8742  15  26802  152  202852  50975  278735  3552  4  5786  1912  341  0  156  0  1  0  37  518  2168  1232  259  1  3172  482  3675  653  1  166  454  2301  124  
0  0  0  0  0  0  0  0  0  0  0  0  0  0  0  0  0  0  0  0  1  0  0  0  0  0  0  0  0  0  0  0  0  0  0  0  0  0  0  0  0  0  0  0  0  0  0  0  0  0  0  0  0  0  0  0  0  0  0  0  0  0  0  0  0  0  0  0  0  0  0  0  0  0  1  347713  0  0  0  4  0  0  1  0  930  0  0  1  3  0  2  29  0  112980  2780  1025  26  1  239759  14  2  1  0  0  0  0  0  3  0  1  75  1225  3  0  88  159301  8  51803  3  0  21  44  321  2  56284  88  1  0  0  18172  786572  596000  307596  1986  7788  9  0  1  7255  0  2  8  2  0  7  160  333307  0  
0  1  0  0  0  0  0  0  0  0  43050  0  0  0  0  0  0  0  1  5867  0  1666  0  0  0  0  748  0  0  2118  0  0  0  0  0  0  0  0  0  0  0  135  0  130  0  0  0  0  0  0  0  0  0  0  0  0  1  2  0  0  0  0  0  0  25  0  0  0  0  0  0  0  0  0  0  262  0  0  0  0  1  0  7  1  553586  0  0  1  0  0  0  7  85372  0  6  463  1  1  20485  2  99694  0  1  56265  0  1  0  0  0  0  0  0  1  0  32  172351  0  44842  1  37  11  1  42  0  1139  50  1  0  1  90806  5515  566145  4  9  2215  3  0  0  481547  1  1  5  0  0  14362  0  42  0  
1  293  0  0  0  12  0  0  1  121  0  0  0  0  0  0  1  94  0  0  633  189  436  1  1  0  0  1  0  0  0  1549  2  12  13  11  22  4  0  0  7  0  7  16  2  0  19  97  0  0  9  0  0  0  0  0  0  0  11  15  187  0  6  0  5  14  2  0  0  0  0  4  76  0  16  248359  0  0  1  405  1  3  2  61  0  8  0  1  0  0  139  834  1672  3  0  74661  153545  153  319  120  3  0  0  18  26  2806  13  105  55  414  77428  14  0  0  1987  60  150  475  3  0  1205  314  78  264225  70795  15  0  0  0  1875  1320  505  4086  459257  587994  7  389  18  40  58  6  0  1  0  24  38  7072  16  
11  1859  0  0  0  18  1  1  176  468  204  0  0  0  0  0  8  992  1  0  2418  16692  978  5  0  0  0  0  0  189  0  1752  6  37  62  35  8  2  0  0  110  414  4  876  15  0  49  534  2  0  42  0  0  0  0  0  0  9  28  9  498  0  15  6  29  43  5  0  0  0  13  0  215  0  3  13542  0  0  0  144  3  17  71  6014  15318  0  0  0  0  0  8  104  9122  1926  89844  0  163968  13  1060  247  0  1  0  5195  6  460  2  2  8  19  4  1  0  0  19415  272297  9  853150  0  0  127  49  56  2  351978  6  2  0  0  361  16534  10959  609  5262  921946  1  97  1  9711  213  1  0  1  0  15247  1  4240  1  
39  13  0  0  0  71  0  8  110  7034  3  0  0  0  0  0  84  18448  2  0  105  172  10565  6  1  12  0  0  0  60  0  8427  178  212  1315  519  10  26  0  0  2174  0  123  1729  27  0  152  7734  8  3  25  0  1  0  0  3  0  51  181  8  89  0  82  7  443  138  36  2  0  2  7  6  867  2  251  85  0  5  8  5223  1593  673  7538  152887  69  665  3  1  16  3  63475  329359  4  7  112398  104421  0  198626  1113  227  7  93  92  7218  4309  20291  1450  856  70729  850  25902  308  9  0  51936  3  291341  87713  408  139  68171  32679  1033  154252  77  102  20  15  18  2658  17  32  19  2267  846193  146  87925  4002  825  14707  446  20  64  6  50806  712  36694  4393  
0  0  0  0  0  7  0  0  0  13  0  0  0  0  0  0  0  6  0  0  0  0  39  630  0  0  0  0  0  0  28443  774  0  0  0  0  0  1  0  0  0  0  2  3  0  0  0  4  0  0  1  0  0  0  0  0  0  0  0  0  0  0  18  0  0  4  0  0  0  75  0  0  8  0  379121  0  0  0  1099  172429  263  2  0  2  0  5803  208120  1636  159177  3550  1762  151420  0  0  71  11  194666  0  2  0  0  0  0  0  93530  28775  11  21  461  0  1  0  820  14  113  0  219  7  6  0  474717  369  503  2  0  3097  715  429  0  7  0  0  0  2  247  187193  467235  1054733  0  196  0  6  6  44644  2  0  26  5  
0  0  0  0  0  0  0  0  0  0  0  0  0  0  0  0  1  0  0  0  0  0  0  0  0  0  0  0  0  0  0  2  0  0  0  0  0  0  0  0  0  0  0  0  0  0  0  0  0  0  0  0  0  0  0  0  0  0  0  0  0  0  0  0  0  0  0  0  0  0  0  0  0  0  1  324  0  0  0  5  11  155  1848  1  1  0  0  3  4  0  1045  867  200745  8144  377  45  2560  3  0  208548  20936  11  89  74  0  1  4  27018  34  8733  192  17  2  0  12723  176  530  3344  1229  69  27  1474  297  339  5346  96  7  4  209411  705152  1529  43869  131  8000  11988  6  1  1  417  687  9437  92  47  0  647  13  1146378  10  
0  0  0  0  0  0  1  0  7  14  0  0  0  0  0  0  3  73  0  0  0  1  6  0  0  0  0  0  0  0  0  74  0  4  9  2  0  0  0  0  6  0  0  3  2  0  1  99  0  0  0  0  0  0  0  0  0  0  1  0  0  0  0  0  2  2  0  0  0  0  0  0  7  0  11  27  0  297543  9  258  96  4153  1893  129  0  173  0  601  130  21  1426  16328  39  6  252  8  1296  19  159364  0  2681  116841  726  20  0  66  7012  26847  27  583070  83  18  219  1245  639064  2  234  260  40228  485  460  9614  112683  172  123  2730  76  315  222471  148979  43  242  5  1692  12885  216  8  18  1103  3547  575662  2524  13980  0  15751  12  38031  19476  
0  0  101  0  0  0  0  0  0  0  81  0  0  0  0  2  0  0  0  9  0  0  0  0  0  0  311  0  0  1297  0  5  0  0  0  0  0  0  0  0  0  0  0  0  0  17  0  3  0  0  0  0  0  0  0  0  0  0  0  0  0  0  0  0  3  0  0  0  0  0  0  0  0  0  36  1  58725  0  14  54  93  570  55779  20  2278  0  0  51  63  9  10  515  2  85688  1  0  14  19  28657  1588  0  5170  318  964854  0  6  1  0  0  53  0  0  44  0  578  0  2  7  2180  229527  587  55  2049  0  2  2250  90  27  872  1165190  0  2  0  0  5  110  0  33  113410  4238  359190  276  66  0  122515  0  84  0  
0  0  213  0  0  0  0  0  0  0  0  0  0  0  0  1  0  5  0  0  0  0  0  0  0  0  0  0  0  3  0  11  0  0  0  0  0  0  0  0  0  0  0  0  0  2  0  1  0  0  0  0  0  0  0  0  0  0  0  0  0  0  0  0  0  0  0  0  0  0  0  0  0  0  0  0  141490  178995  0  39  30  324  1233  57  0  122  0  0  13  1  147  1517  0  0  0  1  55  6  1  99223  5059  0  104053  356  0  12  25  13  8  27  0  0  1  1  4115  0  2  7  1380820  19514  41  303  1334  0  1  9  3  24  2  5340  0  0  0  1  2  0  0  0  12  430  811342  342  292  0  5650  0  30  0  
0  0  1  0  0  0  1  0  2  5  0  0  0  0  0  0  1  9  0  0  0  0  0  0  0  0  0  0  0  0  0  18  2  0  0  0  0  0  0  0  0  0  0  1  0  0  0  10  0  0  0  1  0  0  0  0  0  0  0  0  0  0  0  0  0  0  0  0  0  0  0  0  0  1  3  0  163452  148094  14  140  587  9005  582  29  0  63783  0  354  264050  21396  126  12893  0  0  1  0  49  3  1  381  1  123420  0  17  0  31  8  1  3  2  0  0  12  1  1876  0  2  2  1180936  58871  160  535  18272  1  0  23637  151  5861  1  226  0  0  0  0  1  30  1  4  8  678  716  653211  576306  0  355  0  31  0  
0  0  16851  0  0  0  16  68  15510  48  3298  0  0  0  0  3145  0  73  0  28  1  179  50  0  0  0  8547  0  2  233770  0  39  0  0  5  3  0  0  0  0  9  0  0  33  47  2265  0  27  0  0  0  0  0  0  0  4  0  0  0  0  2  0  1  0  389  2  12  0  0  0  6269  0  2  0  0  0  123073  2  1  10  1943  3673  47338  62464  74005  0  0  0  5  129  20  223  0  27391  1  2312  1399  0  5  175  1029299  190  79  0  0  7  2  0  1  40  1  0  1  0  575  0  4  30588  923  632085  30  60  138  2  0  83  7  10  22  183850  0  2  0  0  75  6  0  0  371633  8966  26535  17  36  0  991538  0  9  0  
11  1  0  0  0  495  0  0  0  5  0  0  0  0  0  0  2  91  0  0  1  0  22  1734  0  0  0  0  0  0  78370  30398  0  0  2  0  0  1  0  0  1  0  0  1  1  0  141  4  6  0  0  0  0  0  0  0  0  0  0  0  1  0  2474  14  2  4  2  0  0  6488  0  0  8  0  35014  1  0  0  35  77588  4  0  0  6  0  7  4  0  2  24696  43  1725  0  0  73  16  5591  128145  3  0  0  0  0  1  0  192100  0  0  87  0  1  0  9  0  44  0  5  8  0  0  62893  15  13  2  0  23  8  5  0  5  0  0  0  0  70  395  539323  14742  0  17  0  0  0  227659  2  0  7  0  
18  1  0  0  1  3638  7  0  2  105  0  0  0  1  0  1  2  390  1  0  11  9  253  178  0  1  0  0  0  0  44  126880  1  9  23  3  0  1  0  0  6  0  4  16  8  0  176  62  13  0  1  0  0  0  0  0  0  0  8  0  5  1  1110  29  5  1521  3  0  0  386  1  0  73  0  7052  3  0  0  296  150516  65  8  2  42  0  129  5  8  16  41  1334  19263  0  0  508  219  22533  15695  7  0  0  0  3  9  150283  0  2  4  184  1  6  0  58  0  398  0  18  77  44  1  88638  295  730  7  1  569  90  18  0  51  0  1  0  2  644  2316  141831  28244  0  27038  10  4  1  618  15  0  34  3  
0  1  0  0  0  6  2  0  73  76  0  0  0  0  0  0  4  381  0  0  0  4  41  0  0  0  0  0  0  5  0  98  4  10  14  9  0  0  0  0  32  0  1  21  1  0  1  358  0  0  1  0  0  0  0  0  0  2  1  0  0  0  0  0  7  14  1  0  0  0  0  0  22  0  0  0  0  9619  0  474  26  62  458  849  1  50765  0  9  13  2  28523  4827  2  0  3  1  1807  15  1  3638  16  15  11  20  1  107  0  175613  20901  29530  11  4  8  0  137249  0  447  35  93  4  178  252632  2837  21  2  88  7  2  1  2511  0  13  0  1  84  7  10  0  20  2384  32  19  7  0  360  0  138742  412511  
0  0  0  0  0  0  0  0  0  3  0  0  0  0  0  0  0  15  0  0  1  0  1  0  0  0  0  0  0  0  0  23  0  0  2  0  0  0  0  0  0  0  0  0  0  0  0  24  0  0  1  0  0  0  0  0  0  0  0  0  0  0  0  0  0  0  0  0  0  0  0  0  0  0  0  86  0  22641  0  46  2  0  14  26  0  9794  58  10  7  0  1622  1263  8  0  1261  0  5927  50  47319  55411  4  67  5  0  0  21  110788  0  621476  305942  270  99140  1  5  24619  0  143925  5  30  0  52  106874  1159  299  18  24  1  0  0  560  2  4  25  9023  35387  1  3  0  4  62  3  3  1  0  43  43  817303  56390  
0  0  0  0  0  0  0  0  0  2  0  0  0  0  0  0  0  1  0  0  0  0  0  0  0  0  0  0  0  0  0  24  0  0  0  0  0  0  0  0  0  0  0  0  0  0  0  8  0  0  0  0  0  0  0  0  0  0  1  0  0  0  0  0  0  0  0  0  0  0  0  0  0  0  0  3  0  14  0  9  0  0  2  2  0  9477  48  3  0  0  207136  72653  1  0  14  1  62289  662  102  7  2  0  0  0  20  24  23632  653626  0  58  33  1823  0  3  1741  0  331072  1  13  0  81  436901  41  15933  4  1  0  0  0  62  0  2  3  1123  356  0  52  1  1  11  1  1  0  0  2  4652  416435  150  
0  0  0  0  0  0  0  0  1  3  0  0  0  0  0  0  0  21  0  0  0  0  0  0  0  0  0  0  0  0  0  13  0  1  1  0  0  0  0  0  0  0  0  0  0  0  0  22  0  0  0  0  0  0  0  0  0  0  0  0  0  0  0  0  0  1  0  0  0  0  0  0  2  0  0  31  0  8671  0  49  4  10  1678  15  0  11  0  1  2  0  2844  1653  3  0  560  5  8290  7  71299  589656  3  43  12  0  1  14  36550  363254  132  0  282  19  1  0  395601  0  1565  82  89  6  15  16667  2931  492  12  19  0  0  97334  1315  3  4  6  3317  48611  1  2  0  3  3932  18278  1  7  0  43  25  40656  267391  
0  2  0  0  0  0  0  0  0  3  0  0  0  0  0  0  0  4  0  0  7  2  3  0  0  0  0  0  0  0  0  25  0  0  0  0  1  0  0  0  1  0  0  0  0  0  0  1  0  0  0  0  0  0  0  0  0  0  0  0  1  0  0  0  0  0  0  0  0  0  0  0  2  0  1  16549  0  0  0  9  0  0  6  5  0  0  0  0  0  0  366  222  5  0  105584  44  34199  2  4  14  0  0  0  0  0  45  24  29  28  23  0  399645  0  0  223  1  163250  8  3  0  10  809  6  519540  2  0  0  0  0  11  0  0  75516  304031  1066  0  5  0  0  17  3  0  0  0  0  980412  59185  33  
0  0  0  0  0  0  0  0  0  2  0  0  0  0  0  0  0  0  0  0  0  0  0  0  0  0  0  0  0  0  0  0  0  0  0  0  0  0  0  0  0  0  0  0  0  0  0  0  0  0  0  0  0  0  0  0  0  0  0  0  0  0  0  0  0  0  0  0  0  0  0  0  0  0  0  276  0  9  0  0  0  0  0  0  0  2  1  1  0  0  275  100  5510  0  67  0  1318  0  2  2  0  0  0  0  0  0  2  100942  515  12  415863  0  0  1  74  0  158642  0  0  0  0  544  1  52728  0  0  0  0  0  0  30  0  62703  105803  3019  0  0  0  0  0  0  0  0  0  0  1013476  1374701  10  
0  0  0  0  0  0  0  0  0  0  0  0  0  0  0  0  0  2  0  0  0  0  0  0  0  0  0  0  0  0  0  202  0  0  0  0  0  0  0  0  0  0  0  0  0  0  0  0  0  0  0  0  0  0  0  0  0  0  0  0  0  0  0  0  0  1  0  0  0  0  0  0  0  0  2387  1  0  3  249  1306  723  7  5  1  0  440  98407  213717  256  71  28  1732  0  0  0  0  18  474  0  242  0  0  14  0  37  561  0  0  0  0  0  0  0  137975  9  0  0  0  327  0  115891  10  270787  0  0  87018  1060  356  0  9  0  0  0  0  1  114789  29  4884  1  186  1122  1580  5  0  1  0  16  0  
0  0  0  0  0  0  0  0  0  0  0  0  0  0  0  0  0  0  0  0  0  0  0  0  0  0  0  0  0  0  0  0  0  0  0  0  0  0  0  0  0  0  0  0  0  0  0  0  0  0  0  0  0  0  0  0  0  0  0  0  0  0  0  0  0  0  0  0  0  0  0  0  0  0  13  0  0  148  2  12  5  22  0  0  0  160789  73553  273694  2  2  2  361  0  0  0  0  0  23  0  2948  0  10  5  0  0  1  0  0  0  0  0  0  94433  0  55  0  0  0  837  1  317  2  76097  0  0  2732  7  2  0  3  0  0  0  0  0  9  0  0  0  1  6852  7458  8  0  27  0  0  0  
0  4  0  0  0  7  0  1  136  190  0  0  0  0  0  0  23  995  0  0  0  8  110  0  0  0  0  0  0  6  0  673  10  26  37  29  0  0  0  0  66  0  2  36  4  0  1  1040  8  0  2  0  0  2  0  0  0  5  10  0  4  0  2  0  14  40  8  0  0  0  1  0  90  1  66  213  11  183220  69  2328  611  11307  6494  3506  0  40  0  667  1003  69  94647  60510  204  18  138  664  71266  140  57859  425464  390  60067  3124  669  7  702  121153  39171  741  337755  1404  33  651  59  0  2  8133  17063  83546  1241  2772  186337  308510  1918  633  16654  695  1235  24949  49412  849  1143  161  996  214388  1010  52  44  2267  9304  62133  5944  17635  0  15036  86  77528  131300  
0  258  0  0  0  0  0  0  0  8  40  0  0  0  0  0  0  5  0  0  81  7730  5  0  0  0  0  0  0  0  0  14  0  0  0  0  0  0  0  0  0  535  0  50  1  0  2  0  0  0  3  0  0  0  0  0  0  1  0  0  6  0  0  0  0  1  0  0  0  0  0  0  6  0  0  203628  0  0  0  0  0  0  0  0  274297  0  0  0  0  0  0  1  158078  147620  74  254512  9  0  0  1  0  0  0  0  0  0  0  0  0  0  0  0  0  0  4  0  0  361527  0  0  0  2  0  0  150494  0  0  0  0  26  348778  51432  150  30  1400  0  0  0  1255  0  0  0  0  0  1  0  56  0  
0  0  0  0  0  0  0  0  4  15  0  0  0  0  0  0  1  45  0  0  1  0  5  0  0  0  0  0  0  0  0  16  0  1  0  1  0  0  0  0  2  0  0  3  0  0  1  48  0  0  0  0  0  1  0  0  0  0  1  0  0  0  0  0  0  3  0  0  0  0  0  0  5  0  0  9  0  0  0  34  3  4  35  55  0  2  7  0  1  0  18857  8707  2  0  76  0  252916  305  261  51  0  1  0  1  1  11  836  127316  304888  495  223103  137538  1  0  10596  0  0  1  22  1  21  47794  108  212307  14  7  1  1  0  219  3  6  4  5515  6849  1  5  4  4  176  10  1  3  0  17  26539  223482  2700  
3  0  0  0  0  5  2  2  69  637  72  0  0  0  0  0  7  1471  0  0  5  7477  690  0  0  1  2  0  0  284  0  554  13  11  102  27  1  4  0  0  181  3  10  184  1  1  13  586  1  0  0  0  0  0  0  0  0  3  10  0  8  0  12  1  40  11  2  0  0  0  2  1  47  1  8  30674  0  5  5  76  511  176  1968  143348  544274  0  0  47  58  3  31  249  60970  24224  7960  612200  137378  4  1143  737  23  65  30  48583  2  141  7  1  7  54  3  0  54  0  36080  299154  18  0  166  30  229  216  6127  3  163014  1170  47  12  4  6924  246468  155120  3695  17253  84560  88  28  8  459467  2891  323  33  36  0  114674  0  23593  4  
0  0  780  0  0  4  1  1  25  42  0  0  0  0  0  4  6  209  0  0  0  0  18  0  0  0  2  0  0  2  0  180  2  11  9  9  0  1  0  0  14  0  0  6  5  3  0  302  0  0  1  1  0  0  0  0  0  1  7  0  1  0  0  0  4  6  1  1  0  0  0  0  32  0  118  6  433902  232817  77  785  1674  72892  3965  466  1  8070  0  3010  3276  431  2564  57009  22  0  2  0  699  77  270  39282  699  1419298  1065941  1607  1  196  115  5  33  38  15  0  1798  437  50898  0  59  94  0  411496  2540  9147  323260  18  53  17895  744  15050  11  25175  22  266  3  4  42  1931  14  64  57  3357  943656  217201  173943  0  15569  1  8356  18  
0  0  19861  0  0  1  98  1499  491  2  1  0  0  0  0  4163  0  25  0  0  0  0  3  0  0  0  185  0  0  8285  0  25  0  1  0  1  0  0  0  0  1  0  0  0  1  226  0  19  0  0  1  0  0  0  0  0  0  0  0  0  0  0  0  0  1  6  1  0  0  0  100  0  5  0  3  1  251811  16  4  60  2133  347614  168439  172  0  0  0  10  214  20781  156  2385  1  1  1  0  196  12  94  1256  113378  11464  63475  507323  0  24  1  0  9  88  3  0  8  1  9861  0  12  27  567178  0  120  481  1671  6  1  365  29  396  351  183379  0  7  1  1  8  22  1  1  40  12782  185762  1191  23625  0  264319  0  136  7  
3  1  0  0  0  99  0  0  0  20  0  0  0  0  0  0  1  122  0  0  3  1  62  1  0  0  0  0  0  0  0  9497  0  2  5  2  0  0  0  0  2  0  0  1  0  0  34  11  5  0  0  1  0  1  0  0  0  0  3  2  1  0  22  4  1  10  0  0  0  0  0  0  16  0  28356  2  0  0  1478  23143  5921  20  18  12  0  4291  194743  9167  1264  416  493  177295  0  0  121  42  32373  368085  0  0  0  0  10  1  39090  116909  4  0  43  0  2  0  124923  258  102  0  4  28  42  1  0  221  72488  0  0  16536  6358  1414  0  10  0  0  0  0  156  147074  119430  196378  0  1716  15  86  16  34  13  0  9  2  
0  0  0  0  0  2  2  0  37  127  0  0  0  0  0  0  19  706  1  0  0  0  81  2  0  1  0  0  0  2  0  437  15  25  38  25  0  1  0  0  45  0  3  21  4  0  0  887  3  0  0  0  0  0  0  0  0  3  13  0  4  0  3  1  9  28  5  0  0  0  0  0  85  1  3  26  1  180  4  1924  27  377  427  583  1  11520  4  22  98  5  268650  142969  28  6  52  3  61650  234  853  374  36  81  736  25  12  513  202337  106192  451754  3129  6492  278  12  0  121088  1  71625  95  7198  195  1023  0  10527  12520  126  343  20  110  1  7666  24  62  7  760  2272  24  74  5  70  1720  1577  773  304  0  4157  758  918465  27950  
0  0  0  0  0  8  2  0  1  3  0  0  0  0  1  0  1  45  0  0  0  0  5  0  0  0  0  0  0  0  0  883  0  0  2  2  0  0  0  0  1  0  1  1  0  0  4  18  1  0  0  0  0  0  0  1  0  0  2  0  2  0  0  0  0  19  0  0  0  0  0  0  5  0  3366  0  11  139909  2825  11882  6999  24069  1092  326  0  287286  15926  115450  40727  8781  102529  331677  1  0  5  0  10435  1283  18  31008  31  2305  7459  59  36  1728  760  187  199  1227  121  2  136245  55166  110935  0  829  46  374371  3721  66032  9793  0  134  8  332979  41765  12895  1  2636  5  20  0  1  39  18915  87  1014  60  4852  52230  281841  10670  1  3773  7  1562  688  
0  0  0  0  0  1  0  0  0  4  0  0  0  0  0  0  0  11  0  0  0  0  2  0  0  0  0  0  0  0  0  38  0  0  0  0  0  0  0  0  2  0  0  1  0  0  0  13  0  0  0  0  0  0  0  0  0  0  0  0  1  0  1  0  1  3  0  0  0  0  0  0  2  0  0  37  0  0  0  14  0  0  8  11  0  0  0  0  0  0  2213  1385  0  0  244125  0  128020  1  40  22  0  0  0  0  0  24  79  60  5080  63  418049  21752  0  0  1283  0  237884  5  11  0  17  8058  21  0  1  3  0  0  0  41  0  2  58  286126  248173  0  5  0  0  29  5  1  0  0  1  138234  120797  192  
0  174  0  0  0  0  0  0  0  4  0  0  0  0  0  0  0  0  0  0  175  8  3  0  0  0  0  0  0  0  0  4  0  0  0  0  0  0  0  0  0  0  0  0  0  0  0  1  0  0  2  0  0  0  0  0  0  0  0  0  7  0  0  0  0  1  0  0  0  0  0  0  0  0  0  331846  0  0  0  2  0  4  0  0  463  0  0  1  1  0  16  27  49503  5486  66736  328018  149  0  224  111  7  0  0  0  0  3  0  0  1  8  2  0  0  0  711  194218  22  146986  3  2  1  180  107  5  0  8  0  0  3  3971  174762  42391  770  9067  281869  0  2  0  10540  1  18  2  10  0  15  0  18888  0  
1  0  0  0  0  12  6  0  3  12  0  0  0  0  0  0  0  22  0  0  0  0  8  1  0  1  0  0  0  0  0  1004  0  1  3  0  0  1  0  0  0  0  0  1  1  0  4  6  0  0  0  1  1  1  0  0  0  0  0  0  0  0  0  0  0  67  0  0  0  0  0  0  1  0  82230  0  0  9  30968  31814  41786  4837  6047  1156  0  62787  46  572221  1336221  27995  490  26674  4  0  0  1  458  14919  4  225  13  52  58459  236  134  3373  6  0  1  0  0  0  178968  676  331  0  3  36  2643  69  108487  223  361752  1  0  0  409063  66504  0  389  0  6  0  0  6  272490  169  4743  39  26282  970  373975  3624  6  163  0  394  4  
0  0  0  0  0  5  2  0  0  0  0  0  0  0  0  0  0  2  0  0  0  0  0  0  0  0  0  0  0  0  0  138  0  0  0  0  0  0  0  0  0  0  0  1  0  0  2  1  0  0  0  0  1  0  0  0  0  0  0  0  0  0  0  0  0  41  0  0  0  0  0  0  1  0  124835  0  0  0  699078  117609  10332  1127  195  30  0  1  1  9462  1707349  125681  105  9544  0  0  2  0  62  1828  0  2  0  7  80  6  28  340  0  0  0  1  0  0  14  0  42  1  1  0  260  15  2930  57  14171  0  0  676667  0  581434  0  14  0  0  0  0  1  35595  37  386  0  5373  71  9027  1196  0  27  0  2  1  
0  0  0  0  0  4  13  0  1  4  0  0  0  0  0  1  0  11  0  0  0  0  4  0  0  0  0  0  0  0  0  37  0  0  1  0  0  0  0  0  2  0  1  3  0  0  0  15  0  0  0  0  0  0  0  0  0  0  0  0  0  0  0  0  0  17  0  0  0  0  0  0  2  0  179  0  3  0  3096  122247  271605  130398  7960  981  0  0  0  2476  994431  1018324  59  10862  0  0  0  0  200  17  0  40  4  371  18678  203  1  67  1  0  0  1  0  0  0  0  805  0  0  29  36928  1976  688  229  15668  0  0  49120  620858  0  1  195  0  0  0  0  0  150  3  12  17  33061  3100  333520  230115  0  322  0  9  1  
0  0  0  0  0  0  0  0  0  1  0  0  0  0  0  0  0  5  0  0  0  0  0  0  0  0  0  0  0  0  0  2  0  0  0  0  0  0  0  0  0  0  0  0  1  0  0  2  0  0  0  0  0  0  0  0  0  0  0  0  0  0  0  0  0  0  0  0  0  0  0  0  0  0  0  0  1  0  0  4  21  404  10866  19  0  0  0  0  5  2  7  330  0  1  0  0  2  0  252618  269987  216  23  182  5  0  3  3  0  1  88278  0  0  0  0  36047  0  1  1  1035  272  2  152  232  0  0  9  0  12  0  264959  0  0  0  0  0  0  0  0  1  7682  104623  30  393  0  1559  0  22024  0  
0  0  3  0  0  2  0  0  6  15  0  0  0  0  0  0  0  71  0  0  0  0  8  0  0  1  2  0  0  5  0  81  0  1  8  2  0  0  0  0  8  0  0  1  0  0  1  77  1  0  0  0  0  0  0  0  0  0  1  0  0  0  0  0  2  4  1  0  0  0  0  0  10  0  296  1452  164  18  161  651  1340  9878  236386  302  3  0  0  547  844  91  618  11984  17694  117197  538  36  1161  221  727156  227977  1380683  23357  10618  353674  2  125  53  11  67  4452  35  1  523  1  38696  175  260  3936  130242  95276  5545  5161  38301  47  10933  21707  912  601  159479  0  13555  201847  1429  1617  2488  1466  6  226  128136  99871  376624  3537  6707  0  401723  3  163140  40  
0  0  0  0  0  0  0  0  0  0  0  0  0  0  0  0  0  0  0  0  0  0  0  0  0  0  0  0  0  0  0  0  0  0  0  0  0  0  0  0  0  0  0  0  0  0  0  0  0  0  0  0  0  0  0  0  0  0  0  0  0  0  0  0  0  0  0  0  0  0  0  0  0  0  0  51231  0  0  0  0  0  0  0  0  51  0  0  0  0  0  0  7  841870  9137  2462  5909  30  0  69  30  1  0  0  0  0  0  0  2  0  6  0  1  0  0  815  327209  3  285606  1  0  1  13  19  0  162356  4  0  0  0  300  0  136444  28108  6565  56605  0  0  0  23031  0  2  0  2  0  3  0  64287  0  
0  0  0  0  0  0  0  0  0  0  0  0  0  0  0  0  0  1  0  0  0  0  0  0  0  0  0  0  0  0  0  1  0  0  0  0  0  0  0  0  0  0  0  0  0  0  0  0  0  0  0  0  0  0  0  0  0  0  0  0  0  0  0  0  0  0  0  0  0  0  0  0  0  0  6  3642  0  0  5  16  9  19  18  1  236457  0  0  20  21  2  13  187  659267  556423  1079  4889  92  5  104339  70  52  2  4  0  0  4  1  0  1  1  7  0  11  0  2461  61831  12  284706  37  6  97  162  1479  7  22801  534  11  11  2  169323  106290  0  1150  2457  16915  42  0  5  274392  16  31  48  14  0  1447  0  108379  5  
0  0  0  0  0  1  0  0  0  0  0  0  0  0  0  0  0  1  0  0  0  0  0  0  0  0  0  0  0  0  0  1  0  0  0  0  0  0  0  0  0  0  0  0  0  0  0  0  0  0  0  0  0  0  0  0  0  0  0  0  0  0  0  0  0  0  0  0  0  0  0  0  0  0  0  432872  0  0  0  0  0  2  2  0  0  0  0  0  0  0  25  34  217785  1  6956  53  245  0  116  4  2  0  2  1  0  1  0  27  2  12  87490  101096  0  0  662  25  22  2048  7  1  3  108  15  17  20210  2  0  0  0  608  8607  534  0  69362  3953  0  0  0  95  1  19  0  3  0  10  158871  161849  0  
0  0  0  0  0  0  0  0  0  1  0  0  0  0  0  0  0  3  0  0  3  1  2  0  0  0  0  0  0  0  0  28  1  0  0  0  0  0  0  0  1  0  0  0  0  0  0  3  0  0  0  0  0  0  0  0  0  0  1  0  0  0  0  0  0  0  0  0  0  0  0  0  2  0  0  269640  0  0  0  5  0  1  2  1  0  0  0  1  0  0  312  242  7148  28  437040  404  17479  2  442  1081  6  0  0  0  0  18  7  1937  913  4558  312569  11285  0  0  12482  22  34081  4202  2  0  2  1274  37  359721  12939  1  1  2  1  1005  2792  5749  70023  0  207661  0  1  0  602  3  10  1  6  0  14  44037  312574  59  
3  39  0  0  0  7  0  0  5  76  0  0  0  0  0  0  4  175  0  0  83  67  353  0  0  0  0  0  0  3  0  1138  1  15  16  15  0  3  0  0  14  0  4  20  1  0  9  124  1  0  3  0  0  0  0  0  0  8  15  0  35  0  4  0  4  11  1  0  0  0  0  0  105  0  8  58827  0  0  0  360  0  7  17  629  689  1  0  2  1  1  1408  2624  22632  3491  540200  868636  788800  161  9815  3951  6  2  1  356  14  1309  70  6812  2544  17864  1222  368  2  0  245581  399  31219  155192  18  0  497  9313  278  339998  243832  33  0  1  0  7738  90391  12054  5384  185180  0  3  156  5  16750  70  20  4  15  1  4172  119  189469  594  
0  0  0  0  0  1  0  0  0  1  0  0  0  0  0  0  1  4  0  0  0  0  1  0  0  0  0  0  0  0  0  933  0  0  1  0  0  0  0  0  0  0  0  0  0  0  0  0  0  0  0  0  0  0  0  0  0  0  0  0  0  0  1  0  0  10  0  0  0  0  0  0  0  0  77442  0  0  0  5406  21794  665  36  0  0  0  1  132996  88070  78385  360  147  3846  0  0  2  0  898  220719  0  35  0  0  15  1  3261  13719  1  0  0  0  0  0  25331  14  10  0  0  0  186  3  137914  37  9167  0  0  305431  21075  633  0  34  0  2  0  0  2  0  4938  117978  3  581  154  306  16  25  6  0  42  1  
9  3  0  0  2  187  0  0  0  33  0  0  0  0  0  0  2  120  0  0  6  6  144  59  0  0  0  0  0  0  1729  5901  3  0  6  3  0  0  0  0  4  0  2  4  0  0  104  13  4  0  0  2  0  0  0  0  0  0  2  0  2  0  262  11  1  5  1  0  0  11  0  0  11  1  2088  3  0  0  78  188852  17  0  2  17  0  1603  12  3  2  473  3745  18297  0  0  356  78  99872  540556  4  0  0  0  0  3  535336  171466  7  17  658  1  5  0  17  0  349  1  22  29  9  1  107309  103  120  5  1  79  25  5  0  45  0  0  0  1  497  1186  0  122576  0  54  5  3  1  65508  4  0  28  2  
0  0  0  0  0  1  0  0  0  2  0  0  0  0  0  0  0  3  0  0  0  0  6  0  0  0  0  0  0  0  1  602  0  0  1  0  0  0  0  0  0  0  0  0  0  0  0  0  0  0  0  0  0  0  0  0  0  0  0  0  0  0  0  0  0  2  0  0  0  0  0  0  1  0  34462  0  0  0  3695  303428  117  2  0  1  0  1  47844  43  46  193  165  3822  0  0  5  2  2876  1055193  0  0  0  0  1  0  11271  40938  0  0  0  0  0  0  4551  0  9  0  0  0  13  4  229737  25  506  0  0  855  206  67  0  0  0  1  0  0  7  252233  99923  0  0  547  3  9  1  14759  1  0  1  2  
0  0  0  0  0  0  0  0  3  0  282  0  0  0  0  0  0  3  0  0  0  71  0  0  0  0  183  0  0  3609  0  7  0  0  0  0  0  0  0  0  0  0  0  0  0  0  0  3  0  0  0  0  0  0  0  0  0  0  0  0  0  0  0  0  37  0  0  0  0  0  0  0  0  0  25  1496  0  1  10  36  397  239  1722  660  453350  0  0  32  60  6  20  435  8380  516633  792  5639  909  17  315  214  86061  60  44  506901  0  5  2  1  3  13  0  0  65  0  9101  815  19  600762  293  127  583  200  5551  3  7301  2320  79  28  27  166727  34532  234509  423  1973  31390  214  0  23  0  1651  540  178  99  0  130140  1  9313  1  
22  8  0  1  7  178317  33054  51539  94740  12045  44  0  0  0  301  130  147  29344  7  0  2  175  1663  6  8  64  5  19  78  2131  0  23379  68  221  1667  273  0  12  0  0  2091  0  86  660  3687  21  78  5667  247  1  30  250  108  1492  0  50  0  68  153  1  21  1  16  11  864  310226  3136  2276  19  15  82  2  1157  0  2977  2  5  57  13783  412090  471633  172035  474964  271935  348  1  1  249  2770  5068  1298  26254  1  4  8  62  20330  727  249  9160  50  2057  1136  10273  319  38142  1787  6  92  3431  20  1  17  0  19398  0  231  1524  5799  1127  2617  2484  8754  30  4  8705  24522  5984  1190  25051  3  8  1  4  136  1080  305  2683  947  0  61769  4395  3912  5  5964  2  483  45  
0  0  7  0  0  3  4  0  6  14  0  0  0  0  0  0  2  151  0  0  0  0  12  0  0  0  0  0  0  1  0  169  1  3  10  4  0  1  0  0  6  0  1  3  1  0  1  129  0  0  1  0  0  1  0  0  0  0  2  0  0  0  0  0  2  6  1  0  0  0  0  0  8  0  33  6  51849  7400  13  435  1099  21156  105442  360  0  301  0  608  354  46  851  16941  21  3  10  1  1037  87  24857  741991  349130  742292  2510  8814  3  198  46  3  138  69383  3  0  414  1460  59608  0  125  40  570546  230842  1177  6001  39376  10  46  3876  67  2362  144097  616511  37  232  3  17  89  378  18  17  78  85008  0  7087  41299  0  25599  2  14988  33  
0  0  0  0  0  25  22  0  19  33  0  0  0  0  4  0  3  150  0  0  0  0  16  0  0  0  0  0  0  0  0  274  1  8  7  2  0  0  0  0  16  0  0  9  4  0  3  200  3  0  1  9  2  0  0  0  0  0  5  0  1  0  0  0  2  41  2  2  0  0  0  0  30  0  159  0  4  113511  412  2150  10765  81045  2160  361  0  328430  0  12798  214878  8854  544  111584  0  0  2  0  379  83  9  880  20  731  954229  69  3  331  38  0  3  7  3  0  1395  2117  11000  0  9  41  247862  1652  3090  3822  418232  5  4  478867  4569  317421  2  1859  1  7  0  0  10  1107  16  72  51  11817  4764  0  71626  0  2919  0  674  4  
0  0  0  0  0  0  1  0  2  6  0  0  0  0  0  0  1  21  0  0  0  0  0  0  0  0  0  0  0  0  0  8  0  0  1  2  0  0  0  0  2  0  0  1  0  0  0  28  0  0  0  0  0  1  0  0  0  0  0  0  0  0  0  0  0  5  0  0  0  0  0  0  2  0  1  0  62066  1  3  35  1373  278410  727  56  0  0  0  4  109413  255018  70  2853  0  0  0  0  44  0  1  68  3  419  741017  4  0  13  4  0  0  0  0  0  0  0  1663  0  0  3  314721  99329  22  707  2377  0  0  88  23  203094  0  565  0  1  0  0  1  5  0  0  3  900  5197  124393  0  0  484  0  3  1  
0  0  0  0  356  1244  0  0  0  0  0  0  0  0  0  2189  0  1  0  0  0  0  0  6  0  0  0  0  0  0  35752  674  0  0  0  0  0  0  0  0  0  0  0  0  0  0  1  0  0  0  0  0  0  0  0  0  0  0  0  0  0  0  38  0  0  0  0  0  0  23824  0  0  0  0  127228  0  0  0  62750  297009  1  0  0  0  0  0  0  0  0  406540  3  72  0  0  0  0  58  168141  0  0  0  0  0  0  310058  8668  0  0  0  0  0  0  6  0  0  0  0  0  0  0  1961  0  5  0  0  5  2  0  0  0  0  0  0  0  0  157  101895  8437  0  4  0  0  0  0  0  0  0  0  
0  0  2860  0  0  1  16  259  24078  10  25  0  0  0  0  1919  0  9  0  0  0  47  7  0  0  0  217  0  0  47751  0  10  0  2  0  0  0  0  0  0  0  0  0  2  0  290  0  11  0  0  0  0  0  0  0  0  0  0  0  0  0  0  0  0  0  1  0  0  0  0  4580  0  1  0  21  3  1659  4  23  82  860  13920  402056  560  190  0  0  68  131  121  82  2145  5  2757  1  339  4325  16  200  5463  268935  2448  3716  947128  0  16  2  0  4  705  2  0  56  0  6793  0  8  14208  18730  220385  433  401  5316  2  8  2094  120  81  594  497294  14  183  3  5  15  94  0  14  47053  6497  21085  442  668  0  0  0  352  3  
0  0  0  0  0  0  0  0  0  0  0  0  0  0  0  0  0  0  0  0  0  0  0  0  0  0  0  0  0  0  0  1  0  0  0  0  0  0  0  0  0  0  0  0  0  0  0  0  0  0  0  0  0  0  0  0  0  0  0  0  0  0  0  0  0  0  0  0  0  0  0  0  0  0  0  2527  0  0  0  0  0  0  1  0  0  0  0  0  0  0  209  138  13  0  60  0  1263  0  1  2  0  0  0  0  0  1  1  16  828  3  974808  983261  0  0  71  0  61550  0  2  0  0  510  1  273974  0  0  0  0  0  0  0  0  122913  91540  794  0  0  0  0  1  0  0  0  0  0  0  346925  13  
0  0  0  0  0  2  0  0  6  24  0  0  0  0  0  0  4  158  0  0  0  0  18  0  0  0  0  0  0  0  0  129  2  4  3  6  0  0  0  0  8  0  1  6  2  0  1  195  0  0  0  0  0  0  0  0  0  1  1  0  0  0  1  0  5  5  0  0  0  0  0  0  23  0  24  34490  0  254  11  338  18  62  365  192  2  106  0  53  78  2  33977  18719  369763  245  15927  2051  159904  113  1068848  96166  48  10  17  4  7  90  49047  850358  386830  107432  48099  1206446  46  0  72855  340  499146  33306  357  18  379  837262  7419  157784  54514  1644  64  19  31405  222032  52895  115659  151369  509762  328219  94  21  11  2539  595  1226  247  77  0  566  329072  0  64275  
0  0  0  0  0  0  0  0  4  12  0  0  0  0  0  0  2  106  0  0  0  1  4  0  0  0  0  0  0  0  0  73  2  7  2  3  0  0  0  0  10  0  0  3  0  0  1  114  0  0  0  0  0  0  0  0  0  2  1  0  0  0  0  0  3  1  0  0  0  0  0  0  10  0  1  2  0  22225  1  250  2  9  53  98  0  151  0  4  2  0  1804  3815  6  1  6  2  10142  27  9  5949  0  2  5  0  0  71  355280  133151  328  277219  273  7  3  0  128253  0  2220  14  24  0  121  86473  3616  297  12  48  1  1  0  1639  1  24  0  10  793  3  7  1  15  228  13  5  0  0  143  18  130448  0  
