0  1  6  1  372606  355  35  5  0  5  0  5  1  13  89653  4412  3  88  5  23  13  2  30  265194  0  0  20  1  17  41  59546  342  0  16  121  1  1  5  0  57  1  45  49  6  77  33  26  47  6  1  177  2016  89847  402  0  104  25  16  0  3  1118  609  29  16816  88  651  121  3  55  366  10  3  14  0  2700  1  22  0  11650  305  2  0  0  0  0  3  0  9  241  3193  1  3  2  7  0  11  41  1920  0  0  1  0  6  7  31  174  0  1  11  0  0  0  0  1  0  4  7  7  22  11  0  4  6  0  38  2  72  2  0  8  9  8  2  0  42  215  37  312  2  535  1  0  0  39  2  0  2  0  
6  0  0  0  0  0  0  0  0  26  0  0  0  1  0  0  6  29  126355  163  258103  5799  2  24  0  0  0  0  0  5  0  2  0  703  21  0  61414  202  1  0  0  246888  11  643  0  0  1  262  0  142  272176  1  0  0  0  2  102897  74  171747  162712  687  6  0  28  68  19  1  0  0  0  1  27171  1507  0  0  0  0  0  0  0  0  0  0  1  2  0  0  0  0  0  0  0  2  5  1  0  1  0  0  0  0  0  0  0  0  0  0  2  0  0  0  0  0  0  0  16  0  3  0  0  0  0  0  0  31  0  0  0  0  0  9  22  0  0  1  0  0  0  4  70  0  0  0  0  0  0  0  0  
32  0  0  1  4  3  72  60892  22  2  1  0  0  5  2  294697  1  1  0  0  0  0  1  15  0  0  49887  148775  93966  48169  7  13  0  2  0  0  0  3  0  1  1  0  0  2  131509  541427  0  2  1  0  0  10  1  1  0  816  0  0  0  0  0  2  0  3  21  337  94950  0  28  0  264  0  4  0  2  0  2748  0  6  0  41  176  12  0  1  2  0  0  0  1137  1  6  0  0  0  0  0  0  0  0  10  21  258  6541  0  1  0  0  0  0  0  0  0  0  0  0  0  1  1383  1639  0  0  1  0  1  0  0  0  0  9  0  1  0  0  1  0  1  0  1  3  6  0  20  0  1512  0  0  0  
4  0  0  0  4  0  4  3  0  0  0  179360  1  99  48  327  731  97  189  0  1  0  0  4  14238  350746  82  170448  192771  7  0  0  2743  3147  0  587  27  55  2  590  22378  1  0  0  229472  2  0  188  157911  0  1  329  0  53  10250  9673  4  0  10  35  1  3  0  0  5  0  22891  56022  332  0  0  79  36176  213  0  0  0  0  1  0  1  0  0  0  0  0  0  0  0  2  0  0  0  0  0  0  0  0  0  0  0  0  0  0  0  0  0  0  0  0  0  0  0  0  0  0  0  0  0  0  0  0  0  0  0  0  0  0  0  0  0  0  0  0  0  0  0  0  0  0  0  0  0  0  0  0  0  0  
291216  0  3  0  0  6361  369  11  0  2  0  15  0  11  106161  149426  0  2  0  2  0  0  1  1231  0  0  1  0  4  13  50494  11  0  6  51  0  0  0  0  69  0  2  30  3  64  13  0  1  11  0  8  1717  124271  40  0  20  0  4  0  2  38  135  3  11  28  732  26  0  41  6547  3  1  3  0  352  0  23  0  12381  562  25  5  0  0  0  2  0  12  289  3075  5  8  1  0  0  7  6  313  0  0  2  0  10  3  6  44  0  1  12  0  0  0  0  1  0  0  6  3  28  19  0  2  4  0  5  1  79  1  0  10  4  0  0  0  17  251  13  7  1  317  4  0  0  20  2  0  0  0  
2244  0  6  0  25802  0  263337  2898  219  3  0  0  0  5  1782  639574  29  1142  1  0  1  0  199  4352  0  0  0  0  3  20  26525  86112  0  16  809  0  0  0  0  8  0  4  8  1  3  6  617  31  1  0  5  355  152  21  0  0  3  3  0  0  56  3  16850  157  12  267315  4  0  0  250258  225  0  0  0  268  0  1  0  7232  58563  29122  787  41  0  0  10  0  14  129  2332  26  17  0  0  0  0  25  107  0  0  0  0  0  4  4804  2266  0  3  3  0  0  1  0  26  0  1  6  6  4  6  0  6  15  0  24  19  76  11  0  1  1  0  0  0  18  83  31  11  1  32001  4  0  0  1867  8  0  0  0  
67  0  220  0  352  243439  0  166522  906  7  0  61  0  6  771  360715  2  13  0  1  0  0  0  6  0  0  0  0  13  619  10  7  0  0  0  0  1  0  0  509  1  0  0  14  121  660  0  2  53  0  1  119  324  114  0  6  0  0  0  1  1  0  0  0  210  172329  1  4  33  7  5513  0  4  0  1  0  15  0  11  134  17604  3876  7  0  0  292  0  14  27  3742  333  400  0  0  0  0  1  1  0  0  1  0  8  7  0  3  0  0  3  0  0  1  0  105  6  1  2  4  22  10  0  18  519  0  1  146  9  104  0  6  0  0  1  0  0  2  0  0  5  139  7  186  4  0  15  0  0  0  
48  0  33852  0  30  7567  179275  0  155579  14  0  7  0  9  22  366931  6  3  0  0  0  0  0  10  0  0  4  0  4539  2037  2  0  0  0  0  0  0  1  0  13  1  0  0  5  1148  158946  0  0  9  0  1  17  11  7  0  5  0  0  0  1  0  1  0  0  514  158926  5  0  659  1  23230  0  2  0  2  0  1963  1  3  29  1218  15910  841  2  0  127  0  7  3  16475  53  482  0  0  0  0  1  0  0  0  0  1  141  196  0  0  0  0  0  0  0  1  0  8  0  0  0  4  866  4540  0  0  250  0  0  14  5  12  0  6  1  0  0  0  0  3  0  0  4  529  4  37  60  0  747  0  0  0  
0  0  34  0  0  405  1487  133534  0  81240  1  0  0  0  1  134  0  0  0  0  0  0  0  0  0  0  2  0  1  49202  0  0  0  0  0  0  0  0  0  0  0  0  0  1752  1  73302  0  0  0  0  0  1  0  0  0  0  0  0  0  0  0  0  0  0  44175  184698  0  0  0  0  260886  0  0  0  0  0  18  0  1  0  15  171  3333  283  0  0  0  0  0  29  0  0  0  0  0  1  11  0  0  0  0  1  0  224  0  0  0  0  0  0  0  0  0  0  0  0  0  69  4  129  0  0  1  0  0  0  0  0  0  7  0  0  0  0  0  0  0  0  18  1426  0  0  0  0  3213  0  0  0  
10  14  10  0  1  7  68  18  46080  0  768  0  1  2  0  7  8  5  37  8737  264  2728  26616  18  0  0  2  0  5  85046  13  9  0  92  3273  2  5  35  0  0  1  4963  1945  233333  0  44  3  88  0  0  622  4  0  0  0  2  209  5448  2  55  4179  1  0  12  52247  213567  0  0  0  0  3927  55  234  1  10  14  13  0  1  0  2  7  1011  44296  2196  0  0  0  0  44  0  0  97  1860  2  2414  7077  5  0  0  13  0  0  333  0  2  2  115  1  0  20  62  0  0  0  4854  4  14264  2  104  0  110  0  0  3787  0  0  0  0  45  730  2078  19  39  2928  0  4  1  2361  53214  0  0  0  0  165  72  170  5  
0  1  18  0  0  0  0  0  0  1688  0  0  0  0  0  10  0  0  40  544417  2  92756  492  2  1  0  0  0  0  17441  1  0  0  6  32  0  0  1  0  0  0  73619  8  589186  0  17  0  2  0  0  3471  1  0  0  0  0  11  1691  0  0  1339  0  0  2  591576  232  0  0  0  0  76  2  12  0  0  0  0  0  0  0  0  0  4  15  1577  0  0  0  0  0  0  0  1  16  1  93  2  0  0  0  0  0  0  453  0  0  0  2  0  0  1  0  0  0  0  34  0  23  0  5  0  1  0  0  46  0  0  0  0  0  22  59  0  0  51  0  0  0  57  97  0  0  0  0  40  1  0  0  
21  0  0  189951  26  0  125  11  0  0  0  0  120  169213  1951  6604  2518  3750  4  0  0  0  0  4  305  144  2  3  654  6  0  0  15813  3249  434  82  8  100  5597  214258  489  0  0  0  836  1  0  445  469561  0  1  177010  6  2514  58  29  1  1  2  6  1  75  0  0  16  0  30  321512  878  0  2  86  2791  47  0  0  0  0  2  0  17  5  0  0  0  8  0  1  0  11  2  3  0  0  0  0  0  0  0  0  0  0  0  0  0  0  0  0  1  0  0  0  0  1  0  0  0  0  0  0  0  2  0  0  0  0  1  1  0  0  0  0  0  0  0  0  0  0  0  0  0  0  0  0  1  0  0  0  
6  0  0  1  0  0  0  0  0  0  0  10  0  61764  0  3  1211  66442  3  4  2  0  2  177641  0  0  4  0  0  4  0  0  2  219  7  1  0  6  95529  12  19  7  0  0  3  0  82490  560  2850  0  57  14  0  0  0  14  5  1  0  1  78  33112  1  175  25  0  4  0  1  0  0  1  28  0  0  0  0  0  0  0  0  0  0  0  0  0  0  0  0  0  0  0  0  0  0  0  0  0  0  0  0  0  0  1  0  0  0  0  0  0  0  0  0  0  0  0  0  0  0  0  0  0  0  0  0  0  0  0  0  0  0  0  0  0  0  0  0  0  0  0  0  0  0  0  0  0  0  0  
21  0  0  4  16  10  18  2  0  3  0  124637  68068  0  598  944  233  16038  2  4  1  0  1  1136  2  5  13  0  17  14  0  0  1  362  2  2  0  17  97190  275581  111  10  0  0  169  10  6  69  152034  0  38  173888  29  622  6  49  5  5  0  2  46  102347  0  16  32  0  51  434  64  0  2  10  162  1  0  0  1  0  1  0  3  2  0  0  0  2  0  3  0  9  1  0  0  0  0  0  3  0  0  0  0  0  0  1  0  0  0  0  0  0  0  0  0  12  0  0  0  2  1  2  0  0  1  0  0  19  0  1  0  2  0  1  0  1  0  0  0  0  0  0  1  1  0  0  1  0  0  0  
80867  0  1  4  109404  2462  1669  3  0  0  0  4319  1  489  0  370189  48  152  2  1  0  1  0  60878  3  1  5  1  74242  14  2  2  2  4  13  0  1  11  3  8391  31  2  2  1  2745  15  0  11  464  0  6  1099639  642844  779245  3  94  2  4  0  1  5  45228  0  4  23  0  109  180184  107761  0  2  10  81  0  6  0  6  0  227  28  125  32  0  0  0  48  0  2  27  69  12  15  0  1  0  1  2  6  0  0  1  0  6  1  0  0  0  0  2  0  0  0  0  28  0  1  1  1  13  14  0  0  13  0  1  34  52  13  0  11  0  1  0  0  1  20  0  1  0  6  4  25  1  0  0  0  0  0  
1223  0  253612  31  185909  565907  404650  491743  93  3  0  4212  1  647  305629  0  179  471  3  1  0  0  4  251  11  8  11  6  47870  107  14970  69  0  11  7  0  3  22  7  10710  108  2  1  1  11021  33294  13  73  1863  0  8  6320  9318  1082574  3  122  2  4  1  5  16  65  234  11  41  20925  157  508  144506  78415  555  27  374  0  74  1  946  2  11206  13344  9769  3197  2  0  0  989  0  29  188  8678  511  1860  1  4  0  1  5  112  0  0  1  11  78  76  1  14  0  2  6  0  1  4  3  107  11  0  13  3  255  246  1  22  917  0  12  156  219  111  0  8  5  5  1  0  2  115  6  2  6  664  44  457  27  10  22  1  1  0  
18  4  0  1455  0  527  1  0  0  2  0  5944  1429  332  4  69  0  279702  50  48  14  1  48619  962  17  2232  83  1  21  269  90  1098  9863  4580  111425  37  7  159  34  63  96760  64  22  3  76  1  80  286205  136028  1  446  96  0  10  55  437  118  102  2  27  393  345  11722  219  772  115  48  12  44  21  28  80  2224  90  3  0  0  0  0  32  1  0  0  0  0  1  0  0  0  1  0  0  1  0  0  0  0  2  0  0  1  0  0  1  1  200  0  0  1  0  0  0  0  0  0  0  0  0  0  0  0  0  0  0  1  0  0  0  0  3  1  1  0  0  1  0  1  2  2  111  0  0  0  0  0  0  0  0  
332  3  1  188  7  863  13  0  0  3  0  8789  91182  6871  15  436  236097  0  43  40  45  1  24329  51406  12  86  36  0  18  67  893  5511  378  4983  35534  12  28  286  135501  1141  9218  101  84  2  72  1  141641  14651  334436  5  960  829  4  70  39  158  143  77  4  62  1382  3708  52524  6019  393  253  49  35  18  191  7  151  1647  15  32  0  0  0  1  134  4  0  0  0  0  4  0  0  0  4  0  0  1  1  1  0  5  35  0  0  1  0  0  1  0  712  0  5  2  0  0  0  0  0  0  1  3  0  0  0  0  0  0  0  19  1  0  0  0  1  10  2  1  0  18  0  10  7  4  487  0  0  0  0  1  0  0  0  
21  155184  0  13  1  0  0  0  0  74  1  1  2  5  1  0  34  66  0  97501  22063  0  1  68  84668  8  409  4  10  416  4  6  12  3154  65  82  36388  2098  1  0  2  179729  59  156  449  1  4  973  2  1182  3130  23  0  0  6  13096  1105763  278877  247925  75905  99  4  0  44  18701  47  141  34  7  0  61  11475  468661  108  0  0  0  0  0  0  0  0  0  1  0  0  0  0  0  0  0  0  1  4  0  0  0  0  0  0  2  0  0  6  1  2  0  0  0  0  0  0  0  0  0  8  0  3  0  0  0  2  0  0  7  0  0  0  0  8  14  25  0  0  0  0  0  0  7  41  0  0  0  0  3  0  0  0  
87  53  0  0  1  1  0  0  0  8619  441924  0  1  2  0  1  52  63  114467  0  2730  92  11  111  9630  0  57125  0  0  8538  6  33  0  797  24  16  10  155  0  1  0  146202  6  207401  0  0  8  769  0  9  6810  1  0  0  0  22895  6783  310838  5  351  2353  17  2  40  290135  3379  0  0  1  0  0  256  2153  1  3  2  0  0  1  0  0  0  0  68  29  1  0  0  0  0  0  0  7  91  1  5  2  2  0  0  1  0  0  2  0  2  0  9  0  0  1  4  0  0  0  284  2  109  0  0  0  12  0  0  281  0  0  0  0  0  275  644  5  4  21  0  1  0  109  1416  0  0  0  0  1  6  19  1  
88  175535  0  0  0  2  0  0  0  106  0  0  0  0  0  1  14  126  6674  1405  0  132173  65414  340  1  0  1  0  0  4  9  31  0  8071  4749  1  41447  229  0  0  0  3710  14073  146  1  0  15  1097  0  224251  182389  1  0  0  0  4  36094  521  186  413349  484614  7  3  382  311  71  0  0  0  0  0  671  2016  1  11  0  0  0  1  0  0  0  0  3  1  0  0  0  0  0  0  0  0  5  2  27  3  11  0  0  0  0  0  0  0  54  0  0  0  0  1  0  0  0  0  38  0  2  0  0  0  2  0  1  14  0  0  0  0  0  10  31  1  2  1  0  0  0  3  100  0  0  0  0  0  0  3  0  
79  1409  0  0  0  0  0  0  0  2370  134107  0  0  0  2  0  0  5  0  1223  68072  0  78301  110  0  0  1  0  0  699  12  29  0  46  1173  0  4  0  0  0  0  241855  1430  683379  0  0  1  14  0  1  296714  2  0  0  0  0  1  296  0  115  676351  0  2  49  3954  19  0  0  0  0  7  3  26  0  2  1  0  0  0  0  0  0  1  16  1267  0  0  0  0  0  0  0  4  17  0  740  23  1  0  0  0  0  0  19  0  1  0  4  0  0  0  0  0  0  0  524  0  144  0  0  0  2  0  1  261  0  0  0  0  1  49  77  0  3  694  0  1  0  59  402  0  0  0  0  1  0  4  0  
167  1  0  0  3  181  0  0  0  28608  528  0  24  0  0  2  26991  26985  4  23  16032  126517  0  814  0  0  0  0  0  18  1663  3642  0  504  102485  0  0  0  0  0  0  23  319314  62372  1  0  127  3805  0  4336  66  0  0  0  0  4  15  14  0  12  390344  0  5532  224  1384  104  1  0  0  44  1  5  3  0  32  1  0  0  6  6  1  2  0  3  0  0  0  0  0  4  0  0  4  2  0  63  19  28  0  0  0  0  0  0  2  314  0  3  5  0  0  0  0  0  0  1  1  21  2  5  0  0  0  0  69  0  0  0  0  2  23  6  0  0  230  0  28  9  7  287  1  0  1  0  0  0  0  0  
290055  17  3  0  1102  2381  2  0  0  6  0  1  148210  900  50732  48  3582  80315  41  40  114  7  395  0  0  0  33  2  16  41  130619  2087  0  601  3704  1  45  35  18071  3  15  116  52  4  94  17  159315  2678  154  7  1192  16282  23  4  0  184  154  46  2  90  4087  286980  365799  833729  160  605  165  1  21  244  9  32  203  1  3605  0  2  0  220  1400  0  0  0  0  0  0  0  0  1  361  0  0  2  1  0  4  15  3463  0  0  2  0  0  2  190  3070  0  4  5  0  2  0  0  0  0  2  3  1  4  3  0  4  0  0  21  0  0  0  0  6  12  4  1  1  29  0  89  833  4  4649  0  0  0  52  0  1  2  0  
12  1  3  5584  0  0  1  0  0  0  0  788  0  19  20  70  14  18  108130  23994  2  0  0  6  0  194223  28697  760  3691  212  0  1  16  64895  0  2262  67  965  0  144  2509  1  0  0  6643  9  0  96  8975  2  0  332  0  15  400307  578643  63  16797  2  217  0  2  0  4  12443  0  25670  1955  61  0  16  268  1267804  84  0  0  0  0  0  0  0  0  0  0  0  0  0  0  0  0  0  0  0  0  0  0  0  0  0  0  0  0  0  8  0  0  0  0  0  0  0  0  0  0  0  0  0  0  0  0  0  0  0  0  0  0  0  0  0  2  0  0  0  0  0  0  0  0  2  0  0  0  0  0  1  0  0  0  
2  0  0  392370  0  0  1  0  0  0  0  1254  0  43  11  39  931  93  101  0  0  0  0  4  209101  0  1074  61291  2433  207  0  0  3166  122076  1  298319  5  37  1  132  643538  0  0  0  3384  1  0  106  55804  0  0  91  0  11  318439  109344  2  4  2  6  2  6  0  1  59  0  652937  1052  24  0  25  46  45929  8789  0  0  0  0  0  0  0  0  0  0  0  0  0  0  0  0  0  0  0  0  0  0  0  0  0  0  0  0  0  0  0  0  0  0  0  0  0  0  0  0  0  0  0  0  0  0  0  0  0  0  0  0  1  0  0  2  0  0  0  0  0  0  0  0  0  0  0  0  0  0  4  0  0  0  
109  1  64057  16  5  0  1  0  0  2  0  2  0  19  6  16  41  27  3548  67013  4  0  4  74  38611  132  0  9657  9  595379  2  8  27  302  1  48  45  865  1  1  25  0  1  1  639  41732  3  313  3  2  1  28  1  0  76  955840  88  7042  2  165  5  15  0  18  167482  1  290677  1  2  0  344  371  2865  164  1  0  6  0  0  0  1  1  0  0  0  0  0  0  0  0  1  0  0  1  0  0  5  1  0  0  23  0  0  131  0  4  0  2  1  0  0  0  0  0  0  1  0  0  0  272  0  1  0  0  1  0  0  0  0  117  2  0  0  0  0  0  4  0  6  2  4  0  0  0  100  0  0  0  
6  0  101854  224000  1  0  0  0  0  0  0  16  0  3  50  40  0  2  19  0  0  0  0  0  592  48364  930  0  377  3  0  0  0  0  0  2  0  1  0  22  35  0  0  0  1003008  2685  0  0  3  0  0  340  0  3  31  1429  0  1  0  1  0  0  0  0  2  0  1114607  568  33  0  0  3  958  0  0  0  0  0  0  0  0  0  0  0  0  0  0  0  0  0  0  0  0  0  0  0  0  0  0  0  0  0  0  0  0  0  0  0  0  0  0  0  0  0  0  0  0  0  0  0  0  0  0  0  0  0  0  0  0  0  0  0  0  0  0  0  0  0  0  0  0  0  0  0  0  0  0  0  
55  1  122584  170080  33  0  14  3708  0  1  0  1887  0  259  89998  62637  57  90  15  0  0  0  1  39  2347  453  11  292  0  23  6  8  0  1  1  12  7  18  3  953  62  1  0  0  1108411  1942  0  19  2046  1  5  5134  2  6667  1048  436  2  1  2  5  3  21  0  2  5  6  535  419182  474920  0  5  27  10491  1  2  0  2949  0  8  0  7  35  0  0  0  9  0  0  1  589  0  8  0  0  0  0  0  0  0  0  0  0  716  2  0  1  0  0  0  0  0  1  0  0  1  0  0  1  1785  84  0  0  12  0  0  1  1  1  0  8  2  0  0  0  0  0  0  0  1  0  7  0  55  0  2  0  0  0  
131  1  41910  0  14  50  592  1169  52508  137603  12573  2  0  28  7  242  66  48  108  5921  1  543  18  89  51  23  611387  4  15  0  12  14  28  489  36  86  133  1167  0  3  19  2  13  31195  54  367819  0  482  6  3  9  56  2  5  52  25948  38  28  1  372  17  17  0  21  500107  5724  65  1  6  0  901793  679  3875  239  16  1  128  0  8  2  16  13  824  978  557  1  0  0  0  49  1  0  14  8  0  38  38  11  1  0  215  0  7  5468  0  4  0  46  5  0  12  4  0  1  1  6  1  336  41  1647  0  59  4  0  44  0  0  0  0  1091  16  16  0  8  6  1  5  7  1168  562  3  1  0  0  2035  3  49  2  
54532  0  0  0  86735  30925  0  0  0  7  1  0  3  0  0  23009  8  315  1  1  2  5  218  127674  0  0  1  0  0  0  0  54310  0  12  321  0  0  0  0  0  0  2  6  11  1  1  202  28  0  0  7  1  0  0  0  0  2  0  0  2  68  1  288763  245  7  14376  1  0  0  464187  0  0  0  0  6025  2  2  0  6366  6789  0  0  0  0  0  0  0  0  14  7403  2  1  3  14  0  0  117  4263  2  0  2  0  1  2  54915  1125  0  4  17  0  0  1  0  0  0  3  11  7  1  12  0  5  0  0  71  0  1  0  0  13  58  24  0  1  92  15  5857  653  18  6481  5  0  0  5829  0  1  4  0  
2584  0  7  0  78  105485  91  2  0  3  1  0  15  1  2  3  412  6882  5  47  43  9  9043  8429  0  0  7  0  8  14  52687  0  0  348  12094  0  2  5  0  0  0  90  146  11  20  5  999  399  0  2  269  5  1  0  0  36  46  53  0  24  3995  0  43468  1064  134  18839  42  0  0  44011  4  11  19  1  479  0  11  0  34  2946  0  0  0  0  0  0  0  0  0  17  1  0  4  4  0  3  36  549  0  0  1  0  1  2  853  5066  0  29  44  0  0  0  0  0  0  2  32  0  17  14  0  2  0  0  420  0  0  0  0  10  42  14  5  0  279  0  80  119  6  3248  0  0  0  32  1  0  0  1  
2  0  0  12860  0  0  0  0  0  1  0  30365  4  22  0  2  8241  233  50  3  1  0  0  5  6  6421  210  0  0  500  0  0  0  160830  20143  19342  2  27  2  5  69475  1  0  0  0  3  1  185514  7644  1  1  2  0  0  25  592  35  21  0  34  0  12  0  3  562  1  6  98  0  0  88  4  1328  152980  0  0  0  0  0  0  0  0  0  0  0  0  0  0  0  0  0  0  0  0  0  0  0  0  0  0  0  0  0  10  0  0  0  0  0  0  0  0  0  0  0  0  0  0  0  1  0  0  0  0  0  0  0  0  0  7  0  0  0  0  0  0  0  0  1  0  0  0  0  0  6  0  0  0  
122  300  0  23691  4  2  1  0  0  79  0  10441  308  366  0  21  2981  4481  1959  1719  4125  10  76  660  75166  112245  275  0  0  587  15  101  86474  0  163008  207512  8293  91309  19  78  42641  2379  138354  51  2  0  58  213675  1447  5089  10193  26  0  0  3952  706  9197  5861  61  6195  10424  32  14  458  11450  72  5  163  2  0  60  40471  918112  54698  9  1  0  0  1  1  0  0  0  1  0  0  0  0  0  0  0  0  4  2  1  0  5  12  0  0  1  0  0  11  0  108  0  6  0  0  3  1  0  0  0  8  2  3  0  0  0  2  0  0  15  0  0  0  0  20  4  5  0  0  1  0  2  1  22  116  0  0  0  0  1  2  3  0  
315  1  0  1  10  465  3  0  0  107  5  681  54  28  1  0  51755  15065  18  49  3362  97  57789  1652  0  3  1  0  0  6  431  2708  15521  247350  0  0  362  201  3  1  4  53  144339  356  2  0  148  217158  44  1788  234  4  0  0  0  3  106  56  1  1627  9946  1  4999  1377  110  328  1  1  0  16  0  1213  158  0  46  0  1  0  7  59  0  0  0  0  1  0  0  0  0  7  0  0  0  3  0  22  18  47  0  0  0  0  0  2  1  1125  0  4  1  0  0  0  0  0  0  2  2  11  0  0  0  1  0  0  14  0  0  0  0  3  12  3  0  0  44  0  10  19  3  786  0  0  0  0  0  0  0  0  
3  3  0  6176  0  0  0  0  0  1  0  346  0  5  1  15  24  26  220  51  37  0  0  13  428  382803  113  5  306  254  0  0  17272  376409  0  0  7  67  0  11  380020  4  0  3  11  0  0  311  3156  1  0  1  0  1  30468  383  412  373  1  86  2  1  0  2  2556  1  17  298  6  0  41  36  9448  157724  0  0  0  0  0  0  0  0  0  0  0  0  0  0  0  0  0  0  0  0  0  0  0  0  0  0  2  0  0  5  0  0  0  0  0  0  0  0  0  0  0  0  0  0  0  0  0  0  0  0  0  0  0  0  0  7  0  0  0  1  0  0  0  0  1  0  0  0  0  0  2  0  1  0  
6  81943  0  6  0  0  1  0  0  22  1  8  1  1  16  21  8  23  19209  623  48997  4  0  24  44  4  252  1  11  1076  1  0  0  7278  984  6  0  177674  0  4  4  736  134318  19  672  0  6  370  12  249432  625  114  0  4  3  2031  5867  1330  133771  726420  522  0  0  23  4044  12  107  115  13  0  94  1035320  151126  11  1  0  0  0  0  0  0  0  0  1  0  0  0  0  0  0  0  0  0  0  0  0  3  2  0  0  3  0  0  13  0  0  0  0  0  0  0  0  0  0  0  2  0  1  0  0  0  2  0  0  1  0  0  0  0  25  0  0  0  2  0  0  1  2  20  1  0  0  0  0  7  0  0  0  
16  315  0  19  4  1  2  0  1  55  1  142  0  35  5  42  23  72  1936  1382  2198  0  1  43  117  58  1052  0  23  2597  0  2  1  104989  539  17  171408  0  0  64  63  2640  77447  59  46  4  6  758  166  3604  5387  60  0  9  43  5275  8450  3058  139881  6930  1348  10  0  53  10171  37  50  77  28  0  204  917848  906840  9  2  0  0  0  0  0  0  0  0  1  0  0  0  0  0  1  0  0  1  0  1  0  1  2  0  0  8  0  0  21  1  1  0  4  0  0  1  2  0  0  0  2  0  1  0  1  0  10  0  0  4  0  0  0  0  52  4  6  0  1  0  0  0  0  25  4  0  0  0  0  9  0  6  0  
7  2  2  1  4  0  1  0  0  1  0  2192  144090  141257  2  9  351  86637  3  5  3  0  0  77814  0  1  7  0  6  25  0  0  1  43  1  1  0  6  0  26938  70  12  0  0  30  2  120470  255  194496  0  99  113  1  2  0  52  18  6  1  2  106  2284  0  8  77  0  30  1  11  0  3  3  46  4  1  0  0  0  0  0  0  1  0  0  0  0  0  0  0  2  0  0  0  0  0  0  0  0  0  0  0  0  0  1  0  0  0  0  0  0  0  0  0  0  0  0  0  0  0  0  0  0  0  0  0  0  1  0  0  0  0  0  0  0  0  0  0  0  0  0  1  0  0  0  0  0  0  0  
21  0  0  30  34  4  148  6  0  0  0  136465  11  299917  1788  6821  102  1004  1  4  0  0  0  49  11  17  7  0  51  17  0  0  0  13  0  3  5  60  27304  0  212  1  2  1  245  7  0  21  110023  0  14  6735  21  3491  16  61  5  2  2  4  21  421  0  3  24  0  31  1694  343  0  0  43  452  0  0  0  0  0  0  0  20  1  0  0  0  7  0  2  1  30  1  1  1  0  0  0  0  0  0  0  0  0  1  0  0  0  0  0  0  0  0  0  0  11  0  0  0  0  1  2  0  0  4  0  0  12  0  5  0  2  1  0  0  0  0  1  0  0  0  1  1  4  0  0  0  0  0  0  
4  0  0  22418  1  1  7  0  0  0  0  1854  10  314  9  85  39122  4989  4  0  1  0  0  48  2873  399942  57  142  120  92  0  1  58995  68211  0  195098  3  224  13  586  0  1  0  0  58  1  5  123284  201832  0  9  184  0  20  48474  666  4  1  0  9  4  102  0  5  54  0  8434  738  23  0  5  79  43901  79328  0  0  0  0  0  0  0  0  0  0  0  0  0  0  1  0  0  0  0  0  0  0  0  0  0  0  0  0  0  1  0  0  0  0  0  0  0  0  0  0  0  0  0  1  0  0  0  0  1  0  0  0  0  0  0  0  0  0  0  0  0  0  0  0  0  0  0  1  0  0  2  0  0  0  
247  262737  0  0  2  1  0  0  0  970  76533  0  2  19  1  1  283  551  257646  139109  3690  243782  46  696  0  0  0  0  0  7  14  132  0  6871  115  2  144  614  2  1  0  0  18  80742  4  0  38  5188  7  96  225240  12  0  1  0  5  267829  1002  1  3821  267  99  3  355  1019  623  0  0  0  0  1  2675  11029  0  2  1  0  0  1  0  0  0  0  33  13  0  0  0  0  0  1  0  7  59  0  4  1  4  0  0  0  0  0  0  0  2  0  22  2  0  0  2  0  0  1  249  1  56  0  0  0  18  0  0  362  0  0  0  0  1  270  491  2  10  41  0  2  1  113  638  0  0  0  0  0  6  27  2  
43  11  0  0  1  0  0  0  0  66  1  0  0  0  0  0  0  3  26  5  26508  183  150536  54  0  0  0  0  0  0  7  61  0  126435  132752  0  154786  55807  0  0  0  24  0  1156  1  0  0  79  0  127587  54  0  0  0  0  0  150  10  4  15130  109070  0  4  3  12  1  0  0  0  0  0  103684  49  0  0  0  0  0  0  0  0  0  0  0  0  0  0  0  0  0  0  0  0  0  0  22  1  0  0  0  0  0  0  0  0  2  0  0  1  0  0  0  0  0  0  0  0  5  0  0  0  0  0  0  3  0  0  0  0  0  0  0  0  0  43  0  0  0  0  23  0  0  0  0  0  0  0  0  
20  13  5  0  0  2  38  10  1382  273499  331536  0  0  1  1  3  7  11  174  157982  354  482829  25110  19  0  0  0  0  3  24513  21  15  0  100  2796  2  4  18  0  0  0  81338  2219  0  0  5  3  65  0  4  44552  1  0  1  0  0  376  24483  1  70  92896  0  0  9  411753  17517  0  0  0  0  72  32  161  0  6  13  4  0  4  0  0  1  0  1360  267  0  0  0  0  14  0  0  44  463  3  3728  1639  9  0  0  0  0  0  22  0  2  0  34  1  0  5  7  0  0  0  3250  4  3755  0  12  0  26  0  0  11140  0  0  0  0  10  999  1909  6  13  9236  0  4  4  262  22111  0  0  0  0  20  8  36  1  
104  0  107195  218565  44  0  35  686  0  0  0  1640  0  397  6543  11592  125  136  682  1  1  0  6  97  4193  3923  101  849487  921748  65  9  11  0  3  2  11  102  59  3  1254  68  0  1  0  0  18444  1  39  996  1  6  10803  8  265  217  26793  17  9  9  191  8  44  0  7  43  2  256251  88368  48531  0  14  138  23572  0  1  0  1046  0  4  1  7  23  0  0  0  0  0  1  1  270  1  4  0  0  0  0  0  1  0  0  1  0  309  12  0  0  0  0  0  0  0  0  0  1  0  0  0  0  1313  314  0  0  6  0  0  0  0  0  0  7  1  0  0  0  1  0  0  0  1  0  12  2  24  0  4  0  0  0  
78  0  333337  0  27  16  2093  153585  64927  12  0  1  0  29  10  19291  1  3  0  3  0  0  4  52  0  0  43707  4648  121  326601  27  27  0  0  1  0  0  2  0  10  0  2  1  3  35242  0  0  0  0  0  0  78  3  4  0  487  0  1  0  0  1  13  0  4  44  1421  5014  0  21  0  61481  0  1  0  4  1  2577  0  14  3  46  106  88  0  0  2  0  0  1  337  9  1  0  1  0  0  1  0  1  0  59  2  108  1095  0  3  0  0  0  0  0  0  0  1  0  1  0  0  3738  14025  0  12  3  0  1  0  0  0  0  324  5  4  1  0  5  1  4  2  17  19  19  0  9  0  1296  1  0  0  
974  14  0  0  7  412  0  0  0  2  0  1  120504  41  1  4  480  252608  45  30  54  1  59  376819  0  1  1  0  0  14  84  396  1  532  956  1  55  52  90664  2  25  117  3  5  0  0  0  4937  21121  6  1338  9  0  1  0  6  204  40  2  119  2367  310  2970  20293  102  98  0  0  0  6  2  53  291  1  28  0  0  0  1  153  0  0  0  0  0  0  0  0  0  2  0  0  0  0  0  0  0  36  0  0  0  0  0  0  0  564  0  1  2  0  0  0  0  0  0  0  0  0  0  0  0  0  0  0  2  0  0  0  0  0  1  1  0  0  1  0  0  11  2  408  0  0  0  0  0  0  2  0  
707  288  0  88  17  37  4  0  0  75  0  641  57  126  3  66  230732  50147  1473  2395  3080  5  10777  6124  8  213  489  0  2  1241  45  222  181210  528470  208839  616  951  905  21  8  133186  4677  21  74  27  1  1460  0  943  420  20124  47  0  9  106  1312  6420  3880  58  3129  12176  441  1486  5927  8165  80  24  2  25  3  97  997  14264  635  12  0  0  0  0  5  0  0  0  2  0  0  0  0  0  0  1  0  0  2  0  0  2  17  0  0  5  0  0  21  2  206  0  7  0  0  1  1  0  1  0  7  0  3  0  0  0  7  0  0  24  0  0  0  0  30  4  6  0  2  1  0  0  6  22  246  0  0  0  0  6  2  4  0  
37  0  3  129458  30  6  165  14  0  0  0  588943  22302  187904  136  4033  102497  418658  33  4  1  0  0  2184  5639  31711  61  10  6971  108  0  0  1689  896  26  95  24  1357  147112  132126  207840  16  0  0  1498  10  34146  830  0  1  121  4019  18  805  4901  1396  16  18  21  37  109  5796  0  25  356  1  964  10176  1424  0  12  593  30174  31  0  0  0  0  1  1  21  6  0  0  0  4  0  1  0  23  4  1  0  0  0  0  0  0  0  0  0  0  0  3  0  0  0  0  0  0  0  0  0  1  0  0  0  1  3  1  0  0  2  0  0  4  0  0  0  2  0  0  0  0  0  0  0  0  0  2  1  2  0  0  1  0  0  0  
1  73  0  0  0  0  0  0  0  1  0  0  1  0  0  0  0  17  265  80  287273  1  2305  8  0  0  3  0  0  23  1  2  0  12974  4506  0  265066  3715  0  0  0  209  161676  2  2  0  4  250  0  0  292  0  0  0  0  13  972  88  62  123005  67972  0  0  16  176  2  0  0  0  0  0  87137  2761  0  1  0  0  0  0  0  0  0  0  0  0  0  0  0  0  0  0  0  0  0  0  0  0  1  0  0  0  0  0  0  0  2  0  0  0  0  0  0  0  0  0  2  0  2  0  0  0  0  0  0  0  0  0  0  0  1  0  0  0  0  0  0  0  0  1  2  0  0  0  0  0  0  0  0  
184  225393  0  0  4  0  0  0  0  460  604  0  0  6  0  0  86  256  1027  6317  166340  211948  29  538  0  0  1  0  0  4  12  65  0  3514  158  0  24  138  0  0  0  104129  25  36944  2  0  42  2101  0  21  0  2  0  0  0  3  76849  3280  0  522  211514  49  3  336  1362  323  1  0  0  0  0  370  3134  0  5  6  0  0  2  0  0  0  0  19  12  0  0  0  0  1  0  0  23  135  3  214  7  7  0  0  0  0  0  2  2  12  0  47  0  0  6  11  0  0  0  585  2  152  0  0  0  30  0  0  1898  0  0  0  0  0  771  1115  13  21  1536  3  2  2  194  3140  0  0  0  0  0  14  57  2  
1479  0  2  18  1861  384  308  2  0  4  0  213416  0  202955  1059226  11124  9  68  11  2  2  2  1  24919  30  2  13  1  443  63  3  0  0  6  37  1  10  6  69  17099  15  4  19  3  10344  34  0  3  334  0  13  0  24726  28073  3  55  2  9  0  18  18  99790  0  5  41  4  93  248811  247  0  8  9  1536  1  1  0  1  0  18  11  53  4  0  0  0  60  0  17  11  63  18  7  0  0  0  8  6  4  1  0  2  0  1  8  1  0  0  1  0  0  0  0  0  160  0  0  0  2  7  33  0  2  19  0  5  146  5  16  0  16  2  0  0  0  10  1  1  1  2  1  1  5  0  0  7  0  0  0  
63238  0  0  0  156338  263  349  0  0  0  0  2  0  67  786234  10446  1  2  0  2  0  0  0  1054  0  1  1  0  6  8  2  0  0  0  6  0  0  0  1  53  2  1  5  1  33  5  0  1  12  0  2  39973  0  300471  0  15  0  1  0  0  7  89  0  0  6  0  20  12  22  0  0  1  1  0  2  0  3  0  111  17  6  2  0  0  0  8  0  4  29  31  4  5  0  1  0  1  2  10  0  0  0  0  2  0  0  2  0  0  1  0  0  0  0  3  0  0  1  0  0  8  0  0  3  0  1  7  61  3  0  5  0  0  0  0  2  4  2  0  0  0  0  2  0  0  0  0  0  0  
127  0  0  14  140  36  172  2  0  0  0  8333  2  845  700855  1278740  82  241  2  2  0  0  0  28  5  4  2  0  2300  8  3  0  0  6  1  2  0  17  6  15430  46  1  0  0  423  4  2  38  1208  0  8  50183  185052  0  4  41  0  1  0  1  3  27  0  5  15  1  53  2286  159679  0  0  7  160  0  0  0  1  0  3  3  258  65  0  0  0  51  0  5  9  100  24  36  0  0  0  0  0  0  0  0  1  0  4  1  0  0  0  0  1  0  0  1  0  23  0  0  1  0  13  2  0  1  27  0  2  27  1  12  0  2  1  0  0  0  0  0  0  0  0  0  3  45  3  0  1  0  0  0  
0  0  0  3397  0  0  1  0  0  0  0  623  0  12  2  15  8  55  26  0  0  0  0  2  399927  243791  128  53  1449  201  0  0  0  4703  0  3382  0  18  1  125  59106  0  0  0  266  1  0  7  5952  0  0  23  0  8  0  1339  0  0  0  6  0  2  0  0  31  0  418  653  17  0  17  3  164664  1  0  0  0  0  0  0  0  0  0  0  0  0  0  0  0  0  0  0  0  0  0  0  0  0  0  0  1  0  0  1  0  0  0  0  0  0  0  0  0  0  0  0  0  0  0  1  0  0  0  0  0  0  0  0  0  1  0  0  0  0  0  0  0  0  1  0  0  0  0  0  0  0  0  0  
147  1  217  3232  9  0  1  1  0  1  0  37  1  71  58  41  70  47  38902  32417  5  0  1  122  719775  169661  739314  2392  1531  24705  2  13  37  351  3  74  148  1375  0  11  202  0  0  3  33863  80  2  351  274  6  1  101  2  5  8264  0  1199  235987  4  491  10  32  0  19  46737  1  549474  138  167  0  20  843  25503  236  0  1  0  0  0  1  0  0  0  1  0  0  0  0  0  2  0  0  1  1  0  0  2  3  1  0  4  0  0  17  0  1  0  3  1  0  0  0  0  0  0  1  0  4  2  1  0  0  0  0  1  0  0  0  0  25  2  0  0  0  0  0  1  0  0  0  1  0  0  0  5  0  1  0  
51  51048  0  0  5  0  0  0  0  56  2  0  1  6  2  4  84  209  673530  4302  48624  0  6  179  6  0  71  0  1  217  1  19  0  3168  49  19  2121  1382  1  0  1  198361  24  120  22  0  15  1909  1  492  55791  3  1  0  0  347  0  15557  53684  51280  254  39  1  95  2882  42  3  1  1  0  30  3685  44517  17  1  0  0  0  0  0  0  0  0  1  0  0  0  0  0  1  0  0  0  3  0  0  0  0  0  0  0  0  0  4  0  0  0  5  0  0  2  0  0  0  0  5  0  4  0  0  0  1  0  0  15  0  0  0  0  2  21  18  0  0  0  0  0  1  10  25  0  0  0  0  0  0  1  0  
30  122  0  0  2  0  0  0  0  16904  1749  0  0  4  0  0  90  112  332622  371233  1844  5  5  67  33355  0  4319  0  0  141  0  31  3  1518  19  94  227  1097  0  1  2  1144  4  33299  7  0  0  1150  2  47  5862  5  0  1  1  194035  40818  0  163  4760  1304  15  0  28  93948  5159  4  2  0  0  15  1206  5648  48  2  0  0  0  0  0  0  0  0  67  31  0  0  0  0  0  0  0  3  51  0  5  1  0  0  0  1  0  0  4  0  2  0  9  0  0  0  3  0  0  0  131  0  55  0  0  0  4  0  0  129  0  0  0  0  3  107  271  1  2  24  0  1  0  39  1085  0  0  0  0  1  2  6  0  
5  206984  0  7  0  0  0  0  0  0  0  34  0  3  1  10  2  5  294900  26  4149  0  0  5  5  11  12  0  2  32  0  0  0  410  21  1  117027  101154  0  10  6  41  11  1  15  0  2  112  15  347  44  6  0  1  6  116  134826  339  0  45725  7  0  0  5  130  0  1  17  7  0  7  192435  272863  1  0  0  0  0  0  0  0  0  0  0  0  0  0  0  0  0  0  0  0  0  0  0  0  0  0  0  0  0  0  0  0  1  0  0  0  0  0  0  0  0  0  1  0  0  0  0  0  0  0  0  0  0  0  0  0  1  0  0  0  0  0  0  0  0  1  1  0  0  0  0  0  0  0  0  
38  129410  0  2  0  0  1  0  0  53  0  9  0  6  6  9  21  134  10941  1104  455288  185  5  147  50  8  206  0  5  996  1  11  3  12859  2070  19  578036  4777  0  8  0  2263  3238  48  520  0  8  2047  4  121069  2533  67  0  1  7  1740  36137  1684  24936  0  376  2  1  190  4480  37  78  74  8  0  90  136584  101733  20  0  0  0  0  1  0  0  0  0  1  0  0  0  0  0  1  0  0  1  1  0  0  0  0  0  0  7  0  0  9  0  10  0  1  0  0  0  3  0  0  0  1  0  3  0  1  0  3  0  0  6  0  0  0  0  33  2  6  0  2  0  0  0  0  18  18  0  0  0  0  2  1  1  0  
2403  129  0  0  83  20  0  0  0  292  925  0  3  18  4  2  68  1117  124  3438  568168  707814  508986  5033  0  0  1  0  0  7  231  2355  0  26125  38228  0  58  303  0  1  0  382  172673  75379  0  0  228  4638  3  81564  293997  14  1  2  0  4  496  2219  5  577  0  95  37  4168  536  94  3  0  0  3  0  342  4956  0  87  14  0  0  50  8  0  0  0  5  25  0  0  0  0  10  2  1  42  168  10  3389  226  107  0  0  3  0  0  5  9  404  0  209  20  0  17  16  0  0  0  1062  34  631  0  1  0  165  0  0  5864  1  0  0  0  6  601  762  14  78  16889  2  47  49  203  16486  0  0  0  1  0  14  169  1  
1459  0  2  0  663  3  1  1  0  0  0  4  39889  98473  52252  68  81  1060  3  14  1  0  0  360821  1  0  21  2  44  28  2  1  1  6  7  0  1  6  3351  76  19  17  3  0  253  22  61  100  3071  0  121  123042  24  4  0  183  17  14  0  6  164  0  0  220  56  0  213  2  48  0  2  4  40  0  0  0  0  0  1  2  2  2  0  0  0  0  0  0  0  0  0  1  0  0  0  1  6  2  0  0  0  0  0  0  0  0  0  1  1  0  0  0  0  0  0  1  0  1  0  1  0  0  0  0  0  0  0  0  0  1  1  1  0  0  4  1  0  0  0  1  1  0  0  0  1  0  0  0  
84  0  0  0  11  12788  4  0  0  1  0  0  22  0  0  12  10792  64857  0  4  19  1  3539  441877  0  0  1  0  0  0  340501  45056  0  216  41247  0  0  3  0  0  0  9  130  0  0  0  8407  203  0  0  17  0  0  0  0  5  7  7  0  8  87  0  0  3798  13  5518  7  0  0  23484  0  0  4  0  1960  0  0  0  59  1894  0  0  0  0  0  0  0  0  0  1063  0  0  0  0  0  0  0  954  0  0  0  0  0  0  260  1197  0  0  1  0  0  0  0  0  0  0  0  0  1  1  0  1  0  0  3  0  0  0  0  0  0  0  0  0  4  0  53  152  0  6412  0  0  0  130  0  0  1  0  
38984  28  0  0  45  62  0  0  0  5  0  0  77  11  3  6  90  10098  51  40  287  7  25  1053461  0  0  14  1  0  16  406  178  0  838  2233  0  110  62  2  0  1  183  11  9  8  7  8433  3265  1  30  1373  9  1  0  0  51  277  26  7  325  6431  290  1000  0  61  31  44  0  1  3  2  55  355  0  726  0  0  0  13  102  0  0  0  0  0  0  0  0  0  24  0  0  1  4  0  1  10  830  0  0  0  0  0  1  24  460  0  3  1  0  1  0  0  0  0  4  2  0  0  0  0  3  0  0  19  0  0  0  0  3  7  4  0  1  4  0  14  246  6  1124  0  0  0  5  0  0  6  0  
197  31  42  0  17  16  199  285  14650  75732  394084  1  0  16  14  38  239  245  14690  252160  860  1893  1679  271  6717  4  169899  0  1  519274  16  77  45  2513  98  285  202  1803  2  4  4  2797  25  377624  3  99  12  2679  9  30  5230  51  0  2  4  26095  7491  40557  19  1377  1653  42  1  103  0  30500  6  3  1  0  11089  1710  6449  394  28  5  15  0  4  1  1  7  2  209  265  0  0  0  0  13  0  2  40  138  6  18  68  42  0  0  67  0  1  338  4  13  0  206  6  0  42  40  0  0  0  522  17  200  1  39  2  204  0  0  825  0  1  0  0  132  417  719  17  61  70  6  13  10  1948  2587  0  0  0  0  82  34  201  1  
11760  8  443  0  7649  330834  179724  195136  240337  282379  24  0  0  2  23  8863  31  780  59  7715  249  16  144  2560  0  0  4  0  71  9279  25182  26259  0  176  1283  3  2  32  0  3  0  4650  13  23675  2  2568  246  150  0  2  764  19  10  2  0  3  177  4344  2  45  371  0  4346  140  53514  0  2  0  2  5738  28176  65  244  2  1648  32  155  0  8021  25831  1118  6507  2090  21019  1504  8  0  1  15  9667  2  9  116  1464  1  22  415  107  0  0  202  0  6  2211  33  5299  0  153  4  0  31  81  0  2  0  4361  7  7595  22  1338  0  171  13  0  3539  2  5  3  0  554  967  1823  35  38  115  15  23  18  2668  147819  1  1  1  545  2603  109  225  12  
96  0  139114  31973  12  0  1  4  0  0  0  71  0  70  368  107  21  31  891  0  0  0  3  80  12426  516013  221152  1128631  1329  98  2  9  0  6  1  35  45  33  1  58  4152  1  0  0  378075  7691  0  10  217  0  1  1116  0  17  2039  470494  16  10  2  84  2  42  2  4  17  0  0  1894  583  0  0  94  7369  3  1  0  0  0  0  0  0  0  0  0  0  0  0  0  0  0  1  2  0  0  0  0  0  2  0  0  0  0  0  1  0  1  0  0  0  0  0  0  0  0  0  0  0  0  1  1  0  0  0  0  0  0  0  0  0  1  1  0  0  0  0  0  1  0  0  0  1  0  0  0  0  0  0  0  
8  0  2  82864  10  0  14  4  0  0  0  321417  0  201  257928  3725  6  26  25  0  0  0  0  4  682  99  1  11  434388  2  0  0  0  10  0  8  8  21  1  7731  202  0  0  0  76233  4  0  3  3406  0  1  223168  11  1956  62  288  1  0  2  21  1  1  0  0  3  0  367  0  59746  0  1  30  5214  0  0  0  0  0  0  0  9  1  0  0  0  2  0  0  0  4  0  1  0  0  0  0  0  0  0  0  0  0  0  0  0  0  0  0  0  0  0  0  0  1  0  0  0  0  0  0  0  0  0  0  0  0  0  0  0  0  0  0  0  0  0  0  0  0  0  0  0  0  1  0  0  0  0  0  
61  0  72  11  44  1  28  428  0  0  0  1478  0  129  175510  124856  39  82  2  0  0  0  0  19  7  1  3  0  525668  6  1  0  0  1  1  1  0  7  1  848  5  1  0  0  49982  120  2  14  476  0  4  2798  5  190580  0  285  3  1  0  2  4  15  0  1  6  1  331  36502  0  0  1  7  146  0  1  0  55  0  4  0  11  27  0  0  0  16  0  1  0  399  6  71  0  0  0  0  0  0  0  0  0  0  13  0  0  0  0  0  0  0  0  0  0  0  1  0  0  0  63  10  0  1  31  0  0  0  1  1  0  2  0  0  0  0  0  0  0  0  0  0  5  4  6  0  0  0  0  0  
1215  0  0  0  5861  254646  22  0  0  0  0  0  6  0  1  65186  59  779  0  2  1  0  624  1428  0  0  0  0  0  0  536203  55499  0  10  452  0  0  0  0  0  0  1  7  0  0  0  167  21  0  0  4  0  0  0  0  0  0  0  0  0  36  0  42430  58  1  39411  0  0  0  0  0  0  0  0  247  0  0  0  4798  4593  0  1  0  0  0  0  0  0  7  3762  0  0  0  0  0  0  150  126  0  0  0  0  0  0  5295  524  0  1  7  0  0  0  0  0  0  0  4  0  0  2  0  1  0  0  13  0  0  0  0  0  2  0  0  0  21  4  223  3  1  4159  0  0  0  667  0  0  0  0  
10  0  330  0  1  354  4170  8974  270725  4513  30  0  0  3  3  545  1  4  6  0  0  0  0  6  0  0  44  0  31  724583  4  1  0  22  0  9  11  34  0  1  1  0  0  161  52  102972  0  25  0  0  3  11  3  0  0  11  3  1  0  22  0  1  0  0  19717  17277  0  0  0  0  0  35  83  14  2  0  333  0  1  5  73  57  1344  238  13  3  0  0  0  209  0  4  1  0  0  0  0  2  0  0  167  0  12  2239  0  1  0  9  0  0  3  2  0  2  0  1  0  157  204  2913  0  8  8  0  2  5  0  2  0  828  3  0  2  0  0  0  1  1  218  80  1  4  0  0  1948  2  4  0  
13  25375  0  14  1  0  0  0  0  83  0  29  0  11  7  24  5  34  8779  1352  3172  1  5  37  41  18  360  0  17  1476  0  2  1  26723  1665  3  951999  877765  0  18  8  2120  124249  56  366  2  3  562  25  50678  2468  127  0  4  13  2253  11090  4020  239501  103978  402  5  0  24  8183  42  61  86  17  0  147  0  159754  16  1  1  0  0  0  0  0  0  0  1  0  0  0  0  0  0  0  0  0  0  0  0  0  0  0  0  13  0  0  18  0  1  0  3  0  0  1  1  0  0  0  3  0  6  0  0  0  6  0  0  4  0  0  0  0  70  2  5  0  1  0  0  0  0  45  5  0  0  0  0  5  0  4  1  
110  2779  3  6679  4  0  5  1  0  195  2  4339  3  187  146  573  322  639  500538  7088  7069  8  2  235  1235619  43307  4504  203  1869  7395  2  13  239  957063  391  13614  39455  923749  5  1516  20799  15018  409  222  14653  4  15  6600  14001  2441  30207  2957  1  126  180634  18168  85239  13909  250843  93965  14388  63  0  169  34047  133  1693  7301  462  0  897  65478  0  1969  4  0  0  0  2  0  2  1  0  2  2  0  0  0  0  5  1  0  2  9  1  0  8  7  0  0  27  0  0  92  0  7  0  15  3  0  1  2  0  0  0  31  2  21  2  1  0  14  2  0  46  0  0  0  0  126  25  38  0  4  2  0  4  1  87  60  0  0  0  0  45  1  21  1  
13  3  1  404  0  0  0  0  0  3  0  153  0  24  0  5  201  118  487  54  11  0  0  31  27  14283  683  0  0  1511  0  0  161560  97538  2  195449  22  111  1  3  92034  1  0  1  3  1  1  1098  179  2  1  9  0  2  16  1781  445  373  2  216  1  25  0  5  5793  1  4  17  1  0  235  56  3342  0  0  0  0  0  1  0  0  0  0  3  0  0  0  0  0  1  0  0  0  0  0  0  0  0  0  0  4  0  0  29  0  0  0  0  0  0  0  0  0  0  0  0  0  1  0  1  0  2  0  0  0  0  0  0  0  28  0  0  0  0  0  0  0  0  3  0  0  0  0  0  15  0  0  0  
1581  0  0  0  83  311  1  0  0  0  0  0  0  0  5  4  0  1  0  0  0  0  1  982  0  0  0  0  0  1  727  8  0  0  2  0  0  0  0  0  0  0  0  0  0  0  1  0  0  0  2  0  1  0  0  0  0  0  0  0  12  0  32  53  1  34  0  0  1  68  1  0  0  0  0  3  6  0  344507  604  2  2  0  1  0  1  6  87  38570  85994  51  39  20  13  2  5  114  329355  5  0  1  0  6  5  53322  634  1  39  78  0  4  5  0  0  7  2  22  0  42  18  67  167  1  0  124  2  57485  0  0  37  319  61  53  6  109  739  1494  51861  55  640  198  2  0  5530  1  4  9  0  
0  0  0  0  0  0  0  0  0  3  0  0  0  0  0  0  0  0  0  1  1  1  1  0  0  0  0  0  0  0  5  0  0  0  2  0  0  0  0  0  0  5  0  2  0  0  0  0  0  0  10  0  0  0  0  0  0  0  0  0  29  0  0  0  4  1  0  0  0  0  0  0  1  0  33  0  0  0  12  0  0  0  0  7  0  0  1  0  0  4  2  1  147644  102  95663  14  56  36  0  0  0  0  0  0  1  7  0  259  10  0  248483  351  0  0  0  277101  271  8  0  0  3  171  0  0  285873  0  0  0  0  0  74866  13  173915  241264  667  6  14  16  5  47  0  0  0  0  0  2189  185  0  
105  0  6722  0  36  1  1  2218  11  1  0  0  0  1  6  3971  0  0  0  0  0  0  0  15  0  0  1  0  2017  54  20  14  0  0  1  0  0  0  0  0  0  0  0  0  2655  1241  0  0  0  0  0  7  5  0  0  2  0  0  0  0  2  1  0  0  1  2  4  0  149  0  23  0  0  0  12  1  0  0  49  2  27  16764  24  0  0  3  0  2  3  293642  47  14  1  0  0  0  2  8  8  0  54907  138055  101720  53345  1  8  0  2  0  0  0  4  0  0  46  0  0  2  92472  536856  0  106  11  0  0  1  1  0  0  2866  1  3  1  0  1  6  2  1  3  2  79724  1  58  0  735  3  11  1  
0  0  0  0  0  0  0  0  0  0  0  0  0  0  0  3  0  0  0  0  0  0  0  0  0  0  0  0  0  0  0  0  0  0  0  0  0  0  0  0  0  0  0  0  0  0  0  0  0  0  0  0  0  0  0  0  0  0  0  0  0  0  0  0  0  0  0  0  0  0  0  0  0  0  0  0  1  0  0  1  1  42  0  0  0  266683  5  33  0  206  4411  2894  0  0  0  0  0  0  1050  324683  0  81993  143999  0  0  0  12326  4900  694  3749  9  2625  2  23  223991  0  0  0  102881  0  0  1069  127635  0  0  138  0  13  11976  165  0  0  2  0  0  1  0  0  1  0  29976  2774  23  0  0  1873  2213  19  
7462  0  0  0  4317  97  1  2  0  0  0  0  0  1  137  236  0  0  0  0  0  0  0  588  0  0  0  0  3  1  610  1  0  0  1  0  0  0  0  2  1  0  0  0  12  2  0  0  1  0  0  18  38  1  0  0  0  0  0  1  1  0  10  7  0  467  0  0  4  87  0  1  0  0  228274  0  16  0  0  6736  30  22  0  2  0  6  20  418  106992  306889  214  206  10  6  1  17  59  6544  3  0  1  0  13  6  82  18  0  8  105  0  1  1  2  20  4  2  96  1  184  86  33  187  32  0  57  142  217866  461  0  36  111  21  38  0  126  3587  6  32  18  1585  228  2  7  678  1  4  8  0  
9540  0  2  0  5426  49322  308  6  0  1  0  0  0  0  170  4826  5  868  0  0  4  0  6  14470  0  0  0  0  0  1  8779  7490  0  24  568  0  2  0  0  3  0  0  1  0  3  16  637  59  2  0  4  71  55  20  0  0  1  0  0  1  17  1  2434  1303  1  27585  0  0  1  2376  6  0  1  0  11099  1  5  0  19567  0  357467  5466  127  42  0  65  1  84  222  673124  401  252  1  1  0  1  79  3733  0  0  7  0  1  1401  126172  92478  0  8  58  0  0  1  0  354  2  0  24  569  21  223  0  72  176  0  14  40  180  46  0  31  11  3  0  0  58  6  1726  248  612  281489  15  1  2  207217  5789  0  0  0  
50  0  14  0  79  16263  6419  252  3  0  0  17  0  1  127  8078  1  7  0  0  0  0  0  2  0  0  1  0  3  2  9  5  0  0  0  0  1  0  0  81  1  0  0  0  23  23  0  0  26  0  0  177  18  249  0  0  1  0  0  0  0  0  0  0  2  493  0  4  17  0  5  0  1  0  3  0  44  2  267  374350  0  226047  132  1  0  1016  0  39  23  261164  743  1063  0  1  0  0  1  3  0  0  9  0  9  583  0  83  0  0  7  0  0  1  1  252  15  0  5  43  54  1098  0  34  1062  0  6  59  33  260  0  11  2  1  0  0  2  2  2  2  99  145480  27  231  13  1  9952  1  0  0  
19  0  1087  0  21  2730  1567  47662  200  28  0  6  0  4  9  7388  1  3  0  0  0  0  1  4  1  0  1  1  1939  32  13  3  0  0  1  0  1  1  0  10  1  0  0  2  687  425  0  0  8  0  0  8  0  35  0  3  0  0  0  1  0  4  0  0  22  4368  9  2  1777  0  57  0  8  0  1  0  7036  5  38  7348  222220  0  66490  42  0  5258  0  40  22  522034  317  3255  0  0  0  0  0  0  0  0  27  0  68  4532  1  10  0  1  1  0  0  3  3  146  6  0  0  66  179  163929  1  13  4128  0  2  43  9  3093  0  32  2  1  0  0  0  3  3  0  8140  146517  20  1846  71  0  37436  1  1  0  
0  0  5  0  0  75  23  4246  7986  2430  1  0  0  0  0  10  0  0  0  0  0  0  0  0  0  0  1  0  0  386  0  0  0  0  0  0  0  2  0  0  0  0  0  11  0  119  0  1  0  0  0  0  0  0  0  2  0  0  0  1  0  0  0  0  15  2147  0  0  0  0  1797  1  0  0  0  0  46  0  3  387  247  70826  0  48434  15  0  0  0  0  126  0  0  0  0  0  6  12  0  0  0  42  1  0  12724  0  0  0  1  0  0  1  0  0  0  0  0  0  13381  0  100742  0  1  0  0  0  0  0  0  0  42  0  0  0  0  0  0  0  0  39255  180315  0  0  0  0  255398  0  1  0  
1  5  0  0  0  0  5  5  161  76156  26  0  0  0  0  4  0  2  4  2022  60  42  6  1  0  0  0  0  0  883  1  2  0  12  28  0  0  3  0  0  0  1539  14  7772  0  52  0  7  0  0  221  0  0  0  0  0  43  546  0  3  275  0  0  0  904  9497  0  0  0  0  1954  5  30  2  3  11  0  0  3  36  13  60  63362  0  8627  0  0  0  1  2  1  1  63  4777  9  2867  26861  2  0  0  4  0  0  75372  0  1  0  91  0  0  13  38  0  0  0  1937  4  201167  0  1  0  87  0  0  2426  0  1  0  0  9  2889  17179  24  30  95  1  2  1  78187  213236  0  0  0  0  18438  69  113  4  
0  0  2  0  0  0  0  0  2  2675  3870  0  0  0  0  1  0  0  0  36  0  833  0  0  0  0  0  0  0  1173  1  0  0  0  5  0  0  0  0  0  0  94  5  941  0  7  0  1  0  0  150  0  0  0  0  0  1  7  0  0  918  0  0  0  2605  212  0  0  0  0  126  0  0  0  1  0  0  0  0  0  0  0  18  8362  0  0  0  0  0  0  0  0  49  398806  5  105558  615  1  3  0  0  0  0  73062  0  4  0  17  8  0  0  0  0  0  0  259669  12  840994  0  1  0  3  0  0  2974  0  0  0  0  20  14  6054  0  1  14288  0  3  4  404650  1031  0  0  0  0  55  0  1  0  
0  0  0  0  0  3  88  3  0  0  0  0  0  2  9  280  0  1  0  0  0  0  0  0  0  0  0  0  1  0  1  0  0  0  0  0  0  0  0  14  0  0  0  0  3  0  0  0  1  0  0  33  1  8  0  0  0  0  0  0  0  0  0  0  0  0  0  1  6  0  0  0  0  0  0  0  1  251760  29  263  2610  5907  0  0  0  0  43683  121343  320  39388  9775  40228  1  0  0  0  0  158  3  23  0  1  42043  0  0  0  745  4077  4281  9  8  603  4408  148843  4222  0  1  0  1236  3  15  2007  421627  0  0  91940  54  4048  25  5  1  0  0  0  0  617  1  0  1  0  78  178379  236  0  1  515  491  0  
1  0  0  0  0  0  0  0  0  0  0  0  0  0  0  2  0  0  0  0  0  0  0  0  0  0  0  0  0  0  1  0  0  0  0  0  0  0  0  0  0  0  0  0  0  0  0  0  0  0  0  0  0  0  0  0  0  0  0  0  0  0  0  0  0  0  0  0  0  0  0  0  0  0  15  0  1  1  144  9  5  6  0  0  0  60719  0  92742  31  38  705  57728  0  0  1  0  0  144532  0  0  0  0  2  0  0  0  0  3558  1453  0  0  0  133289  74  3  0  0  0  22  2  102594  530  48725  0  22  12  25  2  0  1  35  5  11  1  5  61037  0  712  1  0  18  864  0  0  0  0  1  0  
0  0  0  0  5  2  9  0  0  0  0  0  0  0  3  26  0  0  0  0  0  0  0  0  0  0  0  0  0  0  2  0  0  0  1  0  0  0  0  1  0  0  0  0  0  0  0  0  0  0  0  4  0  1  0  0  0  0  0  0  0  0  0  0  0  0  0  0  2  0  0  0  0  0  10  0  1  92  264  341  208  93  0  0  0  112926  76767  0  29620  4382  971  2712  4  1  0  0  4  126  0  0  0  0  70  1  0  0  0  3  6  0  0  5  116856  213437  7  0  3  1  135  7  41  294  100898  0  14  431192  968  1327  0  8  28  0  11  1  2  152309  0  2  3  0  43  3570  13  0  0  9  5  0  
142  0  1  0  175  8  15  1  0  0  0  0  0  0  31  75  0  0  0  0  0  0  1  13  0  0  0  0  2  0  5  1  0  0  0  0  0  0  0  4  0  0  0  0  2  2  0  0  0  0  0  9  14  1  0  0  0  1  0  0  1  0  0  0  1  0  0  0  4  0  0  0  1  0  30776  2  3  0  107330  1270  164  833  0  0  0  1406  20  22704  0  291717  1296  1698  3  2  0  1  25  33856  2  0  1  0  39364  4  0  0  0  0  40  0  0  2  52  1127  3  5  46  2  1268  22  10  362  808  0  27  870135  934078  496334  0  19  35  5  16  1  18  99868  0  4  10  0  85  311422  57546  0  2  1  0  0  
13417  0  824  0  4688  1037  1286  16060  4  4  0  7  0  10  127  6010  5  11  0  0  0  0  0  2081  0  0  1  0  1292  18  3670  8  0  0  1  0  3  1  0  49  3  0  0  4  1190  246  2  3  16  0  1  121  43  60  0  6  0  0  0  1  4  2  198  77  8  2678  19  1  2897  221  15  0  11  0  54701  2  307006  51  313074  681982  466868  445968  14  1  0  27409  2  1121  214640  0  1658  5639  1  2  0  1  17  376  2  0  0  4  93105  67  29278  204  0  2  24  1  1  34  11  5454  48  2  17  10  7689  48771  2  75  10025  0  14  3715  29504  845550  0  15  22  10  3  1  25  45  59  22  15  21812  98  18122  147998  111004  45  11  9  0  
1  0  0  0  1  2  5  1  0  1  0  1  0  0  0  26  0  0  0  0  0  0  0  0  0  0  0  0  0  1  1  0  0  0  1  0  0  0  0  1  0  0  0  0  0  0  0  0  0  0  0  2  2  0  0  0  0  0  0  0  1  0  0  0  1  1  0  0  2  0  0  0  0  0  230  3  5  9878  269  235  367  136  0  1  0  15561  33  227  261  856  0  274737  36  6  7  0  17570  18488  11  45  2  0  74  8  48  13  1929  384  75740  49  12  100  1  52  99299  2  83  1  532  26  7815  324197  100543  0  190  259  482  61  2  165  274  66  127  18  48  294  151  4147  60  4  2015  60  19  1  2  167  60  8  
1  0  0  0  0  3  25  6  0  0  0  0  0  1  2  145  0  0  0  0  0  0  0  0  0  0  0  0  0  0  1  0  0  0  0  0  0  0  0  1  0  0  0  0  0  0  0  0  1  0  0  4  0  2  0  0  0  0  0  0  0  0  0  0  0  0  0  0  16  0  0  0  0  0  408  1  0  2759  366  666  1197  2138  0  0  0  21235  64306  3219  1140  6007  237864  0  6  1  0  0  68412  142679  2  2  0  0  211  0  691  29  0  1402  92218  0  0  48  13480  304  1665  0  829  0  1627  4  234396  15291  307800  0  20  4086  1116  468  0  11  4  0  1  3  22  2328  8179  9811  0  7  304  96  58  114  0  54  6  2  
8  0  0  0  1  0  0  0  0  8  0  0  0  0  0  1  0  1  0  8  0  0  9  1  0  0  0  0  0  6  66  6  0  4  6  0  0  0  0  1  0  19  0  15  0  0  0  2  0  0  56  0  0  0  0  0  2  5  0  1  131  0  0  2  77  7  1  0  0  2  4  3  12  0  432  144763  1  1  205  2  4  0  0  104  7  0  0  6  12  43  27  3  0  49469  17167  0  446  559  113775  1  397  0  0  172  28  105  18  3936  59  1  2458  5425  0  0  19  247394  1343  42  1  2  27  3452  2  5  58555  4  9  1  6  14188  983731  394733  355142  28345  334  88  313  232  55359  284  79  0  0  2  0  10115  293199  87  
9  1  0  0  0  0  0  0  0  3329  27  0  0  0  1  1  0  4  1  105  4  11  16  8  0  0  1  0  0  24  207  14  0  3  21  0  0  0  0  0  0  256  7  1115  0  0  0  0  0  0  323  1  0  0  0  0  0  22  0  1  1927  0  1  1  26  313  0  0  0  1  32  1  5  0  144  4  0  0  36  2  0  1  0  13424  445000  0  0  1  2  24  0  0  84051  0  289  4803  1013  183  42964  0  72199  0  0  32995  22  265  0  285  11  0  51  93  0  0  0  162279  28  215530  0  4  2  393  0  0  2459  1  0  0  0  116434  49768  473436  206  46  18545  9  403  81  252344  2429  0  0  0  1  6  237  1825  7  
0  0  0  0  1  0  0  0  0  0  0  0  0  0  0  0  0  0  0  0  14  1  1  0  0  0  0  0  0  0  2  0  0  0  0  0  0  0  0  0  0  0  0  0  0  0  0  0  0  0  0  0  0  0  0  0  0  0  0  0  4  0  0  0  0  0  0  0  0  0  0  0  0  0  12  68110  0  0  3  0  0  0  0  2  13  0  0  0  0  1  0  0  4993  119  0  6130  50059  22  0  0  0  0  0  0  1  4  0  263  155  0  51519  13  0  0  0  31917  55187  979  0  0  1  78  0  219432  118157  0  0  0  0  0  23577  119  5198  356284  602042  0  10  8  79  5  0  0  0  0  0  25  77  1  
17  0  0  0  0  0  0  0  1  214  135  0  0  0  0  0  0  0  0  0  56  884  6  3  0  0  0  0  0  70  3  0  0  1  70  0  0  0  0  0  0  6  54  206  1  1  0  0  0  0  24  0  0  0  0  0  0  2  0  0  8260  0  0  1  57  7  0  0  0  0  12  0  1  0  2  3  0  0  1  0  0  0  5  584  90382  0  0  0  0  0  0  0  0  6834  2851  0  89391  13  0  0  0  0  0  97  3  13  0  15  64  0  44  0  0  0  0  384646  50  718849  0  0  1  0  0  15  438314  0  0  0  0  0  5  1031  0  32  456055  0  34  2  16572  140  0  0  0  0  4  0  0  0  
159  0  1  0  5  30  1  0  6  35355  17  0  0  2  0  0  2  7  0  1  7  36  45  81  0  0  1  0  0  20  424  60  0  2  262  0  0  3  0  0  0  11  154  12631  0  3  2  4  0  0  34  3  0  0  0  1  2  1  0  0  2352  0  1  9  50  95  2  0  0  59  4  1  6  1  1807  38  1  0  165  92  1  1  8  24388  1308  0  0  0  3  89  30080  59086  91  246  52642  88617  0  101545  0  0  3  0  0  38  6033  6788  0  283  173936  0  4397  7  0  0  0  95  283810  110351  5  1  1608  516  0  47029  1107  0  1  0  0  5  549  908  584  10462  367811  5  65522  7136  5013  670  0  0  0  262  0  93  16  0  
576  0  1  0  143  145  1  1  0  0  0  0  0  1  8  10  1  3  0  3  0  0  11  344  0  0  1  0  0  8  1106  31  0  3  22  0  0  1  0  0  0  2  0  1  1  1  1  2  0  0  13  2  1  1  0  2  3  4  0  0  47  1  36  32  17  11  0  0  2  42  2  0  2  0  333298  59  9  0  11699  497  11  8  0  6  0  117  137523  2623  45052  267  17557  174845  204  66  30  8  152718  0  6  0  4  0  12  14  64247  9254  1  9361  88097  0  14  18  163  0  21  26  3995  15  224  63  372872  39824  566  0  2079  11  50  0  0  46  2036  193  570  116  834  216261  429972  845847  99  328  472  3  9  1796  4  21  55  0  
0  0  0  0  0  0  0  0  0  0  0  0  0  0  0  0  0  0  0  0  0  0  0  1  0  0  1  0  0  2  2  0  0  0  0  0  0  0  0  0  0  0  0  0  0  0  0  0  0  0  0  0  0  0  0  0  0  0  0  0  0  0  0  0  1  0  0  0  0  0  3  0  0  0  8  0  3  914  0  0  0  2  0  0  0  10  0  0  1  5  19  2  114606  14194  0  0  0  6  0  286703  15520  41  278  547  0  1  9  95436  0  24450  42  6971  0  0  1921  0  3  0  2708  7  0  207  11  0  0  240  0  0  666322  972652  8  15666  760  2  0  0  0  0  9377  0  44844  857  74  0  2  1091  1140870  36  
0  0  0  0  0  0  0  0  0  0  0  0  0  0  0  0  0  0  0  0  0  0  0  0  0  0  0  0  0  0  0  0  0  0  0  0  0  0  0  0  0  0  0  0  0  0  0  0  0  0  0  0  0  0  0  0  0  0  0  0  0  0  0  0  0  0  0  0  0  0  0  0  0  0  0  0  0  369739  1  0  0  2  0  0  0  66  0  0  0  2  62  6  1  0  0  0  0  0  225506  0  2364  41547  337  0  0  0  7867  58840  1  411569  4  2213  0  0  398916  0  0  0  3117  1  0  563  127  0  0  82  0  1  421621  169861  0  0  0  0  0  0  0  0  1  0  677591  281  3  0  0  635  18483  1227  
1  0  283  0  0  0  0  0  0  3  4  0  0  1  0  218  0  0  0  0  0  0  0  2  1  0  3  0  0  95  4  0  0  3  0  0  1  5  0  1  0  0  0  1  0  33  0  9  0  0  0  2  0  0  0  2  1  0  0  5  2  0  0  1  9  6  0  0  0  0  36  3  5  1  3  0  114486  0  3  0  1  3  3  0  0  0  0  1  0  3  12  2  711  77484  0  0  1  5  29735  6841  0  895  6  771944  0  1  2  23  0  1  38  103  0  0  25  0  0  5  532  31618  0  69  0  0  0  0  1  0  62  964998  7  442  100  2  0  3  2  1  71181  14  344673  0  5  0  48510  104  725  5  
0  0  1161  0  0  0  1  10  0  0  0  0  0  0  0  260  0  0  0  0  0  0  0  0  0  0  0  0  0  4  0  0  0  0  0  0  0  0  0  0  0  0  0  0  0  31  0  0  0  0  0  0  0  0  0  0  0  0  0  0  0  0  0  0  0  0  0  0  0  0  1  0  0  0  0  0  153620  96125  0  0  0  3  0  0  0  20  0  0  1  35  6  3  0  0  0  0  0  0  137  35618  179  0  23995  119  0  0  0  2  0  11  2  274  0  0  24  0  1  0  1269036  928  0  2  11  0  0  190  0  0  486  2688  0  0  0  0  0  0  0  0  0  0  913123  1220  28  0  12  155  56  0  
25  0  52  0  14  1  1  23  0  0  0  0  0  0  2  36  0  0  0  0  0  0  1  4  0  0  0  0  166  3  1  0  0  0  0  0  0  0  0  0  0  0  0  0  207  13  0  0  0  0  0  1  0  4  0  0  0  0  0  0  0  0  0  0  0  0  0  0  32  0  0  0  0  1  1  0  106428  150821  15  2  73  1047  0  0  0  81685  3  102  35613  57442  52  195  1  0  0  0  1  1  220  426  1  15103  0  36  0  2  0  33  0  131  23  2128  2  132  2154  0  0  0  1271800  23  0  6  454  0  0  16846  1  1547  172  16  0  1  3  0  0  2  0  0  2  0  1911  631422  508276  0  0  2229  853  1  
26  0  7388  0  7  1  9  1756  809  440  548  0  0  1  1  2929  5  7  12  4  2  24  1  15  0  1  67  0  4  10759  21  5  1  45  2  6  15  92  0  0  0  7  0  19  7  3059  0  60  0  3  16  12  1  0  0  36  8  6  0  51  45  1  0  7  990  306  0  0  0  0  11132  133  103  11  22  0  90728  0  12  944  633  3398  34916  86118  53903  0  0  0  0  126  12  0  272  7863  0  91  29  6  679  0  806807  31  45  0  1  2  0  49  1  0  44  30  0  0  13  2  2  3457  136  388844  0  98  0  0  8  0  0  0  0  159367  24  251  60  3  2  2  3  3  447006  6718  1153  0  0  0  832063  92  213  13  
583  0  0  0  28  5006  1  0  0  0  0  0  0  1  0  1  0  18  0  0  0  1  13  752  0  0  2  0  1  7  40909  301  0  1  28  0  0  0  0  0  0  3  3  1  1  1  6  0  0  0  5  0  0  0  0  1  2  1  0  0  53  1  159  87  2  64  0  0  0  2742  0  0  1  0  114970  12  0  0  285  84904  4  1  0  1  0  0  0  0  1  46380  38  47  24  26  1  4  16182  121845  0  0  0  0  0  0  0  140201  0  57  712  0  0  1  0  0  0  7  103  3  7  10  9  101  0  0  237  0  0  0  0  9  239  46  19  6  426  1  339327  1866  11  820  0  0  0  286636  0  2  0  0  
2280  0  1  0  121  3856  0  0  0  2  0  0  1  0  5  3  10  649  1  1  13  0  103  7074  0  0  4  0  4  13  4772  3169  0  81  899  1  0  3  0  0  0  2  4  1  3  1  342  86  0  0  26  4  1  1  0  1  1  6  0  5  342  1  147  1318  4  832  1  0  1  333  2  0  5  1  15378  24  3  0  349  71044  13  4  0  4  0  0  0  0  8  874  16  16  60  92  6  0  15951  26026  4  0  0  0  1  4  164702  0  0  238  908  0  2  1  0  0  0  11  414  11  14  40  3  49  0  0  980  0  1  0  0  34  633  220  53  6  1800  6  130144  5156  86  27031  11  0  0  4030  1  6  9  0  
0  0  0  0  0  0  0  0  0  1  0  0  0  0  0  0  0  0  0  0  0  0  0  0  0  0  0  0  0  5  0  0  0  0  0  0  0  0  0  0  0  0  0  0  0  0  0  0  0  1  0  0  0  0  0  0  0  0  0  0  0  0  0  0  4  0  0  0  0  0  3  1  0  0  2  0  1  32852  1  0  0  0  0  1  0  3988  3  1  0  0  4299  13  68  0  0  0  0  2  123  5783  49  0  0  47  0  0  0  106264  22485  10355  24  38  0  0  116410  0  0  1  0  1  0  149086  128  0  0  0  1  0  2  431  23  87  103  3  0  0  0  0  554  2  24  0  0  0  6  145  187  132958  
6  0  0  0  0  0  0  0  0  4  0  0  0  0  0  1  0  0  1  1  0  0  2  1  0  0  0  0  0  7  4  0  0  1  1  0  0  1  0  0  0  2  0  4  0  0  0  3  0  0  14  0  0  0  0  0  0  1  0  0  59  0  0  0  43  4  0  0  0  0  1  2  3  0  95  254  0  17918  21  1  2  4  0  77  1  8411  946  2  0  35  150  816  1834  246  206  2  194  13414  66865  90497  133  0  247  84  2  14  75220  0  256550  190913  705  29035  0  7  58239  17  150855  37  220  2  8  107622  481  0  4436  10  0  0  80991  610  11780  2656  9425  988  3521  37  23  196  3309  233  56  404  2  0  3  821  1021283  121461  
52  0  0  0  5  0  0  0  0  1  0  0  0  0  0  0  0  1  0  0  0  0  8  11  0  0  2  0  0  6  70  12  0  1  5  0  0  0  0  0  0  0  2  0  0  0  0  0  0  0  13  1  1  0  0  2  0  1  0  0  88  0  0  4  9  0  1  0  0  1  1  1  2  0  791  41  0  1047  264  23  1  0  0  10  0  13431  990  1  7  61  60861  45710  179  33  279  13  82979  45934  10  2  9  0  0  10  515  271  26851  492323  0  0  144  204  0  0  929  8  141079  15  0  0  2755  458191  14  0  1496  0  3  0  0  29  1440  308  828  656  10141  32  1520  11657  266  154  2  0  0  48  0  63  1210  12  
0  0  0  0  0  0  0  0  0  0  0  0  0  0  0  0  0  0  0  0  0  0  0  0  0  0  0  0  0  1  0  0  0  1  0  1  0  0  0  0  0  0  0  0  0  0  0  0  0  0  0  0  0  0  0  0  0  0  0  0  0  0  0  0  0  0  0  0  0  0  0  0  0  1  1  0  0  7218  1  0  0  0  0  1  0  10  0  0  0  0  10  0  19  0  0  0  0  0  4802  421137  9  2  168  11  0  0  10556  276580  0  0  7  1036  0  0  324755  0  0  0  540  0  0  27  19  0  0  10  0  0  17580  98  6  14  45  1  0  0  0  0  69  1  122  70  2  0  1  187  9109  109629  
0  0  0  0  0  0  0  0  0  0  0  0  0  0  0  0  0  0  0  0  13  0  0  0  0  0  0  0  0  0  0  0  0  1  0  0  0  1  0  0  0  0  0  1  0  0  0  0  0  0  0  0  0  0  0  0  0  0  0  0  2  0  0  0  6  0  0  0  0  0  0  0  0  0  10  317716  0  1  0  0  0  1  0  5  0  7  0  0  0  2  0  0  1017  158  33346  73  822  6  64  2  14  0  7  9  0  2  3  393  7  2  0  193777  0  0  48  34  151939  20  11  0  0  103  9  361837  1170  2  1  0  1  142  3130  503  99262  416330  2094  0  0  3  727  7  227  10  1  0  0  672206  16345  9  
0  0  0  0  0  0  0  0  0  0  0  0  0  0  0  1  0  0  0  0  0  0  0  0  0  0  0  0  0  1  2  0  0  1  0  0  0  0  0  0  0  0  0  1  0  0  0  1  0  0  1  0  0  0  0  0  0  1  0  2  4  0  0  0  11  1  0  0  2  0  0  0  0  0  16  698  1  778  3  0  6  63  0  18  0  567  0  2  4  104  62  41  2473  85  41  0  7  16  5172  479  38  9  791  23  1  1  8  28273  26  1087  229286  0  0  9  1644  5  112706  10  5253  7  0  423  423  192  786  1214  0  10  1233  3020  2805  445  157547  213  317  0  3  16  1469  38  12383  3774  230  0  2  1299560  1182009  10  
0  0  0  0  0  0  0  0  0  0  0  0  0  0  2  2  0  0  0  0  0  0  0  0  0  0  0  0  0  0  1  0  0  0  0  0  0  0  0  0  0  0  0  0  0  0  0  0  0  0  0  0  0  0  0  0  0  0  0  0  0  0  0  0  0  0  0  0  0  0  0  0  0  0  1  1  0  1  20  28  22  25  0  0  0  17930  189524  159988  164  145  1334  13630  0  1  0  1  0  76  0  0  0  0  6  0  0  0  0  0  1  0  0  0  0  8655  5  0  1  0  11  1  33255  246  169366  0  5  1293  236  28  0  1  7  2  3  0  1  1352  0  0  0  0  12  516  2  0  0  0  0  0  
1  0  0  0  0  0  26  2  0  0  0  0  0  2  3  85  0  0  0  0  0  0  0  0  0  0  0  0  0  0  0  0  0  0  0  0  0  0  0  4  0  0  0  0  1  0  0  0  1  0  0  17  1  3  0  1  0  0  0  0  0  0  0  0  0  1  0  0  4  0  1  0  0  0  0  0  0  51  67  507  841  416  0  0  0  161795  660  192942  341  11347  89  194  0  0  0  0  0  0  0  0  0  0  92  0  0  0  0  1  0  0  0  15  1137  0  11  0  0  0  88  0  1  8  51552  0  1  7931  97  2020  0  0  0  0  0  0  0  61  0  0  1  1  10  5201  35  0  1  10  9  0  
1  0  0  0  0  0  0  0  0  0  0  0  0  0  0  4  0  0  0  0  0  0  0  0  0  0  0  0  0  1  1  0  0  0  0  0  0  0  0  0  0  0  0  0  0  0  0  0  0  0  0  0  0  1  0  1  0  0  0  0  0  0  0  0  0  0  0  0  1  0  0  0  0  0  8  0  28  235142  6  3  43  33  0  0  0  8808  4  14  5  175  85051  4917  18  0  1  0  0  12  470  334367  18  2  3578  30  0  0  121415  64701  404  248260  79  9079  0  44  0  0  14  0  875  45  0  132198  140428  0  0  118  1  10  18160  871  13  14  62  0  0  2  0  1  35  0  13074  2301  33  0  4  5475  39294  92097  
24  0  0  0  1  0  2  0  0  91  4  0  0  1  1  7  1  5  0  40  47  376  29  13  0  0  1  0  0  6  333  12  0  12  30  0  0  1  0  0  0  256  1  415  2  0  1  7  0  0  718  6  0  0  0  2  4  10  0  2  3950  1  0  8  89  38  0  0  1  7  0  2  22  0  139  150889  1  0  57  2  15  10  0  544  236213  0  2  2  9  21  5  2  235114  181467  9485  385313  280  230  0  0  0  0  1  16  27  236  0  370  14  0  67  26  0  1  0  0  48  417258  0  3  3  465  0  17  679923  0  3  0  0  11  50010  76  29  27  35020  9  308  68  267  4922  0  0  0  0  1  15  259  0  
17  0  0  0  0  0  0  0  0  0  0  0  0  0  1  1  0  0  0  1  0  0  1  6  0  0  0  0  0  0  13  5  0  0  5  0  0  0  0  0  0  1  0  0  0  0  0  1  0  0  7  0  0  0  0  0  0  0  0  1  26  0  0  1  4  0  1  0  0  0  0  0  0  0  112  93  0  0  112  4  1  0  0  1  0  0  0  0  2  21  1  4  252  35  17674  6  258463  1300  3  0  0  0  0  3  12  41  0  145807  130569  0  198931  98877  0  0  1  5  0  9  0  0  2  41  0  77974  759  0  1  0  0  5  1305  73  1600  18223  29796  2  34  538  57  54  2  1  0  0  0  34176  28110  0  
9  1  1  0  3  0  9  15  16  20389  14  0  0  1  0  7  1  4  0  46  1  104  31  9  0  0  0  0  1  201  53  7  0  4  244  0  0  1  0  0  0  191  161  7944  0  76  0  4  0  0  520  4  0  0  0  1  1  13  0  1  9456  0  0  1  87  508  0  0  0  0  163  1  3  0  31  3  0  0  10  140  107  66  5450  183538  620749  0  0  0  1  16  1  0  12  106057  883  662769  126171  30  1  0  15  0  0  389  7  86  0  81  31  0  7  15  0  0  0  196228  48  0  0  4  0  75  0  0  63476  0  0  0  0  18  482  58058  6  11  61120  3  124  16  406319  26780  0  0  0  0  55  28  48  0  
23  0  107  0  11  1  2  23  0  0  0  0  0  1  2  64  0  0  0  0  1  0  0  2  0  0  1  0  170  2  14  5  0  0  0  0  0  0  0  0  0  1  0  0  342  88  0  0  1  0  0  2  0  8  0  0  0  0  0  0  0  0  0  0  1  1  2  0  50  0  1  0  0  0  36  0  95058  145955  166  11  105  372  0  0  0  2760  2  47  374  13858  275  697  2  0  0  0  0  19  1810  3294  10  1098801  1043636  31  1  2  0  33  0  262  44  5466  0  107  915  0  0  0  0  4678  0  91  1043  0  0  8484  15  162  3815  296  4  2  3  0  0  20  3  1  3  0  591778  204195  64616  0  3  3157  1559  0  
19  0  5901  0  6  15  59  24176  382  12  2  1  0  0  4  1969  0  0  0  0  0  0  2  6  0  0  32  0  697  364  107  6  0  1  0  0  0  0  0  6  0  0  0  1  1202  8978  0  0  0  0  0  15  2  0  0  2  1  0  0  0  1  1  0  0  11  106  0  0  25  0  147  0  2  0  47  0  360631  0  80  279  1801  158620  69409  1  0  3  0  3  8  35487  121  12  3  3  0  0  1  19  6  0  34926  82  53  332818  5  22  1  0  0  1  0  4  0  0  106  2  0  8  9220  0  0  215  2  0  0  1  3  0  0  6992  11  8  1  0  1  4  8  2  159  162  11568  0  25  0  213680  3  8  2  
0  0  0  0  1  0  0  0  0  0  0  0  0  0  0  0  0  0  0  0  0  0  0  0  0  0  0  0  0  0  0  0  0  0  0  0  0  0  0  0  0  0  0  0  0  0  0  0  0  0  0  0  0  0  0  0  0  0  0  0  0  0  0  0  0  0  0  0  0  0  0  0  0  0  306  2  0  0  171  7  9  3  0  0  0  53  96661  440  38  39  10331  391208  12  0  6  0  458  481840  0  0  0  0  0  0  18  7  0  383  7201  0  1  3  23068  3  0  0  45  0  0  2  0  9916  65844  0  61  56  30  0  0  0  54  1  37  4  46  2647  72  26505  1  0  1  0  0  1  0  0  4  0  
9  0  0  0  3  0  1  0  0  6  0  0  0  0  1  10  0  1  1  5  0  0  1  6  0  0  1  0  0  26  27  0  0  5  2  0  0  2  0  0  0  7  0  4  0  2  0  5  0  0  14  0  3  0  0  1  1  1  0  2  93  0  0  2  49  6  0  0  0  0  8  5  5  1  3225  905  28  1434  830  106  73  22  1  95  4  2177  177  238  202  257  305086  10321  4429  721  410  1  1380  34309  407  114  140  0  5  120  156  66  132353  293715  468517  4  827  768  1  13  125844  66  266  80  85  66  3171  0  1282  0  16095  143  313  25  9  1553  34361  4466  24143  1541  5026  810  271  15994  3131  303  3271  6  2  6  13  914  7955  1533  
5  0  0  0  2  4  96  25  0  0  0  1  0  0  11  295  0  0  0  0  0  0  0  0  0  0  0  0  2  1  2  0  0  0  0  0  0  0  0  5  0  0  0  0  3  0  0  0  1  0  0  17  1  10  0  0  0  0  0  0  0  0  0  0  0  0  0  0  39  0  1  0  0  0  5  0  9  120893  354  1364  5064  9552  0  0  0  468763  27139  128497  2767  17821  119335  509048  3  0  0  0  0  1335  16  45  0  3  1198  0  0  0  87  317  99  15  20  1407  116950  50616  138125  0  4  0  8052  3  53018  1216  0  0  0  13533  1520  1790  25  33  11  1  10  1  0  4299  0  2  2  1  1583  5561  275  1  3  1114  1142  0  
0  0  0  0  0  0  0  0  0  0  0  0  0  0  0  0  0  0  0  0  2  1  0  0  0  0  0  0  0  0  0  0  0  0  0  0  0  0  0  0  0  0  0  0  0  0  0  0  0  0  0  0  0  0  0  0  0  0  0  0  0  0  0  0  0  0  0  0  0  0  0  0  0  0  0  0  0  0  0  0  0  0  0  0  0  0  0  0  0  1  0  0  6  3  193280  22  69432  0  0  0  0  0  0  0  0  0  0  2  1  0  460777  565  0  0  0  2  133100  0  0  0  0  0  0  0  2  0  0  0  0  0  34  6  113  41580  121169  0  0  0  3  0  0  0  0  0  0  8528  3  0  
6  0  0  0  1  0  0  0  0  41  0  0  1  0  0  2  0  6  0  24  6  25  14  4  0  0  0  0  0  4  58  15  0  4  21  0  0  1  0  0  0  166  24  319  0  0  0  6  0  0  562  0  0  0  0  0  2  7  0  3  17791  0  1  4  81  13  0  0  1  0  1  1  19  0  363  248910  0  0  50  1  6  0  0  285  2104  0  0  2  5  27  17  1  13508  2305  109420  254250  949  484  0  0  2  0  0  13  26  95  0  1420  196  0  197  88  0  0  0  436538  962  48544  0  0  9  1241  0  4  0  0  2  0  0  2  66204  67  108  7545  245994  19  238  285  131  8414  0  0  0  0  0  17  630  0  
2  0  0  0  1  0  10  1  0  0  0  0  0  0  9  72  0  1  0  0  0  0  0  0  0  0  0  0  1  0  2  0  0  0  0  0  0  0  0  1  0  0  0  0  2  0  0  1  1  0  0  14  1  5  0  0  0  0  0  0  0  0  0  0  0  0  0  0  4  0  0  1  0  0  23  1  1  520  679  236  275  76  0  0  0  85492  3  356839  916234  11038  2896  4485  2  1  0  0  2  5  47  46  0  10  6279  1  0  0  0  3  4  10  1  644  203  12990  89  0  4  0  3284  6  11  774  2334  0  13  0  47895  14251  15  12  29  5  14  1  4  63670  1  1  7  0  213  319132  94  0  0  420  90  0  
36  0  0  0  76  5  9  3  0  0  0  0  0  1  25  59  0  0  0  0  0  0  0  0  0  0  0  0  0  1  0  0  0  0  0  0  0  0  0  0  0  0  0  0  1  0  0  0  0  0  0  6  18  1  0  0  0  0  0  0  1  0  0  0  1  0  1  0  5  0  0  0  0  0  63979  2  1  0  251228  727  51  44  0  0  0  197  22  2064  1013474  53022  2768  3415  5  0  1  1  5  212  0  0  0  0  4  2  0  0  0  0  7  0  0  0  68  692  5  1  18  0  75  10  17  801  782  0  18  43118  0  463920  0  8  35  5  10  1  1  1634  1  1  8  1  54  244  3  1  0  0  0  0  
1  0  0  0  0  2  38  1  0  0  0  1  0  0  8  177  0  0  0  0  0  0  0  1  0  0  0  0  0  0  1  0  0  0  0  0  0  0  0  8  0  0  0  0  0  0  0  0  1  0  0  14  1  10  0  0  0  0  0  0  0  0  0  0  0  0  0  0  1  0  0  0  0  0  4  0  0  6  674  68  460  1945  0  0  0  13023  1  1141  508587  871125  267  544  0  0  0  0  0  0  0  0  0  0  3372  0  0  0  0  0  1  0  0  3  3  3643  3  1  1  0  397  0  0  20  1313  0  1  23542  319978  0  0  0  0  1  1  0  0  6  0  0  0  0  7  36580  209657  0  0  5  2  0  
0  0  0  0  0  0  0  0  0  0  0  0  0  0  0  0  0  0  0  0  0  0  0  0  0  0  0  0  0  0  0  0  0  0  0  0  0  0  0  0  0  0  0  0  0  0  0  0  0  0  0  0  0  0  0  0  0  0  0  0  0  0  0  0  0  0  0  0  0  0  0  0  0  0  0  0  0  4694  0  0  0  6  0  0  0  66  0  0  1  4  5  3  15  0  0  0  0  0  580981  359603  105  24  263  2  0  0  6  98954  1  55118  10  2377  0  0  64957  0  1  0  3840  2  0  29  51  0  0  246  0  0  0  165633  0  5  53  0  0  0  0  0  4  0  13471  821  22  0  1  306  79856  100  
7  0  155  0  2  0  1  2  0  1  0  0  0  0  0  108  1  3  0  3  0  0  3  4  0  0  18  0  2  232  18  3  0  3  2  1  5  10  0  0  0  1  0  1  1  28  0  7  0  0  2  4  0  0  0  5  0  1  0  6  15  0  0  2  29  9  0  0  2  1  100  22  19  5  29  0  885  506  31  2  4  4  3  7  1  5  0  1  3  23  210  30  42901  100752  0  0  1  19  805283  193247  674225  1075  31  152511  1  8  19  213  1  6  202  3777  0  1  1071  0  8  18  792  3578  0  697  114  0  2  4  4  1  117614  0  1240  259345  1352  8  1  3  3  6  163887  27  453104  15  63  0  3327  1931  118794  69  
25  0  0  0  0  0  0  0  0  38  3  0  0  0  0  3  0  6  0  54  6  2  44  13  0  0  1  0  0  4  328  22  0  7  34  0  1  1  0  0  0  211  1  227  0  0  0  3  1  0  341  2  0  1  0  1  0  15  0  2  942  0  0  3  72  19  0  0  0  1  1  2  4  0  577  56195  1  0  159  5  4  0  0  1188  83  0  0  3  8  46  18  5  731307  54729  5563  1  406  714  9  0  4  0  0  12  54  422  1  2522  57  0  900  1653  0  0  1  60683  415  512  0  1  18  3336  0  1  68247  1  5  0  0  58  0  70935  61555  4932  1727  90  819  246  5805  1487  1  0  0  1  0  9421  37324  44  
8  1  0  0  0  0  0  0  0  1692  3  0  0  0  0  0  2  4  0  518  20  17  24  4  0  0  0  0  0  6  134  8  0  20  13  1  1  2  0  0  0  1162  5  1812  0  0  0  12  0  1  1393  0  0  0  0  1  15  78  0  1  4333  0  0  2  218  418  1  0  0  2  0  3  30  0  206  5  0  0  62  1  3  0  0  21706  4195  0  1  2  2  21  8  0  442805  446272  68  943  695  197  23182  0  425  0  0  103  19  141  7  1135  19  1  375  1006  0  0  8  143  32  53654  2  0  2  1204  2  0  183  2  3  0  1  277679  75116  0  386  289  2960  21  241  80  94651  7431  25  1  0  0  1  1913  10293  93  
1  0  0  0  3  0  1  0  0  0  0  0  0  0  0  2  0  2  0  0  0  0  0  2  0  0  0  0  0  0  9  4  0  1  1  0  0  0  0  0  0  0  0  0  0  0  0  0  0  0  1  0  0  0  0  0  0  0  0  0  3  0  0  0  3  0  0  0  0  0  0  0  1  0  408  181449  0  0  224  1  0  0  0  5  0  0  1  9  10  25  33  3  346302  12  7677  0  320  493  215  0  25  0  1  19  10  47  5  8876  63  2  79557  82366  0  0  11  5  1723  0  5  1  26  7079  2  15  154  4  6  0  3  204  48413  136  0  165266  172  139  99  243  1814  15  159  2  0  1  1  153918  112079  19  
0  0  0  0  0  0  0  0  0  0  0  0  0  0  0  0  0  0  0  1  19  1  0  0  0  0  0  0  0  1  1  0  0  0  0  0  0  1  0  0  0  2  0  0  0  0  0  0  0  0  1  0  0  0  0  0  0  0  0  1  4  0  0  0  1  0  0  0  0  0  0  1  0  0  113  145405  0  0  7  0  0  0  0  6  0  0  0  0  1  4  4  1  11618  103  314055  151  10502  116  8  0  5  0  0  6  4  5  1  1605  259  1  378662  198  0  0  3  50  40432  8  0  0  0  304  0  27932  3869  0  0  0  0  27  25220  219  148749  0  6899  0  9  106  1178  13  4  0  0  0  0  12350  692  4  
92  0  1  0  10  1  0  0  0  73  0  0  0  0  0  1  0  17  0  0  5  38  72  44  0  0  0  0  0  2  504  224  0  4  104  0  0  0  0  0  0  20  85  302  0  1  0  3  0  0  110  1  0  0  0  0  0  5  0  2  21832  0  2  8  6  8  0  0  0  6  0  0  3  0  651  649  0  0  78  10  0  0  0  48  10545  0  1  2  0  42  19  13  195  4667  593838  443473  378708  1087  0  0  1  0  0  0  107  859  0  8045  25137  0  3829  100  0  0  0  28707  98656  62836  1  0  6  705  0  60732  444170  0  1  0  0  0  5632  1060  223  7961  0  8  486  827  370  19598  0  0  0  6  0  18  301  0  
152  0  0  0  150  0  0  2  0  0  0  0  0  0  13  12  0  0  0  0  0  0  3  18  0  0  1  0  0  0  19  0  0  0  2  0  0  0  0  0  0  0  0  0  4  0  0  0  0  0  0  2  1  1  0  1  0  0  0  0  1  0  0  0  0  2  0  0  2  0  0  0  0  0  203  13  16  1  4560  52  21  29  0  1  0  948  68434  181577  102626  308  1396  1721  42  16  1  5  31  184796  3  0  1  1  25  10  1  2  0  138  68  0  3  6  655  88  11  4  35  4  340  62  394  936  1308  0  189  94959  486  9  0  43  448  47  174  4  51  0  4  377  30  2  389  9  8  0  2  6  16  1  
429  0  0  0  28  125  0  0  0  0  0  0  0  1  1  1  0  20  0  1  2  0  74  472  0  0  2  0  0  12  5142  264  0  1  79  0  0  0  0  0  0  3  3  0  0  0  8  3  0  0  12  4  0  0  0  6  1  5  0  1  144  0  66  46  17  63  2  0  0  175  1  1  2  0  14464  82  0  0  118  2469  0  0  0  0  1  0  0  1  2  1029  299  5809  210  214  5  5  154144  502829  0  0  1  0  0  4  379959  95125  0  276  17318  0  10  4  0  0  0  33  1586  34  3  10  79  723  0  0  1563  0  0  0  0  9  2513  353  313  22  755  1  0  35001  45  632  1  0  0  15058  0  4  23  0  
99  0  0  0  1  0  0  0  0  0  0  0  0  0  0  0  0  0  0  0  0  0  1  71  0  0  1  0  0  1  17  7  0  0  1  0  0  0  0  0  0  1  0  0  0  0  0  0  0  0  3  0  0  0  0  0  0  0  0  0  18  0  1  5  2  2  0  0  0  0  0  0  1  0  97269  24  1  0  371  27  0  0  0  2  0  0  4121  2  3  114  2726  2843  130  31  33  0  935  851011  2  0  4  0  0  2  4853  302  0  1493  5704  0  27  17  2  0  4  4  815  1  8  11  5372  8561  10  0  1024  0  3  1  0  15  935  73  369  158  795  926  17333  0  68  65  51  0  0  136  0  17  49  0  
18  0  3  0  0  0  0  3  13  1359  65  0  0  1  2  6  6  12  6  238  14  17  9  28  1  0  11  0  1  825  17  9  0  98  21  2  15  61  0  1  0  419  5  601  2  73  3  96  0  2  639  5  1  0  0  5  36  77  1  63  1765  1  1  23  2359  354  0  0  0  0  907  154  215  3  60  8  2  0  30  152  66  2006  13280  85203  366585  0  0  3  1  17  2  0  45982  230361  18  4509  2516  40  8587  0  58632  0  0  361753  3  10  8  911  7  3  404  1015  0  0  1  384  25  383135  1  35  2  788  0  0  395  0  3  0  1  85804  6364  77480  5674  307  303  8  18  14  0  21416  7  0  0  0  4700  2158  19799  93  
9200  26  37  0  885  39292  806  1640  2491  45287  46  0  0  1  2  906  30  878  86  13071  441  99  37  22934  0  0  7  0  7  1600  7013  944  0  330  1084  2  8  39  0  1  0  12843  134  23519  3  1044  554  301  0  4  9195  10  1  0  0  4  344  4057  0  107  45253  7  3319  3890  19509  147660  0  0  1  215  762  116  494  0  24757  46  34  0  7655  278244  159237  185827  193621  256317  2828  0  0  0  1  31584  4  5  254  4751  8  382  1092  18217  0  0  102  0  1  10317  2596  39403  0  656  245  0  56  162  0  0  0  12145  205  71631  5  376  3  330  4  0  34568  0  1  0  0  214  6446  17760  54  91  46275  7  892  3624  50220  0  1  0  0  4215  23081  212  454  11  
0  0  0  0  1  0  1  0  0  0  0  0  0  0  0  4  0  0  0  0  1  0  1  0  0  0  0  0  0  0  10  0  0  0  0  0  0  0  0  0  0  0  0  0  1  6  0  0  0  0  0  2  0  0  0  0  0  0  0  0  0  0  0  0  0  0  0  0  0  0  1  0  0  0  44  0  118482  40203  103  10  27  67  0  0  0  222  1  15  17  304  957  192  19  1  0  0  0  30  12832  514695  287031  918093  3434  1361  1  1  7  6  0  110  122  5296  0  4  3508  0  0  0  791480  11424  0  1914  389  0  1  2281  11  13  11987  390923  5  1  80  0  0  13  1  2  3  1  0  6779  2020  0  1379  2967  2697  5  
0  0  0  0  0  0  17  1  0  0  0  1  0  1  2  86  0  0  0  0  0  0  0  0  0  0  0  0  1  0  0  0  0  0  0  0  0  0  0  3  0  0  0  0  1  0  0  0  0  0  0  1  1  4  0  0  0  0  0  0  0  0  0  0  0  0  0  0  4  0  0  0  0  0  0  0  1  5787  2  5  505  6453  0  0  0  223391  427  1041  157335  13772  42  62  0  0  0  0  0  1  354  206  0  54  495208  0  0  0  0  57  0  78  17  3816  37  1417  2326  0  0  0  128389  1  0  5  8239  0  0  279864  9  14862  242  16  0  1  2  1  0  0  0  0  0  0  1102  0  14180  0  0  2261  1155  0  
12  0  3  0  7  0  5  27  0  0  0  0  0  0  0  58  0  0  0  0  0  0  0  2  0  0  0  0  27  1  0  5  0  0  0  0  0  0  0  0  0  0  0  0  149  8  0  0  1  0  0  1  0  0  0  1  0  0  0  0  0  0  0  0  0  0  0  0  87  0  1  0  0  0  2  0  103  71  16  5  75  818  0  0  0  4292  0  39  45564  163895  33  495  0  0  0  0  1  2  109  7  1  4  564284  0  0  0  0  0  0  0  5  410  0  169  28  0  0  0  75531  5  0  2  981  0  0  1094  5  200734  53  8  0  1  0  0  0  3  0  0  0  0  758  44174  0  0  0  220  54  0  
2082  0  0  0  61  2491  0  0  0  0  0  0  0  0  0  2  0  6  0  0  0  0  1  3946  0  0  0  0  0  0  11074  9  0  1  6  0  0  0  0  0  0  0  0  0  0  0  5  3  0  0  0  0  0  0  0  0  0  0  0  0  5  0  736  249  1  1739  0  0  0  1124  0  0  0  0  29003  0  0  0  3318  235710  3  1  0  0  0  0  0  0  0  254642  0  0  0  1  0  0  93  5600  0  0  0  0  0  0  300855  5307  0  4  53  0  0  0  0  0  0  0  7  1  0  3  1  14  0  0  5  0  0  0  0  0  2  1  0  0  20  0  5984  143  1  11950  1  0  0  0  2  0  0  0  
15  0  522  0  5  7  44  3127  4798  114  11  1  0  1  4  220  1  0  0  0  0  0  0  7  0  0  185  0  5  2744  6  0  3  9  0  6  1  8  0  0  0  0  0  7  18  2214  0  11  1  0  0  11  2  2  0  24  1  0  0  0  5  2  0  0  56  359  0  0  2  0  2169  2  13  9  3  0  776  0  10  3113  2420  12582  302096  12776  9  0  0  1  0  205  3  0  0  0  0  0  0  0  1  0  47539  1  0  651085  0  0  0  2  0  0  0  0  0  0  1  0  0  289  99  236117  0  12  4  0  0  1  0  0  0  2820  1  0  0  0  0  1  1  0  9656  8125  829  0  1  0  0  0  2  1  
0  0  0  0  0  0  0  0  0  0  0  0  0  0  0  0  0  0  0  0  0  0  0  0  0  0  0  0  0  0  0  0  0  0  0  0  0  0  0  0  0  1  0  0  0  1  0  0  0  0  0  0  0  0  0  0  0  0  0  0  4  0  0  0  1  0  0  0  1  0  0  1  0  0  7  819  3  235  4  0  0  16  0  7  0  281  0  2  1  31  53  21  3642  50  14  0  20  4  874  89  43  5  233  15  0  0  11  1337  1  107  765077  1304151  0  7  1215  0  42277  2  921  2  0  294  300  2413  44  257  0  2  94  1476  4606  386  205585  7991  23  0  0  4  936  21  5120  881  75  0  0  0  69020  31  
2  0  0  0  0  0  0  0  0  10  0  0  0  0  0  1  0  1  0  2  0  0  0  1  0  0  0  0  0  6  13  2  0  2  0  0  0  2  0  0  0  3  0  2  0  0  0  7  0  0  3  0  0  0  0  0  0  1  0  2  23  0  0  0  52  9  0  0  0  1  4  3  2  1  49  252  5  4049  26  0  4  25  0  101  0  1141  1  11  2  68  102  34  323919  281  81  0  21  40  1210156  10268  550  11  1607  215  3  2  95  1078473  327  26380  20534  1250757  0  22  27483  16  28457  40  4656  19  4  6852  929  2  2983  712  0  9  94559  98007  67112  4792  154880  1105  676  12  21  30  15797  254  24143  3067  121  0  5  116719  0  11914  
1  0  0  0  1  0  0  0  0  2  0  0  0  0  0  0  0  1  0  0  0  0  0  0  0  0  1  0  0  12  5  0  0  1  0  0  0  0  0  0  0  0  0  2  0  1  0  1  0  0  6  2  0  0  0  1  0  1  0  0  12  0  0  0  30  6  0  0  0  0  3  1  4  0  4  1  1  51  4  0  1  1  0  28  0  0  0  0  0  0  14  0  566  44  1  0  1  7  400  2787  223  0  0  170  1  3  154321  184819  35  108621  168  181  0  0  64429  2  1  5  0  1  0  2515  1  0  2  0  1  0  129  1337  1548  1549  670  82  1  2  1  4  3911  72  37  0  0  0  16  539  13663  0  
