0  0  0  0  740225  70221  246  30  0  1  0  114  175  1238  131687  9146  26  5599  0  0  0  0  13  442967  0  3  0  0  1  1  80375  19508  0  1  0  41  0  0  1017  0  40  0  21  2  63  2  59715  25  55672  0  1  156817  133548  398  0  14  0  0  1  0  1  141687  6413  64162  13  666  17  111  4  176227  0  0  19  0  14  0  0  0  1  10  0  0  0  0  0  0  0  0  0  0  0  1  0  0  0  0  3  6  0  0  0  0  0  0  18  51  0  0  0  0  0  0  0  0  3  0  0  0  0  0  1  1  1  0  0  0  2  0  0  0  0  0  0  0  0  0  0  7  0  24  0  0  0  0  0  0  2  0  
0  0  0  124  0  3  0  2  0  1  885  0  0  0  1  2  16  818  458135  7  264783  90668  60  0  12  3380  0  0  0  0  0  30  2  430  5  49  15695  49  1  0  6714  444872  130  159308  69  0  18  40  563  25  252290  1  0  1  0  11  107426  126  80128  270582  95071  0  51  1  1368  3  130  5  0  0  0  43381  1613  0  0  274  0  0  0  0  0  0  0  2  2  0  0  0  0  0  0  0  5  2  362  248  18  0  0  0  0  0  0  0  0  3  0  0  0  2  1  0  0  0  1  10  1  0  0  0  1  4  1  0  18  0  0  0  0  0  0  0  0  0  51  0  0  0  0  1  0  0  0  0  0  0  11  3  
0  0  0  0  0  0  15  632  1268  0  0  0  0  0  0  136634  0  0  0  0  0  0  0  0  0  0  52961  55  0  30424  0  0  0  0  0  0  0  0  0  0  0  0  0  0  197951  310839  0  0  0  0  0  0  0  33  0  2  0  0  0  0  0  0  0  0  0  0  39476  0  7945  0  887  0  0  0  0  0  15126  0  0  0  13  40  407  0  0  0  0  0  0  9  0  0  0  0  0  0  0  0  0  0  7  0  0  3918  0  0  0  0  0  0  0  0  0  0  0  0  0  0  0  11765  0  0  0  0  0  0  0  0  0  0  0  0  0  0  0  0  0  0  0  0  0  0  0  0  1798  0  0  0  
10  0  0  0  0  1  0  96  4  12  0  268514  32  313  0  2  1577  3468  0  0  0  0  7  19  199  347401  1  165660  169650  19  0  1  37793  12487  1190  16945  0  37  137  21  67177  0  6  7  367499  11  179  10475  366131  0  0  195  0  5  4  113  0  0  0  0  1  5  4  1  16  27  597  122196  3  0  0  0  1178  2782  0  0  0  0  0  0  0  0  0  0  0  0  0  0  0  0  0  0  0  0  0  0  0  0  0  0  0  0  0  0  0  0  0  0  0  0  0  0  0  0  0  0  0  0  0  0  0  0  0  0  0  0  0  0  0  0  0  0  0  0  0  0  0  0  0  0  0  0  0  0  0  0  0  0  
623603  0  0  0  0  154717  279  34  1  0  0  14  0  140  186182  351383  1  641  0  0  0  0  1  642  0  0  0  0  0  0  131804  867  0  0  0  9  0  0  56  0  4  0  4  1  10  1  6225  2  14179  0  0  2648  223993  512  0  14  0  0  0  0  1  497  507  7280  17  1401  5  45  0  99169  0  0  1  0  0  0  0  0  366  1265  0  0  0  0  0  0  0  0  0  3555  0  0  0  0  0  0  0  0  0  0  0  0  0  0  0  1  0  0  0  0  0  0  0  0  0  0  0  0  0  0  0  0  0  0  0  0  0  0  0  0  0  0  0  0  0  0  0  0  0  11  0  0  0  349  0  0  0  0  
149157  0  0  0  248362  0  488124  3749  103  67  0  107  0  513  328197  845427  61  13475  1  0  0  1  238  9535  2  0  9  0  17  22  329  185351  0  4  108  29  0  1  115  0  40  0  535  7  193  254  20005  134  29303  1  3  69740  99181  411823  0  298  0  1  13  0  7  548  78082  24958  544  507131  104  1095  164  316685  57  0  179  0  297  0  3  0  425  175246  11642  1969  5  0  0  0  0  2  60  12419  5  29  0  0  0  1  10  18  0  0  0  0  1  1  6  27249  0  0  2  0  0  0  1  0  8  0  0  0  0  1  75  4  11  0  0  246  700  91  0  0  0  0  0  0  0  18  5  45  0  231857  0  11  4  2057  3  0  4  1  
649  0  4  1  1116  678692  0  405723  1472  3614  0  1  0  32  75078  457135  10  10733  0  0  0  0  83  6  15  66  2277  0  136  1806  0  218  0  2  6  79  0  0  9  0  25  0  65  1240  1245  763  977  35  18172  0  0  25502  19271  434203  1  8301  0  3  2  0  2  5  58  1  6768  324585  2071  13075  2004  25  4482  0  42  0  10  0  109  0  76  5881  16050  15791  89  0  0  0  0  1  23  1476  0  14  0  0  0  0  3  3  0  0  3  4  52  2  0  282  0  0  0  0  0  0  0  0  4  0  1  0  75  320  71  0  4  0  0  63  300  37  0  34  0  0  0  0  0  3  0  21  0  59068  93  18  6  0  12  0  2  0  
90  0  1241  1  131  42398  432856  0  136968  31509  0  0  0  29  3856  329344  118  17119  1  0  0  0  703  15  118  269  1883  0  367  44375  0  268  0  62  65  1128  0  0  9  0  328  0  586  19744  145308  265642  618  195  6897  0  1  1803  2966  138675  2  7224  0  11  2  0  5  4  583  7  38655  199892  3779  6626  103311  5  23242  0  303  0  0  0  136  0  0  1415  11509  10591  1741  6  0  0  0  0  0  92  0  1  0  0  0  0  1  0  0  0  0  0  0  45  0  99  0  0  0  0  0  0  0  0  2  0  0  0  0  2758  1  1  0  0  0  0  0  0  0  0  0  0  0  0  0  0  0  0  0  60833  0  0  0  1  15  0  0  0  
0  0  1204  0  1  777  531  279289  0  70569  2  0  0  0  63  6654  3  1139  0  0  0  221  800  0  5  27  2  1  6  55537  0  15  0  5  35  74  0  0  0  0  49  1  272  462  3189  110641  7  83  36  0  1  68  48  247  0  24  0  1  5  0  13  0  263  0  268  139657  481  120  11  0  185259  1  83  1  0  0  10  1  0  18  19877  14299  48719  2764  392  0  0  0  0  7  7  36  0  0  0  44  37  0  0  3  0  6  0  5193  0  0  2  0  17  0  0  0  0  0  457  0  3  3  2  2001  2  11  29  0  0  1  1  1  0  6  0  0  0  0  0  0  0  0  0  70395  47  3  0  0  27637  0  7  0  
0  23  0  0  0  13  88  65188  92141  0  493  0  0  3  6  6  8  3307  1  0  23  5260  75411  1  163  269  43  0  2  116052  0  55  4  801  117  2815  0  0  0  0  1640  1  1285  175386  2352  1689  18  283  24  0  1  17  8  79  1  382  1  4  26  0  122  0  859  0  22698  111480  723  56  11  0  195  0  3261  1  0  18  0  2  0  2  19  12  1232  3533  64  0  0  0  0  0  6  20  0  0  82  385  1468  1  0  4  0  5  0  86  0  10  19  3  18  0  1  0  0  0  492  0  2  6  6  1  2  77  71  0  1  7  0  0  0  17  0  0  0  0  62  1  0  1  2  4851  28  2  0  0  93  0  202  30  
0  71  0  0  0  0  0  0  446  150  0  0  0  0  0  0  0  1  3602  791049  1  147528  9  0  0  0  21780  0  0  83925  0  0  0  0  0  0  0  0  0  0  2  395044  0  668208  0  0  0  1  0  0  206  0  0  0  0  641  247  6582  0  0  316  0  0  0  442084  1  0  0  0  0  5  0  1  0  0  0  0  0  0  0  1  10  338  510  121059  0  0  0  0  0  0  0  0  44995  3  867  5  0  0  0  215  0  0  16778  0  0  0  0  0  0  0  0  0  0  1  569  0  287  0  0  0  1  1  0  0  0  0  0  0  2  0  9  0  0  2  0  0  0  43  62  0  0  0  0  138  0  2  0  
1367  0  0  325434  118  378  4  18  1  3  0  0  1503  261007  29369  57  649  60097  0  0  0  0  3  379  2  693  0  0  49987  2  0  170  11751  5213  4615  287  0  0  5863  188258  14551  0  4  1  37832  1  6820  24798  469810  0  0  206584  147  42  1  0  0  0  0  0  0  175  29  16  0  37  275  438866  7  1  0  0  23  0  0  0  0  0  0  0  0  0  0  0  0  0  0  0  0  0  0  0  0  0  0  0  0  0  0  0  0  0  0  0  0  0  0  0  0  0  0  0  0  0  0  0  0  0  0  0  0  0  0  0  0  0  0  0  0  0  0  0  0  0  0  0  0  0  0  0  0  0  0  0  0  0  0  0  
210  0  0  10  2  2  0  0  0  0  0  1882  0  65762  3  0  3  1277  0  0  0  0  2  224430  0  0  0  0  16  0  0  15  0  562  47  0  0  0  137557  927  1  0  1  0  0  0  76635  73  203  0  0  80  0  0  0  0  0  0  0  0  0  49778  13  14323  0  0  0  9  0  0  0  0  0  0  0  0  0  0  0  0  0  0  0  0  0  0  0  0  0  0  0  0  0  0  0  0  0  0  0  0  0  0  0  0  0  0  0  0  0  0  0  0  0  0  0  0  0  0  0  0  0  0  0  0  0  0  0  0  0  0  0  0  0  0  0  0  0  0  0  0  0  0  0  0  0  0  0  0  
8898  0  0  9  1022  612  3  11  0  2  0  236806  42155  0  15034  60  1  1287  0  0  0  0  1  2382  4  11  0  0  78  0  0  577  0  304  6  328  0  0  194261  163038  4387  0  4  0  228  1  17206  40  133572  0  0  378790  269  37  0  0  0  0  0  0  0  72177  271  1442  0  53  17  2121  13  2  0  0  4  0  0  0  0  0  0  2  0  0  0  0  0  0  0  0  0  0  0  0  0  0  0  0  0  0  0  0  0  0  0  0  0  2  0  0  0  0  0  0  0  0  0  0  0  0  0  0  0  0  0  0  0  0  0  0  0  0  0  0  0  0  0  0  0  1  0  3  0  0  0  0  0  0  0  0  
182156  0  4  0  202306  116238  60182  1994  574  1190  0  32864  1  15703  0  354995  7  2158  0  0  0  0  17  31012  14  15  8  0  460275  245  0  268  0  2  1  20  0  0  36  15  8  0  5  106  1786  269  1695  5  3858  0  0  1582731  1190536  974289  0  1204  0  5  0  0  1  119228  61  121  881  51662  117  442487  247313  271  26  0  36  0  1  0  0  0  2  20  1  3  3  0  0  0  0  0  0  14  0  0  0  0  0  0  0  0  0  0  0  0  0  0  0  0  0  0  0  0  0  0  0  0  0  0  0  0  0  0  0  0  0  0  0  0  0  0  0  0  0  0  0  0  0  0  0  0  0  296  0  0  0  0  0  0  0  0  
37407  0  143555  0  504054  885070  718102  320665  3062  1294  0  2  0  7  392574  0  4  5879  0  0  0  0  125  198  7  14  468  0  64  654  1391  45865  0  0  28  28  0  1  6  0  9  0  176  313  48981  44451  698  32  8233  1  1  2031  40728  1279476  0  2753  0  0  4  0  1  2  317  1082  3235  66051  469  3810  304935  147010  1946  0  49  0  1  0  61288  0  1798  77938  16346  26678  1320  0  0  0  0  0  0  260192  0  6  0  0  0  0  1  0  0  0  0  0  0  362  0  18072  0  0  1  0  0  0  0  0  2  0  1  0  0  14438  0  0  0  0  0  1  0  0  0  0  0  0  0  0  0  0  3  0  0  28370  0  0  0  3834  1026  0  0  0  
23  18  0  7013  1  235  2  615  20  28  0  545  15  4  6  69  0  611657  25  0  20  0  97856  659  127  697  1  0  598  17  0  718  28120  374  166279  1108  6  109  3  0  54121  2  60930  11  23610  485  553  367712  117412  181  115  40  5  23  3  28  3  14  2541  7  260  0  16941  9  47  125  7748  275  17  2  1  91  7717  118  0  0  0  0  0  0  0  0  0  4  0  0  0  0  0  0  0  7  0  0  1  1  27  0  0  0  0  0  0  0  0  3  16  2  3  2  0  0  0  0  112  0  0  0  1  0  1  29  6  0  0  0  0  0  0  1  0  0  0  0  0  0  0  0  0  16  1  0  0  0  1  0  26  12  
2401  11  0  2797  152  7171  26  1469  47  39  1  51765  1976  1615  173  1208  337742  0  7  0  19  3  129913  46705  208  597  1  0  1635  22  1  32499  2389  279  41104  996  2  56  588  411  1118  4  12778  36  14577  25  168052  115340  315265  31  317  2209  412  426  7  45  6  36  3256  10  108  57  208244  237  168  358  3843  2004  34  46  4  18  11172  6  1  0  0  0  0  13  0  0  2  5  0  2  0  0  0  0  7  12  0  0  2  7  73  1  0  0  0  0  0  0  0  32  30  3  6  0  0  0  0  0  329  0  5  0  1  0  3  74  15  1  0  2  1  0  0  3  0  0  0  0  4  0  0  4  0  82  3  0  0  0  3  0  81  18  
0  451605  0  166  0  11  0  23  4  5  29207  0  0  0  0  0  28  2689  0  127802  7697  2448  118  1  148560  6052  150  0  0  4  0  28  33  836  32  81  976  33  0  0  20474  321144  268  14931  146  9  30  704  802  2  181260  0  1  13  0  1173  998100  866832  163251  8079  4108  0  158  0  3080  12  836  3  3  0  0  365  229644  3  0  0  0  0  0  0  0  0  0  0  0  0  0  0  0  0  0  0  0  0  0  0  1  0  0  0  0  0  0  0  0  0  1  0  0  0  0  0  0  0  2  0  0  0  0  0  0  0  0  0  0  0  0  0  0  0  0  0  0  0  0  0  0  0  0  1  0  0  0  0  0  0  1  0  
0  1  0  0  0  0  0  0  0  1  805839  0  0  0  0  0  0  0  96333  0  0  2800  0  0  6  1  103863  0  0  1807  0  0  0  0  0  0  0  0  0  0  0  104337  0  246209  0  0  0  0  0  0  164  0  0  0  0  139254  823  488674  0  0  511  0  0  0  378149  0  0  0  0  0  0  0  2  0  0  0  0  0  0  0  0  0  2  3  25068  0  0  0  0  0  0  0  0  13633  0  51  0  0  0  0  8  0  0  214  0  0  0  0  0  0  0  0  0  0  0  21  0  5  0  0  0  0  0  0  0  0  0  0  0  0  0  0  0  0  0  0  0  0  2  0  0  0  0  0  2  0  0  0  
27  331332  0  1  0  43  0  2  2  1  2  0  0  0  0  8  15  213  12287  0  0  47213  32593  22  2  70  0  0  0  0  0  952  2  14  64  2  18492  237  0  0  284  1355  22190  69  6  0  147  235  7  240895  98734  0  0  1  0  1  3315  18  21195  480356  813479  0  54  13  19  7  9  0  0  0  0  1513  919  1  1  241  0  0  0  3  0  0  0  1  0  1  0  0  0  0  4  16  3  0  870  687  521  1  0  1  0  2  0  0  0  49  8  4  4  3  6  0  0  0  94  2  0  1  0  1  14  44  12  0  27  4  0  0  0  7  0  0  1  1  139  0  4  1  0  1  6  0  0  0  0  0  92  5  
10  188386  0  5  0  12  0  1  1611  780  64637  0  0  0  0  5  1  180  822  1906  41085  0  43515  3  17  136  14  0  0  56501  0  358  0  90  5  11  144  12  0  0  219  285957  47  1041796  10  1  62  358  22  0  232700  0  0  1  0  22  1968  7747  409  208  832939  0  39  10  22511  7  18  0  0  0  46  3  1945  0  1  196  0  0  1  11  1  5  121  268  71259  0  0  0  0  0  8  59  3  19067  949  14861  614  5  0  0  5  2  0  308  0  219  23  16  22  7  5  0  0  0  415  5239  14  306  1  0  22  222  75  2  55  21  3  1  0  30  0  2  0  4  466  2  9  9  1  31  17  0  0  1  70  0  647  45  
129  219  0  0  0  642  11  5081  51  49725  2  19  2  1  0  225  96583  165075  415  0  23507  30431  0  518  57  130  11  0  1  4973  0  4716  36  620  210758  694  659  5586  0  0  1054  32  558985  56875  408  248  601  106622  1324  138308  541  2  0  9  0  88  58  1080  41575  1262  622630  1  63144  56  2171  815  602  6  3  8  12  5231  160502  8  4  32  0  1  0  29  8  5  56  171  0  22  0  0  0  0  27  196  3  0  402  653  3716  11  4  1  0  11  0  5  1  166  209  71  170  23  5  1  0  1  3506  0  59  34  20  5  34  1295  461  2  29  125  2  1  0  188  0  3  1  5  198  1  15  7  8  109  121  3  0  0  70  0  3455  335  
509421  0  0  6  1046  11380  5  44  2  0  0  693  280934  3690  39819  251  2165  73657  0  0  1  1  906  0  1  6  0  0  25  1  191412  79622  0  123  1325  19  0  2  2024  1  23  0  283  6  293  1  314755  25613  1104  0  1  10874  125  11  1  0  0  1  29  1  23  236733  716141  1010836  3  58  61  23  0  47716  0  4  178  0  5  0  0  0  0  25  0  0  0  1  0  0  0  0  0  0  0  2  0  0  0  0  23  2656  0  0  0  0  0  0  462  43  0  0  0  0  0  0  0  0  11  0  1  0  0  0  0  7  2  0  0  0  0  0  0  0  0  0  0  0  0  0  789  4  0  4  1  0  0  42  0  0  3  0  
3  6  0  17  0  7  4  556  67  142  0  5  0  38  4  3  11  4173  203864  66  2  3  1448  0  0  231320  184174  0  6  363  0  27  0  3465  109  46445  0  1656  14  0  645  2  1893  65  184  226  12  72  392  0  10  138  3  948  103804  519471  2  52806  18  2  168  1  835  0  20237  212  37704  21  79  0  43  0  1022031  1  0  0  0  0  0  0  1  0  0  0  0  0  0  0  0  0  0  0  0  0  0  0  0  0  0  0  0  0  0  0  0  0  0  0  0  0  0  0  0  0  2  0  0  0  0  0  0  0  0  0  0  0  0  0  0  0  0  0  0  0  0  0  0  0  0  10  0  0  0  0  0  0  0  0  
10  19  1  311167  2  46  7  7653  248  696  0  605  0  219  9  45  878  14311  8  0  33  31  2508  1  298360  0  41156  207793  956  1099  0  123  1574  58253  220  585172  0  61  85  162  433884  4  3336  550  136310  443  136  2960  122857  0  24  365  1  301  64219  14731  7  184  116  32  420  5  1370  1  3311  2053  719101  2469  2272  0  13  0  130055  7428  0  0  0  0  0  0  0  0  0  2  0  0  0  0  0  0  0  1  0  0  0  0  1  0  0  0  0  0  0  0  0  1  0  0  0  0  0  0  0  0  3  0  0  0  0  0  0  1  0  0  0  0  0  0  0  0  0  0  0  0  0  0  0  0  0  9  0  0  0  0  0  0  2  0  
0  0  67238  0  0  55  100  1697  592  873  8438  0  0  1  8  129  2  773  97  114148  0  107  126  1  124683  54751  0  4  3  1508645  0  10  0  29  18  76  0  0  0  0  27  0  200  446  7303  119295  3  4  119  0  0  31  6  518  15  1285967  0  204  1  0  1  0  73  0  193529  527  389067  151  525  0  121649  0  1079  0  0  0  107  0  0  0  0  1  7  16  1369  0  0  0  0  0  0  0  0  60  0  17  0  0  0  0  352  0  0  51617  0  0  0  0  0  0  0  0  0  0  1  0  0  7  0  8  0  0  0  0  0  0  0  0  0  1  0  0  0  0  0  0  0  0  6  5  0  0  0  0  846  0  0  0  
0  0  524  156072  0  0  0  29  61  55  0  1  0  0  0  1  3  306  0  0  0  0  20  0  0  283078  6  0  142104  33  0  1  0  0  2  1  0  0  0  0  198  0  43  2  742338  16  2  2  6  0  0  0  0  0  0  0  0  0  0  0  1  0  12  0  3  60  503879  20  0  0  0  0  3  0  0  0  0  0  0  0  0  0  0  0  0  0  0  0  0  0  0  0  0  0  0  0  1  0  0  0  0  0  0  0  0  0  0  0  0  0  0  0  0  0  0  0  0  0  0  0  0  0  0  0  0  0  0  0  0  0  0  0  0  0  0  0  0  0  0  1  0  0  0  0  0  0  1  0  
13  0  187  158650  0  34  10  1874  462  576  0  20777  6  353  179517  566  45  5433  0  0  0  0  18  6  80  4298  2  214480  0  148  0  15  0  5  5  1165  0  0  103  2  954  0  14  114  973481  257  104  42  9846  0  0  20423  23  5708  3  616  0  0  0  0  0  8  17  1  41  668  1791  694991  480335  1  3  0  59  0  0  0  0  0  0  0  2  0  0  0  0  0  0  0  0  0  0  0  0  0  0  0  0  0  0  0  0  0  0  0  0  0  0  0  0  0  0  0  0  0  0  0  0  0  0  0  0  0  0  0  0  0  0  0  0  0  0  0  0  0  0  0  0  0  0  67  0  0  0  0  0  0  0  0  
1  9  41285  0  0  5  49  56718  68132  81388  53004  0  0  2  0  212  1  612  0  596  5  30307  2015  0  176  416  1476000  0  0  0  0  20  0  48  22  2467  1  1  1  0  74  0  226  66255  4870  261027  1  16  34  0  0  13  0  65  6  212346  0  2  2  0  11  0  131  0  452541  12517  2244  15  83  0  493953  0  1272  0  0  4  793  0  0  1  4  63  1067  1618  9910  0  0  0  0  0  1  2  0  129  39  1334  101  0  0  0  127  0  0  275496  0  3  3  0  3  0  0  0  0  0  55  0  1  395  0  474  0  25  19  0  3  1  0  0  0  1  0  1  0  0  27  0  0  0  62  87  1  0  0  0  25349  0  52  4  
135208  0  0  0  144071  2650  0  0  0  0  0  0  0  1  0  2866  0  194  0  0  0  0  0  188984  0  0  0  0  0  0  0  73755  0  0  0  0  0  0  0  0  0  0  1  0  3  0  238  2  20  0  0  5  2  0  0  0  0  0  0  0  0  2  433909  720  0  15  0  1  0  342135  0  0  0  0  14742  0  0  0  287  30364  0  0  0  0  0  0  0  0  0  1622  0  0  0  0  0  0  1  3509  0  0  0  0  0  0  90748  2713  0  0  0  0  0  0  0  0  0  0  0  0  0  0  0  0  0  0  0  0  0  0  0  0  0  0  0  0  0  0  1523  0  0  2  0  0  0  46168  0  0  0  0  
14406  6  0  0  60  136684  24  141  14  25  0  5  1  4  25  52453  1297  94581  1  0  70  33  4312  23493  14  43  0  0  3  11  66872  0  8  47  1199  117  9  41  1  0  276  0  9976  62  1306  7  51858  2462  1412  5  35  181  35  114  0  9  1  11  414  8  213  140  241560  6079  68  145912  603  69  2  83849  0  36  3287  2  210  4  2  1  21  62471  14  11  24  17  0  4  0  3  32  24  770  16682  0  0  52  79  2060  197  3  1  0  7  0  0  1118  195988  10  3  68  2  1  0  5  0  422  0  52  1  17  10  1311  1553  2778  0  4  314  311  20  0  32  0  0  0  1  38  38  2936  261  0  21753  107  5  7  1111  17  1  171  24  
14  1  0  46058  0  7  0  1  0  2  0  9317  1  1  0  4  5569  1135  3  0  2  4  41  2  0  2416  0  0  0  1  0  184  0  313152  43690  24681  0  97  0  0  58504  1  29  24  6  0  37  238360  2436  1  4  0  0  0  0  0  3  97  1  0  3  0  20  3  29  8  4  0  0  0  0  0  43651  283611  0  0  0  0  0  1  1  0  0  1  0  1  0  0  0  0  2  3  0  0  1  3  34  0  0  0  0  1  0  0  0  2  17  3  7  3  0  0  0  0  225  0  1  0  0  0  0  56  14  0  0  1  0  0  0  0  0  0  0  0  1  0  1  0  0  0  0  0  0  0  0  0  69  20  
19  100  0  24869  0  65  1  81  12  45  2  10309  1273  1125  3  24  243  14035  363  0  15  35  2900  116  2581  51097  161  1  39  91  0  319  254808  0  364526  483284  27  122889  48  5  122647  47  171055  1205  2109  35  208  470107  7572  732  286  49  4  17  0  720  358  1387  220  155  252  23  1527  4  11232  36  576  53  0  0  6  272  1054756  227770  0  0  0  0  0  1  0  0  3  6  0  0  0  0  0  0  2  9  0  0  1  3  75  0  0  0  0  1  0  0  0  3  33  2  8  0  0  0  0  0  301  0  1  1  1  1  0  65  19  0  0  2  1  0  0  3  0  0  0  0  2  0  0  0  0  7  3  0  0  0  3  0  94  26  
4  46  0  419  0  173  0  5  2  2  0  3874  142  70  0  62  140392  31886  167  0  52  1  218060  99  6  8  0  0  10  2  0  432  40774  334281  0  31  94  1385  7  0  63  0  379423  10  77  1  36  466284  64  444  36  2  1  1  0  4  9  7  4217  18  1083  2  13496  1  20  11  101  6  0  0  0  464  79641  0  0  0  0  0  0  1  0  0  0  0  0  0  0  0  0  0  1  2  0  0  0  1  14  0  0  0  0  0  0  0  0  1  4  1  1  0  0  0  0  0  38  0  0  0  0  0  0  9  3  0  0  0  0  0  0  1  0  0  0  0  1  0  0  0  0  12  0  0  0  0  0  0  16  5  
232  17  1  7243  15  121  16  2897  153  320  2  151  0  3297  22  40  523  24919  19  0  1  8  4159  17  29989  420846  93  2  2532  1465  0  201  3328  520877  391  0  0  215  1046  7  365570  18  6300  442  12995  170  477  1659  32848  0  15  17859  21  311  3634  3198  28  141  20  0  23  82  2368  29  7034  956  46617  41505  2121  0  24  0  70038  144342  0  0  0  0  0  0  0  0  0  1  0  0  0  0  0  0  0  1  0  0  0  0  2  0  0  0  0  0  0  0  0  0  1  0  0  0  0  0  0  0  12  0  0  0  0  0  0  1  1  0  0  0  0  0  0  0  0  0  0  0  0  0  0  0  0  14  0  0  0  0  0  0  5  1  
2  44209  0  0  0  4  0  0  0  3  1  0  0  0  0  1  2  12  1113  0  24307  302  990  0  0  0  0  0  0  1  0  47  0  92  163  0  0  357545  0  0  6  10  106779  17  0  0  3  245  0  408377  55  0  0  0  0  0  42  0  224695  479306  4013  0  2  1  3  1  1  0  0  0  0  1321106  25618  0  0  16  0  0  0  0  0  0  0  0  0  0  0  0  0  0  0  2  0  0  42  42  38  0  0  0  0  0  0  0  0  3  0  0  0  0  2  0  0  0  7  0  0  0  0  0  0  5  0  0  1  0  0  0  0  1  0  0  0  0  2  0  0  0  0  0  0  0  0  0  0  0  9  0  
0  935  0  294  0  3  0  5  4  66  0  1  0  0  0  0  41  60  1118  0  674  93  2072  0  3846  105  13  0  0  4  0  24  4  83175  1637  360  329676  0  0  0  43  10  194606  1673  2  5  0  4785  5  39572  120  0  0  25  0  128  54  239  42130  78977  36578  0  11  0  690  5  28  0  0  0  0  967621  1739484  1  0  0  0  0  0  0  0  0  0  1  0  0  0  0  0  0  0  0  0  0  0  0  13  0  0  0  0  0  0  0  0  0  3  0  2  0  0  0  0  0  29  0  0  0  0  0  0  5  0  0  0  0  0  0  0  0  0  0  0  0  0  0  0  0  0  2  0  0  0  0  0  0  8  5  
18973  0  0  6  1714  654  1  18  2  0  0  3489  206997  262243  118  31  1  1015  0  0  0  0  3  10303  7  18  0  0  44  0  0  2586  0  3  0  1168  0  0  0  47229  1688  0  5  1  266  1  54444  4  126426  0  0  18438  161  21  0  1  0  0  0  0  1  42188  372  11542  0  28  26  979  18  13  0  0  20  0  1  0  0  0  0  4  0  0  0  0  0  0  0  0  0  0  0  0  0  0  0  0  0  0  0  0  0  0  0  0  0  9  0  0  0  0  0  0  0  0  0  0  0  0  0  0  1  0  0  0  0  0  0  0  0  0  0  0  0  0  1  0  0  1  0  2  0  0  0  0  0  0  0  1  
74  0  0  6  10  21  0  1  0  0  0  225619  786  180345  7  0  0  194  0  0  0  0  0  8  0  3  0  0  0  0  0  19  0  0  0  23  0  0  50493  0  382  0  0  0  21  0  3099  0  31387  0  0  885  3  4  0  0  0  0  0  0  0  27  2  4  0  0  2  1198  0  0  0  0  0  0  0  0  0  0  0  0  0  0  0  0  0  0  0  0  0  0  0  0  0  0  0  0  0  0  0  0  0  0  0  0  0  0  0  0  0  0  0  0  0  0  0  0  0  0  0  0  0  0  0  0  0  0  0  0  0  0  0  0  0  0  0  0  0  0  0  0  0  0  0  0  0  0  0  0  
1106  48  2  20847  90  519  14  686  94  175  2  4013  0  12540  34  149  33935  92858  84  0  6  23  1952  139  971  354850  31  1  720  159  0  2583  46911  70880  201  404683  0  340  9709  1087  0  23  2545  744  22192  1888  2118  115191  158811  0  46  32673  39  254  27  528  103  1471  83  1  27  300  3144  102  3151  298  157147  23161  1326  13  6  3  46402  75867  1  0  0  0  0  6  1  2  10  41  0  4  0  0  1  0  16  78  0  0  3  14  401  3  0  3  0  2  0  3  0  21  179  22  69  8  0  0  0  0  2344  0  16  7  2  1  11  468  101  0  2  18  2  0  0  22  0  0  0  1  19  0  1  1  3  55  19  1  0  0  18  0  522  186  
0  499155  0  3  0  0  0  0  0  0  315190  0  0  0  0  0  1  28  319880  83166  936  254230  3  0  0  118  0  0  0  2  0  0  0  32  0  2  1  0  0  0  187  0  2  487058  3  0  1  9  28  0  76699  0  0  0  0  3  455278  3955  7  404  2528  0  1  0  137  0  8  1  0  0  0  0  128  0  0  1  0  0  0  0  0  0  0  0  283  0  0  0  0  0  0  0  0  848  2  27  0  0  0  0  2  0  0  0  0  0  0  0  0  0  0  0  0  0  0  319  0  1  0  0  0  0  0  0  0  0  0  0  0  0  0  0  0  0  3  0  0  0  0  0  0  0  0  0  0  0  0  0  
7  484  0  0  0  319  0  24  7  22  0  5  0  0  1  92  11323  1853  1182  0  14488  7  337557  117  9  37  0  0  0  13  0  958  2  207544  179657  156  100315  189585  0  0  187  1  0  108  604  15  38  116143  126  193025  129  1  1  6  0  18  52  53  28147  566  17814  0  3665  5  84  26  675  6  1  1  3  6397  116440  0  1  0  0  0  0  2  0  0  1  0  0  0  0  0  0  0  0  4  0  0  0  2  114  1  0  0  0  0  0  0  0  4  7  0  1  0  0  0  0  0  72  0  0  0  0  0  2  15  3  0  0  0  0  0  0  2  0  0  0  0  0  1  0  0  0  20  2  0  0  0  0  0  21  6  
4  65455  0  60  0  20  84  26014  844  182619  659333  0  0  0  2  12  28  5022  5691  125679  287  1136781  66988  1  158  1712  78  3  2  56443  0  126  4  3773  63  1625  2  107  2  0  8846  505838  788  0  3764  2414  55  404  281  1  68833  6  7  34  6  736  35412  211161  1871  197  166433  0  460  1  539482  1809  1326  13  6  0  74  6  18958  0  0  27  0  0  0  3  7  7  88  223  11196  3  0  0  0  0  5  23  0  1464  200  994  1126  1  0  0  3  4  0  260  0  34  26  8  25  2  4  0  0  0  490  56  6  99  3  0  11  135  100  1  6  15  0  0  0  34  1  0  0  2  133  0  4  0  7  50  11  0  0  0  56  0  418  39  
706  0  198258  305882  75  543  838  161476  6528  6249  0  12508  0  18137  262  83725  1911  85190  1  0  1  0  3006  65  6279  189357  7237  1283490  781940  3064  0  762  0  528  820  29997  0  2  5358  31  14593  1  6483  857  0  170850  1624  1465  291788  0  12  55742  278  3415  203  17962  1  12  75  0  3  434  5323  128  1315  17370  273246  173617  186564  2  104  0  12254  0  0  0  0  0  0  0  16  2  2  2  0  0  0  0  0  0  1  2  0  0  0  0  3  0  0  0  0  0  0  0  0  3  1  0  0  0  0  0  0  0  13  0  0  0  0  0  1  4  0  0  0  0  0  0  0  0  0  0  0  0  0  0  0  0  0  1218  0  0  0  0  0  0  0  0  
15  0  299683  0  19  1948  6571  253558  92844  2772  0  0  0  25  1208  91207  19  4525  3  0  0  0  379  3  191  224  218881  1  158  289917  0  83  0  40  53  919  0  0  5  0  280  0  613  2604  154962  0  209  60  3338  0  3  1125  683  96495  4  82667  0  14  9  0  1  3  367  0  45018  2489  170579  4209  20829  0  317876  0  774  0  0  0  67  0  0  0  77  69  1940  0  0  0  0  0  0  3  0  0  0  0  0  0  1  0  0  0  1  0  0  9227  0  0  0  0  0  0  0  0  0  0  0  0  0  0  0  633  0  1  0  0  0  0  0  0  0  0  0  0  0  0  0  0  0  0  0  241  0  0  0  0  669  0  0  0  
43681  0  0  12  1650  11135  8  153  5  15  0  5812  89924  3625  707  1018  726  169377  0  0  5  3  265  321622  5  15  0  0  41  1  3  63118  0  14  75  46  0  5  27937  1106  60  0  387  6  1413  2  0  21231  59558  0  1  12229  1023  159  0  2  0  2  56  0  23  7637  47252  58471  5  445  214  110  6  214  0  5  264  0  10  0  0  0  0  25  1  0  0  0  0  0  0  0  0  0  1  6  0  0  3  2  25  12  0  0  0  0  0  0  0  113  0  1  2  1  1  0  0  0  13  0  0  0  0  0  6  9  4  1  1  4  2  0  0  0  0  0  0  0  1  1  0  13  0  24  2  0  0  0  0  0  12  1  
175  180  0  2708  2  1167  1  185  21  76  0  9793  348  267  7  554  338865  355025  409  0  202  49  119050  27333  261  1190  13  0  50  43  0  7854  206994  469178  421324  6446  276  1035  13  1  135974  38  175358  616  2967  43  32564  0  7025  529  1623  17  7  33  1  244  80  2637  31233  53  3274  8  28451  105  5969  264  1800  128  40  11  4  1667  1073443  16693  1  3  1  1  0  10  1  1  25  66  0  6  0  0  0  0  31  195  0  0  16  31  1001  2  0  3  0  0  0  1  0  39  440  53  145  14  1  0  0  0  5425  0  27  8  6  0  19  1216  256  1  1  42  1  1  0  38  0  1  0  5  35  0  0  5  1  70  41  3  0  0  40  0  1211  371  
71998  0  0  258374  5284  10764  255  8700  260  494  0  310328  186  193377  2541  1501  116159  534075  0  0  3  1  10195  688  2145  73012  3  2  3924  224  2  8821  3651  451  201  16150  0  3  147274  17921  257729  0  1051  154  388815  1183  82474  18900  0  0  5  174600  5487  4186  102  245  0  3  46  0  3  4225  12197  692  198  2415  43549  235846  823  50  19  0  2032  536  0  0  0  0  0  3  1  1  3  5  0  1  0  0  0  0  3  11  0  0  0  2  45  1  0  0  0  0  0  0  0  8  25  3  8  0  0  0  0  0  267  0  1  0  1  0  4  54  9  0  0  5  0  0  0  4  0  0  0  0  3  0  0  2  0  163  1  0  0  0  6  0  67  24  
0  1336  0  1  0  0  0  1  0  2  0  0  0  0  0  0  3  6  2352  0  185018  0  116938  0  0  10  0  0  0  0  0  5  0  254  123  0  301795  87644  0  0  21  0  245036  85  0  0  0  3533  1  0  178  0  0  0  0  1  119  3  51375  223434  139154  0  1  0  11  0  2  0  0  0  0  35701  53963  0  0  0  0  0  0  0  0  0  0  0  0  0  0  0  0  0  0  0  0  0  0  0  1  0  0  0  0  0  0  0  0  0  0  0  0  0  0  0  0  0  1  0  0  0  0  0  0  0  0  0  0  0  0  0  0  0  0  0  0  0  0  0  0  0  0  0  0  0  0  0  0  0  0  0  
0  364648  0  5  0  0  0  0  1  1  5105  0  0  0  0  0  3  66  4069  2345  77465  209366  34  0  21  169  0  0  0  0  0  1  1  106  1  5  0  4  0  0  236  82400  34  207229  7  0  1  238  23  0  0  0  0  0  0  16  63908  13371  611  29  437641  0  4  0  515  0  14  1  0  0  0  0  827  0  0  2  0  0  0  0  0  0  0  0  1  0  0  0  0  0  0  0  0  0  12  23  3  0  0  0  0  0  0  0  0  0  0  0  0  0  0  0  0  0  1  0  0  0  0  0  0  0  0  0  1  0  0  0  0  0  0  0  0  0  5  0  0  0  0  0  0  0  0  0  0  0  0  0  
189770  0  0  3  7703  23404  4390  5557  595  710  0  281138  19  408198  1331910  1569  62  32299  0  0  0  0  27  3241  42  130  6  1  29518  227  1  3382  0  1  8  1157  0  0  15796  996  333  0  41  127  10283  91  62389  80  170200  0  0  0  282390  120326  1  829  0  5  1  0  1  201467  1264  1656  886  16824  772  767842  1731  31  20  0  61  0  1  0  0  0  0  6  3  5  3  0  0  0  0  0  0  0  0  1  0  0  0  0  0  2  0  0  0  0  0  0  0  6  0  0  0  0  0  0  0  0  0  0  0  0  0  0  0  0  0  0  0  0  0  0  0  0  0  0  0  0  0  0  0  1  0  569  0  0  0  0  0  0  0  0  
149458  0  0  0  202963  91086  9289  779  74  38  0  51  0  164  1312122  44609  8  2744  0  0  0  0  1  87  5  0  8  0  11  6  1  803  0  2  0  2  0  0  31  0  5  0  5  1  82  166  4315  10  10683  0  0  295536  0  326001  0  698  0  5  0  0  0  104  232  345  920  16075  28  814  39  19  2  0  25  0  1  0  0  0  0  1  0  0  2  0  0  0  0  0  0  17  0  0  0  0  0  0  0  0  0  0  0  0  0  0  0  0  0  0  0  0  0  0  0  0  0  0  1  0  0  0  0  0  0  0  0  0  0  0  0  0  0  0  0  0  0  0  0  0  0  86  0  0  0  0  0  0  0  0  
1024  0  31  3  1958  406826  577889  111025  6757  21088  0  6  0  29  988788  1054767  15  18250  0  0  0  0  359  9  23  59  215  0  13697  3892  0  330  0  2  13  91  0  0  17  0  55  0  73  2764  15369  4971  3663  35  45558  0  0  122325  304974  0  1  13323  0  7  1  0  3  7  107  18  4076  135808  3608  172683  347082  4  1434  0  57  0  0  0  0  0  0  0  2  4  1  0  0  0  0  0  0  451  0  0  0  0  0  0  0  0  0  0  0  0  0  0  0  0  0  0  0  0  0  0  0  0  1  0  0  0  0  0  0  0  0  0  0  0  0  0  0  0  0  0  0  0  0  0  0  0  0  2108  0  0  0  0  0  0  0  0  
0  0  0  0  0  0  0  22  1  1  0  0  0  0  0  0  0  11  0  0  0  0  7  0  103111  69567  35  0  0  7  0  0  0  0  0  12039  0  0  0  0  0  0  6  2  0  0  0  0  0  0  0  1  0  0  0  835  0  0  0  0  0  0  1  0  7  6  4750  1  2  0  0  0  1515  0  0  0  0  0  0  0  0  0  0  0  0  0  0  0  0  0  0  0  0  0  0  0  0  0  0  0  0  0  0  0  0  0  0  0  0  0  0  0  0  0  0  0  0  0  0  0  0  0  0  0  0  0  0  0  0  0  0  0  0  0  0  0  0  0  0  0  0  0  0  0  0  0  0  0  
12  3  12  44  4  372  654  93296  9952  12359  776  2  0  47  245  342  45  17016  8574  130104  0  45  5588  2  499736  24506  1301434  2  138  246167  0  148  0  2672  584  12168  0  1  23  0  1036  1  7305  5491  45338  56859  96  242  1383  0  14  333  180  29199  438  0  5  249667  29  1  211  1  3613  0  456822  25991  299023  870  5848  0  73024  0  196698  0  0  0  0  0  0  0  8  2  1  0  15  0  0  0  0  0  0  1  0  1  0  1  1  0  0  0  0  0  0  21  0  0  0  0  0  0  0  0  0  0  1  0  0  1  0  0  0  1  0  0  0  0  0  0  0  0  0  0  0  0  0  0  0  0  0  199  0  0  0  0  0  0  0  0  
0  48991  0  17  0  1  0  0  1  1  2153  0  0  0  0  1  6  261  881079  1754  593  2740  12  0  5  477  0  0  0  0  0  2  0  120  3  17  0  0  0  0  1704  267177  32  41780  17  1  3  35  83  0  54481  0  0  0  0  2  0  131121  552  46  2267  0  16  0  225  3  85  2  0  0  0  0  248  0  0  0  0  0  0  0  0  0  0  0  0  0  0  0  0  0  0  0  0  0  0  0  0  0  0  0  0  0  0  0  0  0  0  0  0  0  0  0  0  0  0  0  0  0  0  0  0  0  0  0  0  0  0  0  0  0  0  0  0  0  0  0  0  0  0  0  0  0  0  0  0  0  0  0  
1  2988  0  49  0  31  19  836  146  178  16647  0  0  2  15  13  22  5155  695204  477956  87  51617  367  6  72281  2814  968  0  4  151  0  76  279  2870  65  1861  0  106  4  0  17211  8354  565  247431  288  160  57  13365  348  0  75611  24  10  2601  4  249334  138008  0  4896  40  61008  0  415  2  170073  340  4550  27  342  0  15  3  198583  81  0  0  0  0  0  0  0  0  0  0  0  0  0  0  0  0  0  0  0  0  0  0  3  1  0  0  0  0  0  0  0  0  2  1  0  1  0  0  0  0  19  0  0  0  0  0  0  3  2  0  0  0  0  0  0  0  0  0  0  0  0  0  0  0  0  45  0  0  0  0  0  0  5  1  
1  80197  0  95  0  12  0  6  3  181  18  1  0  0  0  2  66  1623  255882  0  20951  682  5533  0  28  3390  4  0  0  9  0  65  14  622  438  47  148086  28060  0  0  10847  499  6563  5007  77  4  29  25153  405  3251  157593  0  0  3  0  23  8072  52916  0  39393  250300  0  115  0  1102  15  388  3  2  0  0  375388  400437  3  0  0  0  0  0  0  0  0  0  1  0  1  0  0  0  0  2  0  0  0  2  0  25  1  0  0  0  0  0  0  0  0  6  0  3  1  0  0  0  0  43  0  0  0  0  0  0  9  2  0  0  1  0  0  0  2  0  0  0  0  1  0  0  1  0  0  1  0  0  0  1  0  20  5  
0  200371  0  3  0  1  0  0  0  2  0  0  0  0  0  0  3  72  31138  0  426041  229  4475  2  2  162  0  0  0  0  0  25  0  167  130  2  365826  38130  0  0  609  28  9487  61  14  0  5  174  14  259419  4498  0  0  0  0  0  3549  27  155087  0  164899  0  7  0  69  0  12  0  0  0  0  294401  31112  0  0  28  0  0  0  2  0  0  0  0  0  0  0  0  0  0  0  0  0  0  82  34  22  0  0  0  0  0  0  0  0  1  0  1  1  0  1  1  0  0  7  0  0  0  0  0  0  5  1  0  1  0  0  0  0  0  0  0  1  0  5  0  0  0  0  0  0  0  0  0  0  0  5  1  
19  170382  0  5  0  44  0  15  3  281  911  0  0  0  0  16  8  411  19708  220  903177  770392  612115  8  66  209  9  0  0  16  0  784  3  289  106  33  361  9396  0  0  422  3110  20351  120849  13  2  119  2011  20  188973  304327  0  0  10  1  77  3133  8116  269605  167777  0  1  79  12  1271  30  47  0  0  0  0  35049  192957  2  3  48  0  0  1  12  0  0  5  8  0  3  0  0  0  0  1  26  1  0  338  740  569  1  0  0  0  5  0  0  1  54  22  12  28  4  6  0  0  0  428  3  8  3  0  0  15  187  65  1  19  27  1  0  0  29  0  0  0  0  154  0  5  3  0  14  32  0  0  0  7  0  467  48  
163580  0  0  1  429  430  1  0  0  0  0  202  47002  115164  74675  25  0  566  0  0  0  0  2  260040  0  0  0  0  3  0  0  1546  0  44  1  20  0  0  37906  2  14  0  1  0  28  0  23193  6  10810  0  0  157409  50  14  0  0  0  0  0  0  1  0  828  130688  0  16  2  134  4  8  0  0  2  0  0  0  0  0  0  1  0  0  0  0  0  0  0  0  0  0  0  0  0  0  0  0  1  2  0  0  0  0  0  0  0  5  0  0  0  0  0  0  0  0  0  0  0  0  0  0  0  0  1  0  0  0  0  0  0  0  0  0  0  0  0  0  0  1  0  4  0  0  0  0  0  0  0  0  
24119  2  0  7  403  85759  3  100  14  14  0  615  17  31  59  4322  9050  430313  4  0  11  2  59536  825633  26  66  1  0  26  12  384014  366751  7  97  5226  183  1  15  20  0  403  3  14574  20  1119  9  106391  16289  2113  5  102  630  60  27  1  38  0  10  600  0  53  105  0  84856  128  398  868  33  2  123166  2  6  5617  0  1  0  0  0  0  22  0  1  0  5  0  0  0  0  0  0  0  12  0  0  2  5  78  14  0  1  0  0  0  0  7  52  22  3  11  5  0  0  0  0  264  0  4  0  1  0  6  73  10  0  0  5  3  1  0  4  0  0  0  0  2  0  8  4  0  174  3  1  0  0  2  0  80  25  
210211  0  0  0  14355  22940  14  4  0  2  0  22  6157  10285  132  954  24  5861  0  0  2  0  60  1097404  1  2  0  0  1  0  27  46240  0  2  11  73  0  2  18267  3  78  0  71  0  79  0  93124  37  6232  0  1  1747  245  22  0  1  0  0  5  1  13  219773  184211  0  1  60  13  36  1  24091  0  0  65  0  4  0  0  0  0  16  0  0  0  0  0  0  0  0  0  1  0  2  0  0  0  1  7  4  0  0  0  0  0  0  0  60  0  0  0  0  0  0  0  0  4  0  0  0  0  0  3  1  0  0  0  0  1  0  0  0  0  0  0  0  0  0  0  6  0  1  0  0  0  0  0  0  1  0  
14  197  0  31  0  218  207  9555  895  5187  467038  1  0  32  133  68  92  43504  307  307685  10  10654  4033  21  4733  5211  261237  6  8  449401  0  490  97  4736  425  19917  0  32  9  0  40312  196  5291  427142  6933  20094  338  4810  456  0  364  125  91  8269  28  490817  346  210163  116  13  3941  2  3185  0  0  1122  22533  133  721  0  2679  1  37933  24  0  2  0  0  0  0  4  18  328  702  10621  0  0  0  0  0  0  5  0  54  10  912  30  0  0  0  5  0  0  6362  0  3  3  0  1  1  0  0  0  0  35  0  0  311  0  0  1  8  6  0  0  2  0  0  0  1  0  0  0  0  7  0  0  0  36  109  0  0  0  0  114  0  14  1  
8454  1  0  0  2988  409704  389915  372658  133670  175993  0  26  0  94  60874  53687  31  10598  1  0  0  1  3885  35  52  165  6  3  473  15994  0  137355  1  217  170  1101  0  0  28  0  394  0  1576  3984  51796  382  2477  216  9952  0  3  77876  64444  171133  3  861  1  7  27  1  39  51  1156  23  3197  0  7441  22864  3907  42  101  0  1116  0  353  0  3  1  318  60285  28414  5360  1117  5362  11  0  0  2  36  68  10  86  0  0  0  10  41  22  0  2  2  18  30  17  2  27770  2  1  28  1  0  0  1  0  226  0  7  4  45  17  90  27  23  0  0  215  650  77  0  23  0  0  0  0  0  15  22  54  1  586588  131  15  10  1  66  0  5  0  
77  1  27442  638  6  442  315  102692  18506  21020  0  154  0  1444  86  2107  417  108653  0  0  1  1  16583  39  33002  994443  345690  378807  1890  29589  0  1029  0  848  2120  49428  0  1  505  17  77288  0  28676  6969  327533  143758  720  1018  6868  0  23  3045  35  14063  1325  345892  1  54  141  0  11  17  11313  12  9013  37895  0  7197  11063  0  10635  0  15025  0  0  0  0  0  0  1  2  0  5  2  0  0  0  0  1  0  0  0  0  0  0  0  6  0  0  0  0  0  0  0  0  0  1  0  0  0  0  0  0  0  22  0  0  0  0  0  0  4  2  1  0  1  0  1  0  1  0  0  0  0  0  0  0  0  0  97  3  0  0  0  0  0  7  3  
535  0  6  107240  105  2600  1638  9437  1061  1505  0  364973  3  10587  353427  398  150  31966  0  0  0  0  55  39  213  3380  3  30  1040675  388  0  689  0  9  19  89105  0  0  8458  18107  19640  0  58  217  134127  363  7433  351  273406  0  0  738370  6436  146723  3  2036  0  1  0  0  2  192  170  37  226  23597  7393  0  77780  5  61  0  235  0  0  0  0  0  0  1  4  2  3  0  0  0  0  0  0  0  0  0  0  0  0  0  0  0  0  0  0  0  1  0  0  0  0  0  0  0  0  0  0  0  0  0  0  0  0  0  0  0  0  0  0  0  0  0  0  0  0  0  0  0  0  0  0  0  0  1116  0  0  0  0  0  0  1  0  
46  0  3138  0  19  2004  735  61602  2985  8847  0  2  0  75  170440  353981  98  4676  0  0  0  0  201  5  101  341  660  0  556683  2071  0  90  0  2  13  455  0  0  24  0  220  0  121  1960  324715  83679  505  63  13935  0  0  7113  338  312545  3  14438  0  0  0  0  1  2  93  2  1068  5297  7451  176306  0  1  107  0  172  0  0  0  0  0  0  0  2  0  1  0  0  0  0  0  0  0  0  1  0  0  0  0  0  0  0  0  0  0  0  0  0  0  0  0  0  0  0  0  0  0  1  0  0  0  0  0  0  1  0  0  0  0  0  0  0  0  0  0  0  0  0  0  0  0  0  128  0  0  0  0  0  0  0  0  
181597  0  0  0  121667  247082  3  3  1  0  0  4  0  15  534  118650  1  1362  0  0  0  0  4  137958  0  0  0  0  0  1  383676  129024  0  0  1  0  0  0  16  0  0  0  9  1  16  0  1991  6  398  0  0  118  27  2  0  0  0  0  3  0  0  21  123746  14462  1  62  2  2  0  0  0  0  8  0  2628  0  0  0  1025  146595  1  0  0  0  0  0  0  0  0  7025  0  0  0  0  0  0  1  8  0  0  0  0  0  0  20717  13697  0  0  0  0  0  0  0  0  0  0  0  0  0  0  0  0  0  0  0  0  1  0  0  0  0  0  0  0  0  0  1  4  0  133  0  0  0  46130  0  0  2  0  
1  0  2111  0  0  628  4778  31766  250030  3001  0  0  0  3  98  699  19  7639  0  0  0  5  1120  1  269  605  182100  0  20  832008  0  66  0  104  168  1970  0  0  2  0  276  0  2122  6553  4200  296018  60  75  679  0  0  157  60  5482  11  151678  0  2  10  0  0  0  873  1  69028  2557  17822  854  395  0  0  0  679  0  0  0  1  0  0  0  79  172  1258  12  7  0  0  0  0  0  0  0  0  0  0  0  1  0  0  0  0  0  0  38924  0  0  0  0  0  0  0  0  0  0  3  0  0  0  0  89  0  0  0  0  0  0  0  0  0  0  0  0  0  0  0  0  0  0  0  111  0  0  0  0  21341  0  0  0  
3  45656  0  0  0  0  0  2  0  51  0  0  0  0  0  0  17  20  3854  0  4564  109  1188  0  1  12  0  0  0  3  0  10  1  475  651  2  1405234  1147933  0  0  39  4  39440  980  0  0  2  2611  1  67874  209  0  0  0  0  0  161  39  414126  489278  64721  0  1  0  17  3  1  0  0  0  0  0  174808  1  0  3  0  0  0  0  0  0  0  1  0  0  0  0  0  0  0  0  0  0  8  10  27  0  0  0  0  0  0  0  0  2  0  0  0  0  0  0  0  0  4  0  0  0  0  0  0  7  0  0  0  0  0  0  0  0  0  0  0  0  2  0  1  0  0  1  0  0  0  0  1  0  1  1  
96  3576  0  2674  0  865  26  2724  206  666  76  20  4  137  28  388  1089  42299  291331  3  1991  2454  66347  43  988820  134536  2809  0  7  3966  1  4378  35186  1117798  87187  50966  10687  1929195  52  1  67187  1697  257025  20559  2252  546  504  1072800  5394  84765  20511  192  16  5995  698  176793  3180  301987  465738  69277  269138  1  7389  47  123758  1026  5579  35  406  13  125  240859  0  59080  1  2  0  0  0  13  0  0  14  13  0  2  0  0  0  0  13  50  0  0  17  14  735  2  2  0  0  4  0  0  0  23  131  20  62  8  0  0  0  0  1646  0  12  5  4  2  10  344  123  2  0  36  0  0  0  29  0  0  0  1  27  1  0  2  2  91  34  0  0  0  7  0  595  153  
3  1  0  2705  0  2  0  0  0  0  0  0  0  0  0  0  27  22  0  0  1  1  8  0  1  6450  0  0  0  0  0  33  349487  386127  0  170005  0  17  0  0  69171  0  2  2  3  0  9  36082  1127  0  0  0  0  0  0  0  0  16  2  0  0  0  2  1  1  0  1  0  0  0  0  0  55668  0  0  0  0  0  0  0  0  0  0  0  0  0  0  0  0  0  0  1  0  0  0  1  10  0  0  0  0  0  0  0  0  2  0  0  0  0  0  0  0  0  20  0  1  0  0  0  0  3  1  0  0  0  0  0  0  1  0  0  0  0  0  0  0  0  0  0  1  0  0  0  2  0  9  2  
2  0  0  0  0  74  2  0  0  0  0  0  0  0  0  28  0  9  0  0  0  0  0  0  0  0  0  0  0  0  33094  184  0  0  0  0  0  0  0  0  0  0  2  0  0  0  7  1  0  0  0  0  0  0  0  0  0  0  1  0  1  0  1  0  0  65  0  0  0  19336  0  0  0  0  0  0  0  0  215683  313891  237  71  4  0  0  0  17  214  174544  2399  165  2313  0  0  8  0  423  611413  1  0  0  0  4  0  56091  8606  0  0  5  0  0  0  1195  0  56  0  8  0  4  6  8990  121  3052  0  0  20405  60786  631  0  9  0  0  0  1  7  142481  1413  24269  0  3845  16  206  138  98941  8  0  20  1  
0  157  0  0  0  1  0  0  0  0  0  0  0  0  0  1  0  2  0  0  102  45  25  0  0  0  0  0  0  0  0  18  0  0  0  0  7  0  0  0  1  3  0  2  0  0  2  10  0  0  3  0  0  0  0  0  0  0  0  4  30  0  0  0  0  0  0  0  0  0  0  0  3  0  0  0  1  0  2  2  1  1  5  1  0  3  0  0  2  1  1  23  456770  2882  326348  13863  75  0  60  7  61  1  0  0  0  16  0  0  8  1  40042  6482  1  0  254  148187  3  6888  1  1  6  29  113  60  217382  101  0  2  0  734  169616  32809  276706  296371  16347  0  2  1  495  1  3  3  2  0  115  249  70071  1  
0  0  103456  0  0  3  425  627  231  0  0  0  0  0  0  29398  0  1  0  0  0  0  0  0  0  0  48  0  0  525  0  0  0  0  0  0  0  0  0  0  0  0  0  0  0  216  0  1  0  0  0  0  0  0  0  0  0  0  0  0  0  0  0  0  0  0  0  0  0  0  4  0  0  0  0  0  0  0  0  1  11  40514  460  0  0  0  0  0  0  168639  1  40  0  0  0  0  9  0  0  1  100342  26954  183  95357  0  0  0  0  3  0  0  0  0  0  5  0  0  0  150486  329362  10  17  14  0  0  0  0  1  0  15  0  0  0  0  0  0  0  0  0  18  49681  2  1137  0  1331  0  2  0  
0  0  0  0  0  0  0  0  0  0  0  0  0  0  0  0  0  8  0  0  0  0  4  0  0  0  0  0  0  0  0  60  0  1  0  1  0  0  0  0  2  0  1  0  0  0  0  20  0  0  0  0  0  0  0  0  0  0  0  0  0  0  2  0  0  0  0  0  0  0  0  0  1  0  11  1  12  0  2  199  27  182  460  278  1  299296  0  6  57  5  9344  8517  0  0  1  4  1058  21  221  273710  1  219320  132093  4  13  236  35917  20986  396  567  1  0  0  22  137540  0  23  40  349625  27  1118  3433  174155  2  1  111  73  44  6  3186  0  0  0  0  5  3  55  38  7  73  60373  111328  55  3  6337  0  733  21266  
0  0  0  0  322  948  24  0  0  0  0  0  0  0  0  1436  0  3  0  0  0  0  0  0  0  0  0  0  0  0  899  74  0  1  0  0  0  0  0  0  0  0  0  0  0  0  0  0  0  0  0  1  2  0  0  0  0  0  0  0  0  0  1  0  0  143  0  0  0  1300  0  0  1  0  215430  0  5  0  0  570857  9379  417  40  1  0  0  1  27  139773  674187  35  413  0  0  2  1  75  1087  3  0  0  0  10  0  15  912  0  0  2  0  0  0  39  0  10  0  0  0  18  7  1432  16  241  0  0  14157  695407  17392  0  14  0  0  0  0  0  4804  42  1671  2  9627  21  216  353  89687  13  0  7  0  
9  0  0  0  1060  209065  609  31  38  0  0  0  0  0  18  37260  0  36  0  0  2  0  2  1  0  0  0  0  0  0  80900  36507  0  0  0  0  0  0  0  0  1  0  4  0  2  0  22  6  5  0  0  22  5  4  0  0  0  0  0  0  0  0  8  2  1  73454  0  2  0  177996  0  0  1  0  512504  0  23  0  707572  0  336135  6385  216  15  0  1  7  153  186050  840607  934  18567  0  0  13  3  2052  165552  3  6  1  4  48  2  29077  134504  0  1  63  0  3  0  133  0  214  0  31  3  68  56  17297  766  4265  2  0  13562  82839  227278  0  91  0  0  0  2  30  10103  50957  103707  2  526209  135  1551  1789  499112  72  0  44  1  
0  0  7  0  0  43472  31383  1841  8921  0  0  0  0  0  3  13310  0  18  0  0  1  1  5  0  0  0  0  0  0  0  0  324  0  0  1  0  0  0  0  0  0  0  2  0  135  22  0  1  0  0  0  4  4  6  0  0  0  0  0  0  0  0  1  0  0  8206  1  1  1  1  14  0  0  0  669  0  125  0  5923  371133  0  499566  73096  2312  0  2  1  605  18397  728974  41  1383  0  0  2  0  288  458  15  24  10  94  1356  170  5  712  0  1  17  0  0  0  34  1  146  0  2  504  1922  379  2547  32  1403  0  0  45986  54941  210461  1  359  0  0  0  0  3  1509  17  493  1039  626687  1276  11043  15298  3  5666  0  62  1  
1  0  53  0  0  5769  17833  8755  49887  2  0  0  0  0  1  27330  0  5  0  0  0  0  3  0  0  0  0  0  0  10  0  155  0  0  0  0  0  0  0  0  0  0  1  0  50  430  0  3  0  0  0  1  1  6  0  0  0  0  0  0  0  0  0  0  1  2873  2  2  0  0  199  0  4  0  38  1  20043  3  699  9944  507411  0  240471  814  5  33  0  43  1327  677283  60  1819  1  0  0  1  202  40  672  215  62  355  2392  479  3  386  0  0  64  0  0  0  6  1  3066  0  14  81  17025  293005  1201  190  1728  0  2  4218  7889  23361  1  5027  0  0  0  1  2  128  28  52  176  276443  15203  21938  206115  2  7933  0  1240  2  
0  0  550  0  0  231  73  378  98566  1211  9  0  0  0  0  4151  0  34  0  0  0  101  116  0  0  0  4  0  0  1156  0  15  1  1  0  10  0  0  0  0  11  0  8  18  4  872  0  27  0  0  0  0  0  2  0  0  0  0  0  0  1  0  10  0  50  464  2  1  0  0  2037  0  13  1  3  0  254  3  58  143  49471  183643  0  94287  1363  9  0  4  173  445  53  319  0  0  0  89  5105  16  385  2406  6887  252  244  63308  0  15  0  1  206  2  0  0  1  1  2487  0  52  16078  794  147717  71  137  298  0  2  441  721  795  81  15310  0  2  0  0  4  16  4  10  21687  296770  7601  523  328  0  402766  0  300  5  
1  1  0  0  0  4  1  23  1068  3735  9  0  0  0  0  0  2  886  0  0  4  106  1112  0  6  7  3  0  0  559  0  50  9  65  30  92  1  1  0  0  292  0  312  37  49  1  8  1157  1  0  1  0  0  1  0  5  0  4  8  0  13  0  200  0  111  4777  121  1  0  0  9  0  223  0  2  3  4  14  15  52  7788  7473  184656  0  3370  68  0  2  34  62  45  494  7  0  16  25042  162036  6  2  18  9  54  8  53878  1  17  23  5  152  5  0  1  1  0  3923  0  36  157407  188  123  59  178  2774  0  45  438  135  107  0  805  0  9  3  1  3045  4  4  6  3945  187210  409  61  34  0  15522  0  225  37  
0  1  0  0  0  0  0  0  659  268  67893  0  0  0  0  0  0  0  0  2751  0  46656  15  0  0  0  829  0  0  21538  0  0  0  0  0  1  0  0  0  0  0  87  1  3522  0  0  0  0  0  0  0  0  0  0  0  9  0  0  0  0  0  0  0  0  6390  16  0  0  0  0  6  0  0  0  0  0  0  0  0  0  2  36  1789  8387  0  0  0  0  0  0  0  0  9  478457  0  80641  210  0  25  0  12304  0  0  119017  0  1  0  0  1  0  0  0  0  0  8  317363  0  785794  0  0  0  0  6  0  33  4  0  0  0  177  2  238393  0  0  2559  0  0  0  421479  422  0  0  0  0  572  0  0  0  
0  0  0  0  0  0  0  0  0  0  0  0  0  0  0  0  0  0  0  0  0  0  0  0  0  0  0  0  0  0  0  14  0  0  0  0  0  0  0  0  0  0  0  0  0  0  0  0  0  0  0  0  0  0  0  0  0  0  0  0  0  0  0  0  0  0  0  0  0  0  0  0  0  0  2  0  1  230870  11  78  20  49  11  5  0  0  2986  196516  373  8  21812  33223  0  0  0  1  962  2263  21  672  0  280  121475  0  0  43  14043  4258  11107  3  0  4  2476  151143  283  0  230  3  32831  0  1941  2194  335214  1  1  87550  222  9  91  162  0  0  0  1  1  59  7  4  0  29  22765  401802  45  0  30  1  362  2725  
0  0  0  0  0  0  0  0  0  0  0  0  0  0  0  0  0  1  0  0  0  0  0  0  0  0  0  0  0  0  0  6  0  0  0  0  0  0  0  0  0  0  0  0  0  0  0  0  0  0  0  0  0  0  0  0  0  0  0  0  0  0  0  0  0  0  0  0  0  0  0  0  0  0  162  0  0  0  86  509  13  4  0  0  0  2053  0  74410  16  41  8  1429  0  0  1  0  37  133778  0  0  0  0  1  0  89  1809  0  567  125  0  0  0  164006  54112  1  0  2  0  0  0  124488  2  73953  0  0  1304  358  25  0  1  0  0  0  0  0  107257  766  5531  0  58  1  6  5  174  0  0  0  0  
0  0  0  0  0  1  0  0  0  0  0  0  0  0  0  0  0  3  0  0  0  0  1  0  0  0  0  0  0  0  0  73  0  0  0  0  0  0  0  0  0  0  0  0  0  0  1  0  0  0  0  0  0  0  0  0  0  0  0  0  0  0  0  0  0  1  0  0  0  0  0  0  2  0  561  0  0  0  696  1104  304  154  5  0  0  105243  70663  0  30617  410  10  1202  0  0  0  0  54  6643  4  4  0  1  117  0  17  713  0  65  42  0  0  0  250936  228758  10  0  3  0  54  7  6546  10  71879  0  0  517384  4021  516  1  33  0  0  0  0  0  82519  102  593  0  366  68  2674  226  33  5  0  19  0  
0  0  0  0  0  9  8  0  0  0  0  0  0  0  0  0  0  4  0  0  1  0  0  0  0  0  0  0  0  0  0  220  0  0  0  0  0  0  0  0  0  0  1  0  0  0  0  0  0  0  0  0  0  0  0  0  0  0  0  0  0  0  3  0  0  30  0  0  0  0  0  0  0  0  217489  0  14  0  104932  176399  95587  3092  292  17  0  4  0  33412  0  156873  39  1401  0  0  0  1  139  162929  8  9  0  6  355084  1  7  884  0  0  2  0  0  0  48  0  39  0  2  7  177  51  2675  22  16297  0  0  1283918  1780940  1220928  0  104  0  0  0  0  3  246317  34  2071  7  15572  167  202828  123570  2  70  0  37  0  
0  0  5  0  3451  10448  4912  618  34  0  0  0  0  0  129  278307  0  0  0  0  0  0  0  0  0  0  0  0  0  1  3063  39  0  0  0  0  0  0  0  0  0  0  0  0  2  0  1  0  0  0  0  1  20  1169  0  0  0  0  0  0  0  0  0  0  0  1  0  0  0  12422  0  0  0  0  30279  0  193169  0  971792  1277516  836597  649838  333  11  0  0  0  49  153696  0  7  118  0  0  0  0  17  4304  1  1  0  4  168  1  86  104  0  0  2  0  0  0  5  0  6  0  1  5  1707  67422  283  1  132  0  0  3876  20587  666298  0  27  0  0  0  0  2  212  5  3951  5  1764  325  1855  12258  164769  45  0  8  0  
0  0  0  0  0  0  0  0  2  0  0  0  0  0  0  0  0  8  0  0  0  1  9  0  0  0  0  0  0  0  0  190  0  0  0  0  0  0  0  0  3  0  0  0  0  0  0  23  0  0  1  0  0  0  0  0  0  0  0  0  0  0  1  0  2  0  0  0  0  0  0  0  2  0  78  0  26  3201  4  1336  16  233  105  51  0  25758  18  23  54  14  0  429034  0  0  2  1  257219  6873  477  154  5  108  249  6  104  1129  26411  642  215764  44  162  647  3  2  51560  0  24176  4  1884  184  6202  324797  147812  1408  3  134  162  36  2  6787  0  3  0  54  45  15  452  313  1  474  5432  109  1037  8  1577  111  5140  2526  
1  0  0  0  0  2  0  0  0  0  0  0  0  0  0  1  1  21  0  0  5  2  10  1  0  0  0  0  0  0  0  931  0  0  0  1  0  0  0  0  5  0  2  0  0  0  5  7  1  1  0  0  0  0  0  0  0  0  1  0  2  0  2  0  0  1  0  0  0  0  0  0  2  0  927  1  84  3926  166  2976  307  502  107  95  0  77350  6733  405  8014  191  402910  0  1  0  88  2  278306  104559  709  306  1  221  80  6  833  8337  328  119  34663  4  42  160  565  9684  1997  0  9949  6  804  544  239142  23175  283867  396  3  5893  20913  329  3  9965  0  3  0  32  85  252  2982  816  4  739  9668  501  302  120  2292  34  4015  74  
0  0  0  0  0  0  0  0  0  0  0  0  0  0  0  0  0  4  0  0  1  0  0  0  0  0  0  0  0  0  0  13  0  0  0  0  0  0  0  0  0  0  0  0  0  0  0  0  0  0  0  0  0  0  0  0  0  0  0  0  0  0  0  0  0  0  0  0  0  0  0  0  1  0  5  465486  0  2  19  35  4  12  25  4  4  9  0  11  44  9  14  212  0  7831  4943  4460  327  4  157885  9  70  2  3  5  1  31  1  0  172  0  651  3509  10  0  142  297022  19  40564  11  13  84  328  1025  0  51806  2750  39  5  0  27480  885427  553658  216273  1133  18762  24  3  9  11588  3  22  102  6  0  217  2  312197  2  
0  0  0  0  0  0  0  0  0  0  60406  0  0  0  0  0  0  0  0  6051  0  4894  0  0  0  0  172  0  0  527  0  0  0  0  0  0  0  0  0  0  0  185  0  402  0  0  0  0  0  0  0  0  0  0  0  7  0  0  0  0  0  0  0  0  275  0  0  0  0  0  0  0  0  0  0  999  0  0  0  0  0  0  0  0  505554  0  0  0  0  0  0  1  7546  0  32  1447  0  0  12749  0  66210  0  0  124296  0  0  0  0  0  0  0  0  0  0  0  123977  0  55710  0  1  0  0  0  0  3393  2  0  0  0  152536  4540  624133  0  1  10425  0  0  0  554567  0  0  0  0  0  61  0  0  0  
0  212  0  0  0  11  0  0  0  16  0  0  0  0  0  6  0  70  2  0  1233  400  160  0  0  1  0  0  0  0  0  717  0  3  1  1  67  2  0  0  17  7  27  20  1  0  14  105  1  0  13  0  0  0  0  0  1  0  4  61  411  0  16  0  1  4  2  0  0  1  0  6  57  0  58  383156  0  1  4  188  2  2  8  18  0  14  0  1  0  1  183  719  3347  54  0  62031  216803  132  384  495  18  2  0  0  10  1973  6  4317  303  3419  85613  82  2  0  17518  152776  1390  755  6  1  475  1781  377  253372  263802  94  18  5  0  2177  9879  2626  1251  772912  531878  7  280  105  89  54  37  4  0  7  40  8  32778  74  
2  557  0  0  0  11  0  0  110  152  98  0  0  0  0  2  0  108  1  2  565  10606  900  7  0  2  3  0  0  1228  0  345  4  15  3  5  23  0  0  0  53  22  22  722  3  0  33  214  0  0  69  1  0  0  0  0  0  0  12  22  314  0  21  5  334  1  8  0  0  1  4  5  120  1  8  11883  0  4  1  29  149  149  1238  29845  37972  90  0  1  2  2  25  186  2988  4084  59781  0  191665  9  74  6  302  2  2  2305  0  255  15  17  41  14  29  0  0  2  5082  225476  29  957233  80  7  58  340  2835  9  472775  540  16  6  0  1301  7009  20388  1228  2074  1193820  5  15  13  17457  170  20  10  15  0  3081  0  3831  35  
9  65  0  0  0  47  0  0  45  277  0  0  0  0  0  20  4  676  0  0  299  233  3012  4  0  5  0  0  0  3  0  3880  10  53  23  36  23  7  0  0  309  2  216  144  20  0  41  1283  3  0  3  0  0  0  0  1  0  3  45  28  192  0  98  7  36  16  23  0  0  1  0  4  712  1  396  118  6  22  19  1726  3561  2710  28433  131873  198  2205  10  28  41  46  116253  343066  42  2  162379  138405  0  119560  308  91  31  27  10  1948  801  35028  292  533  205819  414  37744  6215  2  4  69183  3  524415  44566  369  69  80981  39339  11622  193457  221  3012  275  61  0  4856  7  30  17  7541  762688  93  71385  2916  770  2393  522  68  33  44  36402  544  41323  3637  
0  0  0  0  0  8  0  0  1  0  0  0  0  0  0  2  0  15  0  0  7  1  24  167  0  0  0  0  0  0  6995  265  0  1  1  0  0  0  0  0  0  0  7  0  0  0  7  5  0  0  1  0  0  0  0  0  0  0  0  0  2  0  5  0  0  1  0  0  0  45  0  0  3  0  488695  2  0  3  1907  150448  60  18  10  11  0  6218  122674  2150  127827  1065  8829  189109  0  0  183  4  121151  0  0  0  0  2  7  1  193367  43533  0  87  3423  0  8  0  928  784  293  0  492  0  3  5  364971  227  2682  2  1  7962  1626  102  0  10  1  0  0  4  175  333801  691615  1114638  0  246  33  56  14  56826  12  0  72  2  
0  0  0  0  0  0  0  0  0  0  0  0  0  0  0  0  0  2  0  0  0  0  0  0  0  0  0  0  0  0  0  11  0  0  0  0  0  0  0  0  0  0  0  0  0  0  0  2  0  0  0  0  0  0  0  0  0  0  0  0  0  0  0  0  0  0  0  0  0  0  0  0  0  0  0  88  95  0  6  22  43  1470  4705  24  2  80  0  3  20  34  172  329  148025  5737  1499  3  3125  4  0  222304  14498  23  92  1  0  25  1  45717  128  18948  158  29650  2  4  14804  0  350  60  292  187  75  1071  810  37  2033  291  18  75  323809  646281  163  25058  6650  10313  4861  3  2  4  1127  139  2097  137  456  0  3472  27  1187655  4  
0  0  0  0  0  0  1  0  1  1  0  0  0  0  0  0  0  32  0  0  0  2  27  0  0  0  0  0  0  0  0  252  1  1  1  0  0  0  0  0  22  0  4  3  0  0  2  74  0  0  0  0  0  0  0  0  0  0  0  0  0  0  3  0  2  0  0  0  0  0  0  0  13  0  41  66  131  294571  24  613  284  3578  21624  1000  0  13650  0  237  344  159  1080  16588  30  0  1104  15  3695  67  192460  0  2136  158526  279  5  20  581  91720  21243  1427  419126  12  54  17  550  530995  0  311  1016  19148  338  3904  9378  61970  26  405  1974  421  1211  241312  115608  19  13  36  571  6314  18  120  94  181  3609  576447  2664  1015  2  12801  4  27487  937  
0  0  318  0  0  0  0  0  0  0  192  0  0  0  0  0  0  5  0  6  0  0  0  0  0  0  1867  0  0  1453  0  10  0  0  0  0  0  0  0  0  0  0  0  0  1  53  0  5  0  0  0  0  0  0  0  1  0  0  0  0  0  0  2  0  47  0  0  0  0  0  0  0  0  0  0  1  94823  1  0  12  287  647  113782  52  2503  8  0  0  6  24  49  361  0  89451  1  4  188  7  21661  3959  0  14042  94  1069165  0  19  1  0  164  4  0  0  0  0  1178  0  30  22  944  398349  68  142  291  0  2  45  24  49  1277  795694  0  183  0  2  170  1  5  1  38704  3004  403077  37  73  0  159217  0  107  5  
0  0  0  0  0  0  0  0  0  0  0  0  0  0  0  0  0  7  0  0  1  1  6  0  0  0  0  0  0  0  0  42  0  1  0  0  0  0  0  0  1  0  3  0  1  0  0  5  0  0  0  0  0  0  0  0  0  0  0  0  0  0  0  0  0  0  0  0  0  0  0  0  1  0  8  2  20274  169048  1  119  29  1638  562  58  0  2449  0  3  36  29  355  3755  0  0  0  0  904  17  63  89940  17179  0  171504  122  3  91  7  3  307  0  0  0  0  1  5809  0  61  16  1207283  22795  478  549  7538  0  1  166  90  80  1  1564  0  2  0  0  4  6  12  16  2  79  725473  395  1804  0  1152  0  214  4  
0  0  0  0  0  1  0  0  1  0  0  0  0  0  0  0  0  3  0  0  1  0  2  0  0  0  0  0  0  0  0  194  0  0  0  0  0  0  0  0  0  0  0  0  0  0  0  5  0  0  0  0  0  0  0  0  0  0  0  0  0  0  2  0  1  1  0  0  0  0  0  0  2  0  18  0  47  115989  70  614  74  1598  253  49  0  56163  0  84  344993  93  100  3104  1  0  1  0  435  25  154  149  0  200262  0  0  10  422  0  0  34  1  0  0  9  0  914  0  10  3  826512  10090  996  344  6397  0  0  19445  786  4574  6  1070  0  0  0  1  0  111  40  54  1  229  5932  734877  481658  2  275  0  500  0  
0  0  21593  0  0  1  0  8  19975  232  1472  0  0  0  0  472  0  1  0  34  0  72  15  0  5  0  27933  0  0  233536  0  0  0  0  0  0  0  0  0  0  0  0  1  29  1  5607  0  1  0  0  0  0  0  0  0  13  0  0  0  0  1  0  1  0  2982  15  0  0  0  0  8938  0  1  0  0  0  110684  0  3  11  1595  1455  92011  83274  82264  0  0  0  15  23  2  36  1  86456  0  13204  680  0  15  2  1256471  116  1  0  0  3  0  0  12  0  0  0  0  0  24  0  5  19308  1544  362808  10  4  118  0  4  204  35  17  1  178248  0  82  1  0  30  1  0  1  426752  1459  18246  7  7  0  647184  0  7  0  
0  0  0  0  0  10  0  0  0  0  0  0  0  0  0  0  0  3  0  0  3  0  0  38  0  0  0  0  0  0  77527  7177  0  0  0  0  1  0  0  0  0  0  0  0  0  0  1  1  0  0  0  0  0  0  0  0  0  0  0  0  0  0  4  0  0  7  0  0  0  5380  0  0  1  0  56521  0  1  0  13  18344  7  0  0  2  0  9  1  1  3  2  50  5216  0  0  6  4  1146  156357  0  0  0  0  0  0  0  144933  1  0  3  0  0  0  2  0  27  0  4  0  0  5  34151  14  55  0  0  23  38  5  0  14  0  0  0  0  10  106  411093  6106  0  47  10  4  0  224009  4  0  11  0  
153  5  0  0  0  20166  6  0  0  0  0  0  0  0  0  4379  7  339  0  0  62  24  71  70  0  0  0  0  0  0  2404  186237  0  1  14  0  5  0  0  0  8  0  50  1  5  0  836  51  7  0  0  2  0  0  0  0  0  0  2  0  40  1  103  81  0  8599  2  0  0  11831  0  0  23  0  10127  11  2  0  366  139877  74  18  7  13  0  83  2  38  105  73  835  21477  0  0  378  125  33062  33397  3  3  0  7  3  0  127438  0  0  8  187  6  28  5  90  0  882  1  138  3  11  10  52044  792  2228  12  10  1224  1315  136  0  91  0  0  0  8  438  2668  212358  43989  0  124396  84  28  18  36166  45  0  235  20  
4  0  0  0  0  5  0  0  1  1  0  0  0  0  0  1  1  412  2  0  1  7  234  1  0  0  0  0  0  0  0  47  18  35  3  19  0  2  0  0  201  0  40  1  3  0  10  1432  0  0  0  0  0  1  0  0  0  0  4  0  7  0  38  1  22  3  10  0  0  0  0  0  106  1  0  0  0  14776  0  4  0  0  8  65  0  13131  0  0  0  0  14443  575  0  0  3  4  476  3  0  8861  0  1  6  0  0  6  0  78679  43176  11396  2  1  0  0  134620  0  44  0  6  0  4  306430  5173  6  0  6  0  0  0  30  0  0  0  2  5  0  0  0  0  10  10  51  0  0  57  0  43906  448962  
1  6  0  0  0  15  0  0  0  0  0  0  0  0  0  3  0  233  0  0  21  38  441  0  0  1  0  0  0  0  0  343  7  18  2  7  2  0  0  0  122  0  23  5  3  0  10  689  1  0  1  0  0  0  0  0  0  0  5  0  23  0  23  0  4  3  6  0  0  0  0  1  93  1  7  8  0  33480  0  34  0  1  16  19  0  3908  1223  55  0  0  467  352  1  0  5099  20  5610  272  33285  21339  0  10  4  0  2  203  54744  0  710475  324577  193  108098  2  139  17856  0  104576  7  11  1  203  38949  911  1057  6  151  5  0  0  113  0  3  2  2523  20666  4  12  12  1  33  97  18  0  1  13  349  895046  177219  
0  0  0  0  0  1  0  0  22  5  0  0  0  0  0  0  0  22  0  0  1  0  34  0  0  0  0  0  0  0  0  174  0  4  0  0  0  0  0  0  8  0  5  0  0  0  0  59  0  0  0  0  0  0  0  0  0  0  1  0  1  0  1  0  0  3  0  0  0  0  0  0  12  0  9  0  0  270  1  72  0  8  177  476  0  12480  316  39  0  0  191098  18547  2  0  17  4  187753  1083  36  46  2  5  39  8  0  156  56188  678025  0  103  359  1470  6  41  5467  0  276806  12  75  3  256  419211  1265  10599  5  367  5  4  0  592  1  4  1  1836  564  2  92  18  6  145  89  648  0  2  457  3178  457661  14787  
1  8  0  0  0  2  0  0  0  0  0  0  0  0  0  2  1  168  0  0  21  42  464  0  0  1  0  0  0  0  0  349  2  7  4  4  5  1  0  0  70  0  15  7  6  0  9  376  0  0  0  0  0  0  0  1  0  0  4  3  23  0  14  0  8  0  3  0  0  0  0  0  90  0  13  9  25  1743  2  52  5  213  3240  35  0  13  0  0  5  5  320  367  5  0  5399  34  8282  7  30230  430268  77  15  28  1  0  203  13552  267187  629  0  82  81  0  0  393707  0  1268  13  125  91  72  5898  519  272  11  152  9  15  86113  14301  0  5  1  2100  62041  3  13  14  185  132  882  13  70  2  430  21  45586  145096  
0  3  0  0  0  1  0  0  0  0  0  0  0  0  0  0  0  5  0  0  72  12  6  0  0  0  0  0  0  0  0  46  0  1  0  0  3  0  0  0  1  0  1  0  0  0  1  4  0  0  0  0  0  0  0  0  0  0  1  1  16  0  0  0  0  0  0  0  0  0  0  0  3  0  3  28687  0  0  0  20  0  0  1  1  0  1  0  0  1  0  16  57  893  0  63067  21  22024  10  1179  264  0  0  0  0  0  204  4  1214  47  617  0  494078  0  0  840  0  234142  0  0  0  36  89  16  476432  9  5  4  0  0  6  0  0  84172  367951  1443  1  13  6  0  8  3  0  0  0  0  977833  112319  112  
0  0  0  0  0  0  0  0  0  0  0  0  0  0  0  0  0  0  0  0  0  0  0  0  0  0  0  0  0  0  0  0  0  0  0  0  0  0  0  0  0  0  0  0  0  0  0  0  0  0  0  0  0  0  0  0  0  0  0  0  0  0  0  0  0  0  0  0  0  0  0  0  0  0  0  5569  0  3  0  0  0  0  1  2  0  13  30  2  0  0  115  14  4029  0  22  0  9555  2  62948  149  0  0  0  0  0  0  17  167220  444  297  414896  0  0  2  1351  0  131435  0  1  0  4  974  14  20116  1  10  0  0  0  23  113  0  142496  164911  5107  0  0  0  0  1  0  0  0  0  3  967151  1216896  194  
0  0  0  0  0  5  2  0  0  0  0  0  0  0  0  0  0  0  0  0  0  0  0  0  0  0  0  0  0  0  0  18  0  0  0  0  0  0  0  0  0  0  0  0  0  0  0  0  0  0  0  0  0  0  0  0  0  0  0  0  0  0  1  0  0  4  0  0  0  0  0  0  0  0  856  0  0  1  672  795  164  28  4  0  0  1304  131633  256406  149  400  5  693  1  0  0  0  32  1229  1  2  0  0  58  0  10  484  0  3  6  0  0  1  0  139182  9  0  1  0  117  1  87732  4  223362  0  0  193997  3761  398  3  7  0  0  0  0  0  95266  77  1104  0  534  118  704  46  15  1  0  28  0  
0  0  0  0  0  0  0  0  0  0  0  0  0  0  0  0  0  0  0  0  0  0  0  0  0  0  0  0  0  0  0  1  0  0  0  0  0  0  0  0  0  0  0  0  0  0  0  0  0  0  0  0  0  0  0  0  0  0  0  0  0  0  0  0  0  0  0  0  0  0  0  0  0  0  0  0  0  0  0  2  1  0  1  0  0  138776  34389  297638  23  0  5  3719  0  0  0  0  4  1927  0  3  0  0  59  0  0  0  0  48  17  0  0  0  93345  0  1  0  0  0  59  0  1858  0  93518  0  0  8970  7  0  0  0  0  0  0  0  0  1  0  0  0  0  50  662  0  0  0  0  2  0  
10  3  0  0  0  39  1  1  156  82  0  0  0  0  0  15  11  2355  2  0  8  67  2191  1  3  14  1  0  1  9  0  990  60  198  32  140  0  1  0  0  1453  0  275  39  20  0  51  7796  8  0  4  0  0  1  0  1  0  6  36  1  59  1  206  3  152  43  62  1  1  0  0  1  770  16  94  261  844  171849  39  1280  342  6835  23869  24437  14  15144  0  156  300  262  53083  64631  221  2  5328  808  82666  315  32305  354327  5786  1527  1103  52  110  1659  130452  35527  23141  314105  190  351  22  626  0  1  6193  12362  20517  966  7724  214933  322644  749  1664  14965  636  1115  50716  45599  103  159  186  3181  240989  76  656  485  1953  3537  109671  3208  3378  10  52782  27  104231  118252  
0  23  0  0  0  0  0  0  0  0  328  0  0  0  0  0  0  0  0  46  6  2170  4  0  0  0  0  0  0  1  0  1  0  0  0  0  0  0  0  0  0  144  0  18  0  0  0  0  0  0  1  0  0  0  0  0  0  0  0  0  1  0  0  0  0  0  0  0  0  0  0  0  0  0  0  164881  0  0  0  0  0  0  1  1  360993  0  0  0  0  0  0  1  308097  128225  98715  193586  20  0  1  0  0  0  0  0  0  0  0  0  0  0  0  0  0  0  2  0  0  388419  0  0  0  0  1  0  162574  0  0  0  0  3  252767  105455  0  3  11389  0  0  0  769  0  0  0  0  0  0  0  6  0  
0  0  0  0  0  4  0  0  13  8  0  0  0  0  0  4  0  23  0  0  0  1  26  0  0  0  0  0  0  0  0  459  2  3  0  1  0  0  0  0  10  0  8  0  2  0  1  59  0  0  0  0  0  0  0  0  0  0  0  0  1  0  5  0  2  8  0  0  0  0  0  0  24  1  22  3  0  4  0  197  2  5  183  428  0  47  0  0  1  0  16068  1341  1  0  80  0  404767  487  187  640  3  5  1  1  0  546  140  84002  229410  1580  249515  122540  0  0  16853  0  0  7  43  5  147  15449  1142  214939  2  433  15  2  0  398  0  1  1  12713  5128  2  59  44  4  218  127  1  4  3  238  32921  200339  1589  
0  0  0  0  0  2  0  0  6  4  99  0  0  0  0  0  0  26  0  2  6  547  96  1  0  0  11  0  0  1296  0  45  0  1  1  1  0  0  0  0  19  0  4  27  0  0  3  51  0  0  1  0  0  0  0  0  0  0  2  0  5  0  1  0  528  2  1  0  0  0  0  0  12  0  8  4560  6  13  30  43  3773  2683  36244  204723  673509  248  0  15  44  34  129  1187  14366  17188  2324  687068  86277  9  202  767  854  19  14  26226  2  66  2  0  118  10  2  0  16  2  12942  369409  28  0  913  40  230  366  22077  3  180897  13277  132  69  1  16020  71777  154868  3781  13588  226082  61  6  14  506610  1751  124  170  35  1  118352  0  22802  9  
0  0  0  0  0  4  2  0  6  3  0  0  0  0  0  2  0  50  0  0  3  1  19  0  0  0  0  0  0  0  0  1521  0  2  0  3  0  0  0  0  10  0  10  1  0  0  0  64  0  0  0  0  0  0  0  0  0  0  0  0  0  0  5  0  1  3  1  0  0  1  0  0  12  0  196  18  157356  272740  613  4335  719  38171  2876  827  1  47572  0  365  5322  17115  1389  27509  8  0  4  15  4760  211  5642  12223  95  1370062  771642  92  54  3357  7  6  785  8  2  0  171  721  85834  0  138  319  0  335120  7793  5887  179542  1  41  45027  4097  3895  29  60250  3  29  2  4  58  913  296  315  61  1614  773383  322659  184022  16  17062  0  17575  14  
0  0  59237  0  0  6  501  2333  9264  4  0  0  0  0  0  14124  0  17  0  0  1  0  11  0  0  0  40  0  0  2433  0  58  1  1  0  1  0  0  0  0  11  0  4  0  3  608  0  66  0  0  0  0  0  0  0  0  0  0  0  0  0  0  2  0  3  8  0  0  0  0  108  0  5  0  4  6  253801  18  20  85  708  301032  241662  1227  0  32  0  5  54  46167  152  1370  8  2  10  5  1034  24  321  246  282974  8246  8291  403632  1  67  1  2  755  2  0  1  0  0  4122  0  193  77  402953  0  173  879  1113  3  28  176  142  379  15  62928  0  61  8  7  270  4  15  15  8389  6407  264195  290  8890  0  321200  0  475  4  
0  0  0  0  0  5  2  0  0  0  0  0  0  0  0  0  0  30  0  0  11  5  6  1  0  0  0  0  0  0  0  894  0  1  2  0  1  0  0  0  2  0  3  0  0  0  10  18  0  0  0  0  0  0  0  0  0  0  0  1  6  0  7  0  0  6  0  0  0  0  0  0  7  0  10126  3  24  0  2904  20024  762  268  22  10  0  3651  132140  6847  1761  1720  2973  240235  0  0  72  6  40081  333208  39  25  0  4  24  0  32911  119774  0  10  515  0  7  0  81138  9434  478  0  82  3  118  171  0  393  68232  5  1  20854  20379  1686  0  396  0  0  0  3  99  151817  130184  189056  1  2304  275  249  300  3498  179  1  120  0  
8  3  0  0  0  22  1  0  19  16  0  0  0  0  0  12  5  1565  1  0  11  56  928  2  2  13  0  0  0  1  0  1169  57  169  20  112  0  4  0  0  946  0  179  14  25  0  18  6934  7  1  6  0  0  1  0  1  1  2  15  0  39  0  165  0  109  13  51  2  0  0  0  0  539  8  88  8  342  678  10  1403  17  435  483  548  0  1530  1  2  36  46  319517  115121  14  0  158  27  207978  350  155  133  8  103  58  29  88  1675  214808  40395  462836  1486  447  640  2  0  169276  0  91621  80  899  234  4230  0  18067  2104  40  2456  139  49  0  4780  1  14  5  2206  556  25  498  359  24  726  1592  139  187  10  5800  647  843524  32120  
0  0  0  0  0  15  4  0  5  2  0  0  0  0  0  1  0  70  0  0  0  1  48  0  0  1  0  0  0  0  0  1278  4  6  0  1  0  0  0  0  19  0  9  0  0  0  6  140  0  0  0  0  0  1  0  0  0  0  3  1  0  0  10  0  7  28  2  0  0  0  0  0  13  1  581  7  1263  137483  5939  7449  10022  9487  1066  4209  0  264601  7747  62891  42256  4676  96720  350696  19  0  10  44  39964  1716  2769  6607  23  2056  10958  60  54  5175  626  69  1429  35  1  0  127456  68324  120983  0  167  775  200435  7135  64587  9292  0  3  57  353731  87547  6414  589  36970  4  51  5  2  170  7268  495  980  68  4030  82921  280245  10603  20  13428  0  17373  518  
0  0  0  0  0  0  0  0  0  0  0  0  0  0  0  0  0  1  0  0  3  0  1  0  0  0  0  0  0  0  0  10  0  0  0  0  0  0  0  0  0  0  0  0  0  0  0  2  0  0  0  0  0  0  0  0  0  0  0  0  0  0  0  0  0  0  0  0  0  0  0  0  0  0  2  79  0  0  0  0  0  0  0  0  0  0  0  0  0  0  379  47  0  0  220936  2  187640  0  766  3141  0  0  0  0  0  38  17  9379  6499  6333  441090  10148  0  0  4080  0  278280  0  0  0  5  751  18  0  1  6  0  0  0  11  0  0  20  269305  326480  0  7  1  0  1  0  0  0  0  3  118594  173104  237  
0  15  0  0  0  0  0  0  0  0  0  0  0  0  0  0  0  1  0  0  37  23  6  0  0  0  0  0  0  0  0  1  0  0  0  0  3  0  0  0  0  0  0  0  0  0  1  0  0  0  0  0  0  0  0  0  0  0  1  0  15  0  0  0  0  0  0  0  0  0  0  0  2  0  1  233519  0  0  0  2  0  0  1  2  35  4  0  1  1  0  0  17  75583  7636  226368  384249  23  1  7  4  11  0  0  0  0  15  0  0  3  0  7  0  0  0  36  235716  2  89115  0  0  6  5  96  0  0  21  0  0  0  684  123542  25571  639  1008  331684  0  1  1  1862  0  2  4  0  0  26  0  1684  0  
0  1  0  0  0  37  21  0  0  0  0  0  0  0  0  0  0  37  0  0  2  1  7  0  0  1  0  0  0  0  0  1348  0  0  0  0  0  0  0  0  0  0  7  0  0  0  5  5  0  0  0  0  1  1  0  0  0  0  0  0  0  0  7  0  0  95  0  0  0  0  0  0  1  0  48532  17  22  7  28124  47295  62210  4407  933  72  0  68802  11  703712  1191449  27834  264  13233  21  0  11  4  1276  20960  85  280  4  58  40017  22  149  11003  0  0  36  2  0  1  167317  5608  720  0  12  370  4845  101  71650  177  288074  0  123  0  401098  33814  24  1415  6  70  9  2  22  348361  892  27875  98  13473  2807  459255  4765  189  372  0  2750  0  
0  0  0  0  0  72  39  0  0  0  0  0  0  0  0  0  1  8  0  0  0  0  3  0  0  0  0  0  0  0  0  511  0  0  0  0  0  0  0  0  0  0  0  0  1  0  0  0  0  0  0  0  0  0  0  0  0  0  0  0  0  0  1  0  0  233  0  0  0  0  0  0  1  0  41653  0  13  1  684612  48873  33007  4226  183  4  0  4  1  3606  2152391  49955  74  3428  0  0  3  1  384  5101  6  13  1  5  86  0  19  2216  0  0  15  0  0  0  169  4  60  0  3  2  151  87  9818  44  41095  0  0  764125  0  371591  0  156  0  0  0  0  0  56941  115  6696  2  25922  186  4850  5008  6  61  0  59  1  
0  0  0  0  0  1  2  0  0  0  0  0  0  0  0  1  0  12  0  0  0  0  2  0  0  0  0  0  0  0  0  278  0  1  0  0  0  0  0  0  1  0  0  0  0  0  0  2  0  0  0  1  0  1  0  0  0  0  0  0  0  0  2  0  0  6  0  0  0  0  0  0  0  0  634  0  168  0  6444  185919  386073  99235  5266  118  0  1  0  268  1224926  715794  77  2969  0  0  1  1  290  111  43  20  3  48  12953  7  7  689  0  0  64  0  0  0  10  2  396  0  13  20  16391  1075  2582  253  2247  0  0  33130  367883  0  0  435  0  0  0  0  3  327  31  140  44  4989  4378  293440  145781  2  351  0  87  0  
0  0  0  0  0  0  0  0  0  0  0  0  0  0  0  0  0  0  0  0  0  0  0  0  0  0  0  0  0  0  0  4  0  0  0  0  0  0  0  0  1  0  0  0  0  0  0  0  0  0  0  0  0  0  0  0  0  0  0  0  0  0  0  0  0  0  0  0  0  0  0  0  1  0  0  0  88  1  2  9  19  526  10226  9  0  35  0  1  3  18  6  72  0  0  0  0  18  2  382219  332491  1217  16  64  2  1  4  0  0  13  73749  0  0  0  1  58338  0  5  3  393  332  18  31  311  0  0  44  10  19  0  180015  0  0  0  0  1  1  1  1  158  232  54312  106  162  0  1719  0  39468  0  
0  1  0  0  0  2  0  0  2  0  0  0  0  0  0  0  0  19  0  0  1  1  22  0  0  0  1  0  0  3  0  344  0  0  1  2  0  0  0  0  15  0  7  2  1  0  1  38  0  0  0  0  0  0  0  0  0  0  0  0  2  0  7  0  1  4  2  0  0  0  0  0  10  0  48  1782  1383  31  76  425  483  4333  193024  372  50  238  1  33  272  278  756  6728  24458  123445  179  14  8946  88  615899  163376  971373  2650  1014  400135  5  614  12  8  2958  1584  21  55  36  5  23071  0  877  1263  6017  76049  1837  6005  14528  98  32348  10989  353  290  159851  0  2968  192707  798  2582  1372  193  72  85  243133  25430  273168  707  1167  5  551506  2  232039  127  
0  0  0  0  0  0  0  0  0  0  0  0  0  0  0  0  0  0  0  0  0  0  0  0  0  0  0  0  0  0  0  3  0  0  0  0  0  0  0  0  0  0  1  0  0  0  0  0  0  0  0  0  0  0  0  0  0  0  0  0  0  0  0  0  0  0  0  0  0  0  0  0  0  0  0  67555  0  3  1  7  0  18  14  6  21  6  0  1  2  1  4  89  753505  7471  4755  4162  65  4  85  37  571  1  1  0  0  4  0  0  14  2  1  80  0  0  1025  304677  8  142782  11  12  15  59  665  2  134125  736  7  2  0  4758  0  124045  33471  7587  55205  3  2  3  15001  0  16  12  2  0  834  0  59655  0  
0  0  0  0  0  0  0  0  0  0  1  0  0  0  0  0  0  0  0  0  0  0  1  0  0  0  2  0  0  4  0  32  0  0  0  0  0  0  0  0  0  0  0  0  0  0  0  1  0  0  0  0  0  0  0  0  0  0  0  0  0  0  0  0  1  0  0  0  0  0  0  0  0  0  4  7435  2  2  19  42  5  5  60  10  261499  15  0  12  34  6  27  377  683478  573569  1600  3265  496  6  80802  14  829  0  3  118  1  53  2  2  225  2  0  1  10  0  201  92155  22  294017  21  9  160  420  1644  4  28635  2335  37  9  2  188567  145462  0  215  1565  30236  32  2  10  302475  21  36  112  6  0  1996  0  77844  5  
0  0  0  0  0  0  0  0  0  0  0  0  0  0  0  0  0  0  0  0  0  0  0  0  0  0  0  0  0  0  0  0  0  0  0  0  0  0  0  0  0  0  0  0  0  0  0  1  0  0  0  0  0  0  0  0  0  0  0  0  0  0  0  0  0  0  0  0  0  0  0  0  0  0  0  277234  0  0  3  1  1  6  2  1  0  3  0  0  0  0  3  10  138187  1  14299  158  28  0  3170  0  128  0  0  1  0  2  0  0  1  0  87078  140259  0  0  517  2  2  1198  1  1  2  15  129  0  4641  142  1  2  0  519  20468  83  0  36548  10881  0  0  0  12  0  0  3  2  0  306  5971  162156  1  
0  0  0  0  0  0  0  0  0  0  0  0  0  0  0  0  0  3  0  0  6  3  5  0  0  0  0  0  0  0  0  36  0  1  0  0  0  0  0  0  2  0  1  0  0  0  1  9  0  0  1  0  0  0  0  0  0  0  0  0  3  0  1  0  0  0  0  0  0  0  0  0  5  0  1  263052  0  1  2  7  0  7  4  7  0  12  0  0  2  0  494  64  2651  30  585846  164  31973  7  2091  801  54  0  0  0  0  25  31  3278  1155  5911  357041  7990  1  0  18673  63  38727  1607  5  1  6  11469  244  203193  6737  158  2  1  1  1284  1438  6454  28000  0  370968  1  2  2  105  11  7  9  1  2  118  15694  322696  1329  
2  71  0  0  0  13  0  0  0  24  0  0  0  0  0  4  0  133  0  0  178  185  394  0  0  1  0  0  0  0  0  563  3  5  2  4  14  1  0  0  53  0  25  28  1  0  15  271  0  0  4  0  0  0  0  0  0  0  6  6  95  0  21  1  2  2  1  0  0  0  0  4  105  0  43  95415  3  4  3  155  23  104  236  1963  2507  214  0  1  7  2  890  1189  33670  6370  534944  928281  868471  133  1898  2798  1104  4  3  34  2  1140  41  13969  1899  22406  11059  529  3  1  240494  3786  31510  264147  160  14  335  9298  6047  242698  251539  1241  18  9  1  5773  40786  22733  14182  325741  0  17  151  83  36265  74  77  34  28  8  1905  142  103477  450  
1  0  0  0  0  6  0  0  0  0  0  0  0  0  0  0  0  1  0  0  1  0  2  0  0  0  0  0  0  0  0  66  0  0  0  0  1  0  0  0  0  0  1  0  0  0  2  1  0  0  0  0  0  0  0  0  0  0  0  0  0  0  2  0  0  8  0  0  0  0  0  0  0  0  117745  0  1  0  4768  38234  303  121  2  2  0  4  108831  83175  172404  521  38  937  1  0  5  1  262  241167  4  3  0  4  45  2  482  11941  0  1  6  0  0  0  36994  2  54  0  3  26  227  3  88584  28  3788  0  10  371264  28667  561  0  108  0  7  1  1  9  0  2406  202032  0  761  178  1170  91  303  21  0  87  0  
0  4  0  0  0  0  1  0  0  0  0  0  0  0  0  0  1  15  0  0  20  10  16  70  0  0  0  0  0  0  3704  6489  1  0  2  1  3  0  0  0  7  0  4  0  0  0  3  18  0  0  0  0  0  0  0  0  0  0  0  0  15  0  3  0  0  0  0  0  0  7  0  1  8  0  5626  6  3  0  57  161875  7  9  6  3  0  866  103  24  22  8  3129  17802  0  0  114  24  72379  719566  3  3  0  2  4  0  442953  260650  1  18  948  1  13  0  14  3  302  0  78  0  5  10  80273  104  452  3  3  163  145  6  0  47  0  0  0  9  172  918  0  113890  0  103  21  10  5  114255  14  0  112  3  
3  0  0  0  0  5  0  0  1  0  0  0  0  0  0  0  0  13  0  0  3  2  5  1  0  0  0  0  0  0  0  199  0  0  0  0  0  0  0  0  0  0  4  0  0  0  9  7  0  0  0  0  0  0  0  0  0  0  2  1  0  0  4  1  0  0  0  0  0  1  0  0  3  0  46259  0  0  0  5091  279138  25  6  2  3  0  3  9904  69  11686  1475  139  3484  0  0  15  2  3392  1224138  0  1  0  1  2  0  8519  69764  0  1  12  0  1  0  1133  0  136  0  9  0  3  3  135423  59  1018  1  0  6706  856  51  0  10  0  0  0  0  20  329177  184105  0  0  219  12  11  8  7892  4  0  23  2  
0  0  0  0  0  0  0  0  0  1  20  0  0  0  0  0  0  4  0  0  0  0  17  0  0  0  41  0  0  337  0  55  0  0  0  0  0  0  0  0  1  0  0  1  0  0  0  4  0  0  0  0  0  0  0  0  0  0  0  0  0  0  0  0  19  1  0  0  0  0  0  0  3  0  12  598  10  6  47  97  3932  2495  35439  8580  328898  67  0  23  120  51  50  743  22421  561301  213  6771  1107  11  1032  278  41290  12  21  554815  3  104  1  0  88  25  1  0  29  1  1805  6343  21  560950  93  110  327  228  4432  2  9624  6846  163  64  161  197456  11812  272563  119  231  26168  85  16  21  0  1876  169  189  32  2  144445  0  10360  2  
20  1  0  2  14  272086  55955  18437  123704  10112  0  0  0  2  911  21590  49  23925  4  0  2  6  5398  11  41  248  7  5  54  385  0  31858  0  280  864  1352  0  2  0  0  1204  3  6786  173  35346  220  122  836  422  0  27  2071  879  10579  0  74  1  13  137  0  19  0  4582  3  900  412067  5742  2121  161  388  22  0  2555  1  7863  0  226  11  15916  520627  424361  171111  542184  232749  101  20  0  92  3724  4341  390  4016  0  0  2  46  8020  951  80  285  286  1142  685  367  15  84052  9  7  1084  1  1  2  41  0  3555  0  230  1183  2019  3100  2023  724  1420  3  2  12815  36505  10773  10  12435  1  0  0  1  15  1039  86  1966  2073  0  18836  1455  2697  29  3594  0  288  11  
0  0  0  0  0  8  1  0  2  2  0  0  0  0  0  2  0  56  0  0  2  1  32  0  0  1  0  0  0  0  0  876  3  1  3  2  0  0  0  0  25  0  22  0  3  0  3  73  0  0  0  0  0  0  0  0  0  0  1  0  1  0  22  0  0  1  8  0  0  0  0  0  15  2  88  1  4028  384  286  2047  866  19584  93897  743  0  14976  0  311  1215  678  1990  28583  0  0  4  2  8003  293  2822  586694  388379  645141  7616  282  26  1929  5  8  5566  1210  3  4  78  684  67906  0  1396  59  245111  290662  7177  12101  67640  10  11  11066  1728  2289  65501  382606  0  3  1  10  56  191  232  212  245  18818  0  34391  16361  6  16593  1  16748  24  
0  0  0  0  0  9  12  0  1  2  0  0  0  0  0  3  0  59  0  0  1  0  13  0  0  1  0  0  0  0  0  2710  0  2  1  3  0  0  0  0  2  0  11  0  2  0  3  19  1  0  0  0  0  1  0  0  0  0  1  0  0  0  13  0  0  9  0  0  0  0  0  0  6  0  422  2  194  67315  2569  10049  4049  42356  1600  239  0  291974  0  8963  248595  8378  639  28051  4  0  10  2  2107  378  241  1118  2  305  965886  0  24  6557  7  0  552  4  1  2  1398  709  2387  0  55  29  243787  490  19528  1742  299454  2  11  561862  31415  244803  113  2263  0  12  0  0  12  1790  220  553  6  4549  11282  0  103399  25  816  0  3601  1  
0  0  0  0  0  1  1  0  0  0  0  0  0  0  0  0  0  3  0  0  0  0  3  0  0  0  0  0  0  0  0  121  0  0  0  0  0  0  0  0  1  0  0  0  0  0  0  3  0  0  0  0  0  0  0  0  0  0  1  0  1  0  2  0  0  3  0  0  0  0  0  0  1  0  20  0  4939  0  26  454  460  164675  2069  51  0  2  0  1  160744  12855  110  3470  0  0  0  0  376  17  220  76  5  148  597530  1  4  314  0  0  77  0  0  0  1  0  953  0  16  5  205923  35401  1126  800  4019  1  0  315  376  136585  1  1725  0  0  0  0  2  14  36  26  3  288  11146  137573  0  1  633  0  362  1  
0  0  0  0  27  1375  0  0  0  0  0  0  0  0  0  432  0  2  0  0  0  1  1  0  0  0  0  0  0  0  61315  2809  0  0  0  0  0  0  0  0  0  0  0  0  0  0  0  0  0  0  0  0  0  0  0  0  0  0  0  0  1  0  1  0  0  0  0  0  0  53147  0  0  0  0  206234  0  0  0  171972  506446  7  0  0  0  0  0  3  9  8  164823  7  1100  0  0  3  1  161  104825  0  0  0  0  0  0  279961  58036  0  0  0  0  1  0  30  0  8  0  0  1  0  3  4083  7  33  1  0  242  116  18  0  5  0  0  0  0  3  1284  156469  17076  0  20  6  0  0  0  5  0  3  0  
0  0  908  0  0  3  1  7  58193  309  3  0  0  0  0  700  0  8  0  0  0  34  13  0  0  0  541  0  0  16959  0  92  1  1  1  1  0  0  0  0  2  0  1  8  0  522  0  5  0  0  0  0  0  0  0  0  0  0  0  0  1  0  0  0  20  2  0  0  0  0  11717  0  2  0  12  8  347  8  17  164  3000  7128  490882  4306  275  37  0  5  93  76  302  3717  29  97  10  37  2056  20  4634  5997  353146  253  487  539581  6  214  1  0  408  27  0  0  4  0  11526  0  91  34552  2887  372682  829  1182  5387  0  75  1233  135  146  1852  378039  7  876  5  10  202  26  26  28  65333  3172  19136  203  269  1  0  0  1877  1  
0  0  0  0  0  0  0  0  0  0  0  0  0  0  0  0  0  0  0  0  0  0  0  0  0  0  0  0  0  0  0  0  0  0  0  0  0  0  0  0  0  0  0  0  0  0  0  0  0  0  0  0  0  0  0  0  0  0  0  0  0  0  0  0  0  0  0  0  0  0  0  0  0  0  0  409  0  0  0  0  0  0  0  0  0  0  0  0  0  0  187  19  1  0  37  0  3464  0  1009  303  0  0  0  0  0  1  7  1280  1204  686  812672  827953  0  0  536  0  36433  0  0  0  0  608  2  227403  0  2  0  0  0  3  0  1  13976  49150  2069  0  0  0  0  0  0  0  0  0  0  0  380239  20  
8  25  0  0  0  15  0  0  1  5  0  0  0  0  0  8  2  721  0  0  62  111  1291  2  0  3  0  0  0  2  0  1378  26  43  12  23  3  2  0  0  381  0  102  21  4  0  32  1920  2  1  0  0  1  1  0  2  0  3  11  3  76  0  59  2  32  4  15  0  0  0  0  0  274  4  45  46626  9  15  51  192  17  162  297  191  3  333  1  25  103  32  7801  7947  297957  7  58657  1012  189239  58  1043242  15063  638  41  33  11  6  717  15149  955210  356269  66864  85374  1124978  29  5  101789  4  397350  5748  164  41  410  727200  7976  140559  52097  7129  87  32  20484  265207  40703  43438  133880  847900  272105  70  71  64  401  155  1595  345  46  3  1735  332304  0  84570  
4  1  0  0  0  19  0  2  3  0  0  0  0  0  0  6  1  1038  0  0  7  72  1091  4  1  9  0  0  0  0  0  369  32  84  7  47  0  4  0  0  556  0  90  6  5  2  30  2837  3  0  0  0  0  0  0  1  0  4  26  0  59  0  89  5  34  2  14  0  0  0  0  1  353  3  0  0  0  16423  0  24  0  1  46  604  1  1256  0  0  1  0  725  470  0  0  52  21  8311  5  45  1689  0  11  1  0  0  70  412374  202808  12084  228619  23  44  0  0  96026  0  820  13  91  5  17  74915  3053  119  0  239  1  0  0  466  0  0  0  335  243  2  3  4  1  57  116  7  1  1  82  2  85972  0  
