0  0  0  32  312083  66035  464  1  0  1  0  13743  100  19713  120851  5070  8  2244  0  0  15  2  274  407920  0  0  0  3  0  0  8413  14425  0  0  0  0  0  2  604  12160  1  0  1  2  151  0  4548  42  9024  0  0  108358  149468  927  0  0  0  0  2  0  597  261342  1750  17111  8  1370  9  75  33  51600  2  0  52  0  8  0  0  0  21  204  4  5  0  1  0  2  0  0  0  3  0  16  0  0  1  0  4  0  0  0  8  0  2  1  0  62  0  0  0  0  0  0  0  5  4  0  0  0  8  0  2  7  22  0  0  127  5  2  1  5  0  0  0  0  0  0  0  0  0  445  5  7  1  1  0  0  0  0  
0  0  0  0  0  0  0  0  0  5  1  0  0  0  0  0  1  1  220800  5205  440185  87350  3  1  0  0  0  0  0  0  0  42  0  1  0  0  35732  0  0  0  0  525131  0  14322  0  0  0  3  0  40  719152  0  0  0  0  0  121596  3485  305694  65319  35642  0  1  0  1  0  0  0  0  0  0  374  18  0  0  0  0  0  0  0  0  0  0  0  0  0  0  0  0  0  0  1  0  0  0  17  2  0  1  0  0  0  0  0  0  3  0  0  0  0  0  0  0  0  0  3  0  1  1  0  0  0  1  0  0  0  0  0  0  0  0  0  0  0  1  0  0  0  0  0  0  0  0  0  0  0  0  0  
0  0  0  0  0  5  5  10239  72  0  0  0  0  0  0  392302  0  0  0  0  0  0  0  0  0  0  126025  141951  280405  89202  0  0  0  0  0  0  0  0  0  0  0  0  0  0  462031  217363  0  0  0  0  0  0  0  13  0  80  0  0  0  0  0  0  0  0  3  43  98082  1  6987  0  1930  0  1  0  0  0  1195  0  0  0  0  109  97  0  0  0  0  0  0  44  0  0  0  0  0  0  0  0  0  0  1  0  0  738  0  0  0  0  0  0  0  0  0  0  0  0  0  0  0  1356  0  0  0  0  0  0  0  0  0  0  0  0  0  0  0  0  0  0  0  0  0  0  0  0  335  0  0  0  
19  0  0  0  0  21  3  0  0  0  0  470671  1  1  7  6  17393  2506  3  0  0  0  1  2  7  249789  0  262207  224945  0  0  10  1633  3643  14993  1671  0  0  1  36  7153  0  1  8  396773  0  7  1894  721376  0  0  8957  21  95  0  20  0  9  0  0  0  0  0  1  66  12  27908  140180  26  0  1  0  184  4138  0  0  0  0  1  0  0  0  0  0  0  0  0  0  0  0  0  1  0  0  0  0  0  0  0  0  1  0  0  0  0  0  0  0  0  0  0  0  0  0  1  0  0  0  2  0  0  0  0  0  0  0  0  0  0  1  0  0  0  0  0  0  0  0  0  1  0  0  0  0  0  0  0  0  
267158  0  0  3  0  59147  37  0  1  0  0  788  13  1307  173091  338293  1  211  0  0  3  0  36  2747  0  0  0  0  0  0  5606  1244  0  0  0  0  0  0  13  1417  0  0  1  0  4  0  96  4  975  0  0  896  120872  973  0  2  0  0  0  0  86  7  16  1038  3  251  2  14  7  57954  1  0  2  0  7  0  0  0  10  149  0  0  0  0  0  2  0  0  0  7  0  2  0  0  0  0  0  0  0  0  3  0  0  0  0  12  0  0  0  0  0  0  0  4  0  0  0  0  1  0  0  0  12  0  0  102  0  2  0  2  0  0  0  0  0  0  0  0  0  218  2  4  2  0  0  0  0  0  
48706  1  0  28  164709  0  313686  196  431  11  0  12574  284  4151  113920  621245  23  7422  0  0  46  1  686  61116  7  4  4  3  0  29  5162  189111  0  0  1  0  0  11  451  928  16  0  21  10  282  407  2815  208  11868  0  0  40497  78694  274023  0  1571  0  11  14  0  1621  161  20278  7528  144  453926  253  1300  319  318203  1137  0  387  0  1022  1  1  0  3153  18087  8549  338  21  3  0  19  0  30  10  15999  1  599  0  0  1  1  20  2  12  1  728  2  103  14  357  2685  0  0  0  0  0  1  5  135  118  0  0  0  657  25  22  155  381  0  0  886  302  266  15  386  0  3  1  0  21  4  10  0  14  74505  662  447  274  10758  21  0  17  0  
1022  0  1  1  27  317188  0  195482  3881  8  0  876  0  311  56  996095  4  256  0  0  0  0  3  16  6  6  12  5  3  624  0  189  0  1  0  0  0  1  0  4  10  0  12  6  737  214  28  7  486  0  0  12945  3716  111557  0  5169  0  11  0  0  4  4  0  16  946  564164  535  2425  984  1  3175  0  136  0  69  0  0  0  607  2034  15477  5206  29  5  0  10  0  17  4  613  0  371  0  0  0  0  11  2  15  5  425  0  54  9  1  71  0  0  0  1  0  0  1  76  166  0  0  0  360  21  17  141  342  0  0  718  289  375  10  270  0  0  0  0  1  1  3  1  28  23384  463  431  148  1  29  0  3  0  
5  0  8891  0  3  4057  212157  0  183612  1  0  4  0  0  8  753591  0  23  0  0  0  0  0  0  1  3  2  0  9175  199  0  3  0  0  0  0  0  0  0  0  3  0  1  0  124286  268163  2  3  74  0  0  1416  9  11742  0  262  0  9  0  0  0  0  0  0  156  220895  140  632  144459  0  918  0  16  0  7  0  69  0  24  74  104  23104  1267  1  0  0  0  1  0  1932  0  4  0  0  0  0  0  0  1  0  47  0  2  20  0  0  0  0  0  0  0  0  0  3  1  0  0  0  34  470  0  1  6  0  0  29  18  15  2  34  0  0  0  0  0  0  0  0  0  13916  143  15  19  0  367  0  0  0  
1  0  18  0  1  261  3685  157243  0  30339  0  0  0  0  16  2805  5  120  0  0  0  2  1  0  9  73  315  1  12  116056  0  1  0  0  2  6  0  0  0  0  878  0  1  117  1056  162379  3  99  48  0  0  70  0  621  19  11322  0  16  0  0  1  0  0  0  1741  367771  2099  57  5368  0  386529  0  2454  0  0  0  25  0  1  1  1  1712  99017  701  0  0  0  0  0  90  0  0  0  0  0  0  7  0  0  0  34  0  0  1311  0  0  0  0  0  0  0  0  0  0  1  0  0  0  5  663  0  0  0  0  0  2  0  0  0  9  0  0  0  0  0  0  0  0  5  4551  56  0  7  0  28750  0  0  0  
3  3  0  0  0  136  1  0  29911  0  43  2  0  2  1  3  1095  23237  29  1  107  34082  30814  3  15  117  0  0  0  155489  0  1429  29  226  134  330  0  956  1  1  2269  1  1141  240596  385  3  112  20003  2317  1  3  24  2  14  2  125  0  381  958  3  10075  0  1  3  6062  538210  2780  38  9  0  7  3  21721  124  1  2  0  6  11  43  1  5  15599  36645  61  3  0  5  2  3  6  792  1  0  8  87  2429  0  191  177  16  0  25  1734  2  2193  0  0  0  82  0  0  0  32  7247  2  0  600  2608  6  7  246  400  0  1  26  7  37  141  109  0  8  0  0  352  0  8  0  50  28722  228  99  51  1  7233  0  204  0  
0  1  0  0  0  0  0  0  0  1263  0  0  0  0  0  0  0  0  353  735467  3  114031  41  0  2  0  14297  0  0  188500  0  0  0  0  0  0  0  0  0  0  0  162338  0  937696  0  0  0  0  0  0  2  0  0  0  0  0  22  13678  4  1  71  0  0  0  534752  5  0  0  0  0  1  0  7  0  0  0  0  0  0  0  0  0  2  29  34746  0  0  0  0  0  0  0  0  133  0  46  1  0  0  0  22  0  0  234870  0  0  0  0  0  0  0  0  0  0  0  4839  0  364  0  0  0  0  0  0  0  0  0  0  0  0  0  0  0  0  2  0  0  0  71659  1  0  0  0  0  22  0  0  0  
11098  1  0  522786  500  6001  373  0  0  0  0  0  2156  163443  900  18  11859  46915  0  0  0  0  15  859  0  166  0  5  4272  0  0  731  1047  1731  472  1324  0  0  2244  375185  280  0  0  0  142  0  1031  297  465346  0  0  329107  10393  718  0  2  0  0  0  0  18  110  8  396  1  3273  6  310760  12  9  0  0  8  2862  5  0  0  0  9  52  1  1  0  1  0  2  0  0  0  2  0  63  0  0  0  0  1  0  0  1  9  0  1  0  0  72  0  0  0  0  0  0  0  3  15  0  0  0  4  1  2  21  44  0  0  21  1  2  0  2  0  0  0  0  0  0  2  0  0  78  8  6  4  0  0  0  1  0  
156  0  0  1  3  71  1  0  0  0  0  5466  0  78261  3  1  29  876  0  0  0  0  22  334583  0  0  0  0  0  0  0  200  0  47  43  0  0  0  181437  156  0  0  2  0  0  0  67805  4  23  0  0  158  3  1  0  0  0  0  0  0  0  20377  1  3934  0  1  0  0  0  0  0  0  0  0  0  0  0  0  0  0  0  0  0  0  0  0  0  0  0  0  0  0  0  0  0  0  0  0  0  0  0  0  0  0  0  0  0  0  0  0  0  0  0  0  0  0  0  0  0  0  0  0  0  0  0  0  0  0  0  0  0  0  0  0  0  0  0  0  0  0  0  0  0  0  0  0  0  0  
12179  0  0  2  914  3730  70  0  0  1  0  184831  84200  0  3799  11  2  13089  0  0  0  0  9  59928  0  0  0  0  0  0  0  1049  0  1  2  0  0  0  411156  297728  0  0  0  0  2  0  4505  6  96914  0  0  446765  3853  22  0  0  0  0  0  0  20  248920  46  37856  1  646  0  191  0  13  0  0  0  0  1  0  0  0  24  65  0  0  0  0  0  0  0  0  0  2  0  29  0  0  0  0  0  0  0  0  0  0  0  0  0  13  0  0  0  0  0  0  0  2  8  0  0  0  1  1  0  13  20  0  0  11  5  0  0  0  0  0  0  0  0  0  1  1  0  78  1  7  0  0  0  0  0  0  
127665  0  0  8  175550  111014  141  6  3  0  0  579  0  4241  0  152791  0  212  0  0  0  0  4  39385  1  0  0  0  71797  1  0  132  0  1  1  0  0  2  17  90  3  0  6  1  26  8  34  4  773  0  0  1161150  925316  888523  0  35  0  5  1  0  6  163181  1  461  18  451  29  193156  42267  0  36  0  67  0  4  0  0  0  24  129  7  3  0  0  0  1  0  2  0  1  0  12  0  0  0  0  0  0  2  0  79  0  5  1  0  10  0  0  0  0  0  0  0  3  4  0  0  0  48  1  0  6  11  0  0  93  8  8  0  47  0  0  0  0  0  0  2  1  1  245  21  8  12  0  0  0  1  0  
2594  0  417078  2  409575  620906  673743  553191  1887  8  0  12  0  7  165533  0  2  586  0  0  0  0  21  796  12  9  12  11  50986  663  41635  3357  0  3  0  0  0  3  1  2  29  0  24  8  14541  23935  50  39  985  0  0  8127  3521  1050482  0  1925  0  34  3  0  7  0  1  10  682  41691  1420  3987  253953  98468  1407  0  357  0  412  0  958  0  7385  4087  2216  7665  187  3  0  12  0  25  4  17183  0  91  0  0  1  0  3  0  12  6  661  0  67  81  54  641  0  0  0  3  0  0  1  70  51  0  0  1  536  1659  12  29  150  0  0  837  280  395  12  295  0  0  0  0  2  1  2  0  2  1489  912  457  227  327  231  0  3  0  
10  0  0  24205  0  8  2  0  9  2066  0  11742  1  0  0  36  0  266312  62  0  22  13  67585  1433  136  1981  1  40  2  137  4  171943  23367  2361  106636  5008  0  26  0  0  29554  0  4857  647  2759  15  290  329516  187197  0  0  38  0  32  1  275  0  571  25  0  478  0  1309  94  1924  1020  26286  61  131  8  34  0  11575  7433  0  0  0  0  1  1  0  0  5  194  0  0  0  0  0  1  0  2  0  0  0  4  37  0  16  0  21  0  1  0  0  230  0  0  0  1  0  0  0  0  31  0  0  5  19  0  0  1  5  0  0  0  0  1  1  5  0  0  0  0  30  0  0  0  0  230  9  3  2  0  0  0  12  0  
1272  4  0  1299  27  236  5  0  2  1165  0  55153  289  4036  14  4  245179  0  38  0  182  10  3837  52728  2  868  0  0  0  140  17  230994  797  328  437  187  0  29  5870  1321  2020  0  109  385  99  0  333675  40202  419463  0  0  122  105  22  0  6  0  118  21  0  918  14  17269  2260  84  465  1132  50  7  172  0  0  4116  937  0  0  0  0  0  3  0  0  5  100  0  0  0  0  0  2  0  30  2  0  4  1  28  0  11  7  6  0  5  0  0  766  0  0  0  2  0  0  0  0  71  0  0  0  28  0  1  8  15  0  0  0  0  2  2  7  0  0  0  0  29  0  1  0  0  126  14  1  1  0  0  0  11  0  
0  266615  0  0  0  0  1  0  1  4  170  0  0  0  0  0  4  25  0  64237  323  6260  4  0  119395  5  0  0  0  0  0  0  0  2  1  17  3382  32568  0  0  11  202643  2  44707  163  0  0  175  17  0  62514  0  0  1  0  1262  708928  800139  426851  170  41068  0  0  0  1131  10  11  297  32  0  2  2253  439077  1  0  0  0  0  0  0  0  0  1  0  0  0  0  0  0  0  0  0  0  0  0  0  0  0  0  0  1  0  0  0  0  0  0  0  0  0  0  0  0  0  0  0  0  0  0  0  0  0  0  0  0  0  0  0  0  0  0  0  0  0  0  0  0  0  0  0  1  0  0  0  0  0  0  0  
0  131  0  0  0  0  0  0  0  0  617294  0  0  0  0  0  1  0  34593  0  50  10508  0  0  45435  0  83812  0  0  5569  0  0  0  0  0  0  0  0  0  0  0  482386  0  179652  0  0  0  3  0  0  378  0  0  0  0  107411  1424  459082  309  27  18598  0  0  0  371811  0  0  0  0  0  0  0  81  0  0  0  0  0  0  0  0  0  1  9  543  0  0  0  0  0  0  0  0  0  0  8  0  0  0  0  0  0  0  103  0  1  0  0  0  0  0  0  0  0  0  2849  0  13  0  0  0  0  0  0  0  0  0  0  0  0  0  0  0  0  0  0  0  0  42  0  0  0  0  0  0  0  0  0  
3  397036  0  0  2  1  0  0  0  270  0  0  0  0  0  0  72  299  888  79  0  17850  48854  42  1  0  0  0  0  2  9  6161  1  6  6  2  32128  715  0  0  12  408  138  1464  1  0  41  567  58  163794  113609  0  1  0  0  0  2323  350  94155  783304  556153  0  58  2  10  38  4  2  0  0  0  1998  1981  0  0  0  0  0  0  0  0  0  2  150  0  0  0  0  0  0  0  3  0  0  15  239  239  0  8  1  0  0  0  0  1  974  0  0  0  4  0  0  0  0  42  13  0  16  18  0  0  5  3  0  1  0  0  0  2  1  0  1  0  0  321  0  1  0  0  60  0  1  1  0  0  0  31  0  
0  97304  0  0  1  0  0  0  1  22680  70455  0  0  0  0  0  37  91  7275  27677  16140  0  37944  5  2  0  0  0  0  595  4  1645  0  6  3  8  0  321  0  0  11  504725  50  1049698  1  0  7  374  12  0  704416  0  0  0  0  2  27978  49359  15584  381  953214  0  7  1  4342  70  1  1  1  0  0  4  11396  1  0  11  0  0  0  0  0  0  23  330  134084  0  0  0  0  0  2  2  1  0  41  4150  348  0  8  0  0  0  2  323  0  248  0  0  0  2  0  0  0  0  28  6527  0  2914  15  0  0  0  4  0  7  0  0  0  0  0  1  1  0  0  700  0  2  0  25471  32  2  0  1  0  58  0  34  0  
4  58  0  4  0  0  0  0  0  21803  1  1  0  1  1  0  121659  13639  53  0  67947  32959  0  1584  2  0  0  0  0  18  15  84410  0  21804  216092  2  32288  12790  0  0  8  1  535824  13091  4  0  114  163842  108  87659  14  2  0  1  0  0  0  585  7165  522  919824  0  543  97  24  238  5  1  0  0  0  270  127868  1  0  0  0  0  0  0  0  0  5  299  1  0  0  0  0  0  1  13  2  0  30  32  390  0  14  2  1  0  0  0  2  1773  0  0  0  5  0  1  0  0  68  0  0  23  31  0  0  5  10  0  0  0  0  3  3  0  0  2  1  0  531  0  8  0  0  115  5  2  2  0  3  1  61  0  
354992  0  0  2  2502  31989  28  0  0  3  0  1455  242316  67956  51063  1724  2404  54402  0  0  53  2  760  0  0  0  0  0  0  0  149167  115676  0  63  266  0  0  3  26022  220  0  0  12  3  14  0  337655  16592  1638  0  0  4660  871  43  0  1  0  0  2  0  250  363711  552612  1106181  0  95  4  13  8  96018  1  0  26  0  0  0  0  0  2  5  0  0  0  2  0  0  0  0  0  1  0  1  1  0  0  0  5  0  0  0  3  0  0  0  0  23  0  0  0  0  0  0  0  0  0  0  0  0  0  0  0  0  1  0  0  1  0  0  0  0  0  0  0  0  6  0  0  0  0  27  0  0  0  1  0  0  0  0  
1  6  0  0  0  0  2  0  836  95  0  0  0  0  0  3  8  234  165361  72465  0  4  11  0  0  196876  60149  7  0  10676  0  1  0  3  0  30  0  17  0  0  637  39  4  4463  387  1  5  196  161  0  4  4  0  1  86528  1068955  69  184928  48  0  11  0  0  0  13981  614  481  625  73  0  1261  0  1040462  2  0  0  0  0  0  0  0  0  12  5  0  0  0  0  0  0  0  1  0  0  0  0  0  0  0  0  2  0  0  0  0  0  0  0  0  0  0  0  0  0  0  0  0  0  0  0  0  0  0  0  0  0  0  0  0  4  0  0  0  0  0  0  0  0  0  22  2  0  0  0  0  0  0  0  
0  0  0  228846  0  6  3  0  12  6  0  7  0  0  0  3  4567  510  24  0  0  0  6  0  153768  0  76068  61496  1  206  0  1  1767  51983  1  497910  0  5  0  0  443512  0  6  154  767  1  15  3885  163905  0  0  119  3  28  318146  68373  2  559  0  0  2  0  0  0  2678  64  902431  8317  1031  0  22  0  101137  7789  0  0  0  0  0  0  0  0  1  4  0  0  0  0  0  0  0  0  0  0  0  0  0  0  0  0  8  0  4  1  0  2  0  0  0  0  0  0  0  0  3  0  0  0  7  0  0  1  0  0  0  3  0  0  0  3  0  0  0  0  0  0  0  0  0  16  7  0  2  0  0  0  0  0  
0  0  134416  0  0  11  11  0  222  12  19159  0  0  0  0  11  1  64  0  80116  0  0  0  0  92723  106851  0  1142  0  1483726  0  0  0  0  0  1  0  0  0  0  29  0  0  1  269  124684  0  11  16  0  0  0  0  15  3  1137474  0  0  0  0  0  0  0  0  111340  3946  562973  1  12  0  257945  0  24  0  0  0  1  0  0  0  0  0  120  65  1  0  0  0  0  0  0  0  0  39  0  0  0  0  0  0  37  0  0  1325  0  0  0  0  0  0  0  0  0  0  1  0  0  0  2  0  0  0  0  0  0  0  0  0  0  5  0  0  0  0  0  0  0  0  12  275  0  0  1  0  0  0  0  0  
13  0  147712  281534  2  8  7  0  6  1  0  60  0  1  0  39  1  18  0  0  0  0  0  1  6  163013  8673  0  208375  8  0  1  0  0  0  1  0  0  0  0  42  0  3  7  1592819  35288  2  21  9154  0  0  39  7  59  0  109  0  13  0  0  0  0  0  1  75  625  1044189  1060  3114  0  87  0  85  3  0  0  0  0  0  0  0  0  5  5  0  0  0  0  0  0  0  0  0  0  0  0  0  0  0  0  2  0  0  0  0  0  0  0  0  0  0  0  0  0  1  0  0  0  2  0  0  1  0  0  0  0  1  0  0  2  0  0  0  0  0  0  0  0  0  24  0  2  1  0  0  0  0  0  
0  0  320366  275762  1  7  12  8100  91  0  0  6667  0  0  73797  41405  61  44  0  0  0  0  0  0  15  16  2  223245  0  10  0  0  0  0  0  1  0  0  0  0  82  0  0  0  1232071  10757  3  189  78  0  0  27622  0  1673  0  459  0  45  0  0  0  0  0  0  148  157  1364  563303  736989  0  267  0  64  0  0  0  0  0  1  0  0  0  4  5  0  0  0  0  0  0  0  0  0  0  0  0  0  0  1  0  15  0  0  0  0  1  0  0  0  0  0  0  0  0  1  0  0  0  5  0  0  0  0  0  0  0  0  0  0  13  0  0  0  0  0  0  0  0  0  61  2  0  1  0  0  0  0  0  
0  0  115587  0  0  389  100  130  97374  134923  145775  0  0  0  0  387  37  2225  0  10647  10  1641  626  0  53  157  1281226  4  0  0  0  6  0  3  0  67  0  3  0  0  4034  0  13  100890  367  576958  17  479  467  0  0  21  0  32  26  388612  0  965  2  0  228  0  0  0  609597  67603  4373  71  130  0  583169  0  17005  3  0  0  28  0  13  64  0  30  11096  3080  1206  0  0  0  0  3  0  1  0  168  0  53  7  0  1  0  158  0  0  250433  0  9  0  0  0  0  0  0  0  4  1  0  0  16  6  396  1  1  0  0  0  3  4  2  0  2  0  0  0  0  0  0  0  0  16741  2435  4  4  5  0  75465  0  0  0  
12345  1  0  0  7338  8353  0  0  0  3  0  2  0  3  8  56872  4  463  0  0  42  7  49  117187  0  0  0  0  0  0  0  117646  0  0  0  0  0  0  6  2  0  0  0  1  0  0  464  13  100  0  0  4  5  0  0  0  0  0  0  0  70  2  242155  759  0  1673  0  0  0  327553  0  0  26  0  145  0  0  0  324  13265  0  0  1  32  0  0  0  0  0  227  0  3  0  0  9  16  187  6  3  1  0  0  0  0  6968  6274  0  0  0  1  0  0  0  0  30  0  0  10  6  0  0  3  3  0  0  0  0  0  1  0  0  0  0  0  56  0  1003  0  0  27  0  0  0  29300  0  0  8  0  
11454  59  0  1  410  81211  11  0  0  179  0  308  0  370  303  1698  188388  331741  2  0  2252  221  78236  112810  1  0  0  0  0  7  89854  0  4  12  61830  2  1  42  46  137  12  0  661  59  7  0  67798  7919  30902  0  4  1070  794  64  0  0  0  23  67  2  6596  134  256610  17496  1  88789  3  8  2  196391  0  1  1568  3  152  1  0  0  100  3594  0  1  4  562  0  0  0  0  0  670  6  389  3  0  138  175  1923  0  30  6  0  0  2  0  1456  138599  0  0  0  29  0  3  0  0  348  1  0  88  55  1  2  104  126  0  1  6  0  6  5  2  1  1  7  0  954  0  73  0  4  1920  8  5  4  4079  0  3  146  1  
0  0  0  1418  0  0  0  0  1  104  0  201  1  0  0  0  22621  1513  1  0  0  0  1  1  0  2164  0  4  0  15  0  12  0  120731  100144  19715  0  0  1  0  66614  0  2  21  6  0  32  358270  495  0  0  1  0  0  0  0  0  1  0  0  2  0  0  1  9  30  266  0  0  0  0  0  19819  314304  0  0  0  0  0  0  0  0  0  7  0  0  0  0  0  0  0  0  0  0  0  0  2  0  2  1  1  0  0  0  0  1  0  0  0  1  0  0  0  0  0  0  0  0  2  0  0  0  0  0  0  0  0  0  0  0  0  0  0  0  1  0  0  0  0  15  0  0  0  0  0  0  1  0  
0  0  0  2465  0  0  0  0  1  377  0  3388  9  3  0  0  768  2144  11  0  11  1  918  328  0  49485  0  0  0  3  0  117  107172  0  685514  399349  66  186711  9  2  140  0  209257  96  2  0  76  226529  321  34  0  1  0  0  280  0  0  25  264  120  232  0  0  7  6  157  52  8  1  0  0  21  1039986  72694  0  0  0  0  0  0  0  0  1  49  0  0  0  0  0  0  0  1  1  0  0  0  3  0  1  0  0  0  0  0  0  43  0  0  0  0  0  0  0  0  2  0  0  1  1  0  0  0  1  0  0  0  0  0  1  0  0  0  0  0  9  0  0  0  0  50  1  0  0  0  0  0  2  0  
0  0  0  2539  0  0  0  0  0  51  0  484  11  2  0  0  168885  658  3  0  9  1  272913  494  0  0  0  0  0  0  0  58058  70364  583889  0  1912  58  797  8  1  1  0  157025  38  0  0  138  501930  8  58  1  0  0  0  0  0  0  13  208  85  493  0  0  50  0  13  1  0  1  0  0  8  218688  11686  0  0  0  0  0  0  0  0  0  9  0  0  0  0  0  0  0  0  0  0  0  0  1  0  1  0  0  0  0  0  0  10  0  0  0  0  0  0  0  0  1  0  0  1  1  0  0  0  1  0  0  0  0  0  0  0  0  0  0  0  6  0  0  0  0  4  0  0  0  0  0  0  1  0  
2  0  0  1037  1  2  3  0  2  909  0  833  0  0  0  4  3700  2487  3  0  4  0  8  0  107  428404  0  2  0  130  0  53  18603  371628  2249  0  0  3  0  0  134040  0  4  124  22  0  12  12172  414  0  0  15  0  7  101941  239  0  25  2  0  33  0  0  0  242  549  308  77  23  0  4  0  169889  160979  0  0  0  0  0  0  1  0  2  238  0  0  0  0  0  0  0  1  0  0  0  0  12  0  12  0  4  0  2  0  0  51  0  0  0  0  0  0  0  0  11  0  0  0  6  1  0  1  3  0  0  0  0  0  0  3  0  0  0  0  6  0  0  0  0  178  4  1  2  0  0  0  3  0  
0  21581  0  0  0  0  0  0  0  0  0  0  0  0  0  0  0  0  3220  0  21962  0  35050  0  0  0  0  0  0  0  0  0  0  168  91  0  0  372655  0  0  0  0  153161  0  0  0  0  7  0  268750  1  0  0  0  0  0  0  7  71370  449135  8586  0  0  0  0  0  0  0  0  0  0  1082732  31996  0  0  0  0  0  0  0  0  0  0  0  0  0  0  0  0  0  0  0  0  0  0  0  0  0  0  0  0  0  0  0  0  0  0  0  0  0  0  0  0  0  0  0  0  0  0  0  0  0  0  0  0  0  0  0  0  0  0  0  0  0  0  0  0  0  0  0  0  0  0  0  0  0  0  0  
0  13  0  0  0  0  0  0  0  2005  0  1  0  0  0  0  116  125  26703  3  1549  368  12554  7  18  1  0  0  0  2  1  125  0  147860  405  2  299203  0  0  0  3  163  166637  12587  2  0  1  5467  6  51258  916  0  0  0  0  0  302  14684  370402  69177  46926  0  0  1  22  234  3  1  0  0  1  1122893  1889983  1  0  0  0  0  0  0  0  0  0  22  0  0  0  0  0  0  0  0  0  0  0  0  11  0  0  0  0  0  0  0  0  57  0  0  0  0  0  0  0  0  7  0  0  3  0  0  0  0  0  0  0  0  0  1  0  0  0  0  0  0  20  0  0  0  0  15  0  0  0  0  0  0  0  0  
3431  0  0  1  66  875  0  0  0  0  0  2661  127723  365010  75  4  6  4791  0  0  1  0  5  66623  0  0  0  0  0  0  1  2347  0  0  0  0  0  0  0  28221  0  0  0  0  6  0  167164  8  82304  0  0  19806  36  1  0  0  0  0  0  0  15  3432  123  74612  0  8  3  1  3  11  0  0  2  0  0  0  0  0  1  0  0  0  0  0  0  0  0  0  0  0  0  0  0  0  0  0  1  0  0  0  0  0  0  0  0  0  0  0  0  0  0  0  0  0  0  0  0  0  0  0  0  0  0  0  0  1  0  0  0  0  0  0  0  0  1  0  0  0  0  2  0  0  0  0  0  0  0  0  
2025  0  0  4  852  1707  13  0  0  0  0  393734  571  311028  737  8  2  5255  0  0  0  0  23  197  0  0  0  0  0  1  0  1282  0  2  2  0  0  0  40766  0  0  0  0  1  2  0  499  3  237625  0  0  15719  1900  236  0  0  0  0  0  0  53  26  4  236  0  338  2  2192  2  9  0  0  2  0  2  0  0  0  11  69  1  0  0  0  0  0  0  0  0  3  0  10  0  0  0  0  0  0  0  0  3  0  0  0  0  22  0  0  0  0  0  0  0  1  4  0  0  0  1  0  1  0  11  0  0  17  4  2  0  1  0  0  0  0  0  0  0  0  0  73  5  7  0  0  0  0  0  0  
15  0  0  10134  0  34  38  0  210  4947  0  44  0  1  1  50  28315  28200  35  0  16  6  174  2  794  445131  0  93  2  3701  0  321  59871  224  19  163183  0  17  0  0  0  0  112  1964  3014  4  462  265827  151522  0  0  663  11  231  16569  2774  0  1759  5  0  149  0  2  2  9316  2475  121774  2921  2108  0  381  0  197578  69039  1  0  0  0  1  7  2  9  47  618  0  0  0  0  0  2  0  10  0  0  0  0  53  0  42  1  163  0  5  6  0  306  0  0  0  0  0  0  0  0  60  0  0  9  84  5  1  2  11  0  1  3  0  9  1  99  0  1  2  0  48  0  0  0  0  807  50  6  14  0  1  0  10  0  
0  446194  0  0  0  0  0  0  0  4  121629  0  0  0  0  0  1  3  218875  576574  207  445681  0  0  0  0  0  0  0  0  0  0  0  0  0  1  2  1  0  0  0  0  0  144317  1  0  0  35  0  0  154573  0  0  0  0  0  166096  104421  23908  92  31330  0  0  0  7  2  0  1  0  0  0  2  345  1  0  0  0  0  0  0  0  0  0  1  2250  0  0  0  0  0  0  0  0  0  0  58  0  0  0  0  0  0  0  0  0  0  0  0  0  0  0  0  0  0  0  5687  0  144  0  0  0  0  0  0  0  0  0  0  0  0  0  0  0  0  2  0  0  0  0  0  0  0  0  0  0  0  0  0  
1  0  0  0  0  0  0  0  0  147  0  0  0  0  0  0  4694  104  20  0  535  1  412932  22  0  0  0  0  0  0  0  388  0  192509  121454  0  204297  106254  0  0  2  0  0  180  0  0  3  23373  3  75771  4  0  0  0  0  0  0  108  7887  9977  11562  0  1  6  0  38  0  1  0  0  0  47680  204727  0  0  0  0  0  0  0  0  0  0  16  0  0  0  0  0  0  0  0  0  0  0  1  7  0  1  0  0  0  0  0  0  32  0  0  0  0  0  0  0  0  4  0  0  1  0  0  0  0  0  0  0  0  0  0  0  0  0  0  0  0  4  0  0  0  0  10  0  0  0  0  0  0  2  0  
1  6935  0  0  0  37  3  0  36  232444  852914  0  0  0  0  2  1074  5582  39753  149483  381  946836  10949  1  128  16  0  0  0  113967  0  187  4  163  118  709  0  1614  0  0  1940  108910  774  0  1220  0  18  21405  717  0  10511  7  0  3  0  15  102789  508976  18069  98  153642  0  0  0  614081  3561  423  1598  320  0  3  36  81274  85  0  0  0  0  1  5  0  1  2098  2089  10254  0  0  0  0  0  0  1  0  4  3  217  100  0  2  1  18  0  2  8535  0  99  0  0  0  0  0  0  0  0  13  151  0  754  18  0  0  0  8  0  0  0  0  1  0  6  0  0  0  0  38  0  0  0  22986  303  17  1  5  0  3438  0  9  0  
212  0  361735  362460  23  928  862  32011  2334  63  0  466  0  18  94  10939  1637  3687  11  0  0  1  90  20  1354  1370  179  1648396  1181588  565  0  128  7  7  5  51  0  9  0  16  3119  0  70  301  0  305239  191  3784  81047  0  1  3846  385  4889  3  37113  1  2645  0  0  26  6  0  8  15948  43463  1291526  209669  424722  0  8522  0  5964  5  8  0  4  0  31  146  24  228  296  225  0  3  0  3  3  23  0  22  0  0  0  0  10  0  13  2  2200  2  92  52  0  25  0  0  0  0  0  0  0  6  52  0  0  0  634  73  2  7  23  0  0  72  29  83  14  1088  0  0  0  0  1  0  0  0  4  6038  1632  73  281  0  17  0  5  0  
4  0  188288  1  11  527  1149  216096  161802  1  0  3  0  0  74  17342  0  45  0  0  0  0  0  0  5  8  178126  13143  4167  428851  0  2  2  0  0  1  0  0  0  0  46  0  0  1  353744  0  0  75  43  0  0  251  2  5743  0  1546  0  9  0  0  0  0  0  0  47  713  389150  316  1965  0  309922  0  23  0  3  0  31  0  10  28  2  205  987  7  0  2  0  0  1  72  0  2  0  0  0  0  0  0  0  0  27  0  1  347  0  1  0  0  0  0  0  0  0  3  2  0  0  0  12  569  0  0  4  0  0  20  8  6  0  17  0  0  0  0  1  0  0  0  0  232  15  3  2  0  1395  0  0  0  
26810  5  0  4  198  1163  1  0  0  12  0  509  48951  5320  148  5  2476  316359  0  0  264  21  1066  242665  0  0  0  0  0  1  34  103556  2  11  18  0  0  1  162816  308  1  0  4  4  17  0  0  14940  49647  0  0  877  264  1  0  0  0  3  2  0  584  485  36193  176880  2  28  7  4  3  609  0  0  98  2  0  1  0  0  0  1  0  0  0  1  0  0  0  0  0  0  0  5  0  0  4  6  17  0  0  0  0  0  0  0  1  345  0  0  0  0  0  0  0  0  10  0  0  0  0  0  0  2  3  0  0  0  0  0  0  0  0  0  0  0  37  0  1  0  0  9  0  0  0  0  0  0  4  0  
11  1  0  1408  0  8  4  0  9  7593  0  177  0  0  0  24  337013  79370  393  0  102  20  79416  13223  88  1262  0  15  2  190  8  36654  238178  194966  489058  5428  2  1193  0  0  148461  0  59689  4749  1287  6  16480  0  14836  0  9  94  4  31  1  122  0  1528  318  3  1216  0  2820  278  885  2502  30853  244  117  12  17  5  733509  42741  0  0  0  0  1  1  0  1  23  626  0  0  0  0  0  1  1  9  0  0  6  3  133  0  25  2  14  0  2  1  1  888  0  0  0  1  0  0  0  0  64  0  0  20  48  0  0  2  7  0  1  0  0  3  3  25  0  2  0  0  168  0  2  0  0  580  10  3  1  0  0  0  32  0  
34242  1  0  797629  5158  16959  1057  14  26  607  0  482951  42  79733  4092  1146  147585  398192  106  0  90  6  1181  5029  1489  80081  0  6840  15  446  0  32468  92  59  5  375  0  39  84003  156689  237048  0  125  1313  74489  10  63669  29387  0  0  0  119828  25042  21824  1  3046  0  4018  39  0  2015  729  308  15266  23646  5298  86740  137779  5415  208  297  1  17226  148  16  0  1  1  109  647  18  26  20  83  0  1  0  2  1  41  0  116  0  0  0  2  26  0  6  2  622  0  39  14  2  1454  0  0  0  0  0  0  1  25  90  0  0  2  310  15  5  30  109  0  0  254  44  53  7  340  0  0  0  0  13  1  3  0  6  1355  286  66  107  2  5  1  14  0  
0  45  0  0  0  0  0  0  0  2  0  0  0  0  0  0  1  0  0  0  119436  0  93946  0  0  0  0  0  0  0  0  1  0  1829  967  0  359605  97444  0  0  0  0  152351  9  0  0  0  37  0  0  0  0  0  0  0  0  0  21  9531  361331  246921  0  0  0  0  1  0  0  0  0  0  138484  39142  0  0  0  0  0  0  0  0  0  0  0  0  0  0  0  0  0  0  0  0  0  0  0  0  0  0  0  0  0  0  0  0  0  0  0  0  0  0  0  0  0  0  0  0  0  0  0  0  0  0  0  0  0  0  0  0  0  0  0  0  0  0  0  0  0  0  0  0  0  0  0  0  0  0  0  
0  360775  0  0  0  0  0  0  0  0  3  0  0  0  0  0  0  0  55898  2319  72912  306854  7  0  0  0  0  0  0  0  0  9  0  0  0  0  7  47  0  0  0  92087  2  5825  0  0  0  5  0  0  0  0  0  0  0  0  5767  629  143666  5686  298412  0  0  0  0  0  0  0  0  0  0  32  1371  0  0  0  0  0  0  0  0  0  0  0  0  0  0  0  0  0  0  0  0  0  0  26  0  0  0  0  0  0  0  0  0  0  0  0  0  0  0  0  0  0  0  3  0  0  0  0  0  0  0  0  0  0  0  0  0  0  0  0  0  0  1  0  0  0  0  0  0  0  0  0  0  0  0  0  
171456  0  0  663  3067  130890  10323  88  2  26  0  206376  182  444472  1007144  19250  27  15608  1  0  13  0  289  6415  21  9  0  14  68750  7  1  20567  0  3  1  1  0  12  32112  18265  54  0  54  26  940  3  5228  170  48381  0  0  0  453006  243762  0  48  0  45  24  0  597  94787  211  15769  271  25239  574  287121  1455  102  3  0  958  0  49  0  0  0  249  1002  148  100  8  7  0  10  0  10  2  79  0  313  0  1  0  0  8  0  15  4  1440  0  136  39  2  251  0  0  0  1  0  0  0  52  141  0  0  1  1162  44  6  113  265  0  0  523  110  200  25  824  0  0  0  0  3  0  3  2  30  2583  932  172  366  1  12  0  5  0  
165175  1  0  34  136260  170431  5547  12  0  4  0  11671  6  8546  893944  597  5  3818  0  0  4  0  162  319  8  3  0  4  0  1  0  5772  0  3  2  0  0  10  8  4843  6  0  18  5  231  2  846  58  10315  0  0  473519  0  317535  0  36  0  13  1  0  326  67  15  1390  81  12981  88  557  37  36  3  0  242  0  47  0  0  0  436  1220  27  17  1  1  0  11  0  12  3  35  0  382  0  0  0  0  8  0  1  0  111  0  11  2  1  193  0  0  0  0  0  0  5  78  103  0  0  0  110  3  11  141  294  0  0  308  113  62  3  91  0  0  0  0  2  0  2  1  4  1641  61  147  10  0  2  0  0  0  
1364  0  2  40  3081  249778  69858  2654  777  42  0  824  0  250  850117  1126665  17  6565  0  0  2  0  142  67  86  16  11  12  52  50  0  1641  0  10  5  2  0  39  0  20  135  0  167  72  1179  1263  360  230  12363  0  0  353634  444722  0  0  4242  0  152  14  0  93  9  4  59  676  22463  2006  170280  319484  2  1766  0  2532  0  344  0  0  0  1673  4929  421  332  29  33  0  44  0  90  28  668  0  498  0  0  0  0  15  0  75  6  6627  1  610  155  1  175  0  0  0  2  0  0  3  317  309  0  0  1  4919  227  46  171  748  0  0  3535  1056  1496  85  3496  0  3  0  0  2  10  3  0  79  6819  4783  1736  1727  0  36  0  7  0  
0  0  0  0  0  0  0  0  175  24  0  0  0  0  0  0  1  67  0  0  0  0  3  0  78698  300679  4  7  0  451  0  0  0  150  1  109511  0  0  0  0  26512  0  1  2  160  0  1  22  18  0  0  0  0  0  0  98058  0  0  0  0  0  0  0  0  39  118  6520  2  0  0  0  0  216771  0  0  0  0  0  0  0  0  0  2  0  0  0  0  0  0  0  0  0  0  0  0  0  0  0  0  0  1  0  0  0  0  0  0  0  0  0  0  0  0  0  0  0  0  0  0  0  0  0  0  0  0  0  0  0  0  2  0  0  0  0  0  0  0  0  0  22  0  0  0  0  0  0  0  0  
5  0  0  2  2  779  4109  105  43235  2445  0  0  0  2  14  6243  73  1414  1334  109847  0  3  56  0  1213324  70332  1154576  159  3  556616  0  16  3  8  1  37  0  0  0  0  6036  2  31  2360  11790  82  24  1570  1649  0  0  95  5  3835  79926  0  4  240487  3  0  6  0  0  0  228900  49825  351721  7053  1954  0  388923  0  207281  6  2  0  0  0  1  4  0  3  686  282  0  0  0  0  0  1  0  5  0  0  0  0  2  0  2  1  109  0  2  5  0  4  0  0  0  0  0  0  0  0  6  0  0  1  22  2  0  1  0  0  0  3  2  2  1  57  0  0  0  0  1  0  0  0  0  1674  42  0  18  0  4  0  0  0  
0  118565  0  0  0  0  0  0  0  1  3  0  0  0  0  0  0  2  584286  952  1966  4110  0  0  1  0  0  0  0  0  0  0  0  0  0  0  71  88  0  0  0  225933  0  50335  0  0  0  11  0  0  22426  0  0  0  0  0  0  84063  84434  392  44817  0  0  0  20  0  0  0  0  0  0  46  80040  0  0  0  0  0  0  0  0  0  0  0  0  0  0  0  0  0  0  0  0  0  0  0  0  0  0  0  0  0  0  0  0  0  0  0  0  0  0  0  0  0  0  0  0  0  0  0  0  0  0  0  0  0  0  0  0  0  0  0  0  0  0  0  0  0  0  0  0  0  0  0  0  0  0  0  
2  3470  0  5  0  7  17  2  607  169  8252  2  0  0  0  14  141  2122  878720  403889  264  37921  107  0  279817  962  4  13  3  5458  0  30  3  47  8  151  0  4031  0  0  2594  134979  50  372738  10427  1  38  3869  2057  0  4998  50  0  25  32  196137  154713  0  15917  48  32883  0  0  0  165347  1589  3422  26126  2520  0  4800  383  298119  17  0  0  0  0  0  2  0  5  20  21  0  0  0  0  0  1  0  0  0  0  0  0  0  0  2  0  25  0  2  0  0  19  0  0  0  0  0  0  0  0  1  1  0  0  4  1  0  1  2  0  0  0  2  1  0  15  0  0  0  0  0  0  0  0  0  87  32  1  5  0  0  0  0  0  
0  195227  0  0  0  0  0  0  0  892  7  1  0  0  0  0  33  82  347649  1925  112317  8819  3823  2  0  0  0  0  0  1  0  105  0  33  44  0  82230  419933  0  0  1  27370  1732  75459  0  0  2  656  1  380  240158  0  0  1  0  0  59389  39736  0  213853  318431  0  0  0  19  112  2  1  0  0  0  360618  214333  0  0  0  0  0  0  0  0  0  1  9  0  0  0  0  0  0  0  1  0  0  0  0  8  0  1  0  0  0  0  0  0  78  0  0  0  0  0  0  0  0  11  0  0  2  2  0  0  0  2  0  0  0  0  0  1  0  0  0  0  0  9  0  0  0  0  9  0  0  0  0  0  0  3  0  
0  55476  0  0  0  0  0  0  0  0  0  0  0  0  0  0  3  2  462  43  697952  854  3135  0  0  0  0  0  0  0  0  5  0  181  260  0  424175  95215  0  0  0  343  20970  713  0  0  0  63  0  181450  8167  0  0  0  0  0  1170  237  244022  0  288121  0  0  0  1  0  0  0  0  0  0  162312  15294  0  0  0  0  0  0  0  0  0  0  0  0  0  0  0  0  0  0  0  0  0  0  0  0  0  0  0  0  0  0  0  0  2  0  0  0  0  0  0  0  0  1  0  0  0  0  0  0  0  0  0  0  0  0  0  0  0  0  0  0  0  0  0  0  0  0  1  0  0  0  0  0  0  0  0  
3  8278  0  0  1  1  0  0  0  2132  8  0  0  1  0  1  639  870  5710  2792  570725  707898  750329  23  0  0  0  0  0  3  13  5122  1  3985  2000  10  16838  53549  0  0  16  6107  46271  185160  1  0  35  6891  81  223670  351757  1  4  1  0  0  20444  5682  295828  342286  0  0  26  7  18  118  13  4  2  2  0  5517  121608  3  0  0  0  0  0  0  0  0  1  260  676  0  0  0  0  1  0  6  0  0  17  124  352  1  10  5  0  0  1  0  2  1560  0  0  0  2  0  1  0  0  79  5  0  42  25  0  0  8  12  0  3  1  0  3  2  0  1  2  3  0  471  0  2  0  1  93  3  1  2  0  0  1  65  0  
165638  0  0  2  47  2134  0  0  0  1  0  200  18382  249347  74446  0  0  97  0  0  0  0  21  264115  0  0  0  0  0  0  0  1386  0  0  0  0  0  0  1485  28  0  0  0  1  2  0  1087  3  272  0  0  111725  39  0  0  0  0  0  0  0  49  0  13  47117  0  19  0  1  0  21  0  0  4  0  0  0  0  0  2  0  0  0  0  0  0  0  0  0  0  0  0  0  0  0  0  0  0  0  0  0  0  0  0  0  0  3  0  0  0  0  0  0  0  0  0  0  0  0  0  0  0  0  0  0  0  0  0  0  0  0  0  0  0  0  0  0  0  0  0  2  0  1  0  0  0  0  0  0  
9373  5  0  0  151  45794  0  1  0  1  0  33  1  55  82  17  9225  52502  0  0  60  5  3923  554420  0  0  0  0  0  0  229019  392210  1  0  5  0  0  1  78  25  0  0  13  0  0  0  55225  16500  348  0  0  160  236  2  0  0  0  0  1  0  119  7  0  176334  0  23  0  0  0  130398  0  0  20  1  0  0  0  0  0  1  0  0  0  0  0  0  0  0  0  0  0  1  0  0  1  0  9  0  0  0  0  0  0  0  0  33  0  0  0  1  0  0  0  0  0  0  0  0  0  0  0  0  0  0  0  0  0  0  0  0  0  0  0  0  5  0  3  0  0  5  0  0  0  4  0  0  0  0  
102061  0  0  3  5285  30048  9  0  0  2  0  817  10593  194261  2645  376  776  10484  0  0  15  1  196  1182143  0  0  0  1  0  0  38  96683  0  1  10  0  0  0  25314  904  0  0  2  1  13  0  61193  1356  4334  0  0  25835  3311  30  0  0  0  0  3  0  374  137795  152133  0  0  94  5  4  4  12881  0  0  31  0  0  0  0  0  2  21  0  0  0  1  0  0  0  0  0  1  0  1  0  0  0  0  1  0  0  0  1  0  0  0  0  25  0  0  0  0  0  0  0  1  3  0  0  0  0  0  0  0  3  0  0  2  1  0  0  1  0  0  0  0  1  0  0  0  0  41  0  0  0  0  0  0  0  0  
3  1  0  4  0  14  68  15  2407  1053  408298  1  0  0  1  354  162  4781  4524  346502  4  668  159  0  5804  1553  118944  9  2  560314  0  25  1  26  5  526  0  2  0  0  14250  23  40  491724  5181  4  55  3528  4639  0  31  96  2  47  116  224315  981  261410  66  0  121  0  0  0  0  17286  8442  35272  2793  0  47429  0  91455  46  0  0  0  0  0  6  3  5  638  1084  4178  0  0  0  0  0  0  0  0  0  0  312  3  0  1  0  49  0  2  8605  0  25  0  0  0  0  0  0  0  0  3  0  0  17  15  2  0  1  0  0  0  1  1  2  0  21  0  0  0  0  2  0  1  0  6829  279  36  3  6  0  10986  0  0  0  
4970  0  2  46  2891  440499  512364  238271  404496  559547  2  9323  0  3511  3698  68727  729  27951  15  0  4  24  1404  123  50  244  19  47  4  166191  945  121075  27  150  63  238  0  130  0  1461  2389  1  535  13065  15270  297  946  12843  8722  0  1  45017  15982  17152  1  2991  0  251  88  0  628  24  6  172  72983  0  21867  12698  37974  3716  6215  0  10723  93  506  0  0  1  2303  18430  529  8552  53715  31916  1  30  0  45  6  5785  7  2159  2  0  7  9  1207  2  102  49  977  1  126  866  535  22448  0  0  0  14  0  1  3  263  1138  1  0  142  1320  155  54  589  1552  0  1  1178  565  633  39  568  1  3  5  0  56  2  36  4  30  269528  3263  988  478  6145  3618  1  78  0  
24  0  127258  34546  21  1123  1135  10  2000  453  0  60  0  1  89  4484  1422  13756  26  0  0  0  183  0  480  832263  542000  1054205  61  4464  0  30  46  18  10  277  0  20  0  0  18567  0  158  466  901220  449443  341  14801  92474  0  0  883  27  5409  14405  350253  3  1280  1  0  10  0  0  2  13391  96558  0  18046  93673  0  79145  0  16193  46  4  0  0  0  7  45  9  28  2412  1349  0  0  0  0  0  5  0  12  0  0  0  0  24  0  16  4  1453  1  25  41  0  14  0  0  0  1  0  0  0  3  35  0  0  2  298  31  0  5  19  0  0  27  10  18  11  831  0  0  0  0  2  0  0  0  2  14533  463  9  156  0  19  0  3  0  
299  0  0  153406  33  959  405  13  7  39  0  278013  0  172  120791  3683  30  9762  13  0  4  0  99  62  217  279  0  732  604400  34  0  950  0  3  6  20  0  24  0  10485  409  0  72  437  225773  4  404  557  101090  0  0  284310  1061  85593  0  527  2  686  7  0  119  5  1  53  6505  1218  8027  0  464553  3  34  0  2197  0  11  0  0  0  44  149  24  49  6  19  0  0  0  2  1  17  0  22  0  0  0  0  3  0  10  1  1988  0  78  48  0  94  0  0  0  0  0  0  1  10  42  0  0  0  620  33  3  4  28  0  0  110  24  70  9  990  0  0  0  0  1  1  0  0  4  1075  589  69  158  0  5  0  0  0  
31  0  14903  38  2  454  1321  94289  5962  20  0  50  0  11  37337  284973  28  887  3  0  0  1  16  1  222  1119  32  1439  643221  947  0  67  0  0  2  7  0  3  0  1  455  0  25  33  215788  4199  37  216  6836  0  0  20034  84  266743  1  11806  0  723  1  0  16  0  0  4  2794  15716  80705  425863  0  1  7741  0  2019  1  142  0  1  0  450  1444  106  85  23  11  0  11  0  22  6  312  0  53  0  0  0  0  1  2  19  8  1975  0  159  41  0  23  0  0  0  2  0  0  0  75  72  0  0  0  1061  70  8  13  203  0  0  1115  416  667  30  914  0  1  0  0  0  0  0  2  6  1741  1554  747  430  0  16  0  1  0  
63571  0  0  0  40229  400784  3  0  0  1  0  28  0  32  15  87206  17  1163  0  0  3  0  40  179483  0  0  0  0  0  0  458640  353038  0  0  0  0  0  0  8  15  0  0  0  0  1  0  816  15  1075  0  0  84  88  2  0  0  0  0  2  0  81  9  149959  4628  0  6502  0  1  0  0  0  0  7  0  140  0  0  0  124  1030  2  0  0  0  0  0  0  0  0  2392  0  9  0  0  0  0  0  0  0  0  0  0  0  0  138  2890  0  0  0  1  0  0  0  0  2  0  0  0  0  0  0  2  3  0  0  3  0  1  0  0  0  0  0  0  1  0  0  0  0  59  0  0  0  2079  0  0  0  0  
4  0  861  0  12  1404  3837  71  442805  35  0  0  0  0  39  4422  20  133  7  0  0  0  10  0  1317  93  100339  7  0  478309  0  7  0  2  0  5  0  0  0  0  760  0  3  235  351  251688  4  260  141  0  1  40  4  4034  6  468189  0  1584  0  0  1  0  0  1  29162  10777  94614  176  766  0  0  0  8721  1  0  0  12  0  0  3  1  2  9018  61  0  0  0  0  0  0  0  1  0  0  0  0  1  0  3  1  138  0  1  13425  0  0  0  0  0  0  0  0  0  0  2  0  0  0  20  137  0  2  4  0  0  2  1  2  0  82  0  0  0  0  0  0  0  0  59  1310  37  3  21  0  24039  0  1  0  
0  1199  0  0  0  0  0  0  0  9  0  0  0  0  0  0  1  0  446  0  9929  128  525  0  0  0  0  0  0  0  0  1  0  1024  46  0  1148650  1539365  0  0  0  49  95619  679  0  0  0  13  0  153522  423  0  0  0  0  0  60  3776  487878  267341  16966  0  0  0  0  2  0  0  0  0  0  0  198546  0  0  0  0  0  0  0  0  0  0  0  0  0  0  0  0  0  0  0  0  0  0  0  0  0  0  0  0  0  0  0  0  0  0  0  0  0  0  0  0  0  0  0  0  0  0  0  0  0  0  0  0  0  0  0  0  0  0  0  0  0  0  0  0  0  0  0  0  0  0  0  0  0  0  0  
3  160  0  8  0  8  6  1  3617  20737  2  9  0  0  0  15  10829  39471  460684  708  1491  4894  182599  29  1265563  280371  19  34  1  37395  3  3447  8522  1266409  223046  293647  9264  2569259  0  0  160536  1984  255152  112904  5556  5  160  918228  6753  18299  6046  98  6  64  169193  123772  109814  517599  130579  6128  132913  0  5  0  92701  7953  12449  6294  2195  1  3464  136337  0  23938  1  0  0  0  0  7  2  3  60  1626  0  0  0  0  0  1  1  18  0  0  14  24  316  0  52  9  165  0  15  2  0  2296  0  0  0  3  0  0  0  1  133  1  0  39  103  1  0  11  29  0  0  4  2  11  8  94  1  0  1  0  491  0  0  0  2  1557  76  6  15  0  0  0  91  0  
0  0  0  1207  0  0  0  0  3  500  0  878  0  0  0  0  4000  4261  5  0  8  1  15  0  0  41403  0  1  0  24  0  34  397162  149590  10005  179687  0  4  0  0  75842  0  8  115  16  1  49  124203  1028  0  0  0  0  0  0  0  0  6  2  0  21  0  0  0  27  205  355  7  0  0  0  0  77296  0  0  0  0  1  0  0  0  0  1  53  0  0  0  0  0  0  0  2  0  0  1  0  6  0  3  0  1  0  0  0  0  29  0  0  0  0  0  0  0  0  3  0  0  0  4  0  0  1  1  0  0  1  0  0  0  0  0  0  0  0  9  0  0  0  0  51  1  0  0  0  0  0  1  0  
12  0  0  0  12  471  50  2  0  0  0  2  0  5  18  629  0  8  0  0  0  0  0  1  0  0  0  0  0  0  96  393  0  0  0  0  0  0  0  3  0  0  0  0  2  0  1  0  5  0  0  83  20  22  0  0  0  0  0  0  0  0  0  0  0  483  1  5  1  247  0  0  2  0  0  0  0  0  380240  70857  28  1  1  0  0  540  32  9905  55517  69035  0  1123  0  0  2  0  11  644406  1  0  7  0  2  0  48245  4626  0  0  0  0  0  0  12488  10730  123  0  0  0  47  1  3051  44  10862  0  0  66163  200062  254  4  6  0  0  0  0  0  288040  14171  33029  1  4742  19  765  4  84438  0  0  1  0  
0  0  0  0  0  0  0  0  0  2  0  0  0  0  0  0  0  2  0  0  2  10  0  0  0  0  0  0  0  0  0  3  0  0  0  0  0  0  0  0  1  0  0  1  0  0  0  1  0  0  0  0  0  0  0  0  0  0  0  0  4  0  0  0  0  0  0  0  0  0  0  0  1  0  0  0  0  0  0  0  0  0  2  80  145  0  0  0  0  0  0  1  398314  47  419752  14874  234  0  29  2  0  0  0  0  0  202  0  0  0  0  3805  26  0  0  5  361309  0  12181  1  0  0  4  1  1  125691  0  0  0  8  2  87621  434  176349  152282  14532  0  0  0  25  33  1  0  0  0  0  111  648  0  
0  0  1548  0  0  0  0  75  942  0  0  0  0  0  0  332  0  0  0  0  0  0  0  0  0  0  1  0  0  36  0  0  0  0  0  0  0  0  0  0  0  0  0  0  0  93  0  0  0  0  0  0  0  0  0  0  0  0  0  0  0  0  0  0  0  28  0  0  0  0  14  0  0  0  0  0  0  0  0  0  8  79004  808  2  0  0  0  0  0  265923  0  0  0  0  0  0  0  0  0  0  67842  91148  298040  99802  0  0  0  0  0  0  0  0  0  0  1  0  0  0  508552  270337  0  0  1  0  0  0  0  302  0  0  0  0  0  0  0  0  0  0  0  6  145286  0  8334  0  238  0  0  0  
1  0  0  0  0  0  0  0  0  2  0  1  0  0  0  0  0  6  0  0  0  0  0  0  0  0  0  0  0  1  0  0  0  0  0  0  0  0  0  0  0  0  0  0  0  0  0  1  0  0  0  0  1  0  0  0  0  0  0  0  0  0  0  0  1  5  5  0  1  0  0  0  2  0  7  0  0  0  23  20  16  2  2  35  0  340582  1  90  0  2  6141  17641  0  0  0  0  15  40  690  547969  0  375715  145344  1  0  30  9952  6902  1774  126  0  0  15  277  108715  0  0  3  198150  0  60  277  384541  0  0  29  14  27  1600  587  0  11  0  0  1  0  1  1  9  180  39008  55541  80  0  0  0  28  191  
95  0  0  0  19  923  989  9  2  0  0  24  0  59  47  36719  0  30  0  0  0  0  0  3  0  0  0  0  0  0  76  30  0  0  0  0  0  0  0  21  0  0  0  0  6  0  4  0  63  0  0  1040  56  387  0  0  0  0  0  0  0  0  0  4  2  1116  7  26  2  246  0  0  4  0  236062  0  0  0  0  92778  933  38  33  2  0  415  0  894  39791  384059  0  386  0  0  0  0  4  4448  7  2  28  0  2  2  35  590  0  0  0  0  0  0  104  1942  84  0  0  0  94  4  158  50  2193  0  0  5664  543040  1826  7  26  0  0  0  0  1  857  1217  644  6  4239  78  1181  11  14574  13  0  1  0  
1028  0  0  1  826  29712  5203  42  3  1  0  980  0  965  1281  10935  1  369  0  0  0  0  5  23  1  1  0  0  0  2  8737  14400  0  0  1  0  0  2  1  480  6  0  3  1  110  0  64  12  1419  0  0  7783  2612  1527  0  2  0  4  0  0  4  6  1  60  12  33102  73  247  32  6715  2  0  26  0  86870  0  0  1  354049  0  452545  268  372  30  0  902  2  8320  475  1137346  19  15137  1  0  16  0  185  95760  199  82  171  0  164  51  81344  245129  0  0  0  10  0  1  1337  9416  2755  0  0  2  1526  57  14527  1401  54169  0  0  41358  114072  39380  211  532  0  4  7  0  43  628  63961  12512  279  434775  1489  9524  674  376907  325  3  96  0  
11  0  0  0  3  17160  12840  360  8  2  0  10  0  18  2  535  0  27  0  0  0  0  0  2  0  2  0  0  0  0  0  2  0  0  0  1  0  0  0  3  10  0  1  2  255  0  5  1  36  0  0  824  20  311  0  2  0  3  0  0  1  0  0  2  21  2192  161  120  60  0  0  0  17  0  82  0  2  18  1734  435455  0  237004  5301  247  0  13  0  44  1166  672852  3  1543  4  38  1  0  123  3  953  397  918  11  822  832  6  427  0  0  0  51  0  4  4  93  3010  0  0  14  4755  730  330  574  3800  0  0  3108  710  434897  1085  8015  1  90  12  0  44  1  31  16  7082  314936  6040  14161  2189  0  6212  1  247  1  
11  0  6  1  2  92  3265  41358  3863  1  0  4  0  4  2  847  0  19  0  0  0  0  0  0  1  3  0  3  0  35  0  1  0  0  0  0  0  0  0  0  4  0  0  4  782  151  2  1  42  0  0  801  5  262  0  3  0  1  0  0  0  0  0  0  33  13555  298  218  162  0  15  0  16  0  22  1  53786  1  55  5851  234280  0  136986  394  0  3  0  11  64  433885  3  441  0  1  0  0  44  0  321  32  138  2  57609  632  4  124  0  0  0  6  0  0  2  28  948  1  0  5  86278  242136  47  191  975  0  0  390  58  224747  173  782  0  35  2  0  1  1  4  2  2045  359216  3735  448  136367  0  43302  0  39  0  
2  0  31  0  0  17  30  463  114316  16084  0  0  0  1  0  57  0  218  0  0  0  56  17  1  3  4  1  1  0  27335  0  1  0  0  0  1  0  1  0  1  81  0  1  800  463  272  8  41  66  0  0  137  2  60  0  14  0  8  0  0  10  1  0  1  6885  47695  1434  69  33  0  37511  0  83  0  6  10  131  4  24  5151  1833  93245  0  55163  3  0  0  3  3  203  1  105  1  17  0  2  139  0  1750  6  7342  0  55  52257  0  50  0  0  0  0  0  0  1  3  147  3  0  1463  149  284720  3  45  362  0  8  17  16  580  143  22036  5  728  19  0  24  2  0  0  6461  264984  1129  31  90  0  552582  0  231  1  
4  1  0  0  0  11  3  0  835  20886  8  0  0  0  0  4  118  2844  1  1  23  206  199  0  10  46  0  0  0  17734  2  551  1  26  5  76  0  22  0  0  399  2  68  1505  322  2  20  1637  298  0  0  26  1  9  3  90  0  36  25  0  285  0  0  2  13902  38491  2927  7  11  0  14  0  1924  16  6  151  0  17  13  185  48  21  81797  0  411  10  0  7  3  16  10  304  38  0  340  10687  133902  0  5506  345  279  0  234  77561  1  923  0  0  0  119  0  6  0  39  2017  32  0  241465  4248  25  12  214  1752  0  106  37  15  338  569  1430  167  2087  252  6  5867  0  4  1  98268  216095  819  259  324  0  252  4  4780  0  
0  0  0  0  0  0  0  0  1  105  60066  0  0  0  0  0  0  0  0  1118  0  126230  3  0  0  0  1  0  0  337  0  0  0  0  0  0  0  0  0  0  0  1653  0  23164  0  0  0  0  0  0  0  0  0  0  0  0  0  0  0  0  33  0  0  0  7211  4  0  0  0  0  0  0  0  0  0  85  0  0  0  0  0  0  8  75  0  0  0  0  0  0  0  1  253  488347  2  215076  0  0  3  0  136  0  0  8395  0  0  0  0  0  0  0  0  0  0  0  375368  0  836068  0  0  0  0  4  0  7  0  0  0  0  7  5450  101140  1  0  261  0  0  0  492951  11  2  0  0  0  24  0  0  0  
13  0  0  0  2  14  62  1  0  0  0  2  0  4  1  7  0  2  0  0  0  0  0  0  1  0  0  0  0  0  0  2  0  0  0  0  0  0  0  0  0  0  0  0  2  0  0  0  3  0  0  81  3  34  0  0  0  0  0  0  0  0  0  0  0  98  2  4  0  0  0  0  1  0  810  0  0  483666  10606  2594  6  0  0  1  0  0  117  122211  114664  221  422  47732  0  0  0  0  2  1453  0  2213  3  19026  102002  1  1  61  2898  8731  5135  0  0  0  6233  470796  52  0  0  0  105701  0  4897  69  475359  0  0  272073  6887  403  3  3  0  0  0  0  0  8  8  5  0  303  36  349878  7  1  1  0  1  0  
0  0  0  0  0  0  0  0  0  0  0  0  0  0  0  0  0  0  0  0  0  0  0  0  0  0  0  0  0  0  0  0  0  0  0  0  0  0  0  0  0  0  0  0  0  0  0  0  0  0  0  0  0  0  0  0  0  0  0  0  0  0  0  0  0  0  0  0  0  0  0  0  0  0  410  0  0  31  49  35  0  0  0  0  0  254  0  71898  17  0  0  163  0  0  0  0  0  242436  0  2  0  0  0  0  1  49  12  114  573  0  0  4  158051  2  2  0  0  0  0  0  26729  36  10  0  0  5  0  0  0  0  0  0  0  0  0  139791  19  86946  0  2  0  0  0  0  0  0  1  0  
1  0  0  0  0  3  8  0  0  0  0  2  0  4  1  0  0  0  0  0  0  0  0  0  0  0  0  0  0  0  0  0  0  0  0  0  0  0  0  0  0  0  0  0  0  0  0  1  2  0  0  22  2  2  0  0  0  0  0  0  0  0  0  0  0  25  0  1  0  0  0  0  0  0  15323  0  0  38  12643  1882  1  1  0  0  0  127464  47994  0  189218  21  0  7948  0  0  0  0  0  10604  1  0  1  10  1  0  3  505  12  24  120  0  0  0  375933  336734  39  0  0  0  36  0  16260  24  112427  0  0  441477  531  69  3  3  0  0  0  0  0  168731  61  4325  0  1264  12  319  1  0  0  0  0  0  
3  0  0  0  1  11  69  10  0  0  0  1  0  0  5  12  0  14  0  0  0  0  0  0  0  0  0  0  0  0  0  2  0  0  0  0  0  0  0  0  2  0  0  0  29  0  0  0  9  0  0  91  4  34  0  0  0  0  0  0  0  0  0  0  3  138  7  17  6  0  0  0  2  0  55031  0  0  0  23809  3898  1629  3  0  6  0  46084  30  166054  0  60547  0  137  0  0  0  0  5  70843  43  19  26  19281  286704  0  1  123  0  0  0  6  0  0  11  228  168  0  0  0  1035  6  31  18  641  0  0  1497367  1367416  632323  61  77  0  0  0  0  1  197487  5  4  3  3625  872  381922  132245  0  0  0  8  0  
37  0  38  0  7  9641  2522  2856  859  0  0  6  0  18  5  37169  0  62  0  0  1  0  2  5  0  0  0  0  0  13  127  1192  0  0  0  0  0  0  0  1  0  0  1  1  43  94  9  1  58  0  0  2741  46  764  0  0  0  2  0  0  1  3  0  2  5  5691  31  51  11  4459  5  0  12  0  56030  0  295530  0  467584  880993  412541  457912  523  28  0  109  0  26  119219  0  0  550  0  0  0  0  12  1914  90  29  199  112  45776  73  45  2119  0  0  0  4  0  0  27  133  274  0  0  1  1003  2520  123  122  1944  0  0  3509  319872  1328255  127  338  0  7  0  0  2  15  250  263  252  11966  813  4338  280786  70990  354  0  17  0  
0  0  0  0  1  0  1  0  0  2  0  0  0  0  0  0  0  3  0  0  0  1  0  0  0  0  0  0  0  0  0  1  0  0  0  0  0  0  0  0  0  0  0  0  0  0  0  0  1  0  0  2  0  0  0  0  0  0  0  0  0  0  0  0  0  9  4  0  0  0  0  0  0  0  16  1  0  2798  11  38  3  2  11  43  0  727  0  2  0  3  0  425644  48  0  16  0  145814  4617  206  15121  0  0  55  0  368  2623  29755  1189  136179  1237  6  4339  1  4  81888  0  4442  6  366  1  1025  475052  70976  161  3  7  4  18  46  12  5  45  835  111  315  2  2467  85  3  152  210  22  15  0  0  2071  16919  429  
25  0  0  0  21  40  8  0  0  3  0  29  0  29  8  2  0  9  0  0  0  0  2  0  0  0  0  0  0  0  0  50  0  0  0  0  0  0  0  11  0  0  0  2  0  0  2  1  17  0  0  77  31  4  0  0  0  0  0  0  2  0  0  1  1  441  2  0  1  0  0  0  1  0  2644  0  0  17739  1962  3113  67  10  7  18  0  79376  91  2572  19  62  248634  0  4  0  23  0  183276  96261  265  1327  2  0  163  1  4334  61967  11786  215  41337  69  0  55  4752  19272  23937  0  261  0  1431  1  278778  71087  360907  5  0  3360  194  322  173  126  1  7  15  1  43  144  32558  2522  10  833  709  221  211  12  1  36  845  38  
0  0  0  0  0  0  0  0  0  0  0  0  0  0  0  0  0  0  0  0  0  0  0  0  0  0  0  0  0  0  0  0  0  0  0  0  0  1  0  0  0  0  0  0  0  0  0  0  0  0  0  0  1  0  0  0  0  0  0  0  2  0  0  0  0  5  0  0  0  0  0  0  2  0  0  357424  0  0  0  0  0  0  15  105  110  0  0  0  0  0  2  0  0  56440  8234  1471  51  0  230090  0  0  0  1  2  0  23  0  0  0  0  647  1264  0  0  4  250985  4  3918  1  0  0  12  3  2  3825  0  0  1  1  60331  824375  554005  498519  9122  10936  0  0  0  304  291  3  0  3  0  0  590  197002  0  
0  0  0  0  0  0  0  0  0  0  53  0  0  0  0  0  0  0  0  0  0  2  0  0  0  0  6  0  0  23  0  0  0  0  0  0  0  0  0  0  0  0  0  1  2  0  0  0  1  0  0  2  0  1  0  0  0  0  0  0  0  0  0  0  0  2  2  0  0  0  0  0  0  0  0  25  0  0  0  11  23  2  421  77  422791  0  0  0  0  1  0  10  88608  0  0  14757  0  0  30569  0  59357  0  2  18094  0  0  0  0  0  0  0  0  0  0  3  246459  0  69673  3  0  0  0  6  0  2  0  0  21  10  72258  8301  520378  0  0  65  0  0  0  327064  160  25  0  1  0  16101  0  8  0  
2  0  0  0  2  16  0  0  0  24  0  6  0  0  1  3  1  39  1  0  6  31  18  0  0  0  0  0  0  0  0  220  0  0  0  0  0  2  0  2  0  0  1  5  0  0  14  34  23  0  0  3  7  0  0  1  0  0  2  0  74  0  0  0  0  122  1  0  0  0  0  0  61  0  0  262327  0  0  0  5  1  0  0  347  0  0  0  0  0  3  62  91  1155  0  0  123453  358138  16  27  6  0  0  1  0  2  6816  0  0  103  26  31634  2138  0  0  206  86096  846  2050  27  0  0  207  29  312976  295274  2  0  4  3  1  24200  50  10278  1036917  845836  0  12  0  0  94  0  0  1  0  0  25261  1287  5  
1  47  0  0  2  3  0  0  1  255  54  1  0  1  0  1  7  35  0  12  186  11207  70  1  0  0  0  0  0  16  0  386  0  2  1  2  0  5  0  0  5  49  3  119  2  0  13  107  11  0  126  1  0  0  0  0  0  4  4  1  246  0  0  0  266  90  2  0  0  0  0  0  177  0  0  7624  0  0  0  3  0  0  13  34924  114241  0  0  0  0  1  0  58  1064  5030  101094  0  140851  0  29  9  0  0  1  420  1  5835  0  0  0  21  0  5  0  0  241  803576  1  877798  24  0  0  31  24  0  381293  0  0  3  8  2  20886  4413  160  62  615055  0  15  0  14106  117  5  0  0  0  1  4  292  0  
10  13  0  0  18  39  1  0  2  2622  0  25  0  16  5  2  139  488  5  0  246  268  532  1  1  0  0  0  0  60  7  3188  0  14  13  28  0  39  0  12  43  1  123  429  11  0  72  2123  98  0  1  48  30  2  0  3  0  29  37  1  1130  0  0  2  13  1871  54  7  1  0  1  0  3179  2  10  220  0  6  17  56  2  5  321  170188  1  4  0  3  0  12  174160  261010  120  0  558032  125585  0  105393  1844  192  2  0  116  3  508  42741  6  366  134542  1339  851  12463  1  23  4495  14  403658  79462  2680  1  1363  99961  1163  138379  548  11  5  66  305  44  49  201  1435  1286  605046  0  40005  23  63  2346  185  125  95  4  2  13072  60296  523  
0  0  0  0  1  2  0  0  0  0  0  0  0  0  0  0  0  0  0  0  0  0  1  1  0  0  0  0  0  0  17  9  0  0  0  0  0  0  0  1  0  0  0  0  0  0  0  0  1  0  0  1  2  0  0  0  0  1  0  0  0  0  1  0  0  5  0  2  0  0  0  0  0  0  633101  0  0  26  11925  106598  0  1  2  3  0  974  328856  55238  76848  2585  5338  173209  0  0  14  1  190557  0  7  1  0  0  1  0  61867  12466  53  1105  3720  5  0  13  122962  43  646  0  979  0  21  0  376317  1824  957  0  0  1760  8  15  1  0  0  0  4  0  32  475322  563850  997211  0  847  6  28  0  86176  0  7  106  2  
2  0  0  0  2  5  8  0  1  3  0  0  0  3  0  9  2  88  0  0  0  0  3  0  1  0  0  0  0  3  0  12  0  0  0  0  0  0  0  1  8  0  1  3  35  0  4  16  13  0  0  50  4  19  0  4  0  1  0  0  4  0  0  0  2  39  69  6  7  0  0  0  27  0  4  58  0  19  6  60  9  3  1187  4574  1  0  0  1  6  12  98  528  183082  20142  19  5  1338  4  0  294377  38684  11  199  32  5  311  0  48416  79  23934  1  378  0  13  1329  19  50  1711  901  1  15  688  1259  71  37  20  8  179  447193  790830  92  73100  203  11  266  0  12  0  845  20675  5650  93  186  0  22  88  800939  5  
16  0  0  0  6  27  14  0  0  80  0  11  0  10  4  1  3  151  1  0  5  2  14  0  0  2  0  0  0  6  0  34  0  1  0  1  0  1  0  5  17  0  7  8  20  0  2  29  22  0  0  92  12  32  1  6  0  1  3  0  44  0  0  0  6  288  137  7  4  0  0  0  52  1  110  4  0  542698  329  428  41  37  37  1047  0  183  1  114  9  54  12010  11375  14  0  9  4  5619  31  369700  0  2185  179829  1408  1  27  3595  162928  45985  120  668738  0  75  10  1067  477057  0  43  799  161254  17  121  10218  52059  33  6  518  189  577  398816  7905  4  19  26  7  1116  1  117  12  21  2993  770928  3505  798  0  7  62  99659  63043  
15  0  1  2  0  40  46  0  1  0  13  2  0  1  1  53  1  40  0  0  0  0  2  1  8  4  1  2  0  30  0  4  0  0  0  1  0  0  0  0  31  0  1  3  1528  3  3  7  66  0  0  706  7  257  0  12  0  20  0  0  0  0  0  0  104  135  1114  365  214  0  1  0  57  0  0  0  90842  0  2  85  33  50  29  55  148  0  0  0  1  26  0  127  0  70763  0  0  9  0  40848  7283  0  189  125  855469  3  60  0  0  0  3  0  0  0  0  88  0  0  1  519  139003  1  27  69  0  0  12  2  3662  28008  1003376  0  4  0  0  1  0  4  0  42703  9463  273373  7  3959  0  200736  0  7  0  
0  0  0  0  0  0  0  0  0  0  0  0  0  0  0  0  0  0  0  0  0  0  0  0  0  0  0  0  0  0  0  0  0  0  0  0  0  0  0  0  0  0  0  0  5  0  0  0  0  0  0  5  0  4  0  0  0  0  0  0  0  0  0  0  1  0  3  0  2  0  0  0  0  0  0  0  95326  301693  0  0  0  5  0  0  0  29496  0  21  9000  23  0  7  0  0  0  0  1  0  30  177795  347  0  582895  33  0  2  0  0  0  0  0  0  0  368  9  0  0  0  1361232  16024  0  3  1304  0  0  1297  0  168  27  52  0  0  0  0  0  0  0  0  0  13  724923  2912  798  0  0  0  0  0  
2  0  0  0  2  7  10  1  0  2  0  0  0  2  0  12  0  11  0  0  0  0  0  1  0  1  0  0  0  1  0  0  0  0  0  1  0  0  0  1  5  0  0  0  113  0  0  1  8  0  0  104  2  45  0  2  0  1  0  0  0  0  0  0  7  46  61  39  29  0  0  0  3  0  2  0  220487  129739  16  198  81  62715  10  147  0  152258  0  2  332979  25863  8  937  1  0  0  0  207  0  1183  170  99  868880  0  1  6  162  0  0  0  25  0  1  0  88  2528  0  0  18  1455530  818  36  385  3559  0  0  179309  23  7919  741  850  0  9  3  0  44  0  13  3  14  576  14365  767805  924530  0  4  0  165  1  
2  0  721  0  0  7  2  20  773  1400  70098  0  0  0  0  15  0  5  0  133  0  417  17  0  1  1  75  0  0  127664  0  0  0  0  0  0  0  1  0  0  4  0  0  4578  57  259  0  2  3  0  0  47  0  16  0  0  0  1  0  0  5  0  0  0  52908  288  46  18  10  0  86914  0  1  0  1  0  93777  0  1  176  104  329  43107  87208  10245  0  0  0  0  37  0  15  0  26347  0  2477  7  0  224  1  1011148  23  11  0  0  7  0  0  0  0  0  0  0  0  20  3  0  173  20  374265  0  4  65  0  0  1  1  228  27  58304  0  277  4  0  1  0  1  0  575250  2096  403  1  30  0  964299  0  14  0  
0  0  0  0  0  368  0  0  0  0  0  1  0  1  0  13  0  5  0  0  2  0  0  2  0  0  0  0  0  0  13728  7229  0  0  0  0  0  0  0  1  0  0  0  0  0  0  0  0  4  0  0  2  0  0  0  0  0  0  0  0  4  0  15  0  0  871  0  0  0  192  0  0  0  0  61786  0  0  0  93  37226  0  0  0  1  0  1  0  3  0  36  127  28817  0  0  16  1  587  49874  2  0  0  0  0  0  0  240394  0  0  0  1  0  0  10  4  177  0  0  0  3  0  1834  127  688  0  0  16  2  2  0  0  0  1  0  0  40  2  289450  811  0  288  1  5  0  286227  0  0  4  0  
51  0  0  0  34  1496  12  0  0  207  0  55  0  45  5  640  9  2185  1  0  66  25  250  3  0  2  0  0  0  1  2874  113150  0  3  1  3  0  15  0  21  5  0  24  28  1  0  349  330  1203  0  1  102  60  8  0  0  0  12  30  0  1024  0  0  9  1  10676  9  1  0  389  0  0  537  2  1934  36  0  1  1671  107290  6  6  8  918  0  19  0  121  4  2236  187  144317  74  0  2536  442  19854  2133  121  73  3  0  19  0  182003  0  0  0  9  149  0  33  145  27  4549  5  2  106  317  1  15215  6265  11964  2  38  726  51  80  45  19  3  24  169  2  7500  97  208784  2833  12  102352  163  209  36  72139  0  74  1589  0  
0  0  0  0  0  0  0  0  0  0  0  0  0  0  0  0  0  0  0  0  0  0  0  0  0  0  0  0  0  0  0  0  0  0  0  0  0  0  0  0  0  0  0  0  0  0  0  0  0  0  0  0  0  0  0  0  0  0  0  0  0  0  0  0  0  0  1  0  0  0  0  0  0  0  0  0  0  19375  0  0  0  0  0  0  0  445  8  31  0  0  32736  14908  0  0  0  0  6  79  0  101017  0  0  1  0  0  2  0  76515  54409  15725  0  4  4  0  116286  0  0  0  1  0  361  226268  321  0  0  0  0  0  0  0  0  0  0  0  0  0  0  0  0  0  0  0  0  0  0  0  11620  317554  
0  0  0  0  0  0  0  0  0  0  0  0  0  0  0  0  0  0  0  0  0  0  0  0  0  0  0  0  0  0  0  0  0  0  0  0  0  0  0  0  0  0  0  0  0  0  0  0  0  0  0  0  0  0  0  0  0  0  0  0  0  0  0  0  0  1  0  0  0  0  0  0  0  0  0  0  0  16168  0  0  0  0  0  0  0  3065  390  607  0  0  236  152  2  0  0  0  1420  4830  44493  37417  0  0  0  0  0  8  112819  0  711165  498468  1  44651  1339  5  530  0  101027  0  1  0  1371  84645  14  234  0  0  0  0  2  0  0  0  14  11  227  0  0  1  0  1  0  0  0  0  0  547  845009  208798  
0  0  0  0  0  0  0  0  0  0  0  0  0  1  0  0  0  0  0  0  0  0  0  0  0  0  0  0  0  0  0  0  0  0  0  0  0  0  0  0  0  0  0  0  0  0  0  0  0  0  0  0  0  0  0  0  0  0  0  0  4  0  0  0  0  1  0  0  0  0  0  0  0  0  0  0  0  1166  1  0  0  0  0  3  0  2451  201  780  0  0  137471  31639  12  0  32  0  151829  15282  11  106  0  0  1  0  0  6  38368  612488  0  267  29  7889  963  1  263  0  284351  0  13  0  6510  475012  244  3894  0  0  0  0  0  0  1  5  302  479  3679  0  2  34  1  4  1  1  0  0  0  12300  397070  12233  
6  0  0  0  4  17  4  0  0  55  0  14  0  10  3  2  1  48  0  0  10  0  40  0  0  0  0  0  0  0  0  72  0  0  0  0  0  1  0  1  1  0  4  6  3  0  3  13  15  0  0  36  5  2  0  1  0  5  4  0  109  0  0  0  0  195  27  0  0  0  0  0  77  0  13  1  0  214  32  47  11  7  13  347  0  12  0  7  2  7  2028  3599  184  0  47  18  25077  125  26621  555603  3  0  367  0  1  1876  53859  376094  2287  0  22  2249  1  115  430168  0  1055  42  1702  1  22  42647  2271  1844  1  52  20  117  2804  2382  7  53  691  242  4091  0  30  2  9  904  14325  635  182  0  1  2285  70979  380464  
0  0  0  0  0  0  0  0  0  0  0  0  0  0  0  0  0  0  0  0  0  0  0  0  0  0  0  0  0  0  0  0  0  0  0  0  0  0  0  0  0  0  0  0  0  0  0  0  0  0  0  0  0  0  0  0  0  0  0  0  0  0  0  0  0  0  0  0  0  0  0  0  0  0  0  4004  0  0  0  0  0  0  0  1  1  0  0  0  0  0  1  0  256  0  59133  6  1700  0  0  0  0  0  0  0  0  2  0  10  21  1  0  123908  0  0  6  14  129667  29  0  0  0  81  0  526235  14  0  0  0  0  0  25  29  70971  793046  9017  0  0  0  0  0  0  0  0  0  0  877101  7082  1  
0  0  0  0  0  1  0  0  0  4  0  2  0  1  0  0  0  2  0  0  2  0  3  0  0  0  0  0  0  0  0  9  0  0  0  0  0  0  0  0  0  0  0  1  0  0  0  0  0  0  0  4  2  0  0  0  0  0  0  0  11  0  0  0  0  28  1  0  0  0  0  0  13  0  0  125  0  2  0  1  0  0  0  22  0  2  19  6  0  0  997  75  1802  0  2542  1  13257  182  477  74  0  0  0  0  0  126  0  96690  5191  244  127998  0  25  0  2537  4  126267  33  9  0  2  11824  2  11166  19  0  0  1  0  6  26  377  156434  17956  51305  0  4  0  18  130  2  1  0  0  0  1013346  1586078  29  
0  0  0  0  0  1  3  0  0  0  0  0  0  0  0  0  0  1  0  0  0  0  0  0  0  0  0  0  0  0  0  0  0  0  0  0  0  0  0  1  0  0  0  0  0  0  0  0  1  0  0  3  0  0  0  0  0  0  0  0  0  0  0  0  0  10  0  1  0  0  0  0  0  0  50084  0  0  13  15926  4199  0  0  0  0  0  3386  134629  578495  0  7  1  4713  0  0  0  0  2  56133  0  3  0  0  0  0  18  1113  2  31  168  0  0  2  0  24505  37  0  0  0  1  0  81183  25  237569  0  0  11791  33  6  0  0  0  0  0  0  0  71301  608  208205  0  2303  1  47  0  3  0  0  0  0  
17  0  0  0  5  29  134  3  0  0  0  5  0  11  6  14  0  8  0  0  0  0  0  0  0  0  0  0  0  0  0  2  0  0  0  0  0  0  0  5  0  0  0  0  4  0  0  0  13  0  0  217  11  114  0  0  0  0  0  0  0  0  0  0  0  194  2  12  2  0  0  0  3  0  5149  0  0  63  26843  5006  9  1  1  0  0  468777  3  317642  73  199  0  8060  0  0  0  0  9  45  10  3  7  421  23  0  4  251  2  0  2  2  0  1  27388  0  85  0  0  0  208  3  2600  45  148939  0  0  115142  7688  707  9  13  0  0  0  0  0  46  16  12  2  1214  73  6759  17  1  1  0  2  0  
115  0  0  0  120  268  71  1  9  1518  0  164  0  156  35  31  27  1817  3  0  11  5  34  2  5  24  0  0  0  90  0  375  0  1  0  17  0  7  0  66  105  0  10  50  28  0  43  279  266  0  0  650  199  121  1  44  0  11  1  0  106  1  0  5  42  2770  1345  14  10  1  2  0  385  1  389  5  0  115688  978  1263  169  336  212  2310  0  147  0  385  90  164  49697  136190  136  0  156  69  50867  258  11099  430491  104  38  2112  8  513  41584  104218  593  1360  427463  19  1899  119  1551  0  6  567  377  59308  136  1142  228533  296717  1142  14  1363  372  2479  71222  14630  11  164  747  191  3421  9  1745  86  137  35491  68014  3546  1713  11  15  1758  15056  67290  
0  2  0  0  0  1  0  0  0  13  4926  0  0  0  0  0  1  4  0  2426  27  7835  3  0  0  0  0  0  0  0  0  23  0  0  0  0  0  1  0  0  0  3374  0  68  0  0  0  2  1  0  16  0  0  0  0  0  0  0  0  0  14  0  0  0  0  4  0  0  0  0  0  0  11  0  0  314113  0  0  0  0  0  0  0  41  361753  0  0  0  0  0  0  2  224071  241393  96388  832400  21  0  2  0  0  0  0  0  0  241  0  0  0  0  11  0  0  0  15  0  0  183904  2  0  0  3  1  0  334708  0  0  0  0  0  344687  15857  338  377  25484  0  0  0  26  5  0  0  0  0  0  22  145  0  
0  0  0  0  0  0  0  0  0  0  0  0  0  1  0  0  0  0  0  0  0  0  1  0  0  0  0  0  0  0  0  0  0  0  0  0  0  0  0  1  0  0  1  0  0  0  0  0  0  0  0  0  0  0  0  0  0  0  0  0  0  0  0  0  0  0  0  0  0  0  0  0  0  0  0  0  0  0  0  0  0  0  1  3  0  0  0  0  0  0  1690  50  7  0  1153  0  448008  1663  15  6  0  0  0  0  0  4  0  147462  322658  76  132449  125566  0  0  118  0  0  0  3  0  2  9982  1  112116  0  0  0  0  1  0  0  5  148  380  6732  0  1  23  0  0  0  0  0  0  0  65898  127463  27  
0  2  0  0  0  1  0  0  7  615  918  0  0  0  0  0  23  34  3  65  13  5158  47  0  0  1  0  0  0  215  0  97  0  4  0  2  0  5  0  0  7  132  11  4341  0  0  2  245  4  0  0  2  0  1  0  0  0  5  5  0  64  0  0  0  46  621  32  1  0  0  0  0  319  1  0  28089  0  5  2  7  2  3  1982  260972  679689  2  0  1  0  2  7  65  8335  81336  3418  900424  46949  0  7886  1275  2  0  75  146  0  83  0  0  0  3  46  116  0  11  192  247229  0  0  1816  0  1  44  433  0  62882  3  2  45  4758  768  96278  309996  15005  3102  113724  0  1  0  177520  4464  137  70  44  0  12  344  90882  0  
28  0  0  1  20  103  111  3  1  82  0  44  0  30  5  109  6  198  3  0  1  2  4  2  2  7  0  0  0  14  0  43  0  1  0  3  0  2  0  7  53  0  2  9  920  0  8  39  92  0  0  941  42  440  0  10  0  9  0  0  5  0  0  1  72  638  715  305  192  1  2  0  96  1  499  3  302322  190876  703  4973  682  143780  167  2741  0  19524  0  1063  2155  1407  200  14300  15  0  0  0  5316  22  17127  123524  1253  1495187  1222848  30  76  3865  1  0  13  684  0  33  21  3153  48692  2  2  332  0  349698  624  6247  213804  2  8  3149  534  32511  32691  15545  6  134  35  1  351  11  144  27  139  8297  1169325  309341  375591  1  41  15  2164  4  
7  0  1544  1  1  52  70  306  1116  0  0  4  0  3  1  230  0  36  0  0  0  0  1  0  2  3  0  0  0  167  0  6  0  0  0  0  0  0  0  3  12  0  0  1  509  415  2  6  31  0  0  481  15  231  0  2  0  10  0  0  1  0  0  1  35  519  259  184  113  0  152  0  27  0  3  0  310847  0  9  1283  526  213283  217916  353  0  2  0  1  17  3726  0  1290  0  2  0  0  45  0  176  76  98169  11162  5909  325429  4  512  0  0  0  13  0  0  0  2  1915  0  0  3  315157  0  19  555  527  0  0  136  12  24008  209  1049  1  35  2  0  4  0  17  2  1560  16066  261325  121  1893  0  163549  0  31  0  
0  0  0  0  1  4  1  0  0  0  0  3  0  0  3  2  0  2  0  0  0  0  1  0  0  0  0  0  0  0  0  13  0  0  0  0  0  0  0  0  0  0  0  0  0  0  0  0  0  0  0  7  1  0  0  0  0  0  0  0  1  0  0  0  0  48  0  0  0  0  0  0  0  0  23523  0  0  10  9689  16734  1  0  0  1  0  6250  40912  37649  2  34  1033  308034  0  0  1  0  3736  410529  8  3  0  0  8  0  3278  58093  51  45  1020  2  0  2  99228  4042  1432  0  0  0  37  1  0  900  71117  0  0  2749  65  41  3  3  0  0  1  0  8  1399  66604  272937  0  980  52  66  5  27  0  0  9  1  
15  0  0  0  22  33  5  0  0  32  0  18  0  25  9  0  0  61  0  0  1  1  6  0  0  0  0  0  0  0  0  54  0  0  0  0  0  0  0  13  0  0  0  0  5  0  6  12  20  0  0  71  29  7  0  2  0  0  1  0  15  0  0  1  0  362  14  0  0  0  0  0  27  0  9  13  0  256  15  113  19  20  25  412  0  103  34  20  11  17  440084  110818  166  0  49  4  104900  4347  547  5285  9  0  400  0  114  8062  183470  118966  581099  52973  12  20339  83  32  226048  2  29310  127  2167  4  2141  0  9392  1644  10  54  19  405  425  33  28  207  2380  115  2077  0  622  22  15  1650  816  249  486  1  1  19619  776462  108492  
28  0  0  0  28  68  60  1  1  22  0  65  0  41  12  10  4  83  1  0  0  0  0  0  0  1  0  0  0  7  0  71  0  0  0  0  0  0  0  21  1  0  0  2  51  0  2  13  44  0  1  244  60  46  0  2  0  1  0  0  1  0  0  2  6  845  59  18  10  0  0  0  13  0  66014  1  1  332358  49892  41662  3400  240  147  387  0  480304  0  114592  448  2204  58077  398768  3  0  2  1  6012  1972  10448  33471  82  9276  4164  50  1316  29747  274  3  269  337  0  4  119183  237859  292987  0  0  63  265594  57  72379  32103  0  0  1  55963  9677  14690  15896  8492  1  162  20  1  69  1510  4979  1909  291  11822  79124  150778  5605  21  21  3  440  2  
0  0  0  0  0  0  0  0  0  0  0  1  0  0  1  0  0  0  0  0  0  0  1  0  0  0  0  0  0  1  0  1  0  0  0  0  0  0  0  0  0  0  0  0  0  0  0  0  1  0  0  0  0  0  0  0  0  0  1  0  4  0  0  0  0  0  0  0  0  0  0  0  1  0  0  0  0  0  0  0  0  0  0  7  0  0  0  0  0  0  190  21  1  0  338584  0  110438  4  4  1  0  0  0  0  0  23  0  30  3437  42  597421  53897  0  0  148  0  183552  1  4  0  0  14135  2  0  0  0  0  0  0  0  0  3  134  160841  100515  0  1  0  0  8  1  0  0  0  0  276455  172016  5  
0  0  0  0  0  0  0  0  0  0  0  0  0  0  0  0  0  0  0  0  0  1  0  0  0  0  0  0  0  0  0  3  0  0  0  0  0  0  0  0  0  0  0  0  0  0  0  0  0  0  0  0  1  0  0  0  0  0  0  0  1  0  0  0  0  0  0  0  0  0  0  0  1  0  0  121791  0  0  0  0  0  0  0  3  8  0  0  0  0  0  0  0  4914  0  323281  337265  138  0  2  0  0  0  0  0  0  53  0  0  0  1  6  0  0  0  1  313280  0  8468  0  0  0  2  1  0  0  0  0  0  0  0  69502  79  13824  971  386328  0  0  0  0  1  0  0  0  0  0  13  126  0  
56  0  0  1  112  110  614  16  0  0  0  26  0  26  154  47  0  23  0  0  0  0  0  3  0  1  0  0  0  0  0  25  0  0  0  0  0  0  0  17  0  0  0  0  50  0  2  3  51  0  0  1066  152  282  0  0  0  0  0  0  1  0  0  4  6  1383  19  53  7  0  0  0  6  0  129978  0  1  1  115478  183734  1199  36  48  53  0  248686  0  700022  1181371  38287  0  3160  2  0  0  0  51  874  529  110  266  85  234478  23  41  4383  0  0  0  21  0  1  16999  205010  1123  0  0  4  1308  37  1870  550  16893  0  0  0  350753  319254  647  506  0  5  1  0  7  152341  311  227  60  40704  1888  425444  1110  11  44  1  35  0  
123  0  0  1  85  282  2828  39  1  1  0  47  0  58  119  139  0  76  0  0  0  0  1  8  0  1  0  1  0  0  0  24  0  0  0  0  0  0  0  24  1  0  2  0  47  0  12  1  122  0  0  4664  148  1242  0  1  0  0  0  0  0  3  0  11  9  4020  43  105  16  0  0  0  15  0  250335  0  0  1  638263  157514  413  75  193  20  0  10110  0  3198  1510099  229208  1  2716  0  0  0  0  28  1217  224  58  109  5  211  20  12  2318  0  0  0  14  0  0  362  30102  876  0  0  1  2139  21  1084  360  20905  0  0  781318  0  367723  312  450  0  3  0  0  3  38994  116  100  121  17043  1764  34807  378  6  126  0  24  0  
60  0  0  0  7  304  2684  96  3  2  0  37  0  30  13  235  1  163  0  0  0  0  1  7  2  3  0  1  1  2  0  16  0  0  0  0  0  1  0  9  12  0  0  2  750  0  12  10  151  0  0  4069  72  1393  0  9  0  7  0  0  2  0  0  3  63  5391  393  451  177  1  1  0  48  0  478  1  5  12  4864  191564  277559  79912  569  233  0  1674  0  197  615009  1788690  6  5319  3  3  2  1  296  23  2661  735  24095  123  7152  641  15  1215  0  0  0  103  0  3  18  1216  5408  0  1  21  15856  1972  1272  1411  13985  1  0  341197  388749  0  3166  4239  4  48  12  0  34  10  94  93  941  34002  31410  172149  396838  1  554  0  285  1  
20  0  0  0  16  51  11  1  0  21  0  31  0  21  6  6  1  93  0  0  0  0  2  1  0  0  0  0  0  1  0  48  0  0  0  0  0  0  0  16  1  0  0  5  13  0  6  12  37  0  0  152  43  24  0  1  0  1  0  0  2  0  0  0  5  459  28  6  3  0  0  0  27  0  30  13  0  566  75  218  17  11  85  662  0  16  0  18  23  28  42  15283  6  0  4  3  1103  2  481606  513430  9527  108  563  0  67  7694  0  0  1  10502  0  3  3  186  44176  4  0  1294  10898  5  126  3902  14108  0  25  160  39  468  0  258637  9  7  8  1  129  0  244  12  15  8149  162093  540  361  2  1  1  66703  1  
79  0  0  0  30  201  159  3  11  114  0  37  0  24  7  171  44  2444  4  0  0  0  25  5  12  19  0  0  0  134  0  63  0  3  0  14  0  2  0  15  365  0  11  94  1790  1  51  375  512  0  0  1927  102  779  0  108  0  37  0  0  5  0  0  2  141  1028  3202  467  210  1  15  0  778  2  4  291  1  20  27  442  237  74  21373  35696  15  3  0  2  132  81  22  17266  66248  75431  48  43  641  2  1142724  19621  1017563  230  700  39351  73  8686  0  0  1  251  1  5  0  19  12583  97  0  3466  5551  53  181  4230  4166  0  173  79  22  2124  295878  0  529  173433  869  14  437  1  310  12  58484  373939  267158  142  812  3  615426  5  12468  1  
0  0  0  0  0  0  0  0  0  0  0  0  0  0  0  0  0  0  0  0  0  0  0  0  0  0  0  0  0  0  0  0  0  0  0  0  0  0  0  0  0  0  0  0  0  0  0  0  0  0  0  0  0  0  0  0  0  0  0  0  0  0  0  0  0  0  0  0  0  0  0  0  0  0  0  78151  0  0  0  0  0  0  0  57  5912  0  0  0  0  0  0  0  756547  8296  6078  54197  4  0  17  0  0  0  0  0  0  0  0  0  0  0  34  0  0  0  1  443606  0  57449  1  0  0  1  2  0  18752  0  0  0  2  7  0  70135  69614  1414  11261  0  0  0  19  19  0  0  0  0  0  130  487  0  
2  0  0  0  0  6  10  1  0  2  0  4  0  3  0  6  1  8  0  0  0  0  3  0  0  1  0  0  0  0  0  1  0  0  0  0  0  0  0  1  9  0  1  0  55  0  1  6  10  0  0  56  0  10  0  1  0  0  0  0  1  0  0  0  4  24  91  16  6  0  0  0  21  0  0  8382  0  25  5  129  68  17  4861  9671  48660  2  0  0  2  21  11  184  688693  406353  1652  24126  234  1  87517  22  2304  0  137  1378  1  68  0  0  1  9  35  310  0  7  353  28849  1  340963  403  1  13  96  1307  3  2208  25  4  353  274  221382  180378  0  48262  374  3922  0  2  2  229324  10685  882  44  302  0  1927  244  157194  0  
0  0  0  0  0  2  0  0  0  13  0  4  0  1  0  0  2  1  0  0  1  1  16  0  0  0  0  0  0  0  0  21  0  0  0  0  0  1  0  0  0  0  1  1  0  0  0  5  3  0  0  1  2  0  0  0  0  1  3  0  46  0  0  0  0  28  0  0  0  0  0  0  29  0  0  204920  0  0  0  0  1  0  14  365  39  0  0  0  0  0  141  20  604583  1  67260  7004  1192  7  232  1  0  0  2  0  0  226  0  0  67  28  82777  210139  0  0  268  22853  36  11791  3  0  1  651  5  51  84944  0  0  1  7  121  174166  67440  0  172862  199463  0  1  0  446  203  3  0  0  0  1  309250  193704  4  
0  0  0  0  0  0  0  0  0  0  0  0  0  0  0  0  0  0  0  0  0  0  0  0  0  0  0  0  0  0  0  0  0  0  0  0  0  0  0  0  0  0  0  0  0  0  0  0  0  0  0  0  0  0  0  0  0  0  0  0  0  0  0  0  0  1  0  0  0  0  0  0  0  0  0  118616  0  0  1  0  0  0  3  37  14  0  0  0  0  0  13  2  2133  1  880934  412  527  0  17  0  0  0  0  0  0  4  0  0  44  3  659182  33622  0  0  8  3848  79  5841  2  0  0  56  0  213792  17608  0  0  0  4  0  13108  166  119164  0  211358  0  0  0  1  11  0  2  0  0  0  336520  7961  0  
7  10  0  0  14  27  0  0  0  383  0  14  0  5  1  1  29  129  2  0  139  826  325  0  0  0  0  0  0  1  4  1076  0  4  6  5  0  31  0  9  7  0  65  99  0  0  17  358  32  0  2  28  22  2  0  0  0  16  20  0  980  0  1  2  4  341  5  0  0  0  0  0  838  0  0  8412  0  3  2  12  2  0  102  13262  375  0  0  1  0  1  945  344  10454  138  970483  555944  599038  42  333  175  0  0  17  0  10  18672  0  58  7683  953  3094  58183  0  1  2040  15399  27165  110184  337  0  5  16425  148  175254  461383  3  1  19  172  15  57536  5236  56044  243354  0  0  36  0  51  820  49  13  40  0  0  143005  131745  82  
0  0  0  0  0  0  0  0  0  0  0  0  0  0  0  0  0  0  0  0  0  0  0  0  0  0  0  0  0  0  0  1  0  0  0  0  0  0  0  0  0  0  0  0  0  0  1  0  0  0  0  1  2  0  0  0  0  0  0  0  0  0  0  0  0  18  0  0  0  0  0  0  0  0  126646  0  0  0  7490  10481  0  0  0  0  0  1  119773  188369  60196  1  1  316  0  0  0  0  2  271657  0  0  0  0  0  0  52  2013  0  0  0  0  0  0  64717  7  47  0  0  0  1  0  1933  19  2702  0  0  157431  15206  3  0  0  0  0  0  0  1  0  671  30055  0  5254  4  3  0  2  0  0  0  0  
0  0  0  0  0  2  0  0  0  0  0  2  0  0  0  1  0  5  0  0  1  0  0  1  0  0  0  0  0  0  1363  229  0  0  0  0  0  0  0  0  0  0  0  0  0  0  0  1  1  0  0  2  1  0  0  0  0  0  0  0  0  0  4  0  0  41  0  0  0  0  0  0  0  0  38290  0  0  0  10792  97369  0  1  0  9  0  3  2  184  0  1025  1917  136465  1  0  13  5  49390  563006  6  2  0  0  6  0  300143  282578  0  0  5  7  0  4  1170  6  631  0  2  3  29  0  64853  822  1529  0  0  158  16  9  0  3  0  0  2  0  48  137  0  71015  0  3222  12  59  1  65662  0  1  23  0  
0  0  0  0  0  1  0  0  0  0  0  0  0  0  0  0  0  0  0  0  0  0  0  0  0  0  0  0  0  0  1  0  0  0  0  0  0  0  0  0  0  0  0  0  0  0  0  0  0  0  0  1  0  0  0  0  0  0  0  0  0  0  0  0  0  10  0  0  0  0  0  0  0  0  60503  0  0  0  11999  28549  0  0  0  0  0  1  70319  98699  0  478  40  3072  0  0  0  0  100  1027843  0  0  0  0  1  0  1340  18525  0  1  2  0  0  0  362691  10  135  0  16  0  0  0  211830  34  580  0  0  143  2  4  0  1  0  0  0  0  1  53288  57694  0  0  809  8  2  0  505  0  0  0  0  
16  0  0  0  1  22  70  6  30  94  30298  11  0  11  3  33  0  20  0  7  0  23484  5  0  0  1  0  0  0  2982  0  4  0  0  0  0  0  0  0  4  4  4  0  26422  130  0  1  4  11  0  0  223  3  94  0  2  0  1  0  0  2  0  0  0  22193  251  108  33  25  0  22  0  14  0  36  196  0  87  64  8758  2412  183  40148  112184  555323  5  0  8  27  198  16  1405  52  447268  6  81232  410  2  11832  121  48257  0  471  500457  7  426  0  0  1  41  0  2  1  20  2543  187  0  239243  1827  36  79  615  8379  0  89  191  52  2970  1276  59608  231  350614  418  3  280  0  18  6  0  55906  6762  236  1861  0  57046  5  1634  8  
1015  1  0  3  1744  37633  13160  24147  2077  20690  0  1380  2  903  3261  3046  167  11535  11  0  3  3  131  31  55  169  4  18  0  984  17  3553  5  35  3  100  0  5  2  551  1241  0  80  580  10700  21  223  2653  2831  0  1  13415  4285  3111  6  323  0  171  4  0  209  3  3  81  1081  198489  24026  1753  1227  350  43  1  3050  22  4987  17  6  149  8671  600592  283417  267631  314832  243340  0  228  0  1024  223  23116  22  14028  17  26  20  8  2376  384  11719  1264  11841  23  1578  14532  472  72466  0  1  2  460  0  12  453  1440  25309  1  0  1761  12932  5634  677  3137  20892  0  9  26533  2708  19944  1489  23857  24  882  54  0  399  279  1022  142  37806  0  23790  5372  5061  18168  69169  11  1589  6  
66  0  0  2  45  293  295  12  8  52  0  81  0  78  17  220  9  475  1  0  2  1  6  3  14  9  0  0  0  29  0  93  0  1  0  6  0  0  0  39  113  0  3  25  3495  1  29  79  268  0  0  2250  148  973  0  44  0  43  0  0  3  1  0  6  272  2172  2576  773  476  1  3  0  231  0  278  0  107800  24430  664  3230  408  2921  791  1714  0  429  0  528  3258  425  79  36494  6  1  4  1  3180  15  30945  748628  292319  545253  29303  755  171  16576  0  0  3  13425  0  6  9  3079  41322  0  3  147  795541  219008  439  11467  53216  0  1  2173  695  61711  185550  276088  4  117  23  0  89  4  554  23  632  45423  0  12108  72194  2  3567  9  1356  3  
19  0  0  0  12  54  131  26  0  0  0  20  0  16  9  25  0  19  0  0  0  0  0  1  0  1  0  0  0  0  0  17  0  0  0  0  0  0  0  6  3  0  0  0  127  0  1  1  16  0  0  327  27  91  0  1  0  1  0  0  0  0  0  2  10  539  49  48  12  0  0  0  9  0  734  0  1  103948  2546  30606  850  38  14  44  0  326698  0  283  248797  4016  4  5349  0  0  0  0  104  24  640  136  1362  1945  735673  53  40  1525  0  0  0  25  0  0  32  2310  2759  0  0  6  366188  49  1064  860  108175  0  0  538964  6989  167703  1000  652  0  7  5  0  14  15  97  44  19  4157  4101  0  16039  2  7  0  71  0  
33  0  0  1  5  199  472  23  2  24  0  19  0  14  3  226  2  183  1  0  0  0  2  6  5  5  0  1  0  7  0  19  0  1  0  0  0  1  0  6  16  0  2  5  1568  1  10  20  126  0  0  1934  31  890  0  20  0  17  0  0  2  0  0  2  116  1000  786  604  364  0  1  0  69  0  57  0  12244  37  159  22882  6452  91581  128  1315  0  15  0  16  154761  171655  32  3278  8  0  1  1  1183  6  11954  2128  13883  7232  1052978  146  11  876  0  0  1  329  0  3  5  54  10193  0  1  119  514703  2013  215  2311  8523  1  1  474  105  354982  12476  12030  6  173  18  1  170  1  35  16  385  31057  99666  14558  0  2  53  8  956  5  
0  0  0  0  0  5582  1  0  0  0  0  1  0  0  0  247  0  13  0  0  0  0  1  2  0  0  0  0  0  0  26367  15535  0  0  0  0  0  0  0  0  0  0  0  0  0  0  7  1  11  0  0  0  1  0  0  0  0  0  0  0  0  0  1  0  0  6324  0  0  0  3434  0  0  0  0  87257  0  0  0  43566  451084  0  0  0  0  0  0  0  16  0  74856  0  500  0  0  1  0  3  50953  0  0  0  0  0  0  251119  104420  0  0  0  0  0  0  159  0  73  0  0  0  1  0  133  73  217  0  0  7  0  1  0  1  0  0  1  0  2  8  49338  2621  0  15807  4  4  0  0  0  0  1  0  
12  0  19  0  1  35  85  16  30909  3627  11  2  0  1  0  57  2  78  0  0  0  15  8  2  5  8  0  0  1  16899  0  2  0  0  0  2  0  0  0  0  53  0  0  391  1889  172  3  21  83  0  0  772  11  263  0  21  0  24  0  0  2  0  0  0  3839  696  1600  357  197  0  217944  0  64  0  3  2  14  0  9  334  839  1126  468812  494  6  1  0  0  4  2160  1  226  0  5877  0  0  40  0  891  38  273183  10  891  934075  0  77  0  0  0  8  0  0  0  5  424  1  0  24  2986  156453  2  131  420  0  1  26  9  9815  254  573805  1  502  3  0  3  0  2  0  60549  102973  15429  40  3921  0  0  0  158  0  
0  0  0  0  1  4  0  0  0  3  0  3  0  1  0  0  0  2  0  0  1  0  3  0  0  0  0  0  0  0  0  6  0  0  0  0  0  2  0  1  0  0  0  1  0  0  0  2  2  0  0  5  2  0  0  0  0  0  1  0  12  0  0  0  0  26  0  0  0  0  0  0  14  0  0  229  0  0  0  0  0  0  0  13  0  0  0  0  0  0  473  51  160  0  16544  6  11788  32  8  6  0  0  0  0  0  120  0  164  7273  141  779961  947677  0  0  1821  19  75211  55  4  0  2  9681  4  163925  54  0  0  1  2  0  88  56  280234  229876  123765  0  4  0  0  67  1  1  0  0  0  0  212043  25  
12  0  0  0  20  30  0  0  0  186  0  25  0  17  2  0  8  66  1  0  32  13  148  0  0  0  0  0  0  3  0  289  0  1  0  0  1  9  0  11  10  0  21  33  2  0  10  149  21  0  0  55  18  2  0  0  0  12  13  0  402  1  0  1  1  419  20  0  0  0  0  0  425  0  3  1282  0  31  5  21  4  2  293  8495  3  4  4  2  2  3  10764  1606  213316  2  9679  276  227621  367  863577  103090  7  0  147  7  2  3908  17324  836186  457671  185636  395  1762678  1  22  17202  560  100171  34048  2382  1  27  747455  348  14393  1836  21  5  73  88748  14441  4327  104447  158380  5981  337312  0  43  0  1388  4915  406  146  63  0  5  226060  0  69837  
0  0  0  0  1  1  0  0  0  1  0  1  0  0  0  0  0  0  0  0  0  0  0  0  0  0  0  0  0  0  0  4  0  0  0  0  0  0  0  0  0  0  0  0  0  0  0  0  1  0  0  1  0  0  0  0  0  0  0  0  1  0  0  0  0  13  0  0  0  0  0  0  1  0  0  0  0  1407  0  1  0  0  2  2  0  1  0  0  0  0  22  30  2  0  0  0  318  2  20  17584  0  0  1  0  0  33  291767  168665  35583  258293  0  2  0  0  60064  0  0  0  52  0  0  146186  11  0  0  0  0  1  3  0  0  0  4  0  15  0  0  0  0  16  1  1  1  0  0  2  50388  0  
