0  0  0  13  416675  100499  2  0  2  8  0  795  5  20466  138294  15242  27  1695  4  0  0  1  16  297207  0  21  0  0  1  0  109179  10262  0  0  0  0  0  0  9150  8270  72  0  0  18  8  0  5051  15  73240  0  0  283303  238473  135  11  2  1  2  1  0  0  67692  431  62126  1  2561  52  569  41  164239  0  0  104  0  0  0  0  0  0  3  0  0  1  0  0  0  0  0  0  0  0  0  0  0  0  0  0  0  0  1  0  0  0  0  0  21  0  0  0  1  0  0  0  0  2  0  0  0  0  0  0  0  0  0  0  0  0  0  0  0  0  0  0  0  0  0  0  0  0  151  0  0  0  0  0  0  0  0  
0  0  0  34  0  0  1  0  3  0  0  0  0  0  1  0  1  9  245583  0  532898  95721  1  0  5  2  0  0  0  1  0  0  0  0  0  0  65107  32625  0  0  5  496162  0  1164  317  0  0  17  6  1  665993  0  1  11  129  0  516273  103  485306  231131  65808  0  0  0  3  7  1  78  7  0  0  0  975  0  0  0  0  0  0  0  0  0  0  0  0  0  0  0  0  0  0  0  0  0  0  221  0  0  0  0  0  0  0  0  0  0  0  0  0  0  0  0  0  0  0  1  0  4  0  0  0  0  0  0  2  0  0  0  0  0  0  0  0  0  1  0  0  0  0  0  0  0  0  0  0  0  0  0  
0  0  0  14  0  151  16  103560  1447  0  0  0  0  0  0  493616  19  54  7  0  0  0  0  0  0  29  134393  268849  158391  88734  0  18  0  0  0  0  0  0  0  0  29  0  0  0  361494  492492  2  30  1142  0  0  3  0  280  3  5  5  4  0  0  1  0  0  0  1  55  91310  0  111101  3  83  0  1  0  0  0  3082  0  0  0  0  440  795  0  0  0  0  0  0  2261  0  0  0  0  0  0  0  0  0  1  0  0  0  2487  0  0  0  0  0  0  0  0  0  0  1  0  0  0  0  12311  0  0  0  0  0  0  0  0  0  0  0  0  0  0  0  0  0  0  0  3  0  0  0  0  324  0  0  0  
308  3  18  0  1057  1945  1528  2126  637  14  0  315699  131  506  544  142  2678  7401  1991  1  0  24  17  89  33  707548  3  370223  128827  10  2  243  99038  1188  483  110  0  7  189  3929  294673  2  6  2146  421178  0  1087  1295  629985  0  645  7706  774  1917  3814  145  6100  151  82  254  490  9  36  51  423  1874  80276  89662  7161  30  218  0  3265  743  0  0  0  0  0  2  0  0  0  0  0  0  0  0  0  0  0  0  0  0  0  0  0  0  0  0  0  0  0  0  0  1  0  0  0  0  0  0  0  0  1  0  0  0  0  1  0  0  0  0  0  0  0  0  0  0  0  0  0  0  0  0  0  0  0  40  1  0  0  0  0  0  0  0  
380053  0  0  11  0  78198  7  0  0  5  0  260  2  1287  63779  357101  7  384  6  0  0  0  1  7027  0  18  0  0  0  0  36296  1276  0  0  0  0  0  0  388  8029  74  0  0  8  11  0  501  5  17839  0  0  24047  150468  140  6  1  5  0  0  0  0  2  52  5280  0  340  44  369  22  25801  0  0  16  0  0  0  0  0  0  95  0  0  0  0  0  0  0  0  0  36  0  0  0  0  1  0  0  0  0  1  0  0  0  0  1  2  0  0  0  1  0  0  0  0  0  0  0  0  0  0  0  0  0  0  0  0  0  0  0  0  0  0  0  0  0  0  0  0  0  39  0  0  0  13  0  0  0  0  
151514  0  8  602  123069  0  312262  6260  10601  54  0  858  1  6030  38665  815910  209  17167  224  0  2  0  52  93397  5  1245  26  0  88  18  35932  213138  4  0  0  0  0  1  1202  10083  1584  0  5  280  2671  2  6899  1069  80625  0  26  49445  19760  72908  771  167  149  35  3  5  14  43  22994  49152  1544  493830  5827  4521  9575  502468  83  0  1555  2  237  0  0  1  31  32091  578  104  117  1  0  0  0  1  14  6091  0  5  0  0  0  0  6  11  0  17  3  0  0  0  4473  3093  0  0  0  4  0  0  4  0  40  0  0  0  11  1  11  4  5  0  1  26  14  2  0  21  0  0  0  0  1  20  9  12  2  85617  8  2  0  3632  14  0  24  0  
38  0  6  3913  206  451196  0  476070  101427  5  0  113  0  1  452  936950  40  1375  693  1  0  1  4  2  17  1646  37  1  195  808  0  224  0  0  0  0  0  0  2  975  660  0  0  1661  16085  7  339  276  17070  0  55  16486  419  85050  4523  353  439  73  8  11  27  0  24  7  36776  372687  6005  20254  40967  18  965  0  325  0  0  0  0  0  1  2344  5388  4960  495  0  0  0  0  0  0  659  0  0  0  0  0  0  0  0  0  1  1  0  0  0  0  9  0  0  0  0  0  0  0  0  3  0  0  0  1  1  0  0  0  0  0  0  3  0  0  0  0  0  0  0  0  0  0  0  0  3602  1  0  0  0  13  0  0  0  
27  0  48210  7247  193  15066  431246  0  421902  7  0  327  0  4  154  556459  26  394  536  1  0  1  12  1  3  1798  9  48  68030  275  0  65  0  0  0  0  0  0  1  2974  478  0  0  754  95378  246497  171  271  3576  0  14  7053  289  252896  2394  386  868  40  1  1  18  0  5  5  6848  261882  16950  2834  225207  6  3515  0  181  0  0  0  222  0  1  43  160  51909  3728  0  0  0  0  0  0  35614  0  0  0  0  0  0  1  0  0  0  0  0  6  12  0  2  0  0  0  0  0  0  0  0  1  0  0  0  0  969  0  0  0  0  0  1  0  0  0  0  0  0  0  0  0  0  0  0  0  5359  0  1  0  0  119  0  0  0  
1  0  130  48  7  3459  13024  181227  0  19150  0  3  0  1  8  512  73  1530  2715  73  0  34  3  2  39  3099  108  231  341  50064  0  252  0  0  0  0  0  0  0  19  5108  0  0  2943  4100  183864  23  1701  3451  0  30  98  9  5202  10616  9695  1400  134  9  2  35  0  8  1  45121  368322  21793  372  1052  4  343317  0  343  1  0  0  40  1  0  0  3  3662  65982  281  4  0  0  0  0  631  0  2  0  0  0  3  2  0  0  22  1  0  0  6405  0  0  0  0  0  10  0  0  1  0  379  0  1  2  5  2040  0  7  1  0  1  2  0  0  0  4  0  0  0  1  3  0  0  0  0  88512  5  2  0  0  116074  0  0  0  
148  1  1  279  1050  967  329  330  23832  0  30  337  0  65  543  64  303  58687  616  16  4  6233  50506  13  47  3638  58  1  117  132284  3  6432  10  0  6  2  0  4  5  3456  54687  9  112  390775  1561  3  860  19158  41819  7  1333  1643  1121  609  13288  884  830  151  198  23  181  0  85  22  16127  642339  1829  4656  289  92  206  1  25103  1257  11  0  0  313  97  87  154  25  4420  695  9  72  0  57  35  7  7  309  118  0  8  289  110  10  3  657  45  1  26  117  13  164  0  0  2  166  1  0  37  0  7867  2  3  20  1238  94  112  86  1418  0  21  446  75  89  1  1619  53  3  1  4  30  2  72  4  41  203320  419  542  41  0  332  0  455  0  
0  5  0  0  0  0  0  0  17  24  0  0  0  0  0  0  0  1  1121  1240704  0  84368  0  0  253  2  439  0  0  73788  0  0  0  0  0  0  0  0  0  0  7  98276  0  1238061  1  0  0  3  5  0  0  0  0  1  52  53  5337  490495  0  0  79  0  0  0  582401  24  2  30  0  0  27  0  176  0  0  0  0  0  0  0  0  0  0  4  180812  0  0  0  0  0  0  0  0  1137  0  6028  0  0  0  0  0  0  0  1136  0  0  0  0  0  0  0  0  0  0  3  577  0  2182  0  0  0  0  0  0  0  0  0  0  0  0  0  0  0  0  0  0  0  0  206  5  0  0  0  0  1  0  0  0  
1589  0  0  656006  8057  4143  5  1  1  5  0  0  4445  107008  5131  162  679  26488  7  0  0  0  0  178  0  29  0  0  111700  0  0  70  4303  710  415  0  0  0  468  381201  31  0  0  8  49721  0  9436  260  312148  0  1  446779  10844  422  13  1  5  0  0  0  0  13  6  447  4  68  56  408780  98  15  0  0  5  0  0  0  0  0  0  0  0  0  0  0  0  0  0  0  0  0  0  0  0  0  0  0  0  0  0  0  0  0  0  0  0  0  0  0  0  0  0  0  0  0  0  0  0  0  0  0  0  0  0  0  0  0  0  0  0  0  0  0  0  0  0  0  0  0  0  6  0  0  0  0  0  0  0  0  
16  0  0  119  1  98  0  0  0  0  0  2032  0  47274  0  2  6  2671  0  0  0  0  0  200943  0  0  0  0  5  0  1  44  3  15  100  0  0  0  183967  129  1  0  48  0  0  0  217771  5  1194  0  0  9  0  0  0  0  0  0  0  0  0  41009  22  23277  0  2  0  0  0  5  0  0  0  0  0  0  0  0  0  0  0  0  0  0  0  0  0  0  0  0  0  0  0  0  0  0  0  0  0  0  0  0  0  0  0  0  0  0  0  0  0  0  0  0  0  0  0  0  0  0  0  0  0  0  0  0  0  0  0  0  0  0  0  0  0  0  0  0  0  0  0  0  0  0  0  0  0  0  
15695  0  0  11  8822  13774  2  0  1  2  0  125000  66998  0  12144  226  1  460  0  0  0  0  1  3706  0  2  0  0  69  0  1  346  0  0  0  0  0  0  247658  325584  20  0  0  2  0  0  11694  2  142520  0  0  394894  11495  57  1  2  2  0  0  0  1  73357  16  18449  2  142  4  161  3  90  0  0  2  0  0  0  0  0  0  0  0  0  0  0  0  0  0  0  0  0  0  0  0  0  0  0  0  0  0  0  0  0  0  0  0  1  0  0  0  0  0  0  0  0  0  0  0  0  0  0  0  0  0  0  0  0  0  0  0  0  0  0  0  0  0  0  0  0  0  9  0  0  0  0  0  0  0  0  
187880  0  0  30  65432  28261  50  5  24  6  0  15043  0  2429  0  407211  10  455  12  0  0  0  1  71  2  690  0  0  119239  0  0  566  0  0  0  0  0  0  13  1925  69  0  0  10  2486  0  130  33  9245  0  0  1641096  884371  1141568  94  9  12  0  0  2  1  184480  33  84  22  804  346  318043  77690  49  36  0  46  0  0  0  0  0  0  2  0  0  0  0  0  0  0  0  0  0  0  0  0  0  0  0  0  0  0  1  0  0  0  0  0  3  0  0  0  0  0  0  0  0  0  0  0  0  0  0  0  0  0  0  0  0  0  0  0  0  0  0  0  0  0  0  0  0  0  32  0  0  0  0  0  0  0  0  
34290  0  579941  100  495520  760833  767782  591390  1308  6  0  23  0  43  398628  0  24  1183  47  0  0  0  9  2479  2  289  2  13  65820  4  52689  6169  1  0  0  0  0  0  46  381  189  0  2  35  33673  27657  201  119  6720  0  7  7395  161189  1238981  110  34  27  15  1  2  3  1  21  1882  164  20821  1493  1292  233098  171934  47  0  358  0  0  0  1895  0  2  8932  4546  21793  446  1  0  0  0  0  0  40244  0  0  0  0  0  0  0  0  0  0  0  0  29  68  5  730  0  0  0  0  0  0  0  0  0  0  0  0  0  925  1  0  1  0  0  0  0  0  0  1  0  0  0  0  0  0  0  0  0  729  0  0  0  19  23  0  0  0  
2  0  79  7321  13  84  34  89  164  325  0  616  9  0  6  75  0  528889  6124  2  1  2  43585  5012  2  1771  6  1  253  10  1  47783  5875  72  97697  14  0  23  1  44  60349  0  35573  810  6809  4  33986  555661  320949  138  80  34  16  49  1063  175  464  2053  24  7  50  0  271  86  674  402  3371  102  4929  51  8  2  20089  123  0  0  0  4  0  1  5  2  39  4  0  2  0  1  0  0  0  9  2  0  1  0  2  2  0  49  2  0  2  0  7  56  0  0  0  14  1  1  0  0  180  0  2  0  4  5  0  21  9  0  2  2  1  0  0  25  0  0  0  4  1  0  1  0  3  221  7  6  1  0  3  0  10  0  
1323  1  2  12184  447  4136  8  13  160  876  0  30273  4372  446  33  21  297252  0  432  2  4  6  33723  63580  7  1770  4  0  48  22  1476  236583  2999  144  18248  6  0  17  760  136  11794  1  19412  1846  298  0  492191  134995  537751  122  150  510  25  209  1947  49  396  69  30  11  63  2  4595  1511  508  1139  223  167  253  3731  12  1  31846  149  0  0  0  6  1  2  3  0  69  8  0  3  0  2  1  0  0  12  1  0  2  0  11  1  0  126  1  0  1  0  18  87  0  0  0  27  0  0  1  0  320  0  3  2  17  9  1  32  15  0  7  9  1  0  0  54  0  0  0  1  15  1  2  1  1  427  22  10  2  0  12  0  18  0  
0  220024  0  221  2  12  18  19  74  14  140  0  0  0  16  0  14  180  0  75851  109  16304  25  0  381356  120  0  0  5  2  0  17  0  0  0  0  14  11238  0  0  623  251611  3  19942  3272  0  5  520  533  0  41000  33  6  205  701  2142  2010258  985745  458480  1639  41086  0  0  0  26656  64  54  20731  37  1  2  0  692037  0  0  0  0  0  0  0  0  0  0  0  0  0  0  0  0  0  0  0  0  0  0  0  0  0  0  1  0  0  0  0  0  0  0  0  0  0  0  0  0  0  2  0  0  0  0  0  0  0  0  0  0  0  0  0  0  0  0  0  0  0  0  0  0  0  0  2  0  0  0  0  0  0  1  0  
0  69  0  0  0  0  0  1  1651  0  1333874  0  0  0  0  0  0  38  52886  0  0  365  0  0  7548  26  148698  0  17  13254  0  5  0  0  0  0  0  0  0  0  76  168193  0  334218  67  0  0  29  33  0  2  0  0  1  119  102154  7908  750571  4  0  21  0  0  0  462016  16  21  92  2  0  6288  0  486  0  0  0  0  0  0  0  0  0  0  0  28344  0  0  0  0  0  0  0  0  257  0  1  0  0  0  0  5  0  0  865  0  0  0  0  0  0  0  0  0  0  0  31  0  42  0  0  0  0  0  0  0  1  0  0  0  0  0  0  0  0  0  0  0  0  4  0  0  0  0  0  0  0  0  0  
0  393078  0  4  0  0  1  0  0  4  0  0  0  0  1  0  0  2  94  0  0  56715  151960  0  6  12  0  0  0  0  0  8  0  0  0  0  210971  2886  0  0  70  4  174  224  31  0  0  12  1  495275  156516  1  0  1  54  0  33  1  23500  511263  816700  0  0  0  5  1  0  29  2  0  0  41  663  0  0  0  0  0  0  0  0  0  0  3  0  0  0  0  0  0  0  0  0  0  28  11  1  0  0  1  1  0  0  0  0  2  0  0  0  1  0  0  0  0  3  2  0  0  1  0  0  1  0  0  167  0  0  0  0  0  0  0  0  0  56  0  0  0  0  3  1  0  0  0  0  0  0  0  
3  199427  0  76  50  38  12  18  51  70189  56576  18  0  5  18  3  0  188  4332  268  53476  0  176858  0  34  426  0  0  1  4324  0  32  0  0  0  0  0  179  0  198  5755  553429  2  1561877  569  0  61  95  377  6  159688  79  44  63  2631  10  146991  60711  1330  59  1829233  0  0  0  7162  512  8  621  19  1  1  0  1291  1  0  14  0  1  0  2  0  0  25  201  37451  0  0  0  0  0  0  1  0  0  221  37727  40  0  0  30  0  0  0  63  6  6  0  0  0  7  0  0  0  0  122  131  0  11494  1  2  0  11  3  0  345  0  1  1  0  7  1  0  0  0  71  0  1  0  3  165  2  0  0  0  3  0  2  0  
5  9  0  193  82  204  193  411  1001  52793  0  21  0  2  45  22  47591  56286  427  2  140666  188158  0  1399  1859  9807  0  0  11  168  4  108994  2  0  171008  0  3312  31157  0  205  50953  0  572546  200692  575  1  335  45318  2069  383148  466  148  62  313  17722  154  512  86  13931  29577  486819  0  162  8  5764  489  32  2439  99  69  36  819  127883  10  0  0  0  2  0  0  0  1  8  7  0  1  0  1  0  0  0  4  0  0  36  14  6  1  0  20  0  0  0  0  8  26  0  0  0  4  0  0  0  0  69  7  0  4  0  2  0  10  3  0  276  3  0  0  0  10  0  0  0  0  140  0  3  0  0  55  4  2  0  0  4  0  8  0  
292416  0  0  48  8124  45177  1  0  1  6  0  502  218037  24090  352  1536  1013  47069  2  0  0  0  156  0  0  17  1  0  0  0  270865  70937  162  805  7843  0  0  0  64958  1722  61  0  10711  36  5  0  373734  6434  11392  0  0  11941  2503  34  5  0  1  0  0  0  0  302485  545185  1169332  4  778  11  106  12  224854  0  0  191  0  0  0  0  0  0  1  0  0  2  1  0  0  0  0  0  0  0  0  0  0  0  0  1  82  0  1  0  0  0  0  246  9  0  0  0  1  0  0  0  0  3  0  0  0  0  0  1  0  0  0  1  0  0  0  0  0  0  0  0  0  1  0  31  0  0  43  0  0  0  0  1  0  1  0  
0  3  0  77  2  23  29  5  1741  42  8  0  0  0  33  1  6  478  257131  13726  11  10  479  0  0  227917  12171  0  213  27  0  67  0  0  0  4  1  33  0  1  848  0  7  2022  2853  0  5  330  648  19  613  11  2  413  437973  863779  57151  50594  3102  40  903  0  2  1  10673  603  206  21358  93  3  170  1  1284880  1  0  0  0  0  0  0  0  0  1  0  0  0  0  0  0  0  0  0  0  0  0  0  0  0  0  3  0  0  0  0  0  0  0  0  0  0  0  0  0  0  5  0  0  0  0  1  0  0  0  0  0  0  0  0  0  0  0  0  0  0  0  0  0  0  0  3  0  0  0  0  0  0  0  0  
11  1  16  517102  79  697  498  688  3787  712  0  15  0  10  118  53  452  3331  903  27  1  70  577  2  186284  0  345  67834  255  1722  1  477  3451  164175  3  325651  0  24139  1  158  740343  4  14  12127  76766  10  135  3089  21348  0  375  1266  66  1522  440219  239232  997  298  64  53  578  0  17  5  8009  17385  919498  18526  7088  13  1278  0  101302  3395  0  0  0  0  1  1  0  0  16  0  0  0  0  0  0  0  0  4  4  0  0  0  1  0  0  27  2  0  0  0  1  6  0  0  0  8  0  0  0  0  41  0  0  0  7  2  0  4  1  0  0  2  0  0  0  16  0  1  0  0  0  0  0  0  0  191  7  0  0  0  3  0  5  0  
0  0  138029  0  0  2  4  12  1039  0  290  0  0  0  0  0  0  7  47  229061  0  0  0  0  6267  567  0  67  132  1503958  0  1  0  0  0  0  0  0  0  0  48  0  0  79  956  10135  0  10  27  0  2  0  0  7  1994  1597707  9  95  0  0  1  0  0  0  383346  77  461861  4  116  0  200825  0  3  0  0  0  0  0  0  0  0  1  1  0  91  0  0  0  0  0  0  0  0  102  0  0  0  0  0  0  51  0  0  3299  0  0  0  0  0  0  0  0  0  0  0  0  0  0  0  5  0  0  0  0  0  0  0  0  0  4  0  0  0  0  0  0  0  0  3  0  0  0  0  0  30  0  0  0  
0  0  209585  320450  0  3  2  6  762  0  0  0  0  0  0  15  1  8  4  0  0  0  0  0  0  101519  119  0  147383  0  0  1  0  0  0  0  0  0  0  0  42  0  0  4  982144  179024  1  11  57  0  1  5  2  3  2  803  1  0  0  0  1  0  0  0  20  19  797377  7  87  0  95  0  1  0  0  0  0  0  0  0  0  0  0  0  0  0  0  0  0  0  0  0  0  0  0  0  0  0  0  0  0  0  0  0  0  0  0  0  0  0  0  0  0  0  0  0  0  0  0  0  0  0  0  0  0  0  0  0  0  0  0  0  0  0  0  0  0  0  0  0  0  0  0  0  0  0  0  0  
8  0  193214  137723  46  312  52  146284  4885  20  0  74969  11  128  117089  55295  745  3490  486  0  0  0  2  8  0  1420  7  66139  0  12  2  365  7  1  0  0  0  0  0  96  1361  0  1  146  1278120  27288  440  8886  7138  0  2  16529  45  6607  237  93  127  82  1  1  3  0  19  2  458  9435  32203  703078  827366  16  1285  0  325  0  0  0  0  0  0  0  0  0  4  2  0  0  0  0  0  0  0  0  0  0  1  0  2  0  0  7  0  0  0  0  0  3  0  0  0  4  0  0  0  0  16  0  0  0  1  0  0  1  0  0  0  0  0  0  0  6  0  0  1  0  0  0  0  0  0  38  2  0  1  0  2  0  6  0  
1  0  103151  10  0  28  38  26  52590  114677  45818  0  0  0  2  6  42  4227  372  10750  1  4195  7  0  24  1086  1168484  4  132  0  0  615  3  0  0  0  0  0  0  3  1432  0  10  42566  1243  448443  17  925  2560  0  32  30  0  25  1058  71748  675  94  4  0  24  0  10  1  722380  62515  52117  93  88  7  600703  0  1633  4  0  0  4  0  0  1  2  1  13267  993  45226  0  0  0  0  1  1  2  0  704  1  6098  0  0  1  28  569  0  0  137325  0  4  0  0  0  7  0  0  0  0  358  1  1  16  2  53  0  5  2  0  0  1  0  1  0  24  1  1  0  0  9  0  1  0  893  5626  7  0  0  0  40493  0  2  0  
114774  0  0  0  76216  62593  0  0  0  0  0  0  0  1  0  63732  0  341  0  0  0  0  6  228057  0  1  0  0  1  0  0  45789  0  0  0  0  0  0  6  1  6  0  0  4  0  0  408  1  17  0  0  1  0  0  0  0  0  0  0  0  0  0  421519  1098  0  6  0  0  0  436724  0  0  8  0  5  0  0  0  0  269  0  0  0  0  0  0  0  0  0  284  0  0  0  0  0  0  0  1708  0  0  0  0  0  0  31894  256  0  0  0  0  0  0  0  0  1  0  0  0  0  0  0  0  0  0  0  0  0  0  0  0  0  0  0  0  0  0  755  7  0  13  0  0  0  498  0  0  0  0  
857  0  3  13  176  199347  6  10  122  591  0  4  65  89  20  2692  66972  572611  126  0  21  20  112353  47651  1  1151  1  1  39  30  61788  0  6  0  40380  1  1  17  587  22  4899  0  21270  2700  428  1  40362  47141  64400  46  25  142  30  42  590  56  52  24  16  2  29  20  334850  11392  465  125363  100  48  133  247531  5  4  33234  20  1  0  0  7  1  2983  7  2  175  9  0  7  0  5  0  1399  0  25  4  0  4  1  18  3  0  194  14  0  2  0  533  92297  0  0  1  65  0  0  3  0  439  0  1  0  28  13  4  17  23  0  28  25  3  0  0  82  3  0  0  0  18  0  10  0  1  2140  66  29  5  1083  24  0  49  0  
0  0  0  128989  0  5  0  0  2  6  0  374  1  0  0  0  3125  3826  6  0  0  0  3  54  0  917  1  0  1  0  0  62  0  236129  55263  19122  0  1  0  0  78557  0  3  26  9  0  386  408520  4693  0  0  2  1  1  66  13  0  1  0  0  0  0  1  3  24  32  12  1  0  5  0  0  33248  438035  0  0  0  0  0  0  0  0  1  0  0  0  0  0  0  0  0  0  0  0  0  0  0  0  0  0  0  0  0  0  0  0  0  0  0  0  0  0  0  0  0  0  0  0  0  0  0  0  0  0  0  0  0  0  0  0  0  0  0  0  0  0  0  0  0  4  0  0  0  0  0  0  0  0  
0  0  0  3724  0  0  0  0  0  0  0  680  29  6  0  0  55  285  0  0  0  0  1  1404  1  124663  0  0  16  0  0  1  344803  0  721572  426977  53  507663  1  0  17499  0  172978  1  0  0  698  102727  59  8  0  0  0  0  168  0  0  0  2  0  5  0  0  27  0  0  0  0  0  0  0  2669  845771  134944  0  0  0  0  0  0  0  0  0  0  0  0  0  0  0  0  0  0  0  0  0  0  0  0  0  0  0  0  0  0  0  0  0  0  0  0  0  0  0  0  0  0  0  0  0  0  0  0  0  0  0  0  0  0  0  0  0  0  0  0  0  0  0  0  0  0  0  0  0  0  0  0  0  0  
1  0  0  1109  0  4  1  1  17  20  0  365  19  0  0  1  70625  20029  40  0  0  0  153269  4345  1  325  0  0  3  2  0  38484  62004  758852  0  2  853  62971  0  0  741  0  502670  243  3  0  1565  462505  211  3404  3  0  2  1  129  3  10  2  1601  381  2052  0  5  112  68  18  1  6  1  5  1  114641  191557  44  0  0  0  1  1  0  0  0  8  0  0  0  0  0  0  0  0  2  0  0  0  0  0  0  0  4  1  0  0  0  0  4  0  0  0  1  0  0  0  0  10  0  0  0  2  0  0  1  1  0  0  0  0  0  0  1  0  0  0  0  1  0  0  0  0  11  0  0  0  0  2  0  1  0  
0  0  0  64  0  0  0  0  0  0  0  0  0  0  0  0  2  9  0  0  0  0  0  0  5  352430  0  0  0  0  0  0  26130  499772  0  0  0  7559  0  0  193388  0  0  0  0  0  0  32719  150  0  0  0  0  0  4700  0  0  0  0  0  0  0  0  0  0  0  0  0  0  0  0  0  69889  257072  0  0  0  0  0  0  0  0  0  0  0  0  0  0  0  0  0  0  0  0  0  0  0  0  0  0  0  0  0  0  0  0  0  0  0  0  0  0  0  0  0  0  0  0  0  0  0  0  0  0  0  0  0  0  0  0  0  0  0  0  0  0  0  0  0  0  0  0  0  0  0  0  0  0  
0  62584  0  0  0  0  0  0  0  0  0  0  0  0  0  0  10  0  6  0  133295  0  6073  0  2  1  0  0  0  0  0  3  0  103  1888  0  0  717595  0  0  5  0  267586  101  0  0  0  615  0  806500  1  0  0  0  1  0  0  0  183897  848798  6740  0  0  0  0  0  0  2  0  0  0  1286595  28126  0  0  0  0  0  0  0  0  0  0  0  0  0  0  0  0  0  0  0  0  0  0  0  0  0  0  0  0  0  0  0  0  0  0  0  0  0  0  0  0  0  0  0  0  0  0  0  0  0  0  0  0  0  0  0  0  0  0  0  0  0  0  0  0  0  0  0  0  0  0  0  0  0  0  0  
0  36149  0  11  1  0  0  2  3  4  0  0  0  0  0  0  2  9  26159  0  278  333  3509  0  18  1346  0  0  0  0  0  6  0  510872  88061  185  655309  0  0  1  78  8  305853  13335  69  0  0  8529  9  48850  182  0  0  9  365  1  87  0  584916  119796  65518  0  0  0  6  8  2  84  4  0  0  1367113  2154211  8  0  0  0  0  0  0  0  0  0  0  0  0  0  0  0  0  0  0  0  0  0  0  0  0  0  0  0  0  0  0  0  0  0  0  0  0  0  0  0  0  1  0  0  0  0  0  0  0  0  0  0  0  0  0  0  0  0  0  0  0  0  0  0  0  0  0  0  0  0  0  0  0  0  0  
24812  0  0  2  1296  10241  0  0  0  0  0  193  175319  279900  167  305  1  665  1  0  0  0  9  29952  0  3  0  0  0  1  11  3633  0  0  0  0  0  0  0  13561  21  0  0  9  3  0  129360  6  121959  0  0  39547  567  11  2  0  0  0  0  0  0  18305  515  178962  2  435  5  78  3  597  0  0  50  0  0  0  0  0  0  2  1  0  1  0  0  0  0  0  0  0  0  0  0  0  0  0  0  0  0  1  1  0  0  0  0  3  0  0  0  0  0  0  0  0  0  0  0  0  2  0  0  0  0  0  0  0  0  0  0  0  0  0  0  0  0  0  0  0  0  23  0  0  0  0  0  0  0  0  
1570  0  0  1267  6067  3054  5  4  2  13  0  355978  1987  373166  2860  108  7  267  4  0  0  0  0  215  0  19  0  0  15  0  1  186  0  0  0  0  0  0  7367  0  152  0  0  14  114  0  2145  3  311286  0  1  39407  8310  272  5  0  3  0  0  0  0  225  13  1238  4  141  44  50695  84  22  0  0  6  0  0  0  0  0  0  2  0  0  0  0  0  0  0  0  0  0  0  0  0  0  0  0  0  0  0  0  0  0  0  0  0  2  0  0  0  0  0  0  0  0  0  0  0  0  0  0  0  0  0  0  0  0  0  0  0  0  0  0  0  0  0  0  0  0  0  15  0  0  0  0  0  0  0  0  
454  1  3  197900  3436  3174  1188  1413  4318  30203  0  425  0  269  1801  452  67485  99627  23023  58  6  157  5166  36  60  637627  229  9  242  232  9  7651  67005  17797  11  189436  0  3  63  5496  0  8  76  85131  12099  8  828  390377  307105  3  257  3266  2836  2550  216983  4668  2686  3278  56  36  769  1  212  77  8593  11753  69622  9660  1119  176  506  0  145197  137326  2  0  0  11  2  4  15  6  250  20  0  3  0  5  2  1  0  38  19  0  24  3  55  2  5  519  30  0  5  0  79  145  0  0  0  129  3  1  2  0  1321  0  10  8  57  31  4  190  54  0  14  18  4  9  0  193  3  0  3  7  54  0  6  0  4  909  144  16  4  0  31  0  66  0  
0  731291  0  48  0  3  0  2  0  0  119886  0  0  0  1  0  0  8  208431  198694  13  661389  1  0  2  3  0  0  0  0  0  1  0  0  0  0  0  0  0  0  4  0  0  263116  811  0  0  4  19  0  74350  0  0  11  21  1  1133488  49421  1918  3  14900  0  0  0  21  10  0  144  2  0  0  0  19  0  0  0  0  0  0  0  0  0  0  0  512  0  0  0  0  0  0  0  0  0  0  57  0  0  0  0  0  0  0  0  0  0  0  0  0  0  0  0  0  0  0  82  0  4  0  0  0  0  0  0  0  0  0  0  0  0  0  0  0  0  0  0  0  0  0  0  0  0  0  0  0  0  0  0  
0  0  0  2  2  16  0  1  34  74  0  1  0  0  1  1  3935  7389  86  0  69  10  561428  4799  12  672  0  0  0  7  0  2416  4  250880  617159  0  209543  329887  0  2  1599  0  0  649  13  0  24  116146  102  208033  16  1  1  1  285  4  39  1  14671  566  9272  0  17  768  157  86  2  22  1  6  1  206980  142094  6  0  0  0  0  0  1  1  0  9  0  0  1  0  0  0  0  0  2  2  0  1  1  1  0  0  11  1  0  0  0  1  14  0  0  0  3  0  0  0  0  37  0  0  0  3  1  0  2  1  0  5  0  0  0  0  5  0  0  0  0  3  0  0  0  0  20  3  0  2  0  2  0  1  0  
72  9576  0  10433  505  2209  2218  5639  9287  304903  1261496  140  0  31  301  527  146  27840  29661  160751  8  1337762  181807  7  1188  27185  44  3  235  29879  5  3626  6  0  6  1  5  1248  5  1649  131156  286159  59  0  35961  5  3055  4970  35794  309  42946  1531  523  4227  47935  1356  165598  532389  8425  837  261726  0  81  18  510436  20260  1284  18373  4605  80  444  9  55499  142  0  1  0  1  1  1  2  1  42  21  8557  1  0  2  1  0  0  7  3  0  5  338  10  0  0  71  5  0  0  13  7  26  0  0  1  18  0  0  0  0  175  65  0  281  14  5  0  17  4  0  9  2  1  1  0  30  1  0  0  0  5  0  3  0  4  307  27  2  1  0  12  0  16  0  
131  2  314264  471939  725  10227  3137  91057  49577  288  0  8018  0  114  1161  52709  5526  16426  3635  2  1  9  35  17  57  93571  81  1051843  1040326  73  6  1942  7  0  0  0  0  4  11  894  7828  1  0  2022  0  546204  2324  35688  113736  1  534  5241  847  9712  2418  2060  8736  366  131  194  452  1  207  27  3084  38098  698246  251120  344899  172  14594  0  3264  1  0  0  0  0  1  1  1  1  26  3  0  0  0  0  0  0  0  6  0  0  0  0  4  1  0  46  2  0  1  0  0  12  0  0  0  13  0  0  0  0  92  0  0  0  7  3  0  5  3  0  0  6  0  0  0  18  0  0  0  0  1  0  0  1  0  208  15  8  2  0  2  0  7  0  
2  0  372594  87  4  67  26  271968  202691  0  0  1  0  4  5  21352  9  58  50  0  0  0  0  0  0  60  16945  116650  2845  385346  0  11  0  0  0  0  0  0  0  8  120  0  0  29  337942  0  2  119  772  0  0  45  14  589  21  443  38  7  0  0  0  0  0  0  97  758  227259  9  716  0  166596  0  8  0  0  0  387  0  0  0  0  63  5607  0  1  0  0  0  0  631  0  0  0  0  0  0  0  0  0  0  0  0  0  1150  0  0  0  0  0  0  0  0  0  0  0  0  0  0  0  7300  0  0  0  0  0  0  0  0  0  0  0  0  0  0  0  0  0  0  0  1  1  0  0  0  13017  0  0  0  
18016  0  0  85  1975  25264  6  1  22  23  0  2347  180026  6185  568  219  341  289958  15  0  7  2  299  291162  0  267  0  0  2  5  2373  76097  118  73  729  0  0  0  126561  730  715  0  274  561  107  0  0  4269  109557  0  4  7711  1841  1176  75  8  10  9  1  0  8  1193  22102  248134  79  812  376  604  425  4372  3  0  1314  1  0  0  0  2  0  0  1  0  4  1  0  0  0  0  0  0  0  1  2  0  0  0  3  0  0  7  0  0  0  0  0  8  0  0  0  1  0  0  0  0  12  0  0  0  2  0  0  0  3  0  7  0  0  0  0  4  0  0  1  0  1  0  0  0  0  72  3  1  1  0  0  0  0  0  
10  1  0  1291  31  441  57  20  826  8383  1  344  7  5  11  43  460300  285324  1382  31  16  13  35905  8109  234  3108  38  2  202  79  33  25361  340947  45714  516857  13588  335  34004  6  91  281890  1  205153  5233  5217  8  41550  0  105080  2435  315  244  48  89  11440  1151  835  206  3224  146  1289  0  379  92  3038  5152  10415  427  341  194  65  19552  992377  112613  2  0  0  20  7  12  19  5  367  51  0  5  0  11  2  0  1  42  14  0  15  2  56  3  2  475  25  0  8  1  48  347  0  0  0  122  0  2  4  0  1938  0  14  9  44  36  12  244  77  0  7  40  3  8  0  210  1  0  3  5  58  0  6  0  7  2043  126  40  4  0  67  0  75  0  
76387  1  2810  639558  56349  67088  2653  2640  3274  20627  0  253092  6658  148989  23727  5654  182643  421918  80893  19  3  35  333  6185  126  11024  45  2  2558  90  244  76504  2883  17  50  13  0  0  112891  348665  320541  5  68  15011  170995  2  112459  41233  0  0  437  135218  56456  51871  8476  1978  35392  9387  52  70  186  2105  5649  23249  4731  23936  19219  263828  42429  6673  277  0  7874  102  0  0  0  3  0  29  8  3  89  5  0  1  0  1  0  0  0  21  4  0  4  1  7  0  0  117  6  0  1  0  11  139  0  0  0  32  0  0  0  0  271  0  4  1  18  8  1  26  13  0  4  7  0  0  0  51  1  0  1  0  7  0  1  0  0  1470  46  8  0  0  10  0  29  0  
0  8  0  2  0  0  1  0  5  3  0  0  0  0  0  0  106  47  3  0  493309  10  361335  0  19  29  0  0  0  0  0  60  0  0  3663  0  714145  186425  0  0  74  0  347573  883  21  0  0  6857  3  0  10  0  0  1  80  0  8  0  109757  423777  118670  0  0  0  19  4  0  8  1  0  0  106538  199887  1  0  0  0  0  0  0  0  0  0  0  0  0  0  0  0  0  0  0  0  0  0  0  0  0  0  0  0  0  0  0  0  0  0  0  0  0  0  0  0  0  0  0  0  0  0  0  0  0  0  0  0  0  0  0  0  0  0  0  0  0  0  0  0  0  0  0  1  0  0  0  0  0  0  0  
0  407400  0  206  0  6  4  25  23  1  0  0  0  0  2  5  0  21  4299  0  82626  193434  2  0  53  35  1  0  0  0  0  0  0  0  0  0  0  60  0  1  43  29940  1  38745  1031  0  3  26  111  1  0  4  1  48  430  6  23153  53  85177  3824  345949  0  0  0  64  60  16  422  75  0  3  0  615  0  0  0  0  0  0  0  0  0  0  0  0  0  0  0  0  0  0  0  0  0  0  148  0  0  0  0  0  0  0  0  0  1  0  0  0  0  0  0  0  0  0  1  0  3  0  0  0  0  0  0  0  0  0  0  0  0  0  0  0  0  0  0  0  0  0  0  0  0  0  0  0  0  0  0  
173133  1  2  440  64640  81896  1210  1211  122  70  0  392158  22  462052  1126824  5149  68  5228  877  0  0  3  8  2438  23  1892  6  0  40181  0  7  2606  3  0  0  0  0  0  74358  122017  726  1  0  149  4306  1  7575  230  77862  0  122  0  345553  301450  1457  160  1852  113  9  22  35  77516  180  4112  197  6465  3722  379299  8210  372  23  0  323  0  0  0  0  0  0  10  1  0  1  0  0  0  0  0  0  0  0  1  0  0  1  0  1  0  0  1  0  0  1  0  0  12  0  0  0  0  0  0  0  0  4  0  0  0  2  0  0  0  0  0  0  0  0  0  0  0  0  0  0  0  1  0  0  0  0  251  0  0  0  0  0  0  2  0  
198493  0  1  7  162862  37411  66  1  10  3  0  233  0  634  908395  92014  40  1379  22  0  0  0  2  101  0  78  1  0  1  0  7  2144  0  0  0  0  0  0  120  5858  99  0  0  14  51  0  423  52  15934  0  0  604072  0  98733  32  9  11  7  0  0  0  13  97  236  34  1615  328  240  123  120  0  0  31  0  0  0  0  0  0  5  0  0  3  0  0  0  0  0  0  0  0  0  0  0  0  0  0  0  0  0  0  0  0  0  0  19  0  0  0  0  0  0  0  0  2  0  0  0  0  0  0  0  0  0  0  0  0  0  0  1  0  0  0  0  0  0  0  0  0  138  0  0  0  0  0  0  1  0  
1186  0  19  6757  6794  131998  66065  164051  7148  11  0  151  0  41  1036917  1156781  50  3333  861  0  0  2  6  14  97  14046  49  5  5747  55  2  605  2  0  0  0  0  1  16  1363  1474  0  1  349  19342  14  1184  540  67258  0  173  487171  116658  0  4667  423  1321  138  13  30  95  0  89  29  1825  24894  25007  242809  414945  51  367  0  1565  0  3  0  0  0  4  19  2  0  3  0  0  0  0  0  1  1  0  0  0  0  0  0  1  0  0  4  0  0  0  0  0  10  0  0  0  0  0  0  0  0  6  0  0  0  0  0  0  1  1  0  0  2  3  0  0  2  0  0  0  0  0  0  0  1  0  179  0  1  0  0  1  0  2  0  
7  1  0  620  19  421  986  1274  23263  248  1  7  0  1  39  38  82  5591  12335  42  2  304  1294  0  312080  501840  1944  0  266  699  0  504  38  391  2  15206  0  33  0  32  154195  3  21  67114  3011  2  97  2940  7133  22  294  133  18  1016  0  53521  11463  2257  237  37  2443  0  21  4  42613  5285  7129  14014  352  10  2519  0  499814  150  0  0  0  0  0  0  2  0  5  1  0  0  0  0  0  0  0  0  1  0  2  0  0  0  0  12  0  0  1  0  1  3  0  0  0  3  0  0  0  0  32  0  0  0  3  0  0  7  3  0  0  0  0  1  0  6  0  0  0  0  1  0  0  0  0  78  5  0  0  0  0  0  4  0  
1  1  2  103  13  374  595  509  60981  56  3  5  0  3  18  15  126  3920  15261  159995  0  1  11  2  828958  370419  1375840  396  7136  29383  0  592  13  0  0  0  0  1  0  22  11372  1  0  18519  48266  138  99  3522  6355  0  230  385  12  1118  155959  0  18158  174362  168  11  236  0  13  3  334510  14810  386248  15205  4971  16  392978  0  66008  1  0  0  0  0  0  1  0  0  18  0  0  0  0  0  0  0  0  0  0  0  0  0  0  0  0  14  0  0  0  2  0  5  0  0  0  3  0  0  0  0  17  0  0  0  2  1  0  0  0  0  0  0  0  0  0  8  0  0  1  0  0  0  0  0  0  49  5  0  0  0  1  0  1  0  
1  629460  0  318  5  37  25  11  99  10  2642  0  0  0  34  10  13  314  2168182  2351  8  288371  9  0  82390  50  5  0  33  2  0  22  0  0  1  0  0  21  0  0  1125  958313  0  132608  8159  0  2  295  1527  0  79680  109  5  517  538  7167  0  182353  268521  54  49957  0  2  0  38078  109  129  54368  73  0  6  0  200789  0  0  0  0  0  0  0  0  0  0  0  0  0  0  0  0  0  0  0  0  0  0  0  0  0  0  1  0  0  0  0  0  1  0  0  0  0  0  0  0  0  2  0  0  0  1  0  0  0  1  0  0  0  0  0  0  0  0  0  0  0  0  0  0  0  0  3  1  0  0  0  0  0  1  0  
1  8210  0  463  1  43  22  7  377  16  415598  0  0  0  17  3  6  295  952258  721843  0  41353  5  0  73710  524  32  0  15  37  1  34  0  0  0  0  0  2  0  1  382  83401  0  394091  10580  0  2  368  1194  0  18157  64  12  238  2208  166515  293849  0  3693  4  4897  0  1  0  297828  240  405  6579  29  1  41  0  4050  0  0  0  0  0  0  0  0  0  0  0  3  0  0  0  0  0  0  0  0  0  0  0  0  0  0  0  0  0  0  0  0  0  0  0  0  0  0  0  0  0  3  0  0  0  0  0  0  0  0  0  0  0  0  0  0  0  0  0  0  0  0  0  0  0  0  4  0  0  0  0  0  0  0  0  
1  461635  0  1485  3  52  33  41  17  16  0  0  0  0  27  6  4  114  381616  4  8862  18859  2231  0  406  199  1  0  1  3  0  13  0  0  5  0  164935  680684  0  3  650  602  344  57036  13615  0  3  411  377  1351  230412  9  3  432  1246  14  211714  434  0  363223  167536  0  2  0  340  270  56  5141  122  0  3  410  310324  2  0  0  0  0  0  0  0  0  0  0  0  0  0  0  0  0  0  0  0  0  0  0  0  0  0  0  0  0  0  0  0  0  0  0  0  0  0  0  0  0  0  0  0  0  0  0  0  0  0  0  0  0  0  0  0  0  0  0  0  0  0  0  0  0  0  1  0  0  0  0  0  0  0  0  
0  189998  0  279  0  17  6  12  11  2  0  0  0  0  3  1  9  61  199  0  641280  519  5921  0  44  47  1  0  1  0  0  6  0  0  269  0  777090  190891  0  1  53  27  932  29466  1734  0  0  286  87  412509  86653  4  2  68  1269  6  214  3  360122  0  303687  0  1  0  31  63  14  641  58  0  2  247468  67952  1  0  0  0  0  0  0  0  0  0  0  0  0  0  0  0  0  0  0  0  0  0  0  0  0  0  0  0  0  0  0  0  0  0  0  0  0  0  0  0  0  0  0  0  0  0  0  0  0  0  0  0  0  0  0  0  0  0  0  0  0  0  0  0  0  0  0  0  0  0  0  0  0  0  0  
0  111722  1  1299  3  100  60  135  391  121  7662  1  0  0  37  18  18  469  3323  398  787707  1402058  471473  4  1680  351  2  0  3  21  0  59  0  0  102  0  2821  138247  0  8  1002  36490  2347  311879  8186  0  21  516  867  97993  403523  26  2  655  22648  77  35377  10590  144067  284191  0  0  2  1  595  381  88  11543  281  1  19  939  106326  2  0  0  0  0  0  0  0  0  1  9  107  0  0  0  0  0  0  0  1  0  21  109  0  0  0  1  0  0  0  0  0  1  0  0  0  0  0  0  0  0  7  1  0  29  1  0  0  0  1  0  175  0  0  1  0  0  0  0  0  0  65  0  0  0  0  9  2  0  1  0  0  0  1  0  
154371  0  0  0  8  151  0  0  0  0  0  1  62035  63780  170437  0  0  6  0  0  0  0  0  279654  0  0  0  0  0  0  0  59  0  0  0  0  0  0  36213  79  0  0  0  0  0  0  230  0  338  0  0  118449  73  0  0  0  0  0  0  0  0  0  8  96701  0  16  0  8  0  4  0  0  0  0  0  0  0  0  0  0  0  0  0  0  0  0  0  0  0  0  0  0  0  0  0  0  0  0  0  0  0  0  0  0  0  0  0  0  0  0  0  0  0  0  0  0  0  0  0  0  0  0  0  0  0  0  0  0  0  0  0  0  0  0  0  0  0  0  0  0  0  0  0  0  0  0  0  0  
32  0  0  0  5  46434  1  1  17  29  0  1  463  65  1  1  17  17242  1  0  3  3  379  515438  0  221  0  0  0  4  420739  494687  0  0  3  0  0  0  1812  2  735  0  36  570  6  0  68807  224  436  0  3  7  1  0  51  3  5  4  0  0  6  32  0  146651  79  30  3  8  2  141639  1  0  1403  1  1  0  0  0  0  0  0  0  9  0  0  0  0  0  0  0  0  0  0  0  0  1  0  6  0  10  0  0  0  0  79  7  0  0  0  2  0  0  0  0  33  0  0  0  1  0  0  1  0  0  4  0  0  1  0  1  0  0  0  0  3  0  3  0  0  44  1  1  1  1  1  0  2  0  
59701  0  0  6  5645  44729  0  1  3  11  0  401  71830  64451  305  1790  48  5759  6  0  1  1  40  1158454  0  31  0  0  2  0  706  41883  1  11  84  0  0  1  301439  1626  113  0  390  92  12  0  309996  61  21611  0  0  4769  1232  36  14  1  4  2  0  0  0  146872  64754  0  10  2628  12  80  19  18953  2  0  431  0  1  0  0  1  0  3  0  0  3  0  0  1  0  0  0  0  0  0  0  0  0  0  0  1  0  3  0  0  0  0  1  27  0  0  0  0  0  0  0  0  12  0  0  0  1  1  0  1  2  0  1  0  0  0  0  3  0  0  0  0  0  0  0  0  0  192  2  0  0  0  0  0  1  0  
6  385  1  1768  25  783  4076  1503  81509  9319  582206  9  0  1  40  27  224  10569  188322  943285  1  8505  125  4  9072  7279  500730  4  1555  1165153  3  1913  13  0  1  0  0  10  1  127  11989  4158  9  529782  36154  15  554  5383  11835  1  9219  695  28  1854  42634  168952  194515  332752  4195  108  6604  0  37  9  0  41495  6036  9922  742  41  217206  0  45353  1  0  0  0  1  1  2  3  0  26  16  12999  1  0  1  1  0  0  1  2  282  0  10  1  1  0  32  3  0  1  653  1  6  0  0  0  12  0  0  0  0  68  0  0  1  9  2  0  3  3  0  1  4  0  0  0  16  0  0  0  0  0  0  1  0  36  204  13  3  0  0  5  0  3  0  
1191  0  15  1107  509  652146  337993  286982  506647  520263  16  67  0  72  375  11608  658  61539  4494  14  3  56  201  685  23  13112  411  12  2640  86290  26  166236  48  1  8  0  0  2  108  621  26788  0  84  31950  18745  44  1625  14823  52928  2  153  5052  605  6111  13276  6120  1185  479  26  7  44  5  318  2937  81951  0  10509  4933  6961  372  710  0  28590  856  1843  0  1  21  399  32108  2755  5179  6685  361  3  6  0  35  146  346  13  283  7  0  3  126  194  37  0  914  100  3  339  63  56  5408  0  0  0  133  0  0  49  0  2715  0  14  8  4743  341  98  93  138  0  8  167  287  186  0  1432  3  2  9  1  15  171  93  81  9  639085  1138  16  163  114  3370  0  900  0  
16  0  87187  84957  73  3461  4504  676  41615  51  1  2  0  2  170  2472  735  7208  2138  23  0  2  8  2  145  1208054  492380  661518  10784  54927  2  867  18  0  0  0  0  0  0  29  66955  0  0  7585  427627  230927  58  9212  16017  0  83  375  140  4766  28047  461427  467  2066  16  13  45  0  41  4  13330  55556  0  10640  30484  30  162362  0  896  1  0  0  0  1  0  0  2  0  12  0  0  0  0  1  0  0  0  3  0  0  0  0  0  0  0  19  2  0  1  0  1  5  0  0  0  7  0  0  0  0  31  0  0  0  2  3  0  0  1  0  0  2  0  0  0  12  0  1  0  0  1  0  0  0  1  88  9  2  0  0  3  0  3  0  
927  1  2  182705  3223  10790  1972  117  1278  36  0  311334  0  1158  336424  796  43  6725  3236  8  0  4  11  70  260  12797  42  0  589898  14  5  1245  0  0  0  0  0  2  461  17750  1411  1  1  371  503189  19  10765  114  205384  0  606  507939  3007  187628  8819  630  7896  507  70  78  186  19  133  150  540  5802  20696  0  167789  122  883  0  2287  0  1  0  0  0  0  3  1  4  3  0  0  0  0  0  0  0  0  0  0  0  0  0  1  0  0  6  1  0  0  0  0  5  0  0  0  1  0  0  1  0  2  0  0  0  0  1  1  0  1  0  0  0  0  1  0  2  0  0  0  0  0  0  0  1  1  355  0  0  0  0  1  0  2  0  
190  0  68553  12912  961  16424  17664  209782  19255  16  0  149  0  89  90806  230689  386  4296  2070  0  0  0  11  10  8  8951  38  80  673728  22  0  666  5  0  0  0  0  1  6  1440  2065  1  1  360  313945  880  406  4912  24646  0  20  16599  1426  501534  690  660  2968  222  2  9  22  0  45  19  453  33990  66558  152579  0  29  13801  0  451  0  0  0  0  0  0  2  0  1  9  0  0  0  0  0  0  0  0  1  0  0  0  0  2  0  0  11  0  0  0  0  0  4  0  0  0  3  0  0  0  0  23  0  0  0  1  3  0  1  1  0  0  3  0  0  0  7  0  0  0  0  0  0  0  0  0  66  4  1  0  0  2  0  2  0  
112543  0  0  0  115960  588846  0  0  3  17  0  3  1  41  8  204978  4  3464  3  0  1  3  171  229903  0  83  0  0  0  0  487981  317523  0  0  0  0  0  0  141  28  311  0  2  215  1  0  3157  87  673  0  1  86  9  4  26  1  1  0  0  0  3  4  132720  40304  38  132  2  2  2  0  0  0  901  2  4  0  0  1  0  3277  2  0  8  0  0  0  0  0  0  1622  0  2  0  0  1  0  0  37  0  6  0  0  0  0  6616  871  0  0  0  3  0  0  0  0  25  0  0  0  4  2  0  0  0  0  2  0  0  0  0  7  0  0  0  0  1  0  18  0  0  87  1  1  0  2510  2  0  0  0  
0  0  11  42  3  143  139  185  517115  29  3  0  0  0  4  15  44  1512  3552  1535  0  0  2  2  71  3338  79500  134  1135  594999  0  216  2  0  0  0  0  1  0  5  4765  0  0  997  8206  174709  9  2716  1853  0  14  72  1  680  2333  305922  2242  309  9  0  31  0  9  0  127484  10597  140362  294  1417  2  0  0  461  1  0  0  1  0  0  0  0  7  6449  39  67  0  0  0  0  0  0  1  0  5  0  0  1  0  0  8  1  0  0  33121  0  0  0  0  0  3  0  0  0  0  34  0  0  1  3  54  0  0  0  0  0  0  0  0  0  5  0  0  1  0  0  0  0  0  0  78  0  0  0  0  234821  0  0  0  
0  0  0  1  0  0  0  0  0  0  0  0  0  0  0  0  5  0  0  0  14  2  1430  0  1  2  0  0  0  0  0  1  0  525  71839  0  1602856  1318247  0  0  9  0  122504  111  1  0  0  4386  0  147358  3  0  0  0  18  0  1  0  43388  245312  10448  0  0  0  2  0  0  2  1  0  0  0  192551  0  0  0  0  0  0  0  0  0  0  0  0  0  0  0  0  0  0  0  0  0  0  0  0  0  0  0  0  0  0  0  0  0  0  0  0  0  0  0  0  0  0  0  0  0  0  0  0  0  0  0  0  0  0  0  0  0  0  0  0  0  0  0  0  0  0  0  0  0  0  0  0  0  0  0  
18  141  0  2294  37  622  535  426  2502  1798  14  9  0  2  338  68  2071  52715  529106  1968  211  1180  84135  66  1334588  66853  5  0  74  270  7  19697  47766  765615  245652  34545  7230  2431831  3  70  75281  46  258532  151631  29264  0  302  1015180  9737  96726  20577  165  34  5151  720563  95816  167975  4302  250778  48364  193041  1  368  99  68190  2645  235  122574  409  175  98  153948  0  26762  0  0  1  5  1  0  4  0  118  9  0  2  0  3  0  0  1  16  7  0  16  3  28  2  0  157  11  0  0  2  36  148  0  0  1  45  0  0  1  0  543  0  4  4  24  18  2  89  20  0  23  9  2  4  0  56  1  0  0  2  22  0  2  0  2  396  56  5  4  0  22  0  25  0  
0  0  0  250  4  6  0  0  10  1263  0  0  0  0  0  2  47  2983  11  0  0  0  22  1  0  667  0  0  0  7  0  96  462357  107369  63  236272  0  0  0  4  111648  0  3  589  91  0  8  183842  2014  1  7  19  1  2  1066  8  24  1  2  0  2  0  3  1  34  418  1  21  1  4  1  0  53433  0  0  0  0  0  0  0  0  0  5  3  0  0  0  0  0  0  0  4  2  0  0  0  1  0  0  12  1  0  0  0  1  11  0  0  0  2  0  0  0  0  90  0  1  1  2  1  0  12  2  0  0  1  0  0  0  3  0  0  0  0  1  0  0  0  0  82  3  1  0  0  1  0  4  0  
0  0  0  0  2  39  0  2  0  0  0  0  0  0  0  0  0  0  0  0  0  0  0  0  0  0  0  0  0  0  356  0  0  0  0  0  0  0  0  0  0  0  0  0  0  0  0  0  0  0  0  0  0  0  0  0  0  0  0  0  0  0  0  0  0  33  0  0  0  131  0  0  0  0  0  0  0  30  272213  74191  180  15  242  2  0  140  5863  8363  66348  93174  3  100  2  0  0  0  31  587986  0  50  15  1  6  0  137568  12568  0  0  0  13  0  1  103447  0  274  0  0  1  346  27  8154  0  10071  0  1  43222  391980  154  0  1080  0  1  1  0  0  394361  6642  23418  28  7323  36  51  28  116599  140  0  47  0  
0  0  0  0  0  0  0  0  0  1  0  0  0  0  0  0  0  0  0  0  0  1  0  0  0  0  0  0  0  0  0  0  0  0  0  0  0  0  0  0  2  0  0  1  0  0  0  2  0  0  2  0  0  0  0  0  0  0  0  0  0  0  0  0  0  1  0  0  0  0  0  0  0  0  0  0  0  5  0  0  0  0  9  1  0  0  0  0  0  0  0  0  875751  0  464794  9  4  0  0  8  0  0  0  0  1  0  0  0  0  2  2657  8462  0  0  11  319784  0  19  0  0  0  0  11  0  461654  0  0  0  0  6  17558  0  259235  239000  9345  0  0  0  0  1  0  2  0  0  2  863  460  0  
0  0  2255  0  0  0  0  1159  48  0  0  0  0  0  0  1202  0  0  0  0  0  0  0  0  0  0  1  0  0  4  0  0  0  0  0  0  0  0  0  0  0  0  0  0  0  472  0  0  0  0  0  0  0  0  0  0  0  0  0  0  0  0  0  0  0  0  0  0  0  0  0  0  0  0  0  0  0  0  0  1  564  23790  168  0  0  0  0  0  0  629668  0  1  0  0  0  0  0  0  0  2  138056  174227  364960  81360  0  0  0  0  0  1  0  0  0  0  19  0  0  0  545104  564436  0  0  0  0  0  0  0  17  0  15  0  0  0  0  0  0  0  0  0  4  169540  0  514  0  125  0  0  0  
0  0  0  0  0  0  0  0  0  1  0  0  0  0  0  0  0  1  0  0  0  0  0  0  0  0  0  0  0  1  0  0  0  0  0  0  0  0  0  0  0  0  0  1  0  0  0  1  0  0  0  0  0  0  0  0  0  0  0  0  0  0  0  0  0  12  0  0  0  0  0  0  0  0  31  0  1  0  81  266  863  148  4497  159  0  522430  0  169  122  46  799  2288  163  0  0  1  54  10  3  690877  370  161866  173831  2  0  25  28493  882  233  6919  0  0  147  107  156231  0  0  45  147029  639  712  1149  721033  0  3  867  156  346  920  18334  72  15  3  0  5  10  17  11  365  3159  3051  175139  1733  0  3810  0  319  27  
0  0  0  0  1  12  5  6  0  0  0  0  0  0  0  20  0  0  0  0  0  0  1  0  0  1  0  0  0  0  1  0  0  0  0  0  0  0  0  0  0  0  0  0  0  0  0  0  0  0  0  0  0  0  0  0  0  0  0  0  0  0  0  0  0  247  0  0  0  0  0  0  0  0  192969  0  0  72  0  406878  1946  360  3314  10  0  668  0  3941  131091  685540  2  212  38  0  2  1  70  143  1  544  801  0  50  1  41  9045  0  0  1  216  0  0  4586  0  1109  0  1  42  305  353  9918  5  14924  0  0  18019  818841  3863  6  18334  33  23  3  0  3  18375  360  2295  228  9063  3331  159  406  50987  1430  1  203  0  
1  0  0  0  42  17180  459  74  2  1  0  0  0  1  0  3958  1  15  1  0  0  0  2  1  0  0  0  0  0  0  122  1740  0  0  0  0  0  0  0  0  4  0  0  1  0  0  1  1  38  0  0  2  0  1  0  0  0  0  0  0  0  0  1  6  0  26455  0  0  0  1112  0  0  1  0  60477  0  0  45  787195  0  483347  17058  4787  7  0  3996  7  4616  158751  1094981  6  1109  23  0  2  6  322  238272  4  396  222  3  57  0  8899  317816  0  0  0  94  0  0  1613  1  1401  0  5  19  1162  3975  5983  36  8470  0  14  25986  94639  142707  1  6537  16  3  10  3  24  1056  117120  81628  72  868029  791  229  1895  313070  1032  0  1269  0  
0  0  0  0  0  763  8101  265  1  0  0  0  0  0  0  5353  0  1  0  0  0  0  0  0  0  1  0  0  0  0  0  3  0  0  0  0  0  0  0  0  0  0  0  0  0  0  0  1  0  0  0  0  0  0  0  0  0  0  0  0  0  0  0  0  0  970  0  0  0  0  0  0  0  0  87  0  4  300  906  603475  0  521354  57320  19  0  507  0  259  19312  689229  8  534  32  0  0  0  203  20  2  1757  219  14  1016  3  0  383  0  0  0  131  0  0  14  0  1369  0  4  14  2131  12421  796  12  1875  0  15  16430  4418  524777  8  25767  19  8  8  0  20  45  48  37  304  358595  777  2112  14571  0  39405  0  812  0  
0  0  8  0  0  97  3691  55862  11846  0  0  0  0  0  0  19519  0  6  0  0  0  0  0  0  0  0  0  0  0  38  0  1  0  0  0  0  0  0  0  0  24  0  0  0  0  121  0  4  3  0  0  0  0  2  1  0  0  0  0  0  0  0  0  0  1  5650  1  1  1  0  12  0  9  0  8  0  2937  57  52  6623  450137  0  195560  11  0  3  0  2  113  706366  24  2954  68  0  4  1  1461  61  3  615  144  7  232753  88  5  30  0  0  3  76  0  0  6  0  4919  0  11  10  95898  303994  164  75  880  0  22  54  117  41494  0  7058  32  2  33  4  49  4  328  9  478  359294  470  77  590840  0  7023  0  3113  0  
0  0  78  0  0  0  28  793  104296  224  0  0  0  0  0  99  0  16  0  0  0  6  0  0  0  1  0  0  0  33740  0  1  0  0  0  0  0  0  0  0  3  0  0  34  2  3708  0  11  6  0  0  0  0  0  6  0  0  0  0  0  0  0  0  0  13  3409  0  0  0  0  15073  0  11  0  13  0  333  825  53  98  85872  139916  0  104713  0  44  0  29  257  1267  6  499  891  0  3  13  293  10  65  13390  1701  21  197  35701  1  15  0  1  1  4076  48  24  10  0  21347  0  5  24206  1110  199295  112  96  2707  0  28  162  265  1140  2  4385  705  81  52  81  647  2  35  4  10791  446394  6322  659  706  0  328440  0  1094  0  
0  0  0  0  0  0  0  0  1790  307  0  0  0  0  0  0  0  17  0  0  0  74  1  0  0  0  0  0  0  8695  0  4  0  0  0  0  0  0  0  0  12  0  0  40  2  0  0  32  7  0  0  2  0  0  4  0  0  0  0  0  7  0  1  0  21  384  0  0  0  0  318  0  14  0  10  0  3  1124  28  44  188  35  158121  0  2  37  0  47  40  7  35  293  608  0  28  7705  31945  9  52  25669  434  1  79  70168  7  36  0  0  2  3936  411  63  15  0  26113  4  44  157333  563  755  194  952  3234  0  146  95  87  218  0  2318  147  16  123  838  7049  0  12  7  2467  137835  1988  289  146  0  40515  5  803  0  
0  0  0  0  0  0  0  0  0  17  112376  0  0  0  0  0  0  0  0  20848  0  23581  0  0  0  0  19  0  0  46470  0  0  0  0  0  0  0  0  0  0  1  155  0  6739  0  0  0  0  0  0  0  0  0  0  0  0  0  0  0  0  64  0  0  0  4035  17  0  0  0  0  11  0  0  0  0  0  0  0  0  0  0  0  1  66  0  0  0  0  0  0  0  0  1048  752763  0  135850  0  0  0  0  22  0  0  49798  0  0  0  0  0  0  0  0  0  0  4  218434  0  912416  0  0  0  1  0  0  3  0  0  1  0  4  383  221100  0  0  3  0  0  0  405593  1  0  0  0  0  2  0  0  0  
0  0  0  0  0  4  0  0  0  0  0  0  0  0  0  0  0  0  0  0  0  0  0  0  0  0  0  0  0  0  0  1  0  0  0  0  0  0  0  0  0  0  0  0  0  0  0  0  0  0  0  0  0  0  0  0  0  0  0  0  0  0  0  0  0  39  0  0  0  0  0  0  0  0  62  0  0  668773  954  2554  615  12  293  10  0  0  897  234111  2258  23  2973  40677  14  0  0  0  12  2319  0  3380  22  19  6245  1  1  190  15597  1308  6320  49  0  0  11216  214893  149  0  4  1  703  22  2876  1070  509375  0  1  152698  842  119  4  1195  3  0  1  0  3  5  16  11  19  4145  71  409993  38  0  154  0  51  4  
0  0  0  0  0  0  0  0  0  0  0  0  0  0  0  0  0  0  0  0  0  0  0  0  0  0  0  0  0  0  0  0  0  0  0  0  0  0  0  0  0  0  0  0  0  0  0  0  0  0  0  0  0  0  0  0  0  0  0  0  0  0  0  0  0  1  0  0  0  0  0  0  0  0  4845  0  0  1  12  249  0  1  5  0  0  889  0  87526  5220  0  0  130  0  0  0  0  1  239054  0  0  2  0  0  0  21  114  0  27  28  0  0  0  231784  12  52  0  0  0  32  0  221088  0  146  0  0  71  18  0  0  28  0  0  0  0  0  195427  6282  95139  1  31  2  0  0  0  6  0  1  0  
0  0  0  0  0  3  1  0  0  0  0  0  0  0  0  0  0  0  0  0  0  0  0  0  0  0  0  0  0  0  0  0  0  0  0  0  0  0  0  0  0  0  0  0  0  0  0  0  0  0  0  0  0  0  0  0  0  0  0  0  0  0  0  0  0  35  0  0  0  0  0  0  0  0  12380  0  0  84  10442  8970  437  12  392  4  0  401581  85606  0  50075  26  1  604  5  0  0  0  12  4532  0  78  67  0  29  0  9  505  0  0  1  20  0  0  426797  136714  170  0  0  7  127  56  48829  0  265146  0  1  537697  6721  286  2  2088  4  2  0  0  2  76369  82  78  34  6588  199  2951  37  6  215  0  64  0  
0  0  0  0  0  4  2  0  1  0  0  0  0  0  0  0  0  0  0  0  0  0  0  0  0  0  0  0  0  1  0  1  0  0  0  0  0  0  0  0  0  0  0  0  0  0  0  0  1  0  0  0  0  0  0  0  0  0  0  0  0  0  0  0  0  105  0  0  0  1  0  0  0  0  77860  0  0  134  106690  135358  6492  187  1326  6  0  2309  25897  107137  0  128760  0  307  21  0  1  0  49  119156  1  393  141  3  247763  0  1  415  0  0  0  155  0  0  25  0  541  0  0  18  9965  93  472  3  1947  0  1  2002501  2620795  855692  30  10128  19  7  1  0  2  214726  21  54  187  6085  1274  295830  317748  1  866  0  193  0  
0  0  479  0  43  6274  438  30184  109  1  0  0  0  0  0  36133  0  0  0  0  0  0  0  0  0  0  0  0  0  0  1986  775  0  0  0  0  0  0  0  0  0  0  0  0  0  413  0  0  1  0  0  0  0  0  0  0  0  0  0  0  0  0  0  0  0  62  0  0  0  2578  0  0  0  0  110668  0  451954  78  897044  1265094  946748  734740  1327  2  0  40  0  66  182192  0  0  71  9  0  0  0  28  20120  0  362  77  360  448506  390  86327  735  0  0  0  28  0  0  19  0  297  0  0  0  116303  83186  45  2  577  0  1  428  114693  1266272  1  3729  10  2  0  0  5  18  2740  2901  109  2771  362  292  330165  452552  1321  0  72  0  
0  0  0  0  0  1  0  0  1  23  0  0  0  0  0  0  0  18  0  0  0  0  0  0  0  3  0  0  0  2  0  4  0  0  0  0  0  0  0  1  4  0  0  7  1  0  0  27  5  0  1  0  0  0  3  1  0  0  0  0  0  0  0  0  2  28  1  0  0  0  0  0  17  0  6  0  1  941  13  9  58  24  1028  217  0  4595  0  0  3  4  0  569151  31  0  4  0  221634  12666  4  3654  92  5  267  0  28  143  35267  49  195344  344  5  19  2  0  94607  0  49553  43  11065  141  7952  371176  89644  29  15  4  8  33  0  4067  11  1  13  10  84  0  358  96  109  1616  451  13  266  0  1078  15  1030  3  
0  0  0  0  0  0  0  0  2  42  0  0  0  0  0  0  0  25  0  0  0  0  4  0  0  2  0  0  0  5  0  10  0  0  0  0  0  0  0  0  10  0  0  10  0  0  0  30  15  0  1  1  0  0  2  1  1  0  0  0  1  0  0  0  4  63  0  0  1  0  0  0  16  0  277  0  0  2989  722  2106  2317  61  3482  250  0  29149  14  1064  1804  17  417272  0  64  0  4  6  235248  242027  14  2335  236  8  219  1  313  1392  5517  61  43000  410  9  14  17  699  21142  0  20777  58  10047  505  286788  14101  319723  21  24  1130  974  360  1  17112  34  14  18  16  121  45  9278  2757  367  3577  900  50  645  1  2262  7  1433  2  
0  0  0  0  0  0  0  0  0  1  0  0  0  0  0  0  0  0  0  0  0  0  0  0  0  0  0  0  0  1  0  0  0  0  0  0  0  0  0  0  1  0  0  0  0  0  0  0  1  0  0  0  0  0  0  0  0  0  0  0  0  0  0  0  0  40  0  0  0  0  0  0  0  0  25  873588  0  2685  118  221  1049  187  663  13  1688  213  0  127  413  64  20  340  0  115697  3943  40164  46  13  221093  4501  305  69  291  14  4  42  0  0  0  70  151  40700  31  0  1622  442840  6  194407  5423  102  582  151  11590  0  252004  952  1671  1998  5  187224  2109166  1180513  239913  598  142984  17  19  11  14403  987  215  14963  350  0  700  26226  533142  0  
0  0  0  0  0  0  0  0  0  0  519  0  0  0  0  0  0  0  0  83  0  0  0  0  0  0  52  0  0  1198  0  0  0  0  0  0  0  0  0  0  0  0  0  0  0  0  0  0  0  0  0  0  0  0  0  0  0  0  0  0  0  0  0  0  195  0  0  0  0  0  13  0  0  0  0  0  0  1  0  0  0  0  1  0  714463  0  0  0  0  0  0  0  138478  0  0  52  0  0  7501  1  215444  0  0  53351  0  0  0  0  0  0  0  0  0  0  3  289289  0  335217  0  1  0  0  2  0  81  0  0  0  0  251245  34185  632992  0  0  213  0  0  0  261646  1  1  0  1  0  193  0  1  0  
0  1  0  0  1  1  0  0  2  100  0  0  0  0  0  0  0  41  2  0  1  92  15  0  0  24  0  0  1  3  0  15  0  0  0  0  0  0  0  4  207  0  0  42  4  0  1  81  46  0  11  2  0  0  24  0  13  0  0  0  9  0  0  0  6  53  0  4  1  1  0  0  119  1  1  465363  0  106  1  11  6  0  215  46  0  5  0  0  1  0  11  72  4544  0  0  10221  264463  26  39  562  17  0  6  0  492  1586  0  1  47  118  154309  1854  0  0  1299  22772  2454  44  29  23  9  408  242  580760  312974  5  5  7  0  305  109  2  173379  1107150  1231173  1  100  0  5  285  53  26  8  0  42  778  38852  7  
0  45  0  0  0  0  0  0  7  607  4816  0  0  0  0  0  0  25  3  3  2  29143  14  0  0  4  0  0  0  1912  0  6  0  0  0  0  0  0  0  1  63  86  0  619  1  0  0  25  12  0  17  2  1  0  6  0  0  0  1  0  45  0  1  0  11  571  0  1  0  0  1  0  35  1  0  40  0  26  3  4  4  0  152  6745  73388  0  0  0  3  1  3  25  45497  298  13683  0  116004  14  2  452  10  0  7  18803  144  651  0  0  0  78  0  0  0  0  689  589825  16  1310398  16  26  2  108  49  0  92208  2  12  14  0  129  67874  349  465  14  1027782  0  45  0  1428  227  26  29  10  0  43  1  467  0  
0  0  0  0  0  0  0  0  6  83  0  1  0  0  0  0  0  53  1  0  2  10  8  0  0  16  0  0  0  16  0  25  0  0  0  0  0  0  0  1  94  0  0  30  0  0  2  97  31  0  4  2  1  0  18  0  5  1  1  0  1  0  1  0  11  74  0  1  0  1  0  0  90  0  6  2  7  679  20  36  118  23  5087  24950  0  56  0  11  26  6  125761  258903  368  0  248379  68868  0  53583  172  14795  347  0  45  11  464  2597  2  25  339356  2854  8863  305  4  0  20492  10  741819  126806  344  843  1011  22642  1801  368102  668  50  80  153  0  4592  312  8  427  9152  857059  0  3586  100  582  2833  1289  102  125  0  2820  32  45204  67  
0  0  0  0  0  16  0  0  0  8  0  0  0  0  0  0  1  12  0  0  0  0  21  45  0  1  0  0  0  0  2134  13  0  0  0  0  0  0  0  1  12  0  1  2  0  0  0  11  10  0  0  1  0  0  1  0  1  0  0  0  0  0  8  0  2  13  0  0  1  101  0  0  5  0  561812  0  0  21  1230  111496  137  13  298  13  0  2433  435276  7244  138946  16519  10015  297444  9  0  14  19  106491  0  2  163  23  0  16  0  351111  35876  21  2850  4565  39  0  0  217319  3  5171  0  7961  13  888  44  678701  969  1385  0  14  453  159  42  0  1310  4  1  4  1  13  382976  926214  1682854  29  1029  97  19  48  107339  155  0  533  0  
0  0  0  0  0  0  0  0  0  0  0  0  0  0  0  0  0  1  0  0  0  0  0  0  0  0  0  0  0  18  0  0  0  0  0  0  0  0  0  0  2  0  0  2  0  0  0  0  1  0  0  0  0  0  1  0  0  0  0  0  0  0  0  0  1  3  0  0  0  0  0  0  0  0  1  1  0  234  41  18  54  5  390  6  0  11  0  7  25  4  5  16  207431  889  1128  5  55  2  0  709771  113402  2  9  19  2  6  2  77838  0  229791  565  1870  0  0  10447  0  21  4926  244  12  24  141  769  1  5601  47  117  128  231621  1037082  199  15946  3426  1687  10740  0  0  1  197  69  1083  364  17  0  200  64  1402627  1  
0  0  0  0  0  3  1  0  3  5  0  0  0  0  0  0  0  7  0  0  0  0  0  0  0  0  0  0  0  4  0  2  0  0  0  0  0  0  0  0  6  0  0  1  0  0  0  9  4  0  0  1  0  0  2  0  0  0  0  0  0  0  0  0  0  234  0  0  0  0  0  0  8  0  241  0  13  442865  318  1043  3011  571  12256  1520  0  1623  1  1689  979  217  1917  2690  757  0  12  6  430  115  452150  0  32856  290547  1187  9  9  155  115827  32269  2  883691  104  1550  348  0  697261  0  12  449  223600  2298  6037  700  55534  1  82  2810  1372  6333  273007  294722  365  75  107  340  685  46  116  78  532  33604  755137  10805  3223  0  8140  28  54593  2294  
0  0  0  0  0  0  0  0  0  0  3  0  0  0  0  0  0  0  0  1  0  0  0  0  0  0  24  0  0  1147  0  0  0  0  0  0  0  0  0  0  0  0  0  0  0  0  0  1  0  0  0  0  0  0  0  0  0  0  0  0  0  0  0  0  0  3  0  0  0  0  0  0  0  0  1  0  191058  16  306  158  431  85  1066  10  32  7  0  9  53  39  7  61  100  230360  0  0  17  0  47278  97575  0  3329  566  1043670  0  4  0  0  0  578  0  0  3  0  5441  0  0  40  827  123282  64  30  146  0  4  91  144  382  13628  1339685  19  1043  4  1  11  3  5  2  91480  2255  932193  34  1132  0  167201  1  85  0  
0  0  0  0  0  0  0  0  0  0  0  0  0  0  0  0  0  0  0  0  0  0  0  0  0  0  0  0  0  0  0  1  0  0  0  0  0  0  0  0  0  0  0  0  0  0  0  0  0  0  0  0  0  0  1  0  0  0  0  0  0  0  0  0  0  1  0  0  0  0  0  0  0  0  3  0  185080  186489  9  16  67  11  88  3  0  28  0  27  32  4865  2  55  4  0  0  0  5  1  0  368054  2733  0  79987  0  0  4  1  1  0  23  0  0  3  0  118  0  0  0  1520415  11074  191  1  3006  0  0  74  111  88  3  271  1  1  0  0  1  4  5  1  2  365  823541  741  41  0  59  0  43  0  
0  0  1  0  0  0  0  3  0  0  0  0  0  0  0  7  0  1  0  0  0  0  0  0  0  0  0  0  0  0  0  0  0  0  0  0  0  0  0  0  0  0  0  0  0  0  0  1  1  0  0  0  0  0  0  0  0  0  0  0  0  0  0  0  1  34  0  0  0  0  0  0  4  0  6  0  246624  219391  40  102  1440  118635  2077  17  0  16120  0  21  225635  385468  9  263  12  0  1  0  89  5  0  301  197  116361  0  3  0  15  0  0  1  57  0  0  4  0  1347  0  0  2  1709346  13073  382  8  5335  0  6  8260  81  4649  10  6275  15  0  5  3  12  4  39  16  318  793  2413  633303  920924  0  908  0  575  0  
0  0  708  0  0  0  0  31  12309  93  233  0  0  0  0  34  0  0  0  207  0  62  0  0  0  0  1878  0  0  291941  0  1  0  0  0  0  0  0  0  0  0  0  0  32  0  1673  0  0  0  0  0  0  0  0  0  0  0  0  0  0  0  0  0  0  225  93  1  0  0  0  19996  0  0  0  0  0  86492  1  1  3  9  1437  48881  74490  65211  0  0  0  0  725  0  1  10  70505  0  29250  0  0  13  17  940804  0  0  0  0  0  0  0  0  5  0  0  0  0  66  0  0  45616  3  513015  0  4  3  0  0  0  3  2  0  184379  0  299  0  0  3  0  0  0  831207  62  1256  0  0  0  668105  0  2  0  
0  0  0  0  1  2333  0  0  0  18  0  0  0  0  0  15  0  29  0  0  0  0  2  190  0  2  0  0  0  2  33812  755  0  0  0  0  0  0  0  1  25  0  0  7  0  0  0  36  27  0  0  1  0  1  3  0  2  0  0  0  0  0  41  3  0  81  0  0  0  8965  0  0  23  0  84728  0  0  9  273  28154  12  7  238  10  0  4  1  28  9  62897  111  4410  15  0  14  6  7784  330273  1  201  25  0  20  0  0  246331  1  0  5  38  1  0  106  0  1474  0  14  5  1544  31  764  209  231  0  7  140  21  8  0  1061  2  1  4  2  20  159  554304  1740  23  410  75  1  59  334966  167  0  400  0  
34  0  0  0  9  848  4  1  3  23  0  0  0  0  1  70  16  236  7  0  1  3  56  25  0  8  0  0  0  3  375  84191  0  0  0  0  0  0  3  0  50  0  1  33  4  0  56  49  275  0  0  10  1  5  14  2  3  0  0  0  2  1  14  45  5  1145  6  1  6  368  0  0  97  0  6616  0  0  82  1347  201373  134  44  688  58  0  15  6  76  117  427  48  3997  40  0  41  39  3053  12612  2  690  45  2  45  0  215404  0  0  0  10  110  2  0  363  0  2934  1  66  24  3079  112  2417  865  578  0  74  605  158  48  0  2602  19  1  46  7  114  716  301594  7648  46  114310  298  12  93  56349  339  0  5612  0  
0  0  0  0  0  0  0  0  0  0  0  0  0  0  0  0  0  0  0  0  0  0  0  0  0  0  0  0  0  0  0  0  0  0  0  0  0  0  0  0  0  0  0  0  0  0  0  0  0  0  0  0  0  0  0  0  0  0  0  0  0  0  0  0  0  0  0  0  0  0  0  0  0  0  0  0  0  19927  0  0  0  0  0  0  0  11753  0  0  0  0  36530  2251  0  0  0  0  0  0  3  77845  0  1  0  0  0  0  0  170131  209017  318341  0  0  0  0  296397  0  0  0  0  0  1  332828  4875  0  0  0  0  1  0  0  0  0  0  0  0  0  0  0  0  0  0  0  0  0  0  0  5  291340  
0  0  0  0  0  0  0  0  0  0  0  0  0  0  0  0  0  0  0  0  0  0  0  0  0  0  0  0  0  0  0  0  0  0  0  0  0  0  0  0  0  0  0  0  0  0  0  0  0  0  0  0  0  0  0  0  0  0  0  0  0  0  0  0  0  0  0  0  0  0  0  0  0  0  0  0  0  1967  0  0  0  0  10  2  0  3471  378  3  0  0  22  25  0  0  1  0  110  4691  72752  36954  0  0  0  0  0  0  147273  0  1194977  509208  24  136761  0  0  44851  0  289696  2  2  1  23  86475  15  62  0  0  0  0  0  9  1  0  1  23  254  1  0  373  1  4  0  6  0  0  3  177  1267455  245194  
0  0  0  0  0  0  0  0  1  18  0  0  0  0  0  0  0  17  0  0  0  0  0  0  0  2  0  0  0  2  0  7  0  0  0  0  0  0  0  0  5  0  0  4  0  0  1  16  5  0  0  0  0  0  2  0  0  0  0  0  0  0  0  0  2  18  2  0  0  0  0  0  8  0  0  0  0  288  1  0  2  2  229  51  0  5469  147  3  0  0  140602  48564  29  0  39  2  274927  7337  8  528  11  0  1  0  14  89  219421  872137  0  110  340  70095  0  0  1293  0  441235  13  18  29  1837  620653  429  22034  20  5  4  8  0  435  11  2  30  1085  692  0  13  395  3  336  30  10  3  0  55  17295  147033  113136  
0  0  0  0  0  0  0  0  0  0  0  0  0  0  0  0  0  1  0  0  0  0  0  0  0  0  0  0  0  0  0  0  0  0  0  0  0  0  0  0  0  0  0  0  0  0  0  2  0  0  0  0  0  0  0  0  0  0  0  0  0  0  0  0  0  6  0  0  0  0  0  0  0  0  5  0  1  5510  46  436  728  15  897  60  0  92  0  25  594  79  60  65  491  0  234  35  578  3  100871  686061  51  18  58  0  1  12  201893  576535  5  0  1114  257  5  0  585913  0  879  3216  1200  121  103  3889  2292  96  85  592  695  3803  129823  24530  374  47  753  3178  5486  10  6  2  71  1132  8937  943  693  0  414  355  250838  237378  
0  0  0  0  0  0  0  0  0  1  0  0  0  0  0  0  0  0  0  0  0  0  0  0  0  0  0  0  0  0  0  0  0  0  0  0  0  0  0  0  0  0  0  0  0  0  0  0  0  0  0  0  0  0  1  0  0  0  0  0  0  0  0  0  0  0  0  0  0  0  0  0  1  0  0  13011  0  4  1  0  1  0  129  10  0  0  0  0  1  0  0  0  3  0  95154  4  10768  0  16  86  3  0  0  0  1  0  0  14  63  38  0  592406  0  0  511  0  371546  5  1  5  0  139  19  418966  4  2  1  2  0  27  5  0  84038  854194  7676  0  0  0  0  38  5  3  1  0  16  1168698  10247  19  
0  0  0  0  0  0  0  0  0  0  0  0  0  0  0  0  0  0  0  0  0  0  0  0  0  0  0  0  0  0  0  0  0  0  0  0  0  0  0  0  0  0  0  0  0  0  0  0  0  0  0  0  0  0  0  0  0  0  0  0  0  0  0  0  0  0  0  0  0  0  0  0  0  0  0  35210  0  27  1  1  4  1  138  8  0  2  0  0  2  0  3  5  5108  0  1617  9  3460  3  661  1092  5  0  3  0  0  0  0  107067  49511  68  571098  0  0  0  665  0  415863  28  7  5  4  67524  92  190701  150  2  2  6  0  67  72  0  418733  57961  7696  0  0  0  5  32  12  5  4  0  36  1269118  2019841  1282  
0  0  0  0  0  0  0  0  0  0  0  0  0  0  0  0  0  0  0  0  0  0  0  0  0  0  0  0  0  0  0  0  0  0  0  0  0  0  0  0  0  0  0  0  0  0  0  0  0  0  0  0  0  0  0  0  0  0  0  0  0  0  0  0  0  4  0  0  0  0  0  0  0  0  136728  0  0  3712  8888  26347  184  4  400  14  0  10598  193078  402612  82  6  6  484  3  0  0  0  11  37819  0  94  42  0  70  0  351  4408  0  0  0  15  0  0  0  1371  749  0  0  1  898  53  112699  1  269371  0  1  32929  7901  117  0  1468  1  2  1  0  3  51914  20776  78725  28  1375  101  9010  50  36  229  0  16  0  
0  0  0  0  0  0  0  0  0  0  0  0  0  0  0  0  0  0  0  0  0  0  0  0  0  0  0  0  0  0  0  0  0  0  0  0  0  0  0  0  0  0  0  0  0  0  0  0  0  0  0  0  0  0  0  0  0  0  0  0  0  0  0  0  0  0  0  0  0  0  0  0  0  0  0  0  0  9340  1  2  0  0  0  0  0  325763  15  170966  1  0  0  322  0  0  0  0  0  3  0  1  0  0  1  0  0  0  0  0  0  0  0  0  5063  0  0  0  0  0  0  0  2109  0  110265  0  0  3183  2  0  0  0  0  0  0  0  0  0  0  0  0  1  0  37710  0  0  0  0  0  0  
1  0  0  1  0  16  2  0  83  799  0  1  0  0  1  0  6  424  4  0  0  4  6  0  0  31  0  0  1  164  0  101  1  0  0  0  0  0  0  5  301  0  4  369  17  0  2  598  242  0  5  3  0  3  140  2  14  0  2  1  2  0  4  0  124  1030  9  3  3  0  7  0  440  6  220  1  37  192630  1390  1173  3431  751  100635  15037  1  517  0  332  811  252  90675  49599  13735  1  197  103  62118  1290  10179  700993  4589  125  3505  58  340  1690  244397  50703  407  491935  1204  855  162  0  0  1  20410  6577  106946  7726  3930  379656  147146  412  319  1622  2661  4482  58655  124050  6240  924  1091  3882  17672  69  7231  261  2092  211529  22601  10838  6519  0  27596  314  119904  141599  
0  10  0  0  0  0  0  0  0  10  180  0  0  0  0  0  0  2  0  30  2  305  1  0  0  1  0  0  0  6  0  1  0  0  0  0  0  0  0  0  9  18  0  40  0  0  0  6  5  0  15  1  1  0  0  0  0  0  1  0  2  0  0  0  0  5  0  0  0  0  0  0  9  0  0  229189  0  1  0  0  0  0  3  7  225937  0  0  0  0  0  0  0  450049  302030  14596  649834  2  0  0  4  0  0  0  0  3  3  0  0  0  0  0  1  0  0  3  0  0  609071  0  0  0  3  2  0  533443  1  0  0  0  1  90537  5255  31  4  80989  0  0  0  0  2  1  2  0  0  2  0  1  0  
0  0  0  0  0  0  0  0  1  11  0  0  0  0  0  0  0  5  0  0  0  0  0  0  0  0  0  0  0  3  0  1  0  0  0  0  0  0  0  0  1  0  0  1  0  0  0  14  2  0  0  0  0  0  4  1  0  0  0  0  0  0  0  0  3  15  2  0  0  0  0  0  8  0  0  0  0  29  1  0  1  0  133  41  0  3  0  0  0  0  2823  5604  9  0  150  6  645586  6451  23  338  9  0  2  0  7  66  0  200317  381661  106  247653  473589  0  0  1221  0  0  15  15  17  5  45670  50  393007  13  1  2  3  0  148  2  0  15  1845  1835  0  1  10  5  179  25  5  0  0  35  61844  56180  1030  
0  1  0  0  0  0  0  0  0  39  2702  0  0  0  0  0  0  18  1  15  0  7471  0  0  0  3  0  0  0  29  0  3  0  0  0  0  0  0  0  1  26  0  0  1111  1  0  0  17  10  0  1  0  0  0  7  0  3  0  1  0  11  0  1  0  3  42  0  0  0  0  0  0  25  0  15  72  4  4056  167  186  328  56  60490  190983  974713  116  0  57  263  28  20  505  119163  130132  97  1246075  77505  10  390  20536  306  12  186  65207  8  33  0  0  0  923  21  2  16  0  12307  393444  2  0  2051  837  424  102  10172  0  10831  511  1110  1232  3  16593  351476  448504  27441  85  220143  12  51  7  480799  2370  1204  2516  315  0  80400  59  18770  0  
0  0  0  0  0  8  2  2  0  4  0  0  0  0  0  0  0  2  0  0  0  0  0  0  0  0  0  0  0  0  0  3  1  0  0  0  0  0  0  0  9  0  0  3  0  0  0  5  4  0  0  2  0  2  2  0  0  0  0  0  0  0  0  0  0  365  0  1  1  0  0  0  14  0  239  0  368134  134230  1265  1455  11780  63142  17166  334  0  1595  0  957  5830  149370  634  5424  170  0  3  1  1149  174  7  484148  1693  1418403  1595347  12  17  325  0  0  2  2514  0  1  246  1  27598  0  23  95  0  181309  8963  111  102752  0  46  6023  11166  21531  324  36210  126  45  45  5  95  141  824  168  1067  24145  829965  182723  473078  0  9196  0  5196  0  
0  0  1764  0  0  1  2  4068  1155  3  0  0  0  0  0  648  0  4  0  0  0  0  0  0  0  0  0  0  0  24  0  3  0  0  0  0  0  0  0  0  5  0  0  1  1  5622  0  2  0  0  0  0  0  0  1  0  1  0  0  0  0  0  0  0  1  69  0  0  0  0  80  0  13  0  8  0  381377  107  202  700  46600  304016  190055  340  0  16  0  21  114  59318  46  4263  214  0  2  1  1827  80  12  21839  98474  7850  5865  587251  3  34  0  0  0  9629  2  0  8  0  44552  0  14  43  304406  0  263  172  1288  0  23  200  384  1572  1  183262  159  20  14  11  58  10  393  11  2352  66289  164181  269  6695  0  252986  0  2061  0  
0  0  0  0  0  5  1  0  0  0  0  0  0  0  0  0  0  1  0  0  0  0  1  0  0  0  0  0  0  0  0  1  0  0  0  0  0  0  0  0  1  0  0  1  0  0  0  0  1  0  0  0  0  0  0  0  0  0  0  0  0  0  0  0  0  43  0  0  0  0  0  0  1  0  30773  0  0  31  29389  17128  2350  73  3174  37  0  7619  144153  22764  2074  48  426  188714  30  0  2  3  603  489897  0  523  252  8  187  1  697  10710  9  5  222  149  0  1  98510  761  10061  0  2  11  14915  461  0  166  89110  0  3  17093  3311  663  2  16320  17  10  2  0  11  3384  63341  314327  245  3982  944  55  612  47  1994  0  229  0  
2  0  0  2  1  14  1  0  22  1016  0  0  0  0  1  1  12  779  7  0  0  3  9  0  0  34  0  0  0  104  0  227  0  0  0  0  0  0  0  0  216  0  4  195  10  0  1  1128  336  0  5  1  1  2  112  12  15  2  3  1  0  0  0  0  129  916  28  1  2  1  2  0  656  7  3  0  1  2480  14  33  61  18  2461  2266  0  2317  14  3  11  3  367999  107763  470  0  144  21  63320  1161  169  7401  151  0  31  12  406  2614  349409  94486  689818  3609  571  140967  2  0  357088  0  218150  311  327  366  499  0  2790  39248  124  32  35  73  1  2698  100  9  126  2521  2230  0  272  111  60  14136  655  92  62  0  585  34178  416016  418091  
0  0  0  0  0  8  1  1  0  7  0  0  0  0  0  0  1  6  0  0  0  0  2  0  0  0  0  0  0  1  0  2  0  0  0  0  0  0  0  0  1  0  0  3  2  0  0  0  6  0  0  0  0  0  2  0  0  0  0  0  0  0  0  0  1  218  0  0  0  0  0  0  5  0  25205  0  19  771146  82745  61967  31323  942  68704  3163  0  559720  115  285164  15403  319  92902  347165  854  1  4  3  2755  1912  39  112228  3868  2353  14850  27  129  4196  9561  16  367  3866  11  8  182847  64793  130648  0  7  495  139715  6473  97006  1222  0  1  33  110037  17755  4556  170  242423  514  192  20  24  93  2056  2604  790  4828  43395  9515  94984  8534  137  34519  0  1771  0  
0  0  0  0  0  0  0  0  0  0  0  0  0  0  0  0  0  0  0  0  0  0  0  0  0  0  0  0  0  0  0  0  0  0  0  0  0  0  0  0  0  0  0  0  0  0  0  0  0  0  0  0  0  0  0  0  0  0  0  0  0  0  0  0  0  0  0  0  0  0  0  0  1  0  0  1  0  15  0  0  1  0  57  4  0  0  0  0  0  0  14  3  1  0  538292  1  350465  1  42  130  2  0  1  0  0  1  0  94  10253  105  507481  161960  0  0  859  0  815270  6  4  2  1  7332  29  0  2  0  1  3  0  32  4  0  273  448036  141759  0  0  0  1  20  6  3  1  0  14  86618  248808  390  
0  11  0  0  0  0  0  0  0  38  0  0  0  0  0  0  0  9  1  0  0  300  3  0  0  5  0  0  0  1  0  2  0  0  0  0  0  0  0  1  52  0  0  14  0  0  1  24  4  0  16  0  0  0  3  0  2  0  0  0  11  0  0  0  0  24  0  0  0  0  0  0  35  1  0  380444  0  139  1  1  1  0  23  16  0  4  0  3  0  0  0  1  124018  27  273039  65527  15  0  3  164  3  0  0  0  16  25  0  0  0  4  9  0  0  0  89  511954  0  949  25  2  4  6  393  0  0  5  6  3  0  98  76916  11  87275  15112  555502  0  2  0  5  29  7  41  3  0  16  0  292  0  
0  0  0  0  1  36  3  6  0  0  0  0  0  0  0  0  0  2  0  0  0  0  1  0  0  0  0  0  0  0  0  1  0  0  0  0  0  0  0  0  1  0  0  0  0  0  0  1  3  0  0  0  0  0  0  0  0  0  0  0  0  0  0  0  1  627  1  0  0  0  0  0  1  0  30782  0  0  11678  107504  100331  58167  299  3542  21  0  305389  36  928973  1485344  3588  5  1583  51  0  0  0  151  1196  4  678  508  3  11969  1  21  4730  0  0  1  265  0  1  21512  2915  1352  0  3  36  2217  340  6682  18  61127  0  13  0  549877  698402  13  18332  38  11  6  1  24  245652  333  297  328  50397  3106  806901  790  5  2097  0  832  0  
0  0  0  0  0  26  14  11  2  0  0  0  0  0  0  0  0  1  0  0  0  0  0  0  0  0  0  0  0  0  0  0  0  0  0  0  0  0  0  0  0  0  0  0  0  0  0  1  1  0  0  0  0  0  0  0  0  0  0  0  0  0  0  0  0  620  0  0  0  0  0  0  0  0  244910  0  0  135  716047  124104  5633  1214  5923  26  0  2333  12  22509  2902992  102188  2  334  83  0  1  0  100  214  1  855  648  1  136  1  12  5529  0  0  0  288  0  2  18384  0  1664  0  3  71  1716  422  927  9  3508  0  1  831092  0  274049  17  25901  55  32  2  0  10  441002  163  140  446  24346  3127  2126  659  36  2698  0  312  0  
0  0  0  0  0  1  0  0  0  3  0  0  0  0  0  0  0  0  1  0  0  0  0  0  0  0  0  0  0  0  0  0  0  0  0  0  0  0  0  0  3  0  0  0  0  0  0  1  2  0  0  0  0  0  1  0  0  0  0  0  0  0  0  0  0  626  0  0  0  0  0  0  2  0  227  0  0  354  1899  126759  557652  101141  15401  97  0  312  0  523  954158  1515607  25  1427  186  1  1  0  577  23  10  4783  610  24  19637  5  5  263  0  0  2  1397  1  1  155  0  6628  0  6  151  32378  3217  1046  48  3983  0  13  671829  115795  0  191  93480  141  77  18  8  46  342  108  37  2194  22778  6124  114774  394306  1  11620  0  2062  0  
0  0  0  0  0  0  0  0  0  0  0  0  0  0  0  0  0  0  0  0  0  0  0  0  0  0  0  0  0  0  0  0  0  0  0  0  0  0  0  0  0  0  0  0  0  0  0  0  0  0  0  0  0  0  0  0  0  0  0  0  0  0  0  0  0  3  0  0  0  0  0  0  0  0  10  0  0  1014  51  352  532  16  71  3  0  31  0  28  508  84  0  17  184  0  0  0  3  0  262752  334471  7672  70  30  0  0  14  0  0  0  276961  0  0  5  0  83847  0  0  79  902  21  94  0  770  0  0  566  733  3034  0  282969  113  47  0  1  2  3  2  1  37  272  26390  621  502  0  80  0  63402  0  
0  0  0  0  0  1  0  2  0  7  0  0  0  0  0  0  0  4  1  0  0  0  0  0  0  0  0  0  0  33  0  4  0  0  0  0  0  0  0  0  3  0  0  5  0  0  0  6  5  0  0  0  0  0  0  0  0  0  0  0  0  0  0  0  2  325  0  0  0  0  0  0  11  0  158  3  1744  7782  9591  8406  18861  1218  36871  283  9  564  0  543  7199  1488  63  1636  191519  171592  596  30  584  47  846817  318500  1249175  380  1665  145506  13  346  0  3  5  34723  236  133  237  0  94874  2  108  24848  15640  94302  2594  1089  25378  2  5816  10813  22954  41779  289164  0  20864  393805  3346  578  8070  245  117  37  151317  25532  411513  34923  10550  1  425652  7  189467  1  
0  0  0  0  0  1  0  0  0  1  0  0  0  0  0  0  0  0  0  0  0  0  0  0  0  0  0  0  0  1  0  0  0  0  0  0  0  0  0  0  0  0  0  0  0  0  0  0  0  0  0  0  0  0  0  0  0  0  0  0  0  0  0  0  0  33  0  0  0  0  0  0  0  0  42  3360  1  3931  372  480  1156  174  816  7  3523  277  0  149  1344  111  8  346  2129774  53734  446  21813  52  21  250  5570  57  37  334  1  2  74  0  0  2  139  4  3  49  0  1885  92166  1  608978  5271  260  555  11  12802  0  80375  2421  5593  5048  10  11745  0  207026  77957  30  293885  70  25  10  12379  1201  322  17199  364  0  1128  3  144929  0  
0  0  0  0  0  0  0  0  0  0  0  0  0  0  0  0  0  0  0  0  0  0  0  0  0  0  0  0  0  2  0  0  0  0  0  0  0  0  0  0  0  0  0  0  0  0  0  0  0  0  0  0  0  0  0  0  0  0  0  0  0  0  0  0  0  9  0  0  0  0  0  0  0  0  21  2  0  435  321  347  512  34  268  2  219804  43  0  45  807  68  1  57  1519437  579718  45  80  13  3  13977  1504  412  2  89  128  0  32  0  0  0  96  8  0  21  0  619  13483  1  809291  1231  99  136  4  1506  0  883  1321  3304  3246  12  370121  110962  0  502  34  1784  42  7  1  405052  403  135  5144  147  0  2568  0  1669  0  
0  0  0  0  0  0  0  0  0  5  0  0  0  0  0  0  0  0  0  0  0  0  0  0  0  0  0  0  0  1  0  0  0  0  0  0  0  0  0  0  0  0  0  0  0  0  0  1  1  0  0  0  0  0  0  0  0  0  0  0  0  0  0  0  0  6  0  0  0  0  0  0  2  0  12  188394  1  13390  56  78  132  14  1853  61  0  347  0  66  31  6  5  232  355855  0  90844  81  62  7  352  8102  108  42  411  1  1  8  0  0  0  446  69438  458301  15  0  3644  21  20  4834  2256  193  388  61  32237  34  304114  408  93  111  0  4034  77001  24  0  297716  133347  2  24  13  120  959  378  3240  174  0  863  499537  288409  1  
0  0  0  0  0  0  0  0  0  1  0  0  0  0  0  0  0  0  0  0  0  0  0  0  0  0  0  0  0  0  0  0  0  0  0  0  0  0  0  0  2  0  0  0  0  0  0  2  0  0  0  0  0  0  0  0  0  0  0  0  0  0  0  0  0  1  0  0  0  0  0  0  1  0  1  258269  0  211  5  5  24  3  1406  101  0  8  0  3  11  1  12  26  2733  0  986787  133  11403  0  175  1452  21  0  7  0  0  1  0  22  52  485  670598  90698  0  0  4139  0  2219  216  60  64  11  356  564  515355  45721  11  9  32  0  541  138  3  304959  0  195082  0  2  0  24  409  89  79  17  0  253  501575  193039  49  
0  21  0  0  1  2  0  0  0  22  0  0  0  0  0  0  0  18  0  0  0  226  1  0  0  6  0  0  1  1  0  4  0  0  0  0  0  0  0  0  36  0  0  12  3  0  1  21  13  0  8  0  0  0  1  0  1  0  0  0  8  0  0  0  3  14  0  1  0  1  0  0  22  0  1  11771  1  1174  31  38  144  17  11054  1402  7  38  0  14  36  11  52  111  167972  166  1102128  961344  682242  9  2548  12767  292  2  72  0  25  129  0  189  730  3934  15707  14076  3  1  44403  53579  1345  185408  345  658  48  675  2617  90201  624465  71  83  169  0  4603  228073  413  172690  156077  0  2  21  3  98  4696  887  328  120  0  1206  82  67431  14  
0  0  0  0  0  0  0  0  0  0  0  0  0  0  0  0  0  0  0  0  0  0  0  0  0  0  0  0  0  0  0  0  0  0  0  0  0  0  0  0  0  0  0  0  0  0  0  0  0  0  0  0  0  0  0  0  0  0  0  0  0  0  0  0  0  1  0  0  0  0  0  0  0  0  252889  0  0  39  12240  13687  71  6  280  2  0  29  337236  129918  176683  8  1  22  5  0  0  0  4  329988  0  47  20  0  5  0  24  982  0  0  0  8  0  0  232997  0  109  0  0  4  82  21  564  1  262  0  0  239784  271914  122  0  1456  1  5  0  0  1  0  264  4477  28  926  85  53  36  2  178  0  10  0  
0  0  0  0  2  4  0  0  0  26  0  0  0  0  0  0  2  23  3  0  0  0  57  35  0  4  0  0  0  0  1158  39  0  0  0  0  0  0  0  0  32  0  0  9  1  0  1  35  28  0  1  3  0  0  2  0  3  0  0  0  0  0  3  2  2  46  1  0  1  34  0  0  19  0  22013  0  0  40  1951  110033  324  24  1380  26  0  40  533  253  595  106  149  33341  38  0  28  42  27146  906820  5  534  98  2  116  0  485237  384789  1  0  14  123  2  0  3074  0  16202  0  26  11  10351  231  33133  392  1915  0  35  993  393  132  0  6770  17  9  17  6  62  2901  0  163476  136  2305  548  23  290  164464  912  0  1393  1  
0  0  0  0  0  2  0  0  0  0  0  0  0  0  0  0  0  0  0  0  0  0  1  0  0  0  0  0  0  0  0  0  0  0  0  0  0  0  0  0  0  0  0  0  0  0  0  0  1  0  0  0  0  0  0  0  0  0  0  0  0  0  0  0  0  24  0  0  0  0  0  0  0  0  62584  0  0  1  4306  134593  147  16  300  2  0  18  229623  196  192  1123  759  4492  4  0  1  0  2026  1625961  0  69  16  2  24  0  2092  52254  0  130  140  23  0  0  540418  0  1709  0  35  1  1922  48  352127  20  473  0  3  756  182  48  0  1499  1  0  0  0  2  15018  290023  0  28  6206  94  8  72  30550  209  0  49  0  
0  0  0  0  0  0  0  0  0  1  236  0  0  0  0  0  0  0  0  1  0  1  0  0  0  0  12  0  0  7358  0  0  0  0  0  0  0  0  0  0  1  0  0  1  0  0  0  1  0  0  0  0  0  0  1  0  0  0  0  0  0  0  0  0  32  14  0  0  0  0  1  0  3  0  19  2  1  840  368  578  1150  189  21746  1802  604427  51  0  43  1039  73  3  126  34466  313656  83  1134  32  1  1785  4636  136570  8  101  1035843  0  27  0  1  0  415  16  5  24  0  2806  4  1  554101  1340  1329  146  18  2477  0  1820  1420  2923  5212  4  252423  30541  590409  1255  75  2254  19  8  4  0  996  612  3047  627  0  170101  0  14012  0  
55  0  1  16  17  64414  3172  4910  69648  124938  2  2  0  0  11  216  135  9698  80  3  0  36  41  43  3  485  17  0  47  18580  20  4288  2  0  3  1  0  0  8  10  2542  0  60  8073  267  1  223  12482  4974  0  19  170  27  93  3448  243  56  12  4  1  7  0  47  160  5899  418317  601  66  106  150  160  0  6246  21  5489  0  13  2750  6168  821345  412373  334894  589422  201035  0  4400  2  4726  24640  3714  164  5783  654  0  13  65  2746  490  30  104959  4643  141  3765  50  282  148894  0  0  12  29605  441  95  332  0  401561  0  116  748  38255  12045  4304  1968  20775  0  114  10776  12125  9659  11  37476  385  51  203  975  8427  470  3388  664  527  0  38973  3451  3284  919  50412  9  8140  0  
0  0  0  0  0  0  0  0  0  3  0  0  0  0  0  0  0  2  0  0  0  0  0  0  0  1  0  0  0  0  0  2  0  0  0  0  0  0  0  0  3  0  0  1  0  0  0  1  1  0  0  0  0  1  0  0  0  0  0  0  0  0  0  0  0  57  0  0  0  0  0  0  3  0  38  0  156208  4066  5299  4866  9906  422  10670  162  0  130  0  153  2443  2403  49  917  239  0  6  0  222  22  95  950138  712645  799442  4610  11083  4  89  0  0  1  13933  3  0  83  0  33317  0  19  189  694005  222257  546  175  2948  0  13  3237  4785  17096  8316  417897  142  65  16  7  73  50  113  17  359  19684  0  3885  46712  0  3436  1  1663  1  
0  0  0  0  0  6  3  1  0  1  0  0  0  0  0  0  0  2  0  0  0  0  0  0  0  0  0  0  0  0  0  0  0  0  0  0  0  0  0  0  0  0  0  0  0  0  0  1  3  0  0  0  0  0  0  0  0  0  0  0  0  0  0  0  0  193  0  0  0  0  0  0  1  0  320  0  4  342932  1934  7462  12802  271  16634  171  0  489006  0  5252  351284  3404  3  609  263  0  2  0  209  109  7  6977  654  59  879638  11  5  694  0  0  1  1154  3  0  7208  12530  4927  0  2  135  297641  1222  5221  21  104727  0  10  824196  12114  222910  215  69065  199  77  12  6  24  221  69  138  1635  13209  4469  0  32755  0  9806  0  1038  0  
0  0  0  0  0  1  0  0  0  0  0  0  0  0  0  0  0  2  0  0  0  0  1  0  0  0  0  0  0  1  0  0  0  0  0  0  0  0  0  0  1  0  0  1  0  0  0  1  1  0  0  2  0  0  1  0  0  0  0  0  0  0  0  0  0  384  0  0  0  0  0  0  2  0  19  0  7  184  421  879  52997  395034  11457  27  1  14  0  39  264128  280163  28  767  98  0  2  0  284  19  3  2945  855  67  1174920  7  0  24  0  0  0  701  1  0  25  0  4320  0  2  72  567359  25854  402  30  1470  0  12  230  976  330577  201  34032  61  40  8  4  20  21  96  20  1719  17418  53828  13342  0  0  7447  0  1497  0  
0  0  0  0  5  3662  0  0  0  0  0  0  0  0  0  30  0  5  0  0  0  0  0  0  0  0  0  0  0  0  773  1188  0  0  0  0  0  0  0  0  0  0  0  0  0  0  1  0  1  0  0  0  0  0  0  0  0  0  0  0  0  0  1  0  0  72  0  0  0  2758  0  0  0  0  112718  0  0  0  163977  315646  0  0  3  0  0  0  0  0  1  493569  0  4  0  0  0  0  0  127103  0  0  1  0  0  0  350618  69760  0  0  0  0  0  0  83  0  2  0  0  0  8  0  20  2  18  0  0  10  10  0  0  8  0  0  0  0  0  27  177653  15474  0  503  1  0  0  0  0  0  1  0  
0  0  32  0  0  2  1  37  102841  0  1  0  0  0  0  11  0  5  0  0  0  0  0  0  0  0  4  0  0  27146  0  0  0  0  0  0  0  0  0  0  5  0  0  0  1  6357  0  3  1  0  0  1  0  0  1  0  1  0  0  0  0  0  0  0  2  2362  0  0  0  0  113665  0  7  0  13  1  95  1516  230  332  35759  3237  381266  9849  79  73  0  73  526  99  11  964  6478  485  21  3  522  23  280  30370  103190  24  1406  580227  1  28  0  0  2  9691  73  42  24  0  31974  0  14  20139  2571  272181  263  97  4645  1  145  728  1725  3402  1  707782  4603  1215  216  107  1113  19  80  8  158387  41600  20030  1656  2089  0  0  1  6872  0  
0  0  0  0  0  0  0  0  0  0  0  0  0  0  0  0  0  0  0  0  0  0  0  0  0  0  0  0  0  0  0  0  0  0  0  0  0  0  0  0  0  0  0  0  0  0  0  0  0  0  0  0  0  0  0  0  0  0  0  0  0  0  0  0  0  0  0  0  0  0  0  0  0  0  0  3292  0  54  0  3  4  0  39  0  0  0  0  0  1  0  0  0  4746  0  2281  8  1164  0  8  55  0  0  1  0  0  0  0  860  8159  29  999262  1440755  0  0  191  0  99278  216  6  2  1  9262  98  157019  141  1  2  1  0  30  91  0  518792  476050  1194  0  0  0  1  11  3  10  3  0  12  0  278831  500  
0  0  0  0  0  0  1  0  0  11  0  0  0  0  0  0  1  15  1  0  0  0  0  0  0  0  0  0  0  1  0  10  0  0  0  0  0  0  0  0  2  0  0  4  1  0  0  26  6  0  0  0  0  0  2  0  0  0  0  0  0  0  0  0  2  124  2  0  0  0  0  0  17  0  106  222  0  18469  449  599  2290  370  5548  268  0  915  0  481  1716  167  1006  1055  505504  0  99355  293  63994  38  1506949  167570  241  579  1080  2  24  237  2  1183774  110591  389084  17053  2144452  105  1  89897  5  137978  20627  18437  452  1921  425980  53481  205184  58907  4160  7685  5706  43983  468595  95588  1364  286821  273864  202729  97  51  28  3974  3676  697  38909  794  0  2537  269995  0  145527  
0  0  0  0  0  0  0  0  0  0  0  0  0  0  0  0  0  0  0  0  0  0  0  0  0  0  0  0  0  0  0  0  0  0  0  0  0  0  0  0  0  0  0  0  0  0  0  0  0  0  0  0  0  0  0  0  0  0  0  0  0  0  0  0  0  0  0  0  0  0  0  0  0  0  0  0  0  12  0  0  0  0  2  0  0  0  0  0  0  0  27  12  1  0  4  0  360  0  47  1867  0  0  0  0  0  0  259870  307730  75199  277607  10  2241  0  0  124200  0  1636  0  4  0  0  504762  16  541  1  0  0  0  0  4  2  1  4  170  111  0  0  0  2  4  0  2  0  0  3  480  188934  0  
