0  0  1  23  415816  100448  2  1  2  7  0  824  3  20522  138427  15502  20  1604  5  0  0  0  12  297555  0  23  0  0  0  0  108925  10337  0  0  0  0  0  0  9193  8316  69  0  1  19  9  0  5107  17  72533  0  1  284153  238153  131  10  1  3  3  0  0  1  68129  428  62273  5  2550  53  486  50  165301  0  0  96  0  0  0  0  0  0  2  0  0  2  0  0  0  0  0  0  0  0  0  0  0  0  0  1  0  0  3  0  0  0  0  0  17  0  0  0  0  0  0  0  0  7  0  0  0  0  0  0  0  0  0  0  0  0  0  0  1  0  0  0  0  0  0  0  0  0  127  0  0  0  0  1  0  2  0  
0  0  0  29  0  0  0  4  0  1  0  0  0  0  1  0  0  5  245729  0  532638  95694  2  0  8  4  0  0  0  1  0  0  0  0  0  0  65228  32825  0  0  4  496491  0  1186  331  0  0  22  2  3  665831  0  0  10  116  1  516620  112  485760  231664  65677  0  0  0  2  4  1  115  4  0  1  0  948  0  0  1  0  0  0  0  0  0  0  0  1  0  0  0  0  0  0  0  0  0  1  195  0  0  0  0  0  0  0  0  0  0  0  0  0  0  0  0  0  0  0  0  0  1  0  0  0  0  0  0  4  0  0  0  0  0  0  0  0  0  0  0  0  0  0  0  0  0  0  0  0  0  0  0  
0  0  0  13  0  147  13  103911  1480  0  0  0  0  0  0  492342  14  46  7  0  0  0  0  0  0  19  134278  268047  158243  88628  0  9  1  0  0  0  0  0  0  0  25  0  0  3  360317  493233  1  35  1058  0  0  0  0  274  3  4  4  3  0  0  0  0  0  0  2  44  91543  1  110951  1  68  0  5  0  0  0  3107  0  0  0  0  436  838  0  0  0  0  0  0  2372  0  0  0  0  0  0  0  0  0  2  0  0  1  2579  0  0  0  0  0  0  0  0  0  0  1  0  0  0  1  12529  0  0  0  0  0  0  0  0  0  0  0  0  0  0  0  0  0  0  0  1  0  0  0  0  337  0  0  0  
305  1  20  0  1121  1881  1608  2156  630  20  0  314797  157  455  595  143  2609  7153  1941  1  0  26  13  96  29  707080  1  371153  129068  15  0  239  100120  1190  539  104  0  1  182  4091  295450  2  2  2108  422168  0  1053  1260  630054  0  675  7414  781  1942  3684  126  6136  179  97  295  494  8  31  38  398  1861  79732  89100  6852  30  231  0  3334  784  0  0  0  0  0  0  0  0  1  0  0  0  0  0  0  0  0  0  0  0  0  0  0  0  0  0  0  0  0  0  0  1  0  0  0  0  0  0  0  0  7  0  0  0  0  0  0  0  0  0  0  0  0  0  0  0  0  0  0  0  0  0  0  0  0  37  1  0  0  0  0  0  1  0  
379242  0  0  21  0  78222  7  0  1  8  0  257  1  1273  63773  356905  3  413  5  0  0  0  1  7344  0  13  0  0  0  0  36564  1297  0  0  0  0  0  0  358  8175  62  0  1  13  12  0  482  6  17851  0  0  23919  150118  143  8  1  4  0  0  1  0  2  51  5471  3  350  39  406  26  25501  0  0  11  0  0  0  0  0  0  113  1  0  1  0  0  0  0  0  0  47  0  0  0  0  0  0  0  0  0  0  0  0  0  0  0  3  0  0  0  0  0  0  0  0  0  0  0  0  0  0  0  0  0  0  0  0  0  0  0  0  0  0  0  0  0  0  0  0  0  35  0  0  0  13  0  0  0  0  
152050  1  12  645  122849  0  312877  6332  10679  55  0  842  1  6009  38518  814609  234  17135  197  0  0  1  48  93479  6  1286  25  0  85  7  35774  212639  5  0  0  0  0  0  1222  10108  1621  0  6  267  2549  1  6870  999  80883  0  25  49354  19790  73068  778  173  148  48  4  3  11  41  22700  49660  1499  492615  5881  4291  9482  503611  77  0  1575  4  211  0  0  1  33  32075  573  119  124  2  0  0  0  3  17  5974  0  6  0  0  0  0  6  16  0  8  4  0  0  0  4564  3052  0  0  0  1  0  0  4  0  43  0  0  0  13  3  15  1  5  0  2  16  22  4  0  19  0  0  0  0  1  15  8  9  0  85104  7  1  0  3501  18  0  15  0  
34  0  7  3979  214  450640  0  476158  100897  9  0  113  0  10  423  937821  37  1363  689  1  0  0  1  6  15  1681  51  0  159  764  1  197  1  0  0  0  0  0  3  969  679  0  1  1656  16084  9  373  256  17131  0  64  16442  411  85504  4470  372  496  60  7  12  30  0  23  3  36683  372194  6238  20321  41400  18  916  0  329  0  0  0  0  0  2  2431  5504  4975  513  0  0  0  0  0  0  693  0  1  0  0  0  0  0  0  0  0  0  0  0  0  0  9  0  0  0  0  0  0  0  0  1  0  0  0  1  0  0  0  0  0  0  0  1  0  0  1  0  0  0  0  0  0  0  0  0  3576  0  0  0  0  10  0  0  0  
24  0  48534  7223  199  15202  429842  0  421386  7  0  291  0  9  178  555769  31  379  553  0  0  1  12  0  10  1799  5  70  67712  246  1  64  0  0  0  0  0  0  1  2930  457  0  0  716  95795  247293  155  253  3500  0  16  6973  292  251834  2401  426  809  43  1  3  14  0  5  2  6883  262204  16793  2735  224893  8  3396  0  180  0  0  0  232  0  1  47  209  51819  3711  0  0  0  0  0  0  35436  0  0  0  0  0  0  0  0  0  0  0  0  6  15  0  3  0  0  0  0  0  0  0  0  1  0  0  0  0  979  0  0  0  0  0  0  1  0  0  1  0  0  0  0  0  0  0  0  0  5350  0  1  0  0  97  0  0  0  
1  0  134  48  7  3422  12823  181236  0  19044  0  6  0  0  6  489  74  1601  2615  55  0  38  4  1  39  3179  99  249  331  49927  1  300  0  0  0  0  0  1  0  13  5073  0  0  3058  4140  183377  29  1717  3430  0  25  117  5  5258  10682  9759  1442  161  9  1  31  0  8  2  44947  368412  22043  397  958  7  342791  0  417  0  0  0  47  0  0  1  0  3450  65850  264  0  0  0  0  0  643  0  1  0  0  1  7  1  0  0  20  0  0  0  6418  0  0  0  0  0  5  1  0  0  0  363  0  0  1  1  2009  0  6  3  0  0  1  1  0  0  5  0  0  0  1  7  0  0  0  0  88658  4  0  0  0  116757  0  0  0  
142  1  0  282  1077  957  311  325  23876  0  36  343  0  55  609  52  322  58695  633  13  1  6247  50808  15  50  3606  64  0  97  132465  0  6437  4  2  5  3  0  6  6  3393  54622  5  102  390720  1504  3  854  19198  41348  19  1224  1691  1085  522  13287  866  746  134  180  20  192  1  85  13  16410  642568  1820  4668  276  75  211  0  24953  1265  15  0  0  298  117  79  167  19  4400  660  10  58  0  59  23  6  8  305  124  0  14  281  102  14  0  762  39  4  30  111  11  162  0  0  0  196  1  1  34  0  7906  0  4  19  1242  76  104  104  1374  0  25  408  90  75  0  1592  55  7  5  2  35  4  71  5  47  203710  395  615  44  0  375  0  462  0  
0  0  0  0  0  0  1  0  9  29  0  0  0  0  0  0  0  1  1096  1241102  0  84185  0  0  255  3  407  0  0  73724  0  1  0  0  0  0  0  0  0  0  5  98005  0  1237305  2  0  0  2  6  0  0  1  0  0  58  93  5307  491972  1  0  100  0  0  0  582994  38  2  29  0  0  22  0  213  0  0  0  0  0  0  0  0  0  0  4  180191  0  0  0  0  0  0  0  1  1183  0  6082  0  0  0  2  0  0  0  1156  0  0  0  0  0  0  0  0  0  0  4  589  0  2170  0  0  0  0  0  0  0  0  0  0  0  0  0  0  0  0  1  0  0  0  208  4  0  0  0  0  2  0  0  0  
1710  0  0  655962  8078  3933  8  3  7  9  0  0  4355  107181  5173  165  698  26470  5  0  0  0  1  206  0  26  0  0  111513  0  1  98  4347  691  415  0  0  0  529  381381  24  0  2  4  50084  0  9409  248  312639  0  1  446506  11166  447  8  0  8  0  0  0  0  7  6  479  2  68  67  409297  91  15  0  0  3  0  0  0  0  0  0  0  0  0  0  0  0  0  0  0  0  0  0  0  0  0  0  0  0  0  0  0  0  0  0  0  0  0  0  0  0  0  0  0  0  0  0  0  0  0  0  0  0  0  0  0  0  0  0  0  0  0  0  0  0  0  0  0  0  0  0  7  0  0  0  0  0  0  0  0  
21  0  0  114  3  93  0  0  0  0  0  2021  0  47428  0  1  8  2706  0  0  0  0  0  201243  0  0  0  0  3  0  0  43  3  23  88  0  0  0  183634  138  0  0  50  0  0  0  217963  3  1213  0  0  10  0  0  0  0  0  0  0  0  0  40996  18  23512  0  2  0  0  0  6  0  0  0  0  0  0  0  0  0  0  0  0  0  0  0  0  0  0  0  0  0  0  0  0  0  0  0  0  0  0  0  0  0  0  0  0  0  0  0  0  0  0  0  0  0  0  0  0  0  0  0  0  0  0  0  0  0  0  0  0  0  0  0  0  0  0  0  0  0  0  0  0  0  0  0  0  0  0  
15537  0  0  8  8646  13805  2  0  0  1  0  124775  67145  0  12217  203  0  423  3  0  0  0  1  3814  0  0  0  0  87  0  1  370  0  0  0  0  0  0  247890  325796  15  0  0  2  4  0  11595  2  142462  0  1  394298  11476  61  0  0  0  0  0  0  0  73049  23  18778  1  139  3  182  1  93  0  0  10  0  0  0  0  0  0  0  0  0  0  0  0  0  0  0  0  0  0  0  0  0  0  0  0  0  0  0  0  0  0  0  0  1  0  0  0  0  0  0  0  0  0  0  0  0  0  0  0  0  0  0  0  0  0  0  0  0  0  0  0  0  0  0  0  0  0  5  0  0  0  0  0  0  0  0  
187912  0  2  33  65305  28512  64  3  22  6  0  15044  0  2420  0  407219  16  496  16  0  0  0  0  60  6  661  0  0  120055  0  0  579  0  0  0  0  0  0  18  1898  85  0  0  13  2519  0  145  19  9406  0  2  1641918  883868  1141552  86  11  15  1  0  0  3  184963  26  52  14  765  365  318776  77561  41  25  0  45  0  0  0  0  0  0  0  0  0  0  0  0  0  0  0  0  0  0  0  0  0  0  0  0  0  0  0  0  0  0  0  0  2  0  0  0  0  0  0  0  0  1  0  0  0  0  0  0  0  0  0  0  0  0  0  0  0  0  0  0  0  0  0  0  0  0  32  0  0  0  0  0  0  0  0  
34455  0  579882  76  495151  760146  768578  590224  1285  10  0  28  0  48  398478  0  27  1177  52  0  0  0  6  2546  3  300  5  12  65882  4  52842  6147  0  0  0  0  0  0  35  400  191  0  0  35  33641  27591  194  138  6674  0  16  7177  161285  1240482  117  44  32  15  5  0  3  0  27  1933  185  20946  1472  1390  232793  171966  45  0  322  0  0  0  1791  0  2  8829  4538  21728  402  0  0  0  0  0  0  40558  0  0  0  0  0  0  0  0  0  1  0  0  45  52  7  669  0  0  0  0  0  0  0  0  4  0  0  0  1  912  0  0  0  0  0  0  0  0  0  1  0  0  0  0  0  0  1  0  0  739  1  0  0  11  21  0  1  0  
1  1  74  7374  14  85  31  78  165  311  0  591  6  0  12  81  0  527476  6464  0  0  2  43711  5078  8  1857  3  1  248  12  2  47642  5874  79  96991  18  0  22  2  33  59967  0  35625  810  6843  1  33753  554818  320967  122  77  32  16  70  1058  174  508  2161  25  13  42  0  306  91  649  421  3325  84  4863  60  12  2  20363  112  0  0  0  1  2  1  2  1  45  4  0  2  0  1  0  0  0  9  0  0  2  0  12  1  0  68  3  0  1  0  9  57  0  0  0  19  1  0  0  0  243  0  3  0  8  4  1  26  10  0  3  8  1  1  0  24  0  0  0  1  5  0  1  0  0  215  14  6  0  0  8  0  10  0  
1371  0  2  11909  440  4144  12  16  126  761  0  30148  4357  470  38  13  296937  0  466  1  6  9  33629  63717  6  1774  2  0  38  16  1415  236213  3079  169  18288  5  0  9  810  165  11746  1  19277  1788  274  1  492677  135418  537153  156  152  532  31  213  1901  39  383  79  37  14  44  1  4558  1521  514  1108  208  181  229  3642  6  3  31780  153  1  0  0  1  1  2  2  4  105  5  0  2  0  3  1  0  1  13  1  0  4  2  11  0  0  104  10  0  3  0  9  85  0  0  0  29  1  0  1  0  320  0  2  1  20  8  1  29  22  0  3  11  1  2  0  51  0  0  0  1  14  0  6  0  0  406  35  8  0  0  18  0  23  0  
2  219999  0  195  2  17  19  13  82  7  130  0  0  0  18  4  7  201  0  76072  101  16123  26  0  382706  107  0  0  5  5  0  15  1  0  2  0  7  11248  0  1  606  251946  2  19899  3325  0  4  545  557  0  41288  19  3  218  693  2068  2013463  985953  458359  1647  41300  0  0  0  26648  57  40  20903  28  0  3  0  690859  0  0  0  0  0  0  0  0  0  0  0  0  0  0  0  0  0  0  0  0  0  0  0  0  0  0  0  0  0  0  0  0  0  0  0  0  0  0  0  0  0  3  0  0  0  0  0  0  0  1  0  0  0  0  0  0  1  0  0  0  0  0  0  0  0  0  2  0  0  0  0  0  0  0  0  
0  56  0  1  0  0  1  0  1575  0  1332614  0  0  0  0  0  2  44  53061  0  0  411  0  0  7494  41  148890  0  14  13247  0  1  0  0  0  0  0  0  0  0  61  168534  0  334147  91  0  0  37  42  0  6  0  0  1  114  102380  7877  751033  7  1  14  0  0  0  462881  14  17  83  8  0  6164  0  468  0  0  0  0  0  0  0  0  0  0  0  28203  0  0  0  0  0  0  0  0  224  0  1  0  0  0  0  6  0  0  823  0  0  0  0  0  0  0  0  0  0  0  47  0  45  0  0  0  0  0  0  0  0  0  0  0  0  0  0  0  0  0  0  0  0  3  1  0  0  0  0  0  0  0  0  
0  392849  0  10  0  0  0  1  1  4  0  0  0  0  0  0  0  11  85  0  0  56660  152504  0  7  3  0  0  0  0  0  8  0  0  2  0  211414  2983  0  0  53  8  134  208  19  0  0  8  6  494763  155749  0  1  2  61  1  34  0  23575  510507  815324  0  0  0  0  5  1  32  2  0  0  55  656  1  0  0  0  0  0  0  0  0  1  3  0  0  0  0  0  0  0  0  0  0  19  7  1  0  0  2  0  0  0  0  1  0  0  0  0  0  0  0  0  0  2  3  0  0  0  0  0  0  1  0  136  0  0  0  0  0  0  0  0  0  60  0  0  0  0  0  0  0  0  0  0  0  1  0  
4  198872  0  74  49  38  12  15  64  69575  56078  22  0  1  21  4  2  194  4235  247  53524  0  176807  0  30  420  0  0  0  4291  0  25  0  0  0  0  0  199  0  198  5797  554414  1  1563987  573  0  61  88  374  10  158820  91  55  52  2617  13  146627  61037  1303  49  1830465  0  1  0  7132  512  8  638  23  1  3  1  1275  5  0  14  0  2  0  0  0  0  34  156  37057  0  0  0  0  0  0  2  1  1  213  37433  37  0  0  31  1  0  0  48  4  9  0  0  0  8  0  0  0  0  123  117  0  11354  1  1  0  12  4  0  335  0  0  1  0  2  1  0  0  1  96  0  1  0  0  180  3  0  0  0  4  0  7  0  
13  0  0  190  68  200  199  395  1024  52574  0  13  0  1  46  18  47388  55866  435  0  140323  187878  0  1516  1904  9989  1  0  11  209  4  108492  5  0  171083  0  3250  31492  1  189  50992  2  572849  200692  576  0  379  45130  2094  382900  423  171  62  290  17972  144  512  91  14157  29475  487063  0  164  26  5891  454  41  2443  90  69  35  842  127981  8  1  0  0  1  0  0  1  0  18  9  0  0  0  0  1  0  0  2  1  0  34  11  8  1  0  21  0  0  0  0  6  23  0  0  0  8  1  0  0  0  56  4  0  2  1  2  0  6  6  0  295  1  0  0  0  9  0  0  0  0  125  0  4  0  0  59  1  0  0  0  4  0  2  0  
293638  0  0  39  8371  45252  1  1  0  6  0  530  218816  24013  351  1624  1094  47123  3  0  0  0  182  0  0  14  0  0  0  0  270269  71263  153  741  7616  0  0  0  64972  1906  68  0  10568  32  6  0  373608  6380  11410  0  0  11841  2471  27  3  1  1  0  0  0  1  302665  546913  1167948  7  774  6  88  8  223966  0  0  167  0  1  0  0  0  0  3  0  0  4  0  0  0  0  0  0  0  0  0  0  0  0  0  0  80  0  1  0  0  0  0  247  9  0  0  0  1  0  0  0  0  4  0  0  0  0  0  0  0  0  0  0  1  0  0  0  0  0  0  0  0  0  0  29  0  0  47  0  1  0  2  0  0  0  0  
0  0  0  64  3  27  27  11  1681  49  11  0  0  1  22  7  10  479  256716  13589  7  3  504  0  0  228580  12231  0  172  25  0  68  0  0  0  6  0  45  0  0  872  0  10  1985  2952  0  7  360  700  21  625  15  0  447  438055  863042  57570  50314  3036  29  829  0  1  0  10521  622  212  21530  96  1  186  1  1284439  0  0  0  0  0  0  0  0  0  2  0  0  0  0  0  0  0  0  1  0  0  0  0  1  0  0  0  0  0  0  1  0  0  0  0  0  0  0  0  0  0  3  0  0  0  0  0  0  0  1  0  0  0  0  0  0  1  0  0  0  0  0  0  0  0  0  4  0  0  0  0  0  0  2  0  
13  2  13  517888  63  692  505  682  3812  693  0  18  0  7  133  46  441  3288  856  32  2  71  585  2  187048  0  345  67749  209  1763  0  440  3426  164492  4  325057  0  24301  1  127  740616  7  7  11978  77152  8  131  3158  21389  2  356  1231  72  1457  439743  239155  1115  317  67  56  556  0  16  6  8073  17771  919694  18359  7166  16  1362  0  101187  3360  0  0  0  0  1  0  0  2  26  1  0  0  0  0  1  0  0  2  0  0  0  0  1  1  0  21  1  0  0  0  0  5  0  0  0  5  0  0  0  0  50  0  0  0  5  5  0  3  1  0  0  4  0  1  0  6  1  0  0  0  0  0  1  0  0  201  8  3  0  0  4  0  3  0  
0  0  137574  0  0  3  4  8  1023  1  316  0  0  0  0  0  0  7  43  228838  0  0  0  0  6402  589  0  63  135  1503798  0  1  0  0  0  0  0  0  0  0  27  0  0  83  965  10145  0  9  16  0  1  0  1  11  1963  1598613  10  93  0  0  0  0  0  0  383925  70  461851  1  105  0  200755  0  3  0  0  0  0  0  0  0  0  0  2  0  76  0  0  0  0  0  0  0  1  119  0  0  0  0  0  1  50  0  0  3222  0  0  0  0  0  1  0  0  0  0  0  0  0  0  0  3  0  0  0  0  0  0  0  0  0  0  0  0  0  0  0  0  0  0  5  1  0  0  0  0  44  0  0  0  
0  0  209022  320776  0  1  2  3  853  0  0  0  0  0  0  14  0  10  3  0  0  0  0  0  0  101852  125  0  146697  0  0  1  0  0  0  0  0  0  0  1  40  0  0  9  981621  178792  0  7  65  0  1  4  0  3  4  788  1  0  0  0  1  0  0  0  23  20  796556  6  87  0  92  0  2  0  0  0  0  0  0  0  0  0  0  0  0  0  0  0  0  0  0  0  0  0  0  0  0  0  0  0  0  0  0  0  0  0  0  0  0  0  0  0  0  0  0  0  0  0  0  0  0  0  0  0  0  0  0  0  0  1  0  0  0  0  0  0  0  0  0  0  0  0  0  0  0  0  0  0  
9  0  193588  138026  35  320  56  146747  4978  18  0  75125  16  128  117465  55422  751  3448  511  0  0  1  1  0  2  1407  5  66580  0  10  1  397  2  1  0  0  0  0  2  96  1393  0  0  140  1278551  27557  436  8944  6947  0  4  16445  49  6624  231  96  111  83  0  1  1  0  22  3  521  9669  31893  703807  829374  19  1139  0  318  4  0  0  0  0  0  0  1  0  5  2  0  0  0  0  0  0  0  1  1  0  0  0  1  0  1  11  2  0  0  0  0  4  0  0  1  4  0  0  0  0  23  0  0  0  2  0  0  1  2  0  0  0  0  0  0  1  0  0  0  0  0  0  0  0  0  30  6  0  0  0  2  0  2  0  
2  0  103405  8  0  36  50  13  52466  114460  45489  0  0  0  0  3  20  4409  327  10771  0  4191  11  0  21  1109  1166732  13  115  0  0  585  0  0  0  0  0  0  0  3  1350  0  5  42574  1293  447200  8  883  2608  0  5  18  2  26  1033  71965  719  87  3  0  22  0  3  4  721812  62817  52045  87  113  7  601031  0  1618  4  0  0  12  0  0  1  1  1  13226  1005  45078  0  0  0  0  0  2  1  0  737  0  6069  5  0  2  25  560  0  0  136723  1  4  0  0  0  6  0  0  1  0  391  0  1  13  5  62  0  4  2  0  0  0  0  2  0  18  0  0  0  1  13  0  0  0  900  5657  6  1  0  0  40668  0  4  0  
114587  0  0  0  76342  62957  0  0  0  0  0  0  0  0  0  64180  0  335  0  0  0  0  3  227524  0  0  0  0  0  0  0  45828  0  0  0  0  0  0  5  0  0  0  0  2  1  0  457  1  32  0  0  1  1  0  0  0  0  0  0  0  0  0  420939  1020  1  7  0  0  0  436513  0  0  16  0  6  0  0  0  0  272  0  0  0  0  0  0  0  0  0  269  0  0  0  0  0  0  0  1744  0  0  0  0  0  0  31973  253  0  0  0  0  0  0  0  0  0  0  0  0  0  0  0  0  0  0  0  0  0  0  0  0  0  0  0  0  0  0  801  5  0  14  0  1  0  486  0  0  0  0  
787  0  1  12  157  198902  11  5  110  557  0  7  50  80  27  2683  67145  571043  128  0  28  21  112071  47343  0  1144  4  1  21  29  61701  0  7  4  40576  0  2  11  572  30  4827  0  21264  2776  415  1  40126  47036  64231  41  21  136  37  42  542  56  75  16  12  2  29  17  334399  11333  448  124921  96  51  109  247918  5  2  33113  16  1  0  0  8  3  2999  4  6  163  13  0  4  0  5  0  1370  1  22  3  0  6  4  15  4  0  196  12  1  6  0  513  91740  0  0  1  57  0  0  1  0  468  0  1  3  31  16  0  16  38  0  21  15  0  5  0  98  2  1  0  0  15  0  11  0  2  2207  62  17  7  1073  22  0  36  0  
0  0  0  128743  0  4  0  0  6  6  0  349  1  1  1  1  3149  3867  4  0  0  0  1  64  0  927  1  0  1  0  0  64  0  236510  55187  18945  0  0  0  0  78307  0  3  28  9  0  415  408298  4840  0  0  2  0  1  70  4  0  0  0  0  0  0  3  3  22  32  11  4  1  0  2  0  33218  437701  0  0  0  0  0  0  0  0  0  0  0  0  0  0  0  0  0  0  0  0  0  0  0  0  0  2  0  0  0  0  0  0  0  0  0  1  0  0  0  0  8  0  0  0  0  0  0  1  0  0  0  0  0  0  0  0  0  0  0  0  0  0  0  0  0  1  0  0  0  0  0  0  0  0  
0  0  0  3754  0  0  0  0  0  0  0  669  40  2  0  0  65  308  0  0  0  0  1  1400  3  124582  0  0  17  0  0  1  345098  0  723293  427350  58  509188  0  0  17525  0  172878  1  0  0  771  102263  72  10  0  0  0  0  179  0  0  0  2  0  2  0  0  24  0  1  0  0  0  0  0  2712  846356  134981  0  0  0  0  0  0  0  0  0  0  0  0  0  0  0  0  0  0  0  0  0  0  0  0  0  0  0  0  0  0  0  0  0  0  0  0  0  0  0  0  0  0  0  0  0  0  0  0  0  0  0  0  0  0  0  0  0  0  0  0  0  0  0  0  0  1  0  0  0  0  0  0  0  0  
0  0  0  1070  0  4  0  0  18  19  0  360  20  0  0  1  71058  20099  42  0  0  1  153192  4545  1  330  0  0  3  2  0  38572  62523  760290  0  0  889  62504  0  0  757  0  502310  241  2  0  1578  462713  212  3493  11  1  0  1  117  1  13  0  1641  386  2070  0  13  109  67  20  0  3  0  0  0  114474  191817  38  0  0  0  0  0  0  0  0  4  0  0  0  0  0  0  0  0  2  0  0  0  0  0  0  0  7  1  0  0  0  0  5  0  0  0  0  0  0  0  0  22  0  0  0  0  0  0  0  0  0  1  0  0  0  0  0  0  0  0  0  0  0  0  0  1  15  1  0  0  0  1  0  0  0  
0  0  0  52  0  0  0  0  0  0  0  0  0  0  0  0  12  2  0  0  0  0  0  0  5  353243  0  0  0  0  0  0  25991  499563  9  0  0  7554  0  0  193526  0  0  0  0  0  0  32920  125  0  0  0  0  0  4949  0  0  0  0  0  0  0  0  0  0  0  0  0  0  0  0  0  69911  256343  0  0  0  0  0  0  0  0  0  0  0  0  0  0  0  0  0  0  0  0  0  0  0  0  0  0  0  0  0  0  0  0  0  0  0  0  0  0  0  0  0  0  0  0  0  0  0  0  0  0  0  0  0  0  0  0  0  0  0  0  0  0  0  0  0  0  0  0  0  0  0  0  0  0  
0  62370  0  0  0  0  0  0  0  1  0  0  0  0  0  0  8  0  16  0  133483  2  6037  0  1  1  0  0  0  0  0  2  0  87  1884  0  0  717675  0  0  3  0  267869  115  1  0  0  610  0  805533  1  0  0  0  6  0  1  0  183587  849160  6692  0  0  0  0  0  0  1  0  0  0  1285207  28342  0  0  0  0  0  0  0  0  0  0  0  0  0  0  0  0  0  0  0  0  0  0  0  0  0  0  0  0  0  0  0  0  0  0  0  0  0  0  0  0  0  0  0  0  0  0  0  0  0  0  0  0  0  0  0  0  0  0  0  0  0  0  0  0  0  0  0  0  0  0  0  0  0  0  0  
0  36266  0  23  0  1  1  2  5  2  0  0  0  0  0  0  3  8  26110  0  311  337  3461  0  28  1384  0  0  0  0  0  0  0  511234  88042  208  654735  0  0  0  95  7  306006  13459  95  0  0  8588  8  48391  196  0  0  9  358  1  79  1  585599  119912  65480  0  0  0  17  4  1  71  1  0  0  1367987  2154990  12  0  0  0  0  0  0  0  0  0  0  0  0  0  0  0  0  0  0  0  0  0  0  0  0  0  0  0  0  0  0  0  1  0  0  0  0  0  0  0  0  0  0  0  0  0  0  0  0  0  0  0  0  0  0  0  0  0  0  0  0  0  0  0  0  0  0  0  0  0  0  0  0  0  0  
24469  0  0  5  1328  10445  0  0  1  4  0  190  175327  279956  182  281  6  672  3  0  0  0  10  29925  0  4  0  0  0  0  11  3655  0  0  0  0  0  0  0  13630  12  0  0  13  1  0  129172  4  121776  0  0  39123  532  8  2  0  3  0  0  0  0  18463  497  178921  4  400  4  77  3  644  0  0  52  0  0  0  0  0  0  0  0  0  1  0  0  0  0  0  0  0  0  0  0  0  0  0  0  0  0  0  0  0  0  0  0  2  0  0  0  0  0  0  0  0  1  0  0  0  0  0  0  0  0  0  0  0  0  0  0  0  0  0  0  0  0  0  0  0  0  25  0  0  0  0  2  0  0  0  
1591  0  0  1255  5933  3143  3  5  3  15  0  356015  2032  372981  2694  104  3  262  5  0  0  0  0  229  0  24  0  0  14  0  1  169  0  1  0  0  0  0  7510  0  152  0  0  8  91  0  2113  1  311597  0  0  39678  8521  273  8  3  11  2  0  0  0  206  13  1266  0  165  35  50604  94  16  0  0  7  0  0  0  0  1  0  0  0  0  0  0  0  0  0  0  0  0  0  0  0  0  0  0  0  0  0  0  0  0  0  0  0  1  0  0  0  0  0  0  0  0  0  0  0  0  0  0  0  0  0  0  0  0  0  0  0  0  0  0  0  0  0  0  0  0  0  19  0  0  0  0  0  0  0  0  
492  0  4  198083  3380  3219  1159  1397  4496  30095  0  422  0  270  1894  438  67534  99227  22921  48  10  164  5360  28  47  639570  249  7  242  231  12  7798  67236  17697  8  188955  0  1  70  5313  0  3  94  84719  11986  22  731  390168  307205  7  284  3275  2895  2458  216160  4702  2797  3243  48  30  820  2  210  60  8473  11590  69838  9630  1096  186  451  0  145541  137149  0  0  0  16  2  8  15  12  269  26  0  2  1  6  3  0  3  37  15  0  27  5  63  3  0  468  23  0  6  0  77  143  0  0  1  132  4  1  3  0  1380  1  15  9  59  42  7  225  50  0  14  27  4  4  0  186  3  0  4  5  51  0  11  0  9  918  125  23  8  0  58  0  71  0  
0  730048  0  33  0  0  1  0  1  2  119880  0  0  0  0  2  0  8  208749  198896  4  661498  1  0  1  1  0  0  0  0  0  1  0  0  0  0  0  1  0  0  2  0  0  263298  855  0  0  9  13  0  74882  0  0  14  20  0  1133144  49641  1903  3  15118  0  0  0  21  4  0  109  3  0  0  0  18  0  0  0  0  0  0  0  0  0  0  0  496  0  0  0  0  0  0  0  0  1  0  63  0  0  0  0  0  0  0  0  0  0  0  0  0  0  0  0  0  0  0  93  0  5  0  0  0  0  0  0  0  0  0  0  0  0  0  0  0  0  0  0  0  0  0  0  0  0  0  0  0  0  0  0  
0  0  0  2  0  14  1  0  33  62  0  0  0  1  0  2  3893  7219  78  0  56  7  562029  4788  13  630  0  0  0  6  0  2371  1  251059  615696  0  210267  329448  1  2  1527  0  0  657  6  0  49  116327  109  207139  11  1  1  0  264  6  24  2  14531  541  9300  0  16  772  163  57  2  21  0  8  2  206923  142711  7  0  0  0  1  0  0  1  0  13  1  0  0  0  0  0  0  0  0  0  0  1  1  1  1  0  17  0  0  0  0  1  14  0  0  0  6  0  0  0  0  23  0  0  0  1  1  0  5  0  0  4  1  0  0  0  5  0  0  0  0  1  0  0  0  1  21  6  1  0  0  1  0  5  0  
63  9650  2  10411  514  2187  2157  5599  9105  304952  1261610  144  0  34  320  461  169  27909  30080  161300  9  1337249  181899  8  1181  27257  34  3  203  29777  2  3580  5  0  10  0  1  1237  2  1693  131688  285938  77  0  36164  6  3063  5037  35880  366  43146  1575  536  4206  48038  1317  165316  532197  8333  882  261596  0  81  19  510348  20323  1228  18425  4518  85  427  10  55044  134  0  0  0  0  0  4  4  0  38  15  8561  0  0  1  1  0  1  10  2  1  3  365  4  0  0  62  6  0  0  19  5  28  0  0  0  17  0  0  2  0  171  64  1  277  11  6  0  9  5  0  11  3  1  1  0  25  0  0  1  0  8  0  2  0  2  322  19  1  0  0  5  0  10  0  
128  4  313358  471308  713  10169  3238  90698  49935  291  0  7841  0  105  1139  52972  5522  16306  3600  6  0  8  30  17  39  92905  91  1051830  1040956  93  6  1883  11  0  0  0  0  5  15  886  7912  0  1  1945  0  544608  2330  35805  112386  0  488  5252  906  9581  2415  2115  8752  333  123  195  407  0  201  30  3170  38235  699043  251711  344680  159  14578  0  3128  1  1  0  0  0  0  3  4  2  35  3  0  1  0  1  0  0  0  3  0  0  0  0  3  0  0  43  3  0  1  0  2  13  0  0  0  15  0  0  0  0  104  0  0  0  6  5  0  3  2  0  0  1  0  0  0  15  0  0  1  0  0  0  0  0  0  186  17  3  1  0  3  0  9  0  
0  0  372883  84  9  82  40  271406  202996  2  0  0  0  0  8  21335  15  61  36  0  0  0  0  0  0  57  16826  116159  2810  385246  0  13  0  0  0  0  0  0  0  9  130  0  0  22  338067  0  1  125  834  0  1  43  8  591  28  448  34  3  0  1  0  0  2  0  85  739  225067  7  805  0  166727  0  9  0  0  0  347  0  0  0  0  74  5609  0  1  0  0  0  0  595  0  0  0  0  0  0  0  0  0  0  0  0  0  1223  0  0  0  0  0  0  0  0  0  0  1  0  0  0  0  7334  0  0  0  0  0  0  0  0  0  0  0  0  0  0  0  0  0  0  0  1  0  0  0  0  13230  0  0  0  
18366  0  0  85  1960  24946  13  3  23  23  0  2439  180108  6077  608  192  343  290942  20  0  6  0  324  291729  0  271  1  0  3  1  2296  75831  130  79  722  0  0  0  126667  759  689  0  264  533  80  0  0  4252  109597  0  2  7654  1856  1183  63  15  10  7  2  0  2  1205  22015  248657  86  743  353  554  422  4487  3  0  1328  0  0  0  0  0  0  2  0  0  3  1  0  0  0  0  0  0  0  1  1  0  0  0  1  2  0  1  1  0  0  0  0  8  0  0  0  1  0  0  0  0  18  1  0  0  2  0  1  1  1  0  6  0  0  1  0  5  0  0  0  0  2  0  3  0  0  49  2  1  0  0  0  0  1  0  
14  1  3  1340  37  398  63  23  802  8490  0  354  12  4  25  36  460140  284781  1328  41  16  22  35920  7975  175  3115  46  5  181  109  24  25193  340909  45274  517218  13739  296  33613  4  109  281810  2  205434  5162  5275  5  41771  0  105242  2478  308  286  32  90  11469  1188  856  203  3243  178  1320  0  327  92  3020  5287  10466  443  341  189  76  19339  992366  112360  1  0  1  25  5  5  19  6  430  40  0  7  0  10  3  1  4  56  18  0  25  5  50  2  2  460  29  0  7  4  60  297  0  0  0  117  3  1  3  0  1955  0  15  21  77  35  11  258  62  0  15  38  2  8  0  203  4  0  1  3  50  0  4  0  4  2068  103  43  8  0  55  0  72  0  
76581  0  2821  638941  56570  66953  2640  2653  3374  20752  2  253348  6650  149500  24131  5549  182690  421758  80922  12  1  30  305  6176  121  11070  45  3  2549  84  272  76798  2760  22  46  12  0  1  112651  348704  320435  5  94  14982  171008  5  112891  41077  0  0  445  135659  56036  52426  8288  2012  34765  9495  51  78  179  2098  5531  23391  4782  24040  19347  264359  42484  6623  247  0  7794  84  1  0  0  4  1  29  11  3  76  8  0  0  0  1  1  1  1  13  1  0  3  2  13  0  1  128  5  0  1  1  11  129  0  0  0  43  0  1  0  0  281  0  3  1  15  7  1  35  10  0  6  8  1  2  0  43  1  0  2  0  8  0  1  1  4  1518  41  8  4  0  11  0  24  0  
0  6  0  6  0  0  0  1  4  1  0  0  0  0  0  0  95  63  4  0  493802  4  361592  0  20  39  0  0  0  0  0  38  0  2  3631  0  713626  186752  0  0  105  0  347021  919  22  0  0  6692  7  0  10  0  0  1  91  0  2  0  109807  423613  119160  0  0  0  22  4  0  12  1  0  0  106377  200776  0  0  0  0  0  0  0  0  0  0  0  0  0  0  0  0  0  0  0  0  0  0  0  0  0  0  0  0  0  0  0  0  0  0  0  0  0  0  0  0  0  0  0  0  0  0  0  0  0  0  0  0  0  0  0  0  0  0  0  0  0  0  0  0  0  0  1  0  0  0  0  0  0  0  0  
0  406681  0  192  0  18  8  21  20  1  0  0  0  0  5  5  0  41  4294  1  82844  193303  9  0  50  41  0  0  0  0  0  2  0  0  0  0  0  60  0  0  47  30172  1  38602  1044  0  2  17  117  4  0  4  0  52  401  7  23021  45  85069  3748  346303  0  0  0  70  49  12  445  53  0  3  0  617  0  0  0  0  0  0  1  0  0  0  0  0  0  0  0  0  0  0  0  0  0  0  119  0  0  0  0  0  0  0  0  0  0  0  0  0  0  0  0  0  0  0  0  0  1  0  0  0  0  0  0  1  0  0  0  0  0  0  0  0  0  0  0  0  0  0  0  0  0  0  0  0  0  0  0  
173036  0  1  462  64661  82063  1263  1210  127  61  0  391492  22  463254  1125908  5149  88  5205  892  1  0  3  4  2462  22  1973  8  0  39721  7  10  2741  1  0  0  0  0  1  74132  122509  766  0  0  153  4292  0  7634  204  77620  0  123  0  343983  301893  1473  143  1786  129  7  19  47  77310  171  4170  217  6510  3828  379435  8373  415  32  0  363  0  0  0  0  0  0  5  0  1  2  0  0  0  0  0  0  0  0  2  0  0  0  0  0  0  0  1  0  0  0  0  0  6  0  0  0  0  0  0  0  0  1  0  0  0  0  0  1  0  1  0  0  1  0  0  0  2  0  0  0  0  0  0  0  0  0  278  1  1  0  0  1  0  2  0  
199014  0  1  8  162678  37425  52  2  2  5  0  258  0  585  910559  92147  36  1267  17  0  0  0  2  88  0  74  0  0  3  0  4  2144  0  0  0  0  0  0  126  5810  91  0  0  15  62  0  393  47  16112  0  0  604002  0  99093  32  8  10  3  0  0  0  28  102  234  22  1540  332  252  144  138  1  0  26  0  0  0  0  0  0  3  0  0  0  0  0  0  0  0  1  0  0  1  0  0  0  0  0  0  0  0  0  0  0  0  0  7  0  0  0  0  0  0  0  0  2  0  0  0  0  0  0  0  1  0  0  0  0  0  0  1  0  0  0  0  0  0  0  0  0  141  0  0  0  0  0  0  0  0  
1234  0  19  6818  6871  132783  66731  164610  7088  9  0  118  0  42  1037563  1156310  59  3319  985  0  0  3  15  12  110  14148  59  4  5957  60  2  604  0  0  0  0  0  1  15  1350  1517  0  0  366  19556  20  1184  549  66903  0  184  487277  116360  0  4462  455  1275  150  12  37  88  1  76  33  1862  24910  25307  242515  414451  59  348  0  1722  0  0  0  0  0  5  16  3  0  1  0  0  0  0  0  1  0  0  0  0  0  0  0  1  0  0  1  0  0  0  0  0  12  0  0  0  0  0  0  0  0  2  0  0  0  1  0  0  0  0  0  0  0  3  0  0  3  0  0  0  0  0  0  0  0  0  195  2  0  0  0  0  0  1  0  
5  5  1  608  15  417  976  1318  23171  244  1  2  0  2  34  45  93  5820  12285  59  0  290  1221  1  311363  500369  1907  1  228  682  0  500  38  389  0  15262  0  35  0  56  154461  11  20  67203  2999  2  98  3014  7152  18  270  148  22  1008  0  53731  11607  2326  257  42  2488  0  15  1  42871  5236  7061  14153  359  19  2434  1  499728  158  0  0  0  0  0  0  1  1  11  0  0  0  0  1  1  0  0  0  0  0  1  0  2  0  0  14  0  0  0  0  3  3  0  0  0  6  0  0  0  0  32  0  0  0  3  2  0  5  2  0  1  1  1  2  0  7  0  0  0  0  1  0  0  0  1  74  1  0  0  0  1  0  3  0  
1  1  0  134  14  389  621  503  61496  51  6  3  0  0  14  19  115  4062  15318  161116  0  3  17  2  828695  369846  1376137  403  7147  29482  0  515  9  0  0  1  0  0  0  25  11257  0  0  18360  48168  141  90  3615  6485  0  246  353  16  1096  156180  0  18097  174648  117  11  223  0  12  3  334682  14585  385880  15080  4976  15  392571  0  65807  4  0  0  0  0  0  0  0  0  6  1  0  0  0  0  0  0  0  0  0  0  0  0  1  0  0  11  1  0  0  1  0  4  0  0  0  3  0  0  0  0  31  0  0  0  1  1  0  1  0  0  0  1  1  0  0  5  0  0  0  0  0  0  0  0  0  42  9  0  0  0  0  0  1  0  
0  630249  2  350  3  40  35  13  104  12  2588  1  0  0  37  6  8  332  2166503  2260  7  288166  12  0  82500  65  3  0  20  1  0  30  0  0  0  0  0  24  0  2  1153  958914  3  132788  8278  0  4  344  1606  0  79871  105  8  527  560  7410  0  182288  268097  61  50135  0  1  0  37556  97  158  54595  65  0  13  0  201000  1  0  0  0  0  0  0  0  0  0  0  0  0  0  0  0  0  0  0  0  0  0  0  0  0  0  0  0  0  0  0  0  1  0  0  0  0  0  0  0  0  1  0  0  0  0  0  0  0  0  0  0  0  0  0  0  0  0  0  0  0  0  0  0  0  0  4  0  0  0  0  0  0  0  0  
0  8169  0  441  8  38  22  10  407  14  415079  0  0  0  20  4  12  329  953579  721735  0  41079  7  1  73610  553  25  0  15  33  0  22  2  0  0  0  0  0  0  1  374  83504  0  393005  10316  0  5  359  1215  0  18198  56  5  244  2254  166528  294141  0  3844  6  4977  0  0  0  297545  265  350  6458  36  1  45  0  4216  0  0  0  0  0  0  0  0  0  2  0  2  0  0  0  0  0  0  0  0  0  0  0  1  0  0  0  0  0  0  0  0  0  0  0  0  0  0  0  0  0  1  0  0  0  0  0  0  0  0  0  0  1  0  0  0  0  0  0  0  0  0  0  0  0  0  4  0  0  0  0  0  0  0  0  
0  461701  0  1479  5  65  42  44  30  10  0  0  0  1  25  6  5  100  381158  12  8719  18564  2086  0  435  212  0  0  0  1  0  19  0  0  5  0  164612  681191  0  1  623  629  354  57131  13622  1  7  392  341  1395  231704  10  3  426  1169  18  211160  457  0  362038  166643  0  0  0  322  276  68  5185  134  0  5  353  310315  0  0  0  0  0  0  0  0  0  0  0  0  0  0  0  0  0  0  0  0  0  0  0  0  0  0  0  0  0  0  0  0  0  0  0  0  0  0  0  0  0  0  0  0  0  0  0  0  0  0  0  0  0  0  0  0  0  0  0  0  0  0  0  0  0  0  2  0  0  0  0  0  0  0  0  
0  190293  0  280  0  12  5  16  25  4  0  0  0  0  3  3  5  64  183  0  641021  530  6076  0  44  46  0  0  0  1  0  5  0  0  296  0  776869  190770  0  2  59  10  933  29557  1741  0  2  325  82  412650  86373  2  0  57  1291  3  189  3  360188  0  303264  0  0  0  27  71  19  595  47  0  0  247352  68223  1  0  0  0  0  0  0  0  0  0  0  0  0  0  0  0  0  0  0  0  0  0  0  0  0  0  0  0  0  0  0  0  0  0  0  0  0  0  0  0  0  1  0  0  0  0  0  0  1  0  0  0  0  0  0  0  0  0  0  0  0  0  0  0  0  0  0  0  0  0  0  0  0  0  0  
1  111283  0  1314  4  80  68  141  368  126  7639  0  0  0  34  15  16  442  3213  422  786974  1402497  470846  1  1759  355  2  0  2  11  1  58  1  0  113  0  2817  138358  0  5  926  36406  2259  312869  8265  0  19  538  855  98369  403034  29  3  593  22710  93  35514  10687  144167  284742  0  0  4  0  543  389  74  11220  327  0  24  1031  105970  3  0  1  0  0  0  0  0  0  2  7  99  0  0  0  0  0  0  0  0  0  26  98  2  0  0  3  0  0  0  0  1  3  0  0  0  0  0  0  0  0  5  1  0  22  0  0  0  3  0  0  172  0  0  0  0  2  0  0  0  0  66  0  0  0  0  12  0  0  1  0  0  0  2  0  
154152  0  0  3  10  144  0  0  0  0  0  3  62142  64148  170407  1  0  10  0  0  0  0  0  279662  0  0  0  0  0  0  0  53  0  0  0  0  0  0  35884  71  1  0  0  0  0  0  233  0  347  0  0  118964  57  1  0  0  0  0  0  0  0  0  6  96770  0  18  0  6  0  5  0  0  1  0  0  0  0  0  0  0  0  0  0  0  0  0  0  0  0  0  0  0  0  0  0  0  0  0  0  0  0  0  0  0  0  0  0  0  0  0  0  0  0  0  0  0  0  0  0  0  0  0  0  0  0  0  0  0  0  0  0  0  0  0  0  0  0  0  0  0  0  0  0  0  0  0  0  0  
35  0  0  2  4  46681  0  1  14  36  0  0  462  73  1  0  15  17448  3  0  6  4  380  514522  0  228  0  0  0  4  419796  494407  0  0  4  0  0  0  1812  2  749  0  46  559  7  0  68679  217  477  0  1  15  2  4  66  3  1  0  1  0  7  21  0  146982  80  43  3  4  0  142130  0  0  1408  1  0  0  0  1  0  0  0  0  10  0  0  0  0  0  0  0  0  0  0  0  3  0  0  8  0  10  1  0  0  0  58  15  0  0  0  4  0  0  0  0  23  0  0  0  5  0  0  2  1  0  6  0  0  0  0  4  0  0  0  0  5  0  5  0  0  34  2  2  0  0  0  0  0  0  
59531  0  1  9  5614  44920  0  1  3  11  0  415  71702  64174  327  1824  41  5810  4  0  2  1  62  1157154  0  39  0  0  0  0  696  42277  0  10  73  0  0  0  301599  1544  100  0  390  58  10  0  309530  50  21407  0  1  4623  1260  43  9  1  1  1  0  0  1  147019  64631  0  13  2617  16  99  26  19059  0  0  432  0  0  0  0  0  0  2  0  0  3  0  0  0  0  0  0  0  0  0  0  0  0  0  1  0  0  6  0  0  0  0  1  21  0  0  0  2  0  0  0  0  9  0  0  0  1  0  0  0  2  0  1  0  0  0  0  1  0  0  0  0  0  0  0  0  0  160  1  0  0  0  0  0  0  0  
9  335  1  1878  27  789  4035  1519  81002  9366  582875  16  0  2  45  35  248  10576  187535  943764  0  8444  129  6  8916  7272  500537  5  1591  1165054  2  1930  10  0  0  0  0  6  1  127  11742  4204  9  530144  36052  10  563  5405  11717  2  9092  717  30  1842  42476  168929  195442  332351  4252  122  6623  0  37  12  0  41627  6096  9952  707  47  216623  0  45289  5  0  0  0  0  0  2  1  1  23  8  12928  0  0  0  0  0  0  1  0  285  0  10  1  0  0  36  9  0  0  671  0  8  0  0  0  6  0  0  0  0  75  0  0  0  2  0  1  3  0  0  0  2  0  1  0  18  0  0  0  0  0  0  0  0  30  207  12  3  0  0  5  0  6  0  
1100  0  13  1196  458  652854  338015  287086  506267  520191  15  68  1  80  358  11404  674  61723  4528  16  1  40  224  626  28  13262  397  22  2682  85881  15  166263  47  0  8  2  0  1  120  668  27016  0  112  31990  18839  42  1594  14805  53121  3  173  4884  616  6246  13814  5990  1212  465  23  11  49  7  320  2865  81704  0  10699  5063  6865  416  791  0  28506  846  1729  0  1  12  411  32023  2813  5083  6835  336  4  10  0  36  135  323  13  332  9  0  5  118  219  52  3  905  131  7  371  64  51  5407  0  0  2  130  0  0  42  0  2722  0  10  4  4726  333  107  92  148  0  13  178  270  158  0  1347  6  0  8  3  22  154  90  68  25  638360  1172  29  169  122  3414  0  849  0  
8  0  87124  84921  75  3599  4452  702  41750  46  0  2  0  5  181  2478  747  7165  2085  32  0  3  5  5  169  1209162  491840  661047  10761  55473  1  954  15  0  0  0  0  0  0  14  66803  0  0  7687  428111  231038  59  9240  16045  0  63  369  104  4726  28243  461125  478  2000  8  8  33  0  33  6  13405  55560  0  10782  30431  39  162905  0  864  3  0  0  0  0  0  1  1  0  12  0  0  0  0  0  0  0  0  0  1  0  0  0  2  1  0  16  1  0  0  0  0  2  0  0  0  7  0  0  0  0  36  0  0  0  3  2  0  2  0  0  0  0  1  0  0  7  0  0  0  0  0  0  0  0  0  83  5  0  2  0  2  0  6  0  
953  3  3  182989  3152  10494  1950  137  1346  33  0  312382  1  1138  337418  823  49  6669  3263  3  0  4  11  58  249  12881  28  0  589754  29  3  1293  0  0  0  0  0  1  447  17513  1429  0  0  372  502741  21  10899  134  205225  0  605  508800  3062  188098  8660  693  7906  454  64  77  232  26  128  148  564  5833  20725  0  167293  147  842  0  2294  0  0  0  0  0  0  5  0  3  1  0  0  0  0  0  0  0  0  3  0  0  0  0  0  0  0  1  0  0  0  0  0  8  0  0  0  0  0  0  0  0  2  0  0  0  0  1  0  0  1  0  1  1  0  0  0  3  0  0  0  0  0  0  1  0  0  349  0  0  0  0  0  0  0  0  
177  0  68519  13016  1006  16295  17623  209552  19278  29  0  157  0  75  90829  230938  447  4276  2124  0  0  1  11  4  9  8919  22  86  672543  9  1  627  5  0  0  0  0  1  6  1461  2017  0  2  361  313806  871  377  4905  24580  0  24  16754  1439  502113  618  691  2964  221  2  11  34  0  39  9  461  34056  66773  152681  0  48  13915  0  498  3  0  0  0  0  2  8  0  0  8  1  0  0  0  0  0  0  0  1  0  0  0  0  3  0  0  13  0  0  0  0  0  8  0  0  0  3  0  0  0  0  26  0  0  0  1  1  0  1  0  0  1  1  1  0  0  4  0  0  0  0  0  0  0  0  0  98  8  1  1  0  2  0  2  0  
112409  0  0  1  116236  589427  1  1  3  12  0  4  0  55  6  205694  7  3520  0  0  2  5  156  229796  0  115  0  0  1  1  487991  316958  0  0  0  0  0  0  178  20  339  0  0  230  6  0  3154  93  782  0  1  89  5  2  19  1  0  0  0  0  1  1  132959  40656  29  147  2  2  4  0  0  0  979  0  3  0  0  0  0  3209  0  0  3  1  0  0  0  0  0  1581  0  1  0  0  0  0  2  49  0  13  0  0  0  0  6639  926  0  0  0  2  0  0  0  0  19  0  0  0  0  0  1  0  2  0  3  1  0  0  0  4  0  0  0  0  1  0  31  0  0  77  2  0  0  2602  0  0  1  0  
0  0  7  45  1  133  135  195  517486  25  2  1  0  0  7  33  55  1597  3505  1543  0  2  5  0  85  3447  79355  126  1155  596083  0  211  3  0  0  0  0  0  0  8  4899  0  1  1062  8119  174999  14  2853  1831  0  25  63  6  625  2303  305909  2088  267  12  2  37  0  4  2  127718  10624  139500  306  1472  3  0  0  481  0  0  0  0  0  0  0  0  3  6262  27  63  0  0  0  0  1  0  0  0  3  1  1  0  0  0  11  0  0  0  33526  0  0  0  0  0  2  0  0  0  0  33  0  0  0  0  53  0  0  1  0  0  1  0  0  0  1  0  0  0  0  1  0  0  0  0  68  1  1  0  0  233390  0  0  0  
0  0  0  1  0  0  0  0  0  4  0  0  0  0  0  0  4  2  0  0  7  3  1342  1  3  2  0  0  0  0  0  0  0  536  71773  0  1602241  1317984  0  0  12  0  122847  143  5  0  1  4309  0  147732  3  0  0  1  24  0  1  0  43146  245729  10062  0  0  0  4  0  0  5  0  0  0  0  192817  0  0  0  0  0  0  0  0  0  0  0  0  0  0  0  0  0  0  0  0  0  0  0  0  0  0  0  0  0  0  0  0  0  0  0  0  0  0  0  0  0  0  0  0  0  0  0  0  0  0  0  0  0  0  0  0  0  0  0  0  0  0  0  0  0  0  0  0  0  0  0  0  0  0  0  
15  173  2  2355  41  601  485  384  2393  1708  15  6  0  8  324  78  2010  52177  529535  1979  213  1120  83947  51  1334715  67299  6  0  62  253  6  19870  48391  765404  245434  34428  7214  2429731  10  75  75015  46  258991  151605  29385  1  299  1015598  9658  96667  20866  156  38  5315  720864  95662  167118  4324  250563  48332  193395  0  346  101  68284  2652  260  123108  388  201  103  153677  0  26824  1  0  0  7  1  2  6  0  123  8  0  3  0  0  2  0  1  20  4  0  14  1  23  0  0  176  4  0  3  0  41  125  0  0  0  41  1  0  0  0  562  0  5  4  14  10  2  84  19  0  15  11  1  6  0  52  1  1  3  0  31  0  5  0  1  421  45  12  4  0  20  0  32  0  
0  0  0  230  2  11  2  1  15  1213  0  1  0  0  1  0  51  3092  11  1  0  1  45  0  0  719  0  0  1  8  0  100  463601  106921  66  236926  0  4  1  2  111630  0  7  569  105  0  5  183541  2041  0  6  27  4  3  1023  9  19  0  3  0  3  0  1  0  34  411  2  36  2  0  1  0  53390  0  0  0  0  0  0  0  0  0  11  1  0  0  0  0  0  0  2  2  0  0  3  0  3  0  0  19  1  0  0  0  4  4  0  0  0  6  0  0  0  0  91  0  0  2  2  0  0  9  1  0  0  0  0  0  0  3  0  0  1  0  5  0  0  0  0  76  3  0  1  0  5  0  3  0  
0  0  0  0  1  46  0  1  0  0  0  0  0  0  0  1  0  1  0  0  0  0  0  1  0  0  0  0  0  0  364  0  0  0  0  0  0  0  0  0  1  0  0  0  0  0  0  0  1  0  0  0  0  0  0  0  0  0  0  0  0  0  0  0  0  30  0  0  0  140  0  0  0  0  0  0  0  35  272283  74140  190  11  249  3  0  154  5753  7991  66698  93465  2  130  3  0  0  0  28  586781  0  42  20  0  15  0  138072  12542  0  0  0  9  0  0  103100  0  279  0  2  1  370  25  8344  2  10305  0  0  43070  393014  137  0  1004  1  0  0  0  2  394121  6556  23549  31  7242  45  62  21  117135  126  0  42  0  
0  0  0  0  0  0  0  0  0  0  0  0  0  0  0  0  0  0  0  0  0  1  0  0  0  0  0  0  0  0  0  1  0  0  0  0  0  0  0  0  4  0  0  0  0  0  0  0  0  0  0  0  0  0  0  0  0  0  0  0  0  0  0  0  0  0  0  0  0  0  0  0  1  0  0  0  0  6  0  0  0  0  12  1  0  0  0  0  0  0  0  0  875423  0  465620  8  9  0  0  15  1  0  0  0  0  0  0  0  0  1  2660  8613  0  0  18  319674  0  23  1  0  1  0  20  0  462624  0  0  1  0  6  17682  0  259565  238596  9382  0  0  0  0  5  0  4  0  0  2  875  434  0  
0  0  2147  0  0  0  0  1254  27  0  0  0  0  0  0  1184  0  0  0  0  0  0  0  0  0  0  0  0  0  7  0  0  0  0  0  0  0  0  0  0  0  0  0  0  0  462  0  0  0  0  0  0  0  0  0  0  0  0  0  0  0  0  0  0  0  0  0  0  0  0  0  0  0  0  0  0  0  0  0  1  537  23902  164  0  0  0  0  0  0  628618  0  0  0  0  0  0  0  0  0  9  137871  173789  364691  81139  0  0  0  0  0  4  0  0  0  0  12  0  0  0  546182  564927  0  0  0  0  0  0  0  23  0  12  0  0  0  0  0  0  0  0  0  4  169761  0  480  0  113  0  1  0  
0  0  0  0  0  0  0  0  0  0  0  0  0  0  0  0  0  0  0  0  0  0  0  0  0  0  0  0  0  0  0  0  0  0  0  0  0  0  0  0  0  0  0  0  0  0  0  0  0  0  0  0  0  0  0  0  0  0  0  0  0  0  0  0  1  18  0  0  0  0  0  0  0  0  28  0  0  0  62  288  834  132  4594  145  0  522214  3  146  137  63  777  2245  153  0  0  0  50  19  5  690229  359  162528  174010  4  1  46  28754  909  251  6846  0  0  136  119  156346  0  0  36  146464  653  725  1113  720161  0  8  844  176  393  966  18372  65  16  7  0  12  8  19  11  339  3209  3259  174853  1746  0  3899  0  333  20  
0  0  0  0  0  14  4  3  1  0  0  0  0  0  0  19  0  0  0  0  0  0  0  0  0  0  0  0  0  0  0  1  0  0  0  0  0  0  0  0  0  0  0  0  0  0  0  0  1  0  0  0  0  0  0  0  0  0  0  0  0  0  0  0  1  238  0  0  0  0  0  0  0  0  192414  0  0  54  0  406222  1923  363  3269  12  0  669  2  3879  130685  685526  4  169  44  0  0  2  73  158  2  542  772  1  40  1  43  9068  0  0  0  210  0  0  4598  0  1139  0  0  54  333  371  9969  4  14620  0  2  18001  818135  3904  6  18348  34  17  2  0  8  18232  404  2363  221  9172  3405  158  441  51276  1438  0  217  0  
0  0  0  0  49  17268  444  69  4  3  0  0  0  0  0  3856  1  24  0  0  0  0  5  3  0  0  0  0  0  0  118  1696  0  0  0  0  0  0  0  0  1  0  0  0  1  0  9  0  31  0  0  1  1  2  0  0  0  0  0  0  0  0  1  6  1  26547  1  0  2  1176  0  0  2  0  60642  0  0  60  787346  0  484860  16959  4649  12  0  4076  6  4487  158547  1094036  6  1067  20  0  5  3  331  238469  0  407  211  2  53  0  8934  317560  0  0  0  94  0  0  1632  1  1307  0  1  22  1079  3997  6152  29  8347  0  16  25995  95095  143271  2  6838  10  8  15  1  24  1073  117212  81145  70  867133  755  260  1795  312978  1058  0  1204  0  
0  0  0  0  0  727  8152  237  2  0  0  0  0  0  0  5479  0  0  0  0  0  0  0  0  0  1  0  0  0  0  0  3  0  0  0  0  0  0  0  0  4  0  0  1  1  0  0  1  0  0  0  1  0  0  0  0  0  0  0  0  0  0  0  0  1  945  0  0  0  0  0  0  1  0  96  0  4  270  892  604054  0  520709  57546  19  0  500  0  255  18887  688405  6  557  32  0  3  1  206  20  3  1698  206  19  1010  5  5  432  0  0  0  121  1  0  13  0  1324  0  1  18  2046  12338  802  15  1777  0  15  16653  4431  524883  9  25711  22  10  8  1  9  43  64  38  265  357914  780  2214  14436  0  39412  0  870  0  
0  0  15  0  0  89  3743  56350  11838  1  0  0  0  0  0  19618  0  5  0  0  0  0  0  0  0  0  0  0  0  38  0  1  0  0  0  0  0  0  0  0  20  0  1  2  0  121  0  3  6  0  0  2  0  2  3  0  2  0  0  0  0  0  0  0  0  5537  0  0  0  0  12  0  16  0  7  0  2797  60  42  6557  449067  0  195616  12  0  3  0  3  109  705626  14  3084  74  1  1  1  1469  64  4  578  153  4  233225  69  1  45  0  0  0  59  0  0  3  0  4877  0  12  6  96352  304233  145  82  892  0  21  68  125  41166  0  7242  39  5  30  5  56  3  378  6  490  359624  429  70  592455  0  7077  0  3070  0  
0  0  72  0  0  0  28  813  104407  202  0  0  0  0  0  99  0  6  0  0  0  3  0  0  0  0  0  0  0  33543  0  3  0  0  0  0  0  0  0  0  6  0  1  31  0  3725  0  8  5  0  0  0  0  0  6  0  1  0  0  0  0  0  0  0  15  3349  1  0  0  0  15032  0  4  0  7  1  328  903  58  111  85337  140344  0  104858  0  36  0  41  254  1216  7  489  870  0  1  9  324  8  49  13425  1694  14  167  35959  0  15  0  0  0  4092  48  29  12  0  21828  0  8  24360  1039  199546  114  116  2688  2  22  152  245  1223  0  4286  729  64  41  72  643  2  24  5  10560  444831  6464  611  647  0  328168  3  1007  0  
0  0  0  0  0  0  1  1  1816  298  1  0  0  0  0  0  0  16  1  0  1  84  0  0  0  2  0  0  1  8709  0  4  0  0  0  0  0  0  0  0  8  0  0  25  0  0  0  17  12  0  0  0  0  0  3  0  0  0  0  0  2  0  0  0  16  355  0  1  1  0  279  0  12  0  6  0  2  1133  32  32  193  46  158370  0  3  55  0  51  40  4  32  282  588  0  23  7918  32273  8  61  25695  385  3  70  69564  9  33  0  0  2  3776  399  70  13  0  25953  3  45  157430  539  800  150  953  3246  2  149  97  100  196  3  2404  161  16  144  842  7085  3  19  7  2490  138156  1999  277  157  0  40410  7  852  0  
0  0  0  0  0  0  0  0  2  22  112990  0  0  0  0  0  0  0  0  20673  0  23716  0  0  0  0  17  0  0  46226  0  0  0  0  0  0  0  0  0  0  1  149  0  6635  0  0  0  0  0  0  0  0  0  0  0  0  0  6  0  0  85  0  0  0  4113  18  0  0  0  0  5  0  0  0  0  1  0  0  0  0  0  0  0  63  0  0  0  0  0  0  0  0  1025  752625  1  135620  0  0  0  1  18  0  0  49650  0  0  0  0  0  0  0  0  0  0  4  218100  0  912025  0  0  0  0  0  0  3  0  0  0  0  1  413  221329  0  0  4  0  0  0  406022  1  0  0  0  0  1  0  0  0  
0  0  0  0  0  1  1  0  0  0  0  0  0  0  0  0  0  0  0  0  0  0  0  0  0  0  0  0  0  0  0  0  0  0  0  0  0  0  0  0  0  0  0  0  0  0  0  1  0  0  0  0  0  0  0  0  0  0  0  0  0  0  0  0  0  29  1  0  0  0  0  0  0  0  69  0  0  669723  960  2541  564  4  320  8  0  0  914  233148  2131  16  2956  40931  17  0  0  0  9  2235  1  3457  19  32  6246  0  1  198  15549  1249  6237  51  0  0  11307  214457  149  0  1  5  652  23  2942  985  509601  0  2  152885  821  133  4  1120  7  1  1  0  1  1  14  11  16  4137  50  409911  31  0  133  0  62  3  
0  0  0  0  0  0  0  0  0  0  0  0  0  0  0  0  0  0  0  0  0  0  0  0  0  0  0  0  0  0  0  0  0  0  0  0  0  0  0  0  0  0  0  0  0  0  0  0  0  0  0  0  0  0  0  0  0  0  0  0  0  0  0  0  0  0  0  0  0  0  0  0  0  0  4693  0  0  0  12  230  0  0  5  0  0  863  0  87705  5394  0  3  113  0  0  0  0  3  238673  0  1  0  0  0  0  22  106  0  22  33  0  0  0  231951  7  48  0  0  0  29  2  221398  0  143  0  0  95  9  0  0  20  0  0  0  0  0  195094  6142  95105  0  24  2  2  0  0  3  0  1  0  
0  0  0  0  0  3  0  0  0  0  0  0  0  0  0  0  0  0  0  0  0  0  0  0  0  0  0  0  0  0  0  0  0  0  0  0  0  0  0  0  0  0  0  0  0  0  0  2  0  0  0  0  0  0  0  0  0  0  0  0  0  0  0  0  0  40  0  0  0  0  0  0  0  0  12548  0  0  71  10374  8905  471  22  419  4  0  400937  85641  0  49159  41  1  633  4  0  0  0  20  4502  0  85  58  0  27  0  4  520  0  0  0  33  0  0  427073  136771  190  0  0  2  109  66  48413  0  265422  0  0  538489  6614  250  0  2043  4  2  0  0  3  76443  89  67  25  6492  192  2892  36  4  241  0  49  0  
0  0  0  0  0  1  0  0  0  0  0  0  0  0  0  0  0  1  0  0  0  0  0  0  0  0  0  0  0  0  0  0  0  0  0  0  0  0  0  0  0  0  0  0  0  0  0  1  1  0  0  0  0  0  0  0  0  0  0  0  0  0  0  0  0  114  0  0  0  0  0  0  0  0  77707  0  1  117  107059  134838  6294  172  1365  8  0  2144  25951  107067  0  128698  0  303  19  0  0  0  46  119099  0  406  140  2  248125  2  1  422  0  0  0  156  0  0  21  0  531  0  0  19  10124  75  422  4  1979  0  0  2004732  2620197  855727  31  10020  15  18  1  0  3  213823  32  28  176  6224  1274  296510  317550  0  905  0  238  0  
0  0  484  0  44  6368  469  30512  76  0  0  0  0  0  0  36082  0  1  0  0  0  0  0  0  0  0  0  0  0  1  2021  730  0  0  0  0  0  0  0  0  1  0  0  0  0  410  0  0  0  0  0  0  0  0  1  0  0  0  0  0  0  0  0  0  0  73  0  0  0  2678  0  0  1  0  110710  0  451571  56  897696  1266204  944939  735118  1343  4  0  37  0  69  181562  0  3  58  9  0  0  0  33  20262  1  356  69  421  448597  374  86179  743  0  0  0  31  0  0  17  0  276  0  0  0  116083  83676  58  0  590  0  0  381  114789  1268323  1  3684  8  2  0  1  4  27  2810  2873  108  2807  406  280  330600  453096  1293  0  73  0  
0  0  0  0  0  0  0  0  2  24  0  0  0  0  0  0  0  18  0  0  0  0  1  0  0  1  0  0  0  0  0  5  0  0  0  0  0  0  0  0  3  0  0  5  0  0  0  12  10  0  1  0  0  0  4  0  0  0  0  0  0  0  0  0  7  22  1  0  0  0  0  0  15  0  5  0  0  1020  9  12  62  22  998  272  0  4644  0  2  1  4  0  568800  24  0  1  1  221729  12791  5  3501  83  3  239  0  45  134  34891  78  195281  329  6  20  1  0  94737  0  49332  42  11174  182  7984  371401  89800  22  26  12  7  43  0  4185  13  2  5  9  85  2  355  91  89  1566  473  16  298  0  1046  12  979  2  
0  0  0  0  0  1  1  0  3  50  0  0  0  0  0  0  0  16  0  0  0  0  0  0  0  1  0  0  0  3  0  9  0  0  0  0  0  0  0  0  5  0  0  9  0  0  0  34  5  0  1  0  0  0  5  1  0  0  0  0  0  0  0  0  9  51  1  0  0  0  0  0  21  1  257  0  1  3051  674  2066  2286  57  3371  236  0  29071  26  991  1813  16  417533  0  58  0  5  3  235539  242769  7  2356  290  4  231  2  304  1314  5503  86  43022  354  3  9  26  583  21282  0  20611  50  10045  528  287267  14000  319534  27  40  1178  937  354  2  17171  27  13  16  15  126  43  9275  2830  358  3577  877  54  665  0  2294  9  1377  5  
0  0  0  0  0  0  0  0  0  0  0  0  0  0  0  0  0  1  0  0  0  0  0  0  0  0  0  0  0  2  0  0  0  0  0  0  0  0  0  0  0  0  0  0  0  0  0  0  2  0  0  0  0  0  0  0  0  0  0  0  0  0  0  0  0  45  0  0  0  0  0  0  0  0  29  873586  1  2660  156  233  1032  207  615  10  1686  224  0  150  419  72  11  372  0  115631  3892  39631  62  11  221373  4545  317  60  302  7  3  41  0  0  0  67  149  40961  34  0  1627  442976  8  194669  5431  117  532  146  11624  0  250366  970  1622  2085  5  187941  2110389  1180143  239258  622  142658  18  14  11  14383  999  220  14790  340  0  654  26205  533024  0  
0  0  0  0  0  0  0  0  0  0  519  0  0  0  0  0  0  0  0  64  0  2  0  0  0  0  45  0  0  1211  0  0  0  0  0  0  0  0  0  0  0  0  0  0  0  0  0  0  0  0  0  0  0  0  0  0  0  0  0  0  0  0  0  0  199  0  0  0  0  0  5  0  0  0  0  2  0  0  0  1  0  0  1  0  714568  0  0  0  0  0  0  0  138346  0  0  58  0  0  7536  0  216040  0  0  53340  0  0  0  0  0  0  0  0  0  0  2  289418  0  335157  0  0  0  0  1  0  80  1  0  1  0  251051  34114  632967  0  0  229  0  0  0  262451  0  0  0  0  0  208  0  1  0  
0  4  0  0  0  2  0  0  1  77  0  1  0  1  1  0  2  43  1  0  0  90  22  0  0  27  0  0  0  2  0  22  1  0  0  0  0  0  0  2  199  0  0  40  3  0  3  84  29  0  7  4  2  2  23  1  10  0  1  0  8  0  3  0  4  45  2  3  0  0  0  0  115  3  0  463928  2  102  2  4  7  1  275  62  0  2  0  1  0  0  11  51  4370  0  0  10431  264678  31  53  551  20  0  9  0  544  1637  0  2  39  122  154090  1839  0  0  1259  22785  2659  46  23  37  5  412  249  581005  312761  4  3  10  0  290  117  2  173386  1105665  1232482  0  89  0  5  281  45  22  5  0  49  765  39150  8  
0  29  0  0  0  0  0  0  10  575  4692  0  0  0  0  0  0  11  0  1  7  29162  6  0  0  10  0  0  0  2001  0  12  0  0  0  0  0  0  0  0  80  91  0  606  0  0  0  24  7  0  14  1  1  0  8  0  4  0  0  0  45  0  2  0  18  569  0  1  0  0  4  0  32  1  0  47  0  20  2  2  1  3  176  6717  73495  2  0  1  4  1  0  37  45801  294  13607  0  116083  14  2  396  11  1  3  18929  157  620  0  0  0  83  2  0  0  0  674  589837  22  1311758  20  27  3  97  56  0  92400  5  9  12  0  139  67787  372  424  15  1028363  0  37  0  1474  233  32  34  5  0  38  1  487  0  
0  0  0  0  0  0  1  0  4  108  0  0  0  0  0  1  0  48  1  0  0  10  12  0  0  10  0  0  0  9  0  16  0  0  1  0  0  0  0  4  109  0  0  27  1  0  1  72  34  0  3  2  1  0  21  0  3  0  1  1  3  0  3  0  8  84  2  4  1  0  0  0  86  3  5  0  2  664  21  46  137  13  4947  25029  0  49  0  14  33  6  125423  258846  356  0  248889  69141  0  53242  165  14640  315  1  50  7  453  2486  2  28  340114  2771  8651  317  2  0  20157  8  740829  126637  353  932  1020  23012  1779  368681  625  55  75  163  1  4403  373  13  442  9085  857418  1  3732  85  604  2868  1243  107  134  0  2808  43  45508  64  
1  0  0  0  1  6  0  0  0  9  0  0  0  0  0  0  0  10  1  0  0  2  7  54  0  0  0  0  0  1  2207  11  0  0  0  0  0  0  0  0  7  0  0  4  0  0  0  9  6  0  0  1  0  0  1  0  0  0  0  0  0  0  9  0  2  15  1  0  0  116  0  0  11  0  561386  0  0  21  1275  111220  174  10  305  6  0  2384  435281  7271  138880  16671  9943  297373  10  0  13  16  106440  0  3  151  22  0  10  0  350984  35676  30  2925  4736  42  0  0  217294  4  5179  0  7998  11  902  35  678953  943  1361  0  9  487  176  44  0  1325  6  0  6  2  18  383286  925182  1684625  18  1014  99  18  43  106974  143  0  541  0  
0  0  0  0  0  0  0  0  0  0  0  0  0  0  0  0  0  0  0  0  0  0  0  0  0  0  0  0  0  20  0  0  0  0  0  0  0  0  0  0  0  0  0  0  0  0  0  0  1  0  0  0  0  0  1  0  0  0  0  0  0  0  0  0  0  1  0  0  0  0  0  0  4  0  0  0  0  223  50  32  41  8  415  9  0  17  0  3  36  3  1  16  207560  844  1081  3  71  0  0  711029  113285  4  15  29  0  5  3  78087  2  229425  555  1870  0  0  10377  0  18  4957  253  9  13  150  755  1  5756  64  118  126  232282  1036015  204  15864  3637  1644  10858  0  0  2  219  91  1134  391  16  0  174  64  1403463  0  
0  0  0  0  0  1  1  0  4  7  0  0  0  0  0  0  1  4  0  0  0  0  1  0  0  1  0  0  0  5  0  2  0  0  0  0  0  0  0  0  6  0  0  3  1  0  2  3  5  0  0  1  0  0  1  0  1  0  0  0  0  0  0  0  1  206  0  0  1  1  0  0  2  0  237  0  11  443287  317  997  2984  535  12580  1549  0  1617  1  1631  985  241  1882  2634  708  0  15  5  463  107  451482  0  32999  290003  1220  13  12  164  115707  32159  6  882904  114  1651  349  0  698185  0  12  464  223861  2292  6049  764  56014  1  86  2908  1429  6452  273234  295053  403  69  93  323  662  22  128  89  487  33956  757136  11247  3294  0  8132  17  54243  2383  
0  0  1  0  0  0  0  0  0  0  0  0  0  0  0  0  0  1  0  2  0  0  0  0  0  0  34  0  0  1108  0  0  0  0  0  0  0  0  0  0  0  0  0  1  0  0  0  1  0  0  0  0  0  0  0  0  0  0  0  0  0  0  0  0  0  2  0  0  0  0  0  0  0  0  3  0  190294  22  277  142  432  56  1129  4  48  2  0  7  49  37  6  55  120  230571  0  0  17  3  47136  97881  0  3343  576  1043054  0  4  0  0  0  618  0  1  3  0  5304  0  0  29  836  123654  57  18  125  0  4  91  163  361  13419  1337889  11  989  4  2  8  0  5  1  91726  2296  931883  35  1098  0  167318  0  86  0  
0  0  0  0  0  0  0  0  0  0  0  0  0  0  0  0  0  0  1  0  0  0  0  0  0  0  0  0  0  0  0  0  0  0  0  0  0  0  0  0  0  0  0  0  0  0  0  0  0  0  0  0  0  0  0  0  0  0  0  0  0  0  0  0  0  12  0  0  0  0  0  0  1  0  5  0  184733  186253  4  14  64  11  107  3  0  37  0  19  37  4797  0  53  2  0  0  1  9  3  0  367251  2810  0  80140  0  0  2  0  0  0  30  0  0  3  0  105  0  0  1  1520832  11098  173  1  3104  0  1  73  119  83  5  294  3  0  1  0  0  2  2  6  3  353  824099  687  42  0  76  0  48  0  
0  0  0  0  0  0  0  4  0  0  0  0  0  0  0  8  0  0  0  0  0  0  0  0  0  0  0  0  0  0  0  0  0  0  0  0  0  0  0  0  1  0  0  1  0  0  0  0  0  0  0  0  0  0  1  0  0  0  0  0  0  0  0  0  0  31  0  0  0  0  0  0  0  0  6  0  247107  219217  46  106  1487  118019  2155  14  0  16340  0  14  225755  385789  12  261  12  0  0  0  81  6  1  307  175  116227  0  2  0  14  0  0  0  71  0  0  1  0  1386  0  2  5  1708859  13185  393  11  5382  0  3  8338  63  4571  8  6393  15  2  4  0  3  0  55  6  322  800  2421  633232  921428  0  917  0  585  0  
0  0  651  0  0  0  0  45  12222  78  264  0  0  0  0  42  0  1  0  187  0  60  0  0  0  0  1967  0  0  292390  0  0  0  0  0  0  0  0  0  0  0  0  0  33  0  1624  0  1  1  0  0  0  0  0  1  1  0  1  0  0  0  0  0  0  227  81  0  0  0  0  20070  0  0  0  0  0  86393  4  1  1  5  1487  49110  74041  65137  0  0  0  0  783  0  0  8  70346  0  29280  2  0  19  23  940810  1  0  0  0  0  0  0  0  6  0  0  0  0  61  0  0  45610  7  513907  0  1  3  0  0  0  0  0  0  184791  3  288  0  0  3  0  0  0  831293  51  1272  1  1  0  667829  0  1  0  
0  0  0  0  0  2429  0  0  0  19  0  0  0  0  0  19  3  21  1  0  0  0  3  223  0  2  0  0  0  0  34428  758  0  0  0  0  0  0  0  1  18  0  0  8  0  0  1  21  12  0  0  1  0  0  2  0  0  0  0  0  0  0  44  1  2  74  1  0  2  8712  1  0  28  0  84715  0  0  15  292  28389  20  2  191  14  0  9  0  22  11  63112  99  4348  18  0  12  5  7823  330256  2  182  18  0  16  0  0  246633  0  0  3  32  0  1  81  0  1374  0  14  6  1551  28  712  206  248  0  15  134  25  9  0  1026  8  1  8  5  22  176  555703  1664  29  414  76  4  48  334793  135  0  354  0  
18  0  0  0  5  922  2  0  3  31  0  0  0  0  0  77  17  231  3  0  2  0  68  34  0  13  0  0  1  1  379  84189  0  0  0  0  0  0  3  1  38  0  1  44  7  0  66  66  266  0  1  4  4  2  5  2  7  0  0  0  0  0  20  72  6  1157  2  2  1  387  0  0  96  1  6765  0  1  69  1403  200982  159  40  778  48  0  13  2  80  92  469  54  3813  37  0  35  54  3111  12392  6  671  39  0  38  1  215118  0  0  0  8  125  0  0  378  0  3056  0  52  27  3068  111  2451  934  603  0  67  612  134  52  0  2684  12  1  48  7  94  654  301814  7572  50  113836  263  23  112  56355  352  0  5617  0  
0  0  0  0  0  0  0  0  0  0  0  0  0  0  0  0  0  0  0  0  0  0  0  0  0  0  0  0  0  0  0  0  0  0  0  0  0  0  0  0  0  0  0  0  0  0  0  0  0  0  0  0  0  0  0  0  0  0  0  0  0  0  0  0  0  0  0  0  0  0  0  0  0  0  0  0  0  19688  0  0  0  0  0  0  0  11750  0  0  0  0  36526  2194  0  0  0  0  1  1  4  78005  0  1  0  0  0  2  0  170479  208988  319099  0  0  0  0  296062  0  0  0  0  0  1  332403  4708  0  0  0  0  0  0  0  0  0  0  0  0  0  0  0  0  0  0  0  0  0  0  0  9  290777  
0  0  0  0  0  0  0  0  0  0  0  0  0  0  0  0  0  0  0  0  0  0  0  0  0  0  0  0  0  0  0  0  0  0  0  0  0  0  0  0  0  0  0  0  0  0  0  0  0  0  0  0  0  0  0  0  0  0  0  0  0  0  0  0  0  0  0  0  0  0  0  0  0  0  0  0  0  1978  0  1  1  0  8  1  0  3619  357  7  0  0  27  18  0  0  2  0  109  4793  73003  36838  0  0  1  0  0  0  147009  0  1193884  509334  18  136478  0  0  44657  0  289060  1  2  0  24  86395  22  69  0  0  0  0  0  5  0  0  7  37  289  0  0  349  0  3  1  2  0  0  2  148  1266203  244956  
0  0  0  0  0  0  0  0  1  8  0  0  0  0  0  0  1  17  0  0  0  0  0  0  0  0  0  0  0  1  0  2  0  0  0  0  0  0  0  0  5  0  0  4  0  0  0  16  5  0  0  0  0  0  2  0  0  0  0  0  0  0  0  0  6  17  0  0  0  0  0  0  10  1  0  0  2  263  1  2  4  2  257  62  0  5454  147  2  0  0  140506  48613  26  0  41  0  274568  7244  13  514  15  0  2  1  18  92  219419  872185  0  101  340  70084  1  0  1254  0  441788  19  26  33  1801  618379  420  21816  12  1  1  6  0  378  11  0  29  1097  792  0  5  391  1  304  40  8  6  0  62  17295  146971  113828  
0  0  0  0  0  0  0  0  0  1  0  0  0  0  0  0  0  1  0  0  0  0  0  0  0  0  0  0  0  0  0  0  0  0  0  0  0  0  0  0  0  0  0  0  0  0  0  0  1  0  0  0  0  0  0  0  0  0  0  0  0  0  0  0  0  9  0  0  0  0  0  0  1  0  3  0  0  5480  46  476  657  23  973  53  0  80  0  20  589  94  52  76  454  0  285  38  574  3  101011  685873  60  20  65  0  0  8  201832  576654  7  0  1114  252  6  0  584949  0  878  3190  1243  120  95  3859  2406  82  66  621  685  3887  129442  24060  370  45  788  3172  5521  5  4  2  54  1133  8833  980  740  0  434  351  251162  237326  
0  0  0  0  0  0  0  0  0  0  0  0  0  0  0  0  0  0  0  0  0  0  0  0  0  0  0  0  0  0  0  0  0  0  0  0  0  0  0  0  0  0  0  0  0  0  0  0  0  0  0  0  0  0  0  0  0  0  0  0  0  0  0  0  0  0  0  0  0  0  0  0  0  0  0  12840  0  6  0  0  2  1  109  11  0  0  0  0  0  0  0  3  2  0  95146  1  10508  0  15  90  1  0  1  0  1  0  0  6  45  29  0  591183  0  0  402  0  371728  7  5  4  1  126  32  418549  3  0  1  3  0  29  3  2  84498  853906  7534  0  0  0  3  41  4  5  1  0  18  1168057  10221  7  
0  0  0  0  0  0  0  0  0  0  0  0  0  0  0  0  0  0  0  0  0  0  0  0  0  0  0  0  0  0  0  0  0  0  0  0  0  0  0  0  0  0  0  0  0  0  0  0  0  0  0  0  0  0  0  0  0  0  0  0  0  0  0  0  0  0  0  0  0  0  0  0  0  0  0  35129  0  29  0  0  2  0  140  9  0  1  0  0  0  1  6  4  5109  0  1596  2  3311  7  678  991  3  1  2  0  0  0  0  107380  49634  72  570526  0  0  0  603  0  415594  19  9  3  2  67250  80  190701  146  2  0  2  0  77  65  2  417706  57802  7851  0  0  0  4  40  9  13  4  0  37  1269853  2020592  1350  
0  0  0  0  0  3  0  0  0  0  0  0  0  0  0  0  0  0  0  0  0  0  0  0  0  0  0  0  0  0  0  0  0  0  0  0  0  0  0  0  0  0  0  0  0  0  0  0  0  0  0  0  0  0  0  0  0  0  0  0  0  0  0  0  0  8  0  0  0  0  0  0  0  0  137863  0  0  3601  8711  26022  178  7  427  23  0  10466  193023  403293  73  8  3  444  2  0  0  0  12  38315  0  86  29  0  51  0  398  4247  0  0  0  21  0  0  0  1453  760  0  0  3  924  50  113287  1  269327  0  0  32723  7822  105  0  1451  3  3  0  0  0  52272  20811  78326  33  1421  92  9150  48  50  196  0  18  0  
0  0  0  0  0  0  0  0  0  0  0  0  0  0  0  0  0  0  0  0  0  0  0  0  0  0  0  0  0  0  0  0  0  0  0  0  0  0  0  0  0  0  0  0  0  0  0  0  0  0  0  0  0  0  0  0  0  0  0  0  0  0  0  0  0  0  0  0  0  0  0  0  0  0  0  0  0  9289  0  1  0  0  0  0  0  325227  14  171089  0  0  0  369  0  0  0  0  0  4  0  2  0  0  2  0  0  0  0  0  0  0  0  0  5095  0  0  0  0  0  3  0  2123  0  110179  0  0  3208  0  0  0  0  0  0  0  0  0  0  0  0  0  0  0  37560  0  0  0  0  0  0  
0  0  0  0  1  11  1  0  86  802  0  0  0  0  2  0  5  501  7  0  0  5  4  0  0  25  0  0  1  175  0  75  0  0  0  0  0  0  0  7  316  0  5  371  10  0  5  555  250  0  5  4  2  1  134  3  13  0  1  0  0  0  0  0  124  1049  7  4  2  0  1  0  421  4  201  2  31  192384  1398  1248  3354  857  101398  14965  1  518  0  372  793  225  90858  49535  13685  0  227  98  61858  1228  10081  700133  4842  121  3458  61  363  1662  243681  51068  377  492336  1216  827  150  0  0  2  20454  6450  107208  7690  3943  379637  146650  456  346  1598  2619  4520  58517  123881  6307  931  1099  3957  17676  77  7282  247  2034  212382  22491  10743  6479  1  27572  306  119635  141436  
0  13  0  0  0  0  0  0  0  10  180  0  0  0  0  0  0  1  1  28  2  306  0  0  0  1  0  0  0  2  0  0  0  0  0  0  0  0  0  0  10  13  0  30  0  0  0  6  4  0  11  1  0  0  0  0  2  0  0  0  4  0  0  0  0  1  0  1  0  0  0  0  7  0  0  229048  0  2  0  0  0  0  1  4  226272  0  0  0  0  0  0  1  448636  302562  14957  650309  2  0  0  9  1  0  0  0  0  5  0  0  0  1  0  0  0  0  7  0  1  609302  0  0  0  0  3  0  534265  0  1  2  0  2  90931  5393  32  0  81116  0  0  0  1  1  1  3  0  0  0  0  2  0  
0  0  0  0  0  0  0  0  0  17  0  0  0  0  0  0  0  16  0  0  0  0  0  0  0  1  0  0  0  0  0  2  0  0  0  0  0  0  0  0  4  0  0  4  0  0  0  8  4  0  0  0  0  0  1  0  0  0  0  0  0  0  0  0  2  12  0  0  0  1  0  0  10  0  0  0  0  14  1  0  2  1  114  42  0  10  1  0  0  0  2907  5726  12  0  117  4  644276  6499  22  294  13  0  0  0  11  67  0  201357  381691  106  247421  474215  0  0  1140  0  0  15  9  21  5  45780  46  392875  16  2  5  5  0  147  13  1  27  1868  1899  0  3  20  1  192  33  4  3  0  22  62007  56327  1042  
0  0  0  0  1  0  0  0  1  53  2759  0  0  0  0  0  0  17  1  23  0  7379  3  0  0  4  0  0  0  31  0  4  0  0  0  0  0  0  0  2  35  1  0  1148  0  0  0  28  17  0  2  1  0  0  6  0  3  0  0  0  6  0  0  0  2  54  1  0  0  0  0  0  28  1  10  82  3  4107  181  165  358  52  60091  189998  974173  145  0  56  270  24  14  447  119240  130640  109  1245748  77184  12  373  20608  328  17  190  65787  7  31  0  0  0  962  15  2  17  0  12501  393745  9  0  2031  828  406  104  10427  0  11046  484  1060  1269  3  16369  352274  449263  26960  82  219144  13  58  14  480601  2458  1282  2455  350  0  80563  92  19075  0  
0  0  0  0  0  3  2  3  0  3  0  0  0  0  0  0  0  6  1  0  0  0  0  0  0  0  0  0  0  0  0  0  0  0  0  0  0  0  0  0  11  0  1  0  0  0  0  3  4  0  0  0  0  0  1  0  0  0  0  0  0  0  0  0  1  330  0  0  0  0  0  0  10  0  237  0  368087  134150  1209  1454  11647  63396  17552  358  0  1597  1  963  5726  149553  590  5270  161  1  4  2  1115  140  4  484953  1726  1417169  1596784  12  14  338  0  0  4  2496  0  1  267  0  27593  0  20  97  0  181243  8917  117  102438  0  58  5945  10707  21237  293  36506  111  44  35  5  97  126  800  183  1075  24345  828342  181995  471117  0  9346  0  5187  0  
0  0  1896  0  0  1  1  3996  1213  4  0  0  0  0  0  707  0  3  0  0  0  0  1  0  0  0  0  0  0  17  0  0  0  0  0  0  0  0  0  0  0  0  0  2  0  5784  0  4  3  0  1  0  0  0  0  0  0  0  0  0  0  0  0  0  0  58  0  0  0  0  79  0  6  0  6  0  382169  131  195  718  46581  304176  189843  303  0  16  0  14  113  59438  41  4290  198  2  4  0  1821  91  12  22007  98098  7886  5925  585990  4  40  0  0  0  9802  3  0  4  0  44329  0  24  61  304805  0  241  145  1318  0  23  183  347  1665  2  183477  143  23  21  6  65  8  409  6  2383  66035  164299  212  6658  0  253364  0  2136  0  
0  0  0  0  0  4  0  0  0  0  0  0  0  0  0  0  0  0  0  0  0  0  4  0  0  0  0  0  0  0  0  1  0  0  0  0  0  0  0  0  1  0  0  0  0  0  0  2  0  0  0  0  0  0  0  0  0  0  0  0  0  0  0  0  0  39  0  0  1  0  0  0  0  0  30780  0  1  34  29526  16874  2332  55  3234  39  0  7530  143591  23089  2064  48  471  189109  37  0  3  3  608  490120  3  558  248  2  181  1  680  10680  14  9  219  191  0  0  98777  813  10168  0  5  21  14933  455  0  158  89121  0  3  17302  3285  645  0  16128  21  6  5  0  6  3403  63538  313437  293  3890  922  60  607  52  1988  0  213  0  
0  0  0  0  1  5  0  0  41  977  0  0  0  0  0  0  9  751  6  2  0  4  5  1  0  34  0  0  0  111  0  213  0  0  0  0  0  0  1  0  214  0  7  209  13  0  3  1056  322  0  6  2  0  1  120  7  11  0  0  0  0  0  2  0  134  935  10  1  2  1  4  0  654  1  3  0  1  2524  13  31  69  17  2491  2202  0  2307  10  12  11  4  368322  107971  427  0  170  14  63235  1243  173  7450  166  1  39  11  400  2666  349803  94116  689873  3488  551  141474  2  1  356221  0  218224  310  304  385  424  0  2843  39337  124  38  39  87  0  2734  110  8  139  2606  2191  1  289  127  42  14052  631  80  81  0  580  33888  416904  418435  
0  0  0  0  0  9  0  0  1  10  0  0  0  0  0  0  0  3  0  0  0  0  0  0  0  0  0  0  0  1  0  1  0  0  0  0  0  0  0  0  1  0  0  3  0  0  0  5  2  0  0  0  0  0  1  1  1  0  0  0  0  0  0  0  0  214  2  0  0  0  0  0  3  0  25050  0  6  770749  82689  62402  31545  950  68645  3171  1  559486  135  283626  15297  368  92293  346079  806  1  4  1  2642  1909  22  112845  3830  2347  14940  17  149  4241  9369  13  347  3873  11  2  181929  64779  130849  0  4  463  140156  6401  97167  1243  0  0  34  110864  17762  4559  154  242786  523  206  26  22  108  2024  2578  786  4916  43185  9319  94938  8419  144  34599  0  1787  0  
0  0  0  0  0  0  0  0  0  0  0  0  0  0  0  0  0  0  0  0  0  0  0  0  0  0  0  0  0  0  0  0  0  0  0  0  0  0  0  0  0  0  0  0  0  0  0  0  0  0  0  0  0  0  0  0  0  0  0  0  0  0  0  0  0  0  0  0  0  0  0  0  0  0  0  1  0  20  0  0  1  0  66  3  0  0  0  0  0  0  8  6  2  0  538091  1  350379  0  46  122  1  0  2  0  0  0  0  92  10182  115  507935  161924  0  0  915  0  816607  6  7  2  1  7208  38  0  2  0  0  1  0  33  1  1  277  448012  141681  0  0  0  1  17  4  9  1  0  17  86714  249115  387  
0  12  0  0  0  0  0  0  0  25  0  0  0  0  0  0  0  12  0  0  2  318  1  0  0  12  0  0  0  4  0  3  0  0  0  0  0  0  0  0  45  0  0  12  0  0  0  24  9  0  14  0  1  0  9  0  2  0  0  0  6  0  0  0  1  16  0  0  0  0  0  0  30  0  0  379776  0  135  1  6  1  1  23  21  0  5  0  1  1  0  0  3  124272  43  273323  65414  20  0  4  155  2  0  6  0  15  32  0  0  0  6  9  0  0  0  78  511553  1  869  31  4  8  9  353  0  0  5  3  0  0  86  77175  10  87002  14906  555373  0  3  0  8  37  5  25  3  0  13  1  325  0  
1  0  0  0  0  38  4  3  0  0  0  0  0  0  0  0  0  0  0  0  0  0  1  0  0  1  0  0  0  0  0  0  0  0  0  0  0  0  0  0  1  0  0  1  0  0  1  1  5  0  0  0  0  1  0  0  0  0  0  0  0  0  0  0  0  603  0  0  0  0  0  0  1  0  31047  0  0  11680  107944  100144  58602  290  3549  20  0  304697  30  928702  1485558  3543  5  1640  48  0  3  1  166  1212  0  714  500  7  11958  0  15  4841  0  0  0  247  1  0  21684  2956  1428  0  4  38  2214  326  6559  13  61141  0  9  0  550115  699547  18  18201  31  16  10  2  22  245536  276  342  303  50921  3130  806875  783  4  2124  0  870  0  
0  0  0  0  0  19  11  14  1  1  0  0  0  0  0  0  0  1  0  0  0  0  0  0  0  0  0  0  0  0  0  0  0  0  0  0  0  0  0  0  0  0  0  0  0  0  0  0  2  0  0  0  0  0  0  0  0  0  0  0  0  0  0  0  0  610  0  0  0  0  0  0  0  0  245026  0  0  147  715520  124677  5793  1165  5867  24  0  2399  8  22114  2903648  101814  2  347  67  0  2  1  93  211  2  886  688  3  116  0  15  5507  0  0  0  308  0  1  18209  1  1652  0  1  67  1562  430  921  8  3599  0  4  831205  0  274715  15  26021  50  24  4  1  8  442959  189  147  436  24363  3064  2152  590  23  2595  1  333  0  
0  0  0  0  0  1  0  1  0  1  0  0  0  0  0  0  0  2  1  0  0  0  0  0  0  0  0  0  0  1  0  0  0  0  0  0  0  0  0  0  1  0  0  1  0  0  0  2  4  0  0  0  0  0  0  0  0  0  0  0  0  0  0  0  0  607  0  0  0  0  0  0  1  0  205  0  1  393  1967  126790  557932  101220  15495  75  0  351  0  515  953357  1513255  19  1350  179  2  3  0  551  36  7  4718  583  15  19885  1  4  210  0  0  1  1396  1  0  178  0  6521  0  2  145  32412  3211  1008  48  4019  0  24  672845  115996  0  197  93282  131  81  20  8  46  353  97  31  2225  22703  6143  115161  393861  0  11800  0  2085  0  
0  0  0  0  0  0  0  0  0  0  0  0  0  0  0  0  0  0  0  0  0  0  0  0  0  0  0  0  0  0  0  0  0  0  0  0  0  0  0  0  0  0  0  0  0  0  0  0  0  0  0  0  0  0  0  0  0  0  0  0  0  0  0  0  0  2  0  0  0  0  0  0  0  0  7  0  0  1027  58  396  583  13  89  0  0  30  0  28  518  58  1  28  195  0  0  0  3  3  263659  334328  7690  64  37  0  0  14  0  0  0  276810  0  0  13  0  84051  0  0  82  926  20  90  0  723  0  0  575  730  3163  0  282910  102  42  1  0  2  7  2  1  28  269  26480  586  473  0  84  0  63184  0  
0  0  0  0  0  5  0  0  2  2  0  0  0  0  0  0  0  6  0  0  0  0  0  0  0  0  1  0  0  41  0  5  0  0  0  0  0  0  0  0  4  0  0  0  1  0  0  3  6  0  0  0  0  1  0  0  0  0  0  0  0  0  1  0  0  308  1  0  0  0  0  0  4  0  169  1  1844  7575  9733  8500  18812  1166  36927  275  14  606  0  506  7191  1445  63  1660  191054  172139  542  29  609  51  847726  318248  1247970  344  1575  145799  11  345  0  0  1  34866  245  102  248  0  96060  3  118  24875  15910  94179  2564  1078  25204  5  5777  11099  22663  41534  288761  0  20762  393313  3398  608  8028  275  137  57  151278  25231  411586  34695  10316  1  424810  7  189605  0  
0  0  0  0  0  1  0  0  0  1  0  0  0  0  0  0  0  1  0  0  0  0  0  0  0  0  0  0  0  0  0  0  0  0  0  0  0  0  0  0  1  0  0  0  0  0  0  0  2  0  0  0  0  0  0  0  0  0  0  0  0  0  0  0  0  42  0  0  0  0  0  0  0  0  48  3456  0  3960  402  484  1199  150  848  21  3486  236  0  159  1360  99  12  335  2130104  54053  433  21833  48  8  266  5681  84  34  340  1  0  58  0  0  0  137  7  2  52  0  1954  92129  0  609555  5128  231  613  13  12796  0  79851  2440  5621  5166  12  11729  0  206186  77872  59  294492  77  19  7  12361  1237  304  17226  355  0  1111  5  144942  0  
0  0  0  0  0  0  0  0  0  0  0  0  0  0  0  0  0  0  0  0  0  0  0  0  0  0  0  0  0  2  0  0  0  0  0  0  0  0  0  0  0  0  0  0  0  0  0  0  0  0  0  0  0  0  0  0  0  0  0  0  0  0  0  0  0  4  0  0  0  0  0  0  0  0  20  1  0  447  314  299  520  27  253  6  218922  51  0  47  842  63  5  81  1520130  579902  44  84  8  5  14219  1493  437  4  100  149  0  18  0  0  0  95  4  1  23  0  629  13302  0  808325  1270  101  163  2  1438  0  886  1377  3291  3253  7  370269  111220  0  500  27  1771  33  6  3  404901  392  157  5050  140  0  2533  0  1729  0  
0  0  0  0  0  0  0  0  0  1  0  0  0  0  0  0  0  1  0  0  0  0  0  0  0  0  0  0  0  0  0  0  0  0  0  0  0  0  0  0  0  0  0  1  0  0  0  0  0  0  0  0  0  0  0  0  0  0  0  0  0  0  0  0  0  9  0  0  0  0  0  0  1  0  13  188203  3  13691  55  68  194  26  1823  73  0  378  0  73  36  5  5  222  356232  0  91324  90  82  12  357  8110  101  36  397  2  0  11  0  2  1  461  69827  458063  19  0  3642  13  15  4778  2212  216  360  37  31913  48  304604  423  87  133  0  4149  77019  13  0  297202  133882  2  27  6  138  902  350  3267  173  0  850  500297  288143  0  
0  0  0  0  0  0  0  0  0  5  0  0  0  0  0  0  0  1  0  0  0  0  0  0  0  0  0  0  0  0  0  0  0  0  0  0  0  0  0  0  0  0  0  0  0  0  0  0  1  0  0  0  0  0  0  0  0  0  0  0  0  0  0  0  0  3  0  0  0  0  0  0  0  0  1  258388  0  230  6  1  26  1  1399  77  0  7  0  0  6  0  5  24  2823  0  987004  123  11335  0  180  1444  38  0  14  1  0  1  0  7  62  474  670670  91090  0  0  4198  0  2172  196  67  60  12  345  531  515260  45834  13  15  24  0  532  120  7  305752  0  195308  1  2  1  30  366  108  64  18  0  288  501689  192292  44  
0  15  0  0  0  0  0  0  0  24  0  0  0  0  0  0  0  8  1  0  0  220  3  0  0  7  0  0  0  1  0  3  0  0  0  0  0  0  0  1  37  0  0  8  0  0  0  16  8  0  8  1  0  0  5  0  5  1  0  0  5  0  0  0  0  11  0  2  0  0  0  0  24  0  2  11928  5  1127  28  31  169  17  11085  1367  5  33  0  7  32  4  67  121  167165  170  1101127  962107  681945  7  2625  12834  281  0  75  4  21  120  0  185  767  3858  15932  13880  2  0  44650  53759  1363  185462  352  665  79  623  2620  90357  626653  65  83  215  1  4501  227655  395  172382  156701  0  0  14  2  72  4801  908  353  113  0  1296  104  67247  13  
0  0  0  0  0  0  0  0  0  0  0  0  0  0  0  0  0  0  0  0  0  0  0  0  0  0  0  0  0  0  0  0  0  0  0  0  0  0  0  0  0  0  0  0  0  0  0  0  0  0  0  0  0  0  0  0  0  0  0  0  0  0  0  0  0  5  0  0  0  0  0  0  0  0  254324  0  0  30  12256  13692  79  6  284  4  0  27  336600  129863  177294  4  0  22  1  0  0  0  2  330309  0  57  15  0  11  0  24  982  0  0  0  17  0  0  233361  0  152  0  0  2  99  24  604  0  275  0  0  239740  272455  114  1  1432  1  3  0  0  0  0  261  4629  34  884  75  72  27  2  179  0  9  0  
2  0  0  1  0  6  0  0  0  18  0  0  0  0  0  0  2  28  1  0  0  1  41  21  0  2  0  0  0  0  1232  33  0  0  0  0  0  0  0  0  18  0  0  7  1  0  1  25  16  0  0  4  0  1  4  0  4  0  0  0  0  0  5  0  3  28  0  0  0  40  0  0  25  0  22101  0  0  53  1853  110614  329  25  1381  25  0  41  526  246  586  119  166  33594  30  0  39  47  26809  908985  3  533  141  6  119  0  485861  385125  1  0  18  119  3  0  3126  0  16290  3  29  28  10273  216  32999  369  1848  0  34  980  392  106  2  6781  10  7  22  3  50  2887  0  164131  155  2111  551  21  293  165372  908  0  1383  0  
0  0  0  0  0  2  0  0  0  1  0  0  0  0  0  0  0  0  0  0  0  0  0  0  0  0  0  0  0  0  0  0  0  0  0  0  0  0  0  0  0  0  0  0  0  0  0  0  0  0  0  0  0  0  0  0  0  0  0  0  0  0  0  0  0  18  0  0  0  0  0  0  1  0  63124  0  0  6  4270  134133  153  13  264  5  0  21  229495  210  221  1161  694  4287  3  0  0  0  1923  1625701  0  64  28  4  15  0  2094  52420  0  137  121  16  0  0  540130  0  1666  0  38  0  1879  57  352829  22  488  0  2  731  197  43  0  1425  5  2  0  1  1  15115  290367  0  25  6147  91  5  50  30482  198  0  44  0  
0  0  0  0  0  0  0  0  0  1  251  0  0  0  0  0  0  0  0  5  0  1  0  0  0  0  13  0  0  7416  0  0  0  0  0  0  0  0  0  0  1  0  0  1  0  0  0  0  0  0  0  0  0  0  0  0  0  0  0  0  0  0  0  0  29  10  0  0  0  0  0  0  0  0  22  1  0  848  407  565  1144  180  21705  1814  604018  62  0  51  961  104  8  117  34480  313650  90  1180  23  4  1778  4802  136381  7  126  1036518  1  33  0  0  0  385  27  4  28  0  2794  6  2  555170  1386  1303  170  38  2567  0  1833  1406  2898  5315  10  251376  30383  590932  1275  72  2272  36  13  7  0  913  651  3042  667  0  169562  0  14104  0  
60  0  1  6  20  63793  3211  5021  69430  125230  0  0  0  4  11  235  151  9461  83  3  0  39  46  68  2  515  15  1  52  18311  14  4267  1  0  4  0  0  0  6  11  2505  0  62  8082  302  2  210  12356  5242  0  17  182  22  74  3489  234  56  11  2  0  4  1  53  200  5810  418939  594  59  101  146  154  0  6385  12  5672  1  7  2753  6193  820586  412853  335089  590198  201671  0  4390  1  4913  24606  3799  162  5651  650  0  17  80  2797  506  30  105159  4718  110  3689  46  286  149637  0  0  8  29506  486  89  317  2  401639  0  96  713  38142  12047  4303  1921  20817  2  111  10686  11968  9636  11  37716  359  40  217  939  8446  492  3411  680  578  0  39253  3552  3230  917  50522  12  8240  0  
0  0  0  0  0  2  0  0  0  1  0  0  0  0  0  0  0  6  0  0  0  0  0  0  0  0  0  0  0  1  0  2  0  0  0  0  0  0  0  0  3  0  0  2  0  0  0  3  2  0  0  0  0  0  1  0  0  0  0  0  0  0  0  0  0  48  0  1  0  0  0  0  10  0  36  0  155980  3956  5350  4876  10034  460  10711  134  0  122  0  153  2607  2360  61  940  229  1  4  1  247  23  82  951159  712742  798154  4525  10892  1  95  0  0  1  13781  4  0  67  0  33129  0  13  207  692981  222376  556  172  2953  0  12  3229  4852  17221  8241  418359  175  56  18  3  67  55  87  21  351  19614  0  3804  46811  0  3396  0  1591  0  
0  0  0  0  0  12  2  2  0  1  0  0  0  0  0  0  0  0  0  0  0  0  0  0  0  0  0  0  0  0  0  0  0  0  0  0  0  0  0  0  2  0  0  0  0  0  0  1  3  0  0  0  0  1  0  0  0  0  0  0  0  0  0  0  0  218  0  0  0  0  0  0  0  0  330  0  4  343270  1965  7527  13159  271  16896  214  0  489531  0  5301  351922  3468  7  600  262  0  2  0  224  100  18  7195  670  75  878378  4  4  679  0  0  0  1268  1  0  7288  12579  4917  0  3  123  298550  1208  5163  14  104395  0  15  823355  11964  223500  221  68508  179  85  9  3  32  206  61  154  1635  12895  4538  0  32873  0  9598  0  994  0  
0  0  0  0  0  2  0  0  0  1  0  0  0  0  0  1  0  3  0  0  0  0  0  0  0  0  0  0  0  0  0  0  0  0  0  0  0  0  0  0  2  0  0  0  1  0  0  0  1  0  0  0  0  1  0  0  0  0  0  0  0  0  0  0  0  366  0  0  0  0  0  0  0  0  19  0  5  172  425  860  52801  396576  11302  38  0  11  0  31  263478  280276  36  785  87  0  2  1  262  21  7  3050  843  67  1175885  6  2  34  0  0  0  750  1  0  23  0  4210  0  2  82  567343  25640  371  28  1578  0  10  233  978  329992  195  34144  66  34  13  3  23  12  102  15  1643  17167  53997  13480  0  0  7317  0  1477  0  
1  0  0  0  10  3667  0  0  0  0  0  0  0  0  0  30  0  2  0  0  0  0  0  0  0  0  0  0  0  0  783  1254  0  0  0  0  0  0  0  0  0  0  0  0  0  0  0  0  1  0  0  0  1  0  0  0  0  0  0  0  0  0  0  0  0  66  0  0  0  2785  0  0  0  0  112094  0  0  0  163820  315616  1  0  0  0  0  0  1  0  2  493090  0  2  0  0  0  0  0  127237  0  2  0  0  0  0  351383  69694  0  0  0  1  0  0  63  0  8  0  0  0  11  0  23  0  18  0  0  6  11  1  0  12  0  0  0  0  1  25  177640  15161  2  435  0  0  1  0  0  0  0  0  
0  0  27  0  0  0  1  34  102958  0  1  0  0  0  0  14  0  2  0  0  0  0  0  0  0  0  4  0  0  27037  0  1  0  0  0  0  0  0  0  0  1  0  0  0  1  6201  0  2  0  0  0  0  0  0  1  0  0  0  0  0  0  0  0  0  1  2506  1  1  0  0  113301  0  3  0  12  1  111  1500  244  284  36118  3125  380985  9836  72  83  0  67  545  90  13  1028  6540  498  20  3  462  14  276  30720  103507  29  1317  580746  1  37  0  1  0  9907  86  56  22  0  31300  0  8  19868  2592  272309  314  116  4634  0  186  838  1682  3424  3  708258  4536  1308  183  126  1043  26  68  9  157826  41560  20295  1721  2088  0  0  1  6907  0  
0  0  0  0  0  0  0  0  0  0  0  0  0  0  0  0  0  0  0  0  0  0  0  0  0  0  0  0  0  0  0  0  0  0  0  0  0  0  0  0  0  0  0  0  0  0  0  0  0  0  0  0  0  0  0  0  0  0  0  0  0  0  0  0  0  0  0  0  0  0  0  0  1  0  0  3315  0  39  0  1  2  0  56  1  0  1  0  0  0  0  1  2  4790  0  2298  3  1286  0  4  68  4  0  0  0  0  0  0  859  8109  17  999326  1440573  0  0  171  0  99402  211  12  4  2  9276  102  156855  134  3  0  1  0  32  82  0  519894  476135  1140  0  0  0  3  14  9  15  1  0  15  0  278155  504  
0  0  0  0  0  3  0  0  0  17  0  0  0  0  0  0  0  18  1  0  0  0  0  0  0  2  0  0  0  1  0  5  0  0  0  0  0  0  0  0  9  0  0  8  1  0  0  17  9  0  0  0  1  0  1  1  0  0  0  0  0  0  0  0  1  122  1  0  0  0  0  0  11  0  80  266  1  18373  447  630  2299  429  5494  279  0  893  0  475  1749  153  1016  1122  505780  0  99051  314  64105  35  1506597  167743  226  621  1056  0  17  236  1  1182316  110213  389337  16876  2143968  127  0  89492  4  137936  20598  18528  486  1867  425028  53423  204171  59077  4086  7939  5810  43941  468241  95929  1321  287483  274107  201560  76  46  29  3817  3712  758  38846  814  0  2507  270629  0  146126  
0  0  0  0  0  0  0  0  0  0  0  0  0  0  0  0  0  0  0  0  0  0  0  0  0  0  0  0  0  0  0  0  0  0  0  0  0  0  0  0  0  0  0  0  0  0  0  0  0  0  0  0  0  0  0  0  0  0  0  0  0  0  0  0  0  0  0  0  0  0  0  0  0  0  0  0  0  7  0  0  0  0  3  0  0  1  0  0  0  0  18  5  2  0  2  0  402  0  38  1931  0  0  0  0  0  0  260210  307795  75494  277689  15  2215  0  0  124404  0  1606  0  2  0  1  505105  13  525  0  1  0  0  0  4  0  0  4  166  110  0  0  0  0  4  0  6  0  0  1  512  188519  0  
