0  0  0  2  52205  12479  0  0  1  1  0  113  0  2504  17360  1880  3  186  3  0  0  0  1  37190  0  2  0  0  0  0  13524  1316  0  0  0  0  0  0  1147  1045  6  0  0  2  0  0  619  4  8945  0  0  35654  29691  18  1  0  0  0  0  0  0  8386  61  7721  3  291  7  65  4  20616  0  0  18  0  0  0  0  0  0  0  0  0  0  0  0  0  0  0  0  0  0  0  0  0  0  0  0  0  0  1  0  0  0  0  0  3  0  0  0  0  0  0  0  0  1  0  0  0  0  0  0  0  0  0  0  0  0  0  0  0  0  0  0  0  0  0  0  0  0  19  0  0  0  0  0  0  1  0  
0  0  0  4  0  1  0  0  0  0  0  0  0  0  0  0  0  3  30788  0  66451  11947  0  0  2  0  0  0  0  0  0  0  0  0  0  0  8112  4066  0  0  1  61602  0  151  38  0  0  3  2  0  83307  0  0  0  16  0  64641  14  60593  28912  8165  0  0  0  0  0  0  7  1  0  0  0  100  0  0  0  0  0  0  0  0  0  0  0  0  0  0  0  0  0  0  0  0  0  0  21  0  0  0  0  0  0  0  0  0  0  0  0  0  0  0  0  0  0  0  0  0  0  0  0  0  0  0  0  2  0  0  0  0  0  0  0  0  0  1  0  0  0  0  0  0  0  0  0  0  0  0  0  
0  0  0  2  0  12  2  13066  190  0  0  0  0  0  0  61379  4  6  1  0  0  0  0  0  0  3  16896  33368  19892  10959  0  0  0  0  0  0  0  0  0  0  0  0  0  0  45122  61371  1  2  124  0  0  0  0  28  0  0  2  1  0  0  0  0  0  0  0  5  11549  0  13902  0  12  0  0  0  0  0  387  0  0  0  0  69  94  0  0  0  0  0  0  272  0  0  0  0  0  0  0  0  0  0  0  0  0  350  0  0  0  0  0  0  0  0  0  0  0  0  0  0  0  1590  0  0  0  0  0  0  0  0  0  0  0  0  0  0  0  0  0  0  0  0  0  0  0  0  43  0  0  0  
45  0  4  0  149  233  189  261  71  5  0  39374  15  60  55  17  326  896  241  0  0  5  5  13  4  88357  1  46441  16237  1  0  38  12385  134  60  16  0  1  19  509  36753  0  2  275  52253  0  136  167  78839  0  63  983  110  241  483  17  742  22  12  23  56  3  4  10  53  222  10151  11163  869  5  24  0  446  87  0  0  0  0  0  0  0  0  0  0  0  0  0  0  0  0  0  1  0  0  0  0  0  0  0  0  0  0  0  0  0  0  0  0  0  0  0  0  0  0  0  0  0  0  0  0  0  0  0  0  0  0  0  0  0  0  0  0  0  0  0  0  0  0  0  4  0  0  0  0  0  0  0  0  
47622  0  0  1  0  9717  1  0  0  0  0  36  0  167  7936  44270  0  52  2  0  0  0  0  920  0  3  0  0  0  0  4503  155  0  0  0  0  0  0  41  966  5  0  0  1  0  0  68  0  2245  0  0  2930  18723  16  0  1  1  0  0  0  0  2  9  671  0  40  9  43  6  3206  0  0  3  0  0  0  0  0  0  14  0  0  0  0  0  0  0  0  0  3  0  0  0  0  0  0  0  0  0  0  0  0  0  0  0  0  0  0  0  0  0  0  0  0  0  0  0  0  0  0  0  0  0  0  0  0  0  0  0  0  0  0  0  0  0  0  0  0  0  6  0  0  0  2  0  0  0  0  
18898  0  0  75  15368  0  39059  806  1271  8  0  106  0  772  4802  101624  27  2082  26  0  0  0  6  11719  0  141  2  0  11  2  4452  26754  1  0  0  0  0  0  148  1264  187  0  2  46  333  0  831  126  10055  0  10  6182  2521  9109  86  19  25  4  0  0  4  3  2869  6140  194  61829  754  573  1214  62937  5  0  200  0  37  0  0  0  7  3934  55  10  15  0  0  0  0  1  3  695  0  1  0  0  0  0  0  2  0  0  0  0  0  0  584  391  0  0  0  0  0  0  1  0  2  0  0  0  0  0  2  1  1  0  0  4  3  0  0  1  0  0  0  0  0  3  1  0  0  10735  1  0  0  415  0  0  1  0  
3  0  1  488  30  56595  0  59671  12493  1  0  14  0  1  54  116816  5  164  102  1  0  1  1  0  3  198  9  0  17  103  1  25  0  0  0  0  0  0  0  122  90  0  0  220  1927  1  54  33  2130  0  14  2057  49  10546  561  48  60  15  1  0  5  0  5  2  4650  46331  761  2514  5137  0  118  0  35  0  0  0  0  0  0  283  678  651  75  0  0  0  0  0  0  89  0  0  0  0  0  0  0  0  0  0  0  0  0  0  0  1  0  0  0  0  0  0  0  0  0  0  0  0  0  0  0  0  0  0  0  0  0  0  0  0  0  0  0  0  0  0  0  0  0  427  0  0  0  0  2  0  0  0  
5  0  5923  907  29  1934  53690  0  52520  0  0  45  0  1  26  69390  6  56  66  0  0  0  0  0  2  240  3  4  8471  39  0  6  1  0  0  0  0  0  0  361  73  0  0  96  11874  31003  15  33  425  0  0  886  41  31388  295  41  103  5  0  0  0  0  0  0  862  32924  2040  355  28236  0  435  0  23  0  0  0  32  0  0  4  35  6522  484  0  0  0  0  0  0  4453  0  0  0  0  0  0  0  0  0  0  0  0  2  2  0  0  0  0  0  0  0  0  0  0  0  0  0  0  0  116  0  0  0  0  0  0  0  0  0  0  0  0  0  0  0  0  0  0  0  708  0  0  0  0  10  0  0  0  
1  0  16  5  1  404  1554  22739  0  2349  0  0  0  0  0  68  7  200  318  4  0  2  2  0  4  399  13  26  42  6246  0  26  0  0  0  0  0  0  0  3  657  0  0  385  523  22988  3  197  434  0  6  10  1  638  1360  1205  177  19  2  0  2  0  3  1  5786  46081  2691  47  121  1  42927  0  42  0  0  0  4  0  0  0  0  447  8248  24  0  0  0  0  0  78  0  0  0  0  0  1  0  0  0  5  1  0  0  789  0  0  0  0  0  2  0  0  0  0  36  0  0  0  0  256  0  0  0  0  0  0  0  0  0  1  0  0  0  0  0  0  0  0  0  11002  1  0  0  0  14609  0  0  0  
24  0  0  34  133  113  37  41  2996  0  6  32  0  6  61  11  46  7302  76  3  1  844  6407  1  8  471  10  1  12  16599  0  784  0  0  2  0  0  1  1  412  6828  0  21  48822  191  0  103  2500  5237  2  160  198  154  71  1676  99  98  17  21  2  16  0  5  4  2021  80251  235  588  27  7  16  0  3110  162  1  0  1  35  5  12  21  3  537  71  1  8  0  9  2  2  2  39  9  0  2  44  11  0  0  100  6  0  2  13  2  18  0  0  0  32  0  0  4  0  943  0  0  1  137  12  12  12  183  0  4  55  11  8  0  178  10  1  2  0  5  0  13  1  4  25371  56  75  3  0  55  0  58  0  
0  0  0  0  0  0  0  0  1  1  0  0  0  0  0  0  0  0  152  155177  0  10547  0  0  29  1  47  0  0  9179  0  0  0  0  0  0  0  0  0  0  0  12369  0  154475  0  0  0  0  0  0  0  0  0  0  9  4  651  61537  0  0  15  0  0  0  72834  6  1  6  0  0  2  0  21  0  0  0  0  0  0  0  0  0  0  1  22690  0  0  0  0  0  0  0  0  144  0  746  0  0  0  0  0  0  0  144  0  0  0  0  0  0  0  0  0  0  0  68  0  268  0  0  0  0  0  0  0  0  0  0  0  0  0  0  0  0  0  0  0  0  17  1  0  0  0  0  0  0  0  0  
208  0  0  82052  1020  530  2  0  0  0  0  0  553  13335  655  20  88  3254  0  0  0  0  0  28  0  4  0  0  13869  0  0  12  545  102  54  0  0  0  64  47751  5  0  0  1  6183  0  1166  33  38977  0  0  56123  1407  42  1  0  0  0  0  0  0  0  0  57  0  9  6  51142  11  2  1  0  1  0  0  0  0  0  0  0  0  0  0  0  0  0  0  0  0  0  0  0  0  0  0  0  0  0  0  0  0  0  0  0  0  0  0  0  0  0  0  0  0  0  0  0  0  0  0  0  0  0  0  0  0  0  0  0  0  0  0  0  0  0  0  0  0  0  0  0  0  0  0  0  0  0  0  0  
1  0  0  7  0  6  0  0  0  0  0  268  0  5922  0  0  1  338  0  0  0  0  0  25232  0  0  0  0  0  0  0  6  0  3  10  0  0  0  22969  16  0  0  7  0  0  0  27237  0  175  0  0  1  1  0  0  0  0  0  0  0  0  5049  2  2924  0  0  0  0  0  0  0  0  0  0  0  0  0  0  0  0  0  0  0  0  0  0  0  0  0  0  0  0  0  0  0  0  0  0  0  0  0  0  0  0  0  0  0  0  0  0  0  0  0  0  0  0  0  0  0  0  0  0  0  0  0  0  0  0  0  0  0  0  0  0  0  0  0  0  0  0  0  0  0  0  0  0  0  0  
1965  0  0  1  1116  1698  0  0  0  0  0  15699  8298  0  1583  36  0  60  0  0  0  0  0  458  0  0  0  0  14  0  0  41  0  0  0  0  0  0  31007  40751  4  0  0  1  0  0  1506  1  17925  0  0  49401  1509  5  0  0  0  0  0  0  0  9082  2  2292  1  13  1  23  1  16  0  0  0  0  0  0  0  0  0  0  0  0  0  0  0  0  0  0  0  0  0  0  0  0  0  0  0  0  0  0  0  0  0  0  0  0  0  0  0  0  0  0  0  0  0  0  0  0  0  0  0  0  0  0  0  0  0  0  0  0  0  0  0  0  0  0  0  0  0  0  0  0  0  0  0  0  0  0  
23362  0  0  7  8255  3538  8  0  4  0  0  1865  0  319  0  50602  0  71  4  0  0  0  0  4  0  86  1  0  14909  0  0  81  0  0  0  0  0  0  2  242  8  0  0  3  332  0  15  3  1154  0  2  204623  110564  142126  9  1  1  0  0  0  0  23248  3  6  4  108  52  39843  9732  4  5  0  4  0  0  0  0  0  0  0  0  0  0  0  0  0  0  0  0  0  0  0  0  0  0  0  0  0  0  0  0  0  0  0  0  0  0  0  0  0  0  0  0  0  0  0  0  0  0  0  0  0  0  0  0  0  0  0  0  0  0  0  0  0  0  0  0  0  0  4  0  0  0  0  0  0  0  0  
4354  0  72093  5  61778  94916  96300  73817  145  2  0  3  0  11  49664  0  3  156  5  0  0  0  0  316  0  44  0  1  8458  1  6549  788  0  0  0  0  0  0  5  62  31  0  0  3  4244  3420  19  22  842  0  2  942  20476  154617  16  2  4  2  0  0  0  0  1  223  26  2662  170  183  29223  21500  7  0  50  0  0  0  236  0  0  1119  568  2695  52  0  0  0  0  0  0  4952  0  0  0  0  0  0  0  0  0  0  0  0  8  7  0  106  0  0  0  0  0  0  0  0  1  0  0  0  0  102  0  0  0  0  0  0  0  0  0  0  0  0  0  0  0  0  0  0  0  97  0  0  0  1  2  0  0  0  
0  0  14  932  2  6  2  11  19  38  0  77  0  0  0  15  0  65947  776  0  0  1  5473  570  0  243  0  0  34  0  0  6058  715  9  12254  1  0  2  0  4  7523  0  4463  97  864  0  4270  69352  40099  26  14  4  1  8  123  22  65  256  4  3  12  0  32  7  82  45  439  14  636  5  2  0  2528  12  0  0  0  0  0  0  0  0  6  0  0  1  0  0  0  0  0  2  0  0  0  0  1  0  0  8  0  0  0  0  1  7  0  0  0  2  0  0  0  0  34  0  0  0  1  0  0  3  2  0  0  0  0  0  0  2  0  0  0  0  0  0  0  0  0  27  0  0  0  0  0  0  3  0  
173  0  1  1544  49  529  1  2  18  115  0  3792  542  63  6  1  37153  0  40  0  1  0  4191  7951  0  229  0  0  9  3  193  29298  400  21  2320  0  0  2  99  23  1427  0  2363  251  35  0  61159  17092  67193  11  11  69  4  28  254  7  44  11  6  0  3  0  581  210  67  170  41  21  29  437  2  0  3911  17  0  0  0  1  0  1  0  0  4  1  0  0  0  0  0  0  0  4  0  0  0  0  0  0  0  13  1  0  0  0  2  11  0  0  0  3  0  0  0  0  46  0  0  0  3  2  0  4  1  0  0  1  0  0  0  3  0  0  0  0  0  0  0  0  0  39  1  0  0  0  3  0  2  0  
0  27372  0  28  0  2  2  1  7  1  18  0  0  0  3  0  0  30  0  9400  4  2029  5  0  47940  17  1  0  2  0  0  2  0  0  0  0  1  1432  0  0  86  31388  0  2484  443  0  1  59  70  0  5112  2  0  34  91  265  251303  123268  57395  188  5207  0  0  0  3393  5  8  2579  3  0  0  0  86655  1  0  0  0  0  0  0  0  0  0  0  0  0  0  0  0  0  0  0  0  0  0  0  0  0  0  0  0  0  0  0  0  0  0  0  0  0  0  0  0  0  0  0  0  0  0  0  0  0  0  0  0  0  0  0  0  0  0  0  0  0  0  0  0  0  0  0  0  0  0  0  0  0  0  0  
0  7  0  0  0  0  0  0  188  0  166166  0  0  0  0  0  1  6  6650  0  0  64  0  0  1013  4  18559  0  0  1639  0  1  0  0  0  0  0  0  0  0  8  20958  0  41838  10  0  0  9  5  0  0  0  0  0  5  12759  963  94174  0  0  2  0  0  0  57791  3  2  7  1  0  744  0  43  0  0  0  0  0  0  0  0  0  0  0  3578  0  0  0  0  0  0  0  0  28  0  1  0  0  0  0  2  0  0  116  0  0  0  0  0  0  0  0  0  0  0  3  0  3  0  0  0  0  0  0  0  0  0  0  0  0  0  0  0  0  0  0  0  0  0  0  0  0  0  0  0  0  0  0  
0  49177  0  2  0  0  0  0  0  1  0  0  0  0  0  0  1  1  9  0  0  7079  18888  0  0  1  0  0  0  0  0  1  0  0  0  0  26158  362  0  0  3  1  18  26  4  0  0  0  2  61826  19719  0  0  0  10  0  4  0  2983  63649  101817  0  0  0  0  1  0  2  0  0  0  8  67  0  0  0  0  0  0  0  0  0  0  1  0  0  0  0  0  0  0  0  0  0  0  1  0  0  0  0  0  0  0  0  0  0  0  0  0  0  0  0  0  0  0  1  0  0  0  0  0  0  0  0  15  0  0  0  0  0  0  0  0  0  6  0  0  0  0  0  0  0  0  0  0  0  0  0  
0  24849  0  8  6  5  0  3  8  8609  7066  2  0  0  3  2  0  17  565  45  6690  0  22170  0  4  55  0  0  0  541  0  6  0  0  0  0  0  16  0  15  720  69228  3  194866  71  0  13  18  45  0  19943  12  3  7  355  0  18404  7593  174  8  228353  0  0  1  890  60  3  74  1  0  0  0  175  0  0  2  0  0  0  0  0  0  2  21  4654  0  0  0  0  0  0  0  0  0  25  4663  6  0  0  1  1  0  0  7  2  0  0  0  0  0  0  0  0  0  14  20  0  1372  0  0  0  1  0  0  38  0  0  0  0  0  0  0  0  0  4  0  0  0  0  25  2  0  0  0  0  0  0  0  
1  2  0  22  15  24  19  53  140  6497  0  0  0  0  7  4  6003  7056  65  0  17494  23568  0  192  210  1210  1  0  6  13  0  13541  0  0  21357  0  447  3907  0  25  6312  0  71766  25115  65  0  32  5690  248  47835  62  16  9  36  2223  17  73  12  1768  3565  60505  0  17  2  717  55  7  300  9  11  5  95  16040  0  0  0  0  0  1  0  0  0  3  1  0  0  0  0  0  0  0  0  0  0  3  2  0  0  0  3  0  0  0  0  3  4  0  0  0  0  0  0  0  0  8  1  0  0  0  0  0  1  0  0  35  0  0  0  0  1  0  0  0  0  22  0  0  0  0  7  3  0  1  0  1  0  0  0  
36412  0  0  2  1005  5685  0  0  0  0  0  70  27414  3049  39  200  132  5982  0  0  0  0  29  0  0  1  0  0  0  0  33961  8779  23  83  929  0  0  0  8173  246  3  0  1349  4  0  0  46687  857  1440  0  0  1537  294  5  1  0  0  0  0  0  0  37985  68292  145953  0  96  1  14  0  27841  0  0  23  0  0  0  0  0  0  1  0  0  1  0  0  0  0  0  0  0  0  0  0  0  0  0  0  5  0  0  0  0  0  0  27  0  0  0  0  0  0  0  0  0  1  0  0  0  0  0  0  0  0  0  0  0  0  0  0  0  0  0  0  0  0  0  1  0  0  3  0  0  0  0  0  0  0  0  
1  0  0  14  2  2  2  1  216  7  2  0  0  0  6  2  0  69  31981  1773  1  0  61  0  0  28487  1558  0  27  1  0  6  0  0  0  0  0  6  0  0  110  1  5  229  363  0  0  49  80  5  72  1  1  52  54858  107270  7121  6318  377  5  112  0  0  0  1330  86  28  2609  12  0  24  0  160871  0  0  0  0  0  0  0  0  0  0  0  0  0  0  0  0  0  0  0  0  0  0  0  0  0  0  0  0  0  0  0  0  0  0  0  0  0  0  0  0  0  1  0  0  0  0  0  0  0  0  0  0  0  0  0  0  0  0  0  0  0  0  0  0  0  0  0  0  0  0  0  0  0  0  0  
0  0  1  65014  6  107  65  100  487  67  0  3  0  1  14  7  59  423  101  5  0  8  78  0  23312  0  37  8472  33  209  0  69  434  20543  0  40489  0  3154  0  17  92694  0  1  1467  9559  0  15  393  2646  0  51  134  7  173  54695  29967  121  48  9  7  70  0  3  0  1020  2209  115206  2371  906  5  176  0  12620  432  0  0  0  0  0  0  1  0  6  0  0  0  0  0  0  0  0  0  0  0  0  0  0  0  0  4  0  0  0  0  0  1  0  0  0  1  0  0  0  0  9  0  0  0  2  0  0  0  0  0  0  1  0  0  0  1  0  0  0  0  0  0  0  0  0  22  0  0  0  0  1  0  0  0  
0  0  17133  0  0  0  1  1  149  0  40  0  0  0  0  0  0  4  6  28633  0  0  0  0  762  91  0  5  15  187812  0  0  0  0  0  0  0  0  0  0  4  0  0  12  125  1206  0  2  1  0  0  0  0  2  224  199774  0  8  0  0  0  0  0  0  48260  6  57693  1  14  0  24879  0  0  0  0  0  0  0  0  0  0  0  1  0  12  0  0  0  0  0  0  0  0  23  0  0  0  0  0  0  4  0  0  380  0  0  0  0  0  0  0  0  0  0  0  0  0  0  0  0  0  0  0  0  0  0  0  0  0  0  0  0  0  0  0  0  0  0  0  0  0  0  0  0  4  0  0  0  
0  0  26314  40296  0  0  0  0  116  0  0  0  0  0  0  3  0  2  1  0  0  0  0  0  0  12838  15  0  18480  0  0  0  0  0  0  0  0  0  0  0  4  0  0  1  122812  22255  0  0  8  0  0  1  0  0  0  106  0  0  0  0  0  0  0  0  2  1  99541  0  8  0  12  0  0  0  0  0  0  0  0  0  0  0  0  0  0  0  0  0  0  0  0  0  0  0  0  0  0  0  0  0  0  0  0  0  0  0  0  0  0  0  0  0  0  0  0  0  0  0  0  0  0  0  0  0  0  0  0  0  0  0  0  0  0  0  0  0  0  0  0  0  0  0  0  0  0  0  0  0  
0  0  24037  17301  4  50  5  18431  632  2  0  9451  3  14  14640  6918  73  428  75  0  0  0  0  0  0  191  1  8196  0  2  0  56  0  0  0  0  0  0  0  17  161  0  0  11  159620  3468  56  1096  884  0  0  2025  6  825  33  11  10  12  0  0  0  0  4  0  61  1239  4057  87541  103301  6  137  0  30  0  0  0  0  0  0  0  0  0  2  0  0  0  0  0  0  0  0  0  0  0  0  0  0  0  0  2  0  0  0  0  0  0  0  0  0  0  0  0  0  0  1  0  0  0  0  0  0  1  0  0  0  0  0  2  0  0  0  0  0  0  0  0  0  0  0  2  1  0  1  0  0  0  0  0  
0  0  12840  3  0  5  10  3  6522  14160  5815  0  0  0  0  0  4  549  52  1396  0  518  1  0  1  135  145987  1  18  0  0  76  0  0  0  0  0  0  0  0  171  0  0  5278  172  55990  3  122  322  0  2  5  0  3  151  8918  79  7  0  0  1  0  1  0  90096  7760  6430  11  8  1  75188  0  184  0  0  0  0  1  0  0  0  0  1614  131  5779  0  0  0  0  0  0  0  0  115  1  722  0  0  0  6  79  0  0  17044  0  1  0  0  0  0  0  0  0  0  50  0  0  3  0  6  0  2  1  0  0  0  0  0  0  2  0  0  0  0  1  0  0  0  131  682  1  0  0  0  5050  0  0  0  
14472  0  0  0  9612  7898  0  0  0  0  0  0  0  0  0  7958  0  32  0  0  0  0  0  28550  0  0  0  0  0  0  0  5763  0  0  0  0  0  0  0  0  0  0  0  1  0  0  47  0  1  0  0  0  0  0  0  0  0  0  0  0  0  0  52575  122  0  2  0  0  0  54564  0  0  3  0  1  0  0  0  0  26  0  0  0  0  0  0  0  0  0  36  0  1  0  0  0  0  0  190  0  0  0  0  0  0  4021  25  0  0  0  0  0  0  0  0  0  0  0  0  0  0  0  0  0  0  0  0  0  0  0  0  0  0  0  0  0  0  106  2  0  0  0  0  0  59  0  0  0  0  
111  0  0  2  16  24660  1  1  11  83  0  0  9  12  1  333  8397  71599  15  0  3  4  14039  5871  0  146  0  0  3  4  7764  0  1  0  5023  0  0  1  80  3  605  0  2679  352  55  0  4946  5970  8044  7  2  18  3  5  68  7  4  3  4  0  6  0  41988  1421  65  15603  9  8  15  31024  4  1  4254  4  0  0  0  1  1  350  1  0  24  0  0  1  0  1  0  149  0  6  1  0  0  1  2  0  0  18  4  0  0  0  72  11483  0  0  0  6  0  0  0  0  61  0  0  0  3  1  0  0  4  0  5  3  0  0  0  16  0  0  0  0  0  0  0  0  1  250  9  2  1  131  2  0  6  0  
0  0  0  16100  0  0  0  0  1  1  0  47  0  0  0  0  395  448  0  0  0  0  0  7  0  125  0  0  0  0  0  9  0  29526  6907  2373  0  0  0  0  9892  0  0  5  1  0  60  51070  561  0  0  0  0  0  9  0  0  0  0  0  0  0  1  2  2  4  1  1  0  1  0  0  4183  54912  0  0  0  0  0  0  0  0  0  0  0  0  0  0  0  0  0  0  0  0  0  0  0  0  0  0  0  0  0  0  0  0  0  0  0  0  0  0  0  0  0  0  0  0  0  0  0  0  0  0  0  0  0  0  0  0  0  0  0  0  0  0  0  0  0  0  0  0  0  0  0  0  0  0  
0  0  0  456  0  0  0  0  0  0  0  91  6  1  0  0  9  32  0  0  0  0  0  164  0  15595  0  0  2  0  0  0  43136  0  90473  53243  5  63165  0  0  2161  0  21662  0  0  0  114  12743  8  0  0  0  0  0  20  0  0  0  1  0  1  0  0  0  0  0  0  0  0  0  0  321  105733  16751  0  0  0  0  0  0  0  0  0  0  0  0  0  0  0  0  0  0  0  0  0  0  0  0  0  0  0  0  0  0  0  0  0  0  0  0  0  0  0  0  0  0  0  0  0  0  0  0  0  0  0  0  0  0  0  0  0  0  0  0  0  0  0  0  0  0  0  0  0  0  0  0  0  0  
0  0  0  108  0  2  0  0  2  1  0  52  3  0  0  0  8847  2518  10  0  0  0  19375  588  0  40  0  0  0  0  0  4800  7854  94982  0  0  102  7967  0  0  94  0  62532  19  0  0  176  57882  19  458  0  1  0  1  16  0  1  1  190  45  258  0  0  15  4  2  0  2  0  1  0  14566  24028  6  0  0  0  0  0  0  0  0  1  0  0  0  0  0  0  0  0  0  0  0  0  0  0  0  0  0  0  0  0  0  0  0  0  0  0  0  0  0  0  0  0  0  0  0  0  0  0  1  0  0  0  0  0  0  0  0  0  0  0  0  0  0  0  0  0  4  0  0  0  0  1  0  0  0  
0  0  0  6  0  0  0  0  0  0  0  0  0  0  0  0  1  1  0  0  0  0  0  0  1  44045  0  0  0  0  0  0  3355  62556  1  0  0  934  0  0  24103  0  0  0  0  0  0  4155  16  0  0  0  0  0  595  0  0  0  0  0  0  0  0  0  0  0  0  0  0  0  0  0  8944  32098  0  0  0  0  0  0  0  0  0  0  0  0  0  0  0  0  0  0  0  0  0  0  0  0  0  0  0  0  0  0  0  0  0  0  0  0  0  0  0  0  0  0  0  0  0  0  0  0  0  0  0  0  0  0  0  0  0  0  0  0  0  0  0  0  0  0  0  0  0  0  0  0  0  0  
0  7534  0  0  0  0  0  0  0  0  0  0  0  0  0  0  1  0  2  0  16546  0  759  0  0  0  0  0  0  0  0  0  0  8  251  0  0  89717  0  0  1  0  33583  16  0  0  0  86  0  100497  0  0  0  0  0  0  0  0  23312  105994  806  0  0  0  0  0  0  0  0  0  0  160871  3506  0  0  0  0  0  0  0  0  0  0  0  0  0  0  0  0  0  0  0  0  0  0  0  0  0  0  0  0  0  0  0  0  0  0  0  0  0  0  0  0  0  0  0  0  0  0  0  0  0  0  0  0  0  0  0  0  0  0  0  0  0  0  0  0  0  0  0  0  0  0  0  0  0  0  0  
0  4495  0  2  0  0  0  0  0  0  0  0  0  0  0  0  0  2  3268  0  38  34  442  0  2  179  0  0  0  0  0  0  0  63810  11047  27  81878  0  0  0  11  1  38309  1766  12  0  0  1108  2  6094  22  0  0  1  41  0  12  0  73410  14890  8279  0  0  0  0  1  0  13  0  0  0  170638  269047  2  0  0  0  0  0  0  0  0  0  0  0  0  0  0  0  0  0  0  0  0  0  0  0  0  0  0  0  0  0  0  0  0  0  0  0  0  0  0  0  0  0  0  0  0  0  0  0  0  0  0  0  0  0  0  0  0  0  0  0  0  0  0  0  0  0  0  0  0  0  0  0  0  0  0  
3104  0  0  1  155  1264  0  0  0  0  0  22  21784  34990  18  29  1  66  0  0  0  0  2  3784  0  0  0  0  0  0  4  484  0  0  0  0  0  0  0  1646  1  0  0  0  0  0  16121  1  15291  0  0  5015  76  4  0  0  0  0  0  0  0  2284  75  22353  0  63  0  10  0  73  0  0  8  0  0  0  0  0  0  0  0  0  0  0  0  0  0  0  0  0  0  0  0  0  0  0  0  0  0  0  0  0  0  0  0  0  0  0  0  0  0  0  0  0  0  0  0  0  0  0  0  0  0  0  0  0  0  0  0  0  0  0  0  0  0  0  0  0  0  3  0  0  0  0  0  0  0  0  
201  0  0  170  716  405  1  0  0  1  0  44660  256  46764  338  16  0  29  0  0  0  0  0  29  0  3  0  0  2  0  0  22  0  0  0  0  0  0  895  0  24  0  0  3  14  0  249  0  38774  0  0  4930  1055  28  1  0  0  0  0  0  0  26  0  155  0  22  5  6376  6  3  0  0  0  0  0  0  0  0  0  0  0  0  0  0  0  0  0  0  0  0  0  0  0  0  0  0  0  0  0  0  0  0  0  0  0  1  0  0  0  0  0  0  0  0  0  0  0  0  0  0  0  0  0  0  0  0  0  0  0  0  0  0  0  0  0  0  0  0  0  2  0  0  0  0  0  0  0  0  
70  1  0  24732  453  390  132  206  582  3747  0  47  0  34  238  63  8463  12332  2915  8  2  23  692  8  8  79670  41  0  29  33  1  998  8413  2221  1  23573  0  0  6  713  0  0  10  10640  1486  0  100  48825  38233  0  28  435  372  302  27199  542  332  423  10  1  98  0  23  11  1039  1437  8817  1240  146  29  63  0  18259  17280  0  0  0  2  1  1  2  1  31  1  0  1  0  0  1  0  0  7  2  0  1  0  7  0  0  49  4  0  0  0  11  15  0  0  0  10  0  0  1  0  161  0  0  1  11  3  0  32  2  0  2  3  2  1  0  22  0  0  1  0  7  0  4  0  0  113  18  5  5  0  1  0  10  0  
0  91485  0  2  0  0  0  0  0  0  14865  0  0  0  0  0  0  0  26069  24877  1  82666  0  0  0  0  0  0  0  0  0  0  0  0  0  0  0  0  0  0  0  0  0  32986  112  0  0  2  1  0  9312  0  0  3  2  0  142016  6183  224  0  1812  0  0  0  5  1  0  13  0  0  0  0  1  0  0  0  0  0  0  0  0  0  0  0  55  0  0  0  0  0  0  0  0  0  0  6  0  0  0  0  0  0  0  0  0  0  0  0  0  0  0  0  0  0  0  7  0  0  0  0  0  0  0  0  0  0  0  0  0  0  0  0  0  0  0  0  0  0  0  0  0  0  0  0  0  0  0  0  
0  0  0  0  0  1  0  0  7  7  0  0  0  0  0  0  511  903  7  0  11  1  70280  608  3  91  0  0  0  0  0  305  0  31507  77230  0  26361  41632  0  0  179  0  0  85  1  0  6  14622  13  26072  1  1  0  0  27  0  1  0  1828  75  1122  0  3  90  16  10  1  2  0  0  0  25810  17764  1  0  0  0  0  0  0  0  0  1  0  0  0  0  0  0  0  0  0  0  0  0  0  0  0  0  1  0  0  0  0  0  1  0  0  0  0  0  0  0  0  6  0  0  0  0  0  0  2  0  0  1  0  0  0  0  0  0  0  0  0  1  0  0  0  0  7  0  1  0  0  0  0  1  0  
6  1218  0  1251  67  267  281  673  1198  37986  157870  8  0  7  56  65  23  3400  3704  20140  2  166776  22841  1  137  3456  4  0  28  3749  2  434  1  0  0  0  0  144  1  201  16491  35744  8  0  4485  1  373  648  4466  44  5444  185  81  544  6041  186  20708  66613  1058  122  32907  0  10  3  63536  2498  176  2380  582  15  66  2  6935  14  0  0  0  0  1  0  0  0  8  2  1104  0  0  0  0  0  0  1  0  0  0  37  4  1  0  7  0  0  0  2  1  2  0  0  0  2  0  0  0  0  22  15  0  33  2  2  0  2  0  0  1  1  0  0  0  1  0  0  0  0  3  0  0  0  1  41  1  0  0  0  0  0  0  0  
16  0  39173  59114  73  1262  421  11418  6248  30  0  1004  0  11  124  6643  655  2104  451  1  0  2  4  3  14  11594  12  131514  129615  6  1  204  0  1  0  0  0  2  3  118  984  0  0  253  0  68361  294  4491  14292  0  65  663  142  1277  310  279  1049  46  15  35  60  0  26  1  385  4824  87008  31290  43096  19  1847  0  386  0  1  0  0  0  0  1  0  0  4  0  0  0  0  0  0  0  0  0  0  0  0  0  0  0  0  3  2  0  0  0  0  0  0  0  0  1  0  0  0  0  13  0  0  0  1  1  0  0  0  0  0  0  0  1  0  2  0  0  0  0  0  0  0  0  0  25  2  0  0  0  0  0  0  0  
0  0  46694  13  1  11  6  34045  25408  0  0  0  0  0  0  2667  0  14  6  0  0  0  0  0  0  10  2154  14230  378  48121  0  0  0  0  0  0  0  0  0  1  21  0  0  4  42194  0  0  14  98  0  0  9  2  79  2  58  3  1  0  0  0  0  0  0  17  112  28395  1  112  0  20980  0  2  0  0  0  47  0  0  0  0  16  706  0  0  0  0  0  0  93  0  0  0  0  0  0  0  0  0  0  0  0  0  134  0  0  0  0  0  0  0  0  0  0  0  0  0  0  0  913  0  0  0  0  0  0  0  0  0  0  0  0  0  0  0  0  0  0  0  1  0  0  0  0  1545  0  0  0  
2303  0  1  16  261  3134  0  1  2  7  0  296  22596  787  95  29  45  36210  4  0  1  0  33  36638  0  41  0  0  0  0  320  9572  8  7  89  0  0  0  15805  73  98  0  24  60  10  0  0  542  13571  0  1  990  238  155  4  0  2  0  0  0  1  148  2616  31076  9  96  46  74  52  546  0  0  177  0  0  0  0  0  0  0  0  0  2  0  0  0  0  0  0  0  0  0  0  0  0  0  0  0  0  2  0  0  0  0  0  0  0  0  0  1  0  0  0  0  1  0  0  0  0  0  0  0  0  0  0  0  0  0  0  0  0  0  0  0  0  0  0  0  0  5  1  0  0  0  0  0  0  0  
2  0  0  190  3  51  4  5  109  1058  0  39  1  0  2  4  57692  35421  167  2  0  2  4459  1023  24  390  4  1  26  13  7  3162  42610  5691  64894  1713  36  4244  0  14  35102  0  25966  645  683  3  5224  0  13132  304  44  26  4  16  1445  150  100  24  427  16  183  0  36  9  416  675  1266  44  39  22  16  2495  123752  13975  0  0  0  2  0  2  3  1  49  6  0  0  0  2  0  0  0  9  3  0  1  0  8  0  0  71  5  0  0  0  6  40  0  0  0  19  0  0  0  0  252  0  2  0  7  7  2  35  13  0  1  7  1  3  0  17  0  0  0  0  5  0  2  0  0  251  13  8  1  0  8  0  7  0  
9473  0  333  80020  7018  8266  320  338  416  2649  0  31489  813  18812  3017  703  23061  52606  10087  4  0  2  40  788  22  1437  6  0  304  11  32  9672  347  1  4  0  0  0  14054  43666  40134  1  7  1817  21527  0  14118  5277  0  0  52  16927  7080  6598  1020  258  4340  1155  5  9  25  271  693  2923  560  3004  2458  32896  5246  786  26  0  910  5  0  0  0  1  0  4  0  0  8  0  0  0  0  0  0  0  0  0  0  0  0  0  2  0  0  14  2  0  0  0  2  21  0  0  0  1  0  0  0  0  35  0  1  0  1  1  0  5  4  0  0  3  0  0  0  6  0  0  0  0  1  0  0  1  0  191  7  1  0  0  4  0  2  0  
0  0  0  0  0  0  0  0  0  0  0  0  0  0  0  0  11  4  1  0  61492  1  45379  0  4  5  0  0  0  0  0  4  0  0  436  0  88893  23367  0  0  13  0  43419  107  1  0  0  877  0  0  1  0  0  0  15  0  1  1  13819  52942  14740  0  0  0  5  0  0  0  0  0  0  13397  24854  0  0  0  0  0  0  0  0  0  0  0  0  0  0  0  0  0  0  0  0  0  0  0  0  0  0  0  0  0  0  0  0  0  0  0  0  0  0  0  0  0  1  0  0  0  0  0  0  0  0  0  0  0  0  0  0  0  0  0  0  0  0  0  0  0  0  0  0  0  0  0  0  0  0  0  
0  50815  0  27  0  3  1  6  1  0  0  0  0  0  0  0  0  8  538  0  10407  24113  2  0  4  4  0  0  0  0  0  0  0  0  0  0  0  3  0  0  3  3743  0  4734  135  0  1  5  12  0  0  0  1  4  62  1  2821  7  10709  493  42967  0  0  0  3  6  2  56  5  0  0  0  74  0  0  0  0  0  0  0  0  0  0  0  0  0  0  0  0  0  0  0  0  0  0  18  0  0  0  0  0  0  0  0  0  0  0  0  0  0  0  0  0  0  0  0  0  0  0  0  0  0  0  0  0  0  0  0  0  0  0  0  0  0  0  0  0  0  0  0  0  0  0  0  0  0  0  0  
21714  0  0  61  7996  10204  132  156  14  6  0  48689  3  57855  140749  651  7  666  111  0  0  0  0  322  5  225  0  0  5009  3  0  332  0  0  0  0  0  0  9271  15287  90  0  0  16  535  0  939  22  9620  0  14  0  42998  37891  163  21  229  12  4  0  5  9863  23  502  26  829  441  47354  1098  55  1  0  36  0  0  0  0  0  0  0  0  0  0  0  0  0  0  0  0  0  0  0  0  0  0  0  0  0  0  0  0  0  0  0  0  3  0  0  0  0  0  0  0  0  1  0  0  0  0  0  0  0  1  0  0  0  0  0  0  0  0  0  0  0  0  0  0  0  0  35  0  0  0  0  0  0  0  0  
24871  0  0  1  20204  4645  10  0  1  0  0  24  0  71  113833  11596  3  155  0  0  0  0  0  15  0  7  0  0  0  0  2  276  0  0  0  0  0  0  18  737  11  0  0  1  4  0  51  4  2014  0  0  75137  0  12367  3  1  4  1  0  0  0  4  6  35  6  232  38  37  15  14  0  0  8  0  0  0  0  0  0  0  0  0  0  0  0  0  0  0  0  0  0  1  0  0  0  0  0  0  0  0  0  0  0  0  0  1  0  0  0  0  0  0  0  0  1  0  0  0  1  0  0  0  0  0  0  0  0  0  0  1  0  0  0  0  0  0  0  0  0  23  0  0  0  0  0  0  0  0  
148  0  2  900  875  16502  8386  20620  827  0  0  12  0  8  129319  144632  4  430  112  0  0  0  2  1  12  1774  11  1  798  6  0  68  0  0  0  0  0  0  0  172  202  0  0  43  2506  2  144  65  8364  0  30  61025  14560  0  565  75  136  24  3  5  9  0  8  4  220  3151  3132  30115  51694  11  50  0  193  0  0  0  0  0  0  2  0  0  0  0  0  0  0  0  0  0  0  0  0  0  0  0  0  0  0  0  0  0  0  0  0  1  0  0  0  0  0  0  0  0  1  0  0  0  1  0  0  0  0  0  0  0  0  0  0  0  0  0  0  0  0  0  0  0  0  23  1  0  0  0  0  0  0  0  
0  0  0  73  3  56  148  159  2890  29  0  0  0  1  3  4  17  748  1513  4  0  35  159  0  39053  62592  241  0  26  92  1  67  3  38  0  1889  0  5  0  5  19423  1  3  8233  340  0  14  363  873  3  39  14  2  107  0  6670  1460  302  25  3  321  0  4  2  5362  709  840  1733  43  1  297  0  62373  24  0  0  0  0  0  1  0  0  1  0  0  0  0  0  0  0  0  0  0  0  0  0  0  0  0  3  0  0  0  0  1  1  0  0  0  1  0  0  0  0  9  0  0  0  1  0  0  0  1  0  0  0  0  0  0  1  0  0  0  0  0  0  0  0  0  8  0  0  0  0  0  0  0  0  
0  0  0  13  2  48  87  68  7756  4  0  0  0  1  2  4  22  452  1880  20106  0  2  2  0  103711  46375  171988  50  889  3689  0  82  2  0  0  0  0  0  0  4  1400  0  0  2389  5947  25  10  423  815  0  19  36  2  156  19673  0  2285  21674  16  4  24  0  3  0  41887  1793  48232  1851  635  3  49187  0  8171  0  0  0  0  0  0  0  0  0  0  0  0  0  0  0  0  0  0  0  0  0  0  0  0  0  0  1  0  0  0  0  0  0  0  0  0  0  0  0  0  0  1  0  0  0  0  0  0  0  0  0  0  0  0  0  0  2  0  0  0  0  0  0  0  0  0  7  1  0  0  0  1  0  0  0  
1  78630  0  48  1  5  2  0  10  1  342  0  0  0  5  1  1  31  271211  303  0  35927  2  0  10272  4  1  0  3  0  0  6  0  0  0  0  0  2  0  0  149  119969  0  16618  1035  0  0  35  201  0  9904  19  2  74  65  877  0  22752  33759  15  6299  0  0  0  4725  16  18  6896  1  0  0  0  24992  1  0  0  0  0  0  0  0  0  0  0  0  0  0  0  0  0  0  0  0  0  0  0  0  0  0  0  0  0  0  0  0  0  0  0  0  0  0  0  0  0  2  0  0  0  0  0  0  0  0  0  0  0  0  0  0  0  0  0  0  0  0  0  0  0  0  1  0  0  0  0  0  0  0  0  
0  1011  0  66  2  3  5  4  46  2  51744  0  0  0  2  0  1  38  119477  90371  0  5067  2  0  9067  77  6  0  0  1  0  0  0  0  0  0  0  0  0  0  48  10615  0  49185  1216  0  1  43  145  0  2239  10  0  34  267  20859  36642  0  479  1  676  0  0  0  37201  28  40  854  4  0  5  0  519  0  0  0  0  0  0  0  0  0  0  0  0  0  0  0  0  0  0  0  0  0  0  0  0  0  0  0  0  0  0  0  0  0  0  0  0  0  0  0  0  0  0  0  0  0  0  0  0  0  0  0  0  0  0  0  0  0  0  0  0  0  0  0  0  0  0  0  0  0  0  0  0  0  0  0  
0  57559  0  187  0  12  9  5  4  1  0  0  0  0  3  0  1  14  47698  2  1153  2433  259  0  52  17  1  0  0  0  0  0  0  0  3  0  20564  85120  0  1  61  55  32  7350  1724  0  1  51  43  157  28819  1  0  55  143  2  26312  57  0  45282  20960  0  0  0  48  44  7  637  26  0  0  43  38648  0  0  0  0  0  0  0  0  0  1  0  0  0  0  0  0  0  0  0  0  0  0  0  0  0  0  0  0  0  0  0  0  0  0  0  0  0  0  0  0  0  0  0  0  0  0  0  0  0  0  0  0  0  0  0  0  0  0  0  0  0  0  0  0  0  0  0  0  0  0  0  0  0  0  0  
0  23859  0  30  0  0  0  3  0  1  0  0  0  0  0  0  1  7  41  0  80345  59  710  0  10  7  0  0  0  0  0  1  0  0  29  0  97269  24000  1  0  9  0  104  3756  229  0  0  33  17  51562  10785  1  0  16  167  2  32  1  44845  0  37981  0  0  0  5  15  2  76  2  0  0  30961  8505  0  0  0  0  0  0  0  0  0  0  0  0  0  0  0  0  0  0  0  0  0  0  0  0  0  0  0  0  0  0  0  0  0  0  0  0  0  0  0  0  0  0  0  0  0  0  0  0  0  0  0  0  0  0  0  0  0  0  0  0  0  0  0  0  0  0  0  0  0  0  0  0  0  0  0  
0  14190  0  157  0  12  11  24  47  21  929  0  0  0  3  1  3  65  430  56  98457  175300  59117  1  209  34  0  0  0  0  0  10  0  0  11  0  349  17404  0  0  112  4584  308  39062  1019  0  4  79  113  12205  50341  3  0  77  2907  9  4416  1345  18010  35339  0  0  0  0  66  41  8  1436  40  0  1  122  13322  0  0  0  0  0  0  0  0  0  1  0  11  0  0  0  0  0  0  0  0  0  3  12  0  0  0  0  0  0  0  0  0  0  0  0  0  0  0  0  0  0  2  0  0  3  0  0  0  1  0  0  17  0  0  0  0  0  0  0  0  0  8  0  0  0  0  0  1  0  0  0  0  0  0  0  
19345  0  0  0  2  18  0  0  0  0  0  0  7792  8114  21254  0  0  1  0  0  0  0  0  34972  0  0  0  0  0  0  0  5  0  0  0  0  0  0  4501  12  0  0  0  0  0  0  35  0  46  0  0  14676  5  0  0  0  0  0  0  0  0  0  0  12074  0  0  0  1  0  0  0  0  0  0  0  0  0  0  0  0  0  0  0  0  0  0  0  0  0  0  0  0  0  0  0  0  0  0  0  0  0  0  0  0  0  0  0  0  0  0  0  0  0  0  0  0  0  0  0  0  0  0  0  0  0  0  0  0  0  0  0  0  0  0  0  0  0  0  0  1  0  0  0  0  0  0  0  0  
2  0  0  0  1  5831  0  0  4  4  0  0  47  10  1  0  1  2125  0  0  1  0  41  64501  0  29  0  0  0  1  52672  61531  0  0  0  0  0  0  206  1  89  0  8  61  0  0  8634  37  38  0  1  1  1  0  8  0  1  0  0  0  1  1  0  18355  9  5  0  1  0  17938  0  0  170  1  0  0  0  0  0  0  1  0  3  0  0  0  0  0  0  0  0  1  0  0  0  0  0  0  0  1  0  0  0  0  5  1  0  0  0  0  0  0  0  0  2  0  0  0  0  0  0  0  1  0  0  0  0  0  0  0  0  0  0  0  1  0  0  0  0  1  1  0  0  0  0  0  1  0  
7454  0  0  1  720  5561  0  0  1  1  0  41  9130  8168  39  229  3  691  1  0  0  0  10  144761  0  6  0  0  0  0  91  5037  0  2  11  0  0  0  37838  186  18  0  41  14  2  0  38973  11  2632  0  0  591  165  6  1  1  0  0  0  0  0  18249  8056  0  1  305  0  14  2  2433  0  0  60  0  0  0  0  0  0  0  0  0  0  0  0  0  0  0  0  0  0  0  0  0  0  0  0  0  0  1  0  0  0  0  0  1  0  0  0  1  0  0  0  0  0  0  0  0  0  0  0  0  0  0  0  0  0  0  0  1  0  0  0  0  0  0  0  0  0  22  0  0  0  0  0  0  0  0  
1  39  0  216  2  101  504  186  10208  1175  72829  2  0  0  4  1  26  1288  23449  118084  0  1049  11  1  1113  967  62406  3  214  146572  0  231  0  0  0  0  0  0  0  26  1475  510  2  66067  4592  2  66  661  1476  0  1182  80  3  215  5410  21182  24254  41736  490  17  804  0  3  0  0  5208  697  1241  100  8  26970  0  5635  0  0  0  0  0  0  0  0  0  4  1  1634  0  0  0  0  0  0  0  1  37  0  0  0  0  0  5  0  0  1  87  0  0  0  0  0  2  0  0  0  0  9  0  0  0  1  0  0  1  0  0  0  1  0  0  0  1  0  0  0  0  0  0  0  0  5  20  1  1  0  0  0  0  1  0  
135  0  2  134  55  81698  42311  35705  63497  64901  0  12  0  13  44  1421  92  7684  575  1  0  5  22  65  11  1600  52  1  356  10797  1  20779  7  0  0  0  0  0  9  79  3395  0  15  3913  2326  6  183  1867  6705  0  28  617  76  764  1669  727  166  49  5  0  5  1  36  341  10364  0  1372  641  881  48  88  0  3553  109  231  0  1  2  36  3907  368  592  787  36  1  0  0  3  12  30  2  35  2  0  0  17  17  5  0  105  17  0  49  12  10  720  0  0  0  22  0  0  12  0  331  0  0  0  614  45  7  10  19  0  2  23  29  28  0  167  0  0  0  0  6  20  11  11  5  79599  142  1  16  14  433  0  102  0  
1  0  10863  10617  8  450  591  94  5237  4  0  0  0  1  21  330  105  937  273  2  0  0  1  1  20  151242  61618  82726  1286  6844  0  128  1  0  0  0  0  0  0  1  8345  0  0  958  53417  28888  6  1149  2040  0  7  43  8  549  3485  57206  74  260  2  4  6  0  3  1  1690  6958  0  1338  3832  3  20071  0  96  0  0  0  0  0  0  0  0  0  2  0  0  0  0  0  0  0  0  0  0  0  0  0  1  0  0  3  0  0  0  0  0  0  0  0  0  1  0  0  0  0  4  0  0  0  2  0  0  0  0  0  0  1  0  0  0  1  0  0  0  0  0  0  0  0  0  12  0  1  0  0  1  0  0  0  
131  0  0  22557  404  1351  259  21  178  3  0  38735  0  119  42264  100  4  762  394  0  0  2  3  8  24  1581  4  0  73975  1  0  154  0  0  0  0  0  0  45  2271  181  0  0  41  62636  2  1406  17  25487  0  76  63617  395  23210  1082  85  1022  46  6  11  26  6  20  11  68  697  2687  0  21008  21  95  0  278  0  0  0  0  0  0  1  0  0  0  0  0  0  0  0  1  0  0  0  0  0  0  0  0  0  0  0  0  0  0  0  0  0  0  0  0  0  0  0  0  0  0  0  0  0  0  0  0  0  0  0  0  0  2  1  0  0  0  0  0  0  0  0  0  0  0  37  0  0  1  0  0  0  0  0  
15  0  8650  1588  123  1988  2211  26264  2449  6  0  18  0  13  11458  28928  66  524  271  0  0  0  1  2  2  1082  4  10  83958  0  0  78  1  0  0  0  0  0  2  181  253  0  0  28  39207  108  42  652  3023  0  2  2077  174  62958  81  94  366  30  0  0  3  0  2  4  56  4191  8311  19122  0  5  1720  0  82  0  0  0  0  0  0  0  0  0  1  0  0  0  0  0  0  0  0  0  0  0  0  0  1  0  0  2  0  0  0  0  0  1  0  0  0  0  0  0  0  0  1  0  0  0  1  0  0  0  0  0  0  0  0  0  0  3  0  0  0  0  0  0  0  0  0  11  1  0  0  0  1  0  0  0  
13833  0  0  0  14426  73548  0  0  0  2  0  1  0  10  3  25626  2  442  0  0  0  0  18  28725  0  20  0  0  0  0  61109  39645  0  0  0  0  0  0  17  4  52  0  0  30  0  0  367  19  85  0  0  16  4  1  3  0  0  0  0  0  0  0  16653  5227  2  26  0  1  0  0  0  0  94  0  0  0  0  1  0  379  0  0  0  0  0  0  0  0  0  203  0  0  0  0  0  0  0  6  0  2  0  0  0  0  835  108  0  0  0  2  0  0  0  0  2  0  0  0  0  0  0  0  0  0  0  0  0  0  0  0  0  0  0  0  1  0  4  0  0  11  0  0  0  314  0  0  0  0  
0  0  1  8  0  16  13  25  65032  7  0  0  0  0  1  4  6  190  414  193  0  0  0  0  10  445  9771  15  130  74720  0  23  0  0  0  0  0  0  0  2  611  0  0  123  1019  21800  3  360  246  0  3  8  0  74  304  38565  268  30  1  0  5  0  0  0  15794  1340  17537  43  176  1  0  0  79  2  0  0  0  0  0  0  0  0  788  6  7  0  0  0  0  0  0  0  0  0  0  0  0  0  0  0  0  0  1  4165  1  0  0  0  0  0  0  0  0  0  2  0  0  0  0  4  0  0  1  0  0  1  0  0  0  0  0  0  0  0  0  0  0  0  1  4  1  1  0  0  29031  0  0  0  
0  0  0  0  0  0  0  0  0  0  0  0  0  0  0  0  0  1  0  0  1  0  153  0  0  1  0  0  0  0  0  0  0  64  8986  0  200987  165191  0  0  1  0  15354  17  0  0  0  553  0  18435  0  0  0  0  2  0  0  0  5498  30775  1247  0  0  0  0  0  0  2  0  0  0  0  24076  0  0  0  0  0  0  0  0  0  0  0  0  0  0  0  0  0  0  0  0  0  0  0  0  0  0  0  0  0  0  0  0  0  0  0  0  0  0  0  0  0  0  0  0  0  0  0  0  0  0  0  0  0  0  0  0  0  0  0  0  0  0  0  0  0  0  0  0  0  0  0  0  0  0  0  
1  15  0  252  4  88  67  46  323  212  1  1  0  0  48  6  257  6657  66370  233  25  156  10405  7  166286  8440  0  0  11  38  3  2478  6124  95689  30771  4295  924  303699  0  7  9402  6  32528  18993  3668  0  42  126974  1169  12143  2611  25  3  668  90054  11998  20666  514  31209  5980  24196  0  43  13  8803  335  32  15594  47  27  13  19330  0  3382  0  0  1  3  0  1  3  0  14  1  0  0  0  0  0  0  0  2  0  0  0  0  1  0  0  17  1  0  0  1  7  15  0  0  0  6  0  0  0  0  79  0  0  0  3  3  0  9  2  0  1  1  0  0  0  8  0  0  0  0  3  0  1  0  1  53  5  2  0  0  1  0  3  0  
0  0  0  29  1  0  0  0  2  159  0  0  0  0  0  0  12  354  2  0  0  0  9  1  0  74  0  0  0  1  0  13  58066  13444  10  29707  0  0  0  0  13881  0  0  83  19  0  0  22960  274  0  0  1  0  0  141  1  3  0  0  0  0  0  0  0  5  40  0  2  0  0  0  0  6786  0  0  0  0  0  0  0  1  0  1  1  0  0  0  0  0  0  0  0  0  0  0  0  0  0  0  0  0  0  0  0  0  1  0  0  0  0  0  0  0  0  9  0  0  0  0  0  0  1  0  0  0  0  0  0  0  0  1  0  0  0  1  0  0  0  0  12  1  0  0  0  0  0  1  0  
0  0  0  0  0  4  0  1  0  0  0  0  0  0  0  0  0  0  0  0  0  0  0  0  0  0  0  0  0  0  42  1  0  0  0  0  0  0  0  0  0  0  0  0  0  0  0  0  0  0  0  0  0  0  0  0  0  0  0  0  0  0  0  0  0  4  0  0  0  16  0  0  0  0  0  0  0  3  34091  9326  24  2  38  0  0  21  742  1033  8282  11678  0  11  0  0  0  0  3  73323  0  5  6  0  0  0  17277  1537  0  0  0  0  0  0  12813  0  49  0  0  0  44  2  1048  0  1236  0  1  5500  49027  29  0  140  0  0  0  0  1  49571  821  2934  3  955  6  7  2  14582  22  0  2  0  
0  0  0  0  0  0  0  0  0  0  0  0  0  0  0  0  0  0  0  0  0  0  1  0  0  0  0  0  0  0  0  0  0  0  0  0  0  0  0  0  0  0  0  0  0  0  0  0  0  0  0  0  0  0  0  0  0  0  0  0  0  0  0  0  0  0  0  0  0  0  0  0  0  0  0  0  0  2  0  0  0  0  1  1  0  0  0  0  0  0  0  0  109468  0  58137  1  0  0  0  1  0  0  0  0  0  0  0  0  0  0  330  1063  0  0  3  39975  0  4  0  0  0  1  2  0  57950  0  0  0  0  0  2205  0  32350  29705  1232  0  0  0  0  1  1  1  0  0  0  127  61  0  
0  0  286  0  0  0  0  158  4  0  0  0  0  0  0  161  0  0  0  0  0  0  0  0  0  0  0  0  0  0  0  0  0  0  0  0  0  0  0  0  0  0  0  0  0  57  0  0  0  0  0  0  0  0  0  0  0  0  0  0  0  0  0  0  0  0  0  0  0  0  0  0  0  0  0  0  0  0  0  0  82  2918  16  0  0  0  0  0  0  78806  0  0  0  0  0  0  0  0  0  0  17295  21626  45749  10187  0  0  0  0  0  0  0  0  0  0  2  0  0  0  68539  70567  0  0  0  0  0  0  0  0  0  0  0  0  0  0  0  0  0  0  0  2  21294  0  58  0  13  0  0  0  
0  0  0  0  0  0  0  0  0  0  0  0  0  0  0  0  0  0  0  0  0  0  0  0  0  0  0  0  0  0  0  0  0  0  0  0  0  0  0  0  0  0  0  0  0  0  0  0  0  0  0  0  0  0  0  0  0  0  0  0  0  0  0  0  0  0  0  0  0  0  0  0  0  0  1  0  1  0  9  43  113  25  537  18  0  65560  0  12  13  3  90  278  17  0  0  0  6  1  1  86259  40  20230  21680  1  0  6  3504  119  42  816  0  0  11  10  19357  0  0  2  18370  79  100  159  90375  0  1  108  13  47  122  2252  8  2  1  0  1  4  2  4  43  419  394  21998  226  0  472  0  47  1  
0  0  0  0  1  1  1  0  1  0  0  0  0  0  0  2  0  0  0  0  0  0  0  0  0  0  0  0  0  0  0  0  0  0  0  0  0  0  0  0  0  0  0  0  0  0  0  0  0  0  0  0  0  0  0  0  0  0  0  0  0  0  0  0  0  29  0  0  0  0  0  0  0  0  24057  0  0  4  0  50903  211  45  408  4  0  86  0  530  16358  85855  1  21  7  0  0  0  10  13  1  73  85  1  4  0  6  1176  0  0  0  26  0  0  596  0  150  0  0  5  61  40  1275  0  1824  0  0  2264  101951  462  1  2315  2  2  0  0  0  2221  41  309  26  1142  359  17  56  6411  169  0  23  0  
1  0  0  0  5  2162  46  4  0  0  0  0  0  0  0  493  0  6  0  0  0  0  1  0  0  0  0  0  0  0  13  195  0  0  0  0  0  0  0  0  0  0  0  0  0  0  0  0  2  0  0  1  0  0  0  0  0  0  0  0  0  0  0  0  0  3325  0  0  0  155  0  0  0  0  7654  0  0  7  98497  0  60500  2133  562  1  0  471  1  538  20013  137064  1  173  8  0  1  0  40  29981  0  50  24  0  3  0  1123  39799  0  0  0  11  0  0  216  0  179  0  0  4  143  486  738  0  1045  0  1  3337  12008  18194  0  828  1  0  1  0  1  158  14576  10330  7  108835  101  27  222  39306  121  0  155  0  
0  0  0  0  0  83  1019  28  1  0  0  0  0  0  0  696  0  0  0  0  0  0  0  0  0  0  0  0  0  0  0  0  0  0  0  0  0  0  0  0  2  0  0  0  0  0  0  0  0  0  0  0  0  0  0  0  0  0  0  0  0  0  0  0  0  105  0  0  0  0  0  0  0  0  16  0  1  23  106  75410  0  65185  7081  3  0  45  0  37  2403  86059  1  57  4  0  0  0  16  1  0  241  24  0  139  1  0  51  0  0  0  15  0  0  4  0  171  0  0  1  231  1539  107  3  233  0  2  2101  530  65736  1  3250  3  1  1  0  4  10  14  2  38  44530  89  263  1797  0  4847  0  86  0  
0  0  2  0  0  11  449  6926  1435  0  0  0  0  0  0  2430  0  0  0  0  0  0  0  0  0  0  0  0  0  6  0  0  0  0  0  0  0  0  0  0  1  0  0  0  0  24  0  0  1  0  0  0  0  0  2  1  0  0  0  0  0  0  0  0  0  694  0  0  0  0  3  0  3  0  1  0  342  8  2  788  55936  0  24437  0  0  0  0  1  10  88318  4  398  9  0  0  0  177  10  1  82  10  0  28943  9  0  4  0  0  0  10  1  0  0  0  588  0  2  0  11882  38034  20  8  114  0  3  7  13  5179  0  878  6  2  3  3  8  0  41  2  65  44971  50  7  73818  0  858  0  416  0  
0  0  9  0  0  0  6  110  13030  29  0  0  0  0  0  18  0  1  0  0  0  0  0  0  0  0  0  0  0  4254  0  1  0  0  0  0  0  0  0  0  0  0  0  3  0  474  0  3  0  0  0  0  0  0  1  0  0  0  0  0  0  0  0  0  2  431  0  0  0  0  1855  0  0  0  0  0  43  93  6  17  10746  17544  0  13169  0  9  0  3  36  157  1  65  122  0  0  0  35  1  8  1675  188  0  16  4481  0  3  0  0  0  488  6  4  1  0  2627  0  1  3026  155  24989  13  10  361  0  3  26  38  143  0  536  94  9  6  7  67  0  3  0  1317  55693  782  75  107  0  41189  0  160  0  
0  0  0  0  0  0  0  0  221  40  0  0  0  0  0  0  0  1  0  0  0  18  0  0  0  0  0  0  0  1160  0  2  0  0  0  0  0  0  0  0  3  0  0  2  0  0  0  2  0  0  0  0  0  0  2  0  0  0  0  0  0  0  0  0  2  44  0  0  0  0  43  0  3  1  0  0  0  161  6  5  15  8  19782  0  1  3  0  7  5  0  8  40  79  0  2  940  4076  2  7  3220  56  1  9  8711  1  7  0  0  0  485  53  5  1  0  3204  0  2  19752  93  86  25  105  412  0  21  11  10  33  0  310  14  2  26  103  893  1  1  0  311  17128  248  37  24  0  5053  3  99  0  
0  0  0  0  0  0  0  0  0  2  13986  0  0  0  0  0  0  0  0  2592  0  2999  0  0  0  0  2  0  0  5851  0  0  0  0  0  0  0  0  0  0  0  14  0  818  0  0  0  0  0  0  0  0  0  0  0  0  0  0  0  0  11  0  0  0  509  3  0  0  0  0  0  0  0  0  0  0  0  0  0  0  0  0  0  12  0  0  0  0  0  0  0  0  121  94431  0  16912  0  0  0  0  6  0  0  6225  0  0  0  0  0  0  0  0  0  0  2  27237  0  113834  0  0  0  0  0  0  0  0  0  0  0  0  58  27596  0  0  2  0  0  0  50715  0  0  0  0  0  0  0  0  0  
0  0  0  0  0  0  0  0  0  0  0  0  0  0  0  0  0  0  0  0  0  0  0  0  0  0  0  0  0  0  0  0  0  0  0  0  0  0  0  0  0  0  0  0  0  0  0  0  0  0  0  0  0  0  0  0  0  0  0  0  0  0  0  0  0  1  0  0  0  0  0  0  0  0  15  0  0  83641  135  336  62  1  36  1  0  0  110  29232  329  1  334  5226  2  0  0  0  4  239  0  443  1  3  740  0  1  23  1925  155  812  5  0  0  1373  26845  20  0  0  1  96  2  367  127  63542  0  0  18999  117  6  0  145  1  0  0  0  0  0  6  1  5  528  8  51289  8  0  21  0  6  1  
0  0  0  0  0  0  0  0  0  0  0  0  0  0  0  0  0  0  0  0  0  0  0  0  0  0  0  0  0  0  0  0  0  0  0  0  0  0  0  0  0  0  0  0  0  0  0  0  0  0  0  0  0  0  0  0  0  0  0  0  0  0  0  0  0  0  0  0  0  0  0  0  0  0  584  0  0  0  2  39  2  1  0  0  0  102  0  10960  677  0  0  15  0  0  0  0  0  30147  0  0  0  0  0  0  4  14  0  1  6  0  0  0  29068  2  7  0  0  0  2  0  27935  0  14  0  0  9  2  0  0  3  0  0  0  0  0  24342  734  11858  0  4  0  0  0  0  1  0  1  0  
0  0  0  0  0  0  0  0  0  0  0  0  0  0  0  0  0  0  0  0  0  0  0  0  0  0  0  0  0  0  0  0  0  0  0  0  0  0  0  0  0  0  0  0  0  0  0  0  0  0  0  0  0  0  0  0  0  0  0  0  0  0  0  0  0  8  0  0  0  0  0  0  0  0  1515  0  0  10  1325  1156  60  2  54  2  0  50138  10781  0  6238  5  0  83  1  0  0  0  3  549  0  13  8  0  4  0  0  68  0  0  0  3  0  0  53377  17082  16  0  0  0  12  5  6110  0  33162  0  0  67139  828  43  0  263  0  0  0  0  0  9605  11  11  2  803  25  365  4  0  32  0  3  0  
0  0  0  0  0  2  0  0  0  0  0  0  0  0  0  0  0  0  0  0  0  0  0  0  0  0  0  0  0  0  0  0  0  0  0  0  0  0  0  0  0  0  0  0  0  0  0  0  0  0  0  0  0  0  0  0  0  0  0  0  0  0  0  0  0  13  0  0  0  0  0  0  0  0  9695  0  0  15  13441  16748  808  21  139  1  0  269  3223  13379  0  16134  0  37  6  0  0  0  4  14845  0  54  16  0  31065  0  0  53  0  0  0  17  0  0  3  0  75  0  0  6  1308  8  53  1  216  0  0  250169  327893  106984  4  1251  3  2  0  0  1  26862  2  4  26  776  142  37263  39542  0  103  0  23  0  
0  0  47  0  7  754  51  3725  10  0  0  0  0  0  0  4562  0  0  0  0  0  0  0  0  0  0  0  0  0  0  268  107  0  0  0  0  0  0  0  0  0  0  0  0  0  43  0  0  0  0  0  0  0  0  0  0  0  0  0  0  0  0  0  0  0  6  0  0  0  329  0  0  0  0  13869  0  56568  4  112357  158109  117967  91733  169  0  0  4  0  2  22919  0  1  12  3  0  0  0  5  2628  0  50  9  38  55963  47  10742  74  0  0  0  1  0  0  5  0  27  0  0  0  14453  10344  10  0  81  0  0  50  14400  158464  1  451  0  0  0  0  1  2  325  338  12  346  51  35  41015  56603  165  0  11  0  
0  0  0  0  0  0  0  0  0  4  0  0  0  0  0  0  0  4  0  0  0  0  1  0  0  0  0  0  0  0  0  1  0  0  0  0  0  0  0  0  1  0  0  1  0  0  0  0  0  0  0  0  0  0  1  0  0  0  0  0  0  0  0  0  0  4  0  0  0  0  0  0  1  0  0  0  0  119  0  4  12  2  124  30  0  574  0  0  1  0  0  71128  3  0  1  0  27587  1657  2  425  11  2  35  0  4  19  4368  1  24286  39  1  3  0  0  11785  0  6034  8  1353  18  1004  46239  11208  3  4  1  1  3  0  520  1  0  1  1  10  0  46  12  16  194  63  2  25  0  129  1  126  0  
0  0  0  0  0  0  0  0  1  10  0  0  0  0  0  0  0  2  0  0  0  0  1  0  0  0  0  0  0  0  0  0  0  0  0  0  0  0  0  0  2  0  0  0  0  0  0  2  0  0  0  0  0  0  0  0  0  0  0  0  0  0  0  0  2  12  1  0  0  0  0  0  2  0  32  0  0  375  75  270  291  9  419  33  0  3745  1  149  210  3  52356  0  5  0  2  1  29392  30173  0  331  31  0  27  0  45  184  694  9  5313  57  0  0  4  99  2651  0  2655  4  1256  63  35795  1765  39770  5  6  143  96  42  0  2100  9  2  1  0  20  7  1175  361  39  492  99  5  77  0  282  0  199  0  
0  0  0  0  0  0  0  0  0  0  0  0  0  0  0  0  0  1  0  0  0  0  0  0  0  0  0  0  0  0  0  0  0  0  0  0  0  0  0  0  0  0  0  0  0  0  0  0  1  0  0  0  0  0  0  0  0  0  0  0  0  0  0  0  0  3  0  0  0  0  0  0  0  0  9  108975  0  343  16  22  111  27  77  0  211  29  0  21  53  8  2  55  0  14529  462  4943  2  2  27523  543  46  18  36  0  0  4  0  0  0  14  25  5064  4  0  197  55163  2  24380  692  15  71  20  1421  0  31219  109  187  248  0  23283  262749  147621  29957  75  17855  5  3  2  1751  109  27  1837  43  0  87  3292  66664  0  
0  0  0  0  0  0  0  0  0  0  75  0  0  0  0  0  0  0  0  7  0  0  0  0  0  0  9  0  0  157  0  0  0  0  0  0  0  0  0  0  0  0  0  0  0  0  0  0  0  0  0  0  0  0  0  0  0  0  0  0  0  0  0  0  22  0  0  0  0  0  1  0  0  0  0  0  0  0  0  0  0  0  1  0  88823  0  0  0  0  0  0  0  17244  0  0  10  0  0  925  0  26982  0  0  6742  0  0  0  0  0  0  0  0  0  0  0  36041  0  41995  0  0  0  0  0  0  6  0  0  0  0  31362  4234  79244  0  0  20  0  0  0  32616  0  0  0  0  0  25  0  0  0  
0  0  0  0  0  0  0  0  0  4  0  0  0  0  0  0  0  5  0  0  0  20  5  0  0  1  0  0  0  0  0  1  0  0  0  0  0  0  0  0  25  0  0  4  0  0  0  16  7  0  3  0  0  0  5  0  2  0  0  0  2  0  0  0  1  3  0  0  0  0  0  0  13  0  0  58192  0  12  0  0  1  0  30  4  0  0  0  0  0  1  0  2  564  0  0  1253  33036  3  1  59  2  0  0  0  52  196  0  1  3  17  19008  215  1  0  173  2849  339  8  2  5  1  47  34  72519  38963  0  1  2  0  37  14  0  21841  138198  153979  0  9  0  0  39  4  0  0  0  7  115  4852  1  
0  6  0  0  0  0  0  0  0  66  643  0  0  0  0  0  0  1  0  1  1  3742  1  0  0  1  0  0  0  217  0  1  0  0  0  0  0  0  0  0  8  15  0  80  0  0  0  2  3  0  1  0  0  0  0  0  0  0  0  0  2  0  0  0  1  65  0  0  0  0  0  0  5  0  0  4  0  5  0  0  0  0  20  831  9207  1  0  1  0  0  0  3  5686  36  1736  0  14590  5  1  51  0  0  1  2328  19  68  0  0  0  14  0  0  0  0  103  73757  2  164066  4  3  0  9  4  0  11580  1  1  3  0  16  8440  43  52  2  128354  0  1  0  195  27  4  7  1  0  4  0  54  0  
0  0  0  0  0  0  0  0  0  13  0  0  0  0  0  0  0  8  0  0  0  1  1  0  0  1  0  0  0  1  0  3  0  0  0  0  0  0  0  0  8  0  0  3  0  0  0  12  3  0  0  0  0  0  2  0  1  0  0  0  1  0  0  0  2  14  0  0  0  0  0  0  12  0  0  0  0  99  2  3  18  5  652  3076  0  13  0  2  3  2  15647  32208  60  0  30927  8660  0  6742  28  1851  36  1  5  0  62  349  0  2  42370  349  1109  43  0  0  2522  1  92431  15876  43  111  139  2829  239  46100  85  5  4  19  0  574  52  1  51  1169  107207  0  491  8  101  332  163  14  10  0  375  3  5706  7  
0  0  0  0  0  1  0  0  0  4  0  0  0  0  0  0  0  2  0  0  0  0  1  3  0  0  0  0  0  0  248  4  0  0  0  0  0  0  0  0  1  0  0  0  0  0  1  3  1  0  0  0  0  0  0  0  0  0  0  0  0  0  2  0  0  2  0  0  0  12  0  0  0  0  70296  0  0  3  164  13887  17  0  34  0  0  281  54446  955  17309  2085  1223  37143  0  0  1  4  13418  0  1  18  2  0  3  0  44006  4279  4  387  621  7  0  0  27232  0  626  0  967  0  102  4  84832  111  170  0  0  48  15  5  0  163  0  0  0  0  3  47800  115848  210599  1  132  13  4  7  13509  28  0  73  0  
0  0  0  0  0  0  0  0  0  0  0  0  0  0  0  0  0  0  0  0  0  0  0  0  0  0  0  0  0  2  0  0  0  0  0  0  0  0  0  0  0  0  0  0  0  0  0  0  0  0  0  0  0  0  0  0  0  0  0  0  0  0  0  0  0  0  0  0  0  0  0  0  1  0  1  0  0  29  5  3  8  2  67  0  0  1  0  1  4  0  1  1  25999  109  136  1  5  0  0  89025  14243  0  1  5  0  0  0  9842  1  28874  67  214  0  0  1283  0  0  621  33  1  2  23  119  1  747  9  19  17  29036  129300  31  2043  426  170  1353  0  0  0  27  7  153  51  4  0  27  7  175352  0  
0  0  0  0  0  1  1  0  0  0  0  0  0  0  0  0  0  0  0  0  0  0  0  0  0  0  0  0  0  0  0  0  0  0  0  0  0  0  0  0  0  0  0  1  0  0  0  0  1  0  0  0  0  0  0  0  0  0  0  0  0  0  0  0  0  22  0  0  0  0  0  0  2  0  33  0  1  55878  27  137  333  75  1585  189  0  208  0  187  133  22  217  334  104  0  1  0  61  14  56310  0  4103  36044  131  1  1  23  14460  4070  0  110391  12  210  42  0  87119  0  4  59  27740  275  746  80  6925  0  11  379  161  856  34167  37054  65  9  14  40  104  2  14  13  61  4328  94004  1361  390  0  1063  3  6891  285  
0  0  0  0  0  0  0  0  0  0  0  0  0  0  0  0  0  0  0  0  0  0  0  0  0  0  5  0  0  134  0  0  0  0  0  0  0  0  0  0  0  0  0  0  0  0  0  0  0  0  0  0  0  0  0  0  0  0  0  0  0  0  0  0  0  0  0  0  0  0  0  0  0  0  0  0  23827  4  31  17  53  2  136  2  4  1  0  1  5  1  1  7  11  28558  0  0  5  0  5972  12217  0  411  67  130327  0  1  0  0  1  68  0  0  0  0  664  0  0  4  114  15535  6  3  20  0  0  11  19  32  1686  167565  3  122  0  0  1  1  0  0  11474  320  116415  7  133  0  20828  0  7  0  
0  0  0  0  0  1  0  0  0  0  0  0  0  0  0  0  0  0  0  0  0  0  0  0  0  0  0  0  0  0  0  0  0  0  0  0  0  0  0  0  0  0  0  0  0  0  0  0  0  0  0  0  0  0  0  0  0  0  0  0  0  0  0  0  0  3  0  0  0  0  0  0  0  0  0  0  23071  23314  0  2  5  1  12  0  0  3  0  1  2  629  0  11  0  0  0  0  1  0  0  45864  349  0  10114  0  0  0  0  0  0  4  0  0  1  0  16  0  0  0  190402  1425  17  0  374  0  0  7  14  14  0  38  0  0  0  0  0  0  1  0  1  35  103080  83  7  0  5  0  6  0  
0  0  0  0  0  0  0  1  0  0  0  0  0  0  0  1  0  0  0  0  0  0  0  0  0  0  0  0  0  0  0  0  0  0  0  0  0  0  0  0  0  0  0  0  0  0  0  0  0  0  0  0  0  0  0  0  0  0  0  0  0  0  0  0  0  5  0  0  0  0  0  0  0  0  3  0  30883  27365  9  11  169  14780  257  2  0  2037  0  1  28203  48263  3  40  4  0  0  0  8  3  0  48  24  14407  0  0  0  3  0  0  0  10  0  0  0  0  187  0  0  2  213641  1635  53  0  669  0  0  1058  9  608  3  859  3  0  2  1  0  0  5  0  43  114  298  79221  115537  0  113  0  62  0  
0  0  80  0  0  0  0  7  1537  10  29  0  0  0  0  4  0  0  0  25  0  8  0  0  0  0  224  0  0  36732  0  0  0  0  0  0  0  0  0  0  0  0  0  2  0  217  0  0  0  0  0  0  0  0  0  0  0  0  0  0  0  0  0  0  26  9  0  0  0  0  2475  0  0  0  0  0  10825  0  0  0  0  213  6163  9261  8065  0  0  0  0  102  0  0  3  8778  0  3657  0  0  2  3  117391  0  0  0  0  0  0  0  0  0  0  0  0  0  9  0  0  5677  1  63981  0  0  0  0  0  0  0  1  0  23367  0  24  0  0  1  0  0  0  104192  9  158  0  0  0  83570  0  0  0  
1  0  0  1  0  292  0  0  0  3  0  0  0  0  0  2  0  4  0  0  0  0  0  26  0  1  0  0  0  0  4269  95  0  0  0  0  0  0  0  0  2  0  0  2  0  0  0  3  3  0  1  0  0  1  3  0  0  0  0  0  0  0  7  0  0  8  0  0  0  1074  0  0  3  0  10596  0  0  1  36  3558  3  0  22  0  0  2  0  2  0  7802  15  545  0  0  0  1  975  41194  0  17  5  0  0  0  0  30702  0  0  1  7  0  0  12  0  187  0  3  2  176  7  117  22  16  0  1  18  1  1  0  129  3  1  0  0  0  29  69454  206  7  54  6  2  7  42139  19  0  49  0  
3  0  0  0  0  118  0  0  0  3  0  0  0  0  0  8  0  21  1  0  0  0  11  2  0  1  0  0  0  0  40  10502  0  0  1  0  0  0  2  0  8  0  1  6  0  0  5  10  36  0  0  1  0  0  3  0  0  0  0  0  0  0  3  7  1  158  1  0  0  49  0  0  15  0  872  0  0  10  196  25315  15  2  74  6  0  6  0  13  24  50  7  468  3  0  7  10  364  1509  2  98  4  0  7  0  26722  0  0  0  0  19  2  0  34  0  329  0  6  4  373  17  297  107  76  0  10  78  24  6  0  338  3  0  9  2  18  99  37972  973  6  14131  25  2  14  7007  43  0  648  0  
0  0  0  0  0  0  0  0  0  0  0  0  0  0  0  0  0  0  0  0  0  0  0  0  0  0  0  0  0  0  0  0  0  0  0  0  0  0  0  0  0  0  0  0  0  0  0  0  0  0  0  0  0  0  0  0  0  0  0  0  0  0  0  0  0  0  0  0  0  0  0  0  0  0  0  0  0  2463  0  0  0  0  0  0  0  1439  0  0  0  0  4599  283  0  0  0  0  0  0  0  9637  0  0  0  0  0  0  0  21219  26141  39891  0  0  0  0  36906  0  0  0  0  0  0  41711  561  0  0  0  0  0  0  0  0  0  0  0  0  0  0  0  0  0  0  0  0  0  0  0  1  36622  
0  0  0  0  0  0  0  0  0  0  0  0  0  0  0  0  0  0  0  0  0  0  0  0  0  0  0  0  0  0  0  0  0  0  0  0  0  0  0  0  0  0  0  0  0  0  0  0  0  0  0  0  0  0  0  0  0  0  0  0  0  0  0  0  0  0  0  0  0  0  0  0  0  0  0  0  0  252  0  0  0  0  3  0  0  424  39  0  0  0  3  4  0  0  0  0  14  559  9072  4606  0  0  0  0  0  0  18441  0  149165  63868  1  17013  0  0  5479  0  36145  2  0  0  4  10757  4  10  0  1  0  0  0  0  0  0  1  2  38  0  0  44  0  1  0  0  0  0  2  26  158986  30677  
0  0  0  0  0  0  0  0  0  1  0  0  0  0  0  0  0  1  0  0  0  0  0  0  0  0  0  0  0  0  0  0  0  0  0  0  0  0  0  0  0  0  0  1  0  0  0  2  0  0  0  0  0  0  0  0  0  0  0  0  0  0  0  0  1  0  0  0  0  0  0  0  4  0  0  0  0  40  0  2  1  0  30  7  0  685  23  0  0  0  17543  5972  5  0  2  0  34393  915  1  64  2  0  0  0  2  13  27414  109447  0  17  44  8809  1  0  140  0  55157  2  5  1  238  77459  69  2792  2  0  0  1  0  47  3  0  2  147  90  0  2  49  0  32  4  1  1  0  1  2071  18480  14239  
0  0  0  0  0  0  0  0  0  0  0  0  0  0  0  0  0  0  0  0  0  0  0  0  0  0  0  0  0  0  0  0  0  0  0  0  0  0  0  0  1  0  0  0  0  0  0  0  0  0  0  0  0  0  0  0  0  0  0  0  0  0  0  0  0  1  0  0  0  0  0  0  0  0  0  0  0  640  5  59  89  3  108  7  0  12  0  3  75  3  6  10  54  0  29  9  67  0  12702  85772  8  1  10  0  0  2  25304  71983  0  0  142  38  2  0  72959  0  109  414  160  18  13  482  308  7  11  69  84  482  16247  3107  50  3  87  387  717  1  1  0  3  146  1181  136  97  0  57  39  31465  29844  
0  0  0  0  0  0  0  0  0  0  0  0  0  0  0  0  0  0  0  0  0  0  0  0  0  0  0  0  0  0  0  0  0  0  0  0  0  0  0  0  0  0  0  0  0  0  0  0  0  0  0  0  0  0  0  0  0  0  0  0  0  0  0  0  0  0  0  0  0  0  0  0  0  0  0  1481  0  2  0  0  0  0  16  2  0  0  0  0  0  0  0  0  0  0  11833  0  1282  0  2  11  1  0  0  0  1  0  0  2  4  5  0  73832  0  0  48  0  46544  2  0  1  1  23  4  52312  0  0  0  0  0  4  0  1  10653  106745  956  0  0  0  0  6  1  0  0  0  3  146027  1249  2  
0  0  0  0  0  0  0  0  0  0  0  0  0  0  0  0  0  0  0  0  0  0  0  0  0  0  0  0  0  0  0  0  0  0  0  0  0  0  0  0  0  0  0  0  0  0  0  0  0  0  0  0  0  0  0  0  0  0  0  0  0  0  0  0  0  0  0  0  0  0  0  0  0  0  0  4387  0  2  1  0  1  1  21  0  0  0  0  0  0  0  0  1  663  0  208  0  425  1  77  136  1  0  0  0  0  0  0  13315  6187  10  71336  0  0  0  71  0  52053  1  1  1  0  8344  11  23689  19  0  1  1  0  3  11  0  52159  7255  978  0  0  0  0  3  0  2  0  0  3  158854  251906  164  
0  0  0  0  0  0  0  1  0  0  0  0  0  0  0  0  0  0  0  0  0  0  0  0  0  0  0  0  0  0  0  0  0  0  0  0  0  0  0  0  0  0  0  0  0  0  0  0  0  0  0  0  0  0  0  0  0  0  0  0  0  0  0  0  0  1  0  0  0  0  0  0  0  0  17147  0  0  462  1119  3281  26  0  47  3  0  1324  24253  50276  15  0  0  50  0  0  0  0  0  4798  0  6  6  0  4  0  59  497  0  0  0  0  0  0  0  157  81  0  0  0  94  1  14105  0  33557  0  0  4119  932  7  0  171  0  1  0  0  0  6500  2619  9702  6  192  17  1146  8  5  22  0  1  0  
0  0  0  0  0  0  0  0  0  0  0  0  0  0  0  0  0  0  0  0  0  0  0  0  0  0  0  0  0  0  0  0  0  0  0  0  0  0  0  0  0  0  0  0  0  0  0  0  0  0  0  0  0  0  0  0  0  0  0  0  0  0  0  0  0  0  0  0  0  0  0  0  0  0  0  0  0  1281  0  0  0  0  0  0  0  40659  3  21436  0  0  0  38  0  0  0  0  0  1  0  0  0  0  0  0  0  0  0  0  0  0  0  0  667  0  0  0  0  0  0  0  294  0  13801  0  0  392  0  0  0  0  0  0  0  0  0  0  0  0  0  0  0  4634  0  0  0  0  0  0  
0  0  0  0  1  1  0  0  10  79  1  0  0  0  0  0  0  57  1  0  0  1  0  0  1  5  0  0  0  20  0  9  0  0  0  0  0  0  0  0  35  0  1  30  0  0  0  91  36  0  0  1  1  0  13  0  1  0  0  0  0  0  1  0  13  130  3  1  0  0  0  0  59  1  35  0  7  24108  166  170  427  97  12539  1887  0  70  0  48  100  32  11332  6294  1713  0  25  11  7801  157  1327  87597  608  27  437  11  43  217  30491  6356  47  61524  172  106  20  0  0  0  2613  831  13318  978  482  47414  18225  54  40  189  347  534  7364  15501  767  113  132  519  2212  10  940  36  251  26334  2784  1344  806  0  3498  37  14713  17700  
0  2  0  0  0  0  0  0  0  2  19  0  0  0  0  0  0  1  0  3  0  31  0  0  0  1  0  0  0  0  0  0  0  0  0  0  0  0  0  0  4  4  0  2  0  0  0  0  0  0  2  0  0  0  0  0  0  0  0  0  0  0  0  0  0  1  0  0  0  0  0  0  0  0  0  28410  0  0  0  0  0  0  0  0  28405  0  0  0  0  0  0  0  56059  37629  1872  81521  0  0  0  0  0  0  0  0  1  0  0  0  0  0  0  0  0  0  0  0  0  76199  0  0  0  0  0  0  66789  0  0  0  0  0  11282  605  6  2  10185  0  0  0  0  1  0  0  0  0  0  0  0  0  
0  0  0  0  0  0  0  0  0  3  0  0  0  0  0  0  0  1  0  0  0  0  0  0  0  0  0  0  0  0  0  1  0  0  0  0  0  0  0  0  1  0  0  1  0  0  0  0  1  0  0  0  0  0  0  0  0  0  0  0  0  0  0  0  0  1  0  0  0  0  0  0  1  0  0  0  0  4  0  0  1  0  16  5  0  0  0  0  0  0  351  676  1  0  8  3  80554  798  1  33  1  0  0  0  1  8  0  25176  47692  9  30827  59296  0  0  157  0  0  3  1  0  1  5753  10  49200  1  0  0  0  0  24  0  0  2  212  227  0  0  3  0  30  0  1  0  0  3  7898  7050  103  
0  0  0  0  0  0  0  0  1  3  323  0  0  0  0  0  0  3  0  0  0  897  0  0  0  0  0  0  0  5  0  1  0  0  0  0  0  0  0  0  3  0  0  145  0  0  0  0  2  0  0  0  0  0  0  0  0  0  0  0  0  0  0  0  1  7  0  0  0  0  0  0  1  0  1  9  1  527  25  16  44  8  7613  23784  121922  9  0  14  24  5  1  56  15023  16284  8  155629  9633  1  43  2585  39  2  38  8099  0  2  0  0  0  110  1  1  5  0  1463  49054  0  0  262  98  48  13  1329  0  1355  63  113  150  1  2057  44000  55921  3429  14  27214  2  6  0  59754  330  157  285  36  0  10194  7  2440  0  
0  0  0  0  0  0  0  0  0  0  0  0  0  0  0  0  0  1  0  0  0  0  1  0  0  0  0  0  0  0  0  0  0  0  0  0  0  0  0  0  3  0  0  0  0  0  0  3  0  0  0  0  0  0  0  0  0  0  0  0  0  0  0  0  0  39  0  0  0  0  0  0  1  0  24  0  46094  16655  148  205  1475  8012  2171  42  0  190  0  107  731  18784  75  688  16  0  0  1  141  23  0  60739  209  176921  199318  2  2  31  0  0  1  306  0  0  35  0  3417  0  1  15  0  22805  1148  14  12720  0  1  753  1381  2658  31  4538  16  11  4  0  14  18  101  22  148  3133  103543  23043  59228  0  1168  0  582  0  
0  0  226  0  0  0  0  521  138  0  0  0  0  0  0  85  0  1  0  0  0  0  0  0  0  0  0  0  0  2  0  0  0  0  0  0  0  0  0  0  0  0  0  0  0  675  0  0  0  0  0  0  0  0  0  0  0  0  0  0  0  0  0  0  0  5  0  0  0  0  10  0  1  0  1  0  47602  15  20  86  5840  38225  23752  35  0  1  0  2  11  7478  2  500  26  0  1  0  226  10  2  2785  12306  951  802  73351  0  6  0  0  0  1230  1  0  0  0  5593  0  2  3  38400  0  28  30  166  0  3  14  51  212  0  22836  23  2  3  3  11  2  55  1  298  8240  20520  30  868  0  31630  0  263  0  
0  0  0  0  0  1  0  0  0  0  0  0  0  0  0  0  0  0  0  0  0  0  0  0  0  0  0  0  0  0  0  1  0  0  0  0  0  0  0  0  0  0  0  0  0  0  0  0  0  0  0  0  0  0  0  0  0  0  0  0  0  0  0  0  0  4  0  0  0  0  0  0  0  0  3812  0  0  4  3696  2107  314  4  425  4  0  943  18065  2916  245  6  55  23446  1  0  0  0  81  61130  0  86  36  1  23  0  70  1332  2  3  27  28  0  0  12498  98  1315  0  0  4  1874  56  0  23  11194  0  0  2099  401  86  0  2056  0  0  0  1  1  425  7888  39185  40  476  117  9  93  3  240  0  24  0  
0  0  0  0  0  2  0  0  4  122  0  0  0  0  0  0  2  93  2  0  0  0  0  0  0  4  0  0  0  16  0  23  0  0  0  0  0  0  0  0  25  0  0  31  3  0  1  124  47  0  0  2  0  0  17  0  2  0  1  0  0  0  0  0  27  125  0  1  0  0  0  0  85  2  1  0  0  291  1  6  8  2  297  263  0  264  0  1  2  0  46075  13530  60  0  22  5  7818  162  27  922  18  1  4  2  39  340  43618  11913  86037  448  77  17600  2  0  44594  0  27041  40  43  47  61  0  332  4889  14  4  7  11  0  324  11  3  16  305  283  0  39  16  3  1667  96  13  16  0  91  4361  52040  52533  
0  0  0  0  0  0  1  1  0  2  0  0  0  0  0  0  0  3  0  0  0  0  0  0  0  0  0  0  0  0  0  0  0  0  0  0  0  0  0  0  1  0  0  0  0  0  0  1  1  0  0  0  0  0  1  0  0  0  0  0  0  0  0  0  0  20  0  0  0  0  0  0  0  0  3195  0  0  96025  10444  7700  3961  121  8484  398  0  69937  12  35358  1787  39  11548  43256  109  0  1  0  370  264  1  13904  472  297  1781  0  14  493  1147  1  37  417  0  0  22797  8110  16364  0  1  61  17286  834  12126  150  0  0  1  13972  2181  519  12  29992  64  24  4  1  18  260  347  99  597  5456  1173  11858  1103  17  4367  0  223  0  
0  0  0  0  0  0  0  0  0  0  0  0  0  0  0  0  0  0  0  0  0  0  0  0  0  0  0  0  0  0  0  0  0  0  0  0  0  0  0  0  0  0  0  0  0  0  0  0  0  0  0  0  0  0  0  0  0  0  0  0  0  0  0  0  0  0  0  0  0  0  0  0  0  0  0  0  0  2  0  0  0  0  4  1  0  0  0  0  0  0  1  1  0  0  67238  0  43493  0  2  12  0  0  0  0  0  0  0  9  1262  10  63596  20137  0  0  115  0  102344  2  0  1  0  910  1  0  1  0  0  1  0  5  0  0  34  55837  17828  0  0  0  0  3  2  0  0  0  2  10835  31011  39  
0  1  0  0  0  0  0  0  0  5  0  0  0  0  0  0  0  0  0  0  0  32  0  0  0  1  0  0  0  1  0  1  0  0  0  0  0  0  0  0  13  0  0  1  0  0  0  1  2  0  1  0  0  0  0  0  0  0  0  0  1  0  0  0  0  3  0  0  0  0  0  0  3  0  0  47545  0  21  0  0  0  0  4  4  1  0  0  1  0  0  0  0  15496  6  34160  8061  1  0  0  23  1  0  1  0  4  3  0  0  0  0  2  0  0  0  16  63749  0  135  3  0  0  1  42  0  0  1  0  0  0  11  9671  0  10901  1890  69498  0  0  0  1  3  2  3  0  0  0  0  35  0  
0  0  0  0  0  6  0  0  0  0  0  0  0  0  0  0  0  0  0  0  0  0  0  0  0  0  0  0  0  0  0  0  0  0  0  0  0  0  0  0  1  0  0  0  0  0  0  0  0  0  0  0  0  0  0  0  1  0  0  0  0  0  0  0  0  65  0  0  0  0  0  0  0  0  3886  0  0  1511  13445  12421  7234  43  435  2  0  37862  8  115781  185882  415  0  211  5  0  0  0  24  159  0  77  64  0  1481  0  3  582  0  0  0  21  0  0  2737  362  172  0  0  1  257  49  797  4  7630  0  2  0  68942  87379  0  2254  2  1  1  0  1  30613  34  51  33  6432  391  100654  106  2  244  0  108  0  
0  0  0  0  0  3  0  1  0  0  0  0  0  0  0  0  0  0  0  0  0  0  0  0  0  0  0  0  0  0  0  0  0  0  0  0  0  0  0  0  0  0  0  0  0  0  0  0  0  0  0  1  0  0  0  0  0  0  0  0  0  0  0  0  0  94  0  0  0  0  0  0  0  0  30735  0  0  16  89308  15581  691  163  746  0  0  287  0  2783  362580  12674  0  34  5  0  0  0  14  19  0  112  96  1  16  1  2  701  0  0  0  44  0  0  2286  0  220  0  0  10  198  52  128  1  474  0  1  104291  0  34422  2  3207  5  5  0  0  1  55191  22  16  46  3035  378  248  88  0  332  0  32  0  
0  0  0  0  0  0  0  0  0  2  0  0  0  0  0  0  0  1  0  0  0  0  0  0  0  0  0  0  0  0  0  0  0  0  0  0  0  0  0  0  0  0  0  0  0  0  0  0  0  0  0  1  0  0  0  0  0  0  0  0  0  0  0  0  0  69  0  0  0  0  0  0  0  0  24  0  2  46  226  15975  69592  12651  1979  9  0  42  0  66  119650  189106  1  188  19  0  0  0  71  5  4  627  78  3  2446  3  0  31  0  0  0  166  0  0  26  0  845  0  0  18  3971  409  134  7  454  0  0  84085  14429  0  18  11674  11  11  4  2  7  36  11  4  246  2781  744  14284  49061  0  1444  0  277  0  
0  0  0  0  0  0  0  0  0  0  0  0  0  0  0  0  0  0  0  0  0  0  0  0  0  0  0  0  0  0  0  0  0  0  0  0  0  0  0  0  0  0  0  0  0  0  0  0  0  0  0  0  0  0  0  0  0  0  0  0  0  0  0  0  0  2  0  0  0  0  0  0  0  0  1  0  0  129  5  40  62  1  11  0  0  6  0  8  68  11  0  4  21  0  0  0  1  1  32953  41751  1024  5  3  0  0  1  0  0  0  34624  0  0  1  0  10639  0  0  6  113  3  19  0  82  0  0  71  94  417  0  35389  12  6  0  0  0  0  0  0  3  33  3285  66  68  0  7  0  8023  0  
0  0  0  0  0  0  0  0  0  2  0  0  0  0  0  0  0  0  0  0  0  0  0  0  0  0  0  0  0  2  0  0  0  0  0  0  0  0  0  0  1  0  0  0  0  0  0  1  0  0  0  0  0  0  0  0  0  0  0  0  0  0  0  0  0  35  0  0  0  0  0  0  2  0  18  0  247  942  1184  1082  2352  148  4601  39  0  64  0  76  919  173  6  210  23999  21472  82  8  82  2  105752  39892  156290  44  204  18114  1  46  0  0  0  4318  33  18  33  0  12038  0  15  3091  1978  11649  347  121  3265  0  714  1373  2810  5138  35986  0  2602  49177  399  72  1032  30  16  9  19043  3179  51506  4439  1289  0  53268  1  23587  0  
0  0  0  0  0  0  0  0  0  0  0  0  0  0  0  0  0  0  0  0  0  0  0  0  0  0  0  0  0  0  0  0  0  0  0  0  0  0  0  0  0  0  0  0  0  0  0  0  0  0  0  0  0  0  0  0  0  0  0  0  0  0  0  0  0  8  0  0  0  0  0  0  0  0  7  439  0  456  44  70  150  15  111  2  426  27  0  21  175  9  0  45  266456  6729  42  2726  8  0  41  720  8  7  56  0  0  8  0  0  0  16  0  0  9  0  217  11628  0  76572  692  29  66  1  1587  0  9962  298  700  611  2  1499  0  25856  9725  7  36968  10  2  0  1567  183  35  2166  42  0  134  0  18117  0  
0  0  0  0  0  0  0  0  0  0  0  0  0  0  0  0  0  0  0  0  0  0  0  0  0  0  0  0  0  1  0  0  0  0  0  0  0  0  0  0  0  0  0  0  0  0  0  0  0  0  0  0  0  0  0  0  0  0  0  0  0  0  0  0  0  2  0  0  0  0  0  0  0  0  3  0  0  54  26  36  52  3  32  1  27463  3  0  6  89  5  0  10  190163  72516  7  9  1  0  1795  190  59  0  15  18  1  3  0  0  0  13  1  0  2  0  78  1627  0  101005  166  9  16  0  167  0  115  172  420  408  2  46325  13927  0  71  5  231  11  2  0  50337  47  10  662  15  0  349  0  206  0  
0  0  0  0  0  0  0  0  0  0  0  0  0  0  0  0  0  0  0  0  0  0  0  0  0  0  0  0  0  0  0  0  0  0  0  0  0  0  0  0  0  0  0  0  0  0  0  0  0  0  0  0  0  0  0  0  0  0  0  0  0  0  0  0  0  0  0  0  0  0  0  0  0  0  2  23656  0  1629  6  8  21  1  220  10  0  41  0  11  3  1  4  20  44586  0  11531  8  11  3  48  1033  17  8  54  0  0  2  0  1  0  54  8642  57134  2  0  487  2  1  596  250  19  47  6  4018  2  38046  52  12  18  0  524  9655  2  0  37294  16494  0  3  1  16  114  38  406  26  0  110  62320  36053  0  
0  0  0  0  0  0  0  0  0  0  0  0  0  0  0  0  0  0  0  0  0  0  0  0  0  0  0  0  0  0  0  0  0  0  0  0  0  0  0  0  0  0  0  0  0  0  0  0  0  0  0  0  0  0  0  0  0  0  0  0  0  0  0  0  0  0  0  0  0  0  0  0  0  0  0  32309  0  37  1  0  2  1  172  6  0  0  0  0  0  0  1  8  339  0  123354  21  1470  0  21  159  4  0  1  0  0  0  0  3  8  62  83880  11360  0  0  515  0  286  15  9  10  0  46  66  64211  5772  2  0  6  0  80  16  0  38135  0  24491  0  0  0  3  35  18  11  4  0  40  62547  23873  6  
0  1  0  0  0  0  0  0  0  0  0  0  0  0  0  0  0  0  0  0  0  22  1  0  0  0  0  0  0  0  0  0  0  0  0  0  0  0  0  0  1  0  0  2  0  0  0  0  1  0  2  0  0  0  0  0  0  0  0  0  1  0  0  0  1  1  0  0  0  0  0  0  1  0  0  1506  0  152  1  5  22  4  1354  169  0  6  0  1  3  2  6  11  21201  26  137932  120021  85026  3  347  1651  38  1  10  0  2  17  0  25  83  499  2002  1688  0  0  5451  6653  170  23042  46  74  5  104  308  11380  78390  9  12  20  1  579  28675  53  21401  19073  0  0  2  2  11  561  120  38  14  0  163  15  8298  4  
0  0  0  0  0  0  0  0  0  0  0  0  0  0  0  0  0  0  0  0  0  0  0  0  0  0  0  0  0  0  0  0  0  0  0  0  0  0  0  0  0  0  0  0  0  0  0  0  0  0  0  0  0  0  0  0  0  0  0  0  0  0  0  0  0  1  0  0  0  0  0  0  0  0  31719  0  0  7  1480  1759  10  0  28  0  0  5  42462  16293  22187  1  0  3  0  0  0  0  0  41405  0  6  1  0  0  0  6  129  0  0  0  0  0  0  29267  0  16  0  0  0  15  3  65  0  33  0  0  29869  34069  19  0  190  0  0  0  0  0  0  31  551  5  109  9  11  5  0  15  0  1  0  
0  0  0  0  0  0  0  0  0  6  0  0  0  0  0  0  0  5  1  0  0  0  3  3  0  0  0  0  0  0  120  3  0  0  0  0  0  0  0  0  7  0  0  0  0  0  0  7  2  0  0  0  0  0  0  1  0  0  0  0  0  0  0  0  0  9  0  0  0  8  0  0  3  0  2708  0  0  5  238  13833  50  2  179  4  0  3  55  36  75  21  25  4242  3  0  2  11  3372  113708  0  62  17  0  15  0  60582  48045  0  0  4  18  1  0  374  0  2097  0  3  0  1302  21  4063  50  252  0  1  111  50  18  0  835  3  2  2  1  3  326  0  20345  19  284  67  0  44  20549  133  0  181  0  
0  0  0  0  0  0  1  0  0  0  0  0  0  0  0  0  0  0  0  0  0  0  0  0  0  0  0  0  0  0  0  0  0  0  0  0  0  0  0  0  0  0  0  0  0  0  0  0  0  0  0  0  0  0  0  0  0  0  0  0  0  0  0  0  0  3  0  0  0  0  0  0  0  0  7739  0  0  0  555  16820  19  5  38  0  0  1  28894  34  23  134  89  543  0  0  0  0  239  203622  1  10  8  0  1  0  237  6563  0  19  24  3  0  0  67217  0  208  0  4  0  241  2  44013  5  60  0  0  77  38  3  0  178  0  0  0  1  0  1856  36020  0  2  791  11  2  2  3809  28  0  6  0  
0  0  0  0  0  0  0  0  0  0  29  0  0  0  0  0  0  0  0  0  0  1  0  0  0  0  2  0  0  983  0  0  0  0  0  0  0  0  0  0  0  0  0  1  0  0  0  0  0  0  0  0  0  0  0  0  0  0  0  0  0  0  0  0  3  1  0  0  0  0  0  0  0  0  2  0  0  105  59  64  144  29  2629  248  75162  6  0  5  128  17  0  22  4248  39288  15  134  6  0  214  587  17128  1  18  129773  0  8  0  0  0  45  4  1  3  0  327  0  0  69471  206  144  22  6  314  0  239  169  403  665  0  31588  3780  74014  158  8  283  5  1  1  0  107  92  396  85  0  21196  1  1819  0  
4  0  0  2  6  8015  355  591  8649  15703  1  0  0  0  2  25  17  1183  9  1  0  6  9  8  0  63  4  0  7  2211  2  527  0  0  0  0  0  0  2  1  327  0  9  1051  32  0  20  1565  638  1  5  20  3  8  424  35  7  1  0  0  0  1  5  24  733  52297  60  6  11  12  20  0  774  3  700  0  1  339  727  102455  51395  41683  73509  25139  0  544  0  602  3066  466  19  722  59  0  2  9  348  60  4  13319  567  17  496  6  33  18645  0  0  3  3702  59  10  46  0  50448  0  10  88  4897  1513  539  237  2653  0  10  1288  1524  1170  1  4564  49  5  17  111  1096  60  373  78  76  0  4852  416  434  120  6322  2  1054  0  
0  0  0  0  0  2  0  0  0  1  0  0  0  0  0  0  0  0  0  0  0  0  0  0  0  0  0  0  0  0  0  0  0  0  0  0  0  0  0  0  0  0  0  0  0  0  0  0  0  0  0  0  0  0  0  0  0  0  0  0  0  0  0  0  0  12  0  0  0  0  0  0  1  0  4  1  19415  544  676  603  1286  54  1298  17  0  20  0  16  351  277  7  111  30  0  0  0  29  0  8  118649  89113  99940  549  1338  0  11  0  0  0  1733  0  0  6  0  4166  0  2  20  86655  27887  68  17  363  0  3  386  602  2133  1048  52031  14  8  3  1  1  9  13  3  46  2395  0  526  5810  0  438  0  188  0  
0  0  0  0  0  2  0  0  0  0  0  0  0  0  0  0  0  1  0  0  0  0  0  0  0  0  0  0  0  0  0  0  0  0  0  0  0  0  0  0  0  0  0  0  0  0  0  0  1  0  0  0  0  0  0  0  0  0  0  0  0  0  0  0  0  24  0  0  0  0  0  0  0  0  45  0  1  42702  231  932  1542  25  2082  22  0  61246  0  625  44207  434  1  65  44  0  0  0  31  12  1  942  85  16  110168  2  1  86  0  0  0  167  1  0  939  1533  618  0  0  16  37291  123  637  2  12981  0  1  102785  1560  28049  29  8654  21  6  3  1  2  17  9  18  219  1544  567  0  4085  0  1195  0  127  0  
0  0  0  0  0  0  0  0  0  1  0  0  0  0  0  0  0  0  0  0  0  0  1  0  0  0  0  0  0  0  0  0  0  0  0  0  0  0  0  0  0  0  0  0  0  0  0  0  0  0  0  0  0  0  0  0  0  0  0  0  0  0  0  0  0  45  0  0  0  0  0  0  0  0  4  0  0  23  49  108  6583  49333  1379  7  0  1  0  6  33028  35073  7  101  19  0  0  0  38  2  2  371  132  7  146582  0  0  4  0  0  0  92  0  0  7  0  487  0  1  12  70598  3161  46  0  174  0  3  15  112  41065  22  4190  10  5  3  0  6  1  14  1  233  2127  6764  1708  0  0  933  0  181  0  
0  0  0  0  1  449  0  0  0  0  0  0  0  0  0  2  0  0  0  0  0  0  0  0  0  0  0  0  0  0  85  152  0  0  0  0  0  0  0  0  0  0  0  0  0  0  0  0  0  0  0  0  0  0  0  0  0  0  0  0  0  0  0  0  0  7  0  0  0  328  0  0  0  0  13911  0  0  0  20528  39569  0  0  1  0  0  0  0  0  0  61899  0  1  0  0  0  0  0  15925  0  0  0  0  0  0  43829  8721  0  0  0  0  0  0  11  0  1  0  0  0  2  0  2  0  3  0  0  0  1  0  0  1  0  0  0  0  0  2  22077  1852  0  69  0  0  0  0  1  0  0  0  
0  0  0  0  0  0  0  2  12849  1  0  0  0  0  0  2  0  0  0  0  0  0  0  0  0  0  1  0  0  3426  0  0  0  0  0  0  0  0  0  0  0  0  0  0  0  756  0  0  0  0  0  0  0  0  0  0  0  0  0  0  0  0  0  0  0  296  0  0  0  0  14181  0  0  0  1  0  4  190  26  43  4422  388  47735  1227  14  9  0  9  74  7  1  132  830  59  0  0  57  3  44  3797  12894  9  182  72657  0  1  0  2  0  1241  12  6  3  0  4001  0  0  2550  293  34222  45  16  585  0  33  105  234  438  0  88296  543  147  21  14  125  5  7  5  19788  5141  2557  221  269  0  0  0  838  0  
0  0  0  0  0  0  0  0  0  0  0  0  0  0  0  0  0  0  0  0  0  0  0  0  0  0  0  0  0  0  0  0  0  0  0  0  0  0  0  0  0  0  0  0  0  0  0  0  0  0  0  0  0  0  0  0  0  0  0  0  0  0  0  0  0  0  0  0  0  0  0  0  0  0  0  410  0  6  0  0  0  0  5  0  0  1  0  0  0  0  0  0  623  0  309  0  153  0  0  11  0  0  0  0  0  0  0  101  985  2  124421  179664  0  0  17  0  12564  20  1  1  0  1145  9  19683  23  0  0  1  0  2  9  0  64942  59388  138  0  0  0  0  3  0  1  0  0  3  0  34900  85  
0  0  0  0  0  0  0  0  0  1  0  0  0  0  0  0  0  0  0  0  0  0  0  0  0  0  0  0  0  0  0  0  0  0  0  0  0  0  0  0  1  0  0  0  0  0  0  3  1  0  0  0  0  0  0  0  0  0  0  0  0  0  0  0  0  19  0  0  0  0  0  0  1  0  12  38  0  2282  44  94  286  50  649  43  0  104  0  55  220  34  132  125  63335  0  12398  45  8160  5  188238  20856  37  72  125  0  7  30  0  147548  13905  48687  2112  268070  13  0  11225  0  17167  2596  2301  77  239  53164  6667  25387  7303  480  959  745  5484  58395  12074  178  35606  34406  25165  18  13  3  481  511  116  4901  101  0  316  33927  0  18181  
0  0  0  0  0  0  0  0  0  0  0  0  0  0  0  0  0  0  0  0  0  0  0  0  0  0  0  0  0  0  0  0  0  0  0  0  0  0  0  0  0  0  0  0  0  0  0  0  0  0  0  0  0  0  0  0  0  0  0  0  0  0  0  0  0  0  0  0  0  0  0  0  0  0  0  0  0  1  0  0  0  0  0  0  0  0  0  0  0  0  0  1  0  0  0  0  54  0  9  273  0  0  0  0  0  0  32628  38462  9288  34919  3  272  0  0  15446  0  206  0  0  0  0  63224  2  76  0  0  0  0  0  1  1  1  0  19  14  0  0  0  0  0  0  1  0  0  1  68  23448  0  
