0  0  0  21  365095  88077  1  0  3  4  0  686  2  17947  120960  13672  26  1502  4  0  0  0  12  260497  0  15  0  0  0  2  95068  9122  0  0  0  0  0  0  8129  7367  44  0  0  26  14  0  4362  16  63503  0  0  248275  208224  106  7  1  4  1  0  0  0  58913  362  54401  2  2293  29  436  32  144044  0  0  98  0  0  0  0  0  0  3  0  0  0  1  0  0  0  0  0  0  0  1  0  0  0  0  0  0  0  1  0  0  0  0  0  15  0  0  0  1  0  0  0  0  6  0  0  0  0  0  0  0  0  0  1  0  0  0  0  0  0  0  0  0  0  0  0  0  0  118  0  0  0  0  1  0  0  0  
0  0  0  35  0  2  1  3  1  0  0  0  0  0  1  0  0  6  214967  1  465457  83584  2  0  3  3  0  0  0  0  0  1  0  0  0  0  57190  28594  0  0  3  433642  1  1046  252  0  0  13  13  2  582805  0  0  7  102  0  451994  97  424298  202483  57676  0  0  0  4  4  0  112  4  0  0  0  855  0  0  0  0  0  0  0  0  0  0  0  0  0  0  0  0  0  0  0  0  0  1  157  0  0  0  0  0  0  0  0  0  0  0  0  0  0  0  0  0  0  0  1  0  2  0  0  0  0  0  0  5  0  0  0  0  0  0  0  0  0  2  0  0  0  0  0  0  0  0  0  0  0  0  0  
0  0  0  14  0  122  12  91257  1255  0  0  0  0  0  0  431070  22  41  5  0  0  0  0  0  0  30  117581  234827  138659  77954  0  15  0  0  0  0  0  0  0  0  28  0  0  1  315545  432251  0  36  938  0  0  0  0  235  5  9  4  2  0  0  0  0  0  0  3  44  79657  0  97085  2  64  0  3  0  0  0  2781  0  0  0  0  401  709  0  0  0  0  0  0  2001  0  0  0  0  0  0  0  0  0  0  1  0  1  2270  0  0  0  0  0  0  0  0  0  0  0  0  0  0  0  10906  0  0  0  0  0  0  0  0  0  0  0  0  0  0  0  0  0  0  0  0  0  0  0  0  272  0  0  0  
260  0  16  0  944  1657  1346  1791  544  12  0  275939  133  374  457  128  2280  6416  1785  0  1  24  24  77  28  619204  0  324508  112889  8  0  200  86960  1014  431  96  0  3  142  3536  258087  2  3  1860  369012  3  938  1149  551129  0  578  6750  717  1687  3367  112  5229  138  77  256  404  11  27  42  394  1702  70331  78181  6032  21  204  0  2789  655  0  0  0  0  0  0  0  0  2  0  0  0  0  0  0  0  1  0  0  0  0  0  0  0  0  3  0  0  0  0  0  0  0  0  0  1  0  0  0  0  7  0  0  0  1  0  0  1  0  0  0  0  0  0  0  1  0  0  0  0  0  0  0  0  0  41  2  0  0  0  0  0  0  0  
331845  0  0  7  0  68575  6  1  1  2  0  249  2  1116  55880  312714  13  329  3  0  0  0  0  6155  0  18  0  0  0  0  31786  1178  0  0  0  0  0  0  332  7125  64  0  0  9  5  0  429  5  15809  0  0  21025  131760  95  2  1  6  1  0  0  1  3  55  4662  1  310  32  367  18  22419  0  0  9  0  0  0  0  0  0  103  0  1  0  0  0  0  0  0  0  39  0  0  0  0  0  0  0  0  0  0  0  0  0  0  2  2  0  0  0  0  0  0  0  0  0  0  0  0  0  0  0  0  0  0  0  0  0  0  0  0  0  0  0  0  0  0  0  0  0  26  0  0  0  6  0  0  0  0  
132748  0  7  569  107395  0  273850  5441  9281  45  0  697  2  5350  34084  712408  188  15108  203  0  1  0  36  81726  4  1105  16  0  82  12  31207  186743  3  0  0  0  0  0  1019  8632  1327  0  5  253  2229  3  5992  883  70764  1  27  43393  17001  63094  656  140  136  33  2  2  9  35  20270  43196  1414  431557  5227  3830  8338  439894  58  0  1374  3  214  0  0  0  46  27864  520  88  115  1  0  0  0  1  9  5311  0  6  0  0  0  0  4  8  0  14  3  0  1  0  3951  2715  0  0  0  5  0  0  7  0  32  0  0  0  6  5  10  2  10  0  0  22  7  4  0  15  0  0  0  0  0  21  9  7  1  75062  10  0  0  3074  5  0  18  0  
24  0  4  3465  211  393472  0  416724  89040  6  0  115  0  7  328  819242  33  1220  611  0  0  3  3  3  8  1450  44  0  178  720  0  174  1  0  0  0  0  0  0  922  559  1  0  1443  13942  6  316  239  15204  0  50  14183  358  74919  3817  316  401  39  2  10  18  0  19  7  32246  325689  5288  17700  36186  20  848  0  289  0  0  0  1  0  5  2047  4701  4254  416  0  0  0  0  0  0  586  0  0  0  0  0  0  0  0  0  1  0  0  0  0  0  8  0  0  0  0  0  0  0  0  3  0  0  0  0  2  0  0  0  0  0  0  8  0  0  1  0  0  0  0  0  0  0  0  0  3053  0  1  0  0  10  0  0  0  
24  2  42446  6329  164  13125  376229  0  368663  8  0  255  0  7  140  486038  27  365  495  1  0  0  13  1  2  1598  17  36  59287  213  0  46  1  0  0  0  0  0  0  2576  443  1  0  677  83589  216360  130  227  3148  0  9  6248  266  221449  2056  344  771  32  2  1  19  0  7  6  5856  229319  14948  2467  196478  3  3101  0  162  0  0  0  212  0  1  44  149  45272  3333  1  0  0  0  0  0  30792  0  0  0  0  0  0  0  0  0  2  0  0  4  8  0  3  0  0  0  1  0  0  0  0  1  0  0  0  0  852  0  0  0  0  0  0  0  0  0  1  0  0  0  0  0  0  0  0  0  4767  0  0  0  0  102  0  1  0  
0  1  128  29  4  2960  11503  158458  0  16763  2  0  0  1  8  430  75  1432  2352  67  0  22  1  0  43  2679  69  221  317  43701  1  231  0  0  0  0  0  0  0  12  4446  0  0  2564  3503  160134  21  1536  3019  0  12  85  9  4653  9142  8633  1187  127  13  0  23  0  10  2  39795  321987  19081  300  897  4  300546  0  350  0  0  0  41  0  0  0  3  3136  57278  228  0  0  0  0  0  539  0  2  0  0  0  6  2  0  0  18  1  0  0  5662  0  2  0  0  0  8  0  0  0  0  302  0  0  0  0  1768  0  6  3  0  0  1  1  1  0  2  0  0  0  1  7  0  0  0  0  77576  3  1  0  0  102322  0  1  0  
131  0  0  259  899  852  276  294  20859  0  27  258  0  62  509  60  280  50909  536  7  4  5399  43909  6  53  3148  58  0  111  115941  4  5636  4  1  6  2  0  7  8  2995  47763  8  114  342082  1368  4  721  16848  36320  8  1183  1485  1013  509  11519  765  674  125  138  12  174  0  70  18  14179  561580  1614  4076  239  76  183  1  21838  1109  9  0  0  256  94  86  126  17  3913  563  3  42  0  51  24  5  5  275  95  0  13  249  82  5  2  630  34  3  28  118  12  122  0  0  1  154  2  1  34  0  7027  3  4  17  1045  66  104  71  1280  0  22  367  76  99  0  1346  69  6  3  2  39  1  54  2  31  178135  349  499  46  0  333  0  434  0  
0  1  0  0  0  0  0  0  10  24  0  0  0  0  0  0  0  1  990  1085730  0  73650  0  0  237  4  361  0  0  64259  0  1  0  0  0  0  0  0  0  0  2  85936  0  1083952  2  0  0  1  5  0  0  0  0  0  46  64  4602  429939  0  0  77  0  0  0  509369  35  3  31  0  0  22  0  154  0  0  0  0  0  0  0  0  0  0  1  157925  0  0  0  0  0  0  1  0  983  0  5097  0  0  0  1  0  0  0  1029  0  0  0  0  0  1  0  0  0  0  2  497  0  1839  0  0  0  0  1  0  0  0  0  0  0  0  0  0  0  0  0  0  0  0  159  4  0  0  0  0  2  0  1  0  
1424  0  0  574009  7184  3472  8  1  2  3  0  0  3780  93651  4496  159  544  23325  4  0  0  0  0  183  0  30  0  1  98087  0  1  82  3703  625  377  0  0  0  425  333173  35  0  1  2  43376  0  8185  193  273550  0  1  390384  9669  390  11  0  7  0  0  0  1  8  6  421  2  70  42  358195  79  17  0  0  3  0  0  0  0  0  0  0  0  0  0  0  0  0  0  0  0  0  0  0  0  0  0  0  0  0  0  0  0  0  0  0  0  1  0  0  0  0  0  0  0  0  0  0  0  0  0  0  0  0  0  0  0  0  0  0  0  0  0  0  0  0  0  0  0  0  0  3  0  0  0  0  0  0  0  0  
11  0  0  106  1  84  0  0  0  0  0  1861  0  41448  0  0  7  2401  0  0  0  0  0  175842  0  0  0  0  4  0  0  33  1  11  74  0  0  0  160695  123  0  0  52  0  0  0  190332  3  1093  0  0  9  1  0  0  0  0  0  0  0  0  35706  27  20470  0  2  0  0  0  4  0  0  0  0  0  0  0  0  0  0  0  0  0  0  0  0  0  0  0  0  0  0  0  0  0  0  0  0  0  0  0  0  0  0  0  0  0  0  0  0  0  0  0  0  0  0  0  0  0  0  0  0  0  0  0  0  0  0  0  0  0  0  0  0  0  0  0  0  0  1  0  0  0  0  0  0  0  0  
13927  0  1  6  7679  11932  3  0  0  1  0  108721  58671  0  10643  207  1  375  1  0  0  0  1  3177  0  1  0  0  62  0  1  307  0  1  0  0  0  0  216464  285471  12  0  0  1  2  0  10340  1  124549  0  0  345183  10002  35  0  0  1  1  0  0  0  64035  16  16369  0  129  7  160  1  85  0  0  4  0  0  0  0  0  0  0  0  0  1  0  0  0  0  0  0  0  0  0  0  0  0  0  0  0  0  0  0  0  0  0  0  0  0  0  0  0  0  0  0  0  0  0  0  0  0  0  0  0  0  0  0  0  0  0  0  0  0  0  0  0  0  0  0  0  0  5  0  0  0  0  0  0  0  0  
164030  0  0  30  57189  24423  31  3  17  4  0  13088  0  2192  0  355775  4  406  5  0  0  0  1  45  5  553  1  0  104531  0  1  529  0  0  0  0  0  0  13  1686  70  0  0  9  2243  0  128  20  8176  0  2  1436802  773139  998857  70  6  18  1  0  1  2  161883  25  74  15  686  277  278914  68006  46  28  0  47  0  0  0  0  0  0  0  0  0  1  0  0  0  0  0  1  0  0  0  0  0  0  0  0  0  0  0  0  0  0  0  0  5  0  0  0  0  0  0  0  0  1  0  0  0  0  0  0  0  1  0  0  0  1  0  0  1  0  0  0  0  0  0  0  0  0  28  0  0  0  0  0  0  0  0  
30550  0  507395  77  433840  665157  672162  516605  1129  7  0  20  0  46  348373  0  26  1038  38  0  0  0  4  2292  2  246  1  17  57914  4  46101  5434  0  0  0  0  0  0  38  403  171  0  2  28  29535  24060  181  100  5824  0  4  6338  141243  1084584  117  41  23  10  0  3  2  1  20  1671  173  18266  1279  1074  203601  150899  40  0  328  0  0  0  1667  0  2  7521  3976  19184  344  0  0  0  0  0  0  35320  0  1  0  0  0  0  1  0  0  3  1  0  31  71  9  630  0  0  0  0  0  0  0  0  3  0  0  0  0  840  0  0  0  0  0  0  0  0  0  1  0  0  0  0  0  0  0  0  0  621  0  0  0  13  26  0  3  0  
2  0  89  6313  7  85  26  86  124  242  0  521  10  2  3  62  0  461931  5561  1  0  3  38189  4414  10  1675  5  1  234  8  2  41773  5195  67  85466  14  1  19  0  30  52719  0  30910  734  5992  2  29379  485882  281072  116  92  27  7  53  942  110  433  1839  21  7  46  0  241  68  561  325  2938  70  4189  48  16  0  17508  100  0  0  0  1  1  4  1  1  37  1  0  0  0  0  0  0  1  5  3  0  5  0  7  0  0  55  2  0  0  0  4  48  0  0  0  15  0  0  0  0  157  0  1  1  6  4  1  32  9  0  0  5  0  1  0  20  0  0  0  1  4  0  0  1  0  161  12  5  1  0  7  0  8  0  
1163  0  1  10719  382  3648  8  11  114  776  0  26508  3828  386  31  15  260132  0  394  0  3  5  29473  55497  3  1417  3  0  40  14  1281  206444  2667  126  15838  3  0  14  678  122  10281  0  16878  1572  255  0  430820  117912  470711  111  106  464  28  201  1574  37  327  59  25  15  39  2  4067  1289  441  1036  204  157  216  3211  9  0  27775  139  0  0  0  7  2  4  6  1  64  5  0  3  0  3  2  0  0  9  5  0  0  3  14  0  0  90  8  0  3  0  14  78  0  0  0  24  0  0  0  0  288  0  2  1  11  10  1  30  13  0  12  3  1  2  0  46  1  0  0  0  8  0  3  0  1  371  27  3  1  0  8  0  22  0  
0  191777  0  208  2  16  7  23  80  4  120  0  0  0  7  2  19  154  0  66325  95  14323  33  0  334661  115  1  0  6  2  0  17  0  1  1  0  13  10092  0  1  503  220082  7  17322  2883  0  4  510  503  0  36184  30  3  195  641  1875  1759869  862434  400779  1369  36220  0  1  0  23234  56  50  18415  28  1  4  0  605861  2  0  0  0  0  0  0  0  0  0  0  0  0  0  0  0  0  0  0  0  0  0  0  0  0  0  0  0  0  0  0  0  0  0  0  0  0  0  0  0  0  1  0  0  0  0  0  0  0  0  0  0  0  0  0  0  1  0  0  0  0  0  0  0  0  0  0  0  0  0  0  0  0  0  0  
0  71  0  1  0  0  1  0  1471  0  1167873  0  0  0  0  0  0  29  46441  0  0  335  0  0  6512  33  130655  0  8  11365  0  6  0  0  0  0  0  0  0  0  63  147227  0  292206  82  0  0  24  38  0  6  4  0  1  78  89873  6903  656076  7  0  22  0  1  0  404655  10  10  66  5  0  5449  0  407  0  0  0  0  0  0  0  0  0  0  0  25123  0  0  0  0  0  0  0  0  188  0  0  0  0  0  0  5  0  0  733  0  0  0  0  0  0  0  0  0  0  0  26  0  48  0  0  0  0  0  0  0  0  0  0  0  0  0  0  0  0  0  0  0  0  2  0  0  0  0  0  0  0  0  0  
0  344167  0  2  0  1  0  0  2  3  0  0  0  0  0  0  0  3  70  1  0  49868  132951  0  7  13  0  0  0  0  0  6  0  0  1  0  185030  2531  0  1  49  7  127  200  35  0  0  4  4  432105  136730  1  0  1  52  0  35  1  20673  447381  713915  0  0  0  4  1  0  26  1  1  0  35  524  0  0  0  0  0  0  0  0  0  0  3  0  0  0  0  0  0  0  0  0  0  16  9  0  0  0  0  0  0  0  0  0  2  0  0  0  0  0  0  0  0  0  4  0  2  0  0  0  0  0  0  144  0  0  0  0  0  0  0  0  0  42  0  0  0  0  1  0  0  0  0  0  0  0  0  
2  174031  0  61  42  39  3  12  64  61311  49592  13  0  1  31  4  2  173  3734  237  46643  0  154155  0  29  379  0  0  0  3754  0  19  0  0  0  0  0  179  1  142  4903  484804  2  1368235  521  0  66  82  337  7  139450  65  31  43  2212  7  127660  53425  1195  51  1600952  0  0  1  6151  439  10  521  16  0  2  0  1115  0  0  16  0  0  0  0  1  0  22  151  32608  0  0  0  0  0  0  3  2  0  177  32652  27  0  0  34  0  0  0  57  3  9  0  0  0  9  1  0  0  0  103  125  4  9966  1  0  0  10  1  0  263  0  0  0  0  4  0  0  0  1  55  0  0  0  1  139  0  0  0  0  2  0  2  0  
10  4  1  169  74  182  158  371  924  46286  0  10  0  2  26  14  41745  49302  382  0  123394  164089  0  1210  1724  8656  3  0  9  158  0  95100  3  1  149820  1  2787  27568  0  171  44475  2  500523  175729  531  0  319  39522  1831  335609  414  138  53  258  15665  133  461  67  12474  25666  425884  0  111  18  4959  398  44  2169  90  58  31  683  111680  7  0  0  0  1  1  1  0  0  18  10  0  0  0  0  0  0  0  4  1  0  32  13  4  1  0  19  2  0  0  0  5  20  0  0  0  2  1  0  0  0  61  2  0  0  1  3  0  5  4  0  269  2  0  0  0  6  0  0  0  1  119  0  2  0  0  45  3  2  0  0  3  0  6  0  
255862  0  0  43  7174  39671  0  1  2  5  0  452  190949  20924  322  1449  869  41062  1  0  1  0  150  0  0  14  1  0  0  0  236585  62226  148  661  6564  0  0  0  55976  1539  48  0  9308  30  9  0  327845  5581  9949  0  0  10642  2262  20  5  1  1  0  0  0  0  264673  479414  1022643  3  742  12  79  9  195667  0  0  148  0  0  0  0  0  0  2  0  0  0  0  0  0  0  0  0  0  0  0  0  0  0  0  0  59  0  2  0  0  0  0  196  5  0  0  0  1  0  0  1  0  3  0  0  0  2  0  0  0  1  0  0  0  0  0  0  1  0  0  0  0  0  0  28  0  0  43  0  0  0  0  0  0  0  0  
0  3  0  51  2  21  28  11  1551  35  14  0  0  0  19  3  8  406  225056  11914  5  7  405  0  0  199792  10679  0  162  25  0  70  0  0  0  4  0  39  0  0  783  0  2  1784  2574  0  3  302  556  15  567  14  1  354  383179  755642  50255  44050  2677  29  759  0  2  0  9334  586  182  18848  86  1  160  0  1124479  0  0  0  0  0  0  0  0  0  0  0  0  0  0  0  0  0  0  0  0  0  0  0  0  0  0  1  1  0  0  0  0  0  0  0  0  0  0  0  0  0  4  0  0  0  0  0  0  0  0  0  0  0  0  0  0  1  0  0  0  0  0  0  0  0  0  3  1  0  0  0  0  0  1  0  
10  2  12  453055  52  639  420  624  3280  610  0  11  0  15  96  41  371  2901  745  26  0  66  512  0  162900  0  282  59347  201  1546  0  402  3012  143492  1  283882  0  21193  1  110  646305  4  7  10575  67551  10  111  2628  18794  1  347  1054  59  1230  384816  209632  854  267  46  58  488  0  12  1  6987  15655  804828  16083  6362  14  1124  0  88074  2965  0  0  0  0  0  1  1  0  21  0  0  0  0  1  2  0  0  3  0  0  0  0  0  0  0  19  0  0  0  0  1  3  0  0  0  8  0  0  0  0  44  0  0  0  4  2  2  2  1  0  0  1  1  1  0  18  0  0  0  0  2  0  1  0  0  159  7  2  0  0  4  0  3  0  
0  0  120538  0  0  2  0  5  790  0  262  0  0  0  0  2  0  7  32  200881  0  0  0  0  5426  518  0  61  95  1317440  0  1  0  0  0  0  0  0  0  0  25  0  0  79  820  8757  0  9  15  0  0  0  0  4  1721  1396889  6  84  0  0  0  0  1  0  335785  54  403669  0  94  0  175721  0  4  0  0  0  0  0  0  0  0  1  2  0  79  0  0  0  0  0  0  0  0  110  0  0  0  0  0  0  45  0  0  2737  0  0  0  0  0  0  0  0  0  0  0  0  0  0  0  6  0  0  0  0  0  0  0  0  0  1  0  0  0  0  0  0  0  0  5  0  0  0  0  0  36  0  0  0  
0  0  182798  280029  0  0  0  4  753  0  0  0  0  0  2  14  0  6  5  0  0  0  0  0  0  88924  100  0  128786  2  0  0  0  0  0  0  0  0  0  1  28  0  0  9  860191  155885  1  5  64  0  0  8  0  3  1  716  1  0  0  0  0  0  0  0  16  16  697579  7  70  0  72  0  2  0  0  0  0  0  0  0  0  0  0  0  0  0  0  0  0  0  0  0  0  0  0  0  0  0  0  0  0  0  0  0  0  0  0  0  0  0  0  0  0  0  1  0  0  0  0  0  0  0  0  0  0  0  0  0  0  0  0  0  0  0  0  0  0  0  0  0  0  0  0  0  0  0  0  0  
10  0  168774  120630  34  315  55  128182  4251  11  0  65634  7  100  102888  48289  616  3076  435  0  0  1  2  0  0  1343  4  58055  0  10  3  346  2  0  0  0  0  0  1  98  1112  0  0  131  1119148  24161  411  7868  6099  0  1  14507  38  5796  217  93  111  69  0  1  1  0  20  8  412  8391  27964  615081  724429  22  978  0  265  0  0  0  0  0  0  0  1  1  8  1  0  0  0  0  0  0  0  2  0  0  0  0  0  0  0  9  2  0  0  0  0  1  0  0  0  3  0  0  0  0  29  0  0  0  0  2  0  3  0  0  0  1  0  0  0  5  0  0  0  0  0  0  1  0  0  38  7  0  0  0  1  0  5  0  
0  0  90324  9  2  28  39  23  46078  100335  40014  0  0  0  0  4  20  3744  318  9415  0  3707  8  0  22  911  1020937  6  106  0  0  551  1  0  1  0  0  1  0  2  1267  0  2  37442  1143  392404  14  727  2214  0  10  16  1  24  948  62732  573  70  8  2  12  0  10  1  631543  54834  45389  65  95  13  526333  0  1404  1  0  0  5  1  0  0  1  1  11647  821  39540  0  0  0  1  1  0  1  0  611  0  5337  2  0  1  28  480  0  0  119967  0  4  0  0  0  6  0  0  0  0  317  0  0  12  3  39  0  4  3  0  1  0  0  0  0  16  0  0  0  0  10  0  0  0  762  4924  6  1  0  0  35354  0  4  0  
100621  0  0  0  66952  55248  0  0  0  0  0  0  0  0  0  55990  0  303  0  0  0  0  0  198821  0  4  0  0  0  0  0  40258  0  0  0  0  0  0  4  0  4  0  0  2  0  0  398  0  18  0  0  2  1  0  0  0  0  0  0  0  0  0  368327  893  0  3  0  0  1  382340  0  0  6  0  9  0  0  0  0  265  0  0  0  0  0  0  0  0  0  247  0  0  0  0  0  0  1  1412  0  0  0  0  0  0  28196  227  0  0  0  0  0  0  0  0  0  0  0  0  1  0  0  0  0  0  0  0  0  0  0  0  0  0  0  0  0  0  659  4  0  11  0  0  0  417  0  0  0  0  
671  0  3  7  151  174124  10  4  102  506  0  2  52  74  14  2324  58511  499396  131  1  21  16  98400  41313  1  976  7  0  26  31  53863  0  5  0  35107  2  2  17  499  23  4148  0  18552  2550  331  0  35165  41067  56664  24  20  118  20  28  475  63  64  19  20  1  29  17  293593  9805  396  109475  81  56  117  217116  6  1  28929  17  1  0  0  12  2  2643  7  3  163  5  0  1  0  7  0  1232  0  21  1  0  3  3  12  2  0  157  12  0  3  0  457  79796  0  0  0  45  0  0  2  0  438  1  0  1  24  15  2  13  31  0  17  21  1  3  0  85  0  0  1  0  7  0  7  0  1  1995  43  19  2  920  18  0  36  0  
1  0  0  112603  0  2  0  0  6  5  0  322  2  0  0  0  2713  3410  2  0  0  0  2  50  0  832  1  0  0  0  0  62  0  206909  48384  16966  0  0  0  0  68753  0  4  17  7  0  369  357599  4173  0  0  1  0  1  64  9  1  1  1  0  0  0  2  1  16  30  8  1  1  1  0  0  28939  383098  0  0  0  0  0  0  0  0  1  0  0  0  0  0  0  0  0  0  0  0  0  0  0  0  0  0  0  0  0  0  0  0  0  0  0  0  0  0  0  0  1  0  0  0  0  0  0  0  0  0  0  0  0  0  0  0  0  0  0  0  0  0  0  0  0  1  0  0  0  0  0  0  0  0  
0  0  0  3314  0  0  0  0  0  0  0  632  37  6  0  0  47  255  0  0  0  0  2  1165  3  108843  0  0  16  0  0  0  301019  0  632266  374176  42  444629  0  1  15015  0  151504  1  0  0  672  89663  58  8  0  0  0  0  140  0  0  0  4  1  5  0  0  21  1  0  0  0  0  0  0  2334  739984  118149  0  0  0  0  0  0  0  0  0  0  0  0  0  0  0  0  0  0  0  0  0  0  0  0  0  0  0  0  0  0  0  0  0  0  0  0  0  0  0  0  0  0  0  0  0  0  0  0  0  0  0  0  0  0  0  0  0  0  0  0  0  0  0  0  0  0  0  0  0  0  0  0  0  0  
1  0  0  929  0  6  0  0  20  25  0  344  23  0  0  0  62148  17624  39  0  0  0  134463  3822  0  276  0  0  1  3  0  33812  54680  664367  0  2  705  54747  1  1  603  0  439053  207  1  0  1394  405272  185  2952  3  1  0  1  100  1  11  2  1491  330  1823  0  4  102  64  34  1  6  1  2  0  100680  167429  39  0  0  0  0  0  0  0  0  4  0  0  0  0  0  0  0  0  0  0  0  0  0  2  0  0  8  1  0  0  0  1  2  0  0  0  3  0  0  0  0  14  0  0  0  0  0  0  1  0  0  0  0  0  0  0  2  0  0  0  0  2  0  0  0  0  11  1  0  0  0  1  0  0  0  
0  0  0  47  0  0  0  0  0  0  0  0  0  0  0  0  5  2  0  0  0  0  0  0  5  308590  0  0  0  0  0  1  23078  437457  3  0  0  6592  0  0  168701  0  0  0  0  0  0  28518  118  0  0  0  0  0  4258  0  0  0  0  0  0  0  0  0  0  1  0  0  0  0  0  0  60811  224678  0  0  0  0  0  0  0  0  0  0  0  0  0  0  0  0  0  0  0  0  0  0  0  0  0  0  0  0  0  0  0  0  0  0  0  0  0  0  0  0  0  0  0  0  0  0  0  0  0  0  0  0  0  0  0  0  0  0  0  0  0  0  0  0  0  0  0  0  0  0  0  0  0  0  
0  54759  0  0  0  0  0  0  0  0  0  0  0  0  0  0  8  1  10  0  116154  0  5303  0  0  1  0  0  0  0  0  2  0  75  1681  0  0  628709  0  0  5  0  235337  97  0  0  0  559  0  704514  0  0  0  0  6  0  0  0  161092  742872  5917  0  0  0  0  0  0  0  0  0  0  1124743  24738  0  0  0  0  0  0  0  0  0  0  0  0  0  0  0  0  0  0  0  0  0  0  0  0  0  0  0  0  0  0  0  0  0  0  0  0  0  0  0  0  0  0  0  0  0  0  0  0  0  0  0  0  0  0  0  0  0  0  0  0  0  0  0  0  0  0  0  0  0  0  0  0  0  0  0  
0  31814  0  12  0  2  1  1  2  4  0  0  0  0  0  0  2  4  22987  0  293  277  3009  0  21  1141  0  0  0  1  0  2  1  446238  76941  173  573285  0  0  0  81  4  267592  11883  83  0  0  7447  7  42746  179  0  0  2  322  1  59  0  511211  104432  56995  0  0  0  12  7  0  65  2  0  0  1195495  1885488  7  0  0  0  0  0  0  0  0  0  0  0  0  0  0  0  0  0  0  0  0  0  0  0  0  0  0  0  0  0  0  0  0  0  0  0  0  0  0  0  0  0  0  0  0  0  0  0  0  0  0  0  0  0  0  0  0  0  0  0  0  0  0  0  0  0  0  0  0  0  0  0  0  0  0  
21214  0  0  2  1137  8912  0  0  0  0  0  164  154087  245266  141  262  4  583  0  0  0  0  5  26361  0  7  0  0  0  0  10  3228  0  0  0  0  0  0  0  11941  14  0  0  8  1  0  113187  5  106816  0  0  34709  461  10  0  0  2  0  0  0  0  16113  455  156527  2  359  1  84  2  561  0  0  27  0  0  0  0  0  1  0  0  0  1  0  0  0  0  0  0  0  0  0  0  0  0  0  0  0  0  0  0  0  0  0  0  2  0  0  0  0  0  0  0  0  0  0  0  0  0  0  0  0  0  0  0  0  0  0  0  0  0  0  0  0  0  0  0  0  0  14  0  0  0  0  0  0  0  0  
1380  0  0  1084  5187  2681  15  5  4  12  0  312150  1677  325800  2430  109  8  242  3  0  0  0  0  179  0  21  0  0  9  0  0  153  0  0  0  0  0  0  6614  0  158  0  0  7  85  0  1855  5  272683  0  0  34333  7342  244  16  3  6  1  0  0  0  179  11  998  1  121  33  44629  64  13  0  0  1  0  0  0  0  0  0  0  0  0  0  0  0  0  0  0  0  0  0  0  0  0  0  0  0  0  0  0  0  0  0  0  0  0  0  0  0  0  0  0  0  0  0  0  0  0  0  0  0  0  0  0  0  0  0  0  0  0  0  0  0  0  0  0  0  0  0  13  0  0  0  0  0  0  0  0  
473  0  1  173017  3038  2796  939  1219  3970  26450  0  372  0  221  1564  447  59140  86980  19987  34  3  112  4515  34  48  557801  196  4  215  183  11  6747  58815  15552  5  165485  0  2  73  4796  0  9  61  74619  10435  10  723  341201  268469  5  226  2854  2544  2224  189865  4107  2326  2916  44  25  662  3  186  57  7483  10363  60946  8427  966  197  383  0  126982  119968  1  0  1  17  3  7  10  3  221  20  0  3  0  5  0  2  4  40  14  0  20  2  43  1  2  432  25  0  3  0  65  134  0  0  0  129  1  0  1  0  1200  1  14  7  50  31  5  175  32  0  10  14  4  3  0  178  3  0  3  2  33  0  5  2  1  800  99  14  5  0  42  0  69  0  
0  639177  0  28  0  5  0  0  1  0  104638  0  0  0  2  0  0  9  182615  173755  4  579237  0  0  0  6  0  0  0  1  0  1  0  0  0  0  0  1  0  0  3  0  0  230574  691  0  0  11  10  0  65431  1  0  6  19  2  992125  43247  1558  3  13166  0  0  0  18  2  4  119  2  0  1  0  13  0  0  0  0  0  0  0  0  0  0  0  414  0  0  0  0  0  0  0  0  0  0  41  0  0  0  0  0  0  0  0  0  0  0  0  0  0  0  0  0  0  0  68  0  1  0  0  0  0  0  0  0  0  0  0  0  0  0  0  0  0  0  0  0  0  0  0  0  0  0  0  0  0  0  0  
3  0  0  2  1  12  0  0  33  53  0  0  0  0  0  1  3358  6344  72  0  57  8  490585  4136  11  575  0  0  0  3  0  1967  0  219495  539806  0  183578  288592  0  1  1360  0  0  600  6  0  31  101855  92  181322  20  2  1  4  231  5  31  1  12553  518  8339  0  26  669  139  66  1  11  0  3  1  181081  124733  3  0  0  0  0  0  0  1  0  6  1  0  0  0  0  0  0  0  1  0  0  0  0  1  0  0  10  1  0  1  0  0  10  0  0  0  0  0  0  0  0  23  0  0  0  0  0  0  2  0  0  1  1  0  0  0  5  0  0  0  0  3  0  0  0  0  28  6  1  0  0  1  0  0  0  
64  8381  1  9235  405  1918  1853  4826  7931  267415  1102101  157  0  33  276  385  131  24361  26066  140841  9  1171052  159215  7  1065  23958  47  1  192  26085  3  3192  4  0  5  1  0  1011  7  1513  114766  250040  60  0  31485  5  2639  4345  31461  302  37953  1343  454  3731  41799  1180  144821  465271  7359  767  229297  0  79  19  445852  17633  1042  16160  4079  66  372  5  48544  138  1  0  0  1  0  2  2  1  38  17  7430  0  0  2  0  2  0  5  3  1  7  303  5  0  0  63  4  0  0  15  6  29  0  0  0  14  0  0  0  0  142  73  2  224  10  4  1  10  5  0  11  4  1  0  0  23  1  0  0  1  5  0  1  0  2  269  18  4  0  1  9  0  3  0  
128  0  274575  412829  566  9029  2749  79300  44152  230  0  6933  0  114  1021  46093  4737  14396  3104  3  0  10  32  15  53  81742  74  922155  909384  68  6  1679  8  0  0  0  0  2  5  738  6918  3  1  1749  0  477568  1980  31116  99089  0  482  4616  789  8373  2089  1892  7651  305  125  187  416  1  179  30  2789  33196  612255  219647  300842  152  12782  0  2823  1  0  0  1  3  2  2  1  0  28  1  0  0  0  1  0  1  1  0  0  0  0  0  3  0  0  38  6  0  1  1  0  10  0  0  0  12  0  0  0  0  71  0  0  0  4  4  0  4  3  0  0  0  1  2  0  15  1  0  0  0  0  0  0  0  0  191  13  2  0  0  6  0  6  0  
0  0  326512  68  5  80  28  237391  177716  1  0  0  0  1  6  18731  8  52  42  0  0  0  0  0  0  64  14883  101491  2535  337255  0  9  0  0  0  0  0  0  0  10  118  0  0  23  295438  0  1  103  714  0  0  34  9  505  31  381  35  4  0  0  0  0  0  0  72  673  198048  9  623  0  146259  0  2  0  0  0  322  0  0  0  0  68  4932  0  0  0  0  0  0  562  0  0  0  0  0  0  0  0  0  0  0  0  0  1122  0  0  0  0  0  0  0  0  0  0  1  0  0  0  0  6390  0  0  0  0  0  0  0  0  0  0  0  0  0  0  0  0  0  0  0  1  0  0  0  0  11559  0  0  0  
15977  0  0  85  1685  22103  7  2  25  21  0  2119  157685  5484  511  169  283  253821  11  1  2  2  264  255334  0  231  2  0  5  1  2062  65879  114  73  573  0  0  0  110636  638  565  0  206  447  94  1  0  3746  95629  0  4  6714  1634  1062  73  8  13  3  0  0  4  1069  19167  217780  55  744  336  496  364  3839  3  0  1155  0  0  0  0  1  0  0  0  0  1  1  0  0  0  0  1  0  0  1  2  0  0  0  0  0  1  3  0  0  0  0  0  11  0  0  0  1  0  0  0  0  10  0  0  0  0  0  0  0  0  0  4  1  0  0  0  1  0  0  0  0  1  0  0  0  0  61  1  1  0  0  0  0  2  0  
6  2  4  1170  23  340  57  19  692  7466  0  338  4  4  17  32  402157  248590  1186  24  6  21  31270  7069  154  2832  41  4  146  80  20  22033  298566  40179  452479  11983  283  29686  3  84  246516  0  179187  4511  4702  8  36617  0  92202  2161  283  210  43  85  10006  1037  684  171  2972  135  1090  0  336  91  2729  4578  9003  339  314  168  66  17082  866758  98394  1  0  1  18  2  4  17  7  345  38  0  10  0  10  1  0  1  52  15  0  14  2  54  1  1  450  11  0  8  0  54  264  0  0  1  125  1  1  4  0  1707  0  12  13  45  24  7  222  53  0  9  23  8  4  0  164  3  0  1  4  43  0  5  0  2  1853  109  27  5  0  41  0  58  0  
66426  0  2398  558851  49491  58771  2287  2294  2914  18026  0  221857  5752  131379  21064  4944  159574  368753  70925  18  4  28  298  5447  105  9664  42  4  2253  78  224  66802  2454  16  51  9  0  1  98721  305310  280213  3  79  13086  149862  3  98412  35710  0  0  405  118182  49668  45621  7385  1785  30896  8237  43  62  131  1888  4908  20656  4083  21248  17106  230529  37381  5751  226  0  6915  103  0  0  0  2  3  21  10  4  76  4  0  0  0  0  0  0  0  19  3  0  6  0  9  1  1  93  7  0  1  0  8  123  0  0  0  31  0  0  0  0  242  0  0  0  15  6  0  28  10  0  3  6  0  4  0  52  0  0  2  1  12  0  2  0  1  1274  39  2  2  0  17  0  32  0  
0  3  0  3  0  0  0  0  2  5  0  0  0  0  0  0  94  46  2  0  432852  5  316335  0  16  17  0  0  0  0  0  34  0  2  3406  0  624524  163723  0  0  60  0  304123  825  16  0  0  5958  2  0  5  0  0  1  98  0  3  0  95908  371110  103913  0  0  0  14  2  0  7  0  0  0  93720  175137  0  0  0  0  0  0  0  0  0  0  0  0  0  0  0  0  0  0  0  0  0  0  0  0  0  0  0  0  0  0  0  0  0  0  0  0  0  0  0  0  0  0  0  0  0  0  0  0  0  0  0  0  0  0  0  0  0  0  0  0  0  0  0  0  0  0  0  0  0  0  0  0  0  0  0  
0  355973  0  172  0  14  5  25  32  0  0  0  0  0  2  2  0  26  3803  0  72305  168972  4  0  35  38  1  1  0  5  0  1  0  0  0  0  1  53  0  1  40  26161  0  33673  967  0  3  12  100  0  0  8  0  44  372  3  20293  33  74522  3310  302824  0  0  0  61  50  9  356  53  0  8  0  514  0  0  1  0  0  0  0  0  0  0  0  0  0  0  0  0  0  0  0  0  0  1  123  0  1  0  0  0  0  0  0  0  0  0  0  0  0  0  0  0  0  0  1  0  2  0  0  0  0  0  0  4  0  0  0  0  0  0  0  0  0  1  0  0  0  0  0  0  0  0  0  0  0  0  0  
152264  0  0  420  56669  71634  1057  1097  107  68  0  342210  16  404647  986930  4547  70  4574  755  0  0  4  3  2289  25  1776  10  0  34896  3  15  2311  1  0  0  0  0  0  65008  106779  650  0  0  128  3881  0  6634  204  68102  0  105  0  302180  264664  1246  134  1589  106  8  15  39  67614  169  3717  159  5817  3192  331424  7432  322  26  0  285  0  0  0  0  0  0  2  1  0  2  1  0  0  0  0  0  0  0  1  0  0  0  0  0  0  0  2  0  0  0  0  0  15  0  0  0  0  0  0  0  0  5  0  0  0  0  0  0  0  0  0  0  0  0  0  0  0  0  0  0  0  0  0  0  0  0  216  1  0  0  0  0  0  2  0  
173805  0  0  16  142648  32989  48  2  8  11  0  229  2  499  796224  80530  30  1187  16  0  0  0  2  87  0  58  0  0  5  1  9  1904  0  0  0  0  0  0  109  5038  99  0  0  16  47  0  375  36  14102  0  1  529776  0  86306  17  11  7  5  0  0  0  17  83  191  20  1416  285  194  112  103  0  0  23  0  0  0  0  0  0  2  0  0  0  0  0  0  0  0  0  0  0  0  0  0  0  0  0  0  0  0  0  0  0  0  0  10  0  0  0  0  0  0  0  0  2  0  0  0  0  0  0  0  0  0  0  0  0  0  0  1  0  0  0  0  0  0  0  0  0  109  0  0  0  0  0  0  0  0  
1078  0  12  6006  5973  116368  58657  144107  6113  9  0  121  0  33  905972  1011248  57  2956  801  0  1  5  8  16  102  12238  34  2  5074  50  6  514  0  0  0  0  0  1  15  1189  1330  1  0  333  16974  17  1135  487  58729  0  160  426476  102015  0  3923  394  1123  127  24  22  84  0  65  29  1637  21744  21646  211941  362531  54  317  0  1496  1  0  0  0  0  4  15  2  0  1  0  0  0  0  0  1  0  0  4  0  0  0  0  0  0  0  1  0  0  0  0  0  11  0  0  0  0  0  0  0  0  4  0  0  0  3  0  0  0  0  0  0  0  2  0  0  1  0  0  0  0  1  0  0  1  0  175  0  0  0  0  0  0  2  0  
9  2  1  518  18  402  781  1135  20284  231  0  3  0  2  24  51  65  5137  10809  49  4  309  1142  0  272691  438311  1641  0  245  675  1  452  32  314  3  13432  0  31  0  36  135007  7  20  58621  2653  1  82  2670  6388  20  227  136  15  863  0  46883  10078  2044  204  25  2156  0  22  2  37194  4557  6170  12288  307  10  2189  0  437519  122  0  0  0  2  0  0  1  0  5  0  0  0  0  0  0  0  0  1  0  0  1  0  1  0  0  12  0  0  0  0  1  2  0  0  0  2  0  0  0  0  42  0  1  0  2  1  0  1  1  0  0  0  0  0  0  3  0  0  0  0  1  0  0  0  0  79  4  0  0  0  1  0  0  0  
2  0  1  126  9  367  556  461  53684  44  3  2  0  2  20  24  99  3486  13494  140927  0  5  14  2  725800  323469  1205897  334  6173  25855  0  480  13  0  0  0  0  2  0  20  9779  0  3  16214  42266  133  83  3113  5611  0  213  309  11  1010  136918  0  15731  152621  103  10  200  0  9  4  292957  13083  337485  13265  4428  11  343168  0  57900  3  0  0  0  0  0  0  0  0  6  0  0  0  0  1  0  0  0  1  1  0  0  0  0  0  0  8  1  0  0  1  0  1  0  0  0  2  0  0  0  0  17  0  0  0  2  2  0  1  0  0  0  0  0  0  0  5  0  0  0  0  0  0  0  0  0  37  7  0  0  0  0  0  2  0  
1  551893  0  295  2  27  18  6  86  12  2265  0  0  0  29  5  11  292  1895109  1980  6  252838  6  0  71756  64  1  0  18  3  0  25  0  0  0  0  0  17  0  1  1007  839585  0  116574  7234  0  2  278  1337  0  69516  89  5  444  465  6287  0  159718  234851  50  43934  0  3  0  33004  101  122  47516  43  1  9  0  175792  1  0  0  0  0  0  0  0  0  0  0  0  0  0  0  0  0  0  0  0  0  0  0  0  0  0  1  0  0  0  0  0  0  0  0  0  0  0  0  0  0  0  0  0  0  0  0  0  1  0  0  0  0  0  0  0  0  0  0  0  0  0  0  0  0  0  1  0  0  0  0  1  0  0  0  
1  7245  0  425  2  40  17  8  348  10  362636  0  0  0  17  3  5  285  834044  631815  0  36195  10  0  64475  532  22  0  6  31  0  21  0  0  0  0  0  3  0  1  310  72964  0  344708  9172  0  3  284  1097  0  16114  58  6  207  1936  146021  257636  0  3285  5  4302  0  1  0  260465  230  322  5567  28  2  44  0  3537  0  0  0  0  0  0  0  0  0  0  0  6  0  0  0  0  0  0  0  0  0  0  0  0  0  0  1  0  0  0  0  0  0  0  0  0  0  0  0  0  0  4  0  0  0  0  0  0  0  0  0  0  0  0  0  0  0  0  0  0  0  0  0  0  0  1  4  1  0  0  0  0  0  0  0  
0  403468  0  1234  0  60  36  28  17  20  0  0  0  1  29  3  4  107  333754  10  7642  16412  1883  0  399  167  0  0  2  2  0  10  0  0  9  0  144226  595710  0  1  575  557  290  49937  11696  0  3  377  305  1169  202057  10  1  374  1029  16  184940  432  0  317014  146473  0  0  1  269  250  45  4513  114  2  1  299  271871  0  0  0  0  0  0  0  0  0  0  0  0  0  0  0  0  0  0  0  0  0  0  0  0  0  0  1  1  0  0  0  0  0  0  0  0  0  0  0  0  0  0  0  0  0  0  0  0  0  0  0  0  0  0  0  0  0  0  0  0  0  0  0  0  0  0  1  1  0  0  0  0  0  0  0  
0  166443  0  268  0  11  10  11  6  0  0  0  0  0  4  1  3  50  163  1  561435  448  5243  0  29  38  0  0  0  0  0  2  1  0  247  0  679610  166784  0  0  50  15  816  25893  1527  0  3  266  74  360569  75967  3  0  61  1166  3  171  8  315396  0  264462  0  1  0  18  59  17  529  43  0  0  217385  59241  0  0  0  0  0  0  0  0  0  0  0  0  0  0  0  0  0  0  0  0  0  0  0  0  0  0  0  0  0  0  0  2  0  0  0  0  0  0  0  0  0  0  0  0  0  0  0  0  0  0  0  0  0  0  0  0  0  0  0  0  0  0  0  0  0  0  0  0  0  0  0  0  0  0  0  
0  98006  0  1124  2  79  63  105  321  125  6693  0  0  1  34  15  24  388  2877  391  688555  1227294  412546  1  1515  333  0  0  1  11  0  50  0  0  94  0  2456  121694  1  4  869  32210  2058  273504  7103  0  20  453  765  85730  353171  16  7  527  20019  63  30874  9470  126013  248584  0  0  2  2  500  365  43  10158  262  3  21  802  92845  4  0  1  0  0  0  0  0  0  1  4  87  0  0  0  0  0  0  0  0  0  15  104  2  0  0  3  0  0  0  0  0  0  0  0  0  0  0  0  0  0  4  3  0  26  0  0  0  2  0  0  159  0  0  0  0  1  0  0  0  0  66  0  0  0  0  3  1  0  0  0  0  0  1  0  
135200  0  0  1  5  155  0  0  0  0  0  0  54366  55692  149177  1  0  7  0  0  0  0  0  245005  0  0  0  0  0  0  0  41  0  0  0  0  0  0  31228  64  0  0  0  0  0  0  238  0  301  0  0  104089  53  1  0  0  0  0  0  0  0  0  5  84885  0  10  0  8  0  4  0  0  0  0  0  0  0  0  0  0  0  0  0  0  0  0  0  0  0  0  0  0  0  0  0  0  0  0  0  0  0  0  0  0  0  0  0  0  0  0  0  0  0  0  0  0  0  0  0  0  0  0  0  0  0  0  0  0  0  0  0  0  0  0  0  0  0  0  0  1  0  0  0  0  0  0  0  0  
23  0  0  2  4  40738  1  0  16  30  0  0  427  50  1  1  10  15214  3  0  5  2  379  449366  0  205  0  0  0  3  368087  432078  0  0  2  0  0  0  1574  6  684  0  33  497  4  0  60100  229  419  0  0  16  1  2  55  1  0  0  0  0  3  12  0  127881  72  36  3  7  0  124283  2  0  1256  0  0  0  0  0  0  0  0  0  15  0  0  0  0  0  0  0  0  3  0  0  1  1  2  10  0  8  0  0  0  0  72  10  0  0  0  3  0  0  1  0  24  0  0  0  1  1  0  0  1  0  2  0  0  0  0  5  0  0  0  0  0  0  6  0  1  24  1  0  0  0  1  0  2  0  
52277  0  1  6  4843  39525  1  0  5  8  0  383  63000  56382  252  1669  49  5146  5  0  1  0  41  1013852  0  33  0  0  2  1  583  36675  0  4  72  0  0  0  264372  1430  105  0  355  53  7  0  270526  56  18899  0  1  4030  1098  42  9  1  2  0  0  0  1  128507  56445  0  14  2271  17  94  15  16801  0  0  378  0  0  0  0  0  0  4  1  0  3  0  0  0  0  0  0  1  0  0  0  0  0  0  0  0  0  3  0  0  0  0  0  20  0  0  0  1  0  0  0  0  5  0  0  0  0  2  1  0  2  0  1  0  0  0  0  4  0  0  0  0  0  0  0  0  0  163  0  0  0  1  0  0  0  0  
0  303  0  1696  19  673  3550  1265  71730  8185  509737  6  0  2  37  36  208  9113  164233  825859  2  7426  139  9  7930  6428  437627  4  1365  1019707  4  1646  8  0  0  0  0  11  1  102  10191  3635  6  463982  31570  18  541  4689  10073  0  8240  621  35  1608  37252  148222  170751  291168  3550  122  5835  0  34  12  0  36353  5329  8782  640  39  189463  0  39332  0  0  0  0  0  0  0  2  1  24  8  11383  0  0  1  0  0  0  1  0  223  1  8  1  0  0  29  2  0  2  567  0  9  0  0  0  13  0  0  1  0  61  0  0  0  8  1  1  1  3  0  0  5  0  1  0  16  0  0  0  0  0  0  0  0  36  192  8  4  0  0  6  0  6  0  
1066  0  17  1000  457  571924  295616  251550  442402  455044  6  73  2  79  301  10104  532  54008  3988  11  0  32  197  565  20  11349  391  5  2416  75360  17  145619  33  0  6  1  0  2  88  577  23719  1  94  28117  16514  40  1438  12800  46966  0  146  4209  549  5462  12033  5160  1082  434  16  10  48  5  255  2479  71552  0  9274  4436  6114  341  646  0  24911  776  1595  0  0  24  365  27877  2418  4632  5799  347  8  8  0  24  117  324  6  243  10  0  2  94  183  34  0  786  111  3  313  47  63  4777  0  0  0  137  0  0  45  0  2434  0  8  9  4291  310  91  59  117  0  15  144  253  156  0  1305  5  0  11  0  20  129  66  67  13  558608  989  13  167  128  2859  0  752  0  
15  0  76530  75097  64  3057  3838  641  36038  50  0  4  0  6  163  2077  685  6287  1925  18  0  4  8  1  133  1057740  430596  578772  9425  48010  1  794  12  0  0  0  0  0  2  18  58376  0  1  6783  373858  202173  42  7945  13600  0  58  365  114  4194  24318  404017  413  1690  10  9  36  0  36  7  11658  48648  0  9515  26638  23  141675  0  746  0  0  0  1  1  1  2  3  0  11  0  0  0  0  0  0  0  0  1  0  0  0  0  0  0  0  19  3  0  1  1  1  5  0  0  0  7  0  0  0  0  48  0  0  0  6  1  0  0  0  0  0  2  0  1  0  5  0  0  0  0  0  0  0  0  0  70  10  0  0  0  2  0  3  0  
895  1  0  159623  2785  9134  1640  128  1156  26  0  273537  0  901  294342  688  52  5842  2743  4  0  5  10  53  204  11275  34  2  516361  20  0  1061  0  0  0  0  0  2  379  15643  1273  0  0  297  439523  14  9531  106  179781  0  511  444026  2699  163512  7681  625  6972  385  55  75  195  15  95  123  457  5068  18295  0  146148  115  746  0  1971  0  0  0  0  0  0  6  0  1  3  0  0  0  0  0  0  0  0  3  0  0  0  0  1  0  0  0  0  0  0  0  0  4  0  0  0  0  0  0  0  0  3  0  0  0  1  0  0  0  0  0  0  0  0  0  0  0  1  0  0  0  0  0  1  1  0  341  0  0  0  0  0  0  6  0  
143  0  60200  11155  938  14268  15419  183109  16824  22  0  141  0  81  79260  201622  340  3696  2003  0  0  4  8  7  5  7834  22  67  589633  8  0  501  5  0  0  0  0  1  2  1253  1737  0  0  319  275171  751  304  4283  21723  0  26  14591  1242  439393  597  544  2487  182  2  10  18  0  31  15  440  29858  57543  133548  0  35  11922  0  420  0  0  0  0  2  0  4  1  0  4  0  0  0  0  0  0  0  0  0  0  0  0  0  2  0  0  7  2  0  0  0  0  3  0  0  0  2  0  0  0  0  16  0  0  0  4  2  0  1  2  0  0  0  0  0  0  6  0  0  0  0  0  0  0  0  0  85  5  0  0  0  0  0  3  0  
98153  0  0  0  102154  515486  1  0  6  15  0  2  1  49  5  179837  8  3061  3  0  4  2  148  200881  0  96  0  0  0  0  427339  277341  0  0  0  0  0  1  168  18  270  0  2  188  2  0  2768  82  677  0  0  69  8  4  19  2  1  0  0  0  1  0  115978  35609  27  109  0  3  2  0  0  0  849  1  2  0  0  0  0  2888  1  0  7  0  0  0  0  0  0  1353  0  0  0  0  2  0  0  36  0  6  2  0  0  0  5852  778  0  0  0  4  0  0  1  0  7  0  0  0  4  0  0  2  1  0  0  0  0  0  0  2  0  0  0  0  2  0  16  0  0  83  2  0  0  2309  0  0  0  0  
0  0  4  35  3  119  112  189  452079  34  1  2  0  0  5  21  47  1316  3099  1332  0  1  0  1  48  3062  69855  109  1033  520873  0  184  1  0  0  0  0  0  0  8  4320  0  0  905  7049  153302  12  2431  1585  0  24  54  4  590  1993  268063  1790  238  8  1  28  0  3  3  111729  9260  122344  241  1299  2  0  0  373  0  0  0  0  0  0  0  0  1  5570  29  56  0  0  0  0  1  0  0  0  4  0  0  0  0  0  7  0  0  0  29304  0  1  0  0  0  1  0  0  0  0  26  0  0  0  1  31  0  0  0  0  0  0  0  0  0  0  0  0  0  0  1  0  0  0  1  82  1  0  0  0  204582  0  2  0  
0  0  0  0  0  0  0  1  1  1  0  0  0  0  0  0  3  3  1  0  10  0  1233  1  4  2  0  0  0  0  0  0  0  464  63206  0  1403602  1153445  0  0  8  0  107138  122  3  0  0  3889  0  129526  0  0  0  2  13  0  1  0  37927  214148  8942  0  0  0  1  1  0  6  0  0  0  0  168766  0  0  0  0  0  0  0  0  0  0  0  0  0  0  0  0  0  0  0  0  0  0  0  0  0  0  0  0  0  0  0  0  0  0  0  0  0  0  0  0  0  0  0  0  0  0  0  0  0  0  0  0  0  0  0  0  0  0  0  0  0  0  0  0  0  0  0  0  0  0  0  0  0  0  0  
13  144  0  2005  35  525  463  364  2082  1546  15  2  0  4  284  50  1787  46632  462865  1721  200  1022  73443  48  1167499  58863  3  0  63  257  4  17426  42640  671169  215045  30110  6338  2127843  5  65  65753  56  225702  132843  25299  0  261  889284  8546  84991  18042  143  28  4649  630136  83862  146821  3833  219574  42219  169286  0  359  93  59442  2258  220  106882  344  167  110  135098  0  23322  0  0  0  10  1  3  3  0  95  8  0  0  0  0  1  0  1  16  4  0  8  2  12  3  0  171  9  0  3  0  23  101  0  0  0  55  3  0  1  0  455  0  3  3  23  6  4  70  18  0  11  11  1  3  0  64  1  0  1  4  21  0  3  0  1  330  46  12  2  0  12  0  23  0  
1  0  0  238  1  6  0  0  9  1121  0  0  0  0  2  0  36  2655  16  0  0  0  25  1  0  599  0  0  0  4  0  103  404027  93675  53  206611  0  2  0  7  97920  0  3  503  67  0  8  160512  1778  0  6  17  3  3  922  9  30  0  0  1  0  0  1  1  30  392  3  28  1  3  0  0  47024  0  0  0  0  0  0  0  0  0  10  3  0  0  0  0  0  0  0  0  1  0  1  0  0  0  0  13  0  0  0  0  2  2  0  0  0  3  0  0  0  0  70  0  0  0  2  0  0  15  2  0  0  0  0  0  0  3  0  0  0  0  2  0  0  0  0  64  2  1  1  0  0  0  1  0  
0  0  0  0  2  47  0  0  0  0  0  0  0  0  0  0  0  0  0  0  0  0  1  1  0  0  0  0  0  0  318  1  0  0  0  0  0  0  0  0  0  0  0  0  0  0  0  0  0  0  0  0  0  0  0  0  0  0  0  0  0  0  0  0  0  37  0  0  0  115  0  0  0  0  0  0  0  24  238160  65369  172  14  221  3  0  126  5097  7060  58064  81533  2  124  3  0  1  1  20  514531  0  39  11  0  12  0  120289  10914  0  0  0  12  0  0  90227  0  220  0  0  2  319  14  7207  1  8963  0  0  37783  343175  145  0  884  1  0  0  1  1  344734  5740  20247  25  6458  30  55  23  102049  126  0  45  0  
0  0  0  0  0  0  0  0  0  0  0  0  0  0  0  0  0  0  0  0  0  0  0  0  0  0  0  0  0  0  0  0  0  0  0  0  0  0  0  0  0  0  0  0  0  0  0  2  0  0  0  0  0  0  0  0  0  0  0  0  0  0  0  0  0  0  0  0  0  0  0  0  0  0  0  0  0  6  0  0  0  0  8  3  0  0  0  0  0  0  0  0  766347  0  407417  7  8  0  1  13  0  0  0  0  0  0  0  0  0  5  2270  7465  0  0  15  280513  0  23  1  1  0  0  10  0  403770  0  0  0  0  3  15342  3  226607  209224  8377  0  0  0  0  4  0  4  0  0  1  776  387  0  
0  0  1917  0  0  0  1  1068  39  0  0  0  0  0  0  1016  0  0  0  0  0  0  0  0  0  0  0  0  0  3  0  0  0  0  0  0  0  0  0  0  0  0  0  0  0  451  0  0  0  0  0  0  0  0  0  0  0  0  0  0  0  0  0  0  0  1  0  0  0  0  1  0  0  0  0  0  0  0  0  0  420  21058  149  0  0  0  0  0  0  551127  0  0  0  0  0  0  0  0  0  1  120156  152422  320096  71094  0  0  0  0  0  2  0  0  0  0  14  0  0  0  478395  493253  0  1  0  0  0  0  0  11  0  13  0  0  0  0  0  0  0  0  0  2  148270  0  457  0  93  0  1  0  
0  0  0  0  0  1  0  0  0  0  0  0  0  0  0  0  0  0  0  0  0  0  0  0  0  0  0  0  0  0  0  0  0  0  0  0  0  0  0  0  1  0  0  0  0  0  0  0  1  0  0  0  0  0  0  0  0  0  0  0  0  0  0  0  0  11  0  0  0  0  0  0  0  0  25  0  2  0  57  263  722  130  3957  150  0  457805  1  114  118  59  664  1945  138  0  0  0  49  17  2  603358  317  142055  152168  2  0  34  25313  812  228  5877  0  0  119  98  136893  0  0  46  128375  537  590  1047  629706  0  2  780  142  319  815  16130  77  22  6  1  6  10  15  15  291  2955  2720  152959  1520  0  3348  0  289  22  
0  0  0  0  0  15  3  2  0  0  0  0  0  0  0  18  0  0  0  0  0  0  0  0  0  0  0  0  0  0  0  0  0  0  0  0  0  0  0  0  1  0  0  0  0  0  0  0  0  0  0  0  0  0  0  0  0  0  0  0  0  0  0  0  0  211  0  0  0  1  0  0  0  0  168942  0  1  31  0  357289  1603  309  2908  19  0  590  0  3534  114567  600772  1  169  45  0  0  0  49  157  5  448  679  0  25  0  36  7926  0  0  0  151  0  1  3994  0  981  0  0  31  296  296  8737  4  12878  0  2  15585  715255  3269  3  15951  16  19  3  0  6  15965  358  1961  175  8212  2930  153  326  44721  1270  0  185  0  
3  0  0  0  36  15230  367  58  3  1  0  0  0  0  0  3378  1  16  0  0  0  0  5  3  0  0  0  0  0  0  104  1474  0  0  0  0  0  0  0  0  4  0  0  1  0  0  1  4  37  0  0  2  1  1  0  0  0  0  0  0  0  0  1  7  1  23109  0  0  1  1000  0  0  1  0  53034  0  0  43  688978  0  423588  14830  4081  9  0  3559  3  3946  139489  955528  12  918  25  0  2  5  319  208991  1  363  179  0  33  0  7995  277855  0  0  1  105  0  1  1402  0  1219  1  5  26  1025  3393  5290  35  7393  0  6  22688  83164  124849  1  5783  9  3  13  2  24  922  102148  71738  80  758999  697  181  1527  273783  837  0  1008  0  
0  0  0  0  0  640  7227  207  0  0  0  0  0  0  0  4719  0  0  0  0  0  0  0  0  0  0  0  0  0  0  0  2  0  0  0  0  0  0  0  0  0  0  0  0  0  0  0  0  0  0  0  1  0  0  0  0  1  0  0  0  0  0  0  0  0  786  0  0  0  0  0  0  0  0  67  0  2  250  804  528083  0  455971  50001  13  0  449  0  228  16538  603172  5  467  20  0  0  0  187  22  0  1550  231  13  939  2  2  405  0  0  1  121  0  0  15  0  1188  0  2  22  1877  10681  725  14  1591  0  7  14677  3845  459506  11  22280  20  6  9  0  10  41  45  43  241  313564  692  1951  12707  1  34495  0  765  0  
0  0  6  0  0  74  3332  49108  10377  0  0  0  0  0  0  16855  0  3  0  0  0  0  0  0  0  0  0  0  0  49  0  0  0  0  0  0  0  0  0  0  10  0  0  1  2  100  0  2  3  0  0  1  0  2  3  0  0  0  0  0  0  0  0  0  0  4815  0  0  0  0  7  0  13  0  2  0  2455  51  39  5645  393148  0  171319  7  0  3  0  4  80  617395  21  2669  55  0  3  1  1277  67  5  488  127  6  203573  55  1  32  0  0  2  54  1  0  1  0  4371  0  10  15  84003  266129  129  57  730  0  12  39  115  36324  0  6428  48  3  20  4  38  2  291  4  423  314431  389  67  517017  0  6163  0  2675  0  
0  0  79  0  0  0  30  721  91602  202  1  0  0  0  0  97  0  14  0  0  0  2  0  0  0  0  0  0  0  29598  0  3  0  0  0  0  0  0  0  0  6  0  0  25  0  3170  0  11  6  0  0  0  0  0  8  0  0  0  0  0  0  0  0  0  13  2821  0  0  0  0  13147  0  2  0  3  0  299  765  44  104  74635  122589  0  91467  0  30  0  29  205  1124  14  452  804  0  2  13  264  15  56  11710  1413  12  173  31218  0  16  0  1  0  3584  51  30  13  0  19031  0  9  21224  934  174500  103  81  2413  0  11  134  204  1038  2  3802  661  71  39  79  519  0  26  2  9337  389142  5466  540  605  0  287121  1  886  0  
0  0  0  1  1  1  1  0  1590  274  2  0  0  0  1  0  0  16  0  0  0  74  3  0  0  1  0  0  0  7692  0  1  0  0  0  0  0  0  0  0  11  0  0  33  0  0  0  24  12  0  0  0  0  0  4  0  1  0  0  0  1  0  0  0  23  317  1  0  1  0  258  0  17  0  4  0  1  1045  21  26  168  42  138752  0  2  39  0  50  20  3  47  233  514  0  16  6749  28364  9  37  22625  362  3  71  61150  8  28  0  0  1  3422  340  66  13  0  22810  6  35  137727  531  690  152  878  2742  1  129  81  90  193  0  2020  118  10  118  741  6095  5  6  2  2059  120368  1682  238  146  0  35428  1  715  0  
0  0  0  0  0  0  0  0  0  12  98410  0  0  0  0  0  0  1  0  18087  0  20679  0  0  0  0  11  0  0  40289  0  0  0  0  0  0  0  0  0  0  0  128  0  5788  0  0  0  0  1  0  0  0  0  0  0  0  0  3  0  0  89  0  0  0  3643  11  0  0  0  0  5  0  0  0  0  0  0  0  0  0  0  0  0  39  0  0  0  0  0  0  0  0  914  659288  0  118539  1  0  0  0  21  0  0  43628  0  0  0  0  0  0  0  0  0  0  4  191421  0  797176  0  0  0  0  0  0  0  0  0  0  0  2  346  193502  0  0  4  0  0  0  354792  2  0  0  0  0  4  0  0  0  
0  0  0  0  0  1  1  0  0  0  0  0  0  0  0  1  0  0  0  0  0  0  0  0  0  0  0  0  0  0  0  0  0  0  0  0  0  0  0  0  0  0  0  0  0  0  0  0  1  0  0  0  0  0  0  0  0  0  0  0  0  0  0  0  0  36  0  0  0  0  0  0  0  0  66  0  0  585907  811  2225  507  6  270  4  0  0  754  204396  1931  13  2524  35876  16  0  0  0  8  1995  0  2953  17  29  5616  0  1  159  13571  1086  5487  29  0  0  9721  187884  125  0  1  2  608  21  2479  880  446281  0  0  133547  671  93  8  1014  2  2  1  0  0  7  7  12  10  3547  46  358826  24  0  126  0  51  5  
0  0  0  0  0  0  0  0  0  0  0  0  0  0  0  0  0  0  0  0  0  0  0  0  0  0  0  0  0  0  0  0  0  0  0  0  0  0  0  0  0  0  0  0  0  0  0  0  0  0  0  0  0  0  0  0  0  0  0  0  0  0  0  0  0  0  0  0  0  0  0  0  0  0  4129  0  0  0  11  222  2  2  3  0  0  776  0  76681  4646  0  0  131  1  0  0  0  1  209414  0  2  0  0  0  0  12  98  0  29  23  1  0  0  203547  5  58  0  0  0  35  2  193828  0  114  0  0  75  16  0  0  13  0  0  0  0  0  170645  5463  83033  0  17  2  0  1  0  4  0  0  0  
0  0  0  0  0  0  0  0  0  0  0  0  0  0  0  0  0  0  0  0  0  0  0  0  0  0  0  0  0  0  0  0  0  0  0  0  0  0  0  0  0  0  0  0  0  0  0  0  0  0  0  0  0  0  0  0  0  0  0  0  0  0  0  0  0  29  0  0  0  0  0  0  0  0  10784  0  0  76  8968  7898  402  9  380  6  0  350110  75160  0  43617  34  0  531  3  0  0  0  7  3856  0  72  60  0  20  0  6  483  0  0  0  17  0  0  373895  119760  124  0  0  4  103  39  43015  0  233014  0  0  471629  5739  257  2  1804  2  2  0  0  0  66757  74  70  26  5599  155  2571  45  3  220  0  45  0  
0  0  0  0  0  6  3  3  0  0  0  0  0  0  0  0  0  0  0  0  0  0  0  0  0  0  0  0  0  0  0  0  0  0  0  0  0  0  0  0  0  0  0  0  0  0  0  0  0  0  0  0  0  0  0  0  0  0  0  0  0  0  0  0  0  104  0  0  0  0  0  0  1  0  67816  0  0  108  93402  117943  5647  167  1165  8  0  1842  22589  94344  0  113020  0  280  15  0  0  0  44  104364  0  378  99  2  217167  0  0  360  0  0  1  150  0  0  16  0  488  0  0  15  8690  80  396  3  1767  0  2  1752263  2290482  748779  19  8628  14  14  1  1  3  187190  29  33  167  5578  1081  260010  277894  0  777  0  192  0  
0  0  421  0  45  5356  397  26545  77  0  0  0  0  0  0  31548  0  1  0  0  0  0  0  0  0  0  0  0  0  0  1731  688  0  0  0  0  0  0  0  0  0  0  0  0  0  347  0  0  1  0  0  0  0  0  0  0  0  0  0  0  0  0  0  0  0  77  0  0  0  2342  0  0  0  0  96938  0  395202  70  786063  1107994  828112  643811  1111  4  0  38  0  52  159557  0  1  58  6  0  1  0  22  18015  0  338  63  382  392105  339  74926  675  0  0  0  26  0  0  14  0  236  0  0  3  101593  72817  47  4  510  0  0  378  100227  1107335  1  3168  2  6  1  0  2  18  2397  2629  88  2376  335  275  288087  396213  1138  0  59  0  
0  0  0  0  0  0  0  0  1  28  0  0  0  0  0  0  0  13  0  0  0  0  0  0  0  2  0  0  0  3  0  3  0  0  0  0  0  0  0  0  4  0  0  4  0  0  0  19  8  0  0  0  0  0  2  1  0  0  0  0  0  0  0  0  9  16  0  0  0  0  1  0  10  0  9  0  1  810  3  6  37  19  864  208  0  4031  0  0  5  4  0  498304  29  0  1  1  193895  11162  8  2985  73  5  208  1  25  110  30720  40  170969  268  4  13  2  0  82856  0  43308  29  9889  127  6999  324741  78502  34  10  8  6  30  0  3653  11  2  12  9  87  1  289  88  90  1375  438  26  247  0  892  12  935  2  
0  0  0  0  1  1  0  0  5  34  0  0  0  0  0  0  0  26  1  0  0  0  2  0  0  1  0  0  0  2  0  4  0  0  0  0  0  0  0  1  5  0  0  8  2  0  1  37  3  0  1  0  0  0  6  0  0  0  0  0  0  0  0  0  1  44  2  0  0  0  0  0  25  0  233  0  3  2632  598  1859  1953  47  3027  240  0  25263  27  862  1555  16  365782  0  60  0  4  9  205389  212137  16  2083  242  5  204  2  286  1209  4820  68  37631  357  7  17  21  551  18581  0  18461  45  8769  433  251152  12193  279318  24  31  987  780  308  0  15155  25  3  11  18  107  25  8061  2425  282  3140  764  34  614  0  1952  11  1182  2  
0  0  0  0  0  0  0  0  0  0  0  0  0  0  0  0  0  0  0  0  0  0  0  0  0  0  0  0  0  2  0  0  0  0  0  0  0  0  0  0  0  0  0  0  1  0  0  1  0  0  0  0  0  0  0  0  0  0  0  0  0  0  0  0  0  43  0  0  0  0  0  0  1  0  28  763790  0  2412  137  197  972  185  557  12  1383  219  0  130  415  57  12  342  0  101380  3437  34910  50  10  193590  4004  308  38  246  15  1  27  0  0  0  62  125  35710  17  0  1468  387483  7  170147  4624  93  494  151  10238  0  219782  857  1465  1771  5  164478  1845375  1031801  209314  540  125269  18  21  6  12570  836  202  12877  295  0  555  22769  466641  0  
0  0  0  0  0  0  0  0  0  0  431  0  0  0  0  0  0  0  0  65  0  1  0  0  0  0  44  0  0  1013  0  0  0  0  0  0  0  0  0  0  0  0  0  0  0  0  0  0  0  0  0  0  0  0  0  0  0  0  0  0  0  0  0  0  165  0  0  0  0  0  6  0  0  0  0  0  0  1  0  0  1  0  2  0  624771  0  0  0  1  0  0  0  121354  0  0  47  0  0  6598  1  188708  0  0  46773  0  0  0  0  0  0  0  0  0  0  2  254062  0  293247  0  1  0  0  0  0  51  0  1  0  0  220268  30248  552756  0  0  195  0  0  0  228970  0  0  0  0  0  176  0  2  0  
0  3  0  0  1  1  0  0  0  80  0  0  0  0  2  0  1  44  3  0  2  82  23  0  0  24  0  0  0  2  0  14  1  0  0  0  0  0  0  1  179  1  0  30  2  0  0  57  32  0  10  1  1  0  18  0  12  1  0  0  9  0  0  0  7  45  0  3  1  0  0  0  90  2  0  406860  0  74  1  3  7  2  217  59  0  3  0  0  0  0  10  76  3899  0  0  8850  231641  23  33  480  15  0  3  0  419  1370  0  3  28  108  134303  1514  0  0  1141  19662  2286  46  29  16  4  347  205  508159  273967  5  2  7  0  257  113  1  151851  968363  1077784  0  66  0  6  226  36  22  2  0  45  681  33772  5  
0  38  0  0  0  0  0  0  8  452  4092  0  0  0  0  0  0  6  0  0  6  25809  5  0  0  7  0  0  0  1718  0  9  0  0  0  0  0  0  0  1  63  83  0  578  0  0  0  17  4  0  15  1  0  0  11  0  1  0  0  0  34  0  0  0  19  471  0  0  0  0  0  0  32  0  0  37  1  25  3  3  6  0  129  5987  64325  1  0  0  5  0  0  26  39675  234  11978  0  101440  9  4  365  7  0  4  16491  150  522  0  0  0  51  3  0  0  0  612  515896  26  1146896  13  23  5  67  47  0  80551  1  7  13  0  124  59106  301  430  14  898605  0  24  0  1277  197  31  17  4  0  30  0  393  0  
0  0  0  0  0  0  0  0  1  81  0  0  0  0  0  0  2  44  1  0  1  6  11  0  0  10  0  0  0  3  0  15  0  0  0  0  0  0  0  1  75  0  0  32  0  0  1  74  21  0  3  1  0  0  11  0  2  1  1  0  3  0  1  0  5  58  2  1  0  2  0  0  61  0  8  3  1  591  26  44  97  14  4279  21830  0  46  0  10  25  4  109859  227073  307  0  217694  60297  0  46713  118  12748  280  1  44  4  412  2158  1  20  297746  2464  7778  277  2  0  17495  2  647128  110785  295  848  874  20175  1554  321444  562  43  74  155  1  3850  322  8  414  8228  749711  1  3147  76  538  2526  1090  82  97  0  2450  31  39978  65  
0  0  0  0  1  6  0  0  0  10  0  0  0  0  0  0  0  14  0  0  0  0  14  43  0  1  0  0  0  1  1845  10  0  0  0  0  0  0  0  0  12  0  0  5  0  0  1  8  7  0  0  3  0  0  1  0  0  0  0  0  0  0  7  0  0  13  1  0  0  97  0  0  6  0  491649  0  0  15  1062  97461  134  6  257  7  0  2059  381362  6517  121645  14461  8764  259174  10  0  10  11  93193  0  1  130  20  0  13  0  307216  31124  30  2509  4073  23  0  1  190236  5  4473  0  6801  8  789  49  593705  795  1272  0  12  438  147  41  1  1083  6  2  4  2  22  335302  809888  1472541  16  881  108  14  34  93271  119  0  455  0  
0  0  0  0  0  0  0  0  0  0  0  0  0  0  0  0  0  1  0  0  0  0  0  0  0  0  1  0  0  13  0  0  0  0  0  0  0  0  0  0  0  0  0  0  0  0  0  1  0  0  0  0  0  0  0  0  0  0  0  0  0  0  0  0  0  2  0  0  0  0  0  0  1  0  4  1  0  199  36  23  36  6  309  4  0  13  0  4  21  2  4  14  181876  761  939  3  60  1  0  621703  98845  5  10  17  2  7  2  68213  0  200910  466  1560  1  0  9324  1  17  4273  222  11  19  133  720  1  4978  42  111  118  202963  905181  179  14091  3081  1375  9366  0  0  2  209  65  1031  382  16  0  142  58  1229420  0  
0  0  0  0  0  3  0  0  3  8  0  0  0  0  0  0  1  5  0  0  0  0  1  0  0  1  0  0  0  5  0  1  0  0  0  0  0  0  0  0  10  0  0  1  0  0  0  4  5  0  0  0  0  0  1  0  1  0  0  0  0  0  0  1  0  202  0  0  0  0  0  0  6  1  201  0  13  387365  287  917  2664  494  11067  1291  0  1435  1  1417  842  200  1697  2308  641  0  15  8  365  87  394115  0  28868  253981  1045  15  8  153  101252  28197  3  773673  98  1422  320  0  610783  0  11  369  196003  2118  5390  631  48942  1  72  2534  1181  5652  238787  258484  361  55  76  294  619  28  118  72  441  29441  660383  9771  2861  0  7211  18  47657  1976  
0  0  0  0  0  0  0  0  0  1  1  0  0  0  0  0  0  0  0  2  0  0  0  0  0  0  24  0  0  1005  0  0  0  0  0  0  0  0  0  0  0  0  0  0  0  0  0  0  0  0  0  0  0  0  0  0  0  0  0  0  0  0  0  0  1  4  0  0  0  0  0  0  0  0  3  0  166457  19  240  123  380  68  883  3  20  5  0  8  34  36  11  75  123  201938  0  0  8  1  41354  85459  0  2951  520  912749  0  5  0  0  0  536  0  0  7  0  4661  0  2  22  698  108207  58  29  110  0  3  68  166  314  11836  1171605  10  877  5  2  10  2  1  1  79858  2035  815811  32  1004  1  147234  0  99  0  
0  0  0  0  0  0  0  0  0  0  0  0  0  0  0  0  0  0  0  0  0  0  0  0  0  0  0  0  0  0  0  0  0  0  0  0  0  0  0  0  0  0  0  0  0  0  0  0  0  0  0  0  0  0  0  0  0  0  0  0  0  0  0  0  0  10  0  0  0  0  0  0  0  0  7  0  161386  162890  6  11  49  12  92  0  0  36  0  16  24  4316  0  56  1  0  0  0  9  3  0  321964  2506  0  70737  0  0  5  0  0  0  26  0  0  2  0  113  0  0  0  1330597  9790  153  1  2755  0  0  64  112  83  5  271  1  0  0  0  0  1  2  4  6  254  720363  605  43  0  53  0  49  0  
0  0  1  0  0  1  0  6  0  0  0  0  0  0  0  8  0  1  0  0  0  0  0  0  0  0  0  0  0  0  0  1  0  0  0  0  0  0  0  0  3  0  0  0  0  0  0  0  0  0  0  1  0  0  1  0  0  0  0  0  0  0  0  0  0  25  0  0  0  0  0  0  1  0  3  0  216154  192381  33  110  1287  103721  1730  15  0  14418  0  19  198208  337693  11  249  15  0  1  0  59  5  3  287  178  102511  0  4  0  11  0  0  0  50  1  0  2  0  1174  0  0  8  1496072  11411  359  14  4760  0  5  7373  61  3968  6  5556  11  5  6  3  8  2  51  4  273  715  2143  553403  805856  0  811  0  505  0  
0  0  573  0  0  0  0  36  10673  69  232  0  0  0  0  37  0  1  0  179  0  51  0  0  0  0  1758  0  0  255760  0  0  0  0  0  0  0  0  0  0  0  0  0  30  0  1403  0  0  0  0  0  0  0  0  1  1  0  1  0  0  0  0  0  0  182  77  0  0  0  0  17666  0  0  0  0  0  75681  2  3  0  5  1239  43060  65185  57143  1  0  0  0  644  0  1  4  61456  0  25511  0  0  16  27  823327  0  0  0  0  0  0  0  0  5  0  1  0  0  68  0  0  40080  6  449703  0  0  7  0  0  0  2  0  0  161383  0  276  0  0  4  0  0  0  725829  58  1152  1  2  0  584248  0  1  0  
0  0  0  0  1  2171  0  0  0  25  0  0  0  0  0  19  0  15  0  0  0  0  4  189  0  2  0  0  0  0  30075  653  0  0  0  0  0  0  0  0  27  0  0  7  1  0  3  24  19  0  0  0  0  0  6  0  0  2  0  0  0  0  41  0  1  57  1  0  0  7796  0  0  23  0  73933  0  0  9  237  24680  16  1  190  5  0  5  3  12  10  54953  103  3897  7  0  10  7  6975  288610  2  160  21  1  7  1  0  215542  0  0  2  28  1  0  95  0  1265  0  5  6  1422  28  696  206  225  0  5  100  14  13  0  907  7  2  4  2  20  148  485633  1493  14  335  81  5  30  292753  136  0  308  0  
21  0  0  0  3  751  2  0  0  31  0  0  0  2  2  63  12  222  3  0  1  1  57  16  0  12  0  0  0  0  331  74137  0  0  0  0  0  0  3  0  47  0  0  26  2  0  49  52  282  0  0  10  1  0  4  1  5  0  0  0  2  0  21  55  6  987  4  4  6  373  1  0  86  0  5793  1  0  79  1255  175995  120  26  650  49  0  14  7  80  113  366  47  3354  47  1  39  52  2690  10852  6  566  38  3  30  0  188472  0  1  0  5  85  2  0  296  0  2591  1  48  20  2731  93  2074  829  458  0  59  506  122  48  0  2453  14  4  52  6  101  591  263655  6759  33  100071  225  19  89  49265  323  0  4887  0  
0  0  0  0  0  0  0  0  0  0  0  0  0  0  0  0  0  0  0  0  0  0  0  0  0  0  0  0  0  0  0  0  0  0  0  0  0  0  0  0  0  0  0  0  0  0  0  0  0  0  0  0  0  0  0  0  0  0  0  0  0  0  0  0  0  0  0  0  0  0  0  0  0  0  0  0  0  17517  0  0  0  0  0  0  0  10258  0  0  0  0  32017  2028  0  0  0  0  0  1  9  68400  0  1  0  0  0  0  0  148933  183112  278784  0  0  0  0  258994  0  0  0  0  0  0  291614  4130  0  0  0  0  0  0  0  0  0  0  0  0  0  0  0  0  0  0  0  0  0  0  0  4  254616  
0  0  0  0  0  0  0  0  0  0  0  0  0  0  0  0  0  0  0  0  0  0  0  0  0  0  0  0  0  0  0  0  0  0  0  0  0  0  0  0  0  0  0  0  0  0  0  0  0  0  0  0  0  0  0  0  0  0  0  0  0  0  0  0  0  0  0  0  0  0  0  0  0  0  0  0  0  1678  0  0  1  0  11  1  0  3142  291  1  0  0  22  27  1  0  0  1  107  4043  63714  32123  0  0  0  0  0  0  129118  0  1046142  446635  20  119555  0  0  39448  0  253609  1  0  1  19  75956  12  51  0  0  0  0  0  4  2  0  2  22  232  0  0  297  0  3  0  1  0  0  4  140  1107979  214163  
0  0  0  0  0  0  0  0  0  10  0  0  0  0  0  0  0  10  0  0  0  0  0  0  0  1  0  0  0  2  0  5  0  0  0  0  0  0  0  0  2  0  0  3  1  0  0  15  1  0  0  0  0  0  3  0  0  0  0  0  0  0  0  0  1  10  1  0  0  0  0  0  7  0  0  0  0  247  1  0  1  1  237  47  0  4795  154  2  0  0  123003  42501  12  0  43  0  240197  6423  16  444  10  0  0  0  15  92  191777  763136  0  87  306  61913  0  0  1082  0  386124  16  15  21  1593  541123  399  19002  14  1  2  7  0  353  4  0  24  975  680  0  4  365  3  262  40  4  1  0  46  15146  128444  99982  
0  0  0  0  0  0  0  0  0  0  0  0  0  0  0  0  0  1  0  0  0  0  0  0  0  0  0  0  0  1  0  0  0  0  0  0  0  0  0  0  1  0  0  0  0  0  0  1  1  0  0  0  0  0  0  0  0  0  0  0  0  0  0  0  1  2  0  0  0  0  0  0  0  0  6  0  0  4636  55  413  670  21  835  64  0  77  0  20  485  63  43  72  405  0  257  34  524  2  88359  599582  64  20  61  0  2  10  176858  504190  4  0  964  227  1  0  512869  0  815  2682  1083  84  91  3301  2042  89  55  484  587  3393  113737  21362  335  47  674  2770  4955  5  6  2  52  1023  7946  864  650  0  363  291  219731  207704  
0  0  0  0  0  0  0  0  0  0  0  0  0  0  0  0  0  0  0  0  0  0  0  0  0  1  0  0  0  0  0  0  0  0  0  0  0  0  0  0  1  0  0  0  0  0  0  0  0  0  0  0  0  0  0  0  0  0  0  0  0  0  0  0  0  1  0  0  0  0  0  0  0  0  0  11118  0  15  0  0  1  0  138  7  0  0  0  0  0  0  0  0  1  0  83304  3  9018  0  13  65  2  0  0  0  0  1  0  9  46  36  0  518392  1  0  415  0  324800  4  5  1  1  120  20  366198  1  0  2  1  0  19  5  1  73732  746937  6689  0  0  0  1  29  5  3  0  0  20  1022244  8997  7  
0  0  0  0  0  0  0  0  0  0  0  0  0  0  0  0  0  0  0  0  0  0  0  0  0  0  0  0  0  0  0  0  0  0  0  0  0  0  0  0  0  0  0  0  0  0  0  0  0  0  0  0  0  0  0  0  0  0  0  0  0  0  0  0  0  0  0  0  0  0  0  0  0  0  0  30625  0  30  0  1  2  0  116  8  0  1  0  0  0  0  2  5  4398  0  1483  3  3026  5  548  955  1  0  0  0  0  0  0  93743  43355  55  499295  0  0  0  517  0  364558  22  6  5  1  59085  79  166554  116  1  0  2  0  80  56  3  366724  50301  6870  0  0  0  3  35  12  8  2  0  21  1112483  1768190  1127  
0  0  0  0  0  1  0  0  0  0  0  0  0  0  0  0  0  0  0  0  0  0  1  0  0  0  0  0  0  0  0  0  0  0  0  0  0  0  0  0  0  0  0  0  0  0  0  0  0  0  0  0  0  0  0  0  0  0  0  0  0  0  0  0  0  9  0  0  0  0  0  0  0  0  120446  0  0  3167  7739  22885  162  2  374  21  0  8942  169203  352820  66  11  7  391  1  0  0  0  8  33413  0  89  39  0  42  0  365  3648  0  1  0  20  0  0  0  1190  674  0  0  2  805  43  98690  0  235086  0  0  28400  6850  80  0  1307  0  2  0  0  0  45563  18213  69121  31  1297  93  8002  39  35  178  0  19  0  
0  0  0  0  0  0  0  0  0  0  0  0  0  0  0  0  0  0  0  0  0  0  0  0  0  0  0  0  0  0  0  0  0  0  0  0  0  0  0  0  0  0  0  0  0  0  0  0  0  0  0  0  0  0  0  0  0  0  0  0  0  0  0  0  0  0  0  0  0  0  0  0  0  0  0  0  0  8237  0  0  0  0  1  0  0  285196  11  150076  0  0  0  333  0  0  0  0  0  1  0  2  0  0  1  0  0  0  0  0  0  0  0  0  4473  0  0  0  0  0  0  0  1838  0  96724  0  0  2688  0  0  0  0  0  0  0  0  0  0  0  0  0  1  0  32852  0  0  0  0  0  0  
0  0  0  0  0  13  2  0  79  688  0  1  0  0  1  0  7  367  6  0  1  5  8  0  0  35  0  0  4  157  0  71  0  0  0  0  0  0  0  2  266  0  1  313  9  0  1  494  193  0  4  3  2  2  110  5  25  0  2  0  2  0  2  0  97  928  5  6  3  0  7  0  444  4  212  2  25  168414  1265  1082  3034  730  88639  13247  0  472  1  335  798  209  79444  42822  12152  1  189  89  53768  1194  8903  613168  4133  104  3036  50  289  1524  213067  44957  350  430204  1050  723  145  1  0  0  17765  5642  93709  6867  3528  332876  128933  388  281  1470  2324  3895  51317  108466  5557  820  964  3450  15358  57  6513  201  1805  186134  19766  9524  5892  1  24151  280  104353  123873  
0  8  0  0  0  0  0  0  0  12  185  0  0  0  1  0  0  2  0  29  0  238  0  0  0  1  0  0  0  2  0  0  0  0  0  0  0  0  0  0  18  19  0  18  0  0  0  4  0  0  10  0  0  0  0  0  0  0  0  0  8  0  0  0  0  5  0  0  0  0  0  0  7  0  0  200108  0  1  0  0  0  0  0  2  197254  0  0  0  0  0  1  0  393182  263875  12924  568439  1  1  0  2  0  0  0  0  2  4  0  0  0  0  0  1  0  0  5  0  0  533314  0  0  0  0  3  0  466559  0  0  0  0  3  79653  4694  32  3  71025  0  1  0  1  4  0  2  0  0  0  0  4  0  
0  0  0  0  0  0  0  0  1  8  0  0  0  0  0  0  0  10  1  0  0  0  0  0  0  0  0  0  0  2  0  2  0  0  0  0  0  0  0  0  5  0  0  2  0  0  0  4  3  0  0  0  0  0  1  0  0  0  0  0  0  0  0  0  2  12  0  0  0  0  0  0  5  0  0  0  0  16  3  1  6  0  125  40  0  2  0  1  0  0  2487  4914  7  0  107  3  564173  5658  20  304  9  0  1  0  8  55  0  175588  333677  115  216830  414698  0  0  1025  0  0  5  9  14  7  40242  38  343636  6  1  1  3  0  107  1  1  22  1550  1677  0  2  12  1  152  20  5  5  0  24  54288  49672  920  
0  0  0  0  0  2  0  0  0  47  2408  0  0  0  0  0  1  21  1  17  0  6511  0  0  0  4  0  0  0  18  0  2  0  0  1  0  0  0  0  1  28  1  0  1002  1  0  0  22  11  0  0  0  0  0  9  0  3  0  0  0  8  0  0  0  4  51  0  1  0  0  0  0  24  0  5  54  5  3627  139  139  323  63  52983  167063  853145  96  0  52  229  28  11  424  104235  114129  75  1091238  67616  9  352  17982  292  6  178  57485  6  31  0  0  1  788  14  1  15  0  10856  344256  7  0  1763  722  339  81  8920  0  9749  434  940  1122  4  14341  308029  392756  23597  67  191931  14  57  11  420249  2196  1139  2237  332  0  70671  68  16527  0  
0  0  0  0  0  3  1  0  0  2  0  0  0  0  0  0  0  9  0  0  0  0  0  0  0  1  0  0  0  0  0  2  0  0  0  0  0  0  0  0  10  0  0  2  0  0  0  4  7  0  0  0  0  0  5  0  0  0  0  0  0  0  0  0  0  361  2  0  0  0  0  0  9  0  212  0  321405  117231  1090  1314  10259  54991  15135  308  0  1349  0  856  5071  130728  502  4709  158  0  1  0  1061  140  12  425118  1487  1240755  1396465  5  12  252  0  0  0  2063  1  0  175  0  24062  0  13  69  0  159161  7913  105  89699  0  40  5220  9524  18656  300  32028  92  33  38  9  83  118  741  181  965  20982  726177  159474  413056  1  8097  0  4642  0  
0  0  1563  0  0  1  0  3594  1072  2  0  0  0  0  0  563  0  2  0  0  0  0  0  0  0  0  0  0  0  17  0  0  0  0  0  0  0  0  0  0  4  0  0  1  0  4885  0  3  1  0  0  0  0  0  0  0  0  0  0  0  0  0  0  0  1  47  0  0  0  0  70  0  10  0  4  0  334841  108  188  600  40509  266514  166378  263  0  9  0  10  86  51606  32  3801  164  2  3  1  1581  75  17  19151  85524  6719  5210  513484  5  26  0  0  3  8352  2  0  7  0  38116  0  22  54  266965  0  165  139  1121  0  18  146  314  1359  3  159335  134  14  16  6  41  3  419  14  2085  57931  143779  204  5872  0  221623  0  1950  0  
0  0  0  0  0  2  0  0  0  0  0  0  0  0  0  0  0  0  0  0  0  0  1  0  0  0  0  0  0  0  0  1  0  0  0  0  0  0  0  0  1  0  0  0  0  0  0  0  0  0  0  1  0  0  0  0  0  0  0  0  0  0  0  0  0  47  0  0  0  0  0  0  0  0  26739  0  0  37  26003  14700  2115  62  2719  31  0  6710  125609  19967  1834  43  409  165392  33  0  1  1  535  428494  0  480  215  6  175  0  567  9308  11  7  213  156  0  0  86316  728  8897  0  5  19  13122  420  0  141  77888  0  3  14949  2884  551  0  14330  9  11  3  0  10  2950  55525  275220  238  3493  788  65  529  37  1782  0  194  0  
0  0  0  0  1  14  1  0  27  909  0  0  0  0  3  0  12  648  9  0  0  2  6  0  1  24  0  0  1  82  0  192  0  0  0  0  0  0  0  2  201  0  3  187  4  0  2  883  316  0  6  2  1  0  105  8  13  1  0  0  1  0  1  1  102  815  22  0  1  0  1  0  579  3  2  0  3  2300  9  28  57  12  2120  1938  0  2052  6  8  8  0  321836  94332  392  0  125  9  55373  1041  153  6527  133  1  40  7  379  2344  305851  82070  603598  3181  470  123759  2  0  312410  0  190975  257  264  319  381  0  2424  34672  120  28  29  68  0  2417  99  3  111  2219  1968  0  295  101  33  12150  566  81  67  0  546  29658  364849  366244  
0  0  0  0  0  12  2  0  0  6  0  0  0  0  0  0  0  3  1  0  0  0  0  1  0  0  0  0  0  0  0  2  0  0  0  0  0  0  0  0  3  0  0  2  1  0  0  8  2  0  0  0  0  0  0  0  0  0  0  0  0  0  0  0  1  171  0  1  0  0  0  0  5  0  22236  0  14  674056  72482  54403  27649  792  60540  2765  0  489435  124  249294  13363  293  81225  303143  746  1  2  4  2372  1684  20  98455  3307  2051  12871  23  117  3604  8427  12  307  3340  2  4  159628  56588  114942  0  5  381  123170  5746  84883  1133  0  0  20  96992  15697  3872  128  211137  447  188  24  8  94  1734  2268  681  4207  37817  8257  83501  7365  109  30194  0  1479  0  
0  0  0  0  0  0  0  0  0  0  0  0  0  0  0  0  0  0  0  0  0  0  0  0  0  0  0  0  0  0  0  0  0  0  0  0  0  0  0  0  0  0  0  0  0  0  0  0  0  0  0  0  0  0  0  0  0  0  0  0  0  0  0  0  0  0  0  0  0  0  0  0  0  0  0  0  0  11  0  0  1  0  61  2  0  0  0  0  0  0  12  6  5  0  470946  0  307297  0  52  117  3  0  1  0  0  0  0  80  9136  81  444653  141531  0  0  792  0  713918  6  2  2  0  6390  16  0  2  3  0  1  0  25  1  0  267  391610  124126  0  0  0  0  15  7  6  1  0  9  75391  217888  315  
0  9  0  0  1  2  0  0  0  28  0  0  0  0  1  0  0  11  0  0  1  225  0  0  0  4  0  0  0  1  0  4  0  0  0  0  0  0  0  0  52  0  0  7  0  0  1  12  10  0  13  1  1  0  3  0  4  0  0  0  11  0  0  0  1  18  0  0  0  0  0  0  23  0  0  332393  0  139  1  0  0  1  22  14  0  5  0  0  0  0  0  3  107941  29  238758  57185  12  0  2  158  3  0  4  0  20  22  0  0  0  3  10  0  0  0  50  447465  0  788  24  3  6  6  321  0  0  1  0  4  0  84  67533  16  76347  13113  486174  0  1  0  4  15  6  26  3  0  13  1  267  0  
0  0  0  0  0  42  6  0  1  0  0  0  0  0  0  0  0  1  0  0  0  0  2  0  0  0  0  0  0  0  0  0  0  0  0  0  0  0  0  0  1  0  0  0  0  0  0  0  3  0  0  1  0  0  0  0  0  0  0  0  0  0  0  0  0  600  0  0  1  0  0  0  0  0  27147  0  2  10504  94121  87826  51007  277  3159  22  0  266639  44  811901  1300028  2969  5  1409  39  0  2  2  144  990  2  561  480  1  10475  3  21  4093  0  0  0  174  0  0  19116  2628  1216  0  4  30  2013  287  5617  11  53671  0  6  0  482684  612840  15  16357  21  20  11  0  11  214456  279  281  268  44728  2751  705148  732  7  1875  0  782  0  
0  0  0  0  0  22  8  13  0  1  0  0  0  0  0  0  0  1  0  0  0  0  1  0  0  0  0  0  0  0  0  0  0  0  0  0  0  0  0  0  2  0  0  0  0  0  0  1  1  0  0  1  0  1  0  0  0  0  0  0  0  0  0  0  1  583  0  0  0  0  0  0  0  0  214110  0  0  111  625747  109463  4936  1023  5239  27  0  2107  7  19457  2540954  89302  1  306  60  0  0  0  66  193  3  765  525  2  133  0  15  4830  0  0  0  272  1  0  15921  0  1473  0  0  63  1394  346  947  3  3165  0  1  727791  0  240289  18  22632  40  29  1  1  10  386794  172  156  331  21467  2619  1772  549  27  2308  0  294  0  
0  0  0  0  0  4  0  0  1  3  0  0  0  0  0  1  0  1  0  0  0  0  1  0  0  0  0  0  0  0  0  0  0  0  0  0  0  0  0  0  1  0  0  2  0  0  0  1  0  0  0  0  0  0  0  0  0  0  0  0  0  0  0  0  1  541  0  0  0  0  0  0  1  0  176  0  3  336  1696  110821  488120  88567  13508  64  0  313  0  433  836046  1325542  18  1261  153  1  0  0  488  24  6  4177  512  14  17472  8  1  199  0  0  0  1220  2  1  144  0  5842  0  9  142  28231  2744  899  35  3560  0  18  588562  101185  0  175  81790  139  83  21  5  41  246  97  34  1932  19555  5378  100582  344223  0  10350  0  1794  0  
0  0  0  0  0  0  1  0  0  0  0  0  0  0  0  0  0  0  0  0  0  0  0  0  0  0  0  0  0  0  0  0  0  0  0  0  0  0  0  0  0  0  0  0  0  0  0  0  0  0  0  0  0  0  0  0  0  0  0  0  0  0  0  0  0  1  0  0  0  0  0  0  0  0  8  0  0  898  51  324  486  9  73  0  0  27  0  31  447  61  2  23  161  0  0  0  4  1  230824  293081  6723  45  39  0  0  13  0  0  0  242092  0  0  6  0  73300  0  0  73  844  16  82  0  631  0  1  479  684  2725  0  247436  111  43  0  0  2  8  0  1  29  217  23181  573  402  0  60  0  55755  0  
0  0  0  0  0  4  1  1  0  5  0  0  0  0  0  0  0  4  0  1  0  0  0  0  0  0  0  0  0  40  0  1  0  0  0  0  0  0  0  0  2  0  0  1  0  0  0  8  2  0  0  0  0  0  1  0  0  0  0  0  0  0  0  0  0  284  1  0  0  0  0  0  8  0  164  2  1656  6693  8566  7293  16568  1044  32223  280  15  542  0  458  6311  1266  58  1483  167046  150524  471  25  502  46  741233  278764  1092279  333  1435  127657  14  266  0  2  3  30737  221  114  214  1  83416  0  128  21575  13806  82378  2140  974  22231  2  4972  9651  19893  36401  252873  0  18196  344673  2917  521  7122  251  114  41  131967  22159  358838  30474  9058  0  372023  12  165402  0  
0  0  0  0  0  0  0  0  0  0  0  0  0  0  0  0  0  0  0  0  0  0  0  0  0  0  0  0  0  1  0  0  0  0  0  0  0  0  0  0  0  0  0  1  0  0  0  0  1  0  0  0  0  0  0  0  0  0  0  0  0  0  0  0  0  29  0  0  0  0  0  0  0  0  40  2980  2  3420  342  432  978  117  739  10  2968  207  0  137  1196  106  9  334  1865572  47146  414  19082  39  15  220  4855  57  26  320  2  0  43  0  0  0  118  2  2  39  0  1661  80952  1  532181  4491  193  532  5  11292  0  70422  2150  4885  4471  11  10161  0  180255  68314  46  257416  71  16  14  10795  1072  273  15023  303  0  1030  4  126610  0  
0  0  0  0  0  0  0  0  0  0  0  0  0  0  0  0  0  0  0  0  0  0  0  0  0  0  0  0  0  0  0  0  0  0  0  0  0  0  0  0  0  0  0  0  0  0  0  0  0  0  0  0  0  0  0  0  0  0  0  0  0  0  0  0  0  8  0  0  0  0  0  0  0  0  9  0  0  414  238  312  419  20  214  1  191394  42  0  34  751  52  5  65  1329702  507285  29  68  9  4  12333  1311  404  2  110  119  0  30  0  0  0  93  4  0  15  0  565  11573  0  707755  1165  76  108  2  1347  0  774  1100  2885  2855  10  323767  97079  0  440  30  1549  32  8  3  354049  335  132  4362  116  0  2194  0  1420  0  
0  0  0  0  0  0  0  0  0  1  0  0  0  0  0  0  0  1  0  0  0  0  0  0  0  0  0  0  0  1  0  0  0  0  0  0  0  0  0  0  0  0  0  1  0  0  0  0  1  0  0  0  0  0  0  0  0  0  0  0  0  0  0  0  0  8  0  0  0  0  0  0  0  0  15  164334  1  11592  39  58  146  21  1467  36  0  296  0  41  24  1  6  220  312001  0  79432  72  76  3  280  7044  113  44  332  0  0  17  0  1  0  396  60877  401170  20  0  3247  15  15  4166  1840  174  331  52  27984  33  266425  377  76  114  0  3543  67391  11  0  259976  117037  2  17  6  122  824  344  2865  161  0  766  437200  252580  0  
0  0  0  0  0  0  0  0  0  1  0  0  0  0  0  0  0  1  0  0  1  0  0  0  0  0  0  0  0  0  0  0  0  0  0  0  0  0  0  0  1  0  0  0  0  0  0  0  0  0  0  0  0  0  0  0  0  0  0  0  0  0  0  0  0  1  0  0  0  0  0  0  0  0  0  226518  0  192  6  2  16  1  1238  73  0  4  0  3  2  0  6  20  2400  0  864197  124  9917  0  160  1286  26  0  10  0  0  0  0  15  39  431  587694  79942  1  0  3650  1  1913  173  56  69  10  318  442  450417  40129  11  12  22  0  483  109  2  267182  0  171328  0  2  0  23  373  72  51  11  0  222  439342  168660  19  
0  15  0  0  0  0  0  0  2  13  0  0  0  0  1  0  0  7  0  0  4  217  2  0  0  0  0  0  0  1  0  1  0  0  0  0  0  0  0  1  33  1  0  8  0  0  1  22  6  0  8  0  1  0  4  0  2  0  0  0  6  0  0  0  0  12  0  0  0  0  0  0  17  0  0  10277  2  989  14  24  145  17  9735  1177  3  35  0  5  28  4  65  105  146831  140  963848  841734  596998  6  2205  11243  249  2  70  1  31  114  0  155  638  3390  13857  12250  3  0  38799  47085  1181  163110  298  581  44  591  2339  79134  547100  49  66  153  2  4088  199643  327  150999  136557  0  1  18  2  58  4265  826  299  84  0  1100  109  58813  9  
0  0  0  0  0  0  0  0  0  0  0  0  0  0  0  0  0  0  0  0  0  0  0  0  0  0  0  0  0  0  0  0  0  0  0  0  0  0  0  0  0  0  0  0  0  0  0  0  0  0  0  0  0  0  0  0  0  0  0  0  0  0  0  0  0  7  0  0  0  0  0  0  0  0  222357  0  0  24  10722  12017  58  9  260  3  0  23  294895  113763  155103  5  1  14  0  0  0  0  3  289258  0  49  19  0  7  0  23  890  0  0  0  16  0  0  203429  0  91  0  0  3  57  15  531  1  239  0  0  209796  238149  88  1  1247  3  2  0  0  0  0  232  4075  22  813  63  60  28  2  133  0  7  0  
0  0  0  0  0  4  0  0  0  18  0  0  0  0  0  0  2  31  5  0  1  3  28  25  0  4  0  0  0  0  1013  25  0  0  0  0  0  0  0  0  32  0  0  11  2  0  0  30  22  0  3  1  0  0  5  0  5  0  0  0  1  0  5  0  0  34  0  1  0  35  0  0  30  0  19357  0  0  41  1644  96181  258  29  1192  34  0  54  445  219  461  121  137  29102  25  0  27  31  23728  795407  2  466  111  1  86  0  424484  336262  2  1  26  102  0  0  2732  0  14150  1  18  16  9071  214  29160  365  1704  0  24  897  335  83  0  6065  21  1  15  1  52  2558  0  142734  124  1829  452  21  303  144023  854  0  1226  0  
0  0  0  0  0  2  0  0  0  0  0  0  0  0  0  0  0  0  0  0  0  0  2  0  0  0  0  0  0  0  0  0  0  0  0  0  0  0  0  0  2  0  0  0  0  0  0  0  0  0  0  0  0  0  0  0  0  0  0  0  0  0  0  0  0  20  0  0  0  0  0  0  2  0  54963  0  0  2  3863  116953  136  18  296  0  0  21  200520  189  181  962  537  3809  1  0  0  0  1721  1423733  0  50  22  1  20  0  1829  45774  0  108  123  15  0  0  473158  0  1467  0  31  1  1614  38  307770  17  448  0  2  667  178  37  0  1296  0  1  1  0  4  13311  253960  0  28  5424  88  4  42  26687  201  0  47  0  
0  0  0  0  0  0  0  0  0  0  252  0  0  0  0  0  0  0  0  1  0  2  0  0  0  0  14  0  0  6438  0  0  0  0  0  0  0  0  0  0  0  0  0  3  0  0  0  1  0  0  0  0  0  0  0  0  0  0  0  0  0  0  0  0  18  8  0  0  0  0  0  0  0  0  15  2  0  655  361  474  1018  164  18893  1579  527962  37  0  39  860  91  2  122  30169  274524  85  989  29  5  1510  4216  119243  9  107  906618  1  35  0  0  1  349  22  2  28  0  2466  13  2  484950  1189  1119  146  23  2195  1  1630  1263  2625  4629  9  221059  26300  517388  1147  75  1923  26  6  5  0  819  556  2586  579  0  148751  1  12140  0  
53  0  2  18  15  55835  2862  4431  60382  109198  1  1  0  2  9  180  137  8472  71  3  0  28  43  57  0  451  18  0  31  16236  13  3644  5  0  3  0  0  0  6  11  2182  1  51  7090  254  2  173  10573  4434  1  18  165  30  68  3072  203  43  14  9  0  3  0  38  147  5170  365906  549  48  88  91  143  0  5613  15  4930  1  9  2290  5327  717782  361407  292771  516957  177194  0  3918  1  4362  21424  3355  131  5055  549  0  28  54  2428  420  28  91272  4170  123  3305  42  224  130084  0  0  12  25807  448  92  316  0  351356  2  92  674  33639  10343  3759  1682  18069  1  112  9319  10503  8436  9  33208  317  32  166  844  7349  454  2929  561  521  0  33970  2942  2705  797  44120  10  7286  0  
0  0  0  0  0  2  0  0  0  0  0  0  0  0  0  1  0  3  0  0  0  0  0  0  0  1  0  0  0  0  0  1  0  0  0  0  0  0  0  0  1  0  0  0  1  0  0  2  2  0  0  0  0  0  0  0  0  0  0  0  0  0  0  0  0  47  0  0  0  0  0  0  7  0  52  0  137025  3583  4710  4252  8714  415  9196  120  0  132  0  129  2140  2000  38  817  197  0  6  0  236  25  74  831534  623851  698317  4105  9693  4  68  0  0  1  12045  4  0  73  0  28959  0  14  187  606891  194821  464  156  2631  0  12  2927  4037  15318  7191  365752  141  47  11  7  54  51  84  15  336  17198  0  3399  40946  0  3030  0  1491  0  
0  0  0  0  0  7  3  0  0  2  0  0  0  0  0  0  0  0  0  0  0  0  0  0  0  0  0  0  0  0  0  0  0  0  0  0  0  0  0  0  0  0  0  0  0  0  0  0  1  0  0  0  0  0  1  0  0  0  0  0  0  0  0  0  0  201  0  0  0  0  0  0  1  0  289  0  4  300254  1651  6516  11109  263  14537  169  0  429018  0  4572  308390  3050  10  539  239  0  4  1  187  96  11  6381  560  76  770163  6  3  611  0  0  0  1096  2  1  6435  11062  4334  0  1  130  261194  1061  4500  17  91628  0  16  721642  10341  194992  192  60353  180  64  10  3  27  200  51  147  1440  11307  3962  0  28690  0  8280  0  940  0  
0  0  0  0  0  1  0  0  0  1  0  0  0  0  0  0  0  0  0  0  0  0  0  0  0  0  0  0  0  0  0  0  0  0  0  0  0  0  0  0  2  0  0  0  0  0  0  2  0  0  0  0  0  0  0  0  0  0  0  0  0  0  0  0  0  309  0  0  0  0  0  0  3  0  9  0  4  147  389  762  46075  344841  9959  42  0  18  0  31  231137  245280  35  734  82  0  6  0  253  13  7  2617  731  60  1027103  2  1  35  0  0  0  628  0  0  24  0  3772  0  6  56  496579  22574  359  21  1387  0  17  175  874  288564  167  30060  58  33  19  0  23  20  88  17  1444  15063  47002  11889  0  0  6602  0  1362  0  
0  0  0  0  4  3113  0  0  0  0  0  0  0  0  0  24  0  1  0  0  0  0  0  0  0  0  0  0  0  0  657  1068  0  0  0  0  0  0  0  0  0  0  0  0  0  0  0  0  1  0  0  0  0  0  0  0  0  0  0  0  0  0  2  0  0  70  0  0  0  2416  0  0  0  0  98850  0  0  0  142986  276355  2  0  2  0  0  0  0  0  0  430684  0  0  0  0  0  0  0  111564  0  1  0  0  0  0  306727  60592  0  0  0  0  0  0  58  0  7  0  0  0  10  1  17  1  17  0  0  3  8  0  0  7  0  0  0  0  0  15  155101  13328  0  409  0  0  0  0  0  0  1  0  
0  0  32  0  0  1  1  29  90474  3  1  0  0  0  0  16  0  1  0  0  0  0  0  0  0  0  1  0  0  23789  0  0  0  0  0  0  0  0  0  0  0  0  0  0  0  5434  0  1  0  0  0  1  0  0  0  0  0  0  0  0  0  0  0  0  4  2069  0  0  0  0  99409  0  1  0  8  1  93  1358  217  266  31249  2880  333829  8477  85  44  0  51  470  96  14  887  5783  404  11  6  426  17  257  26735  90288  20  1228  507902  1  26  0  0  0  8557  58  53  21  0  27694  0  8  17376  2317  238457  253  97  4021  2  163  714  1500  3021  2  619437  3920  1116  166  91  939  20  70  7  138878  36617  17791  1506  1852  0  0  1  5905  0  
0  0  0  0  0  0  0  0  0  0  0  0  0  0  0  0  0  0  0  0  0  0  0  0  0  0  0  0  0  0  0  0  0  0  0  0  0  0  0  0  0  0  0  0  0  0  0  0  0  0  0  0  0  0  0  0  0  0  0  0  0  0  0  0  0  0  0  0  0  0  0  0  0  0  0  2990  0  42  0  0  0  0  47  0  0  0  0  0  1  0  3  0  4248  0  1996  3  1146  0  5  59  4  1  0  0  0  0  0  755  7051  15  873793  1261311  0  0  153  0  86834  177  6  5  2  8435  83  137451  128  0  0  2  0  26  73  1  454459  416759  1022  0  0  0  0  12  2  8  1  0  13  0  243826  423  
1  0  0  0  0  2  0  1  1  7  0  0  0  0  0  0  0  15  0  0  0  0  0  0  0  1  0  0  0  1  0  7  0  0  0  0  0  0  0  0  8  0  0  2  0  0  0  16  5  0  0  0  0  0  1  0  0  0  0  0  0  0  0  0  0  109  0  1  1  1  0  0  8  0  66  185  1  16092  381  529  2035  325  4740  237  0  727  0  408  1491  186  923  969  442354  0  86527  283  55554  35  1319417  146746  227  493  918  1  24  186  7  1035131  96810  340025  14936  1877336  100  0  78511  5  120444  18189  15967  424  1682  371891  46166  179859  51441  3670  6794  5210  38116  410462  83739  1253  250687  239963  176898  101  49  24  3463  3074  634  34050  710  0  2201  235443  0  127733  
0  0  0  0  0  0  0  0  0  0  0  0  0  0  0  0  0  0  0  0  0  0  0  0  0  0  0  0  0  0  0  0  0  0  0  0  0  0  0  0  0  0  0  0  0  0  0  0  0  0  0  0  0  0  0  0  0  0  0  0  0  0  0  0  0  0  0  0  0  0  0  0  0  0  0  0  0  11  0  0  0  0  4  1  0  0  0  0  0  0  16  6  1  0  4  0  361  0  33  1641  0  0  0  0  0  0  227698  269621  65387  243271  8  1966  0  0  108618  0  1459  0  1  2  0  442269  12  424  0  0  0  0  0  9  1  0  3  150  84  0  0  0  0  1  1  0  0  0  3  442  164681  0  
