0  0  1  14  364883  87917  3  0  1  8  0  715  3  18180  121440  13394  20  1393  3  0  0  0  14  260741  0  13  0  0  0  1  95525  9119  0  0  0  0  0  0  8144  7376  57  0  0  18  9  0  4457  17  63669  0  0  248154  208361  128  4  1  2  0  0  0  0  59384  359  54720  5  2225  37  445  49  143684  0  0  109  0  0  0  0  0  0  1  0  0  1  0  0  0  0  0  0  0  0  0  0  0  0  0  0  0  0  0  0  0  0  0  0  17  0  0  0  0  0  0  0  0  2  0  0  0  0  0  0  0  0  0  0  0  0  0  0  0  0  0  0  0  0  0  0  0  0  121  0  0  0  0  1  0  0  0  
0  0  0  28  0  0  3  1  5  2  0  0  0  0  2  0  0  4  215016  0  465639  83631  2  0  8  3  0  0  0  0  0  0  0  0  0  0  57117  28462  0  0  0  434038  0  1083  274  0  0  21  13  0  582772  0  0  6  89  0  451440  113  424278  202004  57820  0  0  0  5  10  0  71  3  0  1  0  824  0  0  0  0  0  0  0  0  0  0  0  0  0  0  0  0  0  0  0  0  0  3  167  0  0  0  0  0  0  0  0  0  0  0  0  0  0  0  0  0  0  1  1  0  6  0  0  0  0  0  0  8  0  0  0  0  0  0  0  0  0  1  0  0  0  0  0  0  0  0  0  0  0  0  0  
0  0  0  14  0  125  12  91309  1293  0  0  0  0  0  0  431816  13  50  6  0  0  0  0  0  0  25  117790  235010  138616  77294  0  9  0  0  0  0  0  0  0  0  23  0  0  2  315112  431071  0  24  914  0  0  1  1  263  2  8  3  2  0  0  0  0  1  0  0  30  80299  0  96982  0  49  0  2  0  0  0  2846  0  0  0  0  404  707  0  0  0  0  0  0  2031  0  0  0  0  0  0  0  0  0  0  0  0  1  2290  0  0  0  0  0  0  0  0  0  0  1  0  0  0  0  10974  0  0  0  0  0  0  0  0  0  0  0  0  0  0  0  0  0  0  0  1  0  0  0  0  282  0  0  0  
313  2  13  0  936  1574  1345  1856  600  10  0  276266  138  400  465  118  2272  6266  1724  0  0  17  11  101  23  618301  1  324135  112751  8  0  247  86751  1065  446  89  0  2  170  3614  258095  3  4  1901  368504  0  952  1155  552395  0  576  6714  650  1675  3308  120  5403  132  69  216  392  12  26  54  372  1732  70104  78010  6222  30  193  0  2777  623  0  0  0  0  0  0  0  0  2  0  0  0  0  0  0  0  0  1  0  0  0  0  0  0  0  3  0  0  0  0  0  0  0  0  0  2  0  0  0  0  2  0  0  0  0  0  0  0  0  0  0  0  0  0  0  1  0  0  0  0  0  0  0  0  0  38  0  0  0  0  0  0  0  0  
331878  0  0  10  0  68308  10  0  1  6  0  252  0  1164  55774  312306  4  346  1  0  0  0  1  6206  0  13  0  0  0  0  31856  1151  0  0  0  0  0  0  324  7067  48  0  0  7  7  0  412  3  15701  0  1  20920  131706  98  2  2  3  0  0  0  0  7  49  4632  5  305  34  352  17  22370  0  0  11  0  0  0  0  0  0  111  0  0  1  0  0  0  0  0  0  31  0  1  0  0  0  0  0  0  0  0  0  0  0  0  0  2  0  0  0  0  0  0  0  0  1  0  0  0  0  0  0  0  0  0  0  0  0  0  0  0  0  0  0  0  0  0  0  0  0  28  0  0  0  8  0  0  0  0  
133254  1  11  544  107311  0  273438  5463  9397  59  0  733  2  5226  33618  713363  200  15152  219  1  0  1  48  81051  4  1060  30  0  65  14  31095  186505  2  0  0  0  0  0  1071  8718  1417  0  1  267  2281  0  5981  904  70500  0  21  43421  17364  63454  671  166  138  50  2  4  10  31  19963  43311  1407  430679  5313  3832  8291  440060  64  0  1380  4  186  0  0  1  45  28001  513  90  106  1  0  1  0  4  7  5162  0  4  0  0  1  0  0  12  0  10  1  0  0  0  3939  2712  0  0  0  3  0  0  5  0  27  0  0  0  5  0  11  1  5  0  1  14  9  1  0  20  0  0  0  0  1  13  9  3  0  74726  4  1  1  3098  17  0  15  0  
29  0  0  3441  215  395187  0  417682  88341  8  0  106  0  5  376  818024  27  1095  629  1  0  0  3  2  22  1435  35  0  153  712  0  193  1  0  0  0  0  0  1  893  580  0  0  1405  13848  9  302  203  14952  0  48  14485  350  74574  3825  322  370  59  5  10  21  0  26  3  32276  325829  5244  17756  36088  19  813  0  290  0  0  0  0  0  2  2085  4677  4206  435  0  0  0  0  0  1  570  0  0  0  0  0  0  0  0  0  2  0  0  0  0  0  8  0  0  0  0  0  0  0  0  4  0  0  0  1  2  0  0  0  0  0  1  2  0  0  2  0  0  0  0  0  0  1  0  0  3044  0  0  0  0  10  0  1  0  
29  0  42413  6347  187  13200  376657  0  368579  6  0  284  0  9  135  487033  24  349  545  0  0  1  9  1  12  1583  10  44  59083  201  0  52  0  0  0  0  0  0  0  2618  443  0  0  708  83428  216196  117  194  3255  0  9  6137  241  220472  2129  355  692  28  2  3  10  0  4  2  5801  228566  14788  2374  196494  4  3052  0  161  0  0  0  190  0  2  35  174  45310  3393  0  0  0  0  0  0  31105  0  0  0  0  0  0  0  0  0  1  0  0  4  12  0  1  0  0  0  0  0  0  0  0  0  0  0  0  0  854  0  0  2  0  0  0  2  0  0  1  0  0  0  0  0  0  0  0  0  4804  0  0  0  0  104  0  0  0  
1  0  112  41  3  3040  11350  158703  0  16786  1  0  0  1  3  417  85  1364  2289  51  0  29  3  1  40  2721  87  187  283  43715  1  262  0  0  0  0  0  0  0  8  4481  0  0  2693  3483  160090  19  1507  3048  0  17  95  5  4553  9316  8668  1259  111  10  1  16  0  5  1  39448  322540  19048  312  866  6  300041  0  341  0  0  0  44  0  0  3  3  3135  57977  241  0  0  0  0  0  579  0  1  1  0  0  4  1  0  0  23  1  0  0  5886  0  1  0  0  0  7  1  0  0  0  294  0  0  2  1  1788  0  2  1  0  0  0  0  0  0  2  0  0  1  1  11  0  0  0  0  77698  2  0  0  0  102194  0  0  0  
105  0  0  255  895  879  289  280  20949  0  29  298  0  53  520  50  273  51017  499  11  3  5385  44309  6  42  3200  60  0  98  115662  3  5643  7  0  1  3  0  8  1  2994  47883  6  103  342021  1340  4  756  17001  36087  10  1065  1425  1014  486  11592  754  730  135  163  15  151  0  88  9  14509  561932  1605  4032  251  61  188  0  21871  1109  8  0  0  227  92  67  149  20  3920  573  9  62  0  44  18  2  4  269  95  0  8  260  82  9  5  613  40  0  21  105  15  152  0  0  1  176  1  0  33  0  6993  1  6  23  1030  72  107  79  1260  0  35  408  68  78  0  1410  40  3  1  4  27  2  54  2  40  178340  353  484  38  0  310  0  432  0  
0  1  0  0  0  0  0  0  20  36  0  0  0  0  1  0  0  2  879  1086389  0  73625  0  0  233  3  391  0  0  64393  0  0  0  0  0  0  0  0  0  0  6  86251  0  1082785  3  0  0  1  11  0  0  1  0  1  50  68  4704  430201  1  0  79  0  0  0  509154  37  2  26  0  0  15  0  162  0  0  0  0  0  0  0  0  0  1  1  157588  0  0  0  0  0  0  0  0  988  0  5218  0  0  0  0  0  0  0  1065  0  0  0  0  0  0  0  0  0  0  1  524  0  1911  0  0  0  0  0  0  0  0  0  0  0  0  0  0  0  0  0  0  0  0  169  4  0  0  0  0  1  0  0  0  
1359  0  0  574677  7154  3488  7  1  2  6  0  0  3844  93653  4472  121  554  23376  3  0  0  0  1  175  0  30  0  0  98036  0  0  63  3784  631  350  0  0  0  411  333428  26  0  1  7  43421  0  8139  190  273673  0  0  391021  9508  374  9  2  1  0  0  1  1  8  4  376  2  72  41  358072  79  15  0  0  2  0  0  0  0  0  0  0  0  0  0  0  0  0  0  0  0  0  0  0  0  0  0  0  0  0  0  0  0  0  0  0  0  0  0  0  0  0  0  0  0  0  0  0  0  0  0  0  0  0  0  0  0  0  0  0  0  0  0  0  0  0  0  0  0  0  0  2  0  0  0  0  0  0  0  0  
16  0  0  103  2  84  0  0  0  0  0  1757  0  41479  0  0  3  2343  0  0  0  0  0  176138  0  0  0  0  3  0  0  24  3  21  93  0  0  0  160295  108  0  0  48  0  0  0  190571  5  1067  0  0  5  0  0  0  0  0  0  0  0  0  36076  25  20791  0  1  0  0  0  0  0  0  0  0  0  0  0  0  0  0  0  0  0  0  0  0  0  0  0  0  0  0  0  0  0  0  0  0  0  0  0  0  0  0  0  0  0  0  0  0  0  0  0  0  0  0  0  0  0  0  0  0  0  0  0  0  0  0  0  0  0  0  0  0  0  0  0  0  0  0  0  0  0  0  0  0  0  0  
13724  0  0  9  7626  11991  2  0  1  1  0  109094  58788  0  10595  189  1  403  1  0  0  0  0  3247  0  5  0  0  73  0  0  320  0  0  0  0  0  0  216105  285135  11  0  0  2  2  0  10237  1  124506  0  0  344950  10040  40  1  1  1  0  0  0  0  63995  25  16386  1  108  3  176  5  85  0  0  1  0  0  0  0  0  0  0  0  0  0  0  0  0  0  0  0  0  0  0  0  0  0  0  0  0  0  0  0  0  0  0  0  1  0  0  0  0  0  0  0  0  0  0  0  0  0  0  0  0  0  0  0  0  0  0  0  0  0  0  0  0  0  0  0  0  0  6  0  0  0  0  0  0  0  0  
164450  0  0  27  57026  24844  66  4  14  3  0  12953  0  2113  0  355749  2  410  13  0  0  1  1  56  1  578  2  0  104431  0  4  511  0  0  0  0  0  0  25  1660  63  0  0  4  2277  1  126  14  8080  0  1  1437027  774195  999910  94  8  11  2  0  0  2  162076  32  65  15  703  324  278779  67816  50  19  0  46  0  0  0  0  0  0  0  0  0  0  0  0  0  0  0  0  0  0  0  0  0  0  0  0  0  0  0  0  0  0  0  0  2  0  0  0  0  0  0  0  0  0  0  0  0  0  0  0  0  0  0  0  0  0  0  0  0  0  0  0  0  0  0  0  0  0  25  0  0  0  0  0  0  1  0  
30279  0  507253  82  432568  665034  673219  517067  1153  11  0  18  0  44  348933  0  19  1047  30  0  0  0  0  2199  4  275  2  12  57860  4  46125  5419  1  0  0  0  0  0  33  347  166  0  1  36  29428  24180  182  100  5821  0  8  6400  141344  1084305  98  46  20  10  0  1  2  1  27  1646  168  18254  1311  1134  204177  150372  39  0  321  0  0  0  1628  0  0  7597  3985  19049  372  0  0  0  0  0  0  35176  0  0  0  0  0  0  0  0  0  3  0  0  18  45  3  625  0  0  0  1  0  0  0  0  2  0  0  0  1  734  0  0  0  0  0  0  0  0  0  3  0  0  0  0  0  0  0  0  0  686  1  0  0  21  18  0  0  0  
5  1  78  6257  14  84  37  84  116  276  0  525  9  0  7  54  0  461750  5572  1  0  1  38182  4394  6  1486  8  0  204  13  2  41763  5182  61  84959  13  3  25  0  26  52380  1  31063  691  6080  2  29497  486194  281729  116  105  20  7  42  977  163  439  1832  26  10  36  0  262  90  535  356  2908  76  4313  41  8  1  17737  87  0  0  0  3  1  1  2  2  37  2  0  0  0  2  0  0  1  5  2  0  3  1  7  0  1  49  2  0  0  0  5  62  0  0  0  16  1  1  1  0  141  0  0  1  5  2  1  23  4  0  0  3  0  0  0  17  0  0  3  0  7  0  1  0  0  195  7  5  0  0  6  0  18  0  
1187  1  3  10593  365  3584  5  9  138  763  0  26365  3796  406  25  25  259968  0  366  0  3  5  29402  55567  4  1469  1  0  36  27  1286  206790  2625  140  15972  5  0  11  645  115  10409  0  17209  1715  271  0  430283  117613  470257  103  110  475  20  180  1627  50  300  60  20  8  52  1  4129  1300  460  1060  167  159  245  3230  8  0  27645  130  0  0  0  4  2  2  4  2  72  4  0  3  0  1  0  0  1  12  0  0  8  0  9  1  0  108  4  0  1  0  8  84  0  0  0  33  0  0  0  0  309  0  2  1  11  8  2  36  17  0  3  4  2  2  0  50  1  0  0  0  4  0  3  1  0  335  39  5  4  0  13  0  20  0  
0  192044  0  204  4  14  15  8  75  3  117  0  0  0  12  6  8  183  0  65637  96  14106  34  0  334273  98  3  0  5  0  0  8  0  0  1  1  7  9665  0  0  520  220047  4  17530  2924  0  3  423  482  0  36261  21  5  184  615  1890  1759579  864072  400785  1404  36033  0  0  1  23040  50  45  18137  32  0  1  0  604533  1  0  0  0  0  0  0  0  0  1  0  0  0  0  0  0  0  0  0  0  0  0  0  0  0  0  0  0  0  0  0  0  1  0  0  0  0  0  0  0  0  4  0  0  0  0  0  0  0  0  0  0  0  0  0  0  0  0  0  0  0  0  0  0  0  0  0  0  0  0  0  0  0  0  0  
0  71  0  0  0  1  2  0  1424  0  1166721  0  0  0  0  0  0  32  46105  0  0  354  1  0  6687  34  130304  0  6  11400  0  6  0  0  0  0  0  0  0  0  58  147113  0  292268  67  0  0  33  35  0  2  1  1  0  89  89577  6923  657067  7  0  15  0  0  0  405782  13  10  73  7  0  5358  0  425  0  0  0  0  0  0  0  0  0  0  0  24549  0  0  0  0  0  0  0  0  208  0  0  0  0  0  0  7  0  0  741  0  0  0  0  0  0  0  0  0  0  0  24  0  33  0  0  0  0  0  0  0  0  0  0  0  1  0  0  0  0  0  0  0  0  5  0  0  0  0  0  0  0  0  0  
0  342892  0  2  1  1  0  3  3  6  0  1  0  0  0  0  0  6  86  0  0  49954  133442  0  4  10  0  0  0  0  0  12  0  0  0  0  185046  2481  0  1  51  6  117  190  22  0  0  8  7  432425  136977  0  0  1  61  1  40  0  20817  446562  713398  0  1  0  3  5  0  28  1  1  0  43  545  0  0  1  0  0  0  0  0  0  1  3  0  0  0  0  0  0  0  1  0  0  19  13  4  0  0  0  0  0  0  0  1  2  0  0  0  0  0  0  0  0  2  1  0  0  0  0  0  0  1  0  140  0  0  0  0  0  0  0  0  0  44  0  0  1  0  1  0  0  0  0  0  0  0  0  
4  173713  0  72  40  30  8  18  57  60993  49768  8  0  3  15  3  0  165  3805  214  46952  0  154672  0  34  347  0  0  1  3645  0  20  0  0  0  0  0  155  0  164  5189  483981  2  1366761  528  0  50  80  356  9  139322  70  51  42  2398  6  127913  53059  1156  51  1602132  0  1  2  6241  419  2  571  22  4  2  0  1078  0  0  8  0  0  1  1  0  0  35  168  32668  0  0  0  0  0  0  1  2  0  188  32840  27  0  0  21  1  0  0  45  3  5  0  0  0  5  0  0  0  0  109  130  3  10025  1  1  0  16  2  0  307  0  0  0  0  4  1  0  0  0  77  0  0  0  0  146  0  0  0  0  2  0  3  0  
14  5  0  165  73  190  167  331  925  46062  0  16  1  2  31  22  41530  49199  370  1  122679  164444  0  1268  1632  8685  0  0  10  161  3  95360  4  1  149263  0  2809  27576  3  169  44572  0  501707  175835  537  0  324  39381  1851  335106  424  122  61  260  15575  137  469  62  12569  25688  425220  0  140  13  5201  400  52  2143  75  63  48  680  112310  7  0  0  0  0  0  1  0  0  13  6  0  0  0  0  1  0  0  3  2  0  29  11  11  1  0  18  0  0  0  0  7  28  0  0  0  3  0  0  0  0  57  3  1  0  6  0  0  4  5  0  277  0  0  0  0  5  1  0  0  0  98  0  2  0  1  59  3  0  0  0  3  0  6  0  
256414  0  0  36  7189  39930  0  0  0  2  0  458  190832  20763  342  1397  884  41003  2  0  0  0  148  0  0  12  0  0  0  0  236281  61882  137  688  6452  0  0  0  56592  1638  47  0  9296  40  2  0  326328  5667  9875  1  0  10564  2212  16  4  0  1  0  0  0  0  264744  478653  1021565  6  714  8  81  9  195617  0  0  145  0  0  0  0  0  0  8  0  0  4  0  0  0  0  0  0  0  0  0  0  0  0  0  1  67  0  2  0  0  0  0  248  8  0  0  0  0  0  0  0  0  3  0  0  0  0  0  0  0  0  0  1  0  0  0  0  4  0  0  0  0  0  0  26  0  0  35  0  1  0  1  0  0  0  0  
0  1  0  72  2  21  41  8  1497  34  6  0  0  1  26  4  8  423  224531  11983  7  3  450  0  0  199802  10597  0  144  24  0  56  2  1  0  5  0  36  0  1  778  0  9  1788  2422  0  2  295  532  18  547  18  2  399  384354  754939  49938  44437  2742  41  780  0  0  1  9217  515  169  18882  82  1  145  0  1124486  1  0  0  0  0  0  0  0  0  2  0  0  0  0  0  0  0  0  0  0  0  0  0  0  0  0  1  0  0  0  0  0  0  0  0  0  0  0  0  0  0  2  0  0  0  1  0  0  0  0  0  0  0  0  0  0  3  0  0  0  0  0  0  0  0  0  5  0  0  0  0  1  0  0  0  
7  2  11  452783  46  555  451  592  3269  618  0  6  0  11  99  56  390  2865  753  26  0  62  491  1  163692  0  290  58803  193  1510  1  396  3109  144187  1  284241  0  21218  2  104  646196  8  9  10588  67403  15  119  2560  18744  1  324  1059  52  1309  385869  209798  913  246  59  61  495  0  14  2  6962  15524  805048  15962  6151  12  1157  1  88250  2914  0  0  0  1  0  1  1  0  14  0  0  0  0  1  0  0  0  1  0  0  0  0  2  0  0  19  1  0  0  0  0  5  0  0  0  4  0  0  0  0  56  0  1  0  5  1  0  2  1  0  0  0  1  0  0  8  1  0  0  0  0  0  0  0  0  173  11  0  0  0  1  0  8  0  
0  0  120465  0  0  1  3  6  900  1  263  0  0  0  0  4  0  9  26  200063  0  0  0  0  5609  497  0  56  99  1316616  0  3  0  0  0  0  0  0  0  0  24  0  0  96  882  8639  0  13  14  0  1  0  0  7  1709  1399273  7  65  1  0  0  0  0  0  335655  67  404366  1  102  0  175392  0  0  0  0  0  0  0  0  0  0  0  3  0  70  0  0  0  0  0  0  0  0  104  0  0  0  0  0  0  32  0  0  2847  0  0  0  0  0  0  0  0  0  0  0  0  0  0  0  6  0  0  0  0  0  0  0  0  0  1  0  0  0  0  0  0  0  0  4  0  0  0  0  0  35  0  0  0  
0  0  182694  280759  0  3  0  3  736  0  0  0  0  0  0  16  0  8  1  0  0  0  0  0  0  88815  98  0  128529  0  0  0  0  0  0  0  0  0  0  0  42  0  0  9  858023  156538  1  8  53  0  1  5  0  3  4  689  1  0  0  0  0  0  0  0  14  21  697345  7  92  0  77  0  1  0  0  0  0  0  0  0  0  0  0  0  0  0  0  0  0  0  0  0  0  0  0  0  0  0  0  0  0  0  0  0  0  0  0  0  0  0  0  0  0  0  0  0  0  0  0  0  0  0  0  0  0  0  0  0  0  0  0  0  0  0  0  0  0  0  0  0  0  0  0  0  0  0  0  0  
8  0  169170  120117  38  270  50  127355  4164  13  0  65477  8  100  103087  48457  593  3105  476  0  0  0  3  4  1  1311  7  58318  0  6  1  366  3  0  0  0  0  0  1  94  1255  0  0  118  1119042  23993  382  7605  6139  0  3  14509  56  5839  215  67  110  74  0  0  2  0  24  4  424  8402  28177  615190  725504  17  1041  0  274  1  0  0  0  0  0  2  0  0  9  1  0  1  0  0  0  0  0  0  0  0  0  0  0  0  0  13  1  0  0  0  0  4  0  0  0  3  0  0  1  0  27  0  0  0  4  3  0  2  0  0  1  1  0  0  0  4  0  0  0  0  0  0  0  0  0  38  7  0  0  0  3  0  3  0  
1  0  90275  9  0  20  46  18  46011  100518  39870  1  0  0  1  6  25  3781  321  9402  0  3772  5  0  24  901  1021629  9  104  0  1  525  1  0  2  0  0  0  0  3  1283  0  4  37544  1050  392813  18  745  2335  0  19  10  1  14  896  63155  620  80  2  0  14  0  9  0  632643  54845  45503  79  87  6  525881  0  1359  2  0  0  3  1  0  0  0  2  11531  842  39228  0  0  1  0  0  0  3  1  650  0  5230  0  0  0  31  468  0  1  119626  1  3  0  0  0  5  1  0  1  0  311  0  0  15  2  43  0  3  2  0  0  0  0  0  0  14  0  2  0  1  9  0  0  0  813  4942  1  0  1  0  35653  0  3  0  
100284  0  0  0  66843  55359  0  0  0  0  0  0  0  0  0  56242  0  286  0  0  0  0  2  198888  0  2  0  0  0  0  0  40267  0  0  0  0  0  0  2  0  5  0  0  4  0  0  404  2  14  0  0  1  0  0  1  0  0  0  0  0  0  0  368385  876  0  14  0  0  0  382363  0  0  14  0  8  0  0  0  0  240  0  0  0  0  0  0  0  0  0  257  0  1  0  0  0  0  1  1540  0  0  0  0  0  0  27919  239  0  0  0  0  0  0  0  0  1  0  0  0  0  0  0  0  0  0  0  0  0  0  0  0  0  0  0  0  0  0  702  4  0  12  0  0  0  421  0  0  0  0  
772  0  1  10  136  173871  8  8  92  550  0  3  40  61  16  2363  58107  499609  113  0  20  13  98183  41490  3  1033  3  0  25  28  54234  0  2  0  35276  0  1  15  534  18  4197  0  18815  2464  323  0  34937  41366  56324  28  14  133  28  36  578  35  71  7  13  2  20  13  293287  9746  382  109413  80  46  93  216655  3  3  29367  23  0  0  0  7  1  2532  8  1  159  8  0  1  0  2  0  1192  0  20  4  0  5  3  16  3  0  173  15  0  4  0  421  80149  0  0  0  57  0  0  0  0  371  0  0  2  39  14  3  17  38  0  23  18  1  3  0  84  3  0  1  0  15  0  14  0  0  1903  55  16  4  914  26  0  33  0  
0  0  0  112981  0  2  0  0  6  5  0  326  0  0  0  0  2725  3340  7  0  0  0  1  60  0  773  0  0  0  0  0  45  0  206872  48507  16811  0  0  0  1  68325  0  4  18  8  0  306  357567  4044  0  0  3  0  2  75  7  1  0  0  0  0  0  3  0  17  28  11  1  0  3  1  0  29242  383279  0  0  0  0  0  0  0  0  1  0  0  0  0  0  0  0  0  0  0  0  0  0  1  0  0  1  0  0  0  0  0  2  0  0  0  0  0  0  0  0  4  0  0  0  0  0  0  0  0  0  0  0  0  0  0  1  0  0  0  0  0  0  0  0  0  3  0  0  0  0  0  0  0  0  
0  0  0  3216  0  0  0  0  0  0  0  636  38  4  0  0  31  249  0  0  0  0  0  1182  1  108685  0  0  15  0  0  0  301462  0  631433  373492  67  444320  1  0  15022  0  151495  0  0  0  589  89374  56  13  0  0  0  0  147  0  0  0  1  0  9  0  0  19  0  0  0  0  0  0  0  2385  739908  117744  0  0  0  0  0  0  0  0  0  0  0  0  0  0  0  0  0  0  0  0  0  0  0  0  0  0  0  0  0  0  0  0  0  0  0  0  0  0  0  0  0  0  0  0  0  0  0  0  0  0  0  0  0  0  0  0  0  0  0  0  0  0  0  0  0  1  0  0  0  0  0  0  0  0  
0  0  0  884  0  5  1  3  12  14  0  338  19  0  0  1  62123  17507  34  0  0  0  134363  3927  0  321  0  0  1  0  0  33635  54501  664598  0  3  749  54771  0  0  679  0  439237  208  5  0  1404  404491  172  2976  5  0  0  0  116  1  12  1  1438  334  1785  0  8  90  43  22  0  6  0  7  0  100390  167788  46  0  0  0  0  0  0  0  0  6  1  0  0  0  0  0  0  0  0  1  0  1  0  1  0  0  3  1  0  0  0  0  7  0  0  0  1  0  0  0  0  23  0  0  0  2  1  0  1  1  0  0  0  0  0  0  3  1  0  0  0  0  0  0  0  0  9  1  1  0  0  0  0  0  0  
0  0  0  64  0  0  0  0  0  0  0  0  0  0  0  0  6  0  0  0  0  0  0  0  2  308592  0  0  0  0  0  0  22845  437298  5  0  0  6650  1  0  169394  0  0  1  0  0  0  28804  125  0  0  0  0  0  4290  0  0  0  0  0  0  0  0  0  0  0  0  0  0  0  0  0  60310  224799  0  0  0  0  0  0  0  0  0  0  0  0  0  0  0  0  0  0  0  0  0  0  0  0  0  0  0  0  0  0  0  0  0  0  0  0  0  0  0  0  0  0  0  0  0  0  0  0  0  0  0  0  0  0  0  0  0  0  0  0  0  0  0  0  0  0  0  0  0  0  0  0  0  0  
0  54295  0  0  0  0  0  0  0  0  0  0  0  0  0  0  8  1  13  0  116118  2  5237  0  0  1  0  0  0  0  0  5  0  75  1683  0  0  628326  0  0  5  0  235460  96  0  0  0  562  0  704909  1  0  0  0  5  0  0  0  160902  743937  6049  0  0  0  0  0  0  0  0  0  0  1126206  24709  0  0  0  0  0  0  0  0  0  0  0  0  0  0  0  0  0  0  0  0  0  0  0  0  0  0  0  0  0  0  0  0  0  0  0  0  0  0  0  0  0  0  0  0  0  0  0  0  0  0  0  0  0  0  0  0  0  0  0  0  0  0  0  0  0  0  0  0  0  0  0  0  0  0  0  
0  31577  0  12  0  0  0  0  1  4  0  0  0  0  0  0  2  8  23076  0  266  262  3071  0  29  1170  0  0  0  0  0  0  2  447148  77099  165  573660  0  0  0  79  5  267324  11746  78  0  0  7647  11  42459  161  0  0  2  276  1  66  1  511434  104386  57390  0  0  0  7  9  2  78  1  0  0  1197239  1884904  7  0  0  0  0  0  0  0  0  0  0  0  0  0  0  0  0  0  0  0  0  0  0  0  0  0  0  0  0  0  0  0  0  0  0  0  0  0  0  0  0  0  0  0  0  0  0  0  0  0  0  0  0  0  0  0  0  0  0  0  0  0  0  0  0  0  0  0  0  0  0  0  0  0  0  
21635  0  0  0  1107  9090  0  0  0  0  0  146  153283  244888  125  259  3  555  0  0  0  0  7  26138  1  5  0  0  1  0  8  3172  0  0  0  0  0  0  0  12029  24  0  0  8  1  0  113444  4  106429  0  0  34049  518  7  3  0  0  0  0  0  0  16110  493  156111  1  350  4  77  2  559  0  0  29  0  0  0  0  0  0  1  0  0  0  0  0  0  0  0  0  0  0  0  0  0  0  0  0  0  0  0  0  0  0  0  0  3  0  0  0  0  0  0  0  0  0  0  0  0  0  0  0  0  0  0  0  0  0  0  0  0  0  0  0  0  0  0  0  0  0  17  0  0  0  0  0  0  0  0  
1429  0  0  1108  5283  2610  8  4  4  9  0  312133  1756  325817  2392  75  6  266  7  0  0  0  0  179  0  17  0  0  13  1  0  131  0  0  0  0  0  0  6330  0  127  0  0  6  90  0  1789  2  272077  0  0  34489  7438  241  4  1  10  0  0  0  0  206  9  1111  5  119  36  44402  70  10  0  0  4  0  0  0  0  0  0  0  0  0  0  0  0  0  0  0  0  0  0  0  0  0  0  0  0  0  0  0  0  0  0  0  0  0  0  0  0  0  0  0  0  0  0  0  0  0  0  0  0  0  0  0  0  0  0  0  0  0  0  0  0  0  0  0  0  0  0  19  0  0  0  0  0  0  1  0  
460  0  2  173238  2959  2903  1031  1248  3842  26549  0  356  0  213  1637  381  59436  86575  20191  44  2  130  4565  24  58  557835  197  9  214  181  11  6795  59122  15730  9  165419  0  2  67  4701  0  3  61  74501  10642  6  670  340723  267675  7  255  2944  2511  2200  189527  4015  2395  2934  56  32  686  1  195  57  7387  10335  61280  8456  967  187  416  0  127064  120233  1  0  0  14  3  4  10  5  219  19  0  3  0  7  1  0  4  38  9  0  16  3  52  1  1  409  24  0  6  0  77  113  0  0  1  115  1  2  1  0  1140  1  5  13  48  36  3  183  44  0  11  26  1  5  0  142  3  0  5  3  45  0  5  0  4  830  96  16  5  0  37  0  57  0  
0  640101  0  39  0  0  1  1  1  0  105185  0  0  0  2  0  0  9  182575  174098  4  578656  0  0  3  3  0  0  0  0  0  1  0  0  0  0  0  1  0  0  2  0  0  230539  664  0  0  4  7  0  65219  1  0  12  16  0  992076  43018  1615  1  12971  0  0  0  13  5  5  130  0  0  0  0  21  0  0  0  0  0  0  0  0  0  0  0  464  0  0  0  0  0  0  0  0  0  0  55  0  0  0  0  0  0  0  0  0  0  0  0  0  0  0  0  0  0  0  80  0  3  0  0  0  0  0  0  0  0  0  0  0  0  0  0  0  0  0  0  0  0  0  0  0  0  0  0  0  0  0  0  
1  0  0  2  2  15  2  1  31  54  0  0  0  0  1  1  3388  6243  85  0  60  12  491395  4128  9  571  0  0  0  5  0  2097  2  219997  539993  0  184117  288034  0  2  1345  0  0  601  12  0  33  101714  92  182421  19  2  1  0  232  4  29  1  12583  489  8298  0  20  661  127  68  0  11  1  6  0  181735  124539  4  0  0  0  0  0  0  1  0  7  0  0  0  0  1  0  0  0  1  0  0  4  0  0  0  0  10  0  0  0  0  0  13  0  0  0  2  0  0  0  0  29  0  0  0  1  0  0  1  0  0  1  2  0  0  0  6  0  0  0  0  4  0  0  0  0  26  0  3  0  0  2  0  1  0  
74  8346  4  9154  430  1911  1875  4932  8127  266546  1103467  140  0  47  290  428  163  24233  25990  140583  8  1170106  159574  5  1037  23855  36  1  186  26111  2  3093  1  0  5  0  2  1037  1  1467  114259  249819  76  0  31701  3  2617  4480  31372  299  37539  1326  419  3784  42165  1180  145016  465618  7232  774  228848  0  64  9  447141  17701  1049  16151  3933  65  368  0  48232  121  0  0  0  1  3  1  1  0  49  19  7537  0  0  2  0  0  0  7  0  1  5  306  6  1  1  66  2  0  0  14  4  27  0  0  0  22  0  0  0  0  159  68  1  270  4  7  2  9  4  0  12  4  0  2  0  22  2  0  1  0  6  0  1  0  1  266  18  3  1  0  4  0  9  0  
126  0  275024  411283  599  8777  2835  79589  44163  230  0  6922  0  95  969  45752  4819  14618  3299  4  0  11  26  21  53  81782  73  921170  910570  84  6  1656  13  0  0  0  0  4  16  735  6939  2  2  1664  0  478599  2058  31292  98892  1  471  4645  790  8402  2101  1866  7527  320  93  181  391  0  179  33  2715  33594  611094  219350  301674  151  12877  0  2803  1  0  0  0  0  0  2  0  0  32  4  0  0  0  1  0  0  0  4  0  0  0  0  3  0  0  34  1  0  0  0  0  12  0  0  0  13  0  0  0  0  80  0  0  0  2  7  2  4  3  0  0  1  1  0  0  24  1  0  0  0  0  0  0  0  0  208  17  1  1  0  4  0  9  0  
2  0  326574  73  7  43  22  237792  177163  1  0  0  0  0  4  18573  8  63  39  0  0  0  0  0  0  44  14748  101423  2550  336472  0  9  0  0  0  0  0  0  0  7  116  0  0  24  296010  0  2  93  681  0  1  40  14  519  25  384  37  3  0  0  0  0  2  0  81  668  198107  8  629  0  145708  0  12  0  0  0  309  0  0  0  0  77  4953  0  0  0  0  0  0  555  0  0  0  0  0  0  0  0  0  0  0  0  0  1038  0  0  0  0  0  0  0  0  0  0  1  0  0  0  0  6511  0  0  0  0  0  0  0  0  0  1  0  0  0  0  0  0  0  0  0  3  0  0  0  0  11685  0  0  0  
15951  0  0  65  1724  22047  14  2  15  18  0  2161  157802  5347  494  170  264  254022  9  0  4  3  294  255265  0  251  0  0  3  1  2081  66094  111  75  608  0  0  0  110686  647  609  0  226  462  79  0  0  3773  95741  0  2  6748  1697  1020  59  10  14  1  1  0  1  1094  19170  217836  68  703  337  487  386  3883  5  0  1139  0  0  0  0  0  0  2  0  0  7  0  0  0  0  0  0  0  0  0  1  0  3  0  0  1  0  4  0  0  0  0  0  10  0  0  0  2  0  0  0  0  8  0  0  0  0  1  0  1  0  0  5  2  0  0  0  2  0  0  0  0  0  0  0  0  0  51  0  3  0  0  1  0  1  0  
14  1  0  1140  28  327  59  19  728  7464  0  313  9  2  25  22  402487  249050  1216  33  9  18  31273  7096  155  2756  27  3  162  85  25  21977  298399  39928  452498  11925  306  29841  6  79  246498  1  180104  4647  4736  6  36599  0  92233  2107  277  224  33  90  10075  1124  706  163  2808  125  1117  0  328  80  2683  4611  9222  326  300  157  61  17292  868883  98390  2  0  0  27  8  6  7  5  323  47  0  7  0  8  2  0  3  47  17  0  20  3  53  3  2  444  21  0  1  0  41  247  0  0  0  123  1  1  1  0  1713  0  8  8  57  28  7  208  56  0  9  33  4  10  0  161  3  0  1  2  57  0  5  0  3  1757  96  23  9  0  50  0  75  0  
67205  1  2406  558543  49674  58865  2413  2328  2945  18228  0  221665  5914  131400  20793  5031  159889  368819  71376  10  1  29  259  5354  126  9969  36  1  2093  71  213  67094  2431  10  38  6  0  1  98797  305064  280094  2  63  13360  149813  4  98577  36159  0  0  402  118283  49359  45707  7375  1743  30496  8302  54  85  160  1836  4869  20385  4044  20985  16855  230627  37108  5774  247  0  6916  100  1  0  0  5  2  25  5  2  67  6  0  3  0  3  1  1  1  21  3  0  3  1  10  1  0  99  8  0  1  0  13  114  0  0  0  24  0  0  1  0  222  0  2  0  6  4  4  29  9  0  4  6  0  3  0  58  0  0  1  0  14  0  1  0  1  1301  35  3  1  0  12  0  26  0  
0  4  0  5  0  0  1  1  6  0  0  0  0  0  1  0  80  41  3  0  432039  12  316757  1  18  22  0  0  0  1  0  35  0  0  3197  0  624443  164145  0  0  77  0  303903  804  17  0  1  5978  6  0  11  0  0  2  76  0  3  0  96224  370908  103779  0  0  0  9  1  1  5  0  0  0  93590  174514  0  0  0  0  0  0  0  0  0  0  0  0  0  0  0  0  0  0  0  0  0  0  0  0  0  0  0  0  0  0  0  0  0  0  0  0  0  0  0  0  0  1  0  0  0  0  0  0  0  0  0  0  0  0  0  0  0  0  0  0  0  0  0  0  0  0  0  0  0  0  0  0  0  0  0  
0  356110  0  198  0  9  7  33  18  3  0  0  0  0  2  5  0  38  3642  0  72577  168920  4  0  36  45  1  0  0  0  0  1  0  0  1  0  0  57  0  0  51  26171  0  33825  956  0  1  15  105  1  0  3  0  36  353  1  20317  35  74506  3289  302685  0  0  0  60  49  10  403  50  0  2  0  572  0  0  0  0  0  0  0  0  0  0  0  0  0  0  0  0  0  0  0  0  0  1  124  0  0  0  0  0  0  0  0  0  0  0  0  0  0  0  0  0  0  0  0  0  1  0  0  0  0  0  0  3  0  0  0  0  0  0  0  0  0  1  0  0  0  0  0  0  0  0  0  0  0  0  0  
151535  0  1  380  56046  71414  1039  1073  123  49  0  341993  19  405124  986174  4442  66  4482  825  0  0  0  3  2223  28  1786  8  1  35143  5  4  2387  0  0  0  0  0  1  64859  106714  657  0  2  120  3787  0  6645  167  67752  0  108  0  301560  265058  1259  137  1602  120  3  25  28  67853  155  3661  163  5755  3218  331836  7360  357  22  0  291  0  0  0  0  0  1  9  0  1  3  0  0  0  0  0  0  0  0  1  0  0  0  0  0  0  0  2  1  0  0  0  0  7  0  0  0  1  0  0  0  0  3  0  0  0  2  0  1  0  0  0  0  0  0  0  0  1  0  0  0  0  0  0  0  0  0  197  1  0  0  0  1  0  4  0  
174140  0  0  12  142789  32859  54  1  5  12  0  195  0  503  795718  80817  34  1156  14  0  0  0  3  83  0  67  3  0  3  0  7  1959  0  0  0  0  0  0  110  5079  76  0  0  13  50  0  332  40  14100  0  2  528865  0  86560  33  9  6  1  0  0  1  7  83  211  26  1392  287  209  89  106  0  0  25  0  0  0  0  0  0  1  0  0  2  0  0  0  0  0  0  0  0  0  0  0  0  0  0  0  0  0  0  0  0  0  0  10  0  0  0  0  0  0  0  0  1  0  0  0  0  0  0  0  0  0  0  0  0  0  0  1  0  0  0  0  0  0  0  0  0  110  0  0  0  0  0  0  1  0  
1069  0  14  6091  5994  116063  58528  144088  6170  6  0  117  0  40  907964  1012163  50  3041  826  0  0  1  8  8  79  12374  42  4  5128  53  2  485  1  0  0  0  0  1  17  1154  1272  0  0  329  16917  20  1047  483  59075  0  152  426525  102274  0  3909  397  1128  111  19  24  87  0  57  23  1569  21821  21754  212537  362726  54  301  0  1459  0  0  0  0  1  3  17  0  0  2  1  0  0  0  0  0  0  0  0  0  0  0  0  0  0  0  2  0  0  0  0  0  10  0  0  0  0  0  0  0  0  7  0  0  0  1  1  0  0  0  0  1  1  4  0  0  4  0  0  0  0  0  0  0  0  0  177  0  0  0  0  1  0  2  0  
3  1  0  528  12  352  911  1177  20159  233  0  4  0  5  15  44  66  5262  10963  26  1  302  1106  1  273124  437957  1669  0  231  613  0  462  32  331  1  13431  0  33  0  25  135349  5  20  58775  2647  1  87  2583  6203  17  241  138  21  845  0  46582  10116  2113  233  27  2231  0  13  4  37535  4591  6246  12288  343  14  2101  0  436277  142  0  0  0  0  0  0  0  0  5  1  0  0  0  0  0  0  0  2  0  0  0  0  2  0  0  9  1  0  0  0  3  6  0  0  0  2  0  0  0  0  37  0  0  0  1  0  0  1  1  0  0  1  0  0  0  8  0  0  0  0  1  0  0  0  0  70  3  1  0  0  0  0  7  0  
1  0  1  116  12  344  521  439  53555  49  3  0  0  0  13  30  98  3583  13337  140272  0  2  19  4  724668  323278  1204741  332  6318  25978  1  515  22  0  0  0  0  1  0  18  10082  0  0  16122  42001  118  106  3116  5740  0  183  301  5  950  136721  0  15689  152637  113  16  205  0  8  1  292808  12955  337349  13132  4470  14  344781  0  58067  2  0  0  0  0  0  2  0  0  5  0  0  0  0  0  0  0  0  1  0  1  0  0  2  0  0  10  0  0  0  0  0  2  0  0  0  3  0  0  0  0  23  0  0  0  6  0  0  0  1  0  0  0  0  0  0  5  0  0  0  0  0  0  0  0  0  39  4  0  0  0  4  0  0  0  
1  551764  0  290  4  44  21  7  92  15  2347  0  0  0  25  6  12  289  1896275  2009  6  252906  10  0  71955  49  3  1  20  3  0  19  0  0  1  0  0  20  0  1  1009  839258  1  116011  7222  0  4  254  1332  0  70098  95  1  445  480  6218  0  160044  235785  54  43788  0  3  1  33168  93  118  47708  39  0  3  0  175718  0  0  0  0  0  0  0  0  1  0  1  0  0  0  0  0  0  0  0  0  0  0  0  0  0  0  0  0  0  0  0  0  0  0  0  0  0  0  0  0  0  1  0  0  0  1  0  0  0  0  0  0  0  0  0  0  0  0  0  0  0  0  0  0  0  0  3  1  0  0  0  0  0  2  0  
1  7062  0  420  5  33  22  7  315  12  362918  0  0  0  22  1  7  292  833936  631822  0  36393  9  0  64531  452  12  0  20  26  0  28  2  0  1  0  0  2  0  1  320  73391  0  345009  9082  0  6  317  1076  0  15896  55  6  237  1916  145904  256948  0  3276  0  4209  0  0  0  260888  199  326  5753  29  1  37  0  3675  0  0  0  0  0  0  0  0  0  0  0  2  0  0  0  0  0  0  0  0  0  0  0  0  0  0  2  0  0  0  0  0  1  0  0  0  0  0  0  0  0  2  0  0  0  0  0  0  0  0  0  0  0  0  0  0  0  0  0  0  0  0  0  0  0  0  3  1  0  0  0  0  0  0  0  
0  403882  0  1258  1  54  35  41  21  12  0  0  0  0  24  5  5  96  333764  6  7701  16374  1828  0  340  159  1  0  0  0  0  16  0  0  5  2  144117  595172  0  2  501  515  340  50314  11762  0  5  358  313  1172  202210  6  4  399  1041  15  185227  382  0  316876  146425  0  0  0  294  244  54  4567  100  0  1  318  271416  0  0  0  0  0  0  0  0  0  0  0  0  0  0  0  0  0  0  0  0  0  0  0  0  0  0  0  0  0  0  0  0  0  0  0  0  0  0  0  0  0  1  0  0  0  0  0  0  0  0  0  0  0  0  0  0  0  0  0  0  0  0  0  0  0  0  0  0  0  0  0  0  0  0  0  
0  166688  0  280  0  14  6  16  21  3  0  0  0  1  3  2  5  56  163  0  560980  439  5213  0  38  33  0  0  0  0  0  5  0  0  221  0  679981  167026  0  0  45  12  805  25888  1481  0  2  268  86  360350  75461  2  0  44  1181  2  190  8  315254  0  264675  0  2  0  24  57  13  539  49  0  0  217027  59036  0  0  0  0  0  0  0  0  0  0  0  0  0  0  0  0  0  0  0  0  0  0  0  0  0  0  0  0  0  0  0  0  0  0  0  0  0  0  0  0  0  1  0  0  0  0  0  0  0  1  0  0  0  0  0  0  0  0  0  0  0  0  0  0  0  0  0  0  0  0  0  0  0  0  0  
0  97841  0  1102  5  76  60  133  303  131  6729  1  0  0  36  8  20  404  2930  355  689090  1228081  411702  4  1462  322  0  0  3  13  0  42  0  0  75  0  2465  120889  0  6  857  31874  2102  273188  7103  0  17  510  778  85410  352622  29  4  582  20006  78  30848  9365  125980  248499  0  0  1  0  438  329  62  9946  268  1  18  846  92943  4  0  0  0  0  0  0  0  0  1  6  83  0  0  0  0  0  0  0  0  0  16  90  0  0  0  5  0  0  0  0  1  2  0  0  0  0  0  0  0  0  8  3  0  17  0  0  0  0  0  0  171  0  0  0  0  0  0  0  0  0  77  0  0  0  0  5  0  0  0  0  0  0  0  0  
135040  0  0  1  9  126  0  0  0  0  0  2  54622  55746  149059  1  0  6  0  0  0  0  0  245306  0  0  0  0  0  0  0  50  0  0  0  0  0  0  31580  73  0  0  0  0  0  0  188  0  302  0  0  104069  64  0  0  0  0  0  0  0  0  0  10  85238  0  13  1  8  0  5  0  0  0  0  0  0  0  0  0  0  0  0  0  0  0  0  0  0  0  0  0  0  0  0  0  0  0  0  0  0  0  0  0  0  0  0  0  0  0  0  0  0  0  0  0  0  0  0  0  0  0  0  0  0  0  0  0  0  0  0  0  0  0  0  0  0  0  0  0  1  0  0  0  0  0  0  0  0  
33  0  0  0  8  40439  1  1  8  30  0  2  376  63  1  1  9  15145  0  0  6  2  338  450421  1  175  0  0  0  2  368446  431886  0  0  2  0  0  1  1606  8  594  0  36  472  4  0  59780  218  420  0  3  14  0  1  51  0  1  0  2  0  5  14  0  128184  60  30  1  5  0  124476  0  0  1209  1  0  0  0  0  0  0  0  0  11  0  0  1  0  0  0  0  0  2  0  0  3  0  1  16  0  11  0  0  0  0  66  6  0  0  0  2  0  0  0  0  25  0  0  0  2  1  0  0  0  0  4  1  1  0  0  1  0  0  0  0  1  0  3  0  0  25  3  0  0  0  0  0  0  0  
52084  0  0  6  5073  39592  0  0  5  9  0  336  63059  56310  258  1532  39  5087  3  0  0  0  48  1013724  0  22  0  0  3  1  580  36889  0  7  66  0  0  0  263813  1351  97  0  327  65  8  0  270139  60  19064  0  0  4123  1032  25  11  2  2  3  0  0  0  128221  56826  0  6  2226  10  73  15  16538  0  0  353  0  0  0  0  0  0  4  2  0  6  0  0  0  0  0  0  0  0  0  0  0  0  0  1  0  0  3  0  0  0  0  0  16  0  0  0  1  0  0  0  0  7  0  0  0  0  1  0  0  0  0  1  0  0  0  0  1  0  0  0  0  0  0  0  0  0  133  3  0  0  1  0  0  0  0  
7  320  0  1609  22  686  3555  1287  71270  8362  510170  12  0  1  48  31  192  9138  164844  825641  0  7415  108  8  7784  6593  438290  5  1357  1019147  4  1664  13  0  1  0  0  10  1  120  10380  3653  4  463812  31564  11  517  4777  10157  1  8098  593  39  1622  37490  147261  170634  291177  3622  116  5798  0  38  9  0  36516  5278  8600  656  34  189469  0  39475  3  0  0  0  0  0  0  1  3  22  7  11370  0  0  0  0  0  0  1  1  236  0  6  3  0  0  20  4  0  4  581  0  13  0  0  0  3  0  0  0  0  66  0  0  1  5  3  0  3  2  0  0  1  0  1  0  11  0  0  0  0  0  0  0  0  38  166  8  3  1  0  4  0  4  0  
973  0  16  990  459  570407  295871  251118  442756  455279  13  77  0  59  327  10157  559  54274  3915  17  0  36  187  547  26  11421  361  18  2418  75434  13  145186  58  1  3  1  0  2  101  561  23740  0  101  28207  16228  36  1401  12965  46507  2  143  4318  539  5210  11973  5313  1034  433  14  11  60  5  258  2487  72101  0  9321  4334  6076  315  670  0  24755  722  1623  0  1  21  341  28062  2360  4380  5977  311  1  7  1  27  108  311  6  299  1  0  2  88  153  28  0  839  104  9  327  45  76  4861  0  0  0  127  1  0  37  0  2369  0  7  7  4169  283  88  63  125  0  8  144  237  153  0  1247  3  0  4  3  23  148  60  70  14  557486  1015  13  146  121  3037  0  759  0  
11  0  76308  74367  64  3107  4065  628  36285  39  0  1  0  6  166  2076  634  6239  1943  26  0  0  10  6  142  1057616  431287  578179  9587  48351  1  779  9  0  0  0  0  0  1  16  58666  0  0  6744  373544  202847  35  8067  13837  0  66  321  128  4264  24485  403475  464  1857  14  8  33  0  22  8  11728  48357  0  9375  26667  31  141948  0  727  0  0  0  0  1  0  1  1  1  19  1  0  0  0  1  0  0  0  2  0  0  0  0  0  0  0  18  3  0  0  0  0  9  0  0  0  3  0  0  1  0  35  0  0  0  4  1  0  2  0  0  0  0  0  0  0  9  0  0  0  0  0  0  0  0  0  76  5  1  1  0  0  0  3  0  
908  1  2  159738  2748  9419  1746  90  1182  21  0  272715  0  1002  295156  674  34  5880  2825  4  0  6  8  66  212  10975  22  0  516037  26  6  1154  1  0  0  0  0  0  408  15615  1357  2  0  319  439892  24  9608  109  179664  0  519  445516  2587  163876  7600  590  6858  416  57  86  206  16  118  111  467  4992  18255  0  147093  126  697  0  2038  1  0  0  0  1  0  8  1  1  1  0  0  0  0  1  0  0  0  1  0  0  0  0  0  0  0  1  0  0  0  0  0  4  0  0  0  1  0  0  0  0  3  0  0  0  0  0  1  0  1  0  0  0  0  1  0  1  0  0  0  0  0  0  0  0  0  308  0  0  0  0  0  0  5  0  
152  0  59850  11273  841  14073  15678  183470  16927  16  0  123  0  91  79331  201983  376  3759  1887  0  0  0  15  6  10  7695  30  69  589848  15  1  527  4  0  0  0  0  1  8  1315  1731  0  0  294  275370  705  340  4237  21674  0  28  14849  1222  439039  602  567  2518  196  5  6  24  0  43  14  424  29730  58078  133310  0  34  11842  0  429  2  0  0  0  0  1  4  0  0  8  0  0  0  0  0  0  0  0  2  0  0  0  0  3  0  0  9  1  0  0  0  0  5  0  0  0  4  0  0  0  0  23  0  0  0  2  0  0  0  0  0  0  0  2  0  0  3  0  0  0  0  0  0  0  0  0  69  4  0  0  0  0  0  8  0  
98244  0  0  0  100937  515027  0  0  5  8  0  3  2  52  7  179501  5  3085  2  0  3  0  145  201045  1  99  0  0  0  1  426141  277626  0  0  0  0  0  0  150  17  319  0  1  171  5  0  2715  84  691  1  0  77  6  1  13  0  2  1  0  0  1  4  116397  35351  21  99  1  4  2  0  0  0  791  1  5  0  0  0  0  2808  0  0  6  1  0  0  0  0  0  1339  0  0  0  0  0  0  0  32  0  2  1  0  0  0  5872  760  0  0  0  0  0  0  0  0  7  0  0  0  0  0  0  0  0  0  2  2  0  0  0  7  0  0  0  0  0  0  17  0  0  87  3  2  0  2209  1  0  4  0  
0  0  10  30  0  108  96  159  452879  26  0  1  0  1  2  20  45  1371  3004  1337  0  1  0  0  63  3001  69503  98  1084  520976  0  181  1  0  0  0  0  1  0  6  4214  0  0  873  7083  153309  14  2359  1593  0  17  49  4  526  1989  268078  1842  237  10  1  30  0  3  0  111683  9260  123140  248  1309  8  0  0  402  0  0  0  0  0  0  0  0  2  5614  30  65  0  0  0  0  0  0  1  0  2  0  0  0  0  0  7  1  0  0  29489  1  2  0  0  0  3  0  0  0  0  24  0  0  0  0  38  0  0  0  0  0  0  0  0  0  2  0  0  0  0  1  0  0  0  0  74  0  0  0  0  204785  0  0  0  
0  0  0  0  0  0  0  0  0  0  0  0  0  0  0  0  2  4  1  0  8  0  1171  0  6  4  0  0  0  0  0  2  0  452  62828  0  1403215  1153710  0  0  12  1  106960  115  3  0  0  3881  2  129506  2  0  0  0  18  0  0  0  38127  214208  8823  0  0  0  1  0  0  2  0  0  0  0  168132  0  0  0  0  0  0  0  0  0  0  0  0  0  0  0  0  0  0  0  0  0  0  0  0  0  0  0  0  0  0  0  0  0  0  0  0  0  0  0  0  0  0  0  0  0  0  0  0  0  0  0  0  0  0  0  0  0  0  0  0  0  0  0  0  0  0  0  0  0  0  0  0  0  0  0  
16  142  0  2005  29  544  424  352  2104  1555  12  6  0  7  270  49  1846  46656  462015  1733  198  981  73262  62  1168862  58609  3  0  61  260  9  17383  42187  669420  214297  30432  6324  2127741  5  59  65765  47  226145  132272  25400  0  295  888460  8558  84778  17816  127  37  4516  630421  83959  146267  3741  219391  42136  169751  0  316  108  59928  2261  244  107623  368  190  116  134588  0  23397  2  0  0  7  1  4  5  2  94  11  0  4  0  1  0  1  3  14  6  0  9  2  16  1  0  120  6  0  5  0  27  117  0  0  0  25  1  0  1  0  454  0  3  5  19  5  0  75  20  0  13  13  0  1  0  50  2  0  0  1  10  0  6  0  2  365  43  11  0  0  11  0  27  0  
0  0  0  189  0  2  1  0  13  1019  0  0  0  0  0  0  38  2609  8  0  0  1  19  0  2  608  0  0  0  9  0  84  404832  93586  41  206610  0  7  1  6  97368  0  1  542  75  0  3  160333  1800  0  6  28  3  3  973  8  23  2  0  0  1  0  3  0  28  350  0  39  1  2  1  0  46858  0  0  0  0  0  0  0  1  0  10  3  0  0  0  0  0  0  0  0  0  0  0  0  2  0  0  14  0  0  0  0  1  3  0  0  0  2  1  0  0  0  91  0  1  0  1  1  0  15  1  0  1  0  0  0  0  7  0  0  1  0  3  0  0  0  0  73  1  0  0  0  1  0  4  0  
0  0  0  0  0  27  0  0  0  0  0  0  0  0  0  0  0  0  0  0  0  0  1  2  0  0  0  0  0  0  305  1  0  0  0  0  0  0  0  0  0  0  0  1  0  0  0  0  0  0  0  0  0  0  0  0  0  0  0  0  0  0  0  0  0  24  0  0  0  114  0  0  0  0  0  0  0  24  237884  64988  162  14  186  0  0  123  5024  7042  58143  81431  1  128  2  0  0  2  21  513514  0  44  8  0  10  0  120613  10873  0  0  0  14  0  0  90191  0  223  0  0  2  304  26  7143  2  8761  0  1  37930  343173  143  1  940  0  0  1  0  2  345166  5771  20402  21  6498  32  46  24  102168  99  0  39  0  
0  0  0  0  0  0  0  0  0  1  0  0  0  0  0  0  0  0  0  0  0  0  0  0  0  0  0  0  0  0  0  0  0  0  0  0  0  0  0  0  0  0  0  0  0  0  0  0  0  0  0  0  0  0  0  0  0  0  0  0  0  0  0  0  0  1  0  0  0  0  0  0  0  0  0  0  0  5  1  0  0  0  3  1  0  0  0  0  0  0  0  0  766489  0  406973  2  10  0  0  10  0  0  0  0  0  0  0  0  0  6  2228  7468  0  0  13  280036  0  14  1  0  0  1  11  0  404042  0  0  0  0  2  15325  0  226361  209070  8285  0  0  0  0  2  0  2  0  0  3  796  381  0  
0  0  1976  0  0  0  0  1113  32  0  0  0  0  0  0  1016  0  0  0  0  0  0  0  0  0  0  0  0  0  5  0  0  0  0  0  0  0  0  0  0  0  0  0  0  0  431  0  0  0  0  0  0  0  0  0  0  0  0  0  0  0  0  0  0  0  0  0  0  0  0  0  0  0  0  0  0  0  0  0  2  476  21111  175  0  0  0  0  0  0  550149  0  1  0  0  0  0  0  0  0  4  120687  152367  319325  70977  0  0  0  0  0  2  0  0  0  0  11  0  0  0  478794  494599  0  0  0  0  0  0  0  15  0  14  1  0  0  0  0  0  0  0  0  5  148164  0  424  0  66  0  0  0  
0  0  0  0  0  1  0  0  0  1  0  0  0  0  0  0  0  0  0  0  0  0  0  0  0  0  0  0  0  0  0  0  0  0  0  0  0  0  0  0  0  0  0  0  0  0  0  0  0  0  0  0  0  0  0  0  0  0  0  0  0  0  0  0  0  15  0  0  0  0  0  0  0  0  25  0  2  0  55  240  694  129  3911  160  0  456940  0  121  116  47  669  1911  138  0  0  0  50  8  3  604145  311  141819  152346  3  1  24  24916  763  212  6116  0  0  92  88  136391  0  0  32  128400  557  613  1053  629607  0  10  754  136  308  824  16154  85  14  9  1  11  8  26  17  321  2836  2852  153248  1419  0  3467  0  329  25  
0  0  0  0  0  23  1  2  0  0  0  0  0  0  0  14  0  0  0  0  0  0  2  0  0  0  0  0  0  0  0  1  0  0  0  0  0  0  0  0  0  0  0  0  0  0  0  0  0  0  0  0  0  0  0  0  0  0  0  0  0  0  0  0  0  204  0  0  0  0  0  0  0  0  168307  0  0  43  0  356461  1678  289  2932  7  0  593  3  3450  114232  600213  0  150  36  0  3  0  64  133  2  468  685  1  34  0  34  7965  0  0  0  167  0  0  4048  0  915  0  0  49  270  302  8857  6  12938  0  1  15634  717124  3405  3  15860  32  18  2  1  6  15910  329  2003  193  8162  2934  132  337  44896  1225  0  173  0  
3  0  0  0  38  15077  378  61  6  0  0  0  0  0  0  3420  1  25  0  0  0  0  6  2  0  0  0  0  0  0  122  1457  0  0  0  0  0  0  0  0  2  0  0  1  0  0  4  1  45  0  0  3  0  0  0  0  0  0  0  0  0  0  3  5  1  23263  0  0  1  1016  0  0  0  0  52968  0  0  45  689042  0  423362  14914  4223  13  0  3625  7  3951  139312  955912  6  978  23  0  6  5  282  208606  2  360  180  2  50  0  7816  278421  0  0  1  95  0  0  1420  2  1228  1  6  16  996  3398  5208  38  7275  0  13  22781  82763  124320  4  5927  20  10  11  2  20  934  102646  71579  69  758932  687  190  1634  274020  920  0  1127  0  
0  0  0  0  0  589  7139  221  4  5  0  0  0  0  0  4723  0  1  0  0  0  0  0  0  0  0  0  0  0  0  0  3  0  0  0  0  0  0  0  0  0  0  0  0  0  0  0  0  1  0  0  0  0  0  0  0  0  0  0  0  0  0  0  0  0  822  1  0  0  1  0  0  0  0  68  0  3  256  717  529109  0  456342  50150  10  0  399  0  228  16547  603002  6  482  17  0  0  0  174  20  1  1543  181  18  922  2  3  357  0  0  0  104  0  0  17  0  1158  0  1  9  1827  10927  706  11  1664  0  7  14665  3865  459102  8  22546  25  6  3  0  5  41  51  37  241  313373  681  1938  12837  0  34624  0  791  0  
0  0  10  0  0  87  3313  49022  10364  1  0  0  0  0  0  16858  0  2  0  0  0  0  1  0  0  0  1  0  0  32  0  5  0  0  0  0  0  0  0  0  15  0  0  0  0  123  0  6  2  0  0  1  0  0  5  0  0  0  0  0  0  0  0  0  1  4925  0  0  0  0  7  0  10  0  3  0  2433  50  47  5818  392502  0  171154  12  0  0  0  0  84  616847  27  2732  47  0  4  0  1220  48  4  514  138  7  203730  62  0  32  0  0  0  60  1  0  0  0  4294  0  7  18  84012  266740  141  50  815  0  19  44  97  36354  0  6210  40  4  18  6  41  0  318  8  396  314938  430  67  519117  0  6076  0  2734  0  
0  0  67  0  0  0  17  747  91172  207  0  0  0  0  0  118  0  10  0  0  0  2  0  0  0  0  0  0  0  29474  0  1  0  0  0  0  0  0  0  0  7  0  0  26  0  3131  0  9  5  0  0  0  0  0  11  0  0  0  0  0  0  0  0  0  11  2895  0  0  0  0  13040  0  3  0  10  0  270  747  43  77  75013  122463  0  91835  0  48  0  29  216  1035  12  427  773  0  2  8  251  6  41  11852  1465  14  145  31536  2  14  0  0  1  3630  42  41  7  0  18735  0  6  21225  930  175188  83  91  2358  2  22  159  203  1064  2  3828  629  61  40  65  607  0  27  2  9370  389409  5561  552  606  0  287634  1  907  0  
0  0  0  0  1  0  1  0  1562  268  1  0  0  0  1  0  0  17  0  0  1  50  0  0  0  1  0  0  0  7640  0  2  0  0  0  0  0  0  0  0  8  0  0  33  1  0  0  23  14  0  1  0  0  0  5  0  0  0  0  0  0  0  0  0  21  299  0  0  0  0  259  0  11  0  10  0  5  1016  21  43  166  44  138568  0  1  36  0  37  38  3  32  237  517  0  20  6696  28373  6  53  22402  400  4  72  61145  8  28  0  0  2  3441  348  59  11  0  22839  2  28  137704  502  677  143  841  2782  0  103  91  92  147  0  2048  128  8  135  710  6126  1  11  4  2138  120493  1785  281  132  0  35460  2  725  0  
0  0  0  0  0  0  0  0  1  14  98382  0  0  0  0  0  0  0  0  18095  0  20597  0  0  0  0  16  0  0  40694  0  0  0  0  0  0  0  0  0  0  0  143  0  5800  0  0  0  0  0  0  0  0  0  0  0  0  0  3  0  0  64  0  0  0  3667  10  0  0  0  0  9  0  0  0  0  0  0  0  0  0  1  0  0  49  0  0  0  0  0  0  0  0  913  659814  0  118867  0  0  1  0  16  0  0  43714  0  0  0  0  0  0  0  0  0  0  4  190597  0  797528  0  0  0  0  0  0  1  0  1  0  0  2  325  193446  0  0  6  0  0  0  354752  2  0  0  0  0  1  0  0  0  
0  0  0  0  0  0  1  0  0  1  0  0  0  0  0  0  0  0  0  0  0  0  0  0  0  0  0  0  0  0  0  0  0  0  0  0  0  0  0  0  0  0  0  0  0  0  0  0  0  0  0  0  0  0  0  0  0  0  0  0  0  0  0  0  0  34  0  0  0  0  0  0  0  0  62  0  0  585662  875  2203  507  5  307  4  0  0  776  204719  2006  17  2543  35418  14  0  0  0  10  1997  0  2954  12  24  5493  0  0  174  13832  1116  5571  40  0  0  9933  187525  150  0  2  1  603  23  2506  945  446842  0  0  133483  742  111  4  992  3  1  1  0  0  5  11  9  18  3650  46  359071  31  0  146  0  61  1  
0  0  0  0  0  0  0  0  0  0  0  0  0  0  0  0  0  0  0  0  0  0  0  0  0  0  0  0  0  0  0  0  0  0  0  0  0  0  0  0  0  0  0  0  0  0  0  0  0  0  0  0  0  0  0  0  0  0  0  0  0  0  0  0  0  0  0  0  0  0  0  0  0  0  4178  0  0  1  12  217  1  0  4  0  0  801  0  76774  4665  0  0  108  0  0  0  0  2  209378  0  0  0  0  0  0  15  111  0  29  29  0  0  0  203352  11  47  0  0  0  31  1  193263  0  114  0  0  60  12  1  0  18  0  0  0  0  0  171250  5239  82999  1  19  0  1  4  1  6  0  2  0  
0  0  0  0  0  1  1  0  0  0  0  0  0  0  0  0  0  0  0  0  0  0  0  0  0  0  0  0  0  0  0  0  0  0  0  0  0  0  0  0  0  0  0  0  0  0  0  0  1  0  0  0  0  0  0  0  0  0  0  0  0  0  0  0  0  42  0  0  0  0  0  0  0  0  11032  0  0  74  8996  7818  391  11  339  0  0  350843  75260  0  43200  26  1  505  3  0  0  1  16  3971  0  80  60  1  30  0  5  454  0  0  0  18  0  0  374067  119597  166  0  0  5  94  37  42860  1  232929  0  1  470900  5835  263  1  1808  3  1  0  0  1  66770  97  70  23  5573  175  2593  30  3  185  0  53  0  
0  0  0  0  0  4  0  2  0  0  0  0  0  0  0  0  0  1  0  0  0  0  0  0  0  0  0  0  0  0  0  0  0  0  0  0  0  0  0  0  0  0  0  0  0  0  1  0  2  0  0  0  0  0  0  0  0  0  0  0  0  0  0  0  0  88  0  0  0  0  0  0  0  0  67989  0  0  98  93693  117690  5600  163  1215  6  0  1844  22676  93791  0  112634  2  278  11  0  0  0  50  104478  0  346  119  3  217248  0  0  339  0  0  0  130  0  0  13  0  480  0  0  16  8771  86  406  6  1691  0  1  1752100  2293211  748580  32  8624  11  11  2  0  4  187429  23  43  159  5579  1087  258612  277808  0  784  0  212  0  
0  0  452  0  47  5431  391  26392  76  0  0  0  0  0  0  31498  0  0  0  0  0  0  0  0  0  0  1  0  1  0  1719  627  0  0  0  0  0  0  0  0  0  0  0  0  0  351  0  0  0  0  0  0  0  0  0  0  0  0  0  0  0  0  0  0  0  47  0  0  0  2332  1  0  0  0  97052  0  395373  63  785481  1106585  828750  642894  1197  3  0  37  0  48  158891  0  0  51  8  0  0  1  20  17778  1  363  52  348  392731  352  75596  685  0  0  0  33  0  0  10  0  266  0  0  4  101368  73039  43  2  518  0  0  349  100254  1108424  3  3167  5  2  0  0  1  17  2427  2499  119  2349  366  234  289461  395974  1188  0  59  0  
0  0  0  0  0  0  0  0  1  26  0  0  0  0  0  0  0  13  0  0  0  0  1  0  0  1  0  0  0  1  0  1  0  0  0  0  0  0  0  0  3  0  0  6  0  0  0  28  5  0  0  0  1  0  3  0  0  0  0  0  0  0  0  0  2  22  0  0  0  0  0  0  11  0  7  0  0  830  8  11  51  19  909  220  0  4027  0  0  4  5  0  497338  29  0  4  2  193070  11160  5  3009  55  5  212  1  30  101  30970  30  170979  326  3  19  0  0  82945  1  43453  43  9686  135  6973  324474  78334  22  12  8  9  38  0  3705  11  3  9  5  97  1  306  88  111  1354  394  14  242  0  904  24  833  8  
0  0  0  0  0  1  0  0  3  40  0  0  0  0  0  0  1  26  0  0  0  0  5  0  0  0  0  0  0  7  0  3  0  0  0  0  0  0  0  0  9  0  1  11  0  0  0  33  9  0  0  0  0  0  4  1  0  0  0  0  0  0  0  0  5  42  0  0  0  0  0  0  23  0  234  0  2  2642  586  1876  2053  63  3081  215  0  25554  10  909  1529  13  365523  0  51  0  4  8  206007  212528  6  2069  225  8  199  2  295  1193  4816  58  37733  358  6  11  18  551  18539  0  18249  55  8924  454  250853  12193  279412  18  27  1010  764  327  1  15136  33  4  22  11  98  39  8055  2524  304  3130  764  35  635  0  2027  12  1321  1  
0  0  0  0  0  1  0  0  0  0  0  0  0  0  0  0  0  0  0  0  0  0  0  0  0  0  0  0  0  2  0  1  0  0  0  0  0  0  0  0  0  0  0  0  0  0  0  2  0  0  0  0  0  0  0  0  0  0  0  0  0  0  0  0  0  33  1  0  0  0  0  0  0  0  19  763959  1  2297  134  178  887  155  556  8  1420  178  0  116  386  70  15  317  0  101467  3429  34710  53  9  193653  3964  290  50  261  9  0  30  0  0  1  74  129  35572  25  0  1469  387431  7  170250  4662  99  496  117  10127  0  219993  854  1458  1746  5  164739  1847539  1032425  209657  531  125168  22  18  10  12484  871  191  13046  293  0  587  22648  466416  0  
0  0  0  0  0  0  0  0  0  0  462  0  0  0  0  0  0  0  0  73  0  0  0  0  0  0  40  0  0  1032  0  0  0  0  0  0  0  0  0  0  0  0  0  0  0  0  0  0  0  0  0  0  0  0  0  0  0  0  0  0  0  0  0  0  165  0  0  0  0  0  6  0  0  0  0  0  0  0  0  0  1  0  1  0  625071  0  0  0  0  0  0  0  120566  0  0  33  0  0  6636  0  189030  0  0  46624  0  0  0  0  0  0  0  0  0  0  2  253264  0  292253  0  0  0  0  1  0  46  0  0  0  0  219507  30175  553756  0  0  188  0  0  0  229646  0  0  1  0  0  167  0  0  0  
0  2  0  0  3  3  0  0  1  71  0  1  0  0  1  0  1  46  3  0  1  103  21  0  1  16  0  0  0  1  0  19  0  0  0  1  0  0  0  6  197  0  1  29  2  0  1  66  28  0  10  4  0  0  25  0  9  0  1  0  10  0  0  0  2  38  0  1  0  1  0  0  85  1  0  406641  0  97  1  5  6  1  242  40  0  4  0  0  1  0  6  68  3926  0  0  8943  231436  29  46  521  14  0  5  0  458  1344  0  2  33  109  134340  1527  0  0  1134  20032  2383  36  21  26  7  384  207  508415  273757  3  3  3  0  285  97  1  151650  967897  1077583  0  75  0  0  220  56  20  1  0  49  651  33869  5  
0  25  0  0  0  0  0  0  8  482  4108  0  0  0  0  0  0  16  2  0  4  25817  8  0  0  7  0  0  0  1659  0  3  0  0  0  0  0  0  0  2  66  85  0  571  0  0  0  18  10  0  16  0  0  0  5  0  1  0  0  0  32  0  2  0  17  451  0  2  0  0  1  0  20  1  1  34  0  20  3  3  5  0  133  5888  64421  3  0  0  5  2  2  31  40193  257  11946  0  101836  8  2  386  9  0  4  16612  129  501  0  0  0  65  1  1  1  0  597  516073  26  1145614  10  16  3  82  50  1  80824  3  10  11  0  121  59282  286  390  9  899783  0  36  0  1292  179  36  31  4  0  29  0  402  0  
0  0  0  1  1  1  0  0  3  92  0  0  0  0  0  0  1  66  0  0  0  12  9  0  0  8  0  0  0  17  0  10  0  0  0  0  0  0  0  2  102  0  0  29  1  0  0  65  30  0  3  2  0  0  13  1  3  0  1  0  0  0  0  0  8  75  5  1  0  0  1  0  71  3  4  4  5  584  22  42  114  8  4359  21920  0  52  0  5  23  2  109892  226231  325  0  216817  60816  0  46926  158  12796  294  1  50  10  408  2137  1  17  297188  2377  7717  270  7  0  17804  4  649009  110505  323  771  895  19961  1619  322917  560  46  67  177  2  3964  313  8  324  8211  749417  3  3255  65  548  2453  1075  88  100  0  2414  25  39735  49  
0  0  0  0  1  6  0  0  0  7  0  0  0  0  0  0  1  11  0  0  0  0  12  47  0  0  0  0  0  1  1886  11  0  0  0  0  0  0  0  1  8  0  0  1  0  0  1  12  4  0  0  1  0  0  3  0  1  0  1  0  0  0  5  0  1  16  0  1  0  116  0  0  4  0  490921  1  0  20  1111  97413  137  7  266  6  0  2064  381107  6414  121628  14182  8794  260281  6  0  14  19  93260  0  1  129  18  1  11  0  307646  31298  23  2603  4170  25  0  0  189991  5  4562  0  7002  7  734  43  593545  845  1223  0  14  415  141  34  0  1029  3  1  5  1  21  334877  809604  1473254  18  935  98  8  41  93381  166  0  480  0  
0  0  0  0  0  0  0  0  0  0  0  0  0  0  0  0  0  1  0  0  0  0  0  0  0  0  0  0  0  26  0  0  0  0  0  0  0  0  0  0  0  0  0  0  0  0  0  1  0  0  0  0  0  0  0  0  0  0  0  0  0  0  0  0  0  3  0  0  0  0  0  0  1  0  1  1  0  234  31  22  39  2  352  13  0  10  0  2  25  6  2  14  181717  754  955  14  45  0  0  620972  99736  3  11  18  3  3  2  67912  1  200845  488  1586  1  0  9141  0  15  4251  224  9  26  108  650  2  4986  53  105  107  202793  907502  193  13793  3140  1396  9551  3  1  0  178  81  1037  316  9  0  159  68  1228163  0  
0  0  0  0  0  2  0  1  6  4  0  0  0  0  0  0  0  3  0  0  0  0  0  0  0  0  0  0  0  4  0  1  0  0  0  0  0  0  0  0  2  0  0  1  0  0  1  6  8  0  0  1  0  0  1  0  0  0  0  0  0  0  0  0  1  191  0  0  0  0  0  0  4  0  219  0  11  387331  290  908  2548  493  11038  1267  0  1545  1  1487  822  190  1707  2313  693  0  6  1  396  91  394654  0  28689  253375  1049  16  3  163  101591  28312  6  774134  114  1468  309  0  610178  0  14  371  195192  2084  5302  636  48556  1  55  2508  1152  5599  238338  257582  310  66  87  310  593  32  98  89  410  29183  660617  9706  2864  0  7192  17  47729  1985  
0  0  0  0  0  0  0  0  0  0  4  0  0  0  0  0  0  0  0  4  0  0  0  0  0  0  20  0  0  1000  0  0  0  0  0  0  0  0  0  0  1  0  0  0  0  1  0  0  0  0  0  0  0  0  0  0  0  0  0  0  0  0  0  0  0  4  0  0  0  0  0  0  0  0  2  0  166507  25  291  136  370  51  946  9  29  6  0  7  54  31  3  52  115  201262  0  0  11  2  41328  85454  0  2972  524  912338  0  4  0  0  0  544  0  0  3  0  4837  0  1  34  666  107803  54  25  114  0  2  82  146  294  11877  1171062  10  865  1  1  6  1  2  0  80193  1976  815261  33  976  0  146736  0  74  0  
0  0  0  0  0  1  0  0  1  0  0  0  0  0  0  0  0  0  0  0  0  0  0  0  0  0  0  0  0  0  0  0  0  0  0  0  0  0  0  0  0  0  0  0  0  0  0  0  0  0  0  0  0  0  0  0  0  0  0  0  0  0  0  0  0  6  0  0  0  0  0  0  0  0  5  0  161675  163113  5  20  45  12  106  1  0  25  0  23  31  4240  1  44  0  0  0  0  3  2  0  321452  2454  0  69910  0  0  8  0  0  0  26  0  0  4  0  105  0  0  0  1330276  9737  150  1  2691  0  0  69  108  80  5  268  1  1  0  0  1  3  4  1  6  269  719649  653  41  0  72  0  44  0  
0  0  0  0  0  0  0  2  0  0  0  0  0  0  0  15  0  0  0  0  0  0  0  0  0  0  0  0  0  0  0  0  0  0  0  0  0  0  0  0  1  0  0  1  0  0  0  0  0  0  0  0  0  0  0  0  0  0  0  0  0  0  0  0  0  25  1  0  0  0  0  0  0  0  2  0  215964  191685  31  101  1328  104161  1794  11  0  14500  0  15  197180  337840  10  213  13  0  0  0  64  4  0  270  155  101781  0  3  0  11  0  0  0  58  0  0  2  0  1189  0  3  8  1497272  11366  349  12  4680  0  9  7293  44  3925  4  5660  5  3  6  0  10  2  38  2  245  729  2065  554282  806357  0  829  0  534  0  
0  0  561  0  0  0  0  46  10616  69  204  0  0  0  0  42  0  1  0  174  0  54  0  0  0  0  1746  0  0  255738  0  0  0  0  0  0  0  0  0  0  1  0  0  19  0  1437  0  1  0  0  0  0  0  0  0  0  0  0  0  0  0  0  0  0  226  88  0  0  0  0  17632  0  0  0  0  0  75645  4  0  0  6  1296  43139  64918  56760  0  0  0  1  690  0  1  1  61261  0  25436  0  0  6  10  824323  0  0  0  0  1  0  0  0  2  1  0  0  0  51  0  0  40221  8  448906  1  2  3  0  0  1  0  1  0  161980  1  237  0  0  5  0  0  0  727658  56  1137  0  4  0  584699  0  1  0  
0  0  0  0  1  2084  0  0  0  15  0  0  0  0  0  26  2  24  3  0  0  0  1  175  0  3  0  0  0  0  30012  651  0  0  0  0  0  0  0  0  26  0  0  7  0  0  1  28  19  0  1  1  0  0  1  0  5  1  0  0  0  0  32  1  2  62  0  0  1  7577  0  0  27  0  73935  0  0  12  247  24902  28  3  186  7  0  7  2  20  12  55287  87  4079  9  0  8  6  6982  288524  1  153  12  0  21  0  0  215436  0  0  7  20  0  0  69  0  1257  0  12  3  1389  35  607  175  215  0  10  96  18  9  0  958  2  1  6  1  14  119  486054  1455  16  376  62  5  47  293050  145  0  342  0  
25  0  0  0  4  789  0  1  2  32  0  0  0  1  0  59  12  201  10  0  1  1  56  27  0  13  0  0  0  1  332  73599  0  0  0  0  0  0  5  0  41  0  0  32  2  0  44  58  270  0  0  8  1  4  3  0  5  0  0  0  5  0  29  51  4  1001  2  1  11  368  0  0  101  0  5792  0  0  74  1252  176305  159  34  613  41  0  13  4  70  125  387  46  3472  41  0  39  39  2654  10856  5  585  46  1  44  0  187851  0  1  0  8  108  0  0  323  0  2543  1  45  27  2675  97  2151  751  507  0  59  468  138  44  0  2393  14  3  40  4  111  556  263860  6743  40  99549  212  18  80  49204  301  0  4715  0  
0  0  0  0  0  0  0  0  0  0  0  0  0  0  0  0  0  0  0  0  0  0  0  0  0  0  0  0  0  0  0  0  0  0  0  0  0  0  0  0  0  0  0  0  0  0  0  0  0  0  0  0  0  0  0  0  0  0  0  0  0  0  0  0  0  0  0  0  0  0  0  0  0  0  0  0  0  17555  0  0  0  0  0  0  0  10119  0  0  0  0  32015  2071  0  0  0  0  0  3  1  68262  0  0  0  0  0  0  0  148808  183318  279025  0  0  0  0  259011  0  0  0  1  0  2  291344  4266  0  0  0  0  0  0  0  0  0  0  0  0  0  0  0  0  0  0  0  0  0  0  0  4  255059  
0  0  0  0  0  0  0  0  0  0  0  0  0  0  0  0  0  0  0  0  0  0  0  0  0  0  0  0  0  0  0  0  0  0  0  0  0  0  0  0  0  0  0  0  0  0  0  0  0  0  0  0  0  0  0  0  0  0  0  0  0  0  0  0  0  0  0  0  0  0  0  0  0  0  0  0  0  1644  1  0  0  0  18  0  0  3050  315  0  0  0  30  22  2  0  1  0  85  4201  63718  32159  0  0  0  0  0  0  128760  0  1044470  445636  23  119446  0  0  39262  0  253757  2  1  1  15  75526  20  56  0  0  0  0  0  3  2  1  10  35  239  0  0  310  2  3  0  1  0  0  4  125  1108014  214993  
0  0  0  0  0  0  0  0  0  16  0  0  0  0  0  0  0  14  0  0  0  0  0  0  0  0  0  0  0  2  0  3  0  0  0  0  0  0  0  0  2  0  0  7  0  0  0  21  8  0  0  0  0  0  3  1  0  0  0  0  0  0  0  0  4  14  0  0  0  0  0  0  9  0  0  0  0  272  2  2  6  1  241  52  0  4779  147  0  0  0  122664  42495  21  0  42  2  240026  6317  9  450  15  1  4  0  16  79  191879  762998  0  97  295  61372  1  0  1125  0  386397  10  19  28  1567  541314  370  19478  21  4  2  6  0  352  4  1  26  1010  652  0  9  393  3  237  43  5  2  0  47  14976  128593  99413  
0  0  0  0  0  0  0  0  0  0  0  0  0  0  0  0  0  0  0  0  0  0  0  0  0  0  0  0  0  0  0  0  0  0  0  0  0  0  0  0  0  0  0  0  0  0  0  1  0  0  0  0  0  0  0  0  0  0  0  0  0  0  0  0  0  3  0  0  0  0  0  0  0  0  9  1  0  4828  51  390  625  18  860  72  0  68  0  19  564  83  56  59  391  0  211  38  529  0  88225  599946  64  12  53  1  0  10  176350  505268  6  0  944  219  6  0  511764  0  819  2770  1077  100  78  3465  2049  80  67  508  637  3368  113603  21135  335  43  612  2674  4944  8  7  4  58  1029  7912  869  633  0  351  287  220438  207919  
0  0  0  0  0  0  0  0  0  0  0  0  0  0  0  0  0  0  0  0  0  0  0  0  0  0  0  0  0  0  0  0  0  0  0  0  0  0  0  0  1  0  0  0  0  0  0  0  1  0  0  0  0  0  0  0  0  0  0  0  0  0  0  0  0  0  0  0  0  0  0  0  0  0  0  11278  0  9  0  0  0  0  109  10  0  0  0  0  0  0  0  2  1  0  83297  2  9250  1  15  87  3  0  0  0  0  0  0  10  40  29  0  518329  0  0  418  0  324743  5  1  3  0  99  20  366144  0  1  0  1  0  30  6  1  73831  748713  6719  0  1  0  3  28  7  0  2  0  21  1022292  8835  15  
0  0  0  0  0  0  0  0  0  0  0  0  0  0  0  0  0  0  0  0  0  0  0  0  0  0  0  0  0  0  0  0  0  0  0  0  0  0  0  0  0  0  0  0  0  0  0  0  0  0  0  0  0  0  0  0  0  0  0  0  0  0  0  0  0  1  0  0  0  0  0  0  0  0  0  30761  0  37  2  1  3  0  116  7  0  0  0  1  0  0  5  3  4442  0  1391  2  2973  5  586  940  4  0  0  0  0  0  0  93182  43325  55  499368  0  0  0  539  0  364183  19  9  8  0  59000  54  166344  109  1  3  2  0  69  57  0  366999  50324  6692  0  0  2  8  33  14  9  1  0  32  1111993  1766705  1154  
0  0  0  0  0  1  0  1  0  1  0  0  0  0  0  0  0  0  0  0  0  0  1  0  0  0  0  0  0  1  0  0  0  0  0  0  0  0  0  0  0  0  0  2  0  0  0  0  0  0  0  0  0  0  0  0  0  0  0  0  0  0  0  0  0  5  0  0  0  0  0  0  0  0  120801  0  0  3276  7709  22576  158  12  346  18  0  9201  169388  352571  64  9  5  379  5  0  0  0  8  33339  0  73  39  1  49  0  344  3732  0  0  0  11  0  0  0  1240  667  0  0  2  742  51  98665  2  235326  0  0  28716  6953  100  0  1281  2  1  0  0  0  45508  18199  69040  19  1253  107  8002  41  49  177  0  13  0  
0  0  0  0  0  0  0  0  0  0  0  0  0  0  0  0  0  0  0  0  0  0  0  0  0  0  0  0  0  0  0  0  0  0  0  0  0  0  0  0  0  0  0  0  0  0  0  0  0  0  0  0  0  0  0  0  0  0  0  0  0  0  0  0  0  0  0  0  0  0  0  0  0  0  0  0  0  8354  3  0  0  0  0  0  0  284484  11  149740  2  0  0  321  0  0  0  0  0  4  0  0  0  0  2  0  0  0  0  0  0  0  0  0  4431  0  0  0  0  0  1  0  1975  0  96588  0  0  2733  0  0  0  1  0  0  0  0  0  0  0  0  0  0  0  32789  0  0  0  0  1  0  
1  0  0  0  1  14  4  0  64  675  0  1  0  0  1  0  9  374  5  0  0  5  7  1  0  25  1  0  2  161  0  80  0  0  0  0  0  1  0  2  269  0  2  277  4  0  4  487  202  0  8  1  1  1  127  4  12  0  3  0  1  0  1  0  98  975  9  2  4  3  5  0  386  7  213  2  31  168184  1256  997  2984  719  88517  12940  0  406  1  297  726  213  79426  43216  12058  2  184  73  54077  1095  8868  612372  4167  109  3091  45  310  1495  213157  44733  324  430552  1065  728  142  0  0  1  18145  5693  93872  6751  3489  332572  128882  423  283  1467  2397  3822  51248  108498  5554  845  933  3521  15576  61  6450  215  1804  184976  19394  9480  5678  0  24192  243  104411  124084  
0  10  0  0  0  0  0  0  0  11  174  0  0  0  0  0  0  3  0  23  1  267  0  0  0  1  0  0  0  3  0  1  0  0  0  0  0  0  0  1  15  15  0  27  0  0  0  5  2  0  6  0  0  0  2  0  1  0  0  0  6  0  1  0  0  4  0  0  0  0  0  0  11  0  0  199797  0  3  0  0  0  0  0  6  197922  0  0  0  0  0  0  1  392953  264772  12927  569417  1  1  0  1  0  0  0  0  3  2  0  0  0  0  0  0  0  0  2  0  0  532149  0  0  0  0  2  0  465928  0  0  0  0  0  79148  4611  29  1  70986  0  1  0  0  3  0  1  0  0  1  0  3  0  
0  0  0  0  0  0  0  0  0  8  0  0  0  0  0  0  0  6  0  0  0  0  0  0  0  0  0  0  0  0  0  0  0  0  0  0  0  0  0  0  3  0  0  4  1  0  0  10  2  0  0  0  0  0  1  0  0  0  0  0  0  0  0  0  1  15  0  1  0  0  0  0  7  0  0  0  0  18  2  1  6  0  113  40  0  3  0  0  1  0  2498  4848  12  0  113  6  565084  5726  22  257  8  0  3  0  4  55  0  176140  334263  75  216591  414457  2  0  1066  0  0  16  10  10  8  40125  37  344412  7  5  3  3  0  120  11  0  19  1588  1649  0  5  18  1  141  20  6  1  0  29  53873  49362  844  
0  0  0  0  0  0  0  0  0  43  2344  1  0  0  1  0  0  15  1  10  0  6540  0  0  0  1  0  0  0  13  0  3  0  0  0  0  0  0  0  2  31  1  0  1069  0  0  0  25  10  0  1  0  0  0  4  0  3  0  0  0  8  0  0  0  3  41  1  1  0  0  0  0  16  0  14  65  2  3504  126  155  295  37  53066  167770  852701  111  0  54  217  25  16  393  104520  114601  67  1091498  67685  15  331  17837  312  8  191  57312  4  20  0  0  0  733  13  1  22  0  11046  344168  4  0  1801  732  373  82  8937  0  9759  405  896  1069  3  14360  308119  392685  23777  73  192260  9  51  7  420900  2054  1073  2211  299  0  70831  68  16682  0  
0  0  0  0  0  2  0  0  0  1  0  1  0  0  0  0  0  5  0  0  0  0  1  0  0  0  0  0  0  0  0  0  0  0  0  0  0  0  0  1  9  0  0  2  1  0  0  5  7  0  0  2  0  0  3  0  0  0  0  0  0  0  0  0  1  319  0  1  0  0  0  0  10  0  186  0  322043  117186  1083  1258  10162  55375  14889  315  0  1381  0  848  5106  130941  531  4651  162  0  1  5  992  133  9  424069  1534  1240719  1396282  11  6  262  0  0  1  2147  2  0  226  0  24134  0  18  86  0  158138  7898  113  89778  0  47  5370  9630  18489  266  31955  114  46  43  7  70  141  731  177  988  21055  724055  159861  412846  0  8055  0  4499  0  
0  0  1647  0  0  0  1  3493  1063  2  0  0  0  0  0  597  0  4  0  0  0  0  0  0  0  1  0  0  0  18  0  0  0  0  0  0  0  0  0  0  4  0  0  1  0  4966  0  3  0  0  0  1  0  0  1  1  0  0  0  0  0  0  0  0  1  40  0  1  1  0  75  0  7  0  5  0  334740  105  186  575  40769  265912  166385  237  0  12  0  9  84  51857  35  3688  170  0  2  3  1601  88  8  19312  86611  6832  5241  513780  3  30  0  0  2  8440  2  1  8  0  38597  0  17  52  266516  0  185  139  1125  0  16  145  303  1433  3  159643  131  17  21  2  73  4  369  5  2035  58050  144245  188  5832  0  221594  1  1787  0  
0  0  0  0  0  2  2  0  0  2  0  0  0  0  0  0  0  1  0  0  0  0  3  0  0  0  0  0  0  0  0  0  0  0  0  0  0  0  0  0  0  0  0  0  0  0  0  0  3  0  0  0  0  0  0  0  0  0  0  0  0  0  0  0  0  35  0  0  0  0  0  0  0  0  26669  0  1  39  25599  14685  2133  63  2827  26  0  6620  126201  20176  1815  34  379  164981  17  0  1  1  499  428477  2  500  254  5  177  1  539  9370  14  7  235  165  0  0  86285  742  8755  0  5  14  13113  391  0  158  78087  0  4  15064  2851  596  0  14097  27  6  0  2  7  3045  55357  274784  225  3600  788  61  518  50  1629  0  192  0  
0  0  0  0  1  5  0  0  26  845  0  2  0  0  0  1  10  637  6  0  1  1  6  1  0  28  0  0  1  83  0  182  0  0  0  0  0  0  0  5  216  0  3  195  6  0  2  936  287  0  5  0  1  3  85  8  9  1  0  1  1  0  1  0  97  846  16  4  4  1  1  0  577  3  3  0  2  2187  15  37  54  9  2167  1907  0  1922  11  11  10  2  322444  93944  386  0  145  17  55266  1092  162  6557  132  2  38  8  319  2365  305806  82638  602709  3112  489  123353  4  0  311658  0  190326  291  272  305  389  0  2453  33986  102  32  38  67  0  2418  67  5  118  2264  1939  0  256  95  52  12174  568  75  59  0  519  30007  364674  364913  
0  0  0  0  0  7  1  0  0  11  0  0  0  0  0  0  0  2  0  0  0  0  1  0  0  0  0  0  0  1  0  0  0  0  0  0  0  0  0  0  2  0  0  0  0  0  0  9  3  0  0  0  0  0  2  0  0  0  0  0  0  0  0  0  1  199  1  0  0  0  0  0  5  0  22221  0  11  673077  72479  54226  27596  822  60434  2735  0  489445  111  248589  13206  333  81333  303431  739  3  5  3  2272  1640  33  98806  3450  2058  13065  16  122  3633  8257  9  325  3356  9  6  159510  56258  114654  0  8  389  122308  5653  85297  1060  0  0  19  96579  15617  3954  122  211613  431  205  22  17  79  1730  2229  725  4260  38007  8298  83896  7331  98  30069  0  1618  0  
0  0  0  0  0  0  0  0  0  1  0  0  0  0  0  0  0  0  0  0  0  0  0  0  0  0  0  0  0  0  0  0  0  0  0  0  0  0  0  0  0  0  0  0  0  0  0  0  0  0  0  0  0  0  0  0  0  0  0  0  0  0  0  0  0  0  0  0  0  0  0  0  0  0  0  0  0  7  0  0  0  1  43  7  0  0  0  0  0  0  11  4  2  0  471418  1  306418  0  39  106  1  0  0  0  0  0  0  85  8856  93  445037  141946  0  0  778  0  713816  2  5  3  1  6240  30  0  1  0  0  0  0  26  3  0  239  392278  124052  0  0  0  2  18  6  3  1  0  9  75673  217638  324  
0  4  0  0  0  0  1  0  0  17  0  0  0  0  0  0  0  17  2  0  0  245  0  0  0  8  0  0  0  2  0  6  0  0  0  0  0  0  0  1  46  0  1  8  0  0  0  19  13  0  16  0  1  0  3  0  2  0  1  0  7  0  1  0  1  14  0  0  0  0  0  0  24  1  0  332742  0  104  0  2  3  0  24  23  2  0  0  0  1  0  0  5  108743  28  239067  57406  12  0  1  144  3  1  3  0  23  19  0  0  0  2  9  0  0  0  63  448815  1  832  23  7  8  10  315  0  0  4  2  2  0  87  67191  9  76658  13141  486251  0  3  1  3  21  4  26  1  0  9  0  254  0  
0  0  0  0  0  41  3  5  0  0  0  0  0  0  0  0  1  0  0  0  0  0  2  0  0  0  0  0  0  0  0  1  0  0  0  0  0  0  0  0  0  0  0  0  0  0  1  0  3  0  0  0  0  0  0  0  0  0  0  0  0  0  0  0  0  549  0  0  0  0  0  0  1  0  26907  0  1  10323  94330  87848  51237  286  3123  14  0  266322  28  812035  1299590  3120  6  1356  50  0  2  1  148  1013  1  583  467  4  10349  1  22  4184  0  0  0  189  0  0  18816  2678  1205  0  3  32  1959  332  5702  15  53700  0  10  0  481914  610644  22  16102  26  19  11  1  19  214457  278  266  217  44359  2759  706223  751  5  1832  0  845  0  
0  0  0  0  0  22  10  13  0  1  0  0  0  0  0  0  0  1  0  0  0  0  0  0  0  0  0  0  0  1  0  0  0  0  0  0  0  0  0  0  0  0  0  0  0  0  0  0  2  0  0  0  0  0  1  0  0  0  0  0  0  0  0  0  0  607  0  0  0  0  0  0  0  0  214182  0  0  105  626348  109112  4799  1062  5072  20  0  2058  6  19473  2541564  88778  2  296  58  1  1  0  73  200  1  742  592  4  116  0  12  4775  0  0  0  270  0  0  16129  0  1466  0  0  65  1427  368  833  5  3268  0  1  726542  0  240563  16  23025  51  29  4  1  10  386251  198  118  361  21379  2807  1811  583  16  2299  0  268  0  
0  0  0  0  0  0  1  1  0  2  0  0  0  0  0  0  0  1  0  0  0  0  0  0  0  0  0  0  0  0  0  0  0  0  0  0  0  0  0  0  2  0  0  0  0  0  1  2  1  0  0  0  0  0  2  0  0  0  0  0  0  0  0  0  0  588  0  0  0  0  0  0  0  0  187  0  0  352  1685  111549  488072  88862  13465  80  0  285  0  432  835080  1324575  16  1200  154  1  1  1  491  23  4  3998  519  17  17392  2  3  202  0  0  0  1176  3  0  155  0  5758  0  6  134  28402  2743  947  47  3456  0  21  587668  101083  0  167  81718  124  62  26  5  34  307  96  25  1903  19923  5367  100539  344425  0  10368  0  1766  0  
0  0  0  0  0  0  0  0  0  0  0  0  0  0  0  0  0  0  0  0  0  0  0  0  0  0  0  0  0  0  0  0  0  0  0  0  0  0  0  0  0  0  0  0  0  0  0  0  0  0  0  0  0  0  1  0  0  0  0  0  0  0  0  0  0  6  0  0  0  0  0  0  0  0  5  0  0  885  46  309  470  13  51  1  0  37  0  24  461  56  0  19  179  0  0  0  4  1  230570  292425  6742  72  25  0  0  5  0  0  0  241064  0  0  7  0  73490  0  0  78  783  15  68  0  665  0  1  499  654  2722  0  247614  101  48  0  0  0  5  1  0  29  225  23226  516  416  0  50  0  55774  0  
0  0  0  0  0  2  0  0  0  3  0  0  0  0  0  0  0  6  0  0  0  0  0  0  0  0  2  0  0  41  0  1  0  0  0  0  0  0  0  0  5  0  0  0  0  0  0  4  3  0  0  0  0  0  0  0  0  0  0  0  0  0  0  0  0  281  0  0  0  0  0  0  5  0  154  4  1540  6688  8722  7461  16682  1068  32553  226  13  531  0  453  6319  1234  47  1497  167293  150481  484  35  496  38  741371  278633  1092664  286  1380  127464  7  305  0  2  5  30427  186  104  213  0  83289  4  122  21727  13846  82519  2248  1005  22244  0  5109  9846  20001  36189  252242  0  17965  344331  2858  484  7129  252  116  52  131953  22156  360648  30827  8974  0  371958  8  165331  0  
0  0  0  0  0  0  1  0  0  1  0  0  0  0  0  0  0  0  0  0  0  0  0  0  0  0  0  0  0  0  0  0  0  0  0  0  0  0  0  0  0  0  0  0  1  0  0  2  0  0  0  0  0  0  0  0  0  0  0  0  0  0  0  0  0  26  0  0  0  0  0  0  0  0  35  3027  0  3429  340  394  1011  107  718  12  3086  214  0  131  1168  96  10  306  1864221  47219  377  19238  49  10  254  4942  54  31  309  0  0  45  0  0  0  115  8  5  36  0  1743  80845  2  531994  4439  194  521  11  11072  0  70835  2010  4810  4393  10  10337  0  180467  68118  61  257250  66  26  9  10873  1073  289  14789  311  0  974  5  126844  0  
0  0  0  0  0  0  0  0  0  0  0  0  0  0  0  0  0  0  0  0  0  0  0  0  0  0  0  0  0  3  0  0  0  0  0  0  0  0  0  0  0  0  0  0  0  0  0  0  0  0  0  0  0  0  0  0  0  0  0  0  0  0  0  0  0  5  0  0  0  0  0  0  0  0  10  0  1  392  269  333  466  18  243  9  191699  39  0  35  721  47  1  75  1331058  507373  37  59  2  2  12445  1307  382  2  76  120  1  30  0  0  0  83  4  0  26  0  528  11591  0  708337  1118  72  139  4  1274  0  791  1168  2922  2881  14  324014  97151  0  478  19  1552  41  3  1  354144  383  132  4375  115  0  2277  0  1537  0  
0  0  0  0  0  0  0  0  0  0  0  0  0  0  0  0  0  2  0  0  0  0  0  0  0  0  0  0  0  0  0  0  0  0  0  0  0  0  0  0  0  0  0  1  0  0  0  1  2  0  0  0  0  0  0  0  0  0  0  0  0  0  0  0  0  7  0  0  0  0  0  0  1  0  13  165186  0  11648  39  66  138  17  1644  68  0  309  0  53  24  4  4  186  311880  0  79757  69  56  10  315  7155  109  36  359  0  0  14  0  1  0  385  60970  401185  9  1  3189  15  11  4265  1961  154  347  44  28050  31  266177  384  68  96  0  3607  67394  13  0  260337  116476  1  16  7  88  822  314  2781  157  0  788  436952  252153  0  
0  0  0  0  0  0  0  0  0  0  0  0  0  0  0  0  0  0  0  0  0  0  0  0  0  0  0  0  0  0  0  0  0  0  0  0  0  0  0  0  0  0  0  0  0  0  0  0  0  0  0  0  0  0  0  0  0  0  0  0  0  0  0  0  0  0  0  0  0  0  0  0  0  0  2  226158  0  188  2  4  19  4  1246  83  0  3  0  0  5  0  6  15  2325  0  863653  132  10137  2  175  1267  19  0  6  0  0  1  0  14  47  416  586590  80454  0  0  3684  0  1885  172  55  67  9  300  432  450548  40383  8  10  28  0  475  122  4  267053  0  171051  0  3  2  24  375  80  55  13  0  255  439449  168457  22  
0  10  0  0  0  1  0  0  1  20  0  0  0  0  0  0  1  9  0  0  2  166  4  0  0  2  0  0  0  1  0  1  0  0  0  0  0  0  0  1  26  0  0  4  1  0  1  15  4  0  4  0  1  0  3  0  1  0  0  0  5  0  0  0  1  12  0  1  0  0  0  0  17  0  4  10406  1  1020  18  28  146  11  9765  1184  2  31  0  7  32  6  65  112  146879  142  963768  842309  597330  7  2234  11135  262  3  66  1  30  115  0  170  581  3435  13951  12299  3  0  38881  46906  1159  162587  268  521  52  558  2304  79124  547253  52  60  166  1  4049  199727  324  150952  137579  0  1  25  1  63  4169  826  299  97  0  1182  86  58482  9  
0  0  0  0  0  0  0  0  0  0  0  0  0  0  0  0  0  0  0  0  0  0  0  0  0  0  0  0  0  0  0  0  0  0  0  0  0  0  0  0  0  0  0  0  0  0  0  0  0  0  0  0  0  0  0  0  0  0  0  0  0  0  0  0  0  1  0  0  0  0  0  0  0  0  222138  0  0  28  10824  11820  71  4  233  6  0  22  295375  114139  154423  7  0  14  6  0  0  0  1  289258  0  35  23  0  10  0  24  802  0  0  0  13  0  0  202823  0  107  0  0  4  84  15  535  0  224  0  0  209796  238100  103  0  1196  2  0  0  0  0  0  229  4075  26  787  66  62  21  1  146  0  5  0  
0  0  0  0  0  4  0  0  1  14  0  0  0  0  0  0  4  28  5  0  0  1  32  18  0  3  0  0  0  0  1087  34  0  0  0  0  0  0  0  1  25  0  0  10  1  0  0  26  18  0  0  0  0  0  4  0  2  0  0  0  2  0  4  0  1  34  0  1  4  32  0  0  25  1  19112  0  0  34  1633  96751  290  29  1234  19  0  35  463  207  499  121  163  29144  31  0  37  31  23739  794844  6  455  106  3  101  1  425108  336375  1  0  32  118  1  0  2838  0  13997  0  24  17  9114  211  29304  363  1690  0  31  893  351  112  1  5857  10  1  11  5  56  2538  0  141994  127  1908  494  18  277  143861  887  0  1180  0  
0  0  0  0  0  1  1  0  0  0  0  0  0  0  0  0  0  0  0  0  0  0  0  0  0  0  0  0  0  0  0  0  0  0  0  0  0  0  0  0  2  0  0  0  0  0  0  0  0  0  0  0  0  0  0  0  0  0  0  0  0  0  0  0  0  19  0  0  0  0  0  0  0  0  54844  0  0  3  3729  117299  128  16  247  5  0  20  201149  202  185  1014  647  3837  1  0  1  1  1725  1420970  0  49  27  0  16  0  1787  45959  4  107  122  14  0  0  472854  0  1390  0  30  0  1697  58  308562  20  446  0  1  640  172  36  0  1271  0  2  0  0  2  13365  253879  0  27  5333  99  5  45  26862  178  0  43  0  
0  0  0  0  0  0  0  0  0  0  213  0  0  0  0  0  0  0  0  1  0  2  0  0  0  0  13  0  0  6333  0  0  0  0  0  0  0  0  0  0  0  0  0  3  0  0  0  1  0  0  0  0  0  0  0  0  0  0  0  0  0  0  0  0  28  7  0  0  0  0  0  0  0  0  17  1  0  739  354  489  983  157  18978  1628  528183  53  0  46  816  79  6  112  30355  274843  67  982  27  2  1570  4207  118782  8  116  906663  1  27  0  1  0  325  19  7  23  0  2553  6  1  485457  1175  1079  134  38  2226  0  1605  1255  2586  4641  7  221060  26717  517388  1108  60  1970  30  18  7  0  830  560  2700  563  0  148314  0  12321  0  
71  0  1  15  26  55956  2872  4339  60261  109449  0  1  0  0  18  205  114  8300  67  2  0  26  53  59  0  420  16  0  39  16045  19  3777  3  0  6  0  0  0  5  13  2189  1  47  7171  253  0  165  10658  4327  0  25  130  21  72  3062  197  47  9  2  1  5  1  33  151  5233  365303  521  41  97  114  153  0  5375  13  4989  0  13  2323  5269  718241  360298  292506  516127  176727  0  3796  1  4196  21521  3276  128  5032  545  0  20  58  2448  460  31  91423  4102  102  3220  45  250  130490  0  0  9  25700  401  87  283  0  352484  0  76  621  33447  10439  3768  1715  17863  1  102  9426  10483  8460  7  32507  330  47  184  836  7262  376  2930  617  495  0  34000  3083  2841  805  44039  5  7160  1  
0  0  0  0  0  2  0  0  0  1  0  0  0  0  0  0  0  2  0  0  0  0  0  0  0  0  0  0  0  0  0  2  0  0  0  0  0  0  0  1  2  0  0  0  0  0  0  2  0  0  0  0  0  0  2  0  0  0  0  0  0  0  0  0  0  51  0  0  0  0  0  0  11  0  33  0  136110  3535  4793  4259  8705  372  9237  109  0  127  0  139  2189  2015  43  803  202  0  3  0  236  21  90  830259  625520  698766  4079  9599  1  83  0  0  0  11984  0  2  71  0  28872  0  9  168  607432  194157  496  151  2548  0  20  2788  4116  15228  7389  366440  151  55  20  3  72  55  88  15  307  17181  0  3260  40400  1  2971  0  1482  0  
0  0  0  0  0  10  3  1  0  0  0  0  0  0  1  1  0  1  0  0  0  0  0  0  0  0  0  0  0  0  0  0  0  0  0  0  0  0  0  0  0  0  0  0  0  0  0  0  1  0  0  1  0  0  0  0  0  0  0  0  0  0  0  0  0  197  1  0  0  0  0  0  1  0  293  0  0  299878  1758  6486  11062  232  14452  124  0  428371  2  4531  308008  3030  4  556  232  2  1  1  199  91  6  6409  599  67  770266  2  3  629  0  0  0  1074  0  0  6276  10993  4264  0  2  127  261632  1023  4460  23  91062  0  10  721464  10319  195153  197  60546  146  65  14  2  21  173  57  145  1413  11297  4055  0  28829  0  8419  0  912  0  
0  0  0  0  0  1  0  0  0  0  0  0  0  0  0  0  0  2  0  0  0  0  0  0  0  0  0  0  0  0  0  1  0  0  0  0  0  0  0  0  6  0  0  0  0  0  0  1  0  0  0  1  0  0  0  0  0  0  0  0  0  0  0  0  0  288  0  0  0  0  0  0  0  0  11  0  6  162  361  763  46561  347226  10080  36  0  16  0  21  229995  244849  37  699  66  0  2  0  243  8  2  2693  699  53  1028297  6  2  32  0  0  0  638  0  0  23  0  3623  0  6  67  496305  22512  313  18  1376  0  15  207  918  289330  173  30049  51  29  12  2  19  12  68  8  1459  15101  47285  11902  0  0  6463  0  1353  0  
0  0  0  0  6  3154  0  0  0  0  0  0  0  0  0  21  1  2  0  0  0  0  0  0  0  0  0  0  0  0  696  1081  0  0  0  0  0  0  0  0  0  0  0  0  0  0  0  0  2  0  0  0  0  0  0  0  0  0  0  0  0  0  1  0  0  60  0  0  0  2457  0  0  1  0  97932  0  0  0  143208  276622  1  0  2  0  0  0  1  0  3  431107  0  4  0  0  0  0  0  111513  0  2  0  0  0  0  306950  61218  0  0  0  0  0  0  68  0  6  0  0  0  6  0  12  0  22  0  0  3  8  0  0  3  0  0  0  0  0  24  155532  13299  0  394  0  0  0  0  0  0  0  0  
0  0  26  0  0  0  2  32  90434  2  1  0  0  0  0  7  0  4  0  0  0  1  0  0  0  0  2  0  1  23636  0  0  0  0  0  0  0  0  0  0  1  0  0  2  0  5423  0  0  2  0  0  0  0  0  0  1  0  0  0  0  0  0  0  0  2  1975  0  0  0  0  99320  0  4  0  15  0  95  1358  246  294  31009  2886  333596  8425  92  60  0  37  504  103  19  848  5615  435  10  5  457  21  263  26636  90275  22  1213  507743  4  29  0  1  0  8561  50  49  18  0  28213  1  8  17502  2357  238019  280  117  4011  0  167  711  1513  3054  2  618864  4061  1197  173  79  905  12  55  12  138722  36699  17609  1485  1806  0  0  1  5810  0  
0  0  0  0  0  0  0  0  0  0  0  0  0  0  0  0  0  0  0  0  0  0  0  0  0  0  0  0  0  0  0  0  0  0  0  0  0  0  0  0  0  0  0  0  0  0  0  0  0  0  0  0  0  0  0  0  0  0  0  0  0  0  0  0  0  0  0  0  0  0  0  0  0  0  0  3065  0  35  0  0  3  0  47  4  0  0  0  0  0  0  2  2  4097  0  1955  9  1068  0  9  70  0  1  0  0  0  0  0  736  6980  21  873558  1261690  0  0  155  0  86858  172  6  6  2  8251  85  137017  152  0  0  0  0  32  84  0  454274  416213  1086  0  1  0  0  13  3  8  0  0  15  0  243788  464  
0  0  0  0  0  1  0  1  0  8  0  0  0  0  0  0  0  19  0  0  0  0  0  0  0  0  0  0  0  2  0  6  0  0  0  0  0  0  0  0  4  0  0  3  0  0  0  16  5  0  0  0  0  0  0  0  1  0  0  0  0  0  0  0  3  94  0  0  0  0  0  0  15  0  82  201  0  16045  358  555  1968  330  4770  222  0  771  0  399  1508  141  911  940  442930  0  86910  269  55905  29  1318295  147498  213  518  970  1  15  230  4  1034971  97483  340309  14751  1876612  81  0  78872  4  120212  18053  15895  371  1632  372225  46494  179004  51289  3657  6725  4997  38574  410124  84036  1151  250847  240337  177125  103  41  21  3472  3113  690  34094  724  0  2213  236607  0  127815  
0  0  0  0  0  0  0  0  0  0  0  0  0  0  0  0  0  0  0  0  0  0  0  0  0  0  0  0  0  0  0  0  0  0  0  0  0  0  0  0  0  0  0  0  0  0  0  0  0  0  0  0  0  0  0  0  0  0  0  0  0  0  0  0  0  0  0  0  0  0  0  0  0  0  0  0  0  8  0  0  0  0  6  1  0  1  0  0  0  0  14  7  2  0  8  0  345  0  38  1668  0  0  0  0  0  0  227662  270438  65810  243106  8  1922  0  0  108579  0  1464  0  8  0  0  442272  11  450  0  0  0  0  0  11  2  0  3  127  87  0  0  0  0  2  0  0  0  0  3  414  165425  0  
