0  0  0  12  364228  88163  4  1  2  7  0  676  2  18134  121313  13470  22  1518  1  0  0  0  10  260856  0  19  0  0  0  0  94966  9089  0  0  0  0  0  0  8250  7204  45  0  0  16  11  0  4370  14  63663  0  0  248050  207948  143  4  3  4  2  0  0  0  58914  388  54531  3  2265  36  448  37  143462  0  0  94  0  0  0  0  0  0  0  0  0  1  1  0  0  0  0  0  0  0  2  0  0  0  0  0  0  0  1  1  0  0  0  0  21  0  0  0  1  0  0  0  0  3  0  0  0  0  0  0  0  0  0  0  0  0  0  0  0  0  0  0  0  0  0  0  0  0  125  1  0  0  0  0  0  0  0  
0  0  0  23  0  1  0  2  1  1  0  0  0  0  0  0  0  8  215132  0  465735  83681  0  0  3  2  0  0  0  0  0  0  0  0  0  0  57433  28491  0  0  2  434507  1  994  271  0  0  20  17  0  581515  0  0  10  97  0  451902  104  425062  202210  57247  0  0  0  3  10  1  98  5  0  0  0  833  0  0  0  0  0  0  0  0  0  1  0  0  0  0  0  0  0  0  0  0  0  0  170  0  0  0  0  0  0  0  0  0  0  0  0  0  0  0  0  0  0  0  1  0  4  0  0  0  0  0  0  3  0  0  0  0  0  0  0  0  0  1  0  0  0  0  0  0  0  0  0  0  0  0  0  
0  0  0  9  0  140  16  91146  1275  0  0  0  0  0  0  431099  15  57  9  0  0  0  0  0  0  21  117675  234764  138816  77588  0  17  0  0  0  0  0  0  0  0  23  0  0  0  314707  431980  0  21  949  0  0  2  0  238  3  7  3  3  0  0  0  0  0  1  3  36  80068  2  97182  2  77  0  4  0  0  0  2713  0  0  0  0  431  769  0  0  0  0  0  0  2057  0  0  0  0  0  0  0  0  0  0  1  0  1  2318  0  0  0  0  0  0  0  0  0  0  0  0  0  0  0  11163  0  0  0  0  0  0  0  0  0  0  0  0  0  0  0  0  0  0  0  0  0  0  0  0  280  0  0  0  
252  2  18  0  949  1575  1309  1846  559  13  0  275723  137  438  455  121  2250  6325  1779  0  0  30  22  80  30  619923  4  324198  112658  15  0  226  86884  1061  458  100  0  6  180  3611  257949  0  2  1858  368326  6  919  1120  551199  0  566  6753  686  1679  3298  130  5375  142  76  219  454  11  32  55  357  1673  70142  78832  6038  26  214  0  2891  632  0  0  0  0  0  0  1  0  2  0  0  1  0  0  0  0  0  1  0  0  0  0  0  0  0  0  0  0  0  0  0  1  0  0  0  0  0  0  0  0  2  0  0  0  2  0  1  1  0  0  0  0  0  0  0  0  0  0  0  0  0  0  0  0  0  34  2  0  0  0  1  0  0  0  
332008  0  0  12  0  68472  9  0  1  3  0  228  2  1106  55825  311856  8  330  3  0  0  0  2  6252  0  14  0  0  1  0  31772  1141  0  0  0  0  0  0  352  6959  53  0  0  8  5  0  417  1  15726  0  0  21390  131554  91  8  0  1  0  0  0  0  12  39  4593  2  322  40  382  26  22465  0  0  14  0  0  0  0  0  0  90  0  0  0  0  0  0  0  0  0  34  0  0  0  0  0  0  0  0  0  0  0  0  0  0  1  4  0  0  0  0  0  0  0  0  0  0  0  0  0  0  0  0  0  0  0  1  0  0  0  0  0  0  0  0  0  1  0  0  0  37  0  0  0  14  0  0  0  0  
132786  0  12  561  106834  0  273645  5402  9400  57  0  720  1  5179  33789  713815  206  15126  198  1  0  0  37  81500  8  1114  15  0  68  19  31537  186463  4  0  0  0  0  1  1069  8756  1279  0  5  269  2211  1  6066  944  70391  0  38  43484  17487  63465  676  145  136  35  5  1  14  41  19711  43519  1370  431187  5142  3775  8263  440875  73  0  1322  0  185  0  0  2  34  28336  529  96  104  0  0  1  0  2  20  5113  0  2  1  0  0  1  2  11  0  25  4  0  2  0  3860  2684  0  0  0  10  0  0  2  0  39  0  0  0  9  1  15  0  9  0  0  21  11  6  0  22  0  0  0  0  0  20  4  8  1  74814  2  2  2  3015  10  0  16  0  
36  0  7  3422  203  393658  0  416798  88171  2  0  87  0  6  371  819762  37  1162  607  0  0  1  1  1  14  1454  40  0  133  692  0  187  2  0  0  0  0  0  0  859  622  0  0  1479  14037  8  344  221  15136  0  44  14367  361  74272  3786  311  419  59  6  10  23  0  18  4  31810  325303  5340  17681  36309  29  817  0  286  0  0  0  0  0  2  2112  4737  4229  373  0  0  0  0  0  2  576  0  0  0  0  0  0  0  0  0  0  0  0  0  0  0  7  0  0  0  0  0  0  0  0  0  0  0  0  0  0  0  0  1  0  0  0  3  0  0  1  0  0  0  0  0  0  0  0  0  3077  0  0  0  0  10  0  1  0  
40  0  42193  6346  174  13355  376569  0  369487  7  0  258  0  9  129  486237  21  341  532  0  0  0  17  2  9  1653  13  29  59282  234  0  49  0  0  0  0  0  0  2  2575  423  0  0  723  83802  215381  136  207  3184  0  10  6260  261  221622  2106  327  730  40  0  3  13  0  6  3  5856  229187  15005  2370  197396  3  2994  0  157  0  0  0  210  0  1  36  153  45406  3367  0  0  0  0  0  0  31102  0  0  0  0  0  0  0  0  0  1  0  0  6  5  0  4  0  0  0  0  0  0  0  0  0  0  0  0  0  850  1  0  0  0  0  0  1  0  0  0  0  0  0  0  0  0  0  0  0  4722  0  0  0  0  107  0  0  0  
1  0  117  44  4  2990  11012  158123  0  16805  0  0  0  1  4  415  65  1421  2191  50  0  21  4  2  20  2604  81  206  288  43988  0  242  0  0  0  0  0  0  0  9  4263  1  0  2560  3515  160350  24  1452  2963  1  15  90  0  4594  9339  8477  1279  147  3  0  23  0  6  0  39859  322345  19183  313  914  7  300897  0  319  1  0  0  31  0  0  0  5  3065  57685  240  0  0  0  0  0  517  0  4  0  0  0  2  1  0  0  20  1  0  1  5737  0  1  0  0  0  6  0  0  0  0  309  0  0  0  0  1767  0  2  0  0  0  0  0  1  0  5  0  0  0  0  3  0  0  0  0  77720  1  0  0  0  102110  0  0  0  
124  1  0  258  889  836  282  308  20829  0  24  311  0  55  466  60  254  50903  522  13  6  5517  44375  15  52  3239  59  2  94  115892  2  5552  6  0  9  0  0  9  3  2917  47796  7  104  342601  1368  1  737  16904  35975  5  1139  1421  974  489  11654  771  697  95  180  16  169  0  86  26  14278  562654  1592  4039  216  64  174  1  21859  1114  13  0  0  270  114  65  133  22  3847  566  15  64  0  60  34  6  4  263  103  0  8  218  99  13  3  538  40  3  24  101  16  133  0  0  0  158  2  0  27  0  6959  0  8  20  1113  60  101  86  1226  0  23  414  63  80  2  1308  36  8  6  1  22  6  65  2  37  178201  336  573  48  0  309  0  399  0  
0  2  0  0  0  0  0  0  13  28  0  0  0  0  0  0  0  2  977  1086562  0  73840  0  0  240  6  421  0  0  64645  0  1  0  0  0  0  0  0  0  0  11  86013  0  1083155  1  0  0  3  2  0  0  1  0  0  48  73  4690  429969  0  0  67  0  0  0  508835  28  2  41  0  0  15  0  151  0  0  0  0  0  0  0  0  0  0  2  157311  0  0  0  0  0  0  0  0  1010  0  5367  0  0  0  2  1  0  0  1032  0  0  0  0  0  0  0  0  0  0  0  546  0  1952  0  0  0  0  0  0  0  0  0  0  0  1  0  0  0  0  0  0  0  0  167  6  0  0  0  0  2  0  0  0  
1332  0  0  574642  7202  3498  7  2  6  3  0  0  3911  93614  4605  124  606  23263  3  0  0  0  0  166  0  25  0  0  97968  0  1  78  3825  631  369  0  0  0  437  333341  28  0  0  4  43473  0  8248  252  273634  0  0  391081  9608  379  11  1  8  1  0  0  1  5  1  431  2  71  60  358186  86  11  0  0  3  0  0  0  0  0  0  0  0  0  0  0  0  0  0  0  0  0  0  0  0  0  0  0  0  0  0  0  0  0  0  0  0  0  0  0  0  0  0  0  0  0  0  0  0  0  0  0  0  0  0  0  0  0  0  0  0  0  0  0  0  0  0  0  0  0  0  0  0  0  0  0  0  0  0  0  
12  0  0  79  0  83  0  0  0  0  0  1797  0  41444  1  1  1  2314  0  0  0  0  0  175610  0  0  0  0  5  0  1  30  1  13  87  0  0  0  160596  118  0  0  40  0  0  0  190459  3  1093  0  0  10  2  0  0  0  0  0  0  0  0  35810  21  20367  0  3  0  0  0  9  0  0  0  0  0  0  0  0  0  0  0  0  0  0  0  0  0  0  0  0  0  0  0  0  0  0  0  0  0  0  0  0  0  0  0  0  0  0  0  0  0  0  0  0  0  0  0  0  0  0  0  0  0  0  0  0  0  0  0  0  0  0  0  0  0  0  0  0  0  0  0  0  0  0  0  0  0  0  
13859  0  0  9  7543  12200  2  0  0  0  0  108889  58948  0  10803  175  5  404  1  0  0  0  0  3239  0  3  0  0  74  0  2  330  0  0  0  0  0  0  216492  285104  22  0  0  2  2  0  10193  1  124751  0  0  345354  9987  35  0  0  3  0  0  0  0  64080  21  16156  0  129  3  160  2  78  0  0  3  0  0  0  0  0  0  0  0  0  0  0  0  0  0  0  0  0  0  0  0  0  0  0  0  0  0  0  0  0  0  0  0  1  0  0  0  0  0  0  0  0  0  0  0  0  0  0  0  0  0  0  0  0  0  0  0  0  0  0  0  0  0  0  0  0  0  1  0  0  0  0  0  0  0  0  
164237  0  1  35  56760  24822  51  3  22  6  0  12981  0  2040  0  356036  9  446  20  0  0  0  1  65  1  566  0  0  104907  0  0  506  1  0  0  0  0  0  19  1672  62  0  0  10  2213  0  125  26  8269  0  1  1437631  774016  998416  93  8  21  2  0  2  0  161811  29  65  16  725  297  278611  67586  40  30  0  51  0  0  0  0  0  0  0  0  0  0  0  0  0  0  0  0  0  0  0  0  0  0  0  0  0  0  1  0  0  0  0  0  2  0  0  0  0  0  0  0  0  0  0  0  0  0  0  0  0  0  0  0  0  0  0  0  0  0  0  0  0  0  0  0  0  0  28  0  0  0  0  0  0  0  0  
30099  0  506642  75  433637  665228  671906  516801  1153  5  0  23  0  44  348832  0  16  1069  37  0  0  0  0  2300  1  267  3  14  58200  5  46248  5368  0  0  0  0  0  1  40  377  155  0  2  23  29326  24131  179  119  5718  0  14  6416  141562  1084514  103  35  19  9  0  1  2  0  23  1637  158  18437  1350  1143  204275  150639  40  0  326  0  0  0  1619  0  1  7639  3998  18944  392  0  0  0  0  0  0  35498  0  0  0  0  0  0  0  0  0  2  0  0  27  53  0  622  0  0  0  0  0  0  0  0  3  0  0  0  0  849  0  0  0  0  0  0  1  0  0  2  0  0  0  0  0  0  0  0  0  683  0  0  0  22  20  0  0  0  
1  1  83  6294  9  65  24  60  114  271  1  525  8  0  5  90  0  462208  5570  1  1  0  38214  4396  5  1591  9  0  205  16  3  41582  5138  58  85007  8  1  25  0  36  52599  0  31700  689  5932  7  29793  485560  280612  126  104  24  10  43  926  140  435  1837  26  6  40  0  262  82  566  333  2965  84  4278  52  12  1  17548  103  1  0  0  3  2  0  2  1  31  1  0  0  0  0  0  0  2  4  1  0  6  0  6  0  1  49  3  0  1  0  6  53  0  0  0  18  0  0  0  0  153  0  2  2  6  8  2  25  9  0  0  1  0  3  0  16  0  0  0  1  7  0  1  0  1  183  16  2  0  0  5  0  6  0  
1130  0  2  10650  375  3641  6  10  92  710  0  26381  3932  401  37  16  259984  0  390  0  8  4  29364  55902  2  1515  1  0  32  23  1238  206185  2654  142  16160  11  1  16  654  119  10536  0  16840  1609  256  1  430763  118305  471143  109  109  431  16  193  1665  45  329  56  19  10  49  0  4160  1283  462  1015  202  154  218  3281  8  1  27389  144  0  0  0  5  1  5  7  2  67  6  0  2  0  2  0  1  0  8  1  0  2  3  14  1  0  104  5  0  1  0  9  103  0  0  0  34  0  0  1  0  338  0  1  3  13  8  1  26  12  0  8  9  1  3  0  48  0  0  0  0  11  0  3  0  1  335  29  9  1  0  8  0  20  0  
0  191907  0  190  3  19  11  10  72  7  128  0  0  0  18  4  12  165  0  66195  99  14246  30  0  334434  112  1  0  4  3  0  12  0  0  1  0  10  9781  0  2  526  220215  2  17326  2945  0  6  461  461  0  35871  18  3  227  564  1855  1758555  864122  401236  1504  36484  0  0  0  23348  50  50  18234  28  1  1  0  604868  2  0  0  0  0  0  0  0  0  0  0  0  0  0  0  0  0  0  0  0  0  0  0  0  0  0  0  0  0  0  0  0  1  0  0  0  0  0  0  0  0  0  0  0  0  0  0  0  0  0  0  0  0  0  0  0  0  0  0  0  0  0  0  0  0  0  2  0  0  0  0  0  0  0  0  
0  64  0  1  0  1  1  0  1484  1  1165956  0  0  0  0  0  0  36  46233  0  1  340  0  0  6489  31  130662  0  11  11601  0  5  0  0  0  0  0  0  0  0  55  146999  0  292631  71  0  0  31  40  0  8  0  0  1  81  89651  7119  656600  11  0  13  0  0  0  404347  12  10  60  7  0  5317  0  451  0  0  0  0  0  0  0  0  0  0  0  24765  0  0  0  0  0  0  0  0  206  0  1  0  0  0  0  6  0  0  755  0  0  0  0  0  0  0  0  0  0  1  29  0  37  0  0  0  0  0  0  0  0  0  0  0  0  0  0  0  0  0  0  0  0  3  1  0  0  0  0  0  0  0  0  
0  344189  0  2  0  0  0  1  3  5  0  0  0  0  0  0  0  1  90  0  0  49639  133130  0  7  8  0  0  0  0  0  5  0  0  0  0  184214  2511  0  0  43  6  147  163  23  0  0  5  3  433529  136500  0  0  1  65  0  29  0  20647  446714  714469  0  0  0  2  5  1  23  2  1  0  38  562  0  0  1  0  0  0  0  0  0  0  7  0  0  0  0  0  0  0  1  0  0  18  7  2  0  0  1  0  0  0  0  0  1  0  0  0  0  0  0  0  0  4  4  0  2  0  0  0  0  0  0  148  0  0  0  0  0  0  0  0  0  55  0  0  0  0  1  1  0  0  0  0  0  0  0  
2  174000  0  82  38  42  4  20  44  61530  49543  14  0  2  20  1  2  182  3855  217  47027  0  154522  0  38  362  0  0  0  3751  0  18  0  0  2  0  0  155  1  127  5029  485164  1  1367700  593  0  57  97  361  6  139935  67  56  52  2308  7  127825  53413  1154  49  1601218  0  2  0  6320  427  7  519  29  1  2  0  1125  3  0  9  0  1  0  1  0  0  30  149  32835  0  0  0  0  0  0  1  0  0  143  33058  34  0  0  34  0  0  0  47  4  7  0  0  0  9  0  1  0  0  119  119  0  10036  0  1  0  8  1  0  299  0  0  0  0  8  0  0  0  1  73  0  3  0  1  159  1  0  0  0  3  0  1  0  
10  2  0  178  49  190  170  360  905  45843  0  7  0  3  40  21  41512  49107  389  0  123170  164501  0  1262  1661  8445  0  0  12  157  2  94821  3  2  149750  1  3007  27353  1  151  44454  4  500896  174983  531  0  319  39700  1846  335583  368  116  62  283  15426  130  483  71  12418  25839  426108  0  145  19  4940  410  41  2182  70  58  40  632  112507  7  0  1  0  2  0  2  2  0  16  6  0  0  0  0  0  0  0  7  1  0  28  26  7  0  0  31  1  0  0  0  7  31  0  0  0  4  0  1  0  0  53  1  0  2  2  3  0  7  4  0  284  3  0  0  0  5  0  0  0  0  110  0  2  0  0  46  4  1  0  0  8  0  4  0  
256825  0  0  39  7189  39469  1  0  1  3  0  413  191036  20867  327  1437  935  41262  7  0  0  0  149  0  0  16  0  0  1  0  236260  62145  143  655  6477  0  0  0  56965  1519  53  0  9273  27  3  0  327295  5716  9928  0  0  10420  2115  23  5  0  1  1  1  0  0  264817  478142  1021842  8  661  9  96  6  196231  0  0  163  0  0  0  0  0  0  2  1  0  1  0  0  0  0  0  0  0  0  0  0  0  0  0  0  60  0  2  0  0  0  0  240  12  0  0  0  2  0  0  0  0  2  0  0  0  0  0  0  0  0  0  0  0  0  0  0  0  0  0  0  0  0  0  22  0  1  43  0  1  0  1  0  0  0  0  
0  0  0  60  3  31  28  8  1515  39  9  0  0  0  27  5  8  422  224483  11816  6  6  449  0  0  199407  10766  0  185  25  0  66  1  0  0  3  0  45  0  0  791  1  2  1790  2535  0  4  290  578  19  549  13  4  387  383595  752964  50295  44236  2682  34  773  0  1  0  9315  557  162  18737  73  4  148  0  1124392  1  0  0  0  0  0  0  0  0  0  0  0  0  0  0  0  0  0  0  0  0  0  0  0  0  0  2  0  0  0  0  0  1  0  0  0  0  0  0  0  0  4  0  0  0  0  0  0  0  1  0  0  0  0  0  0  1  0  0  0  0  0  0  0  0  0  4  0  0  0  0  0  0  0  0  
11  1  14  452525  66  594  436  637  3215  565  0  15  0  6  93  35  361  2803  785  24  1  60  488  2  163391  0  304  59157  210  1535  2  424  2984  144095  7  284469  0  21145  1  115  647471  4  12  10566  67567  2  114  2697  18633  1  312  1061  59  1300  385575  209572  906  255  53  51  505  0  18  2  7080  15425  805927  16089  6199  9  1147  0  88361  2960  0  0  0  0  0  0  2  0  16  1  0  0  0  1  1  0  0  3  0  0  1  0  0  0  0  25  2  0  1  0  0  5  0  0  0  10  0  0  0  0  46  0  0  1  2  2  1  2  0  0  0  3  0  0  0  9  0  0  0  0  0  0  0  0  0  174  10  1  1  0  1  0  10  0  
0  0  120577  0  0  2  6  5  882  0  254  0  0  0  0  3  0  9  26  200680  0  0  0  0  5446  553  0  52  117  1316526  0  1  0  0  0  0  0  0  0  0  26  0  0  74  836  8740  0  9  18  0  0  0  0  8  1662  1397879  12  77  0  0  1  0  0  0  336078  71  404775  6  96  0  175304  0  2  0  0  0  0  0  0  0  0  0  1  0  58  0  0  0  0  0  0  0  0  92  0  0  0  0  0  0  29  0  0  2888  0  0  0  0  0  0  0  0  0  0  0  0  0  0  0  2  0  0  0  0  0  0  0  0  0  1  0  0  0  0  0  0  0  0  5  0  0  0  0  0  40  0  0  0  
0  0  182127  280591  0  1  0  5  713  0  0  0  0  0  0  17  0  9  6  0  0  0  0  0  0  88972  110  0  128929  1  0  0  0  0  0  0  0  0  0  0  29  0  0  10  859241  155747  0  9  55  0  0  2  0  4  3  680  0  0  0  0  0  0  0  0  12  12  696795  4  89  0  79  0  0  0  0  0  0  0  0  0  0  0  0  0  0  0  0  0  0  0  0  0  0  0  0  0  0  0  0  0  0  0  0  0  0  0  0  0  0  0  0  0  0  0  0  0  0  0  0  0  0  0  0  0  0  0  0  0  0  0  0  0  0  0  0  0  0  0  0  0  0  0  0  0  0  0  0  0  
7  0  168495  120121  40  276  54  128144  4250  19  0  65656  13  112  103267  48411  641  2995  426  1  0  0  2  1  1  1272  7  58339  0  9  1  339  3  0  0  0  0  0  1  89  1210  0  1  108  1118533  24005  394  7831  6112  0  2  14442  40  5719  187  71  103  80  0  0  1  0  19  2  431  8389  27821  615941  723446  27  977  0  279  1  0  0  0  0  0  0  0  1  10  0  0  0  0  0  0  0  0  2  0  0  0  0  0  0  0  14  0  0  0  0  1  0  0  0  0  4  0  0  0  0  21  0  0  0  0  0  0  0  1  0  0  0  0  1  0  4  0  0  0  0  0  0  0  0  0  48  2  0  0  0  1  0  3  0  
0  0  90271  12  0  19  36  18  45896  100232  39950  0  0  0  1  6  13  3754  300  9447  0  3819  6  0  16  814  1021021  5  82  0  0  552  0  0  0  0  0  0  0  2  1203  0  6  37416  1101  392856  6  767  2198  0  12  26  0  22  945  62851  584  90  4  1  14  0  6  2  632264  54754  45694  75  68  5  525840  0  1359  0  0  0  5  0  0  0  1  0  11668  809  39470  0  0  0  0  2  0  3  0  645  0  5340  0  1  1  21  460  0  0  119727  0  7  0  0  0  3  0  0  0  0  333  1  0  18  3  51  1  1  3  0  0  1  0  0  0  19  0  2  0  0  10  0  0  0  747  4856  6  1  0  0  35696  0  4  0  
100509  0  0  0  66809  54914  0  0  0  0  0  0  0  0  0  56082  0  258  0  0  0  0  4  199119  0  0  0  0  0  0  0  40228  0  0  0  0  0  0  2  0  3  0  0  3  0  0  377  1  16  0  0  1  0  0  0  0  0  0  0  0  0  0  368487  835  0  6  0  0  0  382478  0  0  13  0  8  0  0  0  0  237  0  0  0  0  0  0  0  0  0  249  0  0  0  0  0  0  1  1536  0  0  0  0  0  0  27887  228  0  0  0  0  0  0  0  0  1  0  0  0  0  0  0  0  0  0  0  0  0  0  0  0  0  0  0  0  0  0  671  6  0  10  0  0  0  402  0  0  0  0  
691  0  0  5  136  173919  4  1  78  488  0  3  44  58  18  2286  58404  499863  116  1  15  10  98573  41675  2  1041  1  0  16  25  54118  0  5  1  35265  0  2  14  524  21  4216  0  18678  2491  323  1  35174  41026  56540  29  31  120  36  31  487  42  71  18  12  1  28  19  292739  9830  418  109481  76  47  121  216697  4  3  28973  25  2  0  0  6  2  2638  9  1  166  11  0  4  0  4  2  1163  0  17  5  0  4  3  15  8  0  152  13  0  3  0  471  80076  0  0  0  43  0  0  2  0  415  1  0  1  26  10  0  9  22  0  37  19  1  1  0  79  3  0  0  0  19  0  13  0  3  1899  59  17  4  908  15  0  34  0  
0  0  0  113024  0  3  0  0  8  10  0  341  1  0  0  1  2753  3284  7  0  0  0  1  66  0  811  0  0  1  0  0  50  0  207051  48302  16794  0  0  0  0  68744  0  4  23  13  0  335  357303  4169  0  0  5  0  0  64  4  1  0  0  0  0  0  5  0  19  28  9  3  1  1  0  0  29004  382344  0  0  0  0  0  0  0  0  1  0  0  0  0  0  0  0  0  0  0  0  0  0  1  0  0  0  0  0  0  0  0  0  0  0  0  0  0  0  0  0  1  0  0  0  0  1  0  0  0  0  0  0  0  0  0  1  0  0  0  0  0  0  0  0  0  0  0  0  1  0  0  0  1  0  
0  0  0  3159  0  0  0  0  0  0  0  620  37  3  0  0  50  265  0  0  0  0  1  1231  1  108962  0  0  10  0  0  0  301869  0  631115  373787  40  444232  1  0  15166  0  151618  0  0  0  616  89786  68  5  0  0  0  0  149  0  0  0  6  1  8  0  0  22  0  0  0  0  0  0  0  2265  739824  117433  0  0  0  0  0  0  0  0  0  0  0  0  0  0  0  0  0  0  0  0  0  0  0  0  0  0  0  0  0  0  0  0  0  0  0  0  0  0  0  0  0  0  0  0  0  0  0  0  0  0  0  0  0  0  0  0  0  0  0  0  0  0  0  0  0  0  0  0  0  0  0  0  0  0  
0  0  0  916  1  9  0  1  13  25  0  341  17  1  0  1  61824  17897  37  0  0  1  134376  3873  1  254  0  0  1  2  0  33546  54642  664877  0  1  757  54777  0  2  632  0  439590  210  6  0  1285  404621  166  3069  4  0  0  0  103  0  10  0  1391  320  1724  0  7  106  54  30  0  3  0  1  0  100672  167171  38  0  0  0  0  0  0  0  0  3  0  0  0  0  0  0  0  0  0  0  0  1  0  0  0  0  4  2  0  0  0  0  7  0  0  0  0  0  0  0  0  13  0  0  0  1  1  0  1  2  0  0  0  0  0  0  4  0  0  0  0  0  0  0  0  0  16  4  0  0  0  0  0  0  0  
0  0  0  71  0  0  0  0  0  0  0  0  0  0  0  0  7  5  0  0  0  0  0  0  8  309432  0  0  0  0  0  0  22814  436724  4  0  0  6555  0  0  169569  0  0  0  0  0  0  28722  111  0  0  0  0  0  4303  0  0  0  0  0  0  0  0  0  0  0  0  0  0  0  0  0  60870  224807  0  0  0  0  0  0  0  0  0  0  0  0  0  0  0  0  0  0  0  0  0  0  0  0  0  0  0  0  0  0  0  0  0  0  0  0  0  0  0  0  0  0  0  0  0  0  0  0  0  0  0  0  0  0  0  0  0  0  0  0  0  0  0  0  0  0  0  0  0  0  0  0  0  0  
0  54425  0  0  0  0  0  0  0  0  0  0  0  0  0  0  9  1  9  0  116777  3  5344  0  0  1  0  0  0  0  0  1  0  70  1660  0  0  629162  0  0  4  0  234875  90  1  0  0  606  0  705355  0  0  0  0  4  0  0  0  161132  742938  5915  0  0  0  0  0  0  0  0  0  0  1124689  24675  0  0  0  0  0  0  0  0  0  0  0  0  0  0  0  0  0  0  0  0  0  0  0  0  0  0  0  0  0  0  0  0  0  0  0  0  0  0  0  0  0  0  0  0  0  0  0  0  0  0  0  0  0  0  0  0  0  0  0  0  0  0  0  0  0  0  0  0  0  0  0  0  0  0  0  
0  31470  0  15  1  0  1  2  1  3  0  0  0  0  0  0  2  9  22896  0  280  263  3004  0  21  1163  0  0  0  0  0  1  0  447772  77105  172  573940  0  0  1  98  5  267403  11764  81  0  0  7653  8  42050  155  0  0  9  306  1  72  3  512543  105119  57146  0  0  0  10  4  0  66  1  0  0  1196038  1886771  7  0  0  0  0  0  0  0  0  0  0  0  0  0  0  0  0  0  0  0  0  0  0  0  0  0  0  0  0  0  0  0  0  0  0  0  0  0  0  0  0  0  0  0  0  0  0  0  0  0  0  0  0  0  0  0  0  0  0  0  0  0  0  0  0  0  0  0  0  0  0  0  0  0  0  
21568  0  0  4  1123  9061  1  0  0  2  0  185  153314  244867  148  256  2  580  0  0  0  0  4  26278  0  5  0  0  1  0  10  3104  0  1  0  0  0  0  0  11720  10  0  0  9  3  0  113151  5  106868  0  1  34360  452  6  3  0  1  0  0  0  0  16049  424  156724  0  367  3  71  2  546  0  0  46  0  0  0  0  0  0  0  0  0  0  0  0  0  0  0  0  0  0  0  0  0  0  0  0  0  0  0  0  0  0  0  0  1  0  0  0  0  0  0  0  0  0  0  0  0  0  0  0  0  0  0  1  0  0  0  0  1  0  0  0  0  0  0  0  0  0  28  0  0  0  0  0  0  0  0  
1426  0  0  1098  5244  2686  3  4  7  12  0  312053  1773  326136  2457  95  9  235  6  0  0  0  0  210  1  25  0  0  14  0  1  138  0  0  0  0  0  0  6425  0  153  0  0  17  106  0  1947  2  272323  0  0  34489  7419  259  6  1  8  2  0  0  0  201  7  1054  0  117  41  44601  76  10  0  0  5  0  0  0  0  0  0  0  0  0  1  0  0  0  0  0  0  0  0  0  0  0  0  0  0  0  0  0  0  0  0  0  0  2  0  0  0  0  0  0  0  0  1  0  0  0  1  0  0  0  0  0  0  0  0  0  0  0  0  0  0  0  0  0  0  0  0  17  0  0  0  0  0  0  0  0  
446  2  0  173214  2902  2881  991  1240  3830  26443  0  389  0  226  1573  402  59393  86609  20203  39  5  118  4653  21  44  556782  221  6  229  206  9  6762  58795  15538  12  165949  0  1  78  4702  0  9  71  74311  10555  9  685  341550  268547  4  240  2803  2505  2196  189933  4042  2315  2930  53  38  666  2  168  55  7356  10305  60967  8525  1027  189  415  1  126435  119940  0  0  0  12  4  9  6  8  206  18  0  2  0  8  1  1  4  46  12  0  22  2  50  1  4  446  27  0  4  0  72  118  0  1  0  117  1  0  1  0  1176  0  12  7  28  35  2  170  34  0  6  19  6  3  1  158  2  2  3  1  52  0  7  0  4  837  107  15  5  0  35  0  75  0  
0  639231  0  39  0  1  0  3  1  1  104891  0  0  0  3  0  0  10  182592  174129  1  579282  0  0  2  2  0  0  0  0  0  1  0  0  0  0  0  0  0  0  2  0  0  230716  679  0  0  13  17  0  65265  0  0  12  19  1  991925  43240  1634  3  12659  0  0  0  19  5  0  122  0  0  0  0  20  0  0  0  0  0  0  0  0  0  0  0  448  0  0  0  0  0  0  0  0  0  0  47  0  0  0  0  0  0  0  0  0  0  0  0  0  0  0  0  0  0  0  64  0  1  0  0  0  0  0  0  0  0  0  0  0  0  0  0  0  0  0  0  0  0  0  0  0  0  0  0  0  0  0  0  
0  0  0  2  1  7  0  1  31  44  0  1  0  0  0  0  3373  6382  67  0  57  7  491761  4137  15  585  0  0  1  3  0  1991  2  219230  539237  0  183344  288999  0  2  1326  0  0  568  9  0  31  102007  74  181964  21  0  0  1  242  2  26  1  12825  511  8257  0  20  683  117  65  0  13  2  7  1  181685  124443  3  0  0  0  0  0  0  1  0  10  1  0  1  0  0  0  0  0  2  0  0  0  0  1  0  0  14  0  0  0  0  0  14  0  0  0  5  0  0  0  0  38  0  0  0  4  0  0  3  3  0  3  1  0  0  0  1  0  0  0  0  0  0  0  0  0  31  2  2  0  0  2  0  1  0  
58  8344  7  9120  426  1898  1971  4960  7998  266561  1103616  122  0  25  266  430  163  24448  25899  141322  10  1172680  159415  12  1049  23966  27  0  219  26104  3  3069  3  0  5  2  1  1049  1  1538  114977  249905  64  0  31126  5  2639  4379  31571  300  37911  1382  448  3594  42074  1101  144482  467222  7250  757  228869  0  70  20  446647  17775  1011  15915  3951  62  411  4  48163  124  0  0  0  0  0  1  0  3  48  17  7359  0  0  0  0  0  0  5  0  1  6  303  10  1  1  57  3  0  0  13  7  23  0  0  0  12  0  0  0  0  145  62  1  255  10  4  3  12  6  0  12  2  0  0  0  32  1  0  0  0  6  0  3  0  2  285  16  1  0  0  3  0  14  0  
130  2  274371  412827  626  8933  2812  79582  43829  257  0  6878  0  97  977  46038  4751  14485  3280  1  0  19  26  13  65  81830  62  919821  910439  86  8  1628  5  0  1  0  0  4  10  758  6881  1  2  1702  0  477826  1973  31102  99136  0  481  4606  774  8432  2040  1863  7619  328  126  181  407  0  176  22  2778  33535  610606  219755  301721  141  12630  0  2723  0  0  0  0  1  1  7  1  1  16  2  0  0  0  0  1  0  0  4  1  0  0  0  3  0  0  45  1  0  0  0  0  6  0  0  0  11  0  0  1  0  82  0  0  0  4  4  1  2  4  0  0  4  0  0  0  21  0  0  0  0  0  0  0  0  0  167  4  4  0  0  4  0  8  0  
0  0  326053  78  6  61  33  237969  177691  3  0  0  0  1  4  18552  11  57  38  0  0  0  0  0  0  60  15002  101591  2469  337537  0  11  0  0  0  0  0  0  0  3  107  0  0  25  294877  0  1  110  666  0  0  40  14  548  20  390  46  2  0  0  0  0  1  0  65  652  198443  5  639  1  146311  0  8  0  0  0  326  0  0  0  0  65  5008  0  0  0  0  0  0  576  0  0  0  0  0  0  0  0  0  0  0  0  0  1072  0  0  0  0  0  0  0  0  0  0  0  0  0  0  0  6413  0  0  0  0  0  0  0  0  0  1  0  0  0  0  0  0  0  0  0  2  0  0  0  0  11572  0  0  0  
16070  0  0  88  1745  21955  13  7  16  17  0  2083  157585  5447  492  186  280  253893  12  0  1  3  265  255000  0  262  0  0  4  0  2037  66233  118  70  632  0  0  0  110954  700  596  0  269  436  70  0  0  3760  95590  0  3  6744  1698  993  71  12  10  2  1  0  4  1070  19092  217736  58  703  321  527  384  3869  0  0  1166  1  0  0  0  0  0  0  0  0  8  1  0  1  0  1  0  0  0  2  0  0  0  0  1  0  0  5  0  0  0  0  0  3  0  0  0  1  0  0  0  0  17  0  0  0  2  0  1  0  0  0  2  0  0  0  0  4  0  0  0  0  3  0  1  0  0  46  1  0  0  0  1  0  1  0  
10  0  3  1109  40  337  53  16  657  7473  0  345  6  3  23  48  402532  248738  1231  25  19  23  31236  7192  142  2728  49  2  167  85  24  21948  298031  40014  452699  11866  272  29913  3  77  246857  1  179335  4610  4608  5  36332  0  92319  2133  287  219  31  83  9897  1081  720  170  2901  130  1091  0  289  91  2553  4663  9082  326  284  127  64  17298  866706  98807  1  0  0  22  8  7  15  5  339  38  0  6  0  7  1  0  4  46  12  0  16  5  59  4  2  425  19  1  2  0  51  259  0  0  0  107  1  0  3  0  1652  0  9  3  64  34  3  198  84  0  10  31  6  7  0  195  6  0  3  1  44  2  2  0  3  1684  94  33  2  0  43  0  62  0  
67375  2  2411  559627  49241  58339  2350  2378  2796  18302  1  221821  5760  131065  21269  5011  160172  368761  71313  17  0  27  280  5514  121  9878  30  4  2076  74  249  67295  2423  28  46  11  0  1  98956  305798  280658  3  75  13179  149956  5  98407  35765  0  0  413  117838  49123  45634  7317  1758  30678  8207  49  61  168  1801  5001  20345  4084  20982  17015  230268  37302  5858  230  0  6867  98  0  0  1  4  1  29  6  4  59  5  0  2  0  2  1  0  0  12  3  0  0  0  13  0  1  108  1  0  0  0  11  112  0  0  0  28  0  1  0  0  263  0  2  1  19  11  0  19  15  0  1  5  1  0  0  41  0  0  0  1  4  0  0  0  0  1278  39  4  2  0  9  0  33  0  
0  3  0  1  0  0  0  0  3  3  0  0  0  0  0  0  104  48  3  0  431485  11  316151  0  16  23  0  0  0  0  0  33  0  0  3237  0  623801  163241  0  0  73  0  302665  765  9  0  0  6022  2  0  14  0  0  1  78  0  2  0  96189  370063  103586  0  0  0  19  3  0  16  1  0  0  92864  175094  0  0  0  0  0  0  0  0  0  0  0  0  0  0  0  0  0  0  0  0  0  0  0  0  0  0  0  0  0  0  0  0  0  0  0  0  0  0  0  0  0  1  0  0  0  0  0  0  0  0  0  0  0  0  0  0  0  0  0  0  0  0  0  0  0  0  0  0  0  0  0  0  0  0  0  
0  356336  0  194  0  6  7  18  21  1  0  0  0  0  1  1  0  36  3686  0  72384  169053  1  0  34  34  1  0  1  2  0  3  0  0  0  0  0  43  0  0  38  26325  0  33556  913  0  2  14  99  0  0  8  0  49  342  2  20256  30  74383  3291  302977  0  0  0  56  38  7  365  61  0  2  0  542  0  0  0  0  0  0  0  0  0  0  0  0  0  0  0  0  0  0  0  0  0  1  125  0  0  0  1  0  0  0  0  0  0  0  0  0  0  0  0  0  0  1  2  0  2  0  0  0  0  1  0  0  0  0  0  0  0  0  0  0  0  2  0  0  0  0  0  0  0  0  0  0  0  0  0  
151059  0  3  385  56724  71837  1030  1084  110  69  0  342553  19  404236  986825  4552  82  4483  772  3  0  2  7  2213  17  1747  7  0  34938  3  3  2278  1  0  0  0  0  0  64755  107265  655  1  0  137  3828  0  6581  193  67452  0  102  0  301938  265356  1202  138  1571  99  12  24  31  68009  152  3746  160  5864  3366  331885  7375  334  22  0  252  0  0  0  0  0  0  8  0  2  2  0  0  0  0  0  0  0  0  2  0  0  0  0  0  0  0  3  0  0  0  0  0  10  0  0  0  1  0  0  0  0  1  0  0  0  0  0  1  0  1  0  0  0  0  0  0  2  0  0  0  0  0  0  1  0  0  215  0  0  0  0  1  0  1  0  
173999  0  0  12  142337  32662  53  1  5  7  0  208  0  524  796549  80899  37  1136  12  0  0  0  3  80  0  65  0  0  2  0  5  1874  1  0  0  0  0  0  91  5066  95  0  0  11  37  0  374  38  14334  0  4  529324  0  86305  22  7  11  2  1  1  3  16  72  190  24  1386  319  237  90  118  1  0  19  0  0  0  0  0  0  3  0  0  0  0  0  0  0  0  0  0  0  0  0  0  0  0  0  0  0  1  0  0  0  0  0  13  0  0  0  0  0  0  0  0  0  0  0  0  0  0  1  0  1  0  0  0  0  0  0  0  0  0  0  0  0  0  0  0  0  108  0  0  0  0  0  0  1  0  
1059  0  16  5940  5873  116593  58711  144001  6153  8  0  130  0  37  906942  1012460  40  3003  865  2  0  2  5  17  88  12174  50  5  5246  53  0  509  2  0  1  0  0  2  11  1165  1318  0  1  312  17203  8  1124  501  58600  0  157  426463  101921  0  3985  397  1138  119  17  28  91  0  53  38  1573  21829  22175  211814  363020  66  318  0  1467  0  0  0  0  0  4  18  0  0  3  0  0  0  0  0  1  0  0  0  0  0  0  0  0  0  0  4  0  0  0  0  0  4  0  0  0  2  0  0  0  0  8  0  0  0  1  0  1  0  1  0  0  1  4  0  0  0  0  0  0  0  0  0  0  0  0  188  1  0  0  0  0  0  2  0  
1  6  0  517  18  415  859  1107  20624  214  0  6  0  1  30  42  84  5111  10958  44  0  255  1111  2  272420  438706  1625  0  216  650  1  483  34  357  1  13518  0  46  0  35  134659  3  26  58706  2632  0  86  2678  6170  23  236  126  15  851  0  46994  10136  2088  232  45  2161  0  15  1  37245  4591  6208  12231  318  14  2179  1  436941  144  0  0  0  1  0  1  0  0  9  1  0  0  0  0  0  0  0  1  1  0  0  0  1  0  0  19  0  0  0  0  2  5  0  0  0  7  0  0  0  0  36  0  1  0  3  1  0  1  2  0  1  1  0  1  0  5  1  0  0  0  0  0  0  0  0  70  4  0  1  0  3  0  4  0  
4  0  0  117  7  312  510  425  53904  49  6  0  0  1  17  16  111  3543  13471  140482  0  2  4  1  725604  324234  1204759  330  6282  25597  0  479  9  0  0  0  0  1  0  16  9938  2  1  16315  41988  119  92  3106  5590  0  212  311  13  900  136347  0  15906  152885  131  5  211  0  11  2  292728  12899  337340  13124  4256  12  344342  0  57561  1  1  0  0  0  0  1  1  0  10  1  0  0  0  0  0  0  0  0  0  0  0  0  1  0  0  9  0  0  0  1  0  2  0  0  0  3  0  0  0  0  13  0  0  0  2  1  0  1  0  0  2  0  0  0  0  2  0  0  0  0  0  0  0  0  0  33  3  0  0  0  1  0  0  0  
1  551758  0  314  3  29  21  12  86  9  2247  0  0  1  27  2  10  278  1896997  1962  3  252311  7  0  72015  57  6  1  18  1  0  32  0  0  2  0  0  17  0  1  986  839016  0  115905  7181  0  2  279  1380  0  70195  88  4  458  525  6342  0  160019  235142  61  43928  0  0  0  33079  90  122  48031  49  4  13  0  176021  0  0  0  0  0  0  0  0  0  0  0  0  0  0  0  0  0  0  0  0  0  0  0  0  0  0  0  0  0  0  0  0  0  0  0  0  0  0  0  0  0  1  0  0  0  0  0  0  0  0  0  0  0  0  0  0  0  0  0  0  0  0  0  0  0  0  3  1  0  0  0  0  0  0  0  
1  7021  0  373  5  44  22  9  305  11  363198  1  0  0  23  1  8  281  834854  631315  0  35841  9  0  64753  482  26  0  7  34  0  29  1  0  1  0  0  0  0  3  338  73150  0  344288  8905  0  4  321  1070  0  16056  34  9  220  1971  146167  257777  0  3369  1  4224  0  2  1  261417  207  325  5646  34  2  44  0  3586  0  0  0  0  0  0  0  0  0  0  0  7  0  0  0  0  0  0  0  0  0  0  0  0  0  0  0  0  0  0  0  0  0  0  0  0  0  0  0  0  0  4  0  0  0  0  0  0  0  0  0  0  0  0  0  0  0  0  0  0  0  0  0  0  0  0  1  0  0  0  0  0  0  0  0  
3  403876  0  1222  3  60  41  32  16  19  0  0  0  0  20  9  7  97  333467  9  7685  16281  1934  1  350  153  0  0  5  1  0  14  0  0  4  0  143815  596728  0  3  538  569  307  50415  11909  0  5  377  306  1206  202015  7  1  365  1063  18  185632  379  0  317383  146162  0  0  0  289  246  42  4431  118  3  3  294  271875  0  0  0  0  0  0  0  0  0  0  0  0  0  0  0  0  0  0  1  0  0  0  0  0  0  0  1  0  0  0  0  0  0  0  0  0  0  0  0  0  0  0  0  0  0  0  0  0  0  1  0  0  0  0  0  0  0  0  0  0  0  0  0  0  0  0  0  0  0  0  0  0  0  0  0  
0  166109  0  248  0  7  7  6  14  4  0  0  0  0  3  2  6  48  161  0  560831  428  5152  0  31  37  1  0  0  1  0  2  0  0  210  0  679243  166999  0  1  52  13  784  25609  1582  0  4  266  74  360548  75939  5  0  40  1208  6  165  3  315156  0  265005  0  0  0  21  64  14  530  36  0  3  216826  59404  0  0  0  0  0  0  0  0  0  0  0  0  0  0  0  0  0  0  0  0  0  0  0  0  0  0  1  0  0  0  0  0  0  0  0  0  0  0  0  0  0  0  0  0  0  1  0  0  0  0  0  0  0  0  0  0  0  0  0  0  0  0  0  0  0  0  0  0  0  0  0  0  0  0  0  
0  97447  0  1157  5  81  69  122  331  132  6583  1  0  0  27  17  11  385  2965  372  689836  1226960  412233  5  1475  298  1  0  4  15  0  60  0  0  93  1  2377  120982  0  1  844  32092  2019  273511  7194  0  17  480  705  85788  352229  11  1  582  20017  58  31001  9218  125522  248497  0  0  4  0  463  330  70  9975  285  2  19  860  93022  3  0  0  0  0  0  0  0  0  0  8  78  0  0  0  0  0  0  1  0  0  19  101  1  0  0  1  1  0  0  0  2  4  0  0  0  0  0  0  0  0  9  1  0  21  0  0  0  1  0  0  140  0  0  0  0  0  0  0  0  0  49  0  0  0  0  4  0  0  0  0  0  0  1  0  
135136  0  0  0  2  117  0  0  0  0  0  2  54770  55957  148696  0  0  9  0  0  0  0  0  244584  0  0  0  0  0  0  0  44  0  0  0  0  0  0  31549  65  0  0  0  0  1  0  225  0  310  0  0  103744  51  0  0  0  0  0  0  0  0  0  5  84631  0  10  0  4  0  6  0  0  0  0  0  0  0  0  0  0  0  0  0  0  0  0  0  0  0  0  0  0  0  0  0  0  0  0  0  0  0  0  0  0  0  0  0  0  0  0  0  0  0  0  0  0  0  0  0  0  0  0  0  0  0  0  0  0  0  0  0  0  0  0  0  0  0  0  0  0  0  0  0  0  0  0  0  0  
21  0  0  1  4  40583  0  0  4  29  0  1  376  60  0  2  12  15212  2  0  5  2  319  451029  0  186  0  0  0  4  368085  432798  0  0  1  0  0  0  1542  3  650  0  32  475  6  0  59802  186  457  0  0  16  0  0  46  2  7  1  0  0  4  16  0  128330  61  31  2  5  1  124556  1  0  1246  1  0  0  0  1  0  0  0  0  2  0  0  0  0  0  0  0  0  2  0  0  0  1  1  9  0  6  1  0  0  0  86  6  0  0  0  2  0  0  0  0  24  0  0  0  0  2  0  0  2  0  5  1  0  0  0  4  0  0  0  0  3  0  2  0  0  36  2  1  0  0  1  0  2  0  
51936  0  0  6  4979  39540  2  0  1  8  0  363  63011  56436  276  1552  35  5184  4  0  0  1  39  1013563  1  41  0  0  1  1  596  36480  0  5  60  0  0  1  263926  1338  102  0  338  59  9  0  270759  59  18804  0  1  3992  1095  26  8  3  1  0  0  0  1  128989  56941  0  6  2366  13  66  22  16610  0  0  370  0  0  0  0  0  0  5  1  0  7  1  0  0  0  0  0  0  0  0  0  0  1  0  0  0  0  4  1  0  0  0  0  13  0  0  0  1  0  0  0  0  11  0  0  0  1  0  0  0  2  0  0  0  0  0  0  0  0  0  0  0  1  0  0  0  0  153  2  1  0  0  0  0  2  0  
2  290  0  1649  21  712  3481  1309  71181  8153  510100  16  0  4  28  31  182  9220  164495  826469  0  7288  130  5  7697  6313  438826  5  1350  1018796  0  1720  10  0  0  0  0  9  1  119  10363  3605  7  464269  31873  12  540  4715  10337  1  8094  557  38  1567  37019  148014  170158  291592  3713  110  5687  0  36  9  0  36245  5281  8616  666  35  189448  0  39465  2  0  0  0  2  0  0  0  1  26  15  11297  0  0  0  0  0  0  12  1  243  1  11  2  0  0  38  2  0  1  621  0  13  0  0  0  14  0  0  0  0  48  0  0  0  3  4  0  3  4  0  0  2  1  1  0  15  1  0  0  0  0  0  0  0  35  196  16  2  0  0  2  0  6  0  
995  0  13  1046  436  571375  295716  251210  443153  455345  11  49  0  56  316  10218  554  54096  4011  12  0  61  189  541  23  11525  353  11  2423  75394  17  145108  40  0  8  0  0  2  88  580  23909  0  91  28331  16370  45  1482  12793  45998  3  176  4274  516  5394  11853  5229  1000  442  28  7  47  2  276  2532  72199  0  9165  4395  6139  342  623  0  24968  706  1538  0  0  12  366  27913  2487  4485  5911  303  3  7  0  31  106  319  14  280  9  0  2  107  148  29  0  754  107  2  316  42  49  4877  0  0  0  125  0  0  50  0  2417  0  6  4  4254  330  100  74  135  0  12  150  234  154  0  1237  1  1  5  0  19  135  76  70  20  558932  974  14  136  122  2869  0  812  0  
10  0  76820  74651  72  3154  3975  625  36237  43  0  2  0  9  149  2150  618  6261  1899  25  0  2  8  4  142  1057166  431286  578517  9531  48364  1  782  14  0  0  0  0  0  0  11  58364  0  1  6612  374157  202575  29  7872  13742  1  54  333  105  4209  24660  403614  440  1797  11  10  42  0  27  7  11768  48760  0  9417  26603  24  141650  0  722  0  0  0  0  0  0  2  0  1  9  1  0  0  0  1  0  0  0  1  0  0  0  0  2  0  0  19  2  0  0  0  0  8  0  0  0  5  0  0  0  0  33  0  0  0  4  1  2  1  1  0  0  0  0  0  0  9  0  0  0  0  0  0  0  0  1  74  2  1  0  0  3  0  1  0  
923  1  3  159602  2816  9224  1764  112  1113  22  0  272624  0  999  294917  727  40  5891  2901  2  0  4  14  64  214  11207  19  1  515411  24  10  1153  1  0  1  0  0  1  381  15536  1218  0  3  305  440596  12  9588  127  179257  0  547  444486  2608  163826  7716  629  6931  407  70  82  200  16  106  137  453  5049  18326  0  146501  138  751  0  1934  1  0  0  0  0  0  4  2  3  5  0  0  1  0  0  0  0  0  1  0  0  0  0  0  0  0  0  0  0  0  0  0  6  0  0  0  0  0  0  0  0  5  0  0  0  0  0  0  0  0  0  0  0  0  0  0  1  0  0  0  0  0  0  0  0  1  303  1  0  0  0  0  0  2  0  
138  0  60202  11308  877  14315  15206  182694  16757  18  0  132  0  90  79658  202213  371  3697  1842  0  0  2  5  4  8  7644  33  59  589087  6  1  517  8  0  1  0  0  0  4  1391  1706  0  0  275  273762  771  324  4252  22065  1  20  14606  1204  440092  575  592  2593  178  4  14  27  0  41  8  447  29630  58284  132907  0  37  11776  0  470  1  0  0  0  0  1  3  0  1  13  0  0  0  0  0  0  0  0  1  0  0  0  0  2  0  0  10  2  0  0  0  0  3  0  0  0  3  0  0  0  0  26  0  0  0  2  2  1  2  1  0  1  1  0  1  0  6  0  0  0  0  0  0  0  0  0  72  6  0  1  0  1  0  2  0  
98096  0  0  0  101318  514265  1  1  6  9  0  4  0  41  11  179930  7  3051  1  0  2  1  153  201056  0  96  0  0  0  1  426787  277882  0  0  0  0  0  0  147  22  318  0  2  171  2  0  2833  95  663  0  0  83  16  1  25  0  3  0  1  0  4  6  116282  35479  30  97  1  4  3  0  0  0  867  0  3  0  0  1  0  2914  0  0  10  2  0  0  0  0  0  1329  0  0  0  0  0  0  0  38  0  8  0  0  0  0  5983  721  0  0  0  4  0  0  0  0  9  0  0  0  1  1  0  0  0  0  2  1  0  0  0  3  0  0  0  0  1  0  21  0  0  82  1  0  0  2245  2  0  0  0  
0  0  6  39  2  125  111  134  452585  29  3  1  0  0  7  15  39  1347  3094  1361  0  0  4  0  77  3041  69633  103  1069  520181  0  176  2  0  0  0  0  0  0  7  4269  0  0  915  7035  152603  14  2460  1712  0  20  62  2  571  2078  267601  1895  249  8  1  35  0  1  1  111565  9275  122893  278  1298  3  0  0  392  0  0  0  0  0  0  0  2  6  5582  24  65  0  0  0  0  0  0  0  0  5  0  1  0  0  0  6  0  0  0  29075  0  0  0  0  0  1  0  0  0  0  26  0  0  0  0  33  0  1  0  0  0  1  0  0  0  2  0  0  0  0  1  0  0  0  0  63  4  0  0  0  205752  0  1  0  
0  0  0  2  0  2  0  0  0  2  0  0  0  0  0  0  4  4  0  0  9  3  1148  0  2  3  0  0  0  0  0  1  0  477  62662  0  1404556  1152813  0  0  16  0  106723  120  2  0  0  3928  0  129582  1  0  0  0  13  0  1  0  37926  215112  8805  0  0  0  3  1  0  2  0  0  0  0  168427  0  0  0  0  0  0  0  0  0  0  0  0  0  0  0  0  0  0  0  0  0  0  0  0  0  0  0  0  0  0  0  0  0  0  0  0  0  0  0  0  0  0  0  0  0  0  0  0  0  0  0  0  0  0  0  0  0  0  0  0  0  0  0  0  0  0  0  0  0  0  0  0  0  0  0  
15  127  0  2048  31  539  448  383  2108  1620  12  5  0  8  265  67  1869  46298  462950  1733  206  989  73687  49  1166199  58668  6  0  65  224  13  17042  42798  670175  214605  30194  6300  2128926  2  46  66025  47  226291  132973  25379  0  319  888759  8801  84590  18132  143  36  4588  631437  84131  147244  3771  220031  42005  169139  0  331  79  59569  2290  257  107419  384  171  109  134795  0  23695  0  0  0  7  3  0  0  3  92  12  0  1  0  1  1  0  2  4  3  0  10  3  17  1  2  141  12  0  0  0  21  131  0  0  0  31  0  0  1  0  476  0  3  2  14  14  0  74  14  0  15  5  1  4  0  54  2  0  2  1  21  0  3  0  3  369  36  6  1  0  20  0  37  0  
0  0  0  229  1  6  1  0  12  1061  0  1  0  1  2  0  31  2678  12  0  0  1  31  0  0  563  0  0  0  7  0  80  405284  93795  62  206313  0  6  0  7  97738  0  2  517  67  0  5  161022  1810  0  6  34  2  3  956  8  24  1  1  1  1  0  2  0  35  376  4  30  1  3  0  0  46666  0  0  0  0  1  0  0  0  0  4  1  0  0  0  0  0  0  0  3  1  0  1  0  5  0  0  13  0  0  0  0  6  3  0  0  0  5  0  0  0  0  81  0  0  0  1  2  0  9  1  0  0  1  1  1  0  1  0  0  0  1  0  0  1  0  0  80  2  0  0  0  2  0  0  0  
0  0  0  0  0  32  1  0  0  0  0  0  0  0  0  1  0  0  0  0  0  0  0  2  0  0  0  0  0  0  306  1  0  0  0  0  0  0  0  0  0  0  0  0  0  0  0  0  0  0  0  0  0  0  0  0  0  0  0  0  0  0  0  0  0  31  0  0  0  112  0  0  0  0  0  0  0  37  238813  64991  166  11  165  5  0  149  5021  7117  58137  81461  2  139  3  0  0  0  17  514355  0  36  12  1  14  0  120365  10906  0  0  0  9  0  0  90385  0  242  0  0  1  314  19  7113  1  8784  0  1  37686  343695  140  0  855  2  1  3  0  2  344227  5737  20404  21  6635  40  51  13  102647  96  0  29  0  
0  0  0  0  0  0  0  0  0  0  0  0  0  0  0  0  0  0  0  0  0  0  0  0  0  0  0  0  0  0  0  0  0  0  0  0  0  0  0  1  3  0  0  1  0  0  0  0  0  0  0  0  0  0  0  0  0  0  0  0  0  0  0  0  0  0  0  0  0  0  0  0  0  0  0  0  0  5  0  0  0  0  8  0  0  0  0  0  0  0  0  0  765443  0  407117  4  11  0  0  3  2  0  1  0  0  0  0  0  0  3  2363  7438  0  0  8  280029  0  21  0  1  0  0  10  0  404910  1  0  0  0  3  15241  0  226414  209322  8332  0  1  0  0  2  2  2  0  0  1  766  419  0  
0  0  1893  0  0  0  0  1035  33  0  0  0  0  0  0  937  0  0  0  0  0  0  0  0  0  0  2  0  0  6  0  0  0  0  0  0  0  0  0  0  0  0  0  0  0  407  0  0  0  0  0  0  0  0  0  0  0  0  0  0  0  0  0  0  0  0  0  0  0  0  0  0  0  0  0  0  0  0  0  0  496  21038  154  0  0  0  0  0  0  550281  0  0  0  0  0  0  0  0  0  7  120975  152497  319598  71130  0  0  0  0  0  5  0  0  0  0  16  0  0  0  477564  493963  1  0  0  0  0  0  0  18  0  8  0  0  0  0  0  0  0  0  0  3  148858  0  443  0  91  0  0  0  
0  0  0  0  0  0  0  0  0  1  0  0  0  0  0  0  0  0  0  0  0  0  0  0  0  0  0  0  0  0  0  0  0  0  0  0  0  0  0  0  0  0  0  0  0  0  0  0  0  0  0  0  0  0  0  0  0  0  0  0  0  0  0  0  0  18  0  0  0  0  0  0  0  0  21  0  1  0  63  225  721  127  3972  116  0  457565  0  107  122  57  678  1960  125  0  0  0  43  15  5  604657  321  141573  152073  1  1  30  24840  794  226  5852  0  0  107  88  136500  0  0  38  128847  511  570  970  629142  0  8  784  134  320  799  16120  71  11  2  0  12  8  17  13  311  2799  2757  153199  1485  0  3436  0  295  16  
0  0  0  0  1  15  5  3  0  0  0  0  0  0  0  15  0  0  0  0  0  0  1  0  0  0  0  0  0  0  0  0  0  0  0  0  0  0  0  0  0  0  0  0  0  0  0  0  0  0  0  0  0  0  0  0  0  0  0  0  0  0  0  0  0  231  0  0  0  0  0  0  0  0  168615  0  1  43  0  356428  1697  286  2933  15  0  621  1  3465  114620  600349  3  154  44  0  1  2  65  152  3  482  703  2  41  3  45  7944  0  0  0  176  0  0  4130  0  994  0  3  34  307  325  8714  6  12847  0  1  15850  715557  3276  5  16032  18  12  1  0  7  15834  300  2038  174  8091  2872  145  332  44731  1207  0  163  0  
0  0  0  0  39  15100  375  63  1  0  0  0  0  0  0  3423  0  18  0  0  0  0  6  0  0  1  0  0  0  0  87  1531  0  0  0  0  0  0  0  0  2  0  0  0  0  0  6  1  27  0  0  3  0  2  0  0  1  0  0  0  0  0  4  8  0  23105  0  0  1  1053  0  0  2  0  52892  0  2  51  689503  0  422777  14703  4143  6  0  3493  4  3832  139719  958148  3  981  27  0  5  3  299  208656  0  363  152  3  40  2  7856  278159  0  0  0  89  0  1  1412  1  1300  0  3  13  1007  3499  5373  39  7202  0  13  22530  82864  125048  4  5790  14  1  6  0  29  896  102371  71397  83  759424  683  220  1575  273977  916  0  1050  0  
0  0  0  0  0  631  7168  210  2  1  0  0  0  0  0  4748  0  3  0  0  0  0  0  0  0  0  0  0  0  0  0  2  0  0  0  0  0  0  0  0  0  0  0  0  0  0  0  1  0  0  0  0  0  0  0  0  0  0  0  0  0  0  0  0  0  762  0  0  0  0  0  0  2  0  73  0  3  269  773  528360  0  456523  50158  11  0  440  0  247  16813  602774  2  490  29  0  1  1  194  18  1  1524  212  15  960  3  2  334  0  0  0  98  0  0  8  0  1212  0  0  14  1885  11011  726  12  1632  0  9  14501  3775  458940  9  22404  21  4  5  1  18  42  63  29  260  313326  637  1889  12777  0  34374  0  763  0  
0  0  9  0  0  60  3418  48900  10204  2  0  0  0  0  1  17051  0  3  0  0  0  0  1  0  0  0  0  0  0  39  0  1  0  0  0  0  0  0  0  0  21  0  0  1  0  91  0  5  4  0  0  2  0  0  1  0  1  0  0  0  0  0  0  0  1  4808  0  0  0  0  3  0  13  0  2  0  2481  48  29  5764  392597  0  171389  19  0  3  0  1  73  618211  19  2592  45  0  4  0  1315  60  12  513  124  9  204271  57  2  35  0  0  5  49  1  0  0  0  4434  0  5  10  83885  266363  126  60  798  0  26  56  99  36477  0  6190  30  8  23  5  34  1  296  7  434  315024  391  72  518530  0  6270  0  2688  0  
0  0  73  0  0  0  28  689  91416  195  0  0  0  0  0  89  0  6  0  0  0  1  0  0  0  1  0  0  0  29635  0  0  0  0  0  0  0  0  0  0  5  0  0  25  1  3145  0  13  3  0  0  0  0  0  13  0  0  0  0  0  0  0  0  0  8  2945  1  0  0  0  13091  0  0  0  5  0  262  765  46  96  74958  122560  0  91296  0  38  0  25  211  1039  12  480  788  0  1  11  252  11  59  11938  1420  15  164  31163  1  18  0  0  0  3619  52  34  14  0  19071  0  5  21163  928  174440  99  97  2338  0  22  162  209  1002  1  3785  646  50  37  80  543  1  21  2  9287  389280  5477  538  582  0  287634  0  906  1  
0  0  0  0  0  0  0  0  1637  266  1  0  0  0  0  0  0  18  0  0  0  83  0  0  0  1  0  0  0  7745  0  6  0  0  0  0  0  0  0  0  13  0  0  39  0  0  0  15  9  0  0  0  0  0  8  0  1  0  0  0  6  0  0  0  21  316  1  0  0  0  241  0  2  0  12  0  2  1024  14  37  148  47  138226  0  3  35  0  38  32  1  33  235  491  0  19  6653  28381  2  31  22313  384  6  75  61225  0  29  0  1  1  3431  347  69  15  0  22981  1  41  138222  494  656  140  791  2891  0  114  93  69  138  0  2106  127  8  109  722  6108  3  9  4  2048  120653  1763  243  122  0  35874  4  685  0  
0  1  0  0  0  0  0  0  0  8  98527  0  0  0  0  0  0  0  0  18118  0  20915  0  0  0  0  16  0  0  40758  0  0  0  0  0  0  0  0  0  0  0  141  0  6006  0  0  0  0  0  0  0  0  0  0  0  0  0  6  0  0  66  0  0  0  3605  15  0  0  0  0  6  0  0  0  0  0  0  0  0  0  0  0  0  46  0  0  0  0  0  0  0  0  873  658794  0  118362  0  0  0  0  26  0  0  43476  0  0  0  0  0  0  0  0  0  0  3  190973  0  797758  0  0  0  0  0  0  0  0  0  1  0  1  341  193678  0  0  6  0  0  0  353967  1  0  0  0  0  2  0  0  0  
0  0  0  0  0  1  0  0  0  0  0  0  0  0  0  0  0  0  0  0  0  0  0  0  0  0  0  0  0  0  0  0  0  0  0  0  0  0  0  0  1  0  0  0  0  0  0  0  0  0  0  0  0  0  0  0  0  0  0  0  0  0  0  0  0  32  0  0  0  0  0  0  0  0  72  0  0  586209  879  2245  503  9  285  8  0  0  765  204596  1938  18  2406  35772  15  0  0  0  5  1941  0  2959  12  20  5551  0  0  181  13756  1121  5548  44  0  0  9882  187424  124  0  1  5  627  28  2525  912  446720  0  0  133931  749  84  6  1057  6  0  0  0  2  8  11  10  22  3618  46  358550  22  0  120  0  54  5  
0  0  0  0  0  0  0  0  0  0  0  0  0  0  0  0  0  0  0  0  0  0  0  0  0  0  0  0  0  0  0  0  0  0  0  0  0  0  0  0  0  0  0  0  0  0  0  0  0  0  0  0  0  0  0  0  0  0  0  0  0  0  0  0  0  1  0  0  0  0  0  0  0  0  4231  0  0  0  14  234  1  0  3  0  0  793  0  76624  4653  0  0  113  0  0  0  0  1  208894  0  0  0  0  0  0  15  91  0  25  24  0  0  0  203781  6  44  0  0  0  34  1  194059  0  107  0  0  75  8  1  0  23  0  0  0  0  0  170710  5304  83360  0  13  2  0  1  0  0  0  1  0  
0  0  0  0  0  3  0  0  0  0  0  0  0  0  0  0  0  1  0  0  0  0  0  0  0  0  0  0  0  0  0  0  0  0  0  0  0  0  0  0  0  0  0  0  0  0  0  0  0  0  0  0  0  0  0  0  0  0  0  0  0  0  0  0  0  40  0  0  0  0  0  0  0  0  10955  0  0  88  9230  7875  385  12  338  2  0  350715  75272  0  43625  26  0  529  4  0  0  0  10  3925  1  68  63  0  32  0  1  418  0  1  1  21  1  0  373364  119463  133  0  0  2  83  56  42549  0  232050  0  0  470864  5901  256  0  1822  4  3  1  1  3  66977  77  69  26  5729  182  2570  38  3  182  0  45  0  
0  0  0  0  0  3  1  2  0  1  0  0  0  0  0  0  0  0  0  0  0  0  1  0  0  0  0  0  0  0  0  0  0  0  0  0  0  0  0  0  0  0  0  0  0  0  0  0  0  0  0  0  0  0  0  0  0  0  0  0  0  0  0  0  0  97  0  0  0  0  0  0  0  0  68155  0  0  101  93278  118456  5734  140  1161  6  0  1853  22802  93650  0  112852  0  250  9  0  1  0  45  104290  0  338  132  2  217488  0  2  358  0  0  0  121  0  0  25  0  484  0  2  14  8831  68  425  3  1665  0  4  1753010  2292998  749004  33  8692  8  9  3  0  1  186769  24  33  153  5617  1085  258888  277954  0  783  0  178  0  
0  0  411  0  38  5290  391  26647  90  0  0  0  0  0  0  31867  0  1  0  0  0  0  0  1  0  0  0  0  0  0  1774  613  0  0  0  0  0  0  0  0  0  0  0  0  1  377  0  0  0  0  0  0  0  1  0  0  0  0  0  0  0  0  0  0  0  72  0  0  0  2409  0  0  0  0  96882  0  395042  64  784948  1107930  828438  643147  1199  3  0  33  0  58  158896  0  0  47  7  0  0  0  17  17637  0  322  49  375  392241  349  75287  610  0  0  0  32  0  0  13  0  241  0  0  5  102006  72818  40  3  530  0  1  381  100593  1107569  2  3228  1  1  1  0  2  21  2440  2586  122  2390  335  239  289014  396073  1138  0  54  0  
0  0  0  0  0  0  0  0  0  30  0  0  0  0  0  0  0  9  0  0  0  0  0  0  0  1  0  0  0  2  0  2  0  0  0  0  0  0  0  0  6  0  0  10  1  0  0  28  8  0  0  0  1  0  2  0  0  0  0  0  0  0  0  0  3  17  0  0  0  0  0  0  13  0  9  0  0  865  6  14  52  22  868  225  0  4165  0  2  5  1  0  496914  26  0  1  1  192880  11168  3  2994  60  4  213  0  35  114  30986  45  170591  269  3  16  1  0  82978  0  43213  44  9753  131  7072  324970  78225  24  16  7  6  36  0  3732  10  3  9  7  88  3  355  95  86  1379  444  16  252  0  915  18  817  8  
0  0  0  0  0  0  0  1  2  35  0  0  0  0  0  0  0  27  0  0  0  0  2  0  0  2  0  0  0  4  0  5  0  0  0  0  0  0  0  0  9  0  1  9  0  0  0  23  8  0  0  0  0  0  5  0  0  0  0  0  0  0  0  0  4  50  1  0  0  0  0  0  20  0  228  0  0  2612  560  1879  2031  49  3018  219  0  25514  21  897  1591  11  365132  0  61  0  4  7  206299  212296  9  2054  268  4  199  3  323  1178  4745  50  37855  380  10  16  21  549  18490  0  18194  42  8867  422  250947  12062  279745  16  18  1004  814  322  1  15228  31  3  17  12  112  29  8034  2401  332  3145  722  43  602  0  2011  14  1193  0  
0  0  0  0  0  0  0  0  0  1  0  0  0  0  0  0  0  2  0  0  0  0  0  0  0  0  0  0  0  1  0  1  0  0  0  0  0  0  0  0  0  0  0  0  0  0  0  0  0  0  0  0  0  0  0  0  0  0  0  0  0  0  0  0  0  39  0  0  0  0  0  0  1  0  21  765430  0  2335  128  207  931  157  545  13  1461  224  0  137  368  57  14  279  0  101278  3339  35158  61  7  193961  4013  284  55  233  11  1  39  0  0  0  63  129  35401  40  0  1433  387433  9  169982  4647  93  470  112  10249  0  219367  812  1462  1850  3  164522  1844840  1032763  209185  519  125345  29  15  2  12484  836  162  13063  305  0  599  22607  466283  0  
0  0  0  0  0  0  0  0  0  0  445  0  0  0  0  0  0  0  0  68  0  0  0  0  0  0  46  0  0  966  0  0  0  0  0  0  0  0  0  0  0  0  0  0  0  0  0  0  0  0  0  0  0  0  0  0  0  0  0  0  0  0  0  0  184  0  0  0  0  0  5  0  0  0  0  0  0  0  0  0  0  0  1  0  624968  0  0  0  0  0  0  0  120320  0  0  38  0  0  6534  0  188702  0  0  46462  0  0  0  0  0  0  0  0  0  0  1  253232  0  293476  0  0  1  0  0  0  66  0  0  0  0  220031  29979  553763  0  0  195  0  0  0  228931  0  0  0  0  0  186  0  0  0  
1  4  0  0  0  0  0  0  0  81  0  0  0  0  0  0  0  36  4  0  2  82  14  0  0  20  0  0  0  1  0  14  0  0  0  0  0  0  0  5  194  0  0  31  1  0  3  68  49  0  9  1  0  0  19  1  11  0  0  0  4  0  2  0  3  33  0  0  1  0  2  0  99  2  0  407605  0  99  1  3  7  0  241  45  0  1  0  0  1  0  8  54  3957  0  0  8924  231545  36  35  491  14  0  4  0  415  1403  0  1  25  117  134182  1541  1  0  1130  20004  2394  36  26  29  4  353  210  508865  273074  3  5  6  0  270  92  2  151689  967479  1077560  0  65  0  4  248  36  15  7  0  51  630  34161  6  
1  22  0  0  2  0  0  0  3  520  4193  0  0  0  1  0  0  13  0  2  5  25552  11  0  0  13  0  0  0  1714  0  1  0  0  1  0  0  0  0  2  69  79  1  572  1  0  0  16  9  0  12  1  0  0  9  0  2  0  0  0  42  0  1  0  18  514  0  1  0  0  2  0  39  0  0  44  0  23  2  1  4  0  130  5785  64138  3  0  0  2  0  0  32  39936  270  11901  0  101570  9  6  368  11  0  1  16488  140  555  0  0  0  60  0  0  0  0  586  515118  29  1146810  17  24  3  84  58  0  80595  5  4  12  0  117  59109  297  429  13  900026  0  34  0  1272  189  39  25  2  0  47  0  430  0  
0  0  0  0  0  2  0  0  3  77  0  1  0  0  0  0  0  50  3  0  1  6  9  0  0  4  0  0  0  10  0  13  0  0  0  0  0  0  0  1  74  0  0  18  0  0  0  65  25  0  1  0  1  0  14  0  4  0  2  0  2  0  0  0  4  64  3  0  0  2  0  0  61  1  3  2  8  596  16  44  104  15  4340  21850  0  43  0  7  30  2  109786  226126  309  0  217296  60379  0  46802  111  12978  305  1  40  8  393  2191  1  19  297744  2419  7693  293  3  0  17615  7  648046  110919  316  804  922  20104  1626  323283  578  39  78  130  1  3974  292  10  359  8088  750641  3  3182  66  531  2567  1139  77  125  0  2465  26  39941  63  
0  0  0  0  0  5  0  0  0  8  0  0  0  0  0  0  1  8  0  0  0  0  14  58  0  2  0  0  0  0  1841  20  0  0  0  0  0  0  0  0  18  0  0  5  1  0  1  8  8  0  0  1  0  0  0  0  1  0  0  0  0  0  10  0  0  17  0  0  0  87  0  0  7  1  491938  0  0  13  1128  96659  118  3  268  3  0  2088  381804  6330  121603  14647  8835  260242  16  0  10  14  93703  0  2  168  21  0  12  0  307232  31512  33  2546  4040  39  1  0  190339  5  4591  0  6865  4  690  40  593350  758  1214  0  17  395  138  34  0  1050  4  1  7  1  15  334863  809449  1473204  30  883  108  15  27  93625  128  0  466  0  
0  0  0  0  0  0  0  0  0  0  0  0  0  0  0  0  0  0  0  0  0  0  0  0  0  0  0  0  0  15  0  0  0  0  0  0  0  0  0  0  0  0  0  0  0  0  0  2  0  0  0  0  0  0  0  0  0  0  0  0  0  0  0  0  0  1  0  0  0  0  0  0  0  0  0  2  0  226  41  21  43  4  349  8  1  18  0  7  24  1  0  15  181592  763  925  11  66  1  0  621973  99288  2  4  18  1  8  2  68354  0  200957  501  1539  2  0  9123  0  17  4250  205  11  18  117  655  1  5107  52  96  97  202511  905614  216  13775  2998  1491  9541  0  2  1  159  82  1042  336  10  0  166  56  1227590  1  
0  0  0  0  0  4  2  0  2  3  0  0  0  0  0  0  0  6  1  0  0  0  0  0  0  0  0  0  0  4  0  3  0  0  0  0  0  0  0  0  5  0  0  1  0  0  0  5  4  0  0  0  0  0  0  0  0  0  0  0  0  0  0  0  1  198  1  0  0  1  0  0  4  1  218  0  10  388786  259  924  2591  468  10872  1305  0  1446  2  1476  909  196  1705  2342  668  0  9  3  424  120  396296  0  28803  253209  996  12  5  183  101077  28567  5  773937  101  1437  302  1  610581  0  9  402  196037  2113  5326  655  48733  1  61  2525  1169  5597  239158  257953  357  62  89  294  570  39  131  91  410  29509  661194  9643  2849  0  7005  18  47489  1989  
0  0  0  0  0  1  1  0  0  0  1  0  0  0  0  0  0  0  0  1  0  0  0  0  0  0  31  0  0  998  0  0  0  0  0  0  0  0  0  0  0  0  0  0  0  0  0  0  0  0  0  0  0  0  0  0  0  0  0  0  0  0  0  0  0  3  0  0  0  0  0  0  1  0  0  0  166519  17  296  111  396  63  933  4  30  7  0  6  49  33  6  43  78  201490  1  0  14  3  41558  85640  0  2885  490  911774  0  3  0  0  0  553  0  0  1  0  4630  0  1  20  659  108151  46  25  115  0  2  95  146  297  11758  1172836  13  901  2  2  5  1  2  2  79929  2059  816209  29  939  0  146353  0  74  0  
0  0  0  0  0  0  0  0  0  0  0  0  0  0  0  0  0  0  0  0  0  0  0  0  0  0  0  0  0  0  0  0  0  0  0  0  0  0  0  0  0  0  0  0  0  0  0  0  0  0  0  0  0  0  0  0  0  0  0  0  0  0  0  0  0  5  0  0  0  0  0  0  0  0  3  1  161223  162621  6  17  69  12  76  3  0  25  0  16  31  4310  0  25  1  0  0  0  2  3  0  322133  2485  0  70179  0  0  5  0  0  0  29  0  0  4  0  111  0  0  1  1329669  9778  166  1  2706  0  0  59  105  68  5  252  2  1  0  0  2  1  3  2  5  286  721083  632  39  0  68  0  25  0  
0  0  2  0  0  0  0  4  0  1  0  0  0  0  0  7  0  1  1  0  0  0  0  0  0  0  0  0  0  0  0  0  0  0  0  0  0  0  0  0  1  0  0  0  2  0  0  0  0  0  0  1  0  1  0  0  0  0  0  0  0  0  0  0  0  27  0  0  0  0  0  0  0  0  5  0  215975  191849  35  114  1200  103563  1881  12  0  14251  0  4  197557  337344  5  224  14  0  0  0  74  7  0  279  195  101802  0  1  1  10  0  0  0  59  0  0  2  0  1182  0  2  11  1497419  11358  320  3  4647  0  4  7280  53  3967  6  5811  11  2  5  0  6  2  37  3  262  711  2210  553001  806173  0  808  0  512  0  
0  0  572  0  0  0  0  46  10612  72  238  0  0  0  0  49  0  1  0  165  0  55  0  0  0  0  1678  0  0  255444  0  0  0  0  0  0  0  0  0  0  0  0  0  33  0  1452  0  0  1  0  0  0  0  0  0  1  0  0  0  0  0  0  0  0  195  83  0  0  0  0  17519  0  0  0  0  0  75811  0  1  1  6  1264  42844  65189  57253  0  0  0  0  624  0  0  8  61737  0  25711  4  0  10  12  822831  0  2  0  0  0  0  0  0  5  0  0  0  0  46  0  0  39914  6  449346  0  3  8  0  0  0  3  0  0  161875  0  240  0  1  5  0  0  0  727417  46  1140  0  3  0  584207  0  0  0  
0  0  0  1  3  2081  0  0  0  28  0  0  0  0  0  14  0  14  3  0  0  0  0  147  0  3  0  0  0  0  29749  658  0  0  0  0  0  0  0  0  21  0  1  8  0  0  0  23  14  0  1  1  1  0  4  0  1  0  0  0  0  0  29  0  1  76  1  0  0  7702  0  0  18  0  73802  0  0  9  232  24964  14  6  211  7  0  4  0  8  9  55091  107  3940  14  0  8  5  6877  289001  1  155  17  0  14  0  0  215783  0  0  6  26  0  0  64  0  1306  0  11  2  1377  33  650  215  190  0  15  108  31  6  0  918  3  0  6  2  17  148  484841  1504  21  356  54  3  42  292822  136  0  343  0  
18  0  0  0  4  803  3  4  1  33  0  0  0  1  1  60  5  241  2  0  0  4  66  25  0  8  0  0  0  0  334  73827  0  0  0  0  0  0  3  0  50  0  0  30  2  0  38  42  261  0  1  13  1  3  6  1  5  1  0  0  0  0  22  42  8  1036  2  4  6  342  0  0  94  0  5870  0  0  63  1283  176050  145  36  722  44  0  17  1  70  111  394  45  3435  34  0  39  46  2643  10896  7  588  36  1  38  0  188345  0  0  1  6  123  2  0  334  0  2483  1  59  37  2772  77  2136  755  512  0  63  487  138  50  0  2380  17  5  47  2  96  564  263826  6835  39  99889  183  15  82  49542  296  0  4923  0  
0  0  0  0  0  0  0  0  0  0  0  0  0  0  0  0  0  0  0  0  0  0  0  0  0  0  0  0  0  0  0  0  0  0  0  0  0  0  0  0  0  0  0  0  0  0  0  0  0  0  0  0  0  0  0  0  0  0  0  0  0  0  0  0  0  0  0  0  0  0  0  0  0  0  0  0  0  17460  0  0  0  0  0  0  0  10337  0  0  0  0  31956  2056  0  0  0  0  0  4  7  68226  0  0  0  0  0  0  0  148679  182054  279266  0  0  0  0  259345  0  0  0  0  0  0  291290  4368  0  0  0  0  0  0  0  0  0  0  0  0  0  0  0  0  0  0  0  0  0  0  0  5  255334  
0  0  0  0  0  0  0  0  0  0  0  0  0  0  0  0  0  0  0  0  0  0  0  0  0  0  0  0  0  0  0  0  0  0  0  0  0  0  0  0  0  0  0  0  0  0  0  0  0  0  0  0  0  0  0  0  0  0  0  0  0  0  0  0  0  0  0  0  0  0  0  0  0  0  0  0  0  1602  0  0  0  0  8  0  0  3131  295  1  0  0  27  26  1  0  0  1  99  4123  63642  31954  0  0  2  0  0  0  128754  0  1044623  446005  24  119430  1  0  39292  0  253366  2  0  0  20  75463  20  53  1  0  0  0  0  4  1  1  6  26  281  0  0  319  0  3  0  4  0  0  2  149  1108763  214608  
0  0  0  0  0  0  0  0  0  14  0  0  0  0  0  0  0  12  0  0  0  0  0  0  0  0  0  0  0  1  0  2  0  0  0  0  0  0  0  0  3  0  0  5  0  0  0  12  4  0  0  0  0  0  0  0  0  0  0  0  0  0  0  0  3  12  1  0  0  0  0  0  4  0  0  0  0  266  0  3  1  0  241  36  0  4837  135  3  1  0  122642  42389  25  0  36  1  240456  6293  7  452  7  0  1  0  17  73  192031  763317  0  94  282  61912  0  0  1109  0  386399  15  11  34  1595  540851  358  19296  17  2  4  5  0  324  9  0  31  966  651  0  10  413  3  260  36  7  6  0  45  14900  128599  99462  
0  0  0  0  0  0  0  0  0  0  0  0  0  0  0  0  0  1  0  0  0  0  0  0  0  0  0  0  0  1  0  0  0  0  0  0  0  0  0  0  0  0  0  0  0  0  0  0  0  0  0  0  0  0  0  0  0  0  0  0  0  0  0  0  0  3  0  0  0  0  0  0  1  0  2  1  1  4780  56  371  672  20  822  58  0  75  0  19  467  70  41  68  398  0  221  44  544  0  87914  599272  44  22  55  1  1  9  176864  504757  3  0  943  213  4  0  512432  0  810  2814  1015  91  93  3548  2033  88  64  490  587  3375  114053  21060  337  44  684  2770  5023  4  2  2  54  979  7911  833  651  0  391  296  220010  207929  
0  0  0  0  0  0  0  0  0  0  0  0  0  0  0  0  0  0  0  0  0  0  0  0  0  0  0  0  0  0  0  0  0  0  0  0  0  0  0  0  0  0  0  0  0  0  0  0  0  0  0  0  0  0  0  0  0  0  0  0  0  0  0  0  0  0  0  0  0  0  0  0  0  0  0  11088  0  9  0  1  1  0  109  9  0  0  0  0  0  0  0  0  3  0  82844  2  9192  0  21  75  1  0  0  0  0  0  0  6  47  23  0  518592  0  0  400  0  325171  6  4  5  0  115  19  366585  1  0  0  2  0  24  6  1  73986  747973  6664  1  0  0  3  24  4  5  0  0  22  1023209  9086  12  
0  0  0  0  0  0  0  0  0  0  0  0  0  0  0  0  0  0  0  0  0  0  0  0  0  0  0  0  0  0  0  0  0  0  0  0  0  0  0  0  0  0  0  0  0  0  0  1  0  0  0  0  0  0  0  0  0  0  0  0  0  0  0  0  0  0  0  0  0  0  0  0  0  0  0  30473  0  28  1  0  4  0  126  10  0  0  0  0  0  0  2  5  4436  0  1358  2  2987  4  556  888  2  0  1  0  0  0  0  93687  43590  67  499181  0  0  0  535  0  363902  22  9  6  1  58703  64  166550  116  3  0  1  0  73  51  2  366198  50150  6926  0  0  1  0  39  5  6  0  0  34  1111555  1767010  1153  
0  0  0  0  0  3  0  0  0  0  0  0  0  0  0  0  0  0  0  0  0  0  0  0  0  0  0  0  0  0  0  0  0  0  0  0  0  0  0  0  0  0  0  0  0  0  0  0  0  0  0  0  0  0  0  0  0  0  0  0  0  0  0  0  0  6  0  0  0  0  0  0  0  0  120009  0  0  3229  7680  22778  146  12  376  14  0  9148  169116  352611  54  14  4  383  3  0  0  0  13  33318  1  82  31  1  53  0  345  3692  0  0  0  15  0  0  0  1187  660  0  0  4  828  53  98799  3  235428  0  0  28790  6873  82  2  1303  2  3  0  0  1  45526  18194  68610  30  1208  79  7864  55  55  190  0  18  0  
0  0  0  0  0  0  0  0  0  0  0  0  0  0  0  0  0  0  0  0  0  0  0  0  0  0  0  0  0  0  0  0  0  0  0  0  0  0  0  0  0  0  0  0  0  0  0  0  0  0  0  0  0  0  0  0  0  0  0  0  0  0  0  0  0  0  0  0  0  0  0  0  0  0  0  0  0  8321  2  1  0  0  0  0  0  284599  18  149883  1  0  0  304  1  0  0  0  0  3  0  0  0  0  1  0  0  0  0  0  0  0  0  0  4532  0  0  0  0  0  0  0  1900  0  96758  0  0  2748  0  0  0  2  0  0  0  0  0  0  0  0  0  1  0  32782  0  0  0  0  1  0  
2  0  0  0  1  6  1  1  71  696  0  0  0  0  2  1  6  384  12  0  0  5  4  0  0  26  0  0  1  151  0  60  1  0  0  0  0  0  0  4  285  0  0  314  11  0  4  469  196  0  8  5  6  3  147  1  11  1  2  0  1  0  1  1  99  946  14  4  1  2  1  0  410  5  199  3  28  168519  1249  1024  3030  741  88651  13337  0  432  0  337  734  214  79412  42832  11956  0  160  65  54427  1128  8881  612688  4145  120  3071  52  299  1509  213474  44577  334  430741  1063  713  136  0  0  1  18060  5703  94067  6713  3460  332375  128321  399  274  1490  2348  3913  51804  108840  5393  819  871  3421  15569  54  6625  189  1817  186321  19556  9439  5727  1  24160  253  104768  123713  
0  11  0  0  0  0  0  0  0  6  177  0  0  0  0  0  0  3  1  29  0  283  2  0  0  1  0  0  0  2  0  0  0  0  0  0  0  0  0  0  12  17  0  21  0  0  0  1  4  0  6  0  0  0  0  0  1  0  0  0  4  0  0  0  0  3  0  0  0  0  0  0  6  0  0  200468  0  0  0  0  0  0  1  3  198175  0  0  0  0  0  0  0  392354  263972  12936  568149  1  0  0  1  0  0  0  0  1  3  0  0  0  1  0  0  0  0  0  0  0  532370  0  0  0  2  4  0  466668  0  0  0  0  1  79749  4579  27  0  70938  0  1  0  0  1  1  0  0  0  0  0  3  0  
0  0  0  0  0  0  0  0  0  9  0  0  0  0  0  0  0  9  0  0  0  0  0  0  0  0  0  0  0  2  0  2  0  0  0  0  0  0  0  0  2  0  0  3  0  0  0  11  0  0  0  0  0  0  1  0  0  0  0  0  0  0  0  0  0  13  0  0  0  0  0  0  8  0  0  0  0  23  0  0  1  0  109  40  0  2  0  2  0  0  2515  5046  9  0  116  3  564275  5719  23  259  6  0  4  0  8  50  1  175939  334333  108  216251  414117  0  0  1000  0  0  14  5  14  6  39959  36  343742  7  5  3  2  0  132  4  0  18  1635  1656  0  2  18  2  163  30  4  2  0  30  54087  49468  922  
0  0  0  0  0  0  0  0  1  38  2381  0  0  0  0  0  0  12  2  15  1  6500  0  0  0  6  0  0  0  21  0  2  0  0  0  0  0  0  0  0  45  2  2  974  1  0  0  29  4  0  0  1  0  0  14  0  2  0  0  0  8  0  1  0  1  30  0  0  0  0  0  0  22  0  20  73  3  3606  155  158  309  35  53120  166674  852985  117  0  55  244  31  15  444  104338  114915  77  1090396  68018  14  331  17735  296  9  176  57469  5  34  0  0  1  808  16  1  24  0  10751  344301  7  0  1710  737  358  82  9003  0  9833  453  934  1075  3  14553  308941  392760  23795  84  191845  23  57  7  420144  2135  1110  2253  274  0  70536  74  16555  0  
0  0  0  0  0  4  2  0  0  2  0  0  0  0  0  0  0  7  0  0  0  0  0  0  0  1  0  0  0  1  0  2  0  0  0  0  0  0  0  0  11  0  0  0  0  0  0  3  3  0  0  1  0  1  4  0  0  0  0  0  0  0  0  0  0  345  3  1  0  0  0  0  8  0  207  0  321454  117659  1049  1295  10297  55376  14909  335  0  1345  0  810  5116  130948  487  4517  133  1  7  1  1025  160  10  425112  1443  1241515  1396256  8  14  279  0  0  1  2086  0  1  216  0  24220  0  10  80  0  158784  7696  109  89716  0  54  5308  9603  18576  279  31688  74  31  29  4  77  108  748  154  955  21134  725714  159693  413506  0  8105  0  4495  0  
0  0  1595  0  0  3  0  3531  1073  1  0  0  0  0  0  564  0  2  0  0  0  0  0  0  0  1  0  0  0  20  0  0  0  0  0  0  0  0  0  0  4  0  0  1  0  5032  0  7  2  0  0  0  0  0  1  0  0  0  0  0  0  0  0  0  2  38  0  0  0  0  67  0  5  0  9  0  334597  102  185  633  40522  266476  165659  273  0  9  0  11  87  51970  44  3709  205  1  1  0  1606  90  6  19068  86135  6807  5357  513402  0  32  0  0  0  8379  2  0  8  0  38743  0  17  42  265905  0  188  138  1071  0  17  143  354  1410  2  160207  148  19  19  6  48  4  365  6  2055  58075  144493  206  5785  0  221384  0  1935  0  
0  0  0  0  0  3  0  0  0  0  0  0  0  0  0  0  0  0  0  0  0  0  2  0  0  0  0  0  0  0  0  1  0  0  0  0  0  0  0  0  1  0  0  0  0  0  0  2  2  0  0  0  0  0  0  0  0  0  0  0  0  0  0  0  0  35  0  0  0  0  0  0  0  0  26587  0  1  25  25693  14647  2114  64  2717  22  0  6660  125507  20144  1807  37  434  165445  20  0  1  2  524  428582  2  495  246  4  181  1  535  9198  6  8  228  155  1  1  86453  687  8950  0  3  17  13179  416  0  143  77858  0  1  15096  2872  604  1  14132  18  7  3  1  18  3022  55627  275275  247  3488  808  57  500  45  1714  0  171  0  
0  0  0  0  0  7  0  0  26  875  0  0  0  1  1  1  18  660  2  0  0  5  5  0  1  35  2  0  2  84  1  194  0  0  0  0  0  0  0  2  189  0  5  200  8  0  1  909  305  0  5  4  0  1  92  9  5  2  1  1  3  0  3  2  107  890  15  3  3  0  4  0  555  1  5  0  0  2174  16  28  45  10  2130  1933  0  1920  9  10  4  0  322348  94220  393  0  115  21  55478  1031  163  6610  139  1  37  3  348  2270  305691  82380  603437  3199  511  123566  1  0  312106  0  190156  265  313  313  397  0  2401  33924  103  26  30  70  0  2458  68  7  126  2201  1981  2  248  100  57  12137  553  76  67  0  525  29808  364844  365771  
0  0  0  0  0  9  3  1  0  9  0  0  0  0  0  0  0  4  1  0  0  0  1  0  0  0  0  0  0  1  0  2  0  0  0  0  0  0  0  0  1  0  0  4  0  0  0  3  3  0  0  0  0  0  2  0  0  1  0  0  0  0  0  0  0  200  0  0  0  0  0  0  4  0  22208  0  9  674680  71830  54729  27605  802  59940  2641  1  489681  111  248324  13141  322  81483  303464  743  3  1  2  2371  1612  39  98435  3368  2060  13112  12  102  3607  8306  8  290  3256  4  5  159641  56774  114729  0  9  383  123284  5633  84520  1078  0  0  27  96668  15317  3902  137  212676  478  198  18  13  87  1785  2207  691  4246  37735  8293  83121  7381  96  30133  0  1544  0  
0  0  0  0  0  0  0  0  0  0  0  0  0  0  0  0  0  0  0  0  0  0  0  0  0  0  0  0  0  0  0  0  0  0  0  0  0  0  0  0  0  0  0  0  0  0  0  0  0  0  0  0  0  0  0  0  0  0  0  0  0  0  0  0  0  0  0  0  0  0  0  0  0  0  0  0  0  10  0  1  0  0  51  3  0  1  0  0  0  0  17  4  2  0  470909  0  306882  0  45  116  0  0  0  0  0  0  0  81  8942  84  445194  141433  1  0  794  0  712929  6  4  2  0  6388  29  0  3  0  0  0  0  31  4  0  249  391836  124004  0  0  0  0  19  4  1  1  0  11  75816  217132  320  
0  10  0  0  1  0  0  0  0  28  0  0  0  0  1  0  0  6  1  0  0  269  3  0  0  4  0  0  0  2  0  1  0  0  0  0  0  0  0  1  53  0  0  11  0  0  1  20  6  0  13  3  1  0  8  0  3  0  1  0  10  0  0  0  4  20  0  1  0  0  0  0  33  0  0  332070  0  140  2  1  1  0  27  15  0  4  0  0  0  0  0  5  108290  21  239276  57499  14  0  1  150  3  0  5  0  17  22  0  0  0  2  8  0  1  0  65  448941  0  836  22  3  6  7  325  0  0  4  3  4  0  77  67279  8  76434  13254  486205  1  4  0  7  25  3  33  3  0  5  0  258  0  
0  0  0  0  0  34  7  2  1  0  0  0  0  0  0  1  2  1  0  0  0  0  3  0  0  0  0  0  0  0  0  1  0  0  0  0  0  0  0  0  2  0  0  0  0  0  0  2  5  0  0  2  0  0  0  0  0  0  0  0  0  0  0  0  0  528  0  0  0  0  0  0  1  0  27245  0  0  10436  94111  87991  51314  260  3166  17  0  266309  30  811750  1300622  3158  3  1347  48  0  0  2  113  1004  0  571  457  0  10427  0  19  4144  0  0  1  186  1  0  18882  2582  1165  0  4  40  1956  298  5610  10  53442  0  5  0  482285  612005  17  16251  29  19  7  1  19  214856  286  287  226  43936  2822  705564  679  3  1853  0  762  0  
0  0  0  0  0  19  8  3  0  0  0  0  0  0  0  0  0  0  0  0  0  0  0  0  0  0  0  0  0  0  0  0  0  0  0  0  0  0  0  0  0  0  0  0  0  0  0  0  1  0  0  0  0  0  0  0  0  0  0  0  0  0  0  0  0  563  0  0  0  0  0  0  0  0  214181  0  0  124  625591  108957  5051  1035  5110  23  0  2066  5  19249  2542012  89319  3  262  65  1  0  0  74  223  3  774  583  2  119  1  12  4823  0  0  1  264  0  0  15972  0  1396  0  0  67  1387  348  826  4  3227  0  3  727836  0  240340  9  22806  41  29  2  0  7  386687  168  140  356  21366  2804  1902  555  26  2181  0  298  0  
0  0  0  0  0  3  1  0  0  0  0  0  0  0  0  0  0  1  0  0  0  0  0  0  0  0  0  0  0  1  0  0  0  0  0  0  0  0  0  0  2  0  0  0  0  0  0  1  1  0  0  1  0  1  1  0  0  0  0  0  0  0  0  0  1  550  0  0  0  0  0  0  3  0  163  0  1  322  1674  111005  488352  88246  13603  65  0  273  0  467  834927  1326687  10  1183  137  1  5  0  498  21  8  4015  578  14  17222  3  2  201  0  0  1  1141  0  2  158  0  5756  0  13  131  28424  2840  931  30  3504  0  12  587688  101215  0  192  82015  94  64  17  4  45  286  97  17  1938  20001  5362  100284  344358  0  10372  0  1807  0  
0  0  0  0  0  0  0  0  0  0  0  0  0  0  0  0  0  0  0  0  0  0  0  0  0  0  0  0  0  0  0  0  0  0  0  0  0  0  0  0  0  0  0  0  0  0  0  0  0  0  0  0  0  0  0  0  0  0  0  0  0  0  0  0  0  1  0  0  0  0  0  0  0  0  7  0  0  871  45  283  512  11  68  3  0  33  0  21  433  72  0  20  158  0  0  0  3  2  230529  293136  6699  50  32  0  0  9  0  0  0  242673  0  0  5  0  73836  0  0  72  805  27  62  0  609  0  1  456  669  2693  0  247279  76  52  2  0  0  11  3  1  26  236  23146  533  435  0  61  0  55739  0  
0  0  0  0  0  1  0  1  0  8  0  0  0  0  0  0  0  8  0  0  0  0  1  0  0  0  1  0  0  37  0  0  0  0  0  0  0  0  0  0  4  0  0  2  0  0  0  4  1  0  0  0  0  0  2  0  0  0  0  0  0  0  0  0  1  297  0  0  0  0  0  0  8  0  138  3  1642  6683  8473  7386  16787  1021  32410  241  13  454  0  475  6207  1255  40  1500  167604  150787  514  22  518  41  741894  278480  1093320  330  1339  127246  10  290  0  3  3  30758  237  97  205  0  83714  0  117  21719  13781  82319  2227  938  22088  3  4986  9700  20104  36223  252790  0  18230  344011  2970  511  7137  262  102  33  132299  22175  360975  30605  9154  0  372182  10  165417  0  
0  0  0  0  0  0  0  0  0  1  0  0  0  0  0  0  0  1  0  0  0  0  0  0  0  0  0  0  0  0  0  0  0  0  0  0  0  0  0  0  0  0  0  1  0  0  0  0  1  0  0  0  0  0  0  0  0  0  0  0  0  0  0  0  0  27  0  0  0  0  0  0  0  0  30  3103  1  3292  331  393  974  142  732  10  3026  250  0  134  1164  101  9  275  1863588  47019  377  19212  64  4  236  4848  55  31  319  2  1  56  0  0  0  145  5  0  37  0  1672  80889  0  533606  4468  200  484  7  11231  0  69972  2051  4932  4487  17  10147  0  180599  68074  53  257900  65  29  12  10881  1082  307  14828  292  0  984  3  127138  0  
0  0  0  0  0  0  0  0  0  0  0  0  0  0  0  0  0  0  0  0  0  0  0  0  0  0  0  0  0  1  0  0  0  0  0  0  0  0  0  0  0  0  0  0  0  0  0  1  0  0  0  0  0  0  0  0  0  0  0  0  0  0  0  0  0  12  0  0  0  0  0  0  0  0  21  0  0  392  270  297  463  23  238  5  191998  39  0  34  687  59  2  68  1330023  506847  32  101  16  4  12525  1207  411  3  82  118  0  26  0  0  0  87  2  0  21  0  577  11480  0  709607  1174  73  110  2  1367  0  741  1114  2962  2899  10  323494  97001  0  440  21  1556  37  6  1  353908  374  134  4524  119  0  2257  0  1423  0  
0  0  0  0  0  0  0  0  0  0  0  0  0  0  0  0  0  0  0  0  0  0  0  0  0  1  0  0  0  0  0  0  0  0  0  0  0  0  0  0  2  0  0  1  0  0  0  1  0  0  0  0  0  0  0  0  0  0  0  0  0  0  0  0  0  4  0  0  0  0  0  0  0  0  10  164634  2  11773  44  59  148  20  1561  55  0  280  0  49  31  8  3  199  311382  1  79582  84  81  14  307  7076  96  40  382  2  1  12  0  2  0  386  60894  401062  15  0  3114  9  14  4290  2032  176  329  51  28048  37  265750  384  81  93  0  3560  67492  28  0  259917  116936  2  26  7  113  821  346  2862  133  0  725  436846  252523  0  
0  0  0  0  0  0  0  0  0  0  0  0  0  0  0  0  0  0  0  0  0  0  0  0  0  0  0  0  0  0  0  0  0  0  0  0  0  0  0  0  1  0  0  0  0  0  0  1  0  0  0  0  0  0  0  0  0  0  0  0  0  0  0  0  0  1  0  0  0  0  0  0  1  1  1  226761  1  204  7  0  20  4  1247  74  0  3  0  0  5  0  6  18  2507  0  864597  117  9890  1  143  1309  27  1  13  0  0  1  0  15  36  456  585888  79592  1  0  3703  0  1931  155  59  61  9  311  470  451307  40166  8  13  16  0  479  109  5  266841  0  170573  0  2  0  24  350  86  68  17  0  257  439188  168591  27  
0  8  0  0  0  0  0  0  1  24  0  0  0  0  1  0  0  7  1  0  0  190  7  0  0  4  0  0  0  0  0  0  0  0  0  0  0  0  0  1  34  0  0  10  0  0  0  16  7  0  7  1  0  0  3  0  3  0  0  0  7  0  0  0  0  11  0  0  0  0  0  0  17  0  3  10566  1  993  30  18  136  19  9863  1203  2  31  0  6  27  7  56  103  146873  146  962438  840669  596861  4  2261  11255  257  2  61  2  31  122  0  150  662  3413  13908  12259  2  0  38878  46786  1144  162674  268  563  57  560  2345  79445  546641  51  79  184  1  3987  199539  379  151310  137498  0  2  17  1  80  4105  827  298  88  0  1158  105  58460  13  
0  0  0  0  0  0  0  1  0  0  0  0  0  0  0  0  0  0  0  0  0  0  0  0  0  0  0  0  0  0  0  0  0  0  0  0  0  0  0  0  0  0  0  0  0  0  0  0  0  0  0  0  0  0  0  0  0  0  0  0  0  0  0  0  0  6  0  0  0  0  0  0  0  0  222198  0  0  29  10817  11831  63  6  255  2  0  20  295702  113502  154948  8  0  19  1  0  0  0  4  289146  0  45  17  0  13  0  26  834  0  0  0  16  0  0  203161  0  94  0  0  2  81  15  517  0  210  0  0  210301  237820  107  0  1294  3  1  0  0  1  0  245  3969  27  768  67  49  21  3  137  0  11  0  
0  0  0  0  0  5  0  0  1  20  0  0  0  0  0  0  2  20  2  0  0  3  31  24  0  1  0  0  0  0  1109  23  0  0  0  0  0  0  0  0  25  0  0  12  0  0  4  30  16  0  1  0  0  0  3  0  1  0  0  0  1  0  7  0  1  38  0  0  0  28  0  0  19  0  19051  0  0  36  1663  96523  267  20  1215  25  0  27  440  244  501  97  118  29153  23  1  23  35  23369  795173  1  507  106  4  97  0  424888  336407  2  0  15  126  0  0  2746  0  14145  0  25  13  9123  201  28921  357  1674  0  28  825  336  106  1  5958  8  3  9  1  51  2531  0  143096  117  1956  452  14  252  143985  816  0  1290  0  
0  0  0  0  0  1  0  1  0  0  0  0  0  0  0  0  0  0  0  0  0  0  0  0  0  0  0  0  0  0  1  0  0  0  0  0  0  0  0  0  0  0  0  0  0  0  0  0  1  0  0  0  0  0  0  0  0  0  0  0  0  0  0  0  0  28  0  0  0  0  0  0  0  0  55031  0  0  4  3635  117491  112  8  247  3  0  16  201224  211  189  994  590  3789  4  0  0  1  1698  1423978  1  49  21  1  20  0  1823  45993  0  126  125  16  0  0  472514  0  1437  0  42  0  1588  44  308726  10  455  0  3  681  169  37  0  1208  2  1  1  0  2  13214  253806  0  29  5472  68  5  63  26791  143  0  47  0  
0  0  0  0  0  0  0  0  1  1  214  0  0  0  0  0  0  1  0  2  0  2  0  0  0  0  12  0  0  6406  0  0  0  0  0  0  0  0  0  0  1  0  0  4  0  0  0  2  0  0  0  0  0  0  0  0  0  0  0  0  0  0  0  0  26  10  0  0  0  0  0  0  0  0  13  6  1  742  418  514  1026  156  18820  1632  528602  40  0  42  805  84  5  113  30086  274307  75  968  27  3  1519  4178  119622  9  106  907459  0  26  0  0  0  327  24  3  25  0  2514  3  1  486148  1149  1123  141  32  2288  1  1645  1264  2539  4571  3  220976  26794  517299  1052  66  2034  25  14  2  0  863  527  2604  617  0  148290  0  12319  0  
68  0  0  12  18  55949  2726  4436  60814  109429  0  0  0  1  13  183  116  8374  79  1  1  28  44  61  2  476  16  0  34  16093  18  3684  2  1  3  1  0  0  9  4  2227  0  44  7005  260  1  168  10674  4328  0  19  147  26  71  3015  189  58  14  2  0  7  1  39  138  5144  365918  563  64  78  125  140  0  5458  15  4987  0  10  2385  5352  719367  360806  292974  516313  176734  0  3760  2  4218  21440  3388  149  5065  574  0  17  58  2420  430  26  91875  4069  106  3339  38  256  130009  0  1  11  26011  413  96  295  0  352139  0  84  676  33636  10379  3725  1702  18368  1  96  9335  10404  8300  9  33108  298  47  190  860  7326  447  2956  564  538  0  33986  2875  2803  793  44070  8  7215  0  
0  0  0  0  0  2  0  0  0  1  0  0  0  0  0  0  0  5  0  0  0  1  0  0  0  0  0  0  0  0  0  0  0  0  0  0  0  0  0  0  3  0  0  1  0  0  0  1  0  0  0  0  0  0  1  0  0  0  0  0  0  0  0  0  1  53  1  1  0  0  0  0  11  0  49  0  136255  3533  4745  4234  8641  395  9220  113  0  98  0  138  2252  2104  45  911  208  0  0  2  220  22  68  830657  624071  698731  3975  9473  2  82  0  0  1  12080  0  0  72  0  28855  0  14  161  606095  194071  472  154  2579  0  18  2910  4060  15162  7259  365177  144  55  16  6  49  54  92  10  344  17239  0  3327  40638  0  2948  1  1435  0  
0  0  0  0  0  11  3  1  0  2  0  0  0  0  0  0  0  3  0  0  0  0  0  0  0  0  0  0  0  0  0  1  0  0  0  0  0  0  0  0  0  0  0  0  0  0  0  1  0  0  0  0  0  0  0  0  0  0  0  0  0  0  0  0  1  199  0  0  0  0  0  0  1  0  266  0  1  300322  1680  6390  11294  244  14635  155  0  428378  2  4416  307359  3041  14  515  258  0  2  1  194  90  9  6446  573  76  769552  7  2  592  0  0  1  1053  0  0  6322  10835  4272  0  3  119  261018  1022  4519  20  91783  0  13  721191  10465  194880  208  60753  144  53  13  2  24  194  57  123  1414  11341  3840  0  28705  1  8401  0  913  0  
0  0  0  0  0  0  1  0  0  0  0  0  0  0  0  0  0  3  0  0  0  0  0  0  0  0  0  0  0  0  0  1  0  0  0  0  0  0  0  0  4  0  0  1  0  0  1  0  1  0  0  0  0  0  0  1  0  0  0  0  0  0  0  0  0  329  0  0  0  0  0  0  1  0  15  0  4  156  363  736  46319  345558  10035  30  0  11  0  37  230486  245191  25  708  88  0  1  0  247  15  7  2560  765  55  1028685  5  2  27  0  0  1  658  0  1  24  0  3588  0  1  65  496700  22432  339  15  1382  0  14  188  841  288680  182  30108  52  29  11  1  23  19  88  12  1514  14987  47116  11946  0  0  6554  0  1252  1  
0  0  0  0  6  3179  0  0  0  0  0  0  0  0  0  20  0  3  0  0  0  0  0  1  0  0  0  0  0  0  688  1099  0  0  0  0  0  0  0  0  0  0  0  0  0  0  0  0  3  0  0  0  0  0  0  0  0  0  0  0  0  0  0  1  0  76  0  0  0  2528  0  0  0  0  98379  0  0  0  143579  276538  0  0  2  0  0  0  0  1  1  431215  0  4  0  0  0  0  1  111316  0  0  0  0  0  0  306535  61117  0  0  0  0  0  0  55  0  9  0  0  0  13  0  15  2  20  0  0  2  4  0  0  4  0  0  0  0  0  25  155252  13393  0  421  0  0  0  0  2  0  1  0  
0  0  27  0  0  1  0  32  90617  3  2  0  0  0  0  9  0  0  0  0  0  1  0  0  0  0  4  0  0  23789  0  0  0  0  0  0  0  0  0  0  0  0  0  3  0  5388  0  1  1  0  0  1  0  0  1  1  0  0  0  0  0  0  0  0  1  2077  0  0  0  0  99349  0  4  0  13  0  91  1366  250  312  30831  2825  333815  8566  69  59  1  41  470  93  19  888  5720  421  11  4  439  19  241  26273  90784  27  1199  507657  2  37  0  1  1  8451  76  40  19  0  27830  0  7  17471  2294  238029  276  122  4073  2  148  692  1472  2991  0  619157  3986  1131  153  99  984  24  83  12  138656  36129  17663  1521  1854  0  0  1  5891  0  
0  0  0  0  0  0  0  0  0  0  0  0  0  0  0  0  0  0  0  0  0  0  0  0  0  0  0  0  0  0  0  0  0  0  0  0  0  0  0  0  0  0  0  0  0  0  0  0  0  0  0  0  0  0  0  0  0  0  0  0  0  0  0  0  0  0  0  0  0  0  0  0  0  0  0  2863  0  36  0  0  0  0  44  3  0  0  0  0  0  0  0  5  4269  0  2002  4  1131  0  12  66  1  0  0  0  0  0  0  791  7100  18  873943  1261572  0  0  151  0  86850  189  10  2  1  8263  70  136383  139  1  1  1  0  29  79  1  455556  416634  1027  0  0  0  0  12  3  8  1  0  18  0  243575  452  
0  0  0  0  0  1  0  0  0  10  0  0  0  0  0  0  0  13  0  0  0  0  0  0  0  1  0  0  0  1  0  1  0  0  0  0  0  0  0  0  7  0  0  3  0  0  0  16  10  0  0  0  0  0  0  0  0  0  0  0  0  0  1  0  1  94  0  0  0  0  0  0  20  0  90  231  0  16115  371  560  1934  325  4891  225  0  741  0  388  1477  165  859  922  442141  0  86627  261  56103  35  1318756  146017  216  491  909  1  12  159  8  1035691  97061  340685  14923  1874479  106  0  79179  6  120414  17897  16113  396  1720  372308  46287  179664  51732  3668  6713  5196  38534  409104  83931  1189  250683  239324  177323  87  47  20  3421  3252  651  33762  725  0  2239  236072  0  127661  
0  0  0  0  0  0  0  0  0  0  0  0  0  0  0  0  0  0  0  0  0  0  0  0  0  0  0  0  0  0  0  0  0  0  0  0  0  0  0  0  0  0  0  0  0  0  0  0  0  0  0  0  0  0  0  0  0  0  0  0  0  0  0  0  0  0  0  0  0  0  0  0  0  0  0  0  0  6  0  0  0  0  3  0  0  0  0  0  1  0  16  5  1  0  3  0  358  0  36  1696  0  0  0  0  0  0  227086  269456  65557  242881  15  1984  0  0  108559  0  1449  0  1  2  0  441927  8  437  0  0  0  0  0  6  0  1  2  138  106  0  0  0  0  1  0  0  0  0  1  445  164879  0  
