0  0  0  16  364985  87720  6  1  2  4  0  689  0  17922  121032  13500  30  1503  2  0  0  0  11  260047  0  17  1  0  0  0  95507  9114  0  0  0  0  0  0  8186  7353  59  0  0  14  10  0  4521  21  63786  0  1  248544  208424  99  6  2  5  1  0  0  0  58869  389  54312  3  2218  35  428  43  144138  0  0  75  0  0  0  0  0  0  3  1  0  1  1  0  0  0  1  0  0  0  0  0  0  0  0  0  0  0  1  0  0  0  0  0  13  0  0  0  0  0  0  0  0  2  0  0  0  0  0  0  0  0  0  0  0  0  0  0  1  0  0  0  0  1  0  0  0  0  112  0  0  1  0  0  0  0  0  
0  0  0  19  0  2  0  2  3  0  1  0  0  0  0  0  0  5  214707  0  464677  83738  2  0  3  2  0  0  0  0  0  2  0  0  0  0  57238  28642  0  0  4  434185  0  1024  282  0  0  18  7  1  582214  0  0  13  105  0  451008  104  425325  202424  57434  0  0  0  4  7  0  76  7  0  2  1  826  0  0  0  0  0  0  0  0  0  0  0  0  0  0  0  0  0  0  0  0  0  0  163  0  0  0  0  0  0  0  0  0  0  0  0  0  0  0  0  0  0  0  0  0  5  0  0  0  0  0  0  6  0  0  0  0  0  0  0  0  0  0  0  0  0  0  1  0  0  0  0  0  0  0  0  
0  0  0  17  0  153  18  91482  1207  0  0  0  0  0  0  431107  9  52  5  0  0  0  0  0  0  25  117707  234801  138729  77552  0  8  0  0  0  0  0  0  0  0  31  0  0  3  314673  431417  0  29  931  0  0  0  0  231  1  8  5  1  0  0  0  0  1  0  2  47  79731  0  96853  1  68  0  3  0  0  0  2794  0  0  0  0  411  706  0  0  0  0  0  0  2022  0  0  0  0  0  0  0  0  0  0  0  0  0  2256  0  0  0  0  0  0  0  0  0  0  0  0  0  0  1  10954  0  0  0  0  0  0  0  0  0  0  0  0  0  0  0  0  0  0  0  0  0  0  0  0  320  0  0  0  
283  1  12  0  957  1682  1382  1831  534  12  1  275645  125  394  524  128  2277  6391  1785  0  0  17  20  65  22  619243  1  323394  112864  11  1  232  87232  1031  454  89  0  1  154  3621  258583  2  3  1844  368480  0  977  1166  551607  0  621  6564  646  1690  3298  114  5419  135  85  246  508  9  33  59  341  1717  70086  78116  6093  27  185  0  2896  632  0  0  0  0  0  0  0  0  2  0  0  0  0  0  0  0  0  0  0  0  0  0  0  0  0  0  0  0  0  0  0  2  0  0  0  0  0  0  0  0  4  0  0  0  0  0  0  0  0  0  0  0  0  0  0  0  0  0  0  0  0  0  0  0  0  37  1  0  0  0  0  0  0  0  
332023  0  0  6  0  68406  5  0  4  9  0  243  0  1119  55792  312677  6  325  3  0  0  0  2  6235  0  10  0  0  0  0  31783  1200  0  0  0  0  0  0  325  7090  57  0  0  3  9  0  403  5  15679  0  1  20982  131360  129  4  0  5  0  0  0  0  5  54  4650  5  329  48  329  17  22592  0  0  16  0  1  0  0  0  0  85  0  0  0  0  0  0  0  0  0  22  0  1  0  0  0  0  0  0  0  2  0  0  0  0  1  0  0  0  0  2  0  0  0  0  0  0  0  0  0  0  0  0  0  0  0  0  0  0  0  0  0  0  0  0  0  0  0  0  0  38  0  0  0  5  0  0  0  0  
133061  0  13  540  107634  0  272848  5469  9282  48  0  700  2  5126  33607  713247  185  15109  184  2  1  0  44  81967  5  1125  22  0  88  15  31320  186440  5  0  0  0  0  0  1066  8645  1369  0  3  264  2302  4  5969  910  70590  0  16  43446  17293  63903  705  162  146  39  1  1  10  31  19902  42848  1353  431353  5126  3751  8324  440494  57  0  1339  0  204  0  0  2  26  28134  506  117  121  0  0  1  0  5  7  5170  1  7  1  0  0  0  2  5  0  16  1  0  0  0  3951  2709  0  0  0  8  0  0  8  0  52  0  0  0  12  2  11  4  6  0  0  19  10  1  0  15  1  0  2  0  2  23  10  4  0  75105  8  0  0  2979  4  0  20  0  
23  0  6  3503  207  393522  0  416854  88882  9  0  92  0  2  399  819733  33  1154  614  1  0  0  0  5  15  1518  37  0  145  723  1  161  0  0  0  0  0  0  0  843  617  0  0  1412  14203  12  316  219  14864  0  62  14421  363  73962  3906  316  378  57  5  7  20  0  24  6  32091  325606  5434  17573  36183  17  815  0  269  0  1  0  0  0  1  2161  4654  4396  454  0  0  0  0  0  0  591  0  0  0  0  0  0  0  0  0  1  0  0  0  0  0  8  0  0  0  0  0  0  0  0  0  0  0  0  0  1  0  0  1  0  0  0  1  0  0  1  1  0  0  0  0  0  0  0  0  3086  0  0  0  0  9  0  3  0  
22  0  42284  6431  188  13260  376717  0  368330  9  0  251  0  5  150  485711  22  318  539  0  0  0  7  1  6  1582  10  33  59319  226  0  45  0  0  0  0  0  0  0  2530  411  0  0  683  83346  215830  145  228  3114  0  11  6172  289  221344  2085  363  777  31  0  2  12  0  3  3  5745  229192  14922  2400  197283  5  3114  0  167  0  0  0  223  0  0  46  174  45441  3356  0  0  0  0  0  1  30948  0  0  0  0  0  0  0  0  0  2  0  0  6  8  0  3  0  0  0  0  0  0  0  0  2  0  0  0  0  891  0  0  0  0  0  0  0  0  0  0  0  0  0  0  0  0  0  0  0  4798  1  0  0  0  113  0  0  0  
0  0  108  30  6  2997  11317  158423  0  16665  0  1  0  0  7  440  80  1368  2340  52  0  28  3  0  43  2762  84  195  302  43463  0  243  0  0  0  0  0  0  0  15  4400  0  0  2609  3480  160673  17  1489  2974  0  18  91  5  4666  9336  8451  1266  134  6  1  26  0  6  1  39634  322444  19218  317  895  7  300474  0  347  0  0  0  28  1  1  2  3  3186  57424  232  2  0  0  0  0  542  0  3  0  1  0  5  1  0  0  20  0  0  0  5731  0  0  0  0  0  5  0  0  0  0  317  0  0  1  3  1784  2  4  4  0  0  0  0  0  0  3  0  0  0  0  8  0  0  0  0  77965  4  0  0  0  101855  0  1  0  
122  1  1  252  889  844  286  304  20981  0  35  307  0  50  472  41  269  50943  512  10  4  5579  44486  11  50  3299  56  1  87  115754  2  5666  4  2  5  3  0  2  8  2985  48197  8  106  341552  1309  3  774  16923  36019  10  1094  1431  999  467  11705  767  696  121  144  28  154  0  73  21  14355  561506  1646  4030  255  71  176  0  21826  1047  11  0  0  298  100  79  162  23  3915  581  6  60  0  49  32  6  4  261  105  0  2  228  89  5  1  632  39  0  32  92  10  126  0  0  1  168  1  0  26  0  6932  0  7  16  1083  63  98  79  1265  0  20  388  91  108  0  1401  44  4  3  2  25  2  58  2  37  178116  379  504  35  0  326  0  411  0  
0  3  0  0  0  0  0  0  9  36  0  0  0  0  0  0  0  1  934  1085250  0  73757  0  0  250  2  384  0  0  64525  0  0  0  0  0  0  0  0  0  0  3  86171  0  1083425  2  0  0  3  4  0  0  0  0  1  49  57  4627  430737  0  0  78  0  0  0  509347  35  2  25  1  0  19  0  136  0  0  0  0  0  0  0  0  0  0  2  158516  0  0  0  0  0  0  0  0  1043  0  5186  0  0  0  0  0  0  0  996  0  0  0  0  0  0  0  0  0  0  3  533  0  1901  0  0  0  1  0  0  0  0  0  0  0  0  0  0  0  0  0  0  0  0  176  7  0  0  0  0  1  0  1  0  
1418  0  0  574633  7077  3654  6  1  1  6  0  0  3843  93411  4515  141  623  23522  5  0  0  0  0  167  0  27  0  0  97639  0  0  94  3774  687  389  0  0  0  424  333670  21  0  1  4  43056  0  8224  199  273732  0  0  391424  9534  403  12  1  3  0  0  1  1  8  4  385  1  75  46  357841  69  14  0  0  7  0  0  0  0  0  0  0  0  0  1  0  0  0  0  0  0  0  0  0  0  0  0  0  0  0  0  0  0  0  0  0  0  2  0  0  0  0  0  0  0  0  0  0  0  0  0  0  1  0  0  0  0  0  0  0  0  0  0  0  0  0  0  0  0  0  0  5  0  0  0  0  0  0  0  0  
14  0  0  99  0  81  0  0  0  0  0  1772  0  41433  0  0  9  2434  0  0  0  0  0  175685  0  0  0  0  4  0  0  21  7  17  89  0  0  0  160867  125  0  0  44  0  0  0  189796  3  1020  0  0  12  0  0  0  0  0  0  0  0  0  35633  15  20646  0  2  0  0  0  7  0  0  0  0  0  0  0  0  0  0  0  0  0  0  0  0  0  0  0  0  0  0  0  0  0  0  0  0  0  0  0  0  0  0  0  0  0  0  0  0  0  0  0  0  0  0  0  0  0  0  0  0  0  0  0  0  0  0  0  0  0  0  0  0  0  0  0  0  0  0  0  0  0  0  0  0  0  0  
13933  0  0  6  7457  12029  4  0  1  4  0  109244  59007  0  10723  179  2  418  0  0  0  0  0  3234  0  1  0  0  77  0  0  299  0  0  0  0  0  0  216765  284834  16  0  1  0  1  0  10061  0  124598  0  0  345319  9944  41  0  0  4  1  0  0  0  63897  28  16074  1  140  7  143  2  90  0  0  6  0  0  0  0  0  0  0  0  0  0  0  0  0  0  0  0  0  0  0  0  0  0  0  0  0  0  0  0  0  0  0  0  0  0  0  0  0  0  0  0  0  0  0  0  0  0  0  0  0  0  0  0  0  0  0  0  0  0  0  0  0  0  0  0  0  0  7  0  0  0  0  0  0  0  0  
164189  0  0  38  57010  24709  40  5  13  6  0  13028  0  2100  0  355564  7  400  17  0  0  0  0  65  1  567  0  0  105082  0  1  512  0  0  0  0  0  0  22  1658  47  0  0  8  2197  0  124  14  8125  0  1  1437750  774585  998961  97  6  14  2  0  0  2  162067  26  75  7  712  332  278267  67679  35  22  0  37  0  0  0  0  0  0  0  0  0  1  0  0  0  0  0  0  0  0  0  0  0  0  0  0  0  0  0  0  0  0  0  0  1  0  0  0  0  0  0  0  0  2  0  0  0  0  0  0  0  0  0  0  0  0  0  0  0  0  0  0  0  0  0  0  0  0  27  0  0  0  0  0  0  0  0  
30049  0  506793  68  433162  665904  672717  516803  1096  10  0  23  0  41  348223  0  17  1030  40  0  0  0  5  2245  0  259  5  8  58135  2  46143  5401  0  0  0  0  0  0  33  330  151  0  2  24  29298  24332  217  105  5636  0  6  6339  141491  1084325  121  41  25  9  0  1  1  0  30  1597  149  18307  1347  1164  203866  150408  33  0  315  0  0  0  1628  1  0  7511  3853  19075  360  0  0  0  0  0  0  35306  0  2  0  0  0  0  0  0  0  0  0  0  37  41  3  581  0  0  0  0  0  0  0  0  2  0  0  0  0  774  0  0  0  0  0  0  0  0  0  2  0  0  0  0  0  0  0  0  0  637  2  0  0  18  15  0  1  0  
2  0  71  6489  11  67  31  75  129  293  0  500  6  1  5  67  0  462308  5501  2  0  5  38240  4304  8  1615  4  0  225  3  4  41664  5120  85  85347  10  1  23  1  40  52437  0  30679  737  5788  3  29442  486312  281367  114  80  15  5  47  940  147  459  1840  18  9  49  0  261  79  553  330  2922  88  4356  43  11  1  17746  81  1  0  0  3  1  0  0  0  40  2  0  1  0  1  0  0  0  5  3  0  3  0  9  0  0  68  1  0  0  1  8  52  0  0  0  19  0  0  0  0  197  0  2  2  5  5  1  24  6  0  1  5  0  1  0  19  0  0  1  2  8  1  2  0  0  197  12  5  0  0  4  0  9  0  
1137  0  3  10446  414  3506  4  5  99  764  0  26428  3759  408  31  18  259673  0  387  0  3  5  29337  55936  3  1579  6  0  36  14  1334  206956  2621  126  15992  8  0  8  652  110  10403  0  17064  1676  262  0  429845  117760  469417  115  122  435  35  160  1678  34  331  52  23  14  46  2  4005  1294  455  1036  199  149  206  3231  2  0  27572  120  0  0  1  1  1  2  1  3  80  4  0  1  0  1  0  0  2  8  4  0  5  1  11  2  2  106  6  0  1  1  9  91  0  0  0  37  1  0  0  0  281  0  3  2  16  10  1  41  14  0  6  4  1  1  0  41  0  0  2  0  12  0  0  0  1  366  24  5  0  0  14  0  15  0  
2  191992  0  165  3  18  12  19  69  11  129  1  0  0  15  5  9  163  0  66066  96  14318  23  0  334808  112  1  0  4  4  0  13  0  0  0  0  12  9860  0  3  533  220541  1  17333  2874  0  3  463  488  0  36111  29  1  188  568  1839  1758035  863153  400959  1448  36465  0  0  0  23408  47  37  18234  21  1  5  0  605829  3  0  0  0  0  0  0  0  0  0  0  1  0  0  0  0  0  0  0  0  0  0  0  0  0  0  0  0  0  0  0  0  0  0  0  0  0  0  0  0  0  0  0  0  0  0  0  0  0  0  0  0  0  0  0  0  0  0  0  0  0  0  0  0  0  0  0  0  0  0  0  0  0  0  0  
1  62  0  2  0  0  1  1  1427  2  1165943  0  0  0  1  0  1  32  46339  0  0  340  0  0  6539  34  130529  0  10  11651  0  1  0  0  0  0  0  0  0  0  58  146864  0  293355  77  0  0  24  44  0  6  0  0  2  94  89563  7068  657269  10  0  15  0  1  0  404721  11  18  69  8  0  5373  0  447  0  0  0  0  0  0  0  0  0  0  0  24497  0  0  0  0  0  0  0  0  197  0  1  0  0  0  0  7  0  0  723  0  0  0  0  0  0  0  0  0  0  0  34  0  46  0  0  0  0  0  0  0  0  0  0  0  1  0  0  0  0  0  0  0  0  4  0  0  0  0  0  0  0  0  0  
0  343992  0  2  0  0  0  0  1  2  0  0  0  0  0  0  0  1  77  0  0  49764  133291  0  5  12  0  0  0  0  0  10  0  0  0  0  184166  2414  0  0  59  4  128  177  19  0  0  6  3  433444  136610  0  1  1  53  0  31  0  20591  447843  713620  0  0  0  6  1  1  22  1  0  0  30  549  0  0  1  0  1  0  0  0  0  1  5  0  0  0  0  0  0  0  0  0  0  23  14  0  0  0  0  0  0  0  0  0  0  0  0  0  0  0  0  0  0  4  3  0  1  0  0  0  0  1  0  142  0  0  0  0  0  0  0  0  0  50  0  0  0  0  3  0  0  0  0  0  0  0  0  
5  173953  0  79  40  51  6  25  65  61426  49681  13  0  0  20  6  3  168  3841  237  46669  0  154558  0  29  399  0  0  0  3848  0  21  0  0  1  1  0  177  0  147  5158  484799  1  1366676  534  0  48  68  308  9  138889  69  42  37  2404  8  127815  53257  1165  43  1600001  0  1  1  6255  427  3  526  20  1  3  0  1102  1  0  8  0  2  0  0  0  0  23  175  32786  0  0  0  0  0  0  5  0  2  136  33146  32  0  0  22  0  0  1  35  5  7  0  0  0  5  0  0  0  0  113  118  0  10205  0  1  1  15  2  0  286  0  0  1  0  8  0  0  0  0  66  0  0  0  2  153  1  0  1  0  4  0  7  0  
9  7  0  180  67  162  157  356  871  46202  0  13  0  4  37  20  41318  48865  387  1  122863  164366  0  1299  1685  8521  0  0  12  150  4  95408  2  3  149711  1  2855  27425  2  178  44274  3  500030  175508  509  0  311  39385  1860  334678  432  118  64  261  15663  143  454  72  12462  25571  425568  0  174  16  4998  438  30  2184  78  50  33  704  112479  11  0  0  0  0  0  0  1  0  18  6  0  0  0  0  0  0  0  4  0  0  34  15  4  2  0  22  1  0  0  0  6  27  0  0  0  5  0  0  0  0  50  2  0  0  1  0  1  5  1  0  250  2  1  0  0  7  0  0  0  1  116  0  3  0  0  54  6  0  0  0  3  0  8  0  
256555  0  0  37  7169  39502  0  1  4  4  0  437  191279  21204  316  1444  879  41068  0  0  1  0  159  0  0  15  0  0  1  0  235568  62051  153  711  6636  0  0  0  57138  1543  53  0  9312  29  3  0  326784  5577  9921  0  1  10373  2196  16  8  0  1  1  0  0  1  264419  478908  1021148  9  709  2  76  10  195627  0  0  166  0  0  0  0  0  0  2  0  0  1  0  0  0  0  1  0  0  0  0  0  0  0  0  0  62  0  0  0  0  0  0  222  4  0  0  0  0  0  0  0  0  5  0  0  0  0  0  0  0  0  0  0  1  0  0  0  1  0  0  0  0  0  0  26  0  0  38  1  1  0  0  0  0  0  0  
1  5  0  65  2  14  30  11  1572  21  13  0  0  1  20  5  6  402  225363  11866  6  4  407  0  0  200120  10623  0  185  21  0  59  1  0  1  2  0  42  0  1  795  1  5  1744  2491  0  5  321  583  16  533  14  2  392  383715  754224  50209  44350  2738  41  704  0  0  1  9321  540  153  18732  74  0  162  0  1124119  1  0  0  0  0  0  0  0  0  0  0  0  0  0  0  0  0  0  0  0  1  0  0  0  0  0  0  0  0  0  0  0  0  0  0  0  0  0  0  0  0  2  0  0  0  0  0  0  0  0  0  0  0  0  0  0  1  0  0  0  0  0  0  0  0  0  1  2  0  0  0  0  0  0  0  
10  0  12  453007  58  628  454  619  3245  596  0  11  0  12  112  45  383  2931  772  24  0  57  491  1  163187  0  308  58964  193  1482  2  405  3081  143629  1  284275  0  21310  0  94  647528  3  9  10469  67237  9  122  2710  18620  0  338  1011  58  1337  385571  209556  933  267  38  49  512  0  19  5  6844  15520  805123  15943  6290  6  1101  0  87955  3003  0  0  0  0  1  1  4  1  28  1  0  1  0  0  0  0  0  7  1  0  0  0  1  0  0  24  2  0  0  0  1  6  0  0  0  8  0  0  0  0  65  0  1  0  2  2  1  4  5  0  0  1  0  1  0  11  0  0  0  0  1  0  0  0  0  150  8  1  0  0  2  0  5  0  
0  0  120512  0  0  1  2  11  906  0  275  0  0  0  0  0  0  8  28  200660  0  0  0  0  5562  537  0  53  141  1316270  0  0  0  0  0  0  0  0  0  0  30  0  0  65  852  8894  0  4  16  0  1  0  0  10  1689  1397544  4  90  1  0  0  0  0  0  334817  56  403530  2  95  0  175946  0  2  0  0  0  0  0  0  0  0  0  1  0  82  0  0  0  0  0  0  0  0  71  0  0  0  0  0  0  39  0  0  2881  0  0  0  0  0  0  0  0  0  0  0  0  0  0  0  8  0  0  0  0  0  0  0  0  0  3  0  0  0  0  0  0  0  0  3  0  0  0  0  0  39  0  0  0  
0  0  183345  280879  0  1  0  7  759  0  0  1  0  0  1  13  0  10  5  0  0  0  0  0  0  89130  99  0  128715  1  0  0  0  0  0  0  0  0  0  1  29  0  0  11  858409  156251  0  7  53  0  1  3  0  2  3  645  0  0  0  0  0  0  0  0  18  13  697714  8  86  0  74  0  1  0  0  0  0  0  0  0  0  0  0  0  0  0  0  0  0  0  0  0  0  0  0  0  0  0  0  0  0  0  0  0  0  0  0  0  0  0  0  0  0  0  0  0  0  0  0  0  0  0  0  0  0  0  0  0  0  0  0  0  0  0  0  0  0  0  0  0  0  0  0  0  0  0  0  0  
6  0  168951  120542  32  309  51  128161  4206  20  0  65545  4  107  102889  48845  646  3124  424  0  0  0  3  4  0  1320  6  58096  0  6  1  339  0  0  0  0  0  0  0  94  1173  0  0  121  1119535  24207  400  7786  5984  0  3  14389  35  5891  213  101  94  65  0  1  2  0  14  5  409  8243  27893  615818  724809  21  1077  0  281  1  0  0  0  0  0  0  0  0  7  0  0  0  0  0  0  1  0  0  0  0  0  0  1  0  0  15  2  0  0  0  0  3  0  0  0  4  0  0  0  0  20  0  1  0  0  0  0  1  0  0  0  0  0  0  0  6  0  0  0  0  0  0  0  0  0  34  4  1  0  0  1  0  4  0  
0  0  90225  8  1  25  46  11  46173  100277  40196  1  0  0  0  1  17  3831  310  9342  0  3650  3  1  19  961  1022927  12  96  0  0  558  0  0  0  0  0  0  0  3  1233  0  9  37181  1110  391561  15  760  2352  0  14  16  1  16  879  62950  606  82  8  1  19  0  5  0  632167  54810  45836  64  64  9  525338  0  1339  1  0  0  5  0  1  0  1  2  11659  884  39290  0  0  0  0  1  0  3  1  658  1  5263  1  0  1  29  483  0  0  120122  1  3  0  0  0  7  0  0  0  0  352  0  0  21  1  57  0  3  1  0  3  1  0  0  0  17  0  0  0  1  6  0  0  0  789  4815  3  2  0  0  35395  0  2  0  
101172  0  0  0  67071  55147  0  0  0  0  0  0  0  0  0  55863  0  283  0  0  0  0  2  199150  0  1  0  0  0  0  0  40157  0  0  0  0  0  0  1  0  5  0  0  4  0  0  381  2  12  0  0  2  0  0  0  0  0  0  0  0  0  0  368662  820  0  11  0  0  0  382509  0  0  9  0  9  0  0  0  0  238  0  0  0  0  0  0  0  0  0  231  0  0  0  0  0  0  0  1500  0  0  0  0  0  0  27929  193  0  0  0  0  0  0  0  0  1  0  0  0  0  0  0  0  0  0  0  0  0  0  0  0  0  0  0  0  0  0  692  5  0  9  0  0  0  403  0  0  0  0  
773  2  0  9  135  174052  2  8  77  537  0  4  41  77  12  2309  58381  500907  115  0  16  12  98663  41843  4  960  7  0  27  23  54049  0  8  0  35317  0  0  17  526  27  4178  0  18696  2428  386  0  35123  41249  56616  30  26  130  20  34  514  43  69  19  16  3  35  14  293091  9958  403  109120  91  49  91  217093  9  3  29113  23  2  0  0  7  2  2619  5  4  161  8  0  2  0  7  0  1169  1  30  2  0  3  1  15  5  0  155  9  0  1  0  451  79841  0  0  0  50  0  0  2  0  437  0  0  1  23  10  2  9  20  0  17  20  1  2  0  78  0  0  0  0  16  0  12  0  0  1904  68  13  4  922  22  0  25  0  
0  0  0  113165  0  9  1  0  6  7  0  339  1  0  0  0  2674  3393  3  0  0  0  2  53  1  760  0  0  1  1  0  67  0  206739  48289  16531  0  0  0  0  68840  0  2  28  10  0  340  357375  4141  0  0  4  0  1  67  10  4  2  0  0  0  0  0  0  19  25  9  4  2  3  1  0  29161  382144  0  0  0  0  0  0  0  0  1  0  0  0  0  0  0  0  0  0  0  0  0  0  0  0  0  2  0  0  0  0  0  0  0  0  0  0  0  0  0  0  5  0  0  0  0  0  0  0  0  0  0  0  0  0  0  0  0  0  0  0  0  0  0  0  0  1  0  0  0  0  1  0  0  0  
0  0  0  3259  0  0  0  0  0  0  0  571  46  3  0  0  47  271  0  0  0  0  1  1177  0  109007  0  0  16  0  0  0  300819  0  631478  373582  50  445364  0  1  15172  0  151102  0  0  0  637  89719  57  9  0  0  0  0  149  0  0  0  3  0  3  0  0  23  0  0  0  0  0  0  0  2326  739272  117470  0  0  0  0  0  0  0  0  0  0  0  0  0  0  0  0  0  0  0  0  0  0  0  0  0  0  0  0  0  0  0  0  0  0  0  0  0  0  0  0  0  0  0  0  0  0  0  0  0  0  0  0  0  0  0  0  0  0  0  0  0  0  0  0  0  0  0  0  0  0  0  0  0  0  
0  0  0  907  0  1  0  2  7  20  0  299  15  0  0  0  61847  17636  41  0  0  0  134179  3915  1  279  0  0  2  0  0  33755  54708  665342  0  4  722  54531  0  2  592  0  439879  210  9  0  1357  405558  175  3032  6  0  0  0  84  3  7  0  1405  341  1871  0  9  116  51  22  1  4  1  0  0  100662  167271  44  0  0  0  1  1  0  1  0  9  0  0  0  0  0  0  0  0  0  0  0  0  0  0  0  0  9  0  0  1  0  0  3  0  0  0  1  0  0  0  0  12  0  0  1  1  1  0  2  1  0  0  0  0  0  0  4  0  0  0  0  0  0  0  0  0  17  1  0  0  0  1  0  1  0  
0  0  0  60  0  0  0  0  1  0  0  0  0  0  0  0  2  1  0  0  0  0  1  0  6  308462  0  0  0  0  0  0  22870  436996  1  0  0  6586  0  0  169487  0  0  0  0  0  0  28377  114  0  0  0  0  0  4191  0  0  0  0  0  0  0  0  0  0  0  1  0  0  0  0  0  60657  224911  0  0  0  0  0  0  0  0  0  0  0  0  0  0  0  0  0  0  0  0  0  0  0  0  0  0  0  0  0  0  0  0  0  0  0  0  0  0  0  0  0  0  0  0  0  0  0  0  0  0  0  0  0  0  0  0  0  0  0  0  0  0  0  0  0  0  0  0  0  0  0  0  0  0  
0  54442  0  0  0  0  0  0  0  1  0  0  0  0  0  0  13  0  13  0  116870  0  5408  0  3  0  0  0  0  0  0  2  0  66  1643  0  0  627567  0  0  3  0  234749  90  0  0  0  538  0  705339  0  0  0  0  10  0  0  0  161116  743276  5962  0  0  0  1  0  0  0  0  0  0  1124844  24771  0  0  0  0  0  0  0  0  0  0  0  0  0  0  0  0  0  0  0  0  0  0  0  0  0  0  0  0  0  0  0  0  0  0  0  0  0  0  0  0  0  0  0  0  0  0  0  0  0  0  0  0  0  0  0  0  0  0  0  0  0  0  0  0  0  0  0  0  0  0  0  0  0  0  0  
0  31450  0  17  0  0  1  3  3  4  0  0  1  0  0  0  2  10  22943  0  270  305  3052  0  22  1170  0  0  0  0  0  3  1  447808  76943  174  574117  0  0  0  67  9  267466  11759  98  0  0  7487  9  42840  166  0  0  3  271  0  72  0  510970  104555  57497  0  0  1  10  1  0  87  5  0  0  1197134  1886417  7  0  0  0  0  0  0  0  0  0  0  0  0  0  0  0  0  0  0  0  0  0  0  0  0  0  0  0  0  0  0  0  0  0  0  0  0  0  0  0  0  1  0  0  0  0  0  0  0  0  0  0  0  0  0  0  0  0  0  0  0  0  0  0  0  0  0  0  0  0  0  0  0  0  0  
21294  0  0  1  1129  9027  0  0  0  1  0  181  153675  244935  152  252  7  597  1  0  0  0  3  25939  0  4  0  0  0  0  8  3149  0  0  0  0  0  0  0  12013  15  0  1  9  0  0  113068  6  106621  0  0  34458  528  9  0  0  0  0  0  0  0  16096  466  156635  1  388  2  70  3  545  0  0  57  0  0  0  0  0  0  0  0  0  0  0  0  0  0  0  0  0  0  0  0  0  0  0  0  0  0  0  0  0  0  0  0  1  0  0  0  0  0  0  0  0  2  0  0  0  0  0  0  0  0  0  0  0  0  0  0  0  0  0  0  0  0  0  0  0  0  16  0  0  0  0  0  0  1  0  
1321  0  0  1066  5192  2671  5  2  1  13  0  311955  1749  326115  2399  93  4  269  5  0  0  0  0  180  0  18  0  0  10  0  0  158  0  0  0  0  0  0  6359  0  146  0  0  10  90  0  1937  5  272985  0  0  34467  7484  233  5  0  4  2  0  0  0  198  8  1073  2  128  32  44520  95  15  0  0  6  0  0  0  0  0  0  0  0  0  0  0  0  0  0  0  0  0  0  0  0  0  0  0  0  0  0  0  0  0  0  0  0  1  0  0  0  0  0  0  0  0  0  0  0  0  0  0  0  0  0  0  0  0  0  0  0  0  0  0  0  0  0  0  0  0  0  11  0  0  0  0  0  0  2  0  
461  1  1  173341  3041  2911  977  1266  3769  26541  0  378  0  211  1602  374  59341  86756  20136  43  2  133  4622  27  60  557672  216  7  167  189  11  6857  58905  15615  12  165423  0  1  52  4588  0  0  65  74542  10389  10  763  340861  268063  4  241  2743  2559  2202  190206  4101  2380  2966  34  21  657  1  176  76  7589  10406  61136  8513  1008  197  426  0  126661  120305  0  0  1  15  2  5  4  6  190  20  0  3  0  7  1  0  1  36  12  0  19  1  51  1  4  454  22  0  4  1  93  126  0  0  1  119  0  1  2  0  1145  1  10  4  48  41  5  201  47  0  7  16  1  3  0  155  7  2  1  3  31  0  8  0  5  797  124  20  4  0  40  0  53  0  
0  639029  0  27  0  1  2  1  0  0  104874  0  0  0  2  0  0  6  182414  174191  2  579223  2  0  0  1  0  0  0  0  0  0  0  0  0  0  0  1  0  0  2  0  0  230399  675  0  1  11  12  0  65106  0  1  12  14  0  991448  43234  1629  3  13109  0  0  0  17  6  1  120  1  0  0  0  14  0  0  0  0  0  0  0  0  0  0  0  423  0  0  0  0  0  0  0  0  0  0  64  0  0  0  0  0  0  0  0  0  0  0  0  0  0  0  0  0  0  0  72  0  5  0  0  0  0  0  0  0  0  0  0  0  0  0  0  0  0  0  0  0  0  0  0  0  0  0  0  0  0  0  0  
1  1  0  0  1  13  1  2  44  55  0  0  0  0  1  0  3324  6321  96  0  64  13  490850  4180  12  601  0  0  0  8  0  2095  6  219148  540825  0  183808  288273  0  0  1446  1  0  640  11  0  36  102040  113  181296  19  0  0  4  242  7  29  3  12576  488  8176  0  17  729  113  70  0  14  0  11  0  181926  124844  7  0  0  0  0  0  0  0  0  5  0  0  0  0  0  0  0  1  1  0  0  0  0  0  1  0  16  2  0  0  0  1  4  0  0  0  4  0  0  0  0  31  0  1  0  0  1  1  3  1  0  8  0  0  0  0  4  0  0  0  0  3  0  1  0  0  28  7  2  0  0  1  0  3  0  
75  8304  1  9175  432  1845  1883  4851  8123  267470  1104144  113  0  39  277  404  130  24604  26058  140586  12  1171296  158959  12  1054  23767  36  0  195  26367  3  3046  3  0  2  1  1  1063  3  1434  115032  249307  75  0  31349  1  2701  4323  31249  275  37470  1367  445  3690  41620  1187  144975  466334  7396  788  228815  0  73  20  446221  17943  1067  16118  3922  74  413  7  48211  118  0  0  0  0  0  3  6  2  44  17  7530  0  0  0  0  0  1  5  1  1  2  297  4  0  1  57  1  0  1  16  4  25  0  0  0  17  1  1  0  0  162  67  0  224  8  9  0  13  3  0  8  5  1  2  0  27  0  0  1  1  10  0  1  0  2  285  22  3  2  0  7  0  10  0  
124  1  275227  412569  647  8994  2767  79396  43951  253  0  6901  0  80  1048  46095  4722  14542  3100  2  2  4  23  14  47  81445  63  921034  910412  93  6  1626  5  0  2  0  0  3  5  782  6950  1  2  1784  0  477805  2062  31399  99329  1  490  4558  755  8398  2056  1745  7583  309  118  179  377  1  192  26  2759  33600  611021  219991  301924  151  12726  0  2899  1  0  0  0  0  3  1  3  1  18  2  0  0  0  0  1  0  0  5  0  0  0  0  3  0  0  32  3  0  1  0  0  8  0  0  0  6  0  0  0  0  89  0  0  1  9  4  0  2  5  0  1  0  0  0  0  14  0  0  0  0  1  0  1  0  1  168  19  0  0  0  12  0  9  0  
1  0  325908  63  8  50  27  237502  177360  0  0  1  0  2  7  18494  12  61  35  0  0  0  0  0  0  49  14794  102025  2525  336806  0  6  0  0  0  0  0  0  0  13  107  0  0  25  295673  0  3  103  717  0  0  36  9  508  26  385  28  5  0  0  0  0  0  0  87  651  197878  7  611  0  145679  0  9  0  0  0  341  0  0  0  0  76  4901  0  0  0  0  0  0  551  0  0  0  0  0  0  0  0  0  0  0  0  0  1091  0  1  0  0  0  0  0  0  0  0  0  0  0  0  0  6379  0  0  0  0  0  0  0  0  0  0  0  0  0  0  0  0  0  0  0  0  0  0  0  0  11395  0  0  0  
16288  0  0  76  1752  22157  13  3  22  19  0  2094  157387  5206  532  186  315  254362  12  0  6  5  315  254953  1  253  0  0  7  4  2144  66084  99  65  613  0  0  1  110603  638  623  0  234  492  67  0  0  3717  95581  0  3  6821  1605  1033  71  6  5  4  1  1  1  1059  18925  217520  75  768  328  523  380  3817  4  0  1151  0  1  0  0  1  0  0  1  0  3  0  0  0  0  0  0  0  0  1  0  0  0  2  0  0  0  9  0  0  0  0  0  7  0  0  0  4  0  0  0  0  10  0  0  0  0  0  0  1  0  0  5  0  0  0  0  2  0  0  0  0  0  0  0  0  0  57  1  1  0  0  0  0  2  0  
10  1  2  1119  24  354  56  13  688  7484  0  329  10  4  11  40  402674  248705  1226  35  11  25  31603  7061  183  2692  41  2  141  87  27  22098  298105  39846  453002  11794  276  29785  5  92  246562  3  179499  4418  4680  9  36410  0  91578  2147  285  213  40  77  9966  1001  722  193  2903  167  1077  0  323  77  2677  4604  9239  341  327  147  63  17002  867733  98681  1  0  1  10  8  3  12  12  351  32  0  6  0  11  0  1  1  53  8  0  20  0  41  3  0  427  29  0  4  1  53  298  0  0  0  109  0  0  3  0  1735  0  11  6  52  35  5  220  58  0  9  25  6  6  0  137  3  0  2  1  42  0  9  0  3  1778  84  23  8  0  51  0  55  0  
66689  1  2362  558433  49614  58749  2322  2353  2897  18240  0  221611  5959  131472  20894  5048  159472  368798  71047  16  2  24  256  5353  120  9788  43  1  2187  79  215  67083  2455  15  37  9  0  0  99066  305562  280723  0  71  13307  149388  5  98874  36204  0  1  411  118059  49308  45064  7328  1800  30499  8243  48  66  147  1792  4884  20360  4162  21102  16985  231296  37234  5813  215  0  6840  116  0  0  0  4  1  33  6  4  65  3  0  0  0  1  0  1  3  10  1  0  3  0  10  1  0  97  9  0  2  0  20  119  0  0  0  19  0  0  0  0  256  0  3  2  10  7  1  25  9  0  1  5  1  1  0  43  0  0  1  0  9  0  3  0  0  1337  39  2  0  0  10  0  28  0  
0  5  0  2  0  0  1  1  2  4  0  0  0  0  0  0  89  49  1  0  431654  5  316968  0  21  18  0  0  0  0  0  34  0  0  3162  0  623211  163560  0  1  63  0  303520  778  13  0  0  5850  4  0  8  0  0  2  77  1  2  1  96200  370085  104071  0  0  0  17  3  1  12  0  0  0  92923  175585  0  0  0  0  0  0  0  0  0  0  0  0  0  0  0  0  0  0  0  0  0  0  0  1  0  0  0  0  0  0  0  0  0  0  0  0  0  0  0  0  0  0  0  0  0  0  0  0  0  0  0  0  0  0  0  0  1  0  0  0  0  0  0  0  0  0  0  0  0  0  0  0  0  0  0  
0  356230  0  178  1  10  4  27  16  3  0  0  0  0  2  3  0  33  3740  0  72295  169124  6  0  29  41  0  0  1  1  0  1  0  0  0  0  0  47  0  0  49  26374  1  33987  963  0  5  18  103  1  0  4  0  45  324  4  20138  39  74074  3277  302465  0  0  0  49  51  9  393  64  0  4  0  573  0  0  0  0  0  0  0  0  0  0  0  0  0  0  0  0  0  0  0  0  0  2  110  0  0  0  0  0  0  0  0  0  0  0  0  0  0  0  0  0  0  0  0  0  0  0  0  0  0  0  0  2  0  0  0  0  0  0  0  0  0  0  0  0  0  0  1  0  0  0  0  0  0  0  0  
151456  0  3  414  56654  72000  1110  1032  107  85  0  342389  17  405040  985831  4517  64  4511  769  2  0  3  5  2192  24  1799  9  0  35001  1  9  2352  1  0  0  0  0  0  64857  106722  623  0  0  129  3779  0  6740  204  67657  0  109  0  301909  264094  1230  118  1597  105  8  20  33  67839  158  3744  186  5625  3325  331866  7422  381  17  0  292  0  0  0  0  0  0  5  0  0  1  0  0  0  0  0  0  0  0  2  0  0  0  0  1  0  0  3  0  0  0  0  0  9  0  0  0  1  0  0  0  0  2  0  0  0  3  0  1  0  0  0  0  1  0  0  0  1  0  0  0  0  0  0  0  0  0  223  1  0  0  0  1  0  3  0  
174056  0  0  8  142599  32986  44  0  3  8  0  225  0  540  796912  81118  25  1152  13  0  0  0  2  88  0  64  1  0  0  0  3  1897  0  0  0  0  0  0  108  5099  91  0  0  13  50  0  411  27  14334  0  1  528776  0  86345  23  8  6  2  0  1  0  14  86  209  32  1401  289  203  103  112  1  0  35  0  0  0  0  0  0  5  0  0  1  0  0  0  0  0  0  0  0  0  0  0  0  0  0  0  0  1  0  0  0  0  0  10  0  0  0  0  0  0  0  0  2  0  0  0  0  0  0  0  1  0  0  0  0  0  0  0  0  0  0  0  0  0  0  0  0  103  0  0  0  0  0  0  1  0  
1038  2  20  5970  5944  115847  58581  143750  6145  8  0  115  0  20  907323  1011101  61  2993  832  4  0  4  9  14  96  12463  52  6  5200  47  3  535  0  0  0  0  0  2  15  1159  1305  0  0  349  16964  16  1106  494  58485  0  160  426807  102108  0  3954  366  1112  128  8  28  77  0  85  32  1589  22062  22061  211826  363099  49  314  0  1446  0  0  0  0  0  1  10  0  1  1  0  0  0  0  1  0  0  0  0  0  0  0  0  0  0  0  4  0  0  0  0  0  10  0  0  0  1  0  0  0  0  4  0  0  0  1  0  1  0  0  0  0  0  2  0  0  2  0  0  0  0  1  0  0  0  0  171  2  0  0  0  1  0  4  0  
1  1  1  552  19  385  910  1129  20192  228  0  3  0  0  28  38  69  5123  10702  38  0  264  1115  0  272561  438274  1652  3  210  605  2  416  43  354  0  13402  0  28  0  35  135349  10  9  58415  2603  2  96  2577  6406  24  243  132  19  901  0  46925  9938  2030  218  28  2121  0  25  0  37255  4629  6284  12053  319  10  2182  2  436750  124  0  0  0  0  0  0  0  0  8  2  0  0  0  0  0  0  0  2  0  0  0  0  2  0  0  6  1  0  0  0  2  4  0  0  0  0  0  0  0  0  38  0  0  1  3  1  0  3  2  0  0  1  0  0  0  5  0  0  0  0  1  0  1  0  0  68  3  0  0  0  2  0  2  0  
3  0  1  153  8  323  555  438  53578  40  4  2  0  1  13  11  104  3498  13404  139955  0  1  13  5  724400  324436  1204281  301  6183  25688  4  506  17  0  0  0  0  0  2  25  9908  0  0  16093  42090  122  69  3128  5619  1  196  339  10  982  136209  0  16110  152710  113  8  196  0  13  4  292524  12716  337404  13087  4365  16  343915  0  57688  0  1  0  0  1  0  1  1  0  9  0  0  0  0  1  0  0  0  0  1  0  0  0  1  0  0  12  2  0  0  1  0  5  0  0  0  4  0  0  0  0  13  0  0  0  2  0  0  1  0  0  0  0  0  0  0  1  0  0  0  0  0  0  0  0  1  43  3  0  0  0  2  0  1  0  
2  551248  0  314  6  25  27  11  98  8  2242  0  0  2  29  2  11  267  1895994  2019  7  252319  8  0  72389  50  3  0  13  2  0  22  0  0  0  0  0  23  0  1  1022  839384  2  115959  7402  0  1  286  1332  0  70380  112  2  466  500  6264  0  159254  235124  52  43747  0  2  1  33116  83  130  47612  52  2  7  0  175271  0  0  0  0  0  0  0  0  0  0  0  0  0  0  0  0  0  0  0  0  0  0  0  0  0  0  1  0  0  0  0  0  0  0  0  0  0  0  0  0  0  2  0  0  0  0  0  0  0  0  0  0  0  0  0  0  1  0  0  0  0  0  0  0  0  0  4  0  0  0  0  0  0  0  0  
1  7094  0  413  5  37  22  8  318  13  363674  0  0  0  21  1  6  273  834545  632393  0  36795  8  0  64311  513  21  0  12  29  0  20  1  0  1  0  1  0  0  0  334  72896  1  344717  9001  0  1  341  1062  0  15831  58  9  220  2075  145712  257465  0  3371  2  4335  0  1  1  261126  238  332  5642  27  2  37  0  3555  0  0  0  0  0  0  0  0  0  1  0  2  0  0  0  0  0  0  0  0  0  0  0  0  0  0  0  0  0  0  1  0  0  0  0  0  0  0  0  0  0  2  0  0  0  0  0  0  1  0  0  0  0  0  0  0  1  0  0  0  0  0  0  0  0  0  6  1  0  0  0  0  0  0  0  
0  403755  0  1165  2  51  32  22  18  17  0  0  0  1  26  5  6  97  333853  15  7705  16671  1825  0  406  181  2  0  1  2  0  17  0  0  7  0  144045  595727  1  1  542  516  306  50272  11817  0  3  375  320  1151  202063  12  2  376  1020  15  184932  367  0  317523  146126  0  0  0  255  230  48  4500  132  0  1  325  271752  0  0  0  0  0  0  0  0  0  0  0  0  0  0  0  0  0  0  0  0  0  0  0  0  0  0  0  0  0  0  0  0  0  0  0  0  0  0  0  0  0  0  0  0  0  0  0  0  0  0  0  0  0  0  0  0  0  0  0  0  0  0  0  0  0  0  2  0  0  0  0  0  0  0  0  
0  166295  0  261  0  10  5  13  16  3  0  0  0  1  2  2  6  59  157  0  560838  412  5229  0  38  44  0  0  2  1  0  6  0  0  231  0  679318  166726  1  0  55  17  841  25999  1599  0  1  249  103  360708  75283  3  0  42  1135  2  206  6  315353  0  265187  0  0  0  17  69  13  526  43  0  2  216510  59646  0  0  0  0  0  0  0  0  0  0  0  0  0  0  0  0  0  0  0  0  0  0  0  0  0  0  0  0  0  0  0  0  0  0  0  0  0  0  0  0  0  0  0  0  0  0  0  0  0  0  0  0  0  0  0  0  0  0  0  0  0  0  0  0  0  0  1  0  0  0  0  0  0  0  0  
2  97336  0  1131  1  79  65  122  383  123  6670  0  0  0  26  23  20  394  3018  358  689584  1228666  411805  2  1523  320  1  0  2  10  0  45  0  0  88  0  2380  121338  0  2  815  31746  2060  273784  7155  0  18  427  781  85867  353007  17  0  491  19833  58  30853  9155  125562  248863  0  0  2  0  505  332  61  9919  253  0  11  847  92273  0  0  1  0  0  0  0  0  0  0  7  85  0  0  0  0  0  0  0  1  0  26  92  1  0  0  4  0  0  0  1  1  1  0  0  0  2  0  0  0  0  6  3  1  21  0  0  0  0  0  0  175  0  0  0  0  1  0  0  0  0  62  0  0  0  0  8  0  0  0  0  0  0  1  0  
135017  0  0  0  8  129  0  0  0  0  0  4  54356  56182  148985  1  0  8  0  0  0  0  0  244731  0  0  0  0  0  0  0  49  0  0  0  0  0  0  31576  62  0  0  0  0  0  0  209  0  321  0  0  103786  58  0  0  0  0  0  0  0  0  0  4  84486  0  11  0  5  0  5  0  0  0  0  0  0  0  0  0  0  0  0  0  0  0  0  0  0  0  0  0  0  0  0  0  0  0  0  0  0  0  0  0  0  0  0  0  0  0  0  0  0  0  0  0  0  0  0  0  0  0  0  0  0  0  0  0  0  0  0  0  0  0  0  0  0  0  0  0  2  0  0  0  0  0  0  0  0  
21  0  0  1  4  40748  2  1  7  25  0  0  417  49  1  1  13  15291  0  0  2  8  318  451037  0  179  0  0  2  1  368237  431971  0  0  5  0  0  0  1547  2  623  0  26  463  2  0  60259  220  421  0  0  13  0  1  30  0  3  1  0  0  3  20  0  128607  72  27  2  4  2  124065  0  0  1184  0  0  0  0  1  1  0  0  0  3  1  0  0  0  0  0  0  0  2  0  0  3  0  1  9  0  12  0  0  0  0  58  9  0  0  0  2  0  0  0  0  18  0  0  0  2  2  1  0  0  0  9  0  0  0  0  5  0  0  0  0  4  0  0  0  0  26  4  0  0  0  3  0  2  0  
51986  0  0  4  4952  39219  1  0  1  10  0  368  62449  56726  247  1611  45  4940  6  0  1  0  28  1013132  0  35  0  0  0  1  622  36879  0  13  63  0  0  0  264804  1370  103  0  347  55  9  0  270671  53  18686  0  1  4046  1053  24  10  0  2  1  0  0  1  128063  56227  0  9  2213  10  77  20  16755  0  0  364  0  0  0  0  0  0  3  0  0  0  0  0  0  0  0  0  0  0  3  0  0  0  0  0  0  0  3  0  0  0  0  0  19  0  0  0  1  0  0  0  0  4  1  0  0  1  0  0  1  5  0  2  0  0  1  0  5  0  0  0  0  0  0  0  0  0  139  0  0  0  0  0  0  0  0  
4  277  1  1687  33  725  3524  1299  71417  8099  509199  12  0  2  41  21  208  9192  164307  826732  2  7351  121  6  7864  6520  438491  3  1365  1020928  4  1717  8  0  1  0  0  10  4  113  10273  3617  5  464008  31478  15  483  4653  10131  0  8178  627  27  1616  37039  147751  169759  292123  3751  124  5854  0  41  7  0  36340  5393  8723  718  37  189241  0  39659  4  0  0  0  0  0  1  2  1  32  17  11508  0  0  0  0  0  0  4  0  252  0  9  2  0  0  22  4  0  0  563  0  5  0  0  0  6  0  0  0  0  67  1  0  1  8  1  1  0  3  0  1  2  0  0  0  21  0  0  0  0  0  0  0  0  25  185  18  2  0  0  6  0  5  0  
994  0  19  969  468  571793  295178  251392  444289  455468  14  51  1  60  310  10070  575  54181  3871  13  0  31  201  515  26  11232  353  8  2299  75193  13  145356  44  0  6  0  0  2  99  524  23877  2  95  27950  16429  29  1392  12830  46530  1  149  4236  549  5579  11911  5233  1054  425  25  10  43  2  254  2503  71667  0  9276  4258  6048  305  576  0  24834  709  1550  0  2  19  385  28001  2446  4383  5903  348  5  10  0  28  114  301  5  255  8  0  1  95  187  27  0  783  81  7  327  46  56  4850  0  0  0  119  0  0  47  0  2397  0  8  5  4242  329  92  67  129  0  5  157  238  129  0  1213  4  2  7  1  18  137  85  56  10  558216  996  12  144  121  2979  0  777  0  
17  0  76390  74560  74  3099  3861  667  36122  50  0  0  0  8  137  2002  634  6237  1977  22  0  2  6  1  129  1056985  430929  577590  9468  48607  1  754  19  0  0  0  0  0  0  14  58057  0  1  6753  374847  201990  42  7944  13990  0  61  340  100  4253  24521  404601  407  1722  13  10  27  0  27  5  11583  48724  0  9332  26746  26  141586  0  719  0  0  0  0  0  0  1  2  0  17  1  0  0  0  0  0  0  0  0  0  0  0  0  0  0  0  18  1  0  0  0  0  5  0  0  0  5  0  0  0  0  36  0  0  0  1  2  1  2  1  0  0  3  0  0  0  7  0  0  0  0  2  0  1  1  0  66  4  2  1  0  4  0  4  0  
852  3  2  159312  2836  9065  1715  123  1183  30  0  272971  0  943  295267  674  37  5863  2861  5  0  4  10  65  208  11232  24  0  516434  21  4  1127  0  0  0  0  0  2  370  15583  1266  2  0  314  440443  16  9512  131  179586  1  501  444810  2608  163953  7606  611  6901  384  59  84  208  26  108  117  453  5064  18229  0  146613  138  701  0  1902  0  0  0  0  0  2  10  2  2  2  0  0  0  0  0  0  0  0  0  0  0  0  0  0  0  0  0  0  0  0  0  0  6  0  0  0  0  0  0  0  0  2  0  0  0  0  0  0  0  1  0  0  0  1  0  0  1  0  0  0  0  0  0  0  0  0  257  0  0  0  0  1  0  3  0  
129  0  60038  11172  936  14353  15424  183031  16856  26  0  135  0  79  79517  201962  374  3718  1862  2  0  3  9  6  7  7877  28  61  588521  8  2  552  2  0  0  0  0  0  10  1315  1639  0  0  300  274144  765  301  4391  21557  0  20  14551  1162  440107  507  565  2608  193  1  8  14  1  40  11  445  29782  58031  133287  0  40  12036  0  363  0  1  0  0  1  1  3  0  0  6  0  0  0  0  0  1  0  0  0  0  0  0  0  1  0  0  9  0  0  1  0  0  2  0  0  0  4  0  0  0  0  36  0  0  0  2  1  1  0  3  0  0  0  2  1  0  2  0  0  0  0  1  0  0  0  1  83  6  0  0  0  2  0  6  0  
97737  0  0  1  101162  515220  0  0  8  15  0  3  1  37  7  179750  8  3068  0  0  3  1  137  201456  0  84  0  0  0  4  427183  277553  0  0  0  0  0  1  140  12  300  0  3  167  5  0  2730  83  659  0  1  73  7  1  18  0  1  0  1  0  3  3  116122  35604  14  106  3  5  3  0  1  0  792  0  2  0  0  0  0  2823  0  0  7  0  0  0  0  0  0  1338  0  1  0  0  1  0  0  44  0  5  0  0  0  0  5794  799  0  0  0  1  0  0  0  0  14  0  0  0  2  2  0  0  1  0  4  3  0  0  0  0  0  0  0  0  0  0  25  0  0  82  3  3  1  2275  0  0  0  0  
0  0  6  35  3  110  96  189  452022  22  2  0  0  0  4  22  51  1414  3113  1365  0  1  0  0  67  2943  69802  104  1032  521004  0  198  3  0  0  0  0  1  0  4  4236  0  0  888  7139  153436  11  2372  1639  0  30  62  1  576  2018  267429  1900  244  16  2  35  0  6  1  110678  9193  122420  261  1191  7  0  0  403  1  0  0  0  0  0  0  0  7  5635  36  60  0  0  1  0  0  0  1  0  5  0  4  1  0  0  9  0  0  0  29233  0  1  0  0  0  2  0  0  0  0  32  0  0  0  0  46  0  0  2  0  0  0  0  0  0  1  0  0  0  0  1  0  0  0  3  61  2  0  0  0  205059  0  0  0  
0  0  0  1  0  2  1  0  1  1  0  0  0  0  0  0  7  3  0  0  11  1  1183  0  2  1  0  0  0  0  0  1  0  520  63229  0  1402847  1153291  0  0  9  0  107648  127  1  0  0  3811  0  128781  3  0  0  0  7  0  0  0  37893  214692  8893  0  0  0  1  0  0  2  1  1  0  0  168825  0  0  0  0  0  0  0  0  0  0  0  0  0  0  0  0  0  0  0  0  0  0  0  0  0  0  0  0  0  0  0  0  0  0  0  0  0  0  0  0  0  1  0  0  0  0  0  0  0  0  0  0  0  0  0  0  0  0  0  0  0  0  0  0  0  0  0  0  0  0  0  0  0  0  0  
16  130  0  2028  25  525  448  372  2141  1637  8  7  0  3  269  51  1845  46540  462519  1793  225  989  73951  62  1167957  58770  2  0  70  273  5  17127  42176  670220  214302  29853  6261  2128917  3  48  65885  49  226457  131975  25442  0  257  888497  8662  84529  18031  134  23  4460  631378  84327  146896  3820  219798  42103  169398  0  307  100  59499  2289  244  107935  336  186  96  134425  0  23480  0  0  0  12  1  0  2  2  120  8  0  2  0  3  0  0  2  19  3  0  11  2  17  1  0  148  7  0  3  0  30  115  0  0  0  38  1  0  0  0  462  0  3  6  14  13  1  73  19  0  16  6  0  3  0  53  1  0  0  1  20  0  4  0  1  340  34  7  0  0  10  0  24  0  
0  0  0  220  0  13  0  0  11  999  0  1  0  1  2  2  38  2681  14  0  0  0  20  0  0  658  0  0  0  7  0  79  405465  94163  59  206444  0  4  0  5  97438  0  5  538  81  0  8  161344  1835  0  8  25  4  3  947  6  14  0  0  0  1  0  2  1  27  341  1  34  0  1  0  0  47067  0  0  0  0  0  0  0  0  0  8  1  0  0  0  1  0  0  1  4  0  0  0  0  2  0  0  11  0  0  0  0  5  5  0  0  0  4  1  0  0  0  72  0  1  1  4  0  0  9  1  0  1  1  0  0  0  5  0  0  0  1  2  0  0  0  0  86  2  0  0  0  1  0  4  0  
0  0  0  0  1  55  0  0  0  0  0  0  0  0  0  1  0  0  0  0  0  0  0  1  0  0  0  0  0  0  311  1  0  0  0  0  0  0  0  0  0  0  0  0  0  0  0  0  0  0  0  0  0  0  0  0  0  0  0  0  0  0  0  0  0  26  0  0  0  124  0  0  0  0  0  0  0  21  238385  64533  168  17  214  4  0  121  5036  7015  58181  81314  3  117  1  0  0  1  17  513680  0  47  26  0  13  0  120232  11079  0  0  0  10  0  0  89842  0  249  0  0  2  288  18  7272  5  8954  0  1  37696  342702  161  0  917  1  0  1  0  0  344661  5725  20437  16  6543  35  60  24  102700  129  0  39  0  
0  0  0  0  0  0  0  0  0  1  0  0  0  0  0  0  0  0  0  0  0  1  0  0  0  0  0  0  0  0  0  0  0  0  0  0  0  0  0  0  0  0  0  0  0  0  0  1  0  0  0  0  0  0  0  0  0  0  0  0  0  0  0  0  0  0  0  0  0  0  0  0  1  0  0  0  0  7  0  0  0  0  4  3  0  0  0  0  0  0  0  0  765733  0  407151  10  7  0  2  8  1  0  0  0  0  1  0  0  0  3  2316  7509  0  0  14  280209  0  15  1  0  1  0  12  1  404702  0  0  0  0  2  15372  1  226383  209001  8395  0  0  0  0  1  1  1  0  0  2  749  399  0  
0  0  1893  0  0  0  0  1063  26  0  0  0  0  0  0  984  0  0  0  0  0  0  0  0  0  0  0  0  0  4  0  0  0  0  0  0  0  0  0  0  0  0  0  0  0  452  0  0  0  0  0  0  0  0  0  0  0  0  0  0  0  0  0  0  0  0  0  0  0  0  1  0  0  0  0  0  0  0  0  0  514  20916  165  0  0  0  0  0  0  551630  0  0  0  0  0  0  0  0  0  4  121078  152216  319210  71458  0  0  0  0  0  0  0  0  0  0  20  0  0  0  477993  494106  0  0  0  0  0  0  0  19  0  7  0  0  0  0  0  0  0  0  0  5  147867  0  448  0  91  0  0  0  
0  0  0  0  0  0  0  0  0  0  0  0  0  0  0  0  0  1  0  0  0  0  0  0  0  0  0  0  0  0  0  0  0  0  0  0  0  0  0  0  0  0  0  0  0  0  0  0  0  0  0  0  0  0  0  0  0  0  0  0  0  0  0  0  0  11  0  0  0  0  0  0  0  0  20  0  0  0  61  252  730  114  3808  140  0  457252  0  123  124  58  679  1954  120  0  0  0  55  18  8  603211  330  141788  152274  4  0  37  24982  736  220  5974  0  0  104  105  136760  0  1  37  128100  589  551  1083  629997  0  6  691  137  316  874  16215  72  22  8  0  10  7  18  15  352  2866  2769  153351  1525  0  3321  0  287  14  
0  0  0  0  0  19  6  2  1  1  0  0  0  0  0  10  0  0  0  0  0  0  1  0  0  1  0  0  0  0  0  1  0  0  0  0  0  0  0  0  1  0  0  0  0  0  0  0  1  0  0  0  0  0  0  0  0  0  0  0  0  0  0  0  0  237  1  0  0  0  0  0  0  0  168296  0  0  52  0  356704  1582  283  2867  13  0  571  1  3373  114589  598928  4  149  27  1  1  1  69  129  0  473  681  0  38  0  34  7899  0  0  1  159  0  1  4053  0  999  0  1  35  317  314  8718  6  12917  0  0  15512  716626  3258  2  15980  17  19  2  1  2  15991  342  2124  180  8132  2856  133  345  44522  1178  0  168  0  
1  0  0  0  33  15140  353  59  3  0  0  0  0  0  0  3424  0  22  0  0  0  0  3  2  0  1  0  0  0  0  107  1509  0  0  0  0  0  0  2  0  1  0  0  0  0  0  0  2  26  0  0  0  0  2  0  0  0  1  0  0  0  0  0  9  0  23121  0  0  1  1008  0  0  1  0  52443  0  0  49  687732  0  422726  14843  4070  20  0  3706  5  3973  139360  958484  5  921  26  0  3  5  285  209658  1  350  196  2  54  0  7982  278535  0  0  2  92  0  0  1462  0  1229  0  6  17  1045  3505  5179  26  7157  0  8  22655  83024  125330  3  5955  12  6  10  2  13  884  102925  71434  59  759949  702  216  1645  274241  844  0  1073  0  
0  0  0  0  0  657  7079  189  2  0  0  0  0  0  0  4721  0  1  0  0  0  0  0  0  0  0  0  0  0  0  0  1  0  0  0  0  0  0  0  0  2  0  0  1  0  0  1  2  0  0  0  0  0  0  0  0  0  0  0  0  0  0  0  0  0  806  0  0  0  0  0  0  0  0  93  0  3  243  761  528868  0  455842  50060  15  0  427  0  262  16845  602393  9  455  34  0  1  1  168  14  3  1501  196  20  889  2  2  359  0  0  0  118  0  0  15  0  1146  0  4  10  1847  10836  702  12  1654  0  9  14762  3808  459759  3  22437  22  4  8  0  18  39  66  48  257  313357  688  1949  12908  0  34369  0  751  0  
0  0  14  0  0  76  3352  49029  10217  2  0  0  0  0  0  17061  0  11  0  0  0  0  0  0  0  1  0  0  0  45  0  1  0  0  0  0  0  0  0  0  18  0  0  0  0  103  0  4  4  0  1  2  0  1  1  0  1  0  0  0  0  0  0  0  2  4810  0  0  0  0  6  0  19  0  9  0  2483  40  42  5649  392898  0  171282  16  0  1  0  3  99  617434  28  2721  50  0  2  0  1295  62  4  518  112  4  203690  61  0  39  0  0  2  48  0  0  2  0  4374  0  9  15  83844  267172  107  66  827  0  33  55  117  36111  2  6152  31  4  22  1  40  1  318  7  449  314831  381  73  517906  0  6155  0  2681  0  
0  0  69  0  0  0  18  695  90855  225  0  0  0  0  0  107  0  12  0  0  0  6  0  0  0  0  0  0  0  29118  0  4  0  0  0  0  0  0  0  0  1  0  0  25  0  3221  0  9  10  0  0  0  0  0  7  0  0  0  0  0  1  0  0  0  8  2950  1  0  0  0  13186  0  4  0  5  0  276  769  44  96  75250  122381  0  91769  0  47  0  23  205  1034  10  437  758  0  1  6  242  9  60  11794  1410  14  170  31150  2  9  0  0  0  3589  44  30  13  0  18620  0  4  21363  925  174594  94  104  2306  0  17  150  221  972  2  3830  611  77  46  68  577  2  30  3  9375  390058  5551  571  604  0  287185  1  947  0  
0  0  0  0  0  0  0  0  1642  285  2  0  0  0  0  0  0  14  0  0  0  63  1  0  0  2  0  0  0  7765  0  1  0  0  0  0  0  0  0  1  3  0  0  36  0  0  0  15  7  0  0  0  0  0  9  0  0  0  0  0  1  0  0  0  22  337  0  0  0  0  257  0  9  0  8  0  1  1042  31  37  149  29  138754  0  4  46  0  44  27  4  27  251  514  0  17  6777  28203  4  39  22472  361  3  82  61083  7  28  0  0  2  3358  374  49  13  0  22827  3  28  138119  492  666  129  773  2800  1  116  79  78  158  1  1995  128  15  111  769  6204  2  11  7  2080  120372  1728  245  154  0  35391  3  713  0  
0  0  0  0  0  0  0  0  0  10  97973  0  0  0  0  0  0  0  0  18463  0  20796  0  0  0  0  19  0  0  40237  0  0  0  0  0  0  0  0  0  0  0  153  0  5721  0  0  0  1  0  0  0  0  0  0  0  0  0  1  0  0  65  0  0  0  3457  15  0  0  0  0  8  0  0  0  0  0  0  0  0  0  0  0  0  37  0  0  0  0  0  0  0  0  887  658034  0  118468  0  0  0  0  25  0  0  43957  0  0  0  0  0  0  0  0  0  0  6  190725  0  797364  0  0  0  1  0  0  1  0  0  0  0  5  321  193271  0  0  7  0  0  0  355575  1  0  0  0  0  4  0  0  0  
0  0  0  0  0  2  0  0  0  0  0  0  0  0  0  0  0  0  0  0  0  0  0  0  0  0  0  0  0  0  0  1  0  0  0  0  0  0  0  0  0  0  0  0  0  0  0  0  0  0  0  0  0  0  0  0  0  0  0  0  0  0  0  0  0  32  0  0  0  0  0  0  0  0  60  0  0  586187  877  2318  508  4  280  1  0  0  817  204677  1924  13  2453  35419  15  0  0  0  7  1997  3  2944  20  16  5446  0  1  171  13700  1163  5557  29  0  0  9921  187948  107  0  2  0  625  24  2537  901  446441  0  2  133514  708  106  4  1093  5  1  1  0  0  1  8  10  31  3619  57  359508  26  0  116  0  49  8  
0  0  0  0  0  0  0  0  0  0  0  0  0  0  0  0  0  0  0  0  0  0  0  0  0  0  0  0  0  0  0  0  0  0  0  0  0  0  0  0  0  0  0  0  0  0  0  0  0  0  0  0  0  0  0  0  0  0  0  0  0  0  0  0  0  0  0  0  0  0  0  0  0  0  4313  0  0  0  22  224  0  0  6  0  0  714  0  76671  4533  0  0  107  0  0  0  0  0  209350  0  1  0  0  0  0  13  104  0  22  26  1  0  0  203149  11  38  0  0  0  42  0  193889  0  113  0  0  78  23  0  0  20  0  0  0  0  0  170490  5257  83471  0  21  1  1  1  0  4  0  0  0  
0  0  0  0  0  0  1  0  0  0  0  0  0  0  0  1  0  0  0  0  0  0  1  0  0  0  0  0  0  1  0  0  0  0  0  0  0  0  0  0  0  0  0  0  0  0  0  0  0  0  0  0  0  0  0  0  0  0  0  0  0  0  0  0  0  35  0  0  0  0  0  0  0  0  10899  0  0  76  9195  7742  394  14  352  5  0  351340  74687  0  43725  29  1  564  3  0  0  0  7  3930  0  65  58  0  30  0  4  448  0  0  0  24  0  0  374114  119973  117  0  1  4  93  44  42670  1  232059  0  0  470482  5815  224  1  1748  4  1  1  0  2  67038  90  66  18  5940  186  2514  36  4  211  0  44  0  
0  0  0  0  0  0  1  3  0  0  0  0  0  0  0  0  0  0  1  0  0  0  0  0  0  0  0  0  0  0  0  0  0  0  0  0  0  0  0  0  0  0  0  0  0  0  0  0  0  0  0  0  0  0  0  0  0  0  0  0  0  0  0  0  0  124  0  0  0  0  0  0  0  0  68046  0  0  84  93294  117935  5528  159  1176  20  0  1923  22536  93761  0  112989  1  264  20  1  0  0  30  104429  1  351  105  1  217383  0  0  363  0  0  0  139  0  1  18  1  473  0  1  11  8548  67  393  8  1696  0  0  1752317  2293759  748165  32  8562  9  6  3  0  2  187942  33  48  145  5454  1121  259800  278451  1  820  0  198  0  
0  0  452  0  43  5452  362  26461  74  0  0  0  0  0  0  31577  0  1  0  0  0  0  0  1  0  0  0  0  0  1  1720  675  0  0  0  0  0  0  0  0  0  0  0  1  0  345  0  0  1  0  0  0  0  0  0  0  0  0  0  0  0  0  0  0  0  60  0  0  0  2323  0  0  0  0  97281  0  395104  62  784903  1107177  828799  642397  1182  3  0  44  0  57  159138  0  0  49  7  0  0  0  13  17740  0  329  68  330  392836  313  75406  658  0  0  0  27  0  0  14  0  222  0  0  2  101913  73093  43  3  530  0  1  357  100412  1108228  5  3250  9  0  1  0  1  20  2401  2577  116  2377  340  253  288112  395813  1129  0  72  0  
0  0  0  0  0  1  0  0  1  28  0  0  0  0  0  1  0  7  0  0  0  0  1  0  0  0  0  0  0  1  0  0  0  0  0  0  0  0  0  0  5  0  0  4  0  0  0  20  4  0  0  0  0  0  5  0  0  0  0  0  0  0  0  0  4  24  3  0  0  0  0  0  11  0  9  0  1  910  9  9  42  12  835  214  0  4059  0  2  6  3  0  499071  32  0  2  0  193375  11075  4  3083  84  3  212  1  36  124  30709  45  171021  300  4  20  0  0  83079  0  43346  25  9612  126  7066  324729  78332  31  11  8  15  36  0  3581  14  0  12  14  77  0  296  70  85  1326  396  13  219  0  926  13  864  9  
0  0  0  0  0  1  0  0  3  29  0  0  0  0  0  0  1  30  0  0  1  0  1  0  0  3  0  0  0  5  0  5  0  0  0  0  0  0  0  0  10  0  0  7  1  0  0  38  10  0  0  0  0  0  6  0  0  0  0  0  0  0  0  0  4  35  3  1  0  0  0  0  24  0  238  0  0  2658  630  1829  1985  40  2991  209  0  25934  23  909  1601  10  364841  0  53  0  3  8  205152  212046  8  2040  251  3  228  1  297  1130  4853  55  37641  313  3  13  15  547  18819  0  18135  40  8636  484  251473  12255  279852  16  23  1026  825  355  1  15151  27  7  18  9  103  46  8249  2457  316  3117  761  42  601  0  1938  9  1254  3  
0  0  0  0  0  0  0  0  0  0  0  0  0  0  0  0  0  1  0  0  0  0  0  0  0  0  0  0  0  2  0  0  0  0  0  0  0  0  0  0  0  0  0  0  0  0  0  2  0  0  0  0  0  0  0  0  0  0  0  0  0  0  0  0  1  31  1  0  0  0  0  0  0  0  20  764523  0  2316  111  194  911  170  551  18  1455  246  0  128  350  58  17  298  0  101650  3400  35048  45  8  194009  3968  289  53  257  16  4  29  0  0  1  49  109  35922  33  1  1446  388280  7  170022  4559  93  508  137  10002  0  220319  790  1403  1823  3  164357  1845483  1031432  209988  533  125028  19  15  9  12429  846  171  12722  300  0  592  22856  465818  0  
0  0  0  0  0  0  0  0  0  0  393  0  0  0  0  0  0  0  0  67  0  0  0  0  0  0  55  0  0  1070  0  0  0  0  0  0  0  0  0  0  0  0  0  0  0  0  0  0  0  0  0  0  0  0  0  0  0  0  0  0  0  0  0  0  183  0  0  0  0  0  7  0  0  0  0  0  0  0  0  0  0  0  3  0  624838  0  0  0  0  0  0  0  121177  0  0  44  0  0  6640  0  188660  0  0  46870  0  0  0  0  0  0  0  0  0  0  1  254047  0  293253  0  0  0  0  0  0  49  0  0  0  0  219789  29962  553672  0  0  175  0  0  0  229335  0  0  1  0  0  186  0  1  0  
0  1  0  0  6  0  0  0  1  94  0  0  0  1  4  0  0  39  1  0  3  94  15  0  0  27  0  0  0  1  0  17  0  0  0  0  0  0  0  5  201  0  0  31  2  0  1  67  34  0  9  0  1  0  29  0  4  1  1  0  8  0  2  0  6  50  0  3  0  2  0  0  110  0  0  406004  1  85  2  3  3  0  240  49  0  2  0  0  3  0  10  50  4021  0  0  9016  231298  25  37  491  10  0  6  0  442  1344  0  2  35  109  134509  1627  0  0  1127  19881  2286  39  18  31  5  315  208  507874  273883  5  1  6  0  280  110  2  152389  966916  1076891  1  60  1  7  251  38  19  5  0  52  655  33738  7  
0  38  0  0  0  0  0  0  7  462  4291  0  0  0  0  0  0  14  0  1  8  25655  6  0  0  9  0  0  0  1664  0  3  0  0  0  0  0  0  0  1  47  86  0  502  1  0  2  22  9  0  13  0  0  0  11  0  5  0  0  0  34  0  0  0  14  458  1  1  0  0  0  0  36  0  0  45  0  16  1  3  4  0  114  5916  64325  1  0  0  1  0  2  23  40150  224  11906  0  101855  9  0  371  12  0  4  16485  121  547  0  0  0  70  2  0  0  0  603  516409  15  1148181  8  18  4  79  54  0  80275  3  7  11  0  114  59439  308  387  14  899425  1  28  0  1206  194  44  23  5  0  40  1  404  0  
0  0  0  1  0  2  0  0  3  73  0  0  0  0  0  0  1  62  0  0  0  4  6  0  0  17  0  0  0  2  0  12  0  0  0  0  0  0  0  2  76  0  0  32  0  0  0  71  24  0  2  1  2  0  12  1  5  0  0  0  1  0  0  0  4  59  0  1  0  1  0  0  44  0  7  3  1  603  25  36  99  16  4439  21833  0  56  0  12  22  4  109845  226702  277  0  217521  60377  0  46867  149  12683  275  0  39  5  413  2202  4  17  297293  2386  7658  257  8  0  17711  4  648973  110954  318  824  909  20077  1601  322334  618  47  68  161  1  3913  292  1  383  8090  749565  3  3241  79  524  2532  1160  89  91  0  2479  31  39552  57  
0  0  0  0  0  10  0  0  1  7  0  0  0  0  0  0  0  10  0  0  1  1  15  43  0  3  0  0  0  0  1870  11  0  0  0  0  0  0  0  0  9  0  0  3  0  0  1  13  11  0  0  1  0  0  1  0  1  0  0  0  2  0  5  0  1  11  0  1  0  87  0  0  11  0  491732  0  0  13  1133  97572  127  2  249  7  0  2090  381259  6456  121457  14606  8725  260349  9  0  6  15  93354  0  3  157  23  0  10  0  307314  31280  17  2469  3931  30  0  1  189696  4  4564  0  6786  3  771  40  594498  777  1198  0  16  400  138  29  0  1059  5  0  5  2  19  334595  811189  1472667  21  955  93  9  38  93741  146  0  437  0  
0  0  0  0  0  0  0  0  0  0  0  0  0  0  0  0  0  1  0  0  0  0  0  0  0  0  0  0  0  20  0  0  0  0  0  0  0  0  0  0  0  0  0  0  0  0  0  0  1  0  0  0  0  0  0  0  0  0  0  0  0  0  0  0  0  1  0  0  0  0  0  0  0  0  1  0  0  202  37  25  42  4  373  13  0  12  0  4  19  4  1  12  181644  786  919  6  64  0  0  621255  99262  2  10  21  0  2  2  68449  0  200174  531  1652  2  0  9185  0  15  4361  219  8  16  130  629  0  4996  49  103  110  202781  906037  183  13812  3069  1518  9202  1  1  1  186  71  947  328  14  0  144  66  1229574  1  
0  0  0  0  0  2  1  1  4  4  0  0  0  0  0  0  0  4  0  0  0  0  1  0  0  2  0  0  0  3  0  2  0  0  0  0  0  0  0  0  6  0  1  2  0  0  0  4  5  0  0  1  0  0  1  0  0  0  0  0  0  0  0  0  0  162  0  0  1  0  0  0  5  0  187  0  9  388265  290  914  2627  532  10942  1289  0  1450  0  1481  889  212  1699  2226  674  0  16  6  383  102  395034  0  28717  253527  1096  10  9  149  101201  28499  3  773023  109  1461  308  0  610701  0  11  382  195674  2018  5071  656  48619  1  50  2433  1190  5653  239447  257827  360  61  88  301  648  31  102  74  437  29518  661936  9667  2864  0  7183  14  47588  2025  
0  0  0  0  0  0  0  0  0  0  0  0  0  0  0  0  0  1  0  1  0  0  0  0  0  0  25  0  0  1014  0  0  0  0  0  0  0  0  0  0  0  0  0  0  1  0  0  0  2  0  0  0  0  0  0  0  0  0  0  0  0  0  0  0  0  5  0  0  0  0  1  0  0  0  1  0  166407  20  279  119  372  71  960  6  27  6  0  6  50  34  2  43  96  201775  0  0  10  1  41125  85500  0  2954  497  912145  0  5  0  0  0  545  1  0  2  0  4643  0  1  25  741  108100  44  27  118  0  1  64  155  314  11781  1172042  5  911  1  2  6  0  5  2  79874  1976  815459  24  950  0  146510  0  79  0  
0  0  0  0  0  0  0  0  0  0  0  0  0  0  0  0  0  0  0  0  0  0  0  0  0  0  0  0  0  0  0  0  0  0  0  0  0  0  0  0  0  0  0  0  0  0  0  0  0  0  0  0  0  0  0  0  0  0  0  0  0  0  0  0  0  5  0  0  0  0  0  0  0  0  6  0  162149  163082  6  14  63  20  77  3  0  22  0  12  31  4203  0  40  1  0  0  0  7  0  0  322232  2467  0  69500  0  0  2  0  0  0  23  0  0  3  0  106  0  1  1  1330347  9635  146  1  2586  0  1  63  103  91  10  263  1  1  1  0  3  1  2  1  6  307  720287  603  42  0  64  0  38  0  
0  0  0  0  0  0  0  3  0  0  0  0  0  0  0  9  0  1  0  0  0  0  0  0  0  0  0  0  0  0  0  0  0  0  0  0  0  0  0  0  3  0  0  1  0  0  0  3  0  0  0  0  0  0  0  0  1  0  0  0  0  0  0  0  0  30  0  0  0  0  0  0  2  0  9  0  215881  192349  39  110  1306  103485  1817  10  0  14461  0  18  197381  338318  9  240  12  1  0  0  66  7  1  282  162  102131  0  4  0  13  0  0  1  65  0  0  2  0  1196  0  2  6  1497493  11373  338  5  4669  0  5  7197  71  4040  4  5638  13  4  7  0  10  2  41  3  281  708  2174  554186  806293  0  807  0  523  0  
0  0  611  0  0  0  0  38  10743  81  240  0  0  0  0  32  0  1  0  183  0  55  0  0  0  0  1665  0  0  256053  0  0  0  0  0  0  0  0  0  0  1  0  0  33  0  1446  0  0  1  0  0  0  0  0  0  2  0  0  0  0  0  0  0  0  212  82  0  0  0  0  17612  0  1  0  0  0  75542  1  0  0  7  1289  42870  65182  56911  1  0  1  1  653  0  0  7  61669  0  25430  1  0  9  22  823554  0  0  0  0  0  0  0  0  8  0  0  0  0  65  0  0  40255  6  449520  0  1  5  0  0  0  1  1  0  161689  1  239  0  0  3  1  0  0  727117  38  1128  0  1  0  585446  0  0  0  
0  0  0  0  2  2075  0  0  0  18  0  0  0  0  0  27  2  22  0  0  0  0  4  158  0  1  0  0  0  1  29870  653  0  0  0  0  0  0  0  0  17  0  0  7  1  0  2  28  15  0  3  0  0  1  2  0  0  0  0  0  0  0  37  0  1  62  1  0  1  7614  0  0  22  0  73885  0  0  6  241  24727  13  5  171  5  0  8  0  19  10  54908  90  3843  9  0  9  5  6858  288989  1  151  21  0  14  0  0  215643  0  0  5  26  0  0  70  0  1278  0  10  5  1428  35  693  176  220  0  9  97  22  7  0  924  4  2  4  0  13  158  485801  1437  21  353  78  5  47  292860  134  0  341  0  
18  0  1  0  7  838  2  0  2  24  0  0  0  0  1  62  10  199  8  0  1  0  75  23  0  12  0  0  0  1  324  74017  0  0  0  0  0  0  2  1  53  0  0  33  1  0  53  52  238  0  0  12  2  0  4  1  1  1  0  0  2  1  14  56  3  969  3  3  0  337  0  0  88  1  5785  0  1  78  1210  175845  124  31  662  45  0  18  1  60  96  396  50  3454  39  0  33  45  2668  10795  7  614  38  3  31  1  188122  0  1  1  4  112  3  0  311  0  2632  0  61  21  2684  85  2179  770  521  0  64  499  152  44  0  2378  17  0  54  6  89  598  263860  6761  47  99615  233  10  100  49090  321  0  4781  0  
0  0  0  0  0  0  0  0  0  0  0  0  0  0  0  0  0  0  0  0  0  0  0  0  0  0  0  0  0  0  0  0  0  0  0  0  0  0  0  0  0  0  0  0  0  0  0  0  0  0  0  0  0  0  0  0  0  0  0  0  0  0  0  0  0  0  0  0  0  0  0  0  0  0  0  0  0  17624  0  0  0  0  0  0  0  10343  0  0  0  0  31858  1937  0  0  0  0  0  5  4  68131  0  0  0  0  0  0  0  149161  182713  278985  0  0  0  0  259442  0  0  0  0  0  2  291501  4212  0  0  0  0  0  0  0  0  0  0  0  0  0  0  0  0  0  0  0  0  0  0  0  7  254927  
0  0  0  0  0  0  0  0  0  0  0  0  0  0  0  0  0  0  0  0  0  0  0  0  0  0  0  0  0  0  0  0  0  0  0  0  0  0  0  0  0  0  0  0  0  0  0  0  0  0  0  0  0  0  0  0  0  0  0  0  0  0  0  0  0  0  0  0  0  0  0  0  0  0  0  0  0  1712  0  0  0  0  12  0  0  3074  329  4  0  0  20  21  0  0  0  1  86  4116  64014  32144  0  0  1  0  0  0  128682  0  1045152  445576  29  119356  1  0  39535  0  253685  6  1  0  22  75928  13  46  0  0  0  0  0  4  1  1  4  26  229  0  0  306  0  1  1  2  0  0  6  105  1108636  214395  
0  0  0  0  0  1  0  0  0  11  0  0  0  0  0  0  0  19  0  0  0  0  0  0  0  0  0  0  0  3  0  4  0  0  0  0  0  0  0  0  4  0  0  2  0  0  0  11  8  0  0  0  0  1  0  0  0  0  0  0  0  0  0  0  9  16  1  0  0  0  0  0  7  0  0  0  0  273  0  1  2  2  194  54  0  4725  160  0  0  0  122884  42134  22  0  47  2  240191  6424  9  421  18  0  2  0  6  84  191812  761846  0  76  304  61857  0  0  1078  0  386047  21  19  28  1584  541955  411  19298  20  3  3  8  0  331  8  1  31  944  611  0  6  408  0  273  40  6  3  0  50  15144  128784  99864  
0  0  0  0  0  0  0  0  0  0  0  0  0  0  0  0  0  0  0  0  0  0  0  0  0  0  0  0  0  0  0  0  0  0  0  0  0  0  0  0  0  0  0  1  0  0  0  2  0  0  0  0  0  0  0  0  0  0  0  0  0  0  0  0  0  4  0  0  0  0  0  0  0  0  9  1  0  4843  48  407  616  15  782  49  0  82  0  19  515  69  32  55  389  0  232  29  521  4  88412  600807  55  18  54  0  1  13  176288  504555  5  0  1006  220  3  0  512118  0  783  2703  1064  93  82  3408  2150  83  57  493  572  3250  113426  21089  377  42  630  2781  4956  6  8  5  58  1036  7955  906  641  0  335  288  219398  207795  
0  0  0  0  0  0  0  0  0  0  0  0  0  0  0  0  0  0  0  0  0  0  0  0  0  0  0  0  0  0  0  0  0  0  0  0  0  0  0  0  0  0  0  0  0  0  0  1  0  0  0  0  0  0  0  0  0  0  0  0  0  0  0  0  0  0  0  0  0  0  0  0  0  0  0  11315  0  6  0  0  1  0  97  5  0  0  0  0  0  0  0  0  3  0  83013  6  9231  0  16  98  3  0  0  0  0  0  0  14  41  30  0  518723  0  0  419  0  324710  2  2  2  0  125  23  366351  1  0  0  2  0  27  1  0  73577  747665  6777  0  0  0  1  22  15  5  2  0  16  1023100  8871  10  
0  0  0  0  0  0  0  0  0  0  0  0  0  0  0  0  0  0  0  0  0  0  0  0  0  0  0  0  0  0  0  0  0  0  0  0  0  0  0  0  0  0  0  0  0  0  0  0  0  0  0  0  0  0  0  0  0  0  0  0  0  0  0  0  0  0  0  0  0  0  0  0  0  0  0  30562  0  28  0  1  2  0  114  4  0  0  0  0  0  0  4  5  4438  0  1394  5  3016  6  559  936  3  0  2  0  0  0  0  93878  43301  55  499264  0  0  0  545  0  363925  17  10  4  1  58645  66  166809  120  1  1  3  0  83  47  1  366022  50549  6730  0  1  1  1  24  7  8  2  0  24  1111943  1768305  1114  
0  0  0  0  0  1  1  1  0  0  0  0  0  0  0  0  0  0  0  0  0  0  0  0  0  0  0  0  0  0  0  0  0  0  0  0  0  0  0  0  0  0  0  0  0  0  0  0  0  0  0  0  0  0  0  0  0  0  0  0  0  0  0  0  0  10  0  0  0  0  0  0  0  0  120606  0  0  3189  7714  22713  152  7  382  12  0  9271  169051  352941  66  7  6  396  0  0  0  0  7  33057  0  73  25  0  64  0  335  3772  0  0  0  11  0  0  0  1199  680  0  1  2  776  37  99098  0  235384  0  0  28803  6938  97  0  1229  1  0  0  0  0  45555  18101  68664  25  1235  90  7944  52  49  181  0  14  0  
0  0  0  0  0  0  0  0  0  0  0  0  0  0  0  0  0  0  0  0  0  0  0  0  0  0  0  0  0  0  0  0  0  0  0  0  0  0  0  0  0  0  0  0  0  0  0  0  0  0  0  0  0  0  0  0  0  0  0  0  0  0  0  0  0  0  0  0  0  0  0  0  0  0  0  0  0  8160  0  0  0  0  1  0  0  284725  9  149628  0  0  0  304  0  0  0  0  0  2  0  1  0  0  1  0  0  0  0  0  0  0  0  0  4520  0  0  0  0  0  1  0  1880  0  96353  0  0  2733  0  0  0  0  0  0  0  0  0  0  0  0  0  3  0  32934  0  0  0  0  0  0  
0  0  0  1  0  12  2  0  68  677  0  0  0  0  0  1  8  388  9  0  0  3  1  1  0  29  1  0  3  132  0  83  1  0  0  0  0  0  0  1  272  0  3  318  2  0  5  478  189  0  7  5  3  3  113  5  15  1  0  0  0  0  1  0  88  971  8  2  4  2  3  0  396  8  203  2  44  168655  1261  1071  2948  682  88180  13014  1  470  0  323  729  191  79271  43261  12118  0  202  87  54435  1161  8911  612728  4148  130  3083  52  313  1457  213144  44389  354  430826  1149  732  132  0  0  0  17762  5634  93940  6700  3427  332253  127956  427  278  1414  2454  3762  51568  108577  5465  795  948  3530  15470  71  6400  232  1813  185288  19279  9432  5698  0  24299  265  104447  124141  
0  7  0  0  0  0  0  0  0  11  130  0  0  0  0  0  0  3  0  21  0  276  0  0  0  0  0  0  0  0  0  0  0  0  0  0  0  0  0  1  14  21  0  29  0  0  0  8  3  0  4  0  0  0  0  0  0  0  0  0  3  0  0  0  0  6  0  0  0  0  0  0  7  0  0  199807  0  1  0  0  0  0  1  6  197552  0  0  0  0  0  0  0  392459  264521  12893  568511  2  0  0  1  0  0  0  0  1  5  0  0  0  0  0  0  0  0  3  0  0  532707  1  0  0  1  1  0  466800  0  0  0  0  1  79358  4647  26  0  70930  0  0  0  0  3  0  1  0  0  1  0  1  0  
0  0  0  0  0  0  0  0  0  10  0  0  0  0  0  0  0  10  0  0  0  0  0  0  0  0  0  0  0  0  0  1  0  0  0  0  0  0  0  0  2  0  0  2  0  0  0  11  1  0  0  0  0  0  2  0  0  0  0  0  0  0  0  0  2  9  0  0  0  0  0  0  10  0  0  0  0  13  0  1  5  0  116  26  0  4  0  0  1  0  2559  4971  12  0  96  4  564406  5640  17  251  8  0  1  0  6  52  0  176124  333684  97  216801  415353  0  0  1007  0  0  11  13  15  2  40412  45  344576  7  0  0  1  0  136  1  3  20  1628  1561  0  2  17  0  167  22  10  1  0  23  54193  49619  900  
0  0  0  0  0  0  0  0  2  35  2324  0  0  0  0  0  0  14  0  15  0  6478  1  0  0  4  0  0  0  21  0  2  0  0  0  0  0  0  0  0  31  2  0  978  1  0  1  22  9  0  0  1  0  0  8  0  4  0  0  0  13  0  0  0  2  41  0  0  0  0  0  0  22  0  14  61  3  3615  127  173  289  52  52598  167126  853171  122  0  40  250  23  11  408  104218  114432  77  1090010  67518  11  343  17792  277  6  189  57360  5  24  0  0  0  755  15  0  19  1  10901  344516  4  0  1805  709  341  68  8935  0  9597  451  949  1070  0  14290  308188  394036  23663  63  191699  13  61  10  420349  2136  1089  2151  277  0  70595  67  16654  0  
0  0  0  0  0  3  4  0  0  4  0  0  0  0  0  0  0  3  2  0  0  0  0  0  0  0  0  0  0  2  0  2  0  0  0  0  0  0  0  0  10  0  0  0  1  0  0  1  2  0  0  1  0  2  1  0  0  0  0  0  0  0  0  0  0  289  0  0  0  0  1  0  11  0  212  0  322082  117583  1029  1333  10307  54992  15120  356  0  1320  2  825  5060  131047  499  4585  141  0  6  2  1004  136  9  423833  1485  1241314  1396732  9  11  280  0  0  0  2124  1  1  210  0  24259  0  22  89  0  159331  7750  114  89390  0  38  5364  9623  18692  277  31785  104  38  36  2  83  127  737  158  908  21336  724641  159906  414612  0  8034  0  4624  0  
0  0  1595  0  0  0  3  3636  1085  2  0  0  0  0  0  602  0  2  0  0  0  0  1  0  0  1  1  0  0  9  0  2  0  0  0  0  0  0  0  0  1  0  0  0  1  5066  0  2  2  0  0  1  0  0  0  0  0  0  0  0  0  0  0  0  0  43  0  0  0  0  79  0  9  0  6  0  334377  115  164  605  40601  265967  165712  302  0  14  0  16  83  52019  40  3636  150  1  1  3  1581  56  9  19054  85949  6749  5184  512751  2  26  0  0  1  8451  1  0  6  0  38651  0  14  34  267020  0  201  130  1114  0  16  154  277  1452  5  159758  108  10  19  5  66  6  360  10  2091  57756  143392  204  5884  0  222500  0  1947  0  
0  0  0  0  0  2  1  0  0  0  0  0  0  0  0  0  0  0  0  0  1  0  2  0  0  1  0  0  0  0  0  0  0  0  0  0  0  0  0  0  3  0  0  0  0  0  0  0  0  0  0  0  0  0  0  0  0  0  0  0  0  0  0  0  0  36  0  0  0  0  0  0  1  0  26690  0  0  32  25649  14689  2135  68  2846  21  0  6704  125927  20406  1837  35  404  164514  28  0  2  2  527  428706  2  490  263  5  145  1  561  9269  16  6  205  146  0  0  86260  715  9055  0  3  15  13348  390  0  141  78168  0  5  15083  2933  602  0  14306  19  12  2  0  8  3009  55299  275094  260  3457  815  63  504  31  1708  0  208  0  
0  0  0  1  1  13  2  0  25  807  0  0  0  0  0  1  9  687  8  0  0  2  8  0  0  34  1  0  0  96  0  188  0  0  1  0  0  0  0  3  214  1  3  200  6  0  3  934  288  0  5  2  1  0  100  7  9  1  0  0  2  0  1  2  103  828  19  2  2  1  2  0  558  0  1  2  0  2245  9  32  59  12  2241  1942  0  2002  4  6  12  4  322728  94108  384  0  141  24  55032  1010  145  6488  157  1  25  5  335  2415  305937  82229  602887  3190  486  124005  4  1  312256  0  191478  250  292  326  414  0  2457  33738  118  45  31  78  0  2421  75  9  93  2218  2033  1  240  107  36  12208  627  96  60  0  524  29572  364601  365984  
0  0  0  0  0  6  2  0  0  7  0  0  0  0  0  0  0  11  0  0  0  0  1  0  0  0  0  0  0  1  0  0  0  0  0  0  0  0  0  0  3  0  0  4  0  0  0  6  5  0  0  0  0  1  1  0  0  0  0  0  0  0  0  0  0  175  0  0  0  0  0  0  1  0  22039  0  12  674122  72444  54764  27554  815  60515  2799  0  488239  105  249057  13453  349  81397  302713  774  3  4  4  2464  1614  28  98494  3424  2120  13221  16  112  3577  8324  12  287  3254  6  2  159692  56598  114658  0  5  386  122443  5687  85040  1057  0  0  28  96614  15524  4062  140  212108  429  202  22  12  110  1742  2289  680  4202  38247  8151  83760  7405  100  29829  0  1514  0  
0  0  0  0  0  0  0  0  0  0  0  0  0  0  0  0  0  0  0  0  0  0  0  0  0  0  0  0  0  0  0  0  0  0  0  0  0  0  0  0  0  0  0  0  0  0  0  0  0  0  0  0  0  0  0  0  0  0  0  0  0  0  0  0  0  0  0  0  0  0  0  0  0  0  0  1  0  17  0  0  0  0  49  3  0  0  0  2  0  0  5  2  2  0  470555  0  306985  3  35  100  1  0  0  0  0  0  0  77  9013  106  444158  142033  0  0  742  0  713833  3  4  3  0  6479  15  0  1  0  0  1  0  22  4  0  258  391471  124387  0  0  0  1  18  5  5  1  0  5  75212  217410  323  
0  6  0  0  1  0  0  0  0  26  0  0  0  0  0  0  0  17  1  0  2  260  0  0  0  5  0  0  0  3  0  4  0  0  0  0  0  0  0  0  45  0  0  7  0  0  0  19  10  0  19  1  1  0  5  0  4  0  1  0  7  0  0  0  0  9  0  1  0  0  0  0  30  0  0  333052  0  137  3  2  2  0  28  15  1  6  0  1  0  0  0  7  108191  20  239572  57728  18  3  2  145  0  0  1  0  13  18  0  0  0  4  7  0  0  0  57  448020  0  776  23  2  7  9  306  0  0  1  3  4  0  81  67344  7  76684  13245  486150  0  2  0  5  21  8  26  2  0  9  0  252  0  
0  0  0  0  0  39  7  4  0  0  0  0  0  0  0  0  0  0  0  0  0  0  1  0  0  0  0  0  0  0  0  0  0  0  0  0  0  0  0  1  2  0  0  0  0  0  0  0  2  0  0  1  0  0  0  0  0  0  0  0  0  0  0  0  0  568  0  0  0  0  0  0  0  0  26951  0  1  10165  94134  88262  50993  282  3100  20  0  267054  32  812070  1300356  3139  13  1409  46  0  2  0  169  1042  2  564  445  2  10375  0  16  4246  0  0  0  181  0  0  18991  2590  1155  0  1  40  2013  314  5744  11  53127  0  13  0  482229  610618  16  16287  30  13  15  0  15  214979  272  259  257  44597  2787  706695  669  4  1835  0  839  0  
0  0  0  0  0  21  9  9  0  0  0  0  0  0  0  0  0  0  0  0  0  0  0  0  0  0  0  0  0  0  0  0  0  0  0  0  0  0  0  0  1  0  0  0  0  0  0  1  1  0  0  0  0  0  0  0  0  0  0  0  0  0  0  0  0  548  0  0  0  0  0  0  0  0  214210  1  1  112  625641  108612  5115  1017  5142  18  0  2021  6  19366  2540646  88878  2  295  55  0  0  1  93  170  1  786  589  2  121  3  9  4901  0  0  0  270  0  0  15898  0  1454  0  1  51  1411  356  774  3  3167  0  3  726852  0  240426  14  22694  51  27  4  0  9  387508  157  126  333  21477  2736  1914  528  27  2260  0  282  0  
0  0  0  0  0  4  2  1  1  2  0  0  0  0  0  0  0  2  0  0  0  0  0  0  0  0  0  0  0  0  0  0  0  0  0  0  0  0  0  1  3  0  0  2  0  0  0  1  1  0  0  1  0  0  1  0  0  0  0  0  0  0  0  0  0  512  1  0  0  0  0  0  2  0  187  0  2  293  1708  111067  489486  88596  13591  75  0  281  1  435  835493  1324973  17  1246  159  0  3  1  528  31  8  4075  558  18  17307  5  0  185  0  0  0  1233  2  2  165  0  5773  0  8  151  28427  2778  934  43  3508  0  11  587414  101620  0  195  82190  94  61  16  5  41  327  91  24  1915  19783  5385  100398  345132  0  10367  0  1831  0  
0  0  0  0  0  0  0  0  0  0  0  0  0  0  0  0  0  0  0  0  0  0  0  0  0  0  0  0  0  0  0  0  0  0  0  0  0  0  0  0  0  0  0  0  0  0  0  0  0  0  0  0  0  0  0  0  0  0  0  0  0  0  0  0  0  4  0  0  0  0  0  0  0  0  9  0  0  895  47  310  490  15  60  1  0  28  0  27  443  50  0  24  170  0  0  0  4  4  231204  292341  6706  64  31  0  0  7  0  0  0  242466  0  0  5  0  73307  0  0  79  804  25  65  0  619  0  1  458  639  2745  0  247632  99  37  1  1  2  6  0  4  19  255  23113  526  435  0  51  0  55491  0  
0  0  0  0  0  2  1  0  0  1  0  0  0  0  0  1  0  2  0  0  0  0  0  0  0  0  1  0  0  41  0  3  0  0  0  0  0  0  0  0  5  0  0  1  0  0  0  4  1  0  0  1  0  0  0  0  0  0  0  0  0  0  0  0  1  282  0  0  0  0  0  0  2  0  128  4  1542  6598  8590  7405  16400  1024  31736  234  11  525  1  466  6240  1310  46  1416  166825  150632  503  23  543  42  741095  278249  1093163  301  1420  128362  14  256  0  3  4  30562  219  122  202  0  83653  2  97  21507  13841  82875  2180  981  22274  1  5049  9608  19814  36348  252187  0  18029  344198  2936  534  7200  230  117  51  132049  22265  361228  30130  9083  0  371389  6  165996  0  
0  0  0  0  0  0  0  0  0  0  0  0  0  0  0  0  0  0  0  0  0  0  0  0  0  0  0  0  0  0  0  0  0  0  0  0  0  0  0  0  1  0  0  0  1  0  0  0  1  0  0  0  0  0  0  0  0  0  0  0  0  0  0  0  0  39  0  0  0  0  0  0  1  0  27  3066  0  3431  368  407  953  119  700  14  3099  227  0  148  1149  93  14  337  1864493  47397  418  19196  51  9  208  4844  51  28  294  0  0  63  0  0  0  121  4  3  40  0  1619  80806  0  533662  4473  189  501  9  11336  0  71034  2038  4972  4390  15  10262  0  180178  68138  40  257783  54  15  14  10871  1057  254  15179  289  0  1003  3  126246  0  
0  0  0  0  0  0  0  0  0  0  0  0  0  0  0  0  0  0  0  0  0  0  0  0  0  0  0  0  0  0  0  0  0  0  0  0  0  0  0  0  0  0  0  0  0  0  0  0  0  0  0  0  0  0  0  0  0  0  0  0  0  0  0  0  0  3  1  0  0  0  0  0  0  0  12  0  0  409  246  314  414  20  207  9  192152  45  0  43  691  65  2  66  1329995  507736  35  67  13  4  12193  1323  361  6  72  108  0  29  0  0  0  97  6  0  15  0  560  11542  0  708485  1144  67  128  3  1365  0  758  1200  2894  2862  11  324759  97100  0  495  26  1555  47  3  2  353530  356  130  4212  118  0  2193  0  1479  0  
0  0  0  0  0  0  0  0  0  1  0  0  0  0  0  0  0  0  0  0  0  0  0  0  0  0  0  0  0  0  0  0  0  0  0  0  0  0  0  0  0  0  0  1  0  0  0  1  0  0  0  0  0  0  0  0  0  0  0  0  0  0  0  0  0  10  0  0  0  0  0  0  2  0  7  164658  2  11666  42  62  104  21  1564  68  0  315  0  38  35  11  7  207  311448  0  79363  73  61  5  343  7017  97  39  354  2  1  6  0  2  3  356  60786  400783  23  0  3233  9  6  4267  1953  180  324  42  28086  41  265584  352  92  101  0  3624  67046  10  0  259971  116620  5  21  4  107  860  314  2807  142  0  741  437078  252523  0  
0  0  0  0  0  0  0  0  0  0  0  0  0  0  0  0  0  0  0  0  0  0  0  0  0  0  0  0  0  0  0  0  0  0  0  0  0  0  0  0  1  0  0  1  0  0  0  2  0  0  0  0  0  0  1  0  0  0  0  0  0  0  0  0  0  1  0  0  0  0  0  0  2  0  2  226428  0  204  3  2  18  2  1172  98  0  2  0  1  2  0  6  18  2477  0  863805  110  9845  1  175  1309  38  0  5  0  0  2  0  15  37  433  586423  79700  0  0  3631  1  1877  165  55  68  14  316  473  450949  39918  7  12  15  0  470  109  3  267121  0  170443  0  0  0  24  345  82  59  10  0  274  439088  169038  29  
0  18  0  0  0  0  0  0  0  24  0  0  0  0  0  1  0  11  1  0  2  191  3  0  0  4  0  0  0  0  0  1  0  0  0  0  0  0  0  1  29  0  0  12  0  0  0  12  7  0  3  0  1  0  4  0  2  0  0  0  2  0  1  0  0  17  1  0  0  0  0  0  20  0  2  10497  2  993  24  24  139  19  9825  1122  2  19  0  11  25  6  58  98  147313  143  964554  841647  596521  3  2290  11223  269  2  45  2  36  105  0  152  688  3484  13728  12191  5  0  38822  47057  1199  162892  283  560  60  557  2261  79024  546584  53  77  184  1  3938  199549  343  151238  137141  0  0  10  5  73  4202  823  308  93  0  1076  90  58631  13  
0  0  0  0  0  0  0  0  0  0  0  0  0  0  0  0  0  0  0  0  0  0  0  0  0  0  0  0  0  0  0  0  0  0  0  0  0  0  0  0  0  0  0  0  0  0  0  0  0  0  0  0  0  0  0  0  0  0  0  0  0  0  0  0  0  9  0  0  0  0  0  0  0  0  222564  0  0  27  10569  11837  66  4  237  2  0  22  295278  114268  155118  6  0  18  5  0  0  0  6  289481  0  62  20  0  11  0  23  864  0  0  0  12  0  0  203800  0  108  0  0  4  71  12  563  0  208  0  0  209739  238045  91  0  1230  1  0  0  0  1  0  222  4027  20  826  62  62  30  2  149  0  10  0  
0  0  0  0  0  7  0  0  0  20  0  0  0  0  0  0  1  19  0  0  0  0  45  20  0  1  0  0  0  2  1011  22  0  0  0  0  0  0  0  0  21  0  0  9  2  0  2  23  16  0  1  0  1  0  3  0  1  0  0  0  0  0  2  1  2  29  0  0  2  38  0  0  17  1  18991  0  0  39  1689  96465  282  30  1235  19  0  33  458  251  535  112  129  29153  27  1  26  35  23534  794914  2  452  97  4  114  2  425171  336264  0  0  15  100  0  0  2720  0  14043  2  24  16  8985  208  29277  367  1701  0  34  911  317  98  0  5900  14  3  12  1  51  2689  0  143034  112  1869  466  7  283  144599  789  0  1205  0  
0  0  0  0  0  2  0  0  0  0  0  0  0  0  0  0  0  0  0  0  0  0  0  0  0  0  0  0  0  0  0  0  0  0  0  0  0  0  0  0  0  0  0  0  0  0  0  0  0  0  0  0  0  0  0  0  0  0  0  0  0  0  0  0  0  19  0  0  0  0  0  0  0  0  54970  0  0  3  3823  117316  138  17  277  1  0  18  200796  208  175  1004  609  3816  3  0  0  1  1726  1421959  0  54  13  1  22  0  1819  45676  0  114  126  21  0  0  473143  0  1429  0  37  1  1662  34  308005  20  442  0  0  688  158  38  0  1199  1  0  0  0  1  13254  254452  0  31  5382  97  3  67  26930  186  0  39  0  
0  0  0  0  0  0  0  0  0  0  233  0  0  0  0  0  0  0  0  1  0  2  0  0  0  0  8  0  0  6545  0  0  0  0  0  0  0  0  0  0  0  0  0  6  0  0  0  1  0  0  0  0  0  0  0  0  0  0  0  0  0  0  0  0  23  8  0  0  0  0  1  0  0  0  24  5  2  696  365  496  1046  172  18829  1629  527572  35  0  42  809  77  4  121  30422  274320  100  1010  21  0  1624  4071  119444  5  100  906730  1  28  0  0  0  346  24  2  18  0  2470  5  3  484951  1168  1138  166  37  2273  0  1731  1263  2602  4626  9  220462  26816  516459  1069  63  2089  30  7  8  0  859  567  2699  599  0  148206  0  12408  0  
49  0  1  13  29  55966  2822  4404  60828  109625  1  1  0  2  10  210  119  8536  69  4  0  22  54  61  1  412  13  1  41  16142  15  3726  1  0  1  0  0  0  6  5  2147  0  57  7003  261  1  168  10728  4635  0  14  144  31  63  3018  167  38  10  2  1  4  0  44  142  5286  365917  572  51  80  118  141  0  5507  15  5019  1  9  2298  5362  718209  360851  292527  515133  176627  0  3893  2  4214  21647  3395  123  5074  583  0  10  63  2468  426  28  91895  4055  98  3291  57  246  131385  0  0  10  25646  410  88  302  1  352335  2  93  691  33424  10425  3657  1670  18373  0  99  9483  10546  8389  10  32527  297  54  174  842  7273  416  2948  556  468  0  33826  3016  2783  791  44373  8  7425  0  
0  0  0  0  0  0  0  0  0  3  0  0  0  0  0  0  0  5  1  0  0  0  0  0  0  0  0  0  0  0  0  0  0  0  0  0  0  0  0  0  2  0  0  1  0  0  0  1  2  0  0  0  0  0  0  0  0  0  0  0  0  0  0  0  1  50  0  0  0  0  0  0  5  0  44  0  136287  3465  4662  4106  8747  389  8953  142  0  111  0  146  2207  2199  43  798  201  0  3  1  220  22  98  830670  625311  698448  3989  9541  1  78  0  1  1  12041  2  1  63  0  28662  0  10  191  606820  194236  485  151  2426  0  22  2837  4196  15234  7214  365864  134  51  17  1  72  54  87  14  316  17099  0  3344  40780  1  2847  0  1398  0  
0  0  0  0  0  6  5  1  0  1  0  0  0  0  0  0  0  2  0  0  0  0  1  0  0  0  0  0  0  0  0  0  0  0  0  0  0  0  0  0  1  0  1  3  0  0  0  1  3  0  0  1  0  0  0  0  1  0  0  0  0  0  0  1  1  184  0  0  0  0  0  0  0  0  271  0  3  300031  1700  6483  11360  211  14601  157  0  428515  0  4580  307180  2981  5  494  241  0  0  0  213  80  13  6391  580  61  769190  6  2  581  0  0  0  1048  1  0  6388  11049  4327  1  2  119  260414  1014  4498  13  91048  0  24  721153  10384  194896  192  59932  159  68  11  2  27  211  59  114  1460  11361  3858  0  28890  1  8313  0  930  0  
0  0  0  0  0  0  0  0  0  0  0  0  0  0  0  0  0  0  0  0  0  0  0  0  0  0  0  0  0  0  0  0  0  0  0  0  0  0  0  0  4  0  0  0  0  0  0  1  0  0  0  0  0  0  0  0  0  0  0  0  0  0  0  0  0  316  0  0  0  0  0  0  3  0  16  0  6  165  352  730  46608  346972  10081  37  0  13  0  34  231152  245021  36  701  68  0  3  0  261  15  3  2574  722  63  1027155  1  3  23  0  0  1  689  0  2  17  0  3672  0  4  63  497262  22420  327  17  1328  0  11  177  882  289118  157  30149  52  26  13  4  21  23  95  20  1413  15002  47155  11789  0  0  6533  0  1315  0  
0  0  0  0  3  3281  0  0  0  0  0  0  0  0  0  25  0  1  0  0  0  0  0  1  0  0  0  0  0  0  719  1062  0  0  0  0  0  0  0  0  0  0  0  0  0  0  0  0  3  0  0  0  0  0  0  0  0  0  0  0  0  0  0  1  0  68  0  0  0  2355  0  0  0  0  98296  0  0  0  143134  276354  0  1  0  0  0  0  1  1  4  431508  1  8  0  0  0  0  0  111477  0  1  0  0  1  0  306756  60984  0  0  0  0  0  0  53  0  7  0  0  0  13  0  20  0  22  0  0  5  11  0  0  9  0  0  0  0  0  21  155690  13297  0  417  0  0  1  0  2  0  0  0  
1  0  18  0  0  0  1  37  90512  0  5  0  0  0  0  12  0  1  0  1  0  0  0  0  0  0  2  0  0  23458  0  0  0  0  0  0  0  0  0  0  3  0  0  1  0  5364  0  3  1  0  0  0  0  0  1  0  0  0  0  0  0  0  0  0  5  2125  0  0  0  0  99216  0  4  0  17  0  81  1315  232  269  31150  2905  333483  8526  82  68  0  57  519  84  22  868  5828  414  15  3  408  17  231  26635  90767  24  1199  507806  1  37  0  2  0  8573  72  49  15  0  27312  0  6  17631  2328  238891  269  104  3975  0  166  727  1472  3056  2  618863  4035  1142  173  97  926  16  59  10  138540  36627  17785  1546  1842  0  0  0  5960  0  
0  0  0  0  0  0  0  0  0  0  0  0  0  0  0  0  0  0  0  0  0  0  0  0  0  0  0  0  0  0  0  0  0  0  0  0  0  0  0  0  0  0  0  0  0  0  0  0  0  0  0  0  0  0  0  0  0  0  0  0  0  0  0  0  0  0  0  0  0  0  0  0  0  0  1  2985  0  36  0  0  2  0  46  5  0  2  0  0  0  0  1  3  4145  0  2036  8  1137  0  9  50  0  0  1  0  0  0  0  760  7081  17  874685  1260356  0  0  179  0  86494  168  4  2  0  8273  82  137023  141  0  0  1  0  33  68  0  454745  417099  979  0  1  0  0  18  0  11  0  0  12  0  243900  440  
0  0  0  0  0  0  1  0  0  15  0  0  0  0  1  0  0  12  0  0  0  0  0  0  0  1  0  0  0  1  0  0  0  0  0  0  0  0  0  0  3  0  0  4  0  0  0  17  5  0  1  1  0  0  1  1  0  0  0  0  0  0  0  0  3  93  0  0  0  0  0  0  17  0  76  193  3  15933  359  546  1971  392  4671  261  0  740  0  416  1400  159  861  876  442864  0  86915  273  56254  31  1319175  146463  204  457  904  3  19  213  4  1033754  97014  340422  14791  1876494  111  0  78393  3  120515  18161  16004  438  1650  372278  46760  178873  51643  3745  6761  5125  38442  409482  83804  1204  251105  239141  176667  86  51  11  3397  3250  616  33970  721  0  2140  236356  0  127291  
0  0  0  0  0  0  0  0  0  0  0  0  0  0  0  0  0  0  0  0  0  0  0  0  0  0  0  0  0  0  0  0  0  0  0  0  0  0  0  0  0  0  0  0  0  0  0  0  0  0  0  0  0  0  0  0  0  0  0  0  0  0  0  0  0  0  0  0  0  0  0  0  0  0  0  0  0  11  1  0  0  0  1  1  0  0  0  0  0  0  18  2  1  0  1  0  332  0  52  1707  1  0  0  0  0  0  227547  269443  65594  243633  7  1869  0  0  108654  0  1453  1  0  0  0  442036  16  427  0  1  1  0  0  13  1  0  4  122  98  0  0  0  1  2  0  4  0  0  2  419  165489  0  
